timestamp,close,high,low,trade_count,open,volume,vwap
2023-07-11 08:01:00+00:00,188.8,188.8,188.8,31,188.8,411,188.788881
2023-07-11 08:03:00+00:00,188.85,188.85,188.85,26,188.85,543,188.83232
2023-07-11 08:04:00+00:00,188.75,188.75,188.75,12,188.75,212,188.74566
2023-07-11 08:05:00+00:00,188.74,188.74,188.74,7,188.74,226,188.742655
2023-07-11 08:06:00+00:00,188.84,188.84,188.84,43,188.84,830,188.811434
2023-07-11 08:07:00+00:00,188.95,188.95,188.95,40,188.95,948,188.914926
2023-07-11 08:08:00+00:00,188.99,189.0,188.97,31,188.97,1247,188.985918
2023-07-11 08:09:00+00:00,188.97,188.98,188.95,19,188.95,768,188.963919
2023-07-11 08:11:00+00:00,188.95,188.98,188.95,31,188.98,2163,188.954683
2023-07-11 08:12:00+00:00,188.95,188.95,188.93,25,188.94,7282,188.948135
2023-07-11 08:17:00+00:00,188.85,188.85,188.85,20,188.85,452,188.867301
2023-07-11 08:18:00+00:00,188.9,188.9,188.89,28,188.9,2030,188.900739
2023-07-11 08:23:00+00:00,188.88,188.88,188.88,11,188.88,519,188.879904
2023-07-11 08:25:00+00:00,188.9,188.9,188.9,12,188.9,275,188.893745
2023-07-11 08:28:00+00:00,188.88,188.88,188.87,12,188.87,642,188.870078
2023-07-11 08:30:00+00:00,188.8,188.83,188.8,43,188.83,2164,188.813082
2023-07-11 08:34:00+00:00,188.75,188.75,188.75,15,188.75,804,188.747923
2023-07-11 08:35:00+00:00,188.74,188.75,188.74,12,188.75,601,188.746622
2023-07-11 08:40:00+00:00,188.71,188.71,188.71,11,188.71,1103,188.709102
2023-07-11 08:41:00+00:00,188.71,188.71,188.71,11,188.71,583,188.71458
2023-07-11 08:42:00+00:00,188.63,188.65,188.63,20,188.65,1124,188.63508
2023-07-11 08:43:00+00:00,188.61,188.63,188.61,49,188.63,1669,188.626783
2023-07-11 08:44:00+00:00,188.6,188.6,188.6,51,188.6,1083,188.597812
2023-07-11 08:49:00+00:00,188.58,188.58,188.55,24,188.55,1876,188.571567
2023-07-11 08:51:00+00:00,188.6,188.61,188.6,16,188.61,904,188.605476
2023-07-11 08:54:00+00:00,188.61,188.61,188.61,17,188.61,592,188.629882
2023-07-11 09:07:00+00:00,188.79,188.79,188.78,41,188.78,1221,188.773333
2023-07-11 09:09:00+00:00,188.79,188.79,188.79,8,188.79,1681,188.790012
2023-07-11 09:15:00+00:00,188.79,188.79,188.79,17,188.79,1256,188.790318
2023-07-11 09:17:00+00:00,188.79,188.79,188.79,22,188.79,3948,188.789982
2023-07-11 09:24:00+00:00,188.83,188.83,188.83,7,188.83,387,188.829871
2023-07-11 09:25:00+00:00,188.81,188.81,188.81,12,188.81,252,188.806706
2023-07-11 09:31:00+00:00,188.87,188.87,188.86,20,188.86,818,188.860355
2023-07-11 09:35:00+00:00,188.94,188.94,188.94,8,188.94,227,188.937621
2023-07-11 09:36:00+00:00,188.99,188.99,188.95,48,188.95,3339,188.977697
2023-07-11 09:37:00+00:00,188.98,188.99,188.98,43,188.98,2958,188.980791
2023-07-11 09:38:00+00:00,188.98,188.98,188.98,6,188.98,792,188.979609
2023-07-11 09:39:00+00:00,189.0,189.0,189.0,12,189.0,321,188.999283
2023-07-11 09:44:00+00:00,189.0,189.0,188.98,22,188.98,841,188.993532
2023-07-11 09:46:00+00:00,189.06,189.06,189.06,10,189.06,1125,189.058133
2023-07-11 09:47:00+00:00,189.08,189.08,189.08,5,189.08,399,189.078546
2023-07-11 09:50:00+00:00,189.12,189.12,189.08,53,189.08,3360,189.095098
2023-07-11 09:51:00+00:00,189.18,189.18,189.16,26,189.16,970,189.17932
2023-07-11 09:52:00+00:00,189.24,189.24,189.23,12,189.23,662,189.233338
2023-07-11 09:53:00+00:00,189.23,189.25,189.22,18,189.22,1569,189.231236
2023-07-11 09:54:00+00:00,189.27,189.27,189.23,40,189.24,3154,189.263919
2023-07-11 09:56:00+00:00,189.37,189.37,189.26,33,189.26,2036,189.318178
2023-07-11 10:00:00+00:00,189.2,189.2,189.2,21,189.2,652,189.220276
2023-07-11 10:05:00+00:00,189.29,189.29,189.27,20,189.28,1681,189.275086
2023-07-11 10:06:00+00:00,189.29,189.29,189.28,9,189.28,279,189.264767
2023-07-11 10:08:00+00:00,189.22,189.22,189.22,27,189.22,832,189.197476
2023-07-11 10:10:00+00:00,189.19,189.2,189.1,27,189.1,1149,189.182654
2023-07-11 10:11:00+00:00,189.22,189.22,189.2,14,189.2,776,189.206186
2023-07-11 10:13:00+00:00,189.27,189.3,189.22,33,189.22,1764,189.276332
2023-07-11 10:22:00+00:00,189.09,189.12,189.09,21,189.12,475,189.107326
2023-07-11 10:26:00+00:00,189.13,189.13,189.12,14,189.12,472,189.132669
2023-07-11 10:29:00+00:00,189.21,189.24,189.21,20,189.21,1388,189.21647
2023-07-11 10:33:00+00:00,189.11,189.13,189.11,24,189.12,1056,189.118201
2023-07-11 10:34:00+00:00,189.1,189.12,189.1,20,189.12,803,189.113923
2023-07-11 10:37:00+00:00,189.12,189.12,189.12,8,189.12,208,189.127163
2023-07-11 10:40:00+00:00,189.16,189.16,189.15,10,189.15,810,189.151802
2023-07-11 10:41:00+00:00,189.12,189.15,189.12,10,189.15,837,189.131685
2023-07-11 10:42:00+00:00,189.1,189.11,189.1,32,189.11,1253,189.105626
2023-07-11 10:45:00+00:00,189.11,189.11,189.11,16,189.11,324,189.127006
2023-07-11 10:46:00+00:00,189.03,189.03,189.03,19,189.03,297,189.080943
2023-07-11 10:49:00+00:00,189.01,189.01,189.01,10,189.01,221,189.013122
2023-07-11 10:51:00+00:00,188.91,188.92,188.91,44,188.92,700,188.951657
2023-07-11 10:53:00+00:00,188.92,188.92,188.92,5,188.92,226,188.935708
2023-07-11 10:56:00+00:00,188.96,188.96,188.96,19,188.96,505,188.96404
2023-07-11 10:58:00+00:00,188.92,188.95,188.92,27,188.95,914,188.965
2023-07-11 11:00:00+00:00,189.0,189.0,189.0,86,189.0,2685,189.01349
2023-07-11 11:01:00+00:00,189.03,189.1,189.03,42,189.08,1375,189.063927
2023-07-11 11:02:00+00:00,189.08,189.08,189.06,17,189.06,492,189.070244
2023-07-11 11:03:00+00:00,189.14,189.14,189.06,45,189.06,2088,189.09841
2023-07-11 11:05:00+00:00,189.18,189.18,189.18,25,189.18,1045,189.17977
2023-07-11 11:06:00+00:00,189.17,189.17,189.17,29,189.17,938,189.163891
2023-07-11 11:07:00+00:00,189.21,189.21,189.17,38,189.17,1423,189.185453
2023-07-11 11:08:00+00:00,189.23,189.23,189.21,12,189.21,867,189.219862
2023-07-11 11:09:00+00:00,189.25,189.25,189.23,28,189.23,2134,189.238397
2023-07-11 11:10:00+00:00,189.25,189.25,189.24,34,189.24,4304,189.243548
2023-07-11 11:11:00+00:00,189.27,189.27,189.25,30,189.25,1669,189.250569
2023-07-11 11:13:00+00:00,189.26,189.26,189.26,7,189.26,315,189.263968
2023-07-11 11:14:00+00:00,189.3,189.31,189.29,44,189.29,3732,189.299496
2023-07-11 11:15:00+00:00,189.31,189.31,189.31,45,189.31,1616,189.29888
2023-07-11 11:16:00+00:00,189.31,189.31,189.31,11,189.31,531,189.302053
2023-07-11 11:21:00+00:00,189.28,189.28,189.28,3,189.28,602,189.279983
2023-07-11 11:22:00+00:00,189.28,189.28,189.28,9,189.28,218,189.27922
2023-07-11 11:23:00+00:00,189.31,189.31,189.27,37,189.27,1506,189.301036
2023-07-11 11:24:00+00:00,189.36,189.36,189.34,19,189.34,746,189.331622
2023-07-11 11:28:00+00:00,189.29,189.29,189.29,23,189.29,890,189.296517
2023-07-11 11:31:00+00:00,189.32,189.32,189.29,10,189.29,375,189.3008
2023-07-11 11:32:00+00:00,189.49,189.5,189.33,121,189.33,14852,189.43401
2023-07-11 11:35:00+00:00,189.45,189.45,189.45,8,189.45,339,189.447758
2023-07-11 11:36:00+00:00,189.44,189.44,189.43,18,189.43,616,189.441396
2023-07-11 11:37:00+00:00,189.44,189.45,189.42,33,189.42,2584,189.437953
2023-07-11 11:38:00+00:00,189.4,189.4,189.4,24,189.4,799,189.396846
2023-07-11 11:39:00+00:00,189.4,189.4,189.4,14,189.4,355,189.400648
2023-07-11 11:41:00+00:00,189.33,189.42,189.33,91,189.42,2721,189.379677
2023-07-11 11:42:00+00:00,189.31,189.31,189.3,42,189.3,2136,189.310983
2023-07-11 11:43:00+00:00,189.33,189.33,189.32,18,189.32,1006,189.326541
2023-07-11 11:44:00+00:00,189.45,189.45,189.42,38,189.42,1903,189.447488
2023-07-11 11:48:00+00:00,189.45,189.45,189.45,16,189.45,805,189.450497
2023-07-11 11:49:00+00:00,189.51,189.51,189.48,26,189.48,955,189.498356
2023-07-11 11:50:00+00:00,189.53,189.53,189.52,29,189.52,915,189.516984
2023-07-11 11:51:00+00:00,189.54,189.54,189.54,21,189.54,2127,189.539831
2023-07-11 11:53:00+00:00,189.53,189.53,189.53,7,189.53,315,189.530063
2023-07-11 11:55:00+00:00,189.49,189.49,189.49,29,189.49,494,189.496417
2023-07-11 11:56:00+00:00,189.45,189.45,189.45,23,189.45,460,189.456783
2023-07-11 11:57:00+00:00,189.45,189.45,189.45,24,189.45,1137,189.450519
2023-07-11 11:58:00+00:00,189.45,189.45,189.45,14,189.45,522,189.450019
2023-07-11 11:59:00+00:00,189.44,189.44,189.4,39,189.42,1314,189.405693
2023-07-11 12:00:00+00:00,189.38,189.54,189.0,477,189.1,36617,189.351161
2023-07-11 12:01:00+00:00,188.8,189.96,188.73,1017,189.96,15699,188.900201
2023-07-11 12:02:00+00:00,188.63,189.4434,188.63,442,189.06,3885,188.9661
2023-07-11 12:03:00+00:00,189.4,189.41,188.84,81,188.84,1495,189.243195
2023-07-11 12:04:00+00:00,189.49,189.49,189.45,67,189.45,1579,189.459232
2023-07-11 12:05:00+00:00,189.45,189.45,189.45,54,189.45,552,189.450322
2023-07-11 12:06:00+00:00,189.4,189.43,189.4,87,189.42,2838,189.420509
2023-07-11 12:07:00+00:00,189.45,189.45,189.41,55,189.41,62830,188.666103
2023-07-11 12:08:00+00:00,189.4,189.4,189.4,41,189.4,1190,189.408076
2023-07-11 12:09:00+00:00,189.32,189.4,189.32,97,189.4,3456,189.357255
2023-07-11 12:10:00+00:00,189.3,189.3,189.29,35,189.3,1699,189.302134
2023-07-11 12:11:00+00:00,189.36,189.36,189.34,28,189.34,1336,189.351517
2023-07-11 12:13:00+00:00,189.37,189.4197,189.37,52,189.4197,2473,189.396201
2023-07-11 12:14:00+00:00,189.35,189.4,189.35,63,189.4,3249,189.369402
2023-07-11 12:15:00+00:00,189.3,189.38,189.3,68,189.35,1746,189.338449
2023-07-11 12:16:00+00:00,189.27,189.3,189.27,58,189.3,1744,189.292809
2023-07-11 12:17:00+00:00,189.27,189.29,189.26,99,189.29,2838,189.297354
2023-07-11 12:18:00+00:00,189.32,189.37,189.31,64,189.31,2760,189.332086
2023-07-11 12:19:00+00:00,189.25,189.3,189.25,65,189.3,4779,189.260001
2023-07-11 12:20:00+00:00,189.26,189.31,189.25,121,189.29,6000,189.283275
2023-07-11 12:21:00+00:00,189.39,189.39,189.25,94,189.26,3854,189.318506
2023-07-11 12:22:00+00:00,189.36,189.36,189.32,67,189.34,2881,189.339104
2023-07-11 12:23:00+00:00,189.38,189.41,189.38,44,189.41,1440,189.392198
2023-07-11 12:24:00+00:00,189.35,189.3508,189.31,28,189.32,2067,189.327953
2023-07-11 12:25:00+00:00,189.44,189.45,189.3813,61,189.44,3336,189.43674
2023-07-11 12:26:00+00:00,189.4,189.4,189.4,19,189.4,1151,189.400928
2023-07-11 12:27:00+00:00,189.44,189.44,189.44,31,189.44,343,189.426274
2023-07-11 12:28:00+00:00,189.46,189.46,189.43,70,189.43,1785,189.444066
2023-07-11 12:29:00+00:00,189.46,189.46,189.46,51,189.46,1131,189.451334
2023-07-11 12:30:00+00:00,189.5,189.5,189.47,76,189.47,3631,189.485656
2023-07-11 12:31:00+00:00,189.4405,189.5,189.4405,57,189.49,2490,189.484253
2023-07-11 12:32:00+00:00,189.5,189.5,189.49,48,189.49,3421,189.487431
2023-07-11 12:33:00+00:00,189.5,189.5,189.5,44,189.5,1708,189.498607
2023-07-11 12:34:00+00:00,189.58,189.58,189.5,108,189.5,8604,189.542473
2023-07-11 12:35:00+00:00,189.55,189.64,189.55,130,189.6,8463,189.603648
2023-07-11 12:36:00+00:00,189.55,189.55,189.4439,59,189.54,5597,189.500573
2023-07-11 12:37:00+00:00,189.52,189.53,189.52,41,189.53,1072,189.531682
2023-07-11 12:38:00+00:00,189.44,189.53,189.44,94,189.53,5038,189.472693
2023-07-11 12:39:00+00:00,189.44,189.44,189.44,42,189.44,755,189.433397
2023-07-11 12:40:00+00:00,189.47,189.47,189.42,90,189.42,4210,189.442507
2023-07-11 12:41:00+00:00,189.46,189.48,189.43,124,189.43,5863,189.454881
2023-07-11 12:42:00+00:00,189.58,189.58,189.54,100,189.55,3114,189.549579
2023-07-11 12:43:00+00:00,189.51,189.58,189.51,69,189.58,2764,189.544935
2023-07-11 12:44:00+00:00,189.63,189.63,189.55,44,189.55,993,189.593389
2023-07-11 12:45:00+00:00,189.55,189.63,189.54,120,189.63,8963,189.576753
2023-07-11 12:46:00+00:00,189.56,189.59,189.54,66,189.55,4142,189.575884
2023-07-11 12:47:00+00:00,189.57,189.62,189.52,170,189.52,7637,189.560297
2023-07-11 12:48:00+00:00,189.54,189.64,189.54,97,189.62,4132,189.614896
2023-07-11 12:49:00+00:00,189.5687,189.6298,189.51,136,189.5104,7070,189.5686
2023-07-11 12:50:00+00:00,189.59,189.59,189.5,169,189.52,7455,189.537446
2023-07-11 12:51:00+00:00,189.62,189.62,189.6001,49,189.6001,2807,189.617544
2023-07-11 12:52:00+00:00,189.6,189.62,189.58,87,189.62,5606,189.596756
2023-07-11 12:53:00+00:00,189.42,189.61,189.4,312,189.61,21893,189.476048
2023-07-11 12:54:00+00:00,189.48,189.48,189.4,109,189.43,5225,189.423812
2023-07-11 12:55:00+00:00,189.52,189.52,189.42,166,189.49,10740,189.462622
2023-07-11 12:56:00+00:00,189.53,189.57,189.5,37,189.57,2251,189.55562
2023-07-11 12:57:00+00:00,189.55,189.55,189.54,73,189.54,2375,189.548347
2023-07-11 12:58:00+00:00,189.6099,189.63,189.59,97,189.6,4108,189.608177
2023-07-11 12:59:00+00:00,189.62,189.63,189.6,60,189.6,6564,189.626876
2023-07-11 13:00:00+00:00,189.56,189.65,189.56,101,189.63,7584,189.62636
2023-07-11 13:01:00+00:00,189.53,189.54,189.53,64,189.54,2191,189.538448
2023-07-11 13:02:00+00:00,189.54,189.54,189.52,71,189.54,3148,189.528956
2023-07-11 13:03:00+00:00,189.54,189.54,189.52,61,189.52,3853,189.535796
2023-07-11 13:04:00+00:00,189.55,189.55,189.53,46,189.53,939,189.545603
2023-07-11 13:05:00+00:00,189.6,189.6,189.55,69,189.56,3539,189.564732
2023-07-11 13:06:00+00:00,189.57,189.6,189.57,68,189.58,4424,189.592977
2023-07-11 13:07:00+00:00,189.44,189.6,189.44,255,189.57,13158,189.518942
2023-07-11 13:08:00+00:00,189.49,189.49,189.44,71,189.45,3320,189.454195
2023-07-11 13:09:00+00:00,189.56,189.57,189.55,74,189.5698,4344,189.565924
2023-07-11 13:10:00+00:00,189.5,189.58,189.5,120,189.58,4244,189.533875
2023-07-11 13:11:00+00:00,189.55,189.57,189.5,63,189.5,2587,189.527345
2023-07-11 13:12:00+00:00,189.65,189.65,189.55,85,189.55,3488,189.598821
2023-07-11 13:13:00+00:00,189.6,189.67,189.58,84,189.64,3110,189.623244
2023-07-11 13:14:00+00:00,189.52,189.6,189.52,139,189.6,6252,189.552889
2023-07-11 13:15:00+00:00,189.5,189.52,189.45,130,189.52,6669,189.467943
2023-07-11 13:16:00+00:00,189.48,189.5,189.48,62,189.5,2273,189.481513
2023-07-11 13:17:00+00:00,189.51,189.51,189.48,68,189.48,2831,189.494522
2023-07-11 13:18:00+00:00,189.41,189.46,189.41,123,189.44,4742,189.432781
2023-07-11 13:19:00+00:00,189.42,189.42,189.3818,163,189.42,10157,189.409526
2023-07-11 13:20:00+00:00,189.45,189.47,189.41,139,189.42,8137,189.442317
2023-07-11 13:21:00+00:00,189.4,189.44,189.36,111,189.44,5395,189.398734
2023-07-11 13:22:00+00:00,189.39,189.42,189.36,123,189.401,7584,189.396812
2023-07-11 13:23:00+00:00,189.35,189.39,189.35,109,189.38,4967,189.365533
2023-07-11 13:24:00+00:00,189.32,189.39,189.3,112,189.37,5297,189.351753
2023-07-11 13:25:00+00:00,189.35,189.35,189.25,127,189.27,3890,189.310167
2023-07-11 13:26:00+00:00,189.41,189.45,189.33,77,189.33,5674,189.383024
2023-07-11 13:27:00+00:00,189.39,189.5294,189.15,321,189.41,19909,189.365786
2023-07-11 13:28:00+00:00,189.25,189.25,189.11,216,189.16,34427,189.148902
2023-07-11 13:29:00+00:00,189.2,189.3,189.14,164,189.23,8812,189.216123
2023-07-11 13:30:00+00:00,188.8901,189.3,188.86,7969,189.16,804984,189.086657
2023-07-11 13:31:00+00:00,188.82,188.89,188.6,3496,188.88,277032,188.701989
2023-07-11 13:32:00+00:00,188.52,188.84,188.35,3802,188.81,364684,188.540765
2023-07-11 13:33:00+00:00,188.41,188.6892,188.3,2513,188.52,187530,188.473578
2023-07-11 13:34:00+00:00,188.565,188.58,188.41,2488,188.425,154558,188.491285
2023-07-11 13:35:00+00:00,188.855,188.95,188.56,2974,188.565,234874,188.792665
2023-07-11 13:36:00+00:00,188.93,188.97,188.775,2637,188.855,208755,188.888441
2023-07-11 13:37:00+00:00,189.0,189.0,188.82,2209,188.935,155453,188.918995
2023-07-11 13:38:00+00:00,189.0137,189.03,188.81,2363,188.99,181795,188.916886
2023-07-11 13:39:00+00:00,188.82,189.03,188.77,1789,189.015,138232,188.894102
2023-07-11 13:40:00+00:00,188.35,188.88,188.3289,2803,188.8286,235918,188.617136
2023-07-11 13:41:00+00:00,188.0256,188.41,188.01,2947,188.3486,243616,188.229372
2023-07-11 13:42:00+00:00,188.0999,188.12,187.9299,3154,188.02,237782,188.021218
2023-07-11 13:43:00+00:00,188.075,188.12,187.91,2530,188.1,206921,188.020089
2023-07-11 13:44:00+00:00,187.99,188.1,187.89,2540,188.05,186446,187.99309
2023-07-11 13:45:00+00:00,188.1187,188.12,187.8801,1743,187.9878,136042,187.982374
2023-07-11 13:46:00+00:00,188.035,188.15,187.9,3672,188.119,133919,188.041856
2023-07-11 13:47:00+00:00,188.02,188.15,187.95,3824,188.0488,154742,188.062921
2023-07-11 13:48:00+00:00,187.97,188.08,187.95,3522,188.02,108185,188.0091
2023-07-11 13:49:00+00:00,187.88,188.0,187.76,4547,188.0,216632,187.863021
2023-07-11 13:50:00+00:00,188.005,188.1182,187.83,4234,187.89,216533,187.968104
2023-07-11 13:51:00+00:00,187.8987,188.06,187.88,3664,188.01,153545,187.985226
2023-07-11 13:52:00+00:00,187.9957,188.14,187.86,3960,187.9,188240,188.018827
2023-07-11 13:53:00+00:00,187.97,188.035,187.9,3737,187.985,120981,187.970004
2023-07-11 13:54:00+00:00,187.97,188.05,187.96,3742,187.975,156675,188.008153
2023-07-11 13:55:00+00:00,187.885,188.0299,187.82,4204,187.975,180954,187.924324
2023-07-11 13:56:00+00:00,187.7399,187.94,187.59,4935,187.92,282213,187.729362
2023-07-11 13:57:00+00:00,187.78,187.88,187.67,3991,187.7301,188742,187.794653
2023-07-11 13:58:00+00:00,187.8199,187.8599,187.73,3408,187.7801,119202,187.807489
2023-07-11 13:59:00+00:00,187.83,187.85,187.7601,3301,187.81,89714,187.812853
2023-07-11 14:00:00+00:00,187.765,187.89,187.68,4330,187.84,181243,187.811093
2023-07-11 14:01:00+00:00,187.759,187.865,187.73,3542,187.77,86131,187.791399
2023-07-11 14:02:00+00:00,187.69,187.82,187.645,3672,187.76,106211,187.710119
2023-07-11 14:03:00+00:00,187.8219,187.84,187.62,3782,187.68,134934,187.726645
2023-07-11 14:04:00+00:00,187.65,187.8745,187.64,3888,187.81,130337,187.791781
2023-07-11 14:05:00+00:00,187.5899,187.66,187.45,5346,187.66,244694,187.548237
2023-07-11 14:06:00+00:00,187.67,187.765,187.5701,4086,187.6,120563,187.664655
2023-07-11 14:07:00+00:00,187.6184,187.7571,187.6,3969,187.66,145186,187.671991
2023-07-11 14:08:00+00:00,187.795,187.8,187.6,3331,187.61,90947,187.741346
2023-07-11 14:09:00+00:00,187.665,187.7943,187.56,3424,187.79,100066,187.681838
2023-07-11 14:10:00+00:00,187.651,187.69,187.595,3393,187.655,80003,187.651208
2023-07-11 14:11:00+00:00,187.759,187.78,187.57,3351,187.65,90237,187.664779
2023-07-11 14:12:00+00:00,187.67,187.8,187.655,3316,187.76,82079,187.726535
2023-07-11 14:13:00+00:00,187.72,187.745,187.655,3227,187.6799,63267,187.699241
2023-07-11 14:14:00+00:00,187.66,187.755,187.58,3164,187.73,85754,187.656992
2023-07-11 14:15:00+00:00,187.71,187.73,187.62,3302,187.66,69641,187.692295
2023-07-11 14:16:00+00:00,187.87,187.9,187.71,3356,187.72,111791,187.821729
2023-07-11 14:17:00+00:00,187.98,187.98,187.85,3551,187.86,124123,187.918566
2023-07-11 14:18:00+00:00,187.96,187.99,187.9,3033,187.97,70834,187.9564
2023-07-11 14:19:00+00:00,188.025,188.025,187.95,3370,187.96,108275,187.98953
2023-07-11 14:20:00+00:00,188.08,188.14,188.0199,3411,188.025,99431,188.066916
2023-07-11 14:21:00+00:00,188.135,188.17,188.09,3238,188.09,88276,188.122619
2023-07-11 14:22:00+00:00,188.11,188.2,188.09,3364,188.135,98256,188.141142
2023-07-11 14:23:00+00:00,188.12,188.14,188.02,3479,188.1,133244,188.066317
2023-07-11 14:24:00+00:00,187.931,188.13,187.93,3388,188.13,94506,188.04686
2023-07-11 14:25:00+00:00,187.975,187.98,187.89,3600,187.94,136789,187.929914
2023-07-11 14:26:00+00:00,187.925,188.0,187.86,3182,187.975,83695,187.927019
2023-07-11 14:27:00+00:00,188.0787,188.1,187.92,3396,187.92,127731,188.042895
2023-07-11 14:28:00+00:00,188.03,188.0861,187.94,3463,188.075,117079,188.026157
2023-07-11 14:29:00+00:00,188.11,188.125,188.01,3046,188.02,76062,188.087149
2023-07-11 14:30:00+00:00,188.0903,188.11,188.0006,3391,188.095,103131,188.072612
2023-07-11 14:31:00+00:00,188.065,188.14,188.03,3343,188.0967,120106,188.08246
2023-07-11 14:32:00+00:00,188.0396,188.125,188.025,3397,188.065,103092,188.073
2023-07-11 14:33:00+00:00,188.04,188.045,187.99,3201,188.04,88721,188.018864
2023-07-11 14:34:00+00:00,187.945,188.0499,187.8907,2612,188.045,83989,187.945304
2023-07-11 14:35:00+00:00,188.1009,188.13,187.935,1337,187.945,114103,188.049148
2023-07-11 14:36:00+00:00,188.06,188.175,188.0001,1509,188.1088,100703,188.088153
2023-07-11 14:37:00+00:00,188.0901,188.13,188.03,800,188.03,48911,188.073854
2023-07-11 14:38:00+00:00,188.135,188.1588,188.077,784,188.1,56182,188.119632
2023-07-11 14:39:00+00:00,188.24,188.25,188.12,1153,188.135,110078,188.180516
2023-07-11 14:40:00+00:00,188.105,188.27,188.1022,1142,188.2399,104872,188.197891
2023-07-11 14:41:00+00:00,188.16,188.2018,188.1,884,188.102,82400,188.151028
2023-07-11 14:42:00+00:00,188.24,188.245,188.1399,778,188.16,54187,188.199403
2023-07-11 14:43:00+00:00,188.21,188.25,188.185,848,188.245,65801,188.206784
2023-07-11 14:44:00+00:00,188.39,188.39,188.2,1474,188.205,135586,188.32285
2023-07-11 14:45:00+00:00,188.3,188.405,188.29,1114,188.39,85865,188.341599
2023-07-11 14:46:00+00:00,188.3633,188.41,188.2827,1177,188.31,87974,188.353087
2023-07-11 14:47:00+00:00,188.56,188.56,188.36,1506,188.36,152480,188.471561
2023-07-11 14:48:00+00:00,188.4005,188.5601,188.3899,927,188.55,100557,188.460765
2023-07-11 14:49:00+00:00,188.435,188.48,188.4006,850,188.41,71854,188.434437
2023-07-11 14:50:00+00:00,188.42,188.4409,188.375,905,188.44,65902,188.412487
2023-07-11 14:51:00+00:00,188.275,188.448,188.265,801,188.4202,66814,188.350475
2023-07-11 14:52:00+00:00,188.195,188.27,188.15,1060,188.27,84776,188.197941
2023-07-11 14:53:00+00:00,188.199,188.2099,188.145,829,188.19,69718,188.176847
2023-07-11 14:54:00+00:00,188.2209,188.28,188.165,778,188.195,61939,188.243695
2023-07-11 14:55:00+00:00,188.19,188.23,188.13,1158,188.22,82605,188.173237
2023-07-11 14:56:00+00:00,188.17,188.22,188.1217,795,188.19,58699,188.161296
2023-07-11 14:57:00+00:00,188.17,188.1982,188.14,662,188.165,40916,188.168896
2023-07-11 14:58:00+00:00,188.25,188.26,188.16,781,188.17,51074,188.208779
2023-07-11 14:59:00+00:00,188.16,188.27,188.15,895,188.26,62327,188.225095
2023-07-11 15:00:00+00:00,188.14,188.22,188.14,833,188.16,76304,188.17741
2023-07-11 15:01:00+00:00,188.16,188.16,188.1,771,188.14,54084,188.135589
2023-07-11 15:02:00+00:00,188.18,188.2179,188.15,723,188.16,51038,188.189059
2023-07-11 15:03:00+00:00,188.38,188.405,188.1601,1199,188.18,106157,188.299246
2023-07-11 15:04:00+00:00,188.43,188.4609,188.31,1075,188.37,113013,188.404937
2023-07-11 15:05:00+00:00,188.295,188.435,188.2879,877,188.43,74241,188.381439
2023-07-11 15:06:00+00:00,188.152,188.32,188.152,905,188.3,64350,188.253672
2023-07-11 15:07:00+00:00,187.988,188.15,187.93,2072,188.15,144771,188.008203
2023-07-11 15:08:00+00:00,188.065,188.08,187.98,834,187.985,61820,188.03229
2023-07-11 15:09:00+00:00,187.94,188.0628,187.93,1039,188.0628,83150,187.990021
2023-07-11 15:10:00+00:00,188.07,188.08,187.95,762,187.95,61842,188.00764
2023-07-11 15:11:00+00:00,187.96,188.0762,187.96,802,188.065,49203,188.030086
2023-07-11 15:12:00+00:00,188.0201,188.045,187.912,852,187.95,66820,187.989806
2023-07-11 15:13:00+00:00,188.0108,188.08,188.0075,822,188.025,65219,188.040764
2023-07-11 15:14:00+00:00,188.015,188.05,188.0,674,188.02,47654,188.028994
2023-07-11 15:15:00+00:00,188.0199,188.075,188.005,877,188.015,60484,188.040898
2023-07-11 15:16:00+00:00,187.8601,188.02,187.82,1318,188.01,106780,187.89478
2023-07-11 15:17:00+00:00,187.715,187.9011,187.715,1587,187.87,183587,187.813074
2023-07-11 15:18:00+00:00,187.7771,187.83,187.71,1172,187.715,93693,187.772925
2023-07-11 15:19:00+00:00,187.84,187.8499,187.745,864,187.77,72421,187.794526
2023-07-11 15:20:00+00:00,187.83,187.86,187.7807,770,187.84,54936,187.829477
2023-07-11 15:21:00+00:00,187.9015,187.94,187.83,793,187.83,63887,187.889144
2023-07-11 15:22:00+00:00,187.881,187.9199,187.8514,699,187.91,70474,187.905533
2023-07-11 15:23:00+00:00,187.82,187.89,187.811,734,187.885,62569,187.845001
2023-07-11 15:24:00+00:00,187.885,187.9199,187.8,755,187.815,54807,187.843754
2023-07-11 15:25:00+00:00,187.84,187.91,187.79,730,187.8813,54080,187.845976
2023-07-11 15:26:00+00:00,187.7699,187.865,187.735,813,187.83,53280,187.786458
2023-07-11 15:27:00+00:00,187.73,187.8099,187.7,847,187.77,60872,187.758774
2023-07-11 15:28:00+00:00,187.715,187.74,187.655,1187,187.73,95173,187.694376
2023-07-11 15:29:00+00:00,187.715,187.75,187.67,894,187.7115,66165,187.705918
2023-07-11 15:30:00+00:00,187.7323,187.83,187.69,970,187.7157,69992,187.751849
2023-07-11 15:31:00+00:00,187.82,187.83,187.71,815,187.74,60761,187.769964
2023-07-11 15:32:00+00:00,187.75,187.8299,187.735,622,187.81,37456,187.790513
2023-07-11 15:33:00+00:00,187.815,187.845,187.71,761,187.74,62719,187.796113
2023-07-11 15:34:00+00:00,187.7,187.81,187.69,816,187.81,58026,187.742941
2023-07-11 15:35:00+00:00,187.645,187.7495,187.6407,909,187.7099,73028,187.699117
2023-07-11 15:36:00+00:00,187.695,187.715,187.645,678,187.65,81417,187.685058
2023-07-11 15:37:00+00:00,187.58,187.695,187.575,1203,187.695,93856,187.627044
2023-07-11 15:38:00+00:00,187.6401,187.65,187.57,938,187.59,90940,187.593483
2023-07-11 15:39:00+00:00,187.6116,187.66,187.58,754,187.64,68833,187.623292
2023-07-11 15:40:00+00:00,187.6,187.62,187.55,881,187.61,62997,187.582589
2023-07-11 15:41:00+00:00,187.425,187.6018,187.41,2283,187.595,154280,187.490789
2023-07-11 15:42:00+00:00,187.5427,187.55,187.41,1046,187.43,103851,187.47062
2023-07-11 15:43:00+00:00,187.42,187.5483,187.42,776,187.54,49453,187.506417
2023-07-11 15:44:00+00:00,187.39,187.45,187.35,1443,187.42,122765,187.391756
2023-07-11 15:45:00+00:00,187.275,187.385,187.26,1537,187.38,113934,187.322968
2023-07-11 15:46:00+00:00,187.44,187.45,187.2775,937,187.28,78144,187.353827
2023-07-11 15:47:00+00:00,187.55,187.57,187.4121,938,187.45,71121,187.502004
2023-07-11 15:48:00+00:00,187.67,187.675,187.52,1034,187.55,89283,187.612226
2023-07-11 15:49:00+00:00,187.72,187.75,187.64,914,187.67,87237,187.695208
2023-07-11 15:50:00+00:00,187.805,187.8109,187.72,913,187.7262,88269,187.758999
2023-07-11 15:51:00+00:00,187.815,187.815,187.715,790,187.805,66405,187.759559
2023-07-11 15:52:00+00:00,187.94,187.99,187.81,1184,187.8198,117719,187.911546
2023-07-11 15:53:00+00:00,187.935,187.98,187.89,917,187.94,77569,187.941918
2023-07-11 15:54:00+00:00,187.98,188.04,187.91,987,187.935,104804,187.973853
2023-07-11 15:55:00+00:00,187.91,187.99,187.9,867,187.9786,64652,187.94427
2023-07-11 15:56:00+00:00,187.9,187.93,187.86,1001,187.91,93540,187.894501
2023-07-11 15:57:00+00:00,187.89,187.915,187.83,915,187.89,65504,187.86811
2023-07-11 15:58:00+00:00,188.03,188.04,187.87,1115,187.895,116163,187.942234
2023-07-11 15:59:00+00:00,188.1917,188.2,188.04,985,188.04,96668,188.121732
2023-07-11 16:00:00+00:00,188.2949,188.3,188.17,1171,188.2,121854,188.252785
2023-07-11 16:01:00+00:00,188.29,188.33,188.24,832,188.3,76977,188.283081
2023-07-11 16:02:00+00:00,188.33,188.38,188.25,947,188.285,81014,188.315997
2023-07-11 16:03:00+00:00,188.2101,188.34,188.2101,1049,188.33,89412,188.290274
2023-07-11 16:04:00+00:00,188.32,188.3399,188.2,849,188.21,66737,188.288363
2023-07-11 16:05:00+00:00,188.275,188.36,188.1907,1046,188.33,98730,188.269887
2023-07-11 16:06:00+00:00,188.2123,188.28,188.1309,954,188.2788,75258,188.184234
2023-07-11 16:07:00+00:00,188.2101,188.22,188.13,924,188.22,501178,188.168467
2023-07-11 16:08:00+00:00,188.175,188.2573,188.175,753,188.21,112327,188.206287
2023-07-11 16:09:00+00:00,188.1801,188.2,188.13,687,188.185,82665,188.155763
2023-07-11 16:10:00+00:00,188.155,188.26,188.13,803,188.185,59369,188.18805
2023-07-11 16:11:00+00:00,188.1586,188.16,188.1299,518,188.1422,30042,188.143244
2023-07-11 16:12:00+00:00,188.09,188.19,188.07,819,188.16,135981,188.117277
2023-07-11 16:13:00+00:00,188.08,188.11,188.0309,764,188.07,88601,188.06012
2023-07-11 16:14:00+00:00,188.09,188.13,188.075,480,188.08,31573,188.105246
2023-07-11 16:15:00+00:00,188.0716,188.12,188.05,635,188.08,49839,188.079497
2023-07-11 16:16:00+00:00,188.0699,188.1,188.05,595,188.08,45127,188.072434
2023-07-11 16:17:00+00:00,188.0781,188.1,188.05,727,188.0623,74680,188.06433
2023-07-11 16:18:00+00:00,187.97,188.08,187.9536,1028,188.075,97184,187.998574
2023-07-11 16:19:00+00:00,188.0,188.01,187.94,580,187.96,146159,187.945025
2023-07-11 16:20:00+00:00,188.1198,188.12,188.0003,541,188.005,69895,188.042758
2023-07-11 16:21:00+00:00,188.0801,188.1499,188.07,586,188.1183,41247,188.123295
2023-07-11 16:22:00+00:00,188.12,188.12,188.045,496,188.0799,37979,188.068338
2023-07-11 16:23:00+00:00,188.125,188.15,188.09,496,188.11,35259,188.130973
2023-07-11 16:24:00+00:00,188.08,188.15,188.07,641,188.13,48360,188.122634
2023-07-11 16:25:00+00:00,188.04,188.1,188.03,525,188.09,39729,188.057339
2023-07-11 16:26:00+00:00,187.86,188.04,187.86,1191,188.04,100415,187.928152
2023-07-11 16:27:00+00:00,187.74,187.8782,187.74,1519,187.86,147525,187.808832
2023-07-11 16:28:00+00:00,187.565,187.745,187.465,2401,187.745,225796,187.546768
2023-07-11 16:29:00+00:00,187.615,187.62,187.505,792,187.57,86947,187.561075
2023-07-11 16:30:00+00:00,187.54,187.63,187.54,934,187.62,87641,187.584193
2023-07-11 16:31:00+00:00,187.565,187.6,187.51,1054,187.54,91059,187.564571
2023-07-11 16:32:00+00:00,187.605,187.61,187.52,845,187.58,83169,187.567778
2023-07-11 16:33:00+00:00,187.5805,187.62,187.54,706,187.61,45595,187.572573
2023-07-11 16:34:00+00:00,187.526,187.5882,187.52,612,187.5882,37749,187.54929
2023-07-11 16:35:00+00:00,187.61,187.61,187.515,705,187.52,59378,187.561284
2023-07-11 16:36:00+00:00,187.6698,187.68,187.565,817,187.6094,75704,187.625158
2023-07-11 16:37:00+00:00,187.61,187.6801,187.59,761,187.67,54705,187.636801
2023-07-11 16:38:00+00:00,187.6716,187.71,187.59,745,187.605,76651,187.666818
2023-07-11 16:39:00+00:00,187.655,187.7202,187.64,670,187.68,66336,187.672634
2023-07-11 16:40:00+00:00,187.635,187.68,187.63,588,187.65,43759,187.655828
2023-07-11 16:41:00+00:00,187.66,187.66,187.585,725,187.6379,50591,187.618586
2023-07-11 16:42:00+00:00,187.595,187.66,187.56,677,187.66,57194,187.591217
2023-07-11 16:43:00+00:00,187.58,187.6,187.53,671,187.59,54254,187.56412
2023-07-11 16:44:00+00:00,187.5082,187.58,187.47,1081,187.58,76307,187.514014
2023-07-11 16:45:00+00:00,187.51,187.545,187.46,829,187.505,58419,187.505981
2023-07-11 16:46:00+00:00,187.53,187.58,187.505,651,187.5176,54140,187.547701
2023-07-11 16:47:00+00:00,187.5399,187.56,187.515,558,187.54,34008,187.530838
2023-07-11 16:48:00+00:00,187.59,187.59,187.52,657,187.53,45578,187.555128
2023-07-11 16:49:00+00:00,187.64,187.65,187.57,841,187.59,70275,187.606454
2023-07-11 16:50:00+00:00,187.605,187.665,187.6,693,187.6443,60316,187.635568
2023-07-11 16:51:00+00:00,187.6576,187.69,187.56,989,187.605,87283,187.645136
2023-07-11 16:52:00+00:00,187.7001,187.71,187.61,712,187.66,60790,187.644287
2023-07-11 16:53:00+00:00,187.74,187.78,187.695,957,187.7,101153,187.746432
2023-07-11 16:54:00+00:00,187.6799,187.755,187.6799,662,187.74,59151,187.718545
2023-07-11 16:55:00+00:00,187.63,187.72,187.63,624,187.69,42472,187.678674
2023-07-11 16:56:00+00:00,187.7101,187.725,187.625,550,187.63,44639,187.673314
2023-07-11 16:57:00+00:00,187.735,187.738,187.7,413,187.72,25915,187.718584
2023-07-11 16:58:00+00:00,187.72,187.735,187.7001,510,187.735,38291,187.717855
2023-07-11 16:59:00+00:00,187.7,187.73,187.7,405,187.72,22673,187.7128
2023-07-11 17:00:00+00:00,187.77,187.78,187.64,1040,187.7,81444,187.708653
2023-07-11 17:01:00+00:00,187.765,187.7869,187.72,622,187.77,39129,187.759027
2023-07-11 17:02:00+00:00,187.74,187.775,187.71,587,187.75,34253,187.751033
2023-07-11 17:03:00+00:00,187.695,187.745,187.69,584,187.745,41467,187.718551
2023-07-11 17:04:00+00:00,187.605,187.7,187.58,965,187.695,81865,187.627479
2023-07-11 17:05:00+00:00,187.565,187.61,187.55,760,187.6,84562,187.576924
2023-07-11 17:06:00+00:00,187.52,187.57,187.47,1099,187.565,104064,187.515997
2023-07-11 17:07:00+00:00,187.43,187.51,187.43,1039,187.51,88912,187.4687
2023-07-11 17:08:00+00:00,187.49,187.49,187.41,946,187.43,83998,187.453615
2023-07-11 17:09:00+00:00,187.53,187.58,187.49,692,187.49,56614,187.541005
2023-07-11 17:10:00+00:00,187.53,187.57,187.51,643,187.53,70415,187.551835
2023-07-11 17:11:00+00:00,187.4901,187.56,187.4901,610,187.5213,42132,187.574513
2023-07-11 17:12:00+00:00,187.42,187.51,187.35,1199,187.5,98719,187.418587
2023-07-11 17:13:00+00:00,187.3791,187.415,187.36,699,187.415,71343,187.376245
2023-07-11 17:14:00+00:00,187.4401,187.47,187.365,727,187.3799,56781,187.413579
2023-07-11 17:15:00+00:00,187.3697,187.47,187.34,817,187.45,87611,187.407588
2023-07-11 17:16:00+00:00,187.47,187.47,187.36,723,187.365,87047,187.40995
2023-07-11 17:17:00+00:00,187.4999,187.53,187.46,651,187.4701,66672,187.496859
2023-07-11 17:18:00+00:00,187.485,187.545,187.4701,590,187.495,35336,187.510615
2023-07-11 17:19:00+00:00,187.51,187.529,187.44,587,187.48,40434,187.484137
2023-07-11 17:20:00+00:00,187.53,187.55,187.5,657,187.51,42635,187.517519
2023-07-11 17:21:00+00:00,187.43,187.54,187.43,579,187.54,33820,187.471001
2023-07-11 17:22:00+00:00,187.4521,187.51,187.41,696,187.425,49336,187.454335
2023-07-11 17:23:00+00:00,187.435,187.47,187.42,570,187.46,46198,187.44115
2023-07-11 17:24:00+00:00,187.4617,187.5,187.44,595,187.44,49923,187.4726
2023-07-11 17:25:00+00:00,187.455,187.5,187.45,558,187.463,44016,187.470867
2023-07-11 17:26:00+00:00,187.445,187.46,187.43,574,187.4552,42541,187.447971
2023-07-11 17:27:00+00:00,187.42,187.46,187.4,827,187.45,69297,187.428441
2023-07-11 17:28:00+00:00,187.3899,187.43,187.38,649,187.42,42952,187.399425
2023-07-11 17:29:00+00:00,187.41,187.43,187.3735,622,187.38,51761,187.397778
2023-07-11 17:30:00+00:00,187.42,187.4599,187.395,859,187.406,44925,187.427131
2023-07-11 17:31:00+00:00,187.435,187.46,187.38,778,187.41,54994,187.42148
2023-07-11 17:32:00+00:00,187.465,187.4899,187.41,719,187.43,52016,187.450439
2023-07-11 17:33:00+00:00,187.47,187.48,187.44,570,187.46,550232,187.450999
2023-07-11 17:34:00+00:00,187.4582,187.48,187.45,555,187.4799,33639,187.463239
2023-07-11 17:35:00+00:00,187.465,187.475,187.435,530,187.45,38505,187.454922
2023-07-11 17:36:00+00:00,187.43,187.4884,187.42,611,187.465,565464,187.450252
2023-07-11 17:37:00+00:00,187.42,187.435,187.405,628,187.425,40202,187.420835
2023-07-11 17:38:00+00:00,187.45,187.465,187.4,630,187.42,39100,187.430369
2023-07-11 17:39:00+00:00,187.46,187.48,187.44,458,187.45,29244,187.465539
2023-07-11 17:40:00+00:00,187.395,187.47,187.39,714,187.4637,57464,187.431471
2023-07-11 17:41:00+00:00,187.385,187.39,187.3301,849,187.39,68142,187.359915
2023-07-11 17:42:00+00:00,187.38,187.42,187.3701,746,187.385,52755,187.396284
2023-07-11 17:43:00+00:00,187.355,187.39,187.34,789,187.38,62992,187.365882
2023-07-11 17:44:00+00:00,187.3305,187.38,187.3,962,187.355,96168,187.3316
2023-07-11 17:45:00+00:00,187.305,187.33,187.27,947,187.32,73157,187.305117
2023-07-11 17:46:00+00:00,187.28,187.33,187.26,1070,187.31,99397,187.29377
2023-07-11 17:47:00+00:00,187.185,187.29,187.18,1372,187.28,105423,187.232295
2023-07-11 17:48:00+00:00,187.2625,187.28,187.175,935,187.185,72828,187.210272
2023-07-11 17:49:00+00:00,187.265,187.29,187.26,1023,187.265,105500,187.275156
2023-07-11 17:50:00+00:00,187.245,187.315,187.22,1257,187.26,100580,187.271393
2023-07-11 17:51:00+00:00,187.2691,187.28,187.245,582,187.245,38574,187.264764
2023-07-11 17:52:00+00:00,187.345,187.37,187.27,701,187.27,67799,187.313884
2023-07-11 17:53:00+00:00,187.405,187.42,187.34,776,187.345,87635,187.386592
2023-07-11 17:54:00+00:00,187.36,187.4201,187.36,1032,187.39,130404,187.395853
2023-07-11 17:55:00+00:00,187.35,187.37,187.33,834,187.36,92653,187.35256
2023-07-11 17:56:00+00:00,187.45,187.45,187.33,736,187.35,62772,187.379097
2023-07-11 17:57:00+00:00,187.49,187.53,187.445,1143,187.445,113780,187.496318
2023-07-11 17:58:00+00:00,187.515,187.5478,187.49,658,187.49,51154,187.516475
2023-07-11 17:59:00+00:00,187.47,187.5299,187.4514,783,187.52,57441,187.485047
2023-07-11 18:00:00+00:00,187.495,187.5199,187.455,813,187.47,52245,187.487276
2023-07-11 18:01:00+00:00,187.4484,187.495,187.43,735,187.48,43935,187.455509
2023-07-11 18:02:00+00:00,187.44,187.46,187.41,636,187.443,42774,187.433934
2023-07-11 18:03:00+00:00,187.425,187.45,187.4207,483,187.44,28768,187.432076
2023-07-11 18:04:00+00:00,187.4,187.44,187.39,741,187.42,62378,187.415273
2023-07-11 18:05:00+00:00,187.355,187.41,187.35,886,187.4,67109,187.38619
2023-07-11 18:06:00+00:00,187.365,187.4,187.3401,657,187.36,52095,187.372268
2023-07-11 18:07:00+00:00,187.325,187.4,187.32,969,187.36,73887,187.365315
2023-07-11 18:08:00+00:00,187.32,187.33,187.28,903,187.3299,69619,187.311229
2023-07-11 18:09:00+00:00,187.295,187.37,187.2904,988,187.33,87043,187.344299
2023-07-11 18:10:00+00:00,187.3,187.315,187.27,927,187.29,70885,187.291322
2023-07-11 18:11:00+00:00,187.2161,187.31,187.201,1133,187.3,98690,187.245069
2023-07-11 18:12:00+00:00,187.08,187.22,187.07,1743,187.212,128335,187.155219
2023-07-11 18:13:00+00:00,187.145,187.16,187.05,1484,187.085,132548,187.087361
2023-07-11 18:14:00+00:00,187.0696,187.156,187.06,1311,187.145,136219,187.088292
2023-07-11 18:15:00+00:00,187.085,187.09,187.01,1679,187.06,149542,187.038958
2023-07-11 18:16:00+00:00,187.03,187.09,187.025,930,187.0899,81633,187.047689
2023-07-11 18:17:00+00:00,187.07,187.08,187.01,1068,187.035,94477,187.041494
2023-07-11 18:18:00+00:00,187.05,187.07,187.04,735,187.07,50615,187.054025
2023-07-11 18:19:00+00:00,187.0199,187.06,187.01,888,187.0552,62626,187.02318
2023-07-11 18:20:00+00:00,186.9801,187.02,186.84,6996,187.01,473526,186.948569
2023-07-11 18:21:00+00:00,186.86,187.0,186.845,1254,186.9802,120166,186.913498
2023-07-11 18:22:00+00:00,186.895,186.915,186.79,1492,186.8542,125837,186.855339
2023-07-11 18:23:00+00:00,186.82,186.895,186.81,1285,186.895,102853,186.845575
2023-07-11 18:24:00+00:00,186.7995,186.825,186.77,1250,186.825,108815,186.798538
2023-07-11 18:25:00+00:00,186.755,186.8,186.7001,1418,186.8,98117,186.747305
2023-07-11 18:26:00+00:00,186.7698,186.79,186.71,1030,186.7531,80826,186.752582
2023-07-11 18:27:00+00:00,186.93,186.9399,186.765,1118,186.77,93461,186.867225
2023-07-11 18:28:00+00:00,186.9581,186.96,186.86,1000,186.925,66987,186.910879
2023-07-11 18:29:00+00:00,186.881,186.965,186.88,989,186.95,77275,186.926794
2023-07-11 18:30:00+00:00,186.96,186.97,186.885,751,186.885,57947,186.921528
2023-07-11 18:31:00+00:00,186.96,187.0,186.9325,966,186.9614,68014,186.972099
2023-07-11 18:32:00+00:00,186.88,186.9599,186.88,788,186.955,57148,186.906429
2023-07-11 18:33:00+00:00,186.83,186.9,186.82,923,186.87,74436,186.869848
2023-07-11 18:34:00+00:00,186.82,186.835,186.78,952,186.8288,93580,186.81063
2023-07-11 18:35:00+00:00,186.635,186.83,186.61,2636,186.82,207517,186.688638
2023-07-11 18:36:00+00:00,186.8801,186.89,186.6,1225,186.63,91847,186.75025
2023-07-11 18:37:00+00:00,186.95,186.97,186.83,1246,186.8801,109034,186.910156
2023-07-11 18:38:00+00:00,186.905,186.96,186.88,673,186.945,58492,186.923157
2023-07-11 18:39:00+00:00,186.9318,186.95,186.9,650,186.9,47738,186.929614
2023-07-11 18:40:00+00:00,186.9742,186.99,186.9101,683,186.9301,52073,186.958582
2023-07-11 18:41:00+00:00,187.0176,187.0489,186.98,967,186.98,99421,187.002588
2023-07-11 18:42:00+00:00,187.0009,187.03,186.97,681,187.01,46653,187.000058
2023-07-11 18:43:00+00:00,187.0,187.005,186.945,637,186.995,43092,186.98277
2023-07-11 18:44:00+00:00,187.03,187.05,186.98,693,187.0,91255,187.014034
2023-07-11 18:45:00+00:00,187.085,187.0899,187.0211,629,187.04,60893,187.052784
2023-07-11 18:46:00+00:00,187.03,187.095,187.03,827,187.09,70369,187.058655
2023-07-11 18:47:00+00:00,187.105,187.11,186.9799,1115,187.0283,102034,187.046431
2023-07-11 18:48:00+00:00,187.05,187.1138,187.03,619,187.11,55551,187.065935
2023-07-11 18:49:00+00:00,187.085,187.1,187.045,502,187.06,31768,187.070966
2023-07-11 18:50:00+00:00,187.1099,187.1277,187.08,653,187.09,48490,187.101508
2023-07-11 18:51:00+00:00,187.0938,187.13,187.0718,649,187.11,51509,187.100374
2023-07-11 18:52:00+00:00,187.155,187.16,187.095,654,187.095,51899,187.132961
2023-07-11 18:53:00+00:00,187.25,187.25,187.1558,1047,187.1558,76669,187.203452
2023-07-11 18:54:00+00:00,187.195,187.28,187.19,842,187.25,77606,187.238668
2023-07-11 18:55:00+00:00,187.235,187.24,187.16,692,187.2,47617,187.196822
2023-07-11 18:56:00+00:00,187.32,187.34,187.24,854,187.24,70747,187.295424
2023-07-11 18:57:00+00:00,187.33,187.36,187.295,706,187.32,47476,187.325213
2023-07-11 18:58:00+00:00,187.35,187.35,187.31,703,187.33,52267,187.331733
2023-07-11 18:59:00+00:00,187.359,187.375,187.3201,739,187.35,46939,187.354172
2023-07-11 19:00:00+00:00,187.375,187.39,187.32,1059,187.35,91357,187.353629
2023-07-11 19:01:00+00:00,187.365,187.395,187.3501,675,187.375,46919,187.375417
2023-07-11 19:02:00+00:00,187.27,187.38,187.26,1020,187.36,95529,187.313771
2023-07-11 19:03:00+00:00,187.26,187.29,187.23,776,187.27,68532,187.261935
2023-07-11 19:04:00+00:00,187.28,187.32,187.255,654,187.255,51028,187.300981
2023-07-11 19:05:00+00:00,187.2469,187.29,187.23,728,187.28,54660,187.261895
2023-07-11 19:06:00+00:00,187.195,187.25,187.155,1137,187.25,92962,187.189092
2023-07-11 19:07:00+00:00,187.205,187.21,187.165,652,187.19,59126,187.182055
2023-07-11 19:08:00+00:00,187.265,187.2768,187.19,777,187.21,70452,187.223869
2023-07-11 19:09:00+00:00,187.21,187.265,187.205,746,187.2601,56928,187.239794
2023-07-11 19:10:00+00:00,187.19,187.21,187.18,798,187.2,74954,187.194722
2023-07-11 19:11:00+00:00,187.23,187.27,187.18,735,187.19,51683,187.240484
2023-07-11 19:12:00+00:00,187.238,187.28,187.225,688,187.23,62074,187.255025
2023-07-11 19:13:00+00:00,187.18,187.26,187.18,847,187.235,73036,187.221201
2023-07-11 19:14:00+00:00,187.21,187.27,187.185,728,187.185,47262,187.231269
2023-07-11 19:15:00+00:00,187.2301,187.27,187.19,674,187.215,56787,187.221169
2023-07-11 19:16:00+00:00,187.22,187.23,187.19,576,187.23,37213,187.204453
2023-07-11 19:17:00+00:00,187.195,187.225,187.175,858,187.215,66195,187.204831
2023-07-11 19:18:00+00:00,187.3,187.3069,187.19,877,187.19,71030,187.256528
2023-07-11 19:19:00+00:00,187.35,187.36,187.2951,980,187.3,84322,187.331797
2023-07-11 19:20:00+00:00,187.28,187.36,187.28,797,187.35,74645,187.324155
2023-07-11 19:21:00+00:00,187.155,187.29,187.15,1208,187.27,109755,187.219522
2023-07-11 19:22:00+00:00,187.155,187.17,187.12,1299,187.15,97928,187.150055
2023-07-11 19:23:00+00:00,187.1101,187.175,187.11,1407,187.155,116219,187.14427
2023-07-11 19:24:00+00:00,187.16,187.1699,187.08,1235,187.115,101684,187.119529
2023-07-11 19:25:00+00:00,187.141,187.21,187.14,931,187.16,73153,187.176418
2023-07-11 19:26:00+00:00,187.11,187.16,187.0799,1008,187.1401,86745,187.116738
2023-07-11 19:27:00+00:00,187.075,187.11,187.0601,1181,187.1041,105275,187.084039
2023-07-11 19:28:00+00:00,187.125,187.15,187.065,1051,187.075,100384,187.110926
2023-07-11 19:29:00+00:00,187.1372,187.145,187.09,806,187.125,57207,187.120643
2023-07-11 19:30:00+00:00,187.11,187.18,187.1003,1290,187.13,130552,187.146335
2023-07-11 19:31:00+00:00,187.09,187.16,187.09,1131,187.105,88490,187.123306
2023-07-11 19:32:00+00:00,187.01,187.095,187.0001,1335,187.0905,97112,187.050225
2023-07-11 19:33:00+00:00,187.035,187.06,186.97,1693,187.02,128725,187.009423
2023-07-11 19:34:00+00:00,187.0497,187.09,187.02,914,187.03,68591,187.051935
2023-07-11 19:35:00+00:00,187.1027,187.12,187.04,929,187.04,68634,187.092754
2023-07-11 19:36:00+00:00,187.085,187.13,187.08,926,187.11,66123,187.103224
2023-07-11 19:37:00+00:00,187.1149,187.14,187.085,941,187.09,65350,187.114593
2023-07-11 19:38:00+00:00,187.1,187.13,187.1,896,187.115,71383,187.112039
2023-07-11 19:39:00+00:00,187.1785,187.1785,187.09,1219,187.105,90413,187.126614
2023-07-11 19:40:00+00:00,187.2883,187.29,187.16,1298,187.18,123367,187.218111
2023-07-11 19:41:00+00:00,187.305,187.35,187.255,1317,187.29,128079,187.303642
2023-07-11 19:42:00+00:00,187.29,187.33,187.28,1160,187.305,102283,187.295127
2023-07-11 19:43:00+00:00,187.3898,187.41,187.25,1631,187.29,165670,187.318909
2023-07-11 19:44:00+00:00,187.46,187.47,187.3701,1308,187.385,139588,187.428194
2023-07-11 19:45:00+00:00,187.567,187.59,187.46,1889,187.47,199239,187.53163
2023-07-11 19:46:00+00:00,187.62,187.65,187.55,1678,187.56,169067,187.60818
2023-07-11 19:47:00+00:00,187.72,187.76,187.6,1872,187.61,184130,187.700468
2023-07-11 19:48:00+00:00,187.88,187.88,187.71,2270,187.72,244057,187.822039
2023-07-11 19:49:00+00:00,188.0899,188.16,187.85,3368,187.875,353492,187.957094
2023-07-11 19:50:00+00:00,188.105,188.27,188.04,4463,188.08,448572,188.142279
2023-07-11 19:51:00+00:00,187.99,188.11,187.93,3026,188.105,256348,188.01432
2023-07-11 19:52:00+00:00,187.99,188.09,187.98,2459,187.98,219572,188.023091
2023-07-11 19:53:00+00:00,188.04,188.06,187.975,2442,187.99,205085,188.02312
2023-07-11 19:54:00+00:00,187.9391,188.1,187.87,3451,188.045,320068,188.011466
2023-07-11 19:55:00+00:00,187.9601,188.01,187.805,3219,187.93,293517,187.910458
2023-07-11 19:56:00+00:00,188.05,188.07,187.9401,2859,187.97,265557,188.015801
2023-07-11 19:57:00+00:00,188.1515,188.18,188.03,3883,188.055,380358,188.113181
2023-07-11 19:58:00+00:00,188.22,188.23,188.07,4243,188.15,449859,188.157021
2023-07-11 19:59:00+00:00,188.06,188.23,188.05,6528,188.22,740900,188.138175
2023-07-11 20:00:00+00:00,188.11,188.15,188.04,218,188.05,5203176,188.080123
2023-07-11 20:01:00+00:00,188.1,188.14,188.08,157,188.1,30641,188.109282
2023-07-11 20:02:00+00:00,188.02,188.12,188.02,86,188.12,6633,188.054964
2023-07-11 20:03:00+00:00,188.03,188.06,187.98,126,188.04,9482,188.031983
2023-07-11 20:04:00+00:00,188.0,188.09,188.0,106,188.05,31378,188.060023
2023-07-11 20:05:00+00:00,187.98,188.03,187.95,120,187.99,8805,187.980008
2023-07-11 20:06:00+00:00,187.92,188.01,187.92,58,187.98,5511,187.977222
2023-07-11 20:07:00+00:00,188.04,188.05,187.94,87,187.95,8371,187.978645
2023-07-11 20:08:00+00:00,187.98,188.08,187.98,68,188.01,61217,188.074332
2023-07-11 20:09:00+00:00,188.03,188.08,187.93,100,188.08,11960,188.015721
2023-07-11 20:10:00+00:00,187.96,188.08,187.94,98,188.04,17963,188.038093
2023-07-11 20:11:00+00:00,187.92,187.98,187.92,64,187.98,3633,187.949677
2023-07-11 20:12:00+00:00,187.97,187.99,187.92,59,187.92,2393,187.955896
2023-07-11 20:13:00+00:00,187.94,188.02,187.94,84,188.0,5426,187.982473
2023-07-11 20:14:00+00:00,187.94,187.97,187.94,48,187.95,975,187.95613
2023-07-11 20:15:00+00:00,187.9594,187.98,187.9594,36,187.96,2125,187.963713
2023-07-11 20:16:00+00:00,188.09,188.09,187.7182,149,187.96,146489,188.076658
2023-07-11 20:17:00+00:00,188.1,188.13,188.1,33,188.1016,3049,188.104067
2023-07-11 20:18:00+00:00,188.09,188.105,188.02,88,188.1,4987,188.075907
2023-07-11 20:19:00+00:00,188.07,188.1,188.02,85,188.05,4849,188.061437
2023-07-11 20:20:00+00:00,188.06,188.1,188.02,151,188.1,14146,188.080195
2023-07-11 20:21:00+00:00,188.02,188.06,188.02,44,188.06,2090,188.042368
2023-07-11 20:22:00+00:00,188.0,188.05,188.0,62,188.03,187871,188.079116
2023-07-11 20:23:00+00:00,188.03,188.06,187.99,79,188.01,5879,188.027635
2023-07-11 20:24:00+00:00,188.02,188.05,188.02,36,188.04,1335,188.035552
2023-07-11 20:25:00+00:00,188.03,188.06,188.02,56,188.04,5763,188.030908
2023-07-11 20:26:00+00:00,188.03,188.04,188.03,31,188.04,1280,188.035075
2023-07-11 20:27:00+00:00,188.02,188.04,188.02,44,188.03,4975,188.055624
2023-07-11 20:28:00+00:00,188.04,188.07,188.01,82,188.03,5851,188.040558
2023-07-11 20:29:00+00:00,188.02,188.08,188.01,110,188.04,9655,188.048431
2023-07-11 20:30:00+00:00,188.08,188.09,188.02,63,188.02,5238,188.07099
2023-07-11 20:31:00+00:00,188.0601,188.09,188.0601,39,188.08,908,188.080735
2023-07-11 20:32:00+00:00,188.08,188.13,188.05,105,188.07,11047,188.093198
2023-07-11 20:33:00+00:00,188.06,188.09,188.06,51,188.07,1720,188.067265
2023-07-11 20:34:00+00:00,188.06,188.06,188.06,16,188.06,212,188.065637
2023-07-11 20:35:00+00:00,188.06,188.1,188.06,42,188.07,13601,188.080114
2023-07-11 20:36:00+00:00,188.1,188.1,188.06,32,188.06,2281,188.087468
2023-07-11 20:37:00+00:00,188.04,188.08,188.03,48,188.08,2931,188.062255
2023-07-11 20:38:00+00:00,188.1,188.1,188.03,65,188.04,4489,188.058247
2023-07-11 20:39:00+00:00,188.08,188.09,188.08,41,188.09,959,188.08367
2023-07-11 20:40:00+00:00,188.09,188.09,188.04,66,188.07,3210,188.065665
2023-07-11 20:41:00+00:00,188.03,188.1,188.02,63,188.1,4202,188.055311
2023-07-11 20:42:00+00:00,188.04,188.09,188.02,118,188.05,9895,188.056747
2023-07-11 20:43:00+00:00,188.02,188.03,188.02,29,188.03,1153,188.15118
2023-07-11 20:45:00+00:00,188.06,188.06,188.02,45,188.02,2187,188.043219
2023-07-11 20:46:00+00:00,188.07,188.08,188.05,49,188.07,3306,188.071237
2023-07-11 20:47:00+00:00,188.04,188.09,188.03,92,188.07,7904,188.060459
2023-07-11 20:48:00+00:00,188.05,188.05,188.05,18,188.05,324,188.050238
2023-07-11 20:49:00+00:00,188.02,188.06,188.02,51,188.05,2230,188.037428
2023-07-11 20:50:00+00:00,188.04,188.04,188.04,19,188.04,307,188.03385
2023-07-11 20:51:00+00:00,188.03,188.03,188.03,16,188.03,322,188.032593
2023-07-11 20:52:00+00:00,188.03,188.06,188.02,53,188.04,3375,188.043271
2023-07-11 20:53:00+00:00,188.08,188.08,188.06,38,188.06,2290,188.061352
2023-07-11 20:54:00+00:00,188.03,188.06,188.02,45,188.06,2674,188.034784
2023-07-11 20:55:00+00:00,188.04,188.08,188.04,62,188.06,4446,188.067747
2023-07-11 20:56:00+00:00,188.03,188.04,188.03,27,188.04,1621,188.035478
2023-07-11 20:57:00+00:00,188.08,188.08,188.05,44,188.05,3525,188.071638
2023-07-11 20:59:00+00:00,188.05,188.06,188.05,31,188.05,1092,188.053887
2023-07-11 21:00:00+00:00,188.08,188.1,188.03,81,188.04,7752,188.07287
2023-07-11 21:01:00+00:00,188.13,188.13,188.09,34,188.09,1741,188.107729
2023-07-11 21:02:00+00:00,188.1,188.11,188.09,42,188.11,2550,188.101108
2023-07-11 21:03:00+00:00,188.09,188.09,188.09,19,188.09,791,187.076801
2023-07-11 21:04:00+00:00,188.08,188.08,188.08,27,188.08,504,188.080439
2023-07-11 21:05:00+00:00,188.08,188.08,188.08,20,188.08,1372,188.080022
2023-07-11 21:06:00+00:00,188.08,188.08,188.08,25,188.08,357,188.080282
2023-07-11 21:07:00+00:00,188.08,188.09,188.08,9,188.09,394,188.083629
2023-07-11 21:08:00+00:00,188.11,188.11,188.09,39,188.09,1753,188.09071
2023-07-11 21:09:00+00:00,188.1,188.16,188.1,56,188.11,3715,188.133209
2023-07-11 21:10:00+00:00,188.08,188.1,188.08,37,188.09,1232,188.094742
2023-07-11 21:11:00+00:00,188.09,188.12,188.09,44,188.12,1488,188.107394
2023-07-11 21:12:00+00:00,188.16,188.16,188.11,42,188.11,2482,188.139007
2023-07-11 21:13:00+00:00,188.15,188.16,188.15,22,188.16,869,188.15672
2023-07-11 21:14:00+00:00,188.11,188.17,188.11,41,188.17,1816,188.132737
2023-07-11 21:15:00+00:00,188.08,188.11,188.08,32,188.1,1873,188.095886
2023-07-11 21:17:00+00:00,188.1299,188.1299,188.1299,10,188.1299,129,188.123682
2023-07-11 21:20:00+00:00,188.09,188.09,188.09,18,188.09,221,188.090794
2023-07-11 21:21:00+00:00,188.08,188.08,188.08,28,188.08,611,188.080458
2023-07-11 21:22:00+00:00,188.08,188.08,188.08,24,188.08,661,188.081528
2023-07-11 21:23:00+00:00,188.09,188.1,188.09,15,188.1,372,188.093065
2023-07-11 21:24:00+00:00,188.08,188.12,188.08,50,188.1,2872,188.104507
2023-07-11 21:25:00+00:00,188.08,188.08,188.08,23,188.08,726,188.080152
2023-07-11 21:26:00+00:00,188.08,188.08,188.08,19,188.08,1134,188.080225
2023-07-11 21:27:00+00:00,188.09,188.14,188.09,29,188.11,2883,188.127403
2023-07-11 21:30:00+00:00,188.1,188.1,188.1,25,188.1,139,188.102302
2023-07-11 21:33:00+00:00,188.101,188.101,188.101,8,188.101,445,188.10173
2023-07-11 21:34:00+00:00,188.1,188.11,188.1,12,188.11,428,188.102582
2023-07-11 21:35:00+00:00,188.07,188.1,188.07,66,188.1,2921,188.090515
2023-07-11 21:38:00+00:00,188.09,188.09,188.08,20,188.08,1669,188.084794
2023-07-11 21:39:00+00:00,188.09,188.09,188.09,10,188.09,186,188.089677
2023-07-11 21:40:00+00:00,188.08,188.08,188.08,23,188.08,304,188.082697
2023-07-11 21:41:00+00:00,188.01,188.08,188.01,49,188.07,5280,188.053102
2023-07-11 21:44:00+00:00,188.08,188.08,188.08,16,188.08,12927,188.079648
2023-07-11 21:46:00+00:00,188.06,188.06,188.06,25,188.06,341,188.052478
2023-07-11 21:48:00+00:00,188.02,188.02,188.02,17,188.02,245,188.021816
2023-07-11 21:49:00+00:00,188.04,188.09,188.04,37,188.05,2116,188.072708
2023-07-11 21:51:00+00:00,188.06,188.06,188.06,17,188.06,222,188.05991
2023-07-11 21:52:00+00:00,188.09,188.1,188.09,19,188.1,529,188.093648
2023-07-11 21:58:00+00:00,188.08,188.08,188.08,17,188.08,422,188.080415
2023-07-11 22:00:00+00:00,188.05,188.07,188.05,23,188.07,437,188.061121
2023-07-11 22:01:00+00:00,188.05,188.05,188.05,22,188.05,647,188.049544
2023-07-11 22:05:00+00:00,188.05,188.05,188.05,18,188.05,318,188.051195
2023-07-11 22:06:00+00:00,188.1,188.1,188.0501,23,188.0501,566,188.081652
2023-07-11 22:07:00+00:00,188.12,188.12,188.11,10,188.11,534,188.11426
2023-07-11 22:08:00+00:00,188.12,188.12,188.12,13,188.12,240,188.1185
2023-07-11 22:10:00+00:00,188.18,188.18,188.12,19,188.12,2524,188.128118
2023-07-11 22:13:00+00:00,188.15,188.15,188.15,18,188.15,455,188.151857
2023-07-11 22:17:00+00:00,188.2,188.2,188.17,36,188.17,1639,188.191797
2023-07-11 22:18:00+00:00,188.15,188.15,188.1201,39,188.1201,2067,188.150513
2023-07-11 22:20:00+00:00,188.13,188.13,188.13,15,188.13,242,188.13407
2023-07-11 22:21:00+00:00,188.15,188.15,188.15,18,188.15,2232,188.150591
2023-07-11 22:23:00+00:00,188.1507,188.1507,188.1507,13,188.1507,585,188.157042
2023-07-11 22:27:00+00:00,188.2,188.2,188.2,15,188.2,242,188.185248
2023-07-11 22:28:00+00:00,188.16,188.18,188.16,11,188.18,298,188.167701
2023-07-11 22:30:00+00:00,188.15,188.15,188.15,13,188.15,128,188.151016
2023-07-11 22:31:00+00:00,188.17,188.17,188.17,15,188.17,550,188.169536
2023-07-11 22:37:00+00:00,188.15,188.15,188.15,9,188.15,115,188.15087
2023-07-11 22:40:00+00:00,188.15,188.15,188.15,12,188.15,221,188.151018
2023-07-11 22:41:00+00:00,188.18,188.18,188.18,10,188.18,495,188.175636
2023-07-11 22:44:00+00:00,188.16,188.16,188.16,16,188.16,267,188.157996
2023-07-11 22:46:00+00:00,188.13,188.17,188.13,16,188.17,1588,188.133423
2023-07-11 22:47:00+00:00,188.17,188.17,188.17,17,188.17,431,188.168817
2023-07-11 22:48:00+00:00,188.17,188.17,188.17,11,188.17,291,188.171615
2023-07-11 22:52:00+00:00,188.18,188.18,188.18,14,188.18,339,188.176711
2023-07-11 22:54:00+00:00,188.16,188.17,188.13,43,188.17,2949,188.143074
2023-07-11 22:55:00+00:00,188.18,188.18,188.1,43,188.12,3690,188.129599
2023-07-11 22:58:00+00:00,188.18,188.18,188.17,11,188.17,1679,188.179092
2023-07-11 22:59:00+00:00,188.18,188.18,188.17,16,188.18,1761,188.178507
2023-07-11 23:00:00+00:00,188.15,188.2,188.15,27,188.19,2193,188.185857
2023-07-11 23:01:00+00:00,188.25,188.25,188.2,36,188.2,1797,188.213951
2023-07-11 23:02:00+00:00,188.25,188.25,188.2,21,188.2,648,188.234738
2023-07-11 23:03:00+00:00,188.23,188.23,188.23,17,188.23,198,188.226263
2023-07-11 23:08:00+00:00,188.26,188.26,188.26,14,188.26,1339,188.259055
2023-07-11 23:11:00+00:00,188.2489,188.25,188.2489,14,188.25,419,188.249405
2023-07-11 23:17:00+00:00,188.24,188.24,188.24,7,188.24,2634,188.240011
2023-07-11 23:18:00+00:00,188.25,188.25,188.25,24,188.25,586,188.246613
2023-07-11 23:21:00+00:00,188.25,188.25,188.2,9,188.2,257,188.220428
2023-07-11 23:23:00+00:00,188.21,188.21,188.21,13,188.21,382,188.210406
2023-07-11 23:24:00+00:00,188.2,188.22,188.2,21,188.22,718,188.208301
2023-07-11 23:25:00+00:00,188.21,188.21,188.18,24,188.18,923,188.189577
2023-07-11 23:26:00+00:00,188.12,188.15,188.12,47,188.15,1054,188.143335
2023-07-11 23:27:00+00:00,188.11,188.12,188.11,21,188.12,514,188.12213
2023-07-11 23:30:00+00:00,188.11,188.11,188.11,6,188.11,171,188.135643
2023-07-11 23:32:00+00:00,188.1,188.11,188.1,22,188.11,2687,188.102869
2023-07-11 23:33:00+00:00,188.1,188.1,188.1,19,188.1,1798,188.100612
2023-07-11 23:34:00+00:00,188.1,188.1,188.1,21,188.1,400,188.100185
2023-07-11 23:36:00+00:00,188.08,188.08,188.08,14,188.08,315,188.075952
2023-07-11 23:38:00+00:00,188.04,188.07,188.04,28,188.07,2455,188.056303
2023-07-11 23:40:00+00:00,188.06,188.06,188.06,21,188.06,340,188.0775
2023-07-11 23:43:00+00:00,188.08,188.08,188.08,22,188.08,296,188.080878
2023-07-11 23:44:00+00:00,188.08,188.08,188.08,18,188.08,1835,188.080327
2023-07-11 23:47:00+00:00,188.08,188.09,188.08,13,188.09,730,188.083644
2023-07-11 23:49:00+00:00,188.0999,188.0999,188.0999,17,188.0999,579,188.099637
2023-07-11 23:51:00+00:00,188.1,188.1,188.1,27,188.1,381,188.111667
2023-07-11 23:52:00+00:00,188.13,188.13,188.13,16,188.13,1538,188.129516
2023-07-11 23:53:00+00:00,188.12,188.17,188.11,26,188.11,1272,188.137799
2023-07-11 23:54:00+00:00,188.17,188.17,188.17,12,188.17,602,188.161811
2023-07-11 23:57:00+00:00,188.1,188.12,188.0995,28,188.12,2220,188.101271
2023-07-11 23:58:00+00:00,188.13,188.13,188.1,47,188.1,1693,188.149876
2023-07-11 23:59:00+00:00,188.2,188.2,188.2,20,188.2,561,188.201783
