timestamp,close,high,low,trade_count,open,volume,vwap
2023-04-20 08:00:00+00:00,166.62,167.0,166.62,47,167.0,2634,166.726838
2023-04-20 08:03:00+00:00,166.36,166.65,166.3,79,166.62,2733,166.511866
2023-04-20 08:04:00+00:00,166.37,166.37,166.37,17,166.37,435,166.395517
2023-04-20 08:05:00+00:00,166.58,166.58,166.1,54,166.38,7014,166.294567
2023-04-20 08:06:00+00:00,166.46,166.46,166.46,16,166.46,358,166.454218
2023-04-20 08:07:00+00:00,166.46,166.46,166.46,16,166.46,440,166.463295
2023-04-20 08:09:00+00:00,166.13,166.2,166.13,58,166.2,2466,166.254915
2023-04-20 08:13:00+00:00,166.28,166.28,166.28,18,166.28,426,166.302723
2023-04-20 08:14:00+00:00,166.31,166.31,166.27,17,166.27,753,166.298367
2023-04-20 08:15:00+00:00,166.31,166.31,166.31,10,166.31,532,166.31188
2023-04-20 08:16:00+00:00,166.33,166.33,166.33,20,166.33,784,166.327436
2023-04-20 08:17:00+00:00,166.34,166.34,166.34,14,166.34,860,166.340988
2023-04-20 08:21:00+00:00,166.47,166.5,166.47,37,166.49,1460,166.480301
2023-04-20 08:22:00+00:00,166.46,166.46,166.46,14,166.46,468,166.463846
2023-04-20 08:25:00+00:00,166.35,166.37,166.35,10,166.37,333,166.354955
2023-04-20 08:26:00+00:00,166.35,166.35,166.35,21,166.35,487,166.345544
2023-04-20 08:27:00+00:00,166.31,166.32,166.31,9,166.32,415,166.316361
2023-04-20 08:28:00+00:00,166.32,166.32,166.32,12,166.32,430,166.320791
2023-04-20 08:30:00+00:00,166.35,166.35,166.35,20,166.35,293,166.360375
2023-04-20 08:31:00+00:00,166.28,166.35,166.28,67,166.35,2749,166.325842
2023-04-20 08:32:00+00:00,166.34,166.34,166.3,18,166.3,492,166.318943
2023-04-20 08:34:00+00:00,166.33,166.33,166.33,4,166.33,201,166.329602
2023-04-20 08:37:00+00:00,166.28,166.31,166.28,69,166.31,2266,166.272259
2023-04-20 08:38:00+00:00,166.17,166.17,166.17,32,166.17,845,166.165953
2023-04-20 08:40:00+00:00,166.2,166.22,166.2,24,166.2,1495,166.202114
2023-04-20 08:42:00+00:00,166.16,166.16,166.16,12,166.16,920,166.16038
2023-04-20 08:43:00+00:00,166.11,166.16,166.11,32,166.16,2364,166.135893
2023-04-20 08:44:00+00:00,166.1,166.13,166.1,23,166.11,2358,166.107252
2023-04-20 08:45:00+00:00,165.93,166.09,165.93,128,166.02,6516,166.01705
2023-04-20 08:46:00+00:00,165.92,165.93,165.86,20,165.86,941,165.90221
2023-04-20 08:48:00+00:00,166.0,166.0,166.0,20,166.0,656,166.010976
2023-04-20 08:49:00+00:00,166.03,166.03,166.03,35,166.03,1416,166.037874
2023-04-20 08:51:00+00:00,166.1,166.13,166.07,32,166.07,1648,166.094132
2023-04-20 08:52:00+00:00,166.11,166.13,166.11,8,166.13,428,166.121752
2023-04-20 08:54:00+00:00,166.1,166.1,166.1,14,166.1,438,166.105708
2023-04-20 08:55:00+00:00,166.15,166.15,166.15,8,166.15,292,166.139041
2023-04-20 08:57:00+00:00,166.14,166.14,166.14,15,166.14,405,166.153556
2023-04-20 08:58:00+00:00,166.1,166.11,166.1,15,166.11,427,166.109789
2023-04-20 08:59:00+00:00,166.11,166.11,166.11,6,166.11,207,166.113237
2023-04-20 09:00:00+00:00,166.08,166.1,166.08,25,166.1,1212,166.08929
2023-04-20 09:03:00+00:00,166.09,166.09,166.09,17,166.09,349,166.083095
2023-04-20 09:04:00+00:00,166.05,166.1,166.05,22,166.09,1040,166.084269
2023-04-20 09:06:00+00:00,166.01,166.05,166.01,30,166.05,1984,166.039173
2023-04-20 09:07:00+00:00,166.01,166.02,166.01,14,166.02,628,166.016847
2023-04-20 09:08:00+00:00,166.01,166.01,166.01,5,166.01,515,166.010971
2023-04-20 09:09:00+00:00,166.03,166.03,166.03,10,166.03,160,166.031375
2023-04-20 09:11:00+00:00,166.04,166.04,166.04,8,166.04,410,166.047146
2023-04-20 09:12:00+00:00,166.1,166.1,166.1,12,166.1,406,166.097044
2023-04-20 09:13:00+00:00,166.1,166.1,166.1,14,166.1,519,166.102717
2023-04-20 09:15:00+00:00,166.05,166.05,166.05,21,166.05,778,166.053882
2023-04-20 09:16:00+00:00,166.03,166.03,166.03,13,166.03,434,166.037558
2023-04-20 09:17:00+00:00,166.0,166.03,166.0,30,166.03,1633,166.017979
2023-04-20 09:18:00+00:00,166.0,166.0,165.99,63,166.0,4560,165.998015
2023-04-20 09:21:00+00:00,166.0,166.06,166.0,35,166.06,3372,166.038639
2023-04-20 09:22:00+00:00,166.0,166.0,166.0,18,166.0,2061,165.998049
2023-04-20 09:26:00+00:00,165.99,165.99,165.99,13,165.99,708,165.978234
2023-04-20 09:28:00+00:00,165.9,165.91,165.9,15,165.91,688,165.919884
2023-04-20 09:29:00+00:00,165.89,165.89,165.89,25,165.89,651,165.892104
2023-04-20 09:30:00+00:00,165.89,165.89,165.89,36,165.89,2570,165.889416
2023-04-20 09:31:00+00:00,165.85,165.85,165.79,60,165.85,2289,165.825784
2023-04-20 09:33:00+00:00,165.97,165.97,165.97,24,165.97,525,165.938057
2023-04-20 09:35:00+00:00,165.97,165.97,165.94,29,165.94,2103,165.960371
2023-04-20 09:36:00+00:00,165.86,165.91,165.86,34,165.91,2073,165.898413
2023-04-20 09:37:00+00:00,165.85,165.85,165.85,17,165.85,342,165.848713
2023-04-20 09:38:00+00:00,165.88,165.88,165.88,18,165.88,876,165.877386
2023-04-20 09:39:00+00:00,165.8,165.88,165.8,38,165.88,1537,165.830989
2023-04-20 09:40:00+00:00,165.75,165.76,165.75,35,165.76,3002,165.754494
2023-04-20 09:43:00+00:00,165.72,165.74,165.72,14,165.74,1162,165.730293
2023-04-20 09:44:00+00:00,165.72,165.72,165.72,8,165.72,247,165.723239
2023-04-20 09:47:00+00:00,165.75,165.75,165.75,8,165.75,177,165.749605
2023-04-20 09:48:00+00:00,165.71,165.74,165.71,10,165.74,518,165.724691
2023-04-20 09:49:00+00:00,165.7,165.7,165.7,23,165.7,446,165.709484
2023-04-20 09:50:00+00:00,165.75,165.75,165.75,10,165.75,357,165.746891
2023-04-20 09:51:00+00:00,165.72,165.75,165.72,31,165.75,1011,165.73363
2023-04-20 09:52:00+00:00,165.72,165.72,165.72,7,165.72,535,165.719103
2023-04-20 09:55:00+00:00,165.75,165.75,165.75,19,165.75,563,165.749964
2023-04-20 09:56:00+00:00,165.72,165.72,165.72,9,165.72,855,165.721766
2023-04-20 09:57:00+00:00,165.72,165.72,165.72,24,165.72,1352,165.718735
2023-04-20 10:00:00+00:00,165.7,165.72,165.7,29,165.72,1247,165.715966
2023-04-20 10:01:00+00:00,165.72,165.72,165.72,22,165.72,1353,165.719956
2023-04-20 10:02:00+00:00,165.71,165.71,165.71,8,165.71,346,165.711676
2023-04-20 10:03:00+00:00,165.72,165.72,165.72,14,165.72,406,165.718054
2023-04-20 10:04:00+00:00,165.72,165.72,165.72,3,165.72,153,165.719869
2023-04-20 10:05:00+00:00,165.7,165.72,165.7,16,165.72,915,165.714863
2023-04-20 10:06:00+00:00,165.72,165.72,165.72,6,165.72,552,165.718116
2023-04-20 10:07:00+00:00,165.72,165.72,165.72,23,165.72,1395,165.724918
2023-04-20 10:08:00+00:00,165.85,165.85,165.85,13,165.85,366,165.84194
2023-04-20 10:09:00+00:00,165.88,165.88,165.88,10,165.88,310,165.86629
2023-04-20 10:11:00+00:00,165.81,165.82,165.81,7,165.82,649,165.826117
2023-04-20 10:12:00+00:00,165.88,165.88,165.87,22,165.87,2020,165.873436
2023-04-20 10:15:00+00:00,165.85,165.86,165.85,66,165.86,576,165.852378
2023-04-20 10:17:00+00:00,165.85,165.85,165.85,10,165.85,221,165.850679
2023-04-20 10:18:00+00:00,165.87,165.87,165.87,11,165.87,150,165.871933
2023-04-20 10:19:00+00:00,165.91,165.91,165.91,11,165.91,347,165.903689
2023-04-20 10:20:00+00:00,165.88,165.88,165.88,21,165.88,751,165.877044
2023-04-20 10:21:00+00:00,165.91,165.91,165.91,8,165.91,929,165.909462
2023-04-20 10:33:00+00:00,165.85,165.85,165.85,7,165.85,208,165.85
2023-04-20 10:48:00+00:00,165.94,165.94,165.94,16,165.94,575,165.941287
2023-04-20 10:49:00+00:00,166.0,166.0,165.94,62,165.94,2818,165.959702
2023-04-20 10:50:00+00:00,166.09,166.09,166.09,17,166.09,661,166.079713
2023-04-20 10:51:00+00:00,166.06,166.06,166.06,13,166.06,1305,166.062031
2023-04-20 10:52:00+00:00,166.1,166.1,166.1,21,166.1,791,166.076169
2023-04-20 10:53:00+00:00,166.1,166.1,166.1,1,166.1,100,166.1
2023-04-20 10:56:00+00:00,166.0,166.0,166.0,27,166.0,1054,166.0
2023-04-20 10:58:00+00:00,166.0,166.01,166.0,16,166.0,1277,166.001402
2023-04-20 10:59:00+00:00,166.0,166.0,166.0,5,166.0,136,166.0
2023-04-20 11:00:00+00:00,166.0,166.15,166.0,361,166.15,22914,166.014777
2023-04-20 11:01:00+00:00,165.97,165.99,165.9,115,165.99,9957,165.952807
2023-04-20 11:02:00+00:00,165.97,166.0,165.97,38,165.97,4473,165.980651
2023-04-20 11:03:00+00:00,166.01,166.01,166.0,15,166.0,616,166.001786
2023-04-20 11:05:00+00:00,165.95,166.05,165.95,45,166.0,4244,166.008332
2023-04-20 11:06:00+00:00,165.99,165.99,165.88,87,165.95,9188,165.910307
2023-04-20 11:07:00+00:00,165.98,165.99,165.98,12,165.99,1211,165.980735
2023-04-20 11:08:00+00:00,165.99,165.99,165.99,24,165.99,2211,165.988838
2023-04-20 11:10:00+00:00,166.0,166.0,166.0,50,166.0,2403,166.015347
2023-04-20 11:11:00+00:00,166.07,166.07,166.05,19,166.05,1434,166.061548
2023-04-20 11:12:00+00:00,166.12,166.12,166.01,43,166.05,3322,166.056165
2023-04-20 11:13:00+00:00,166.07,166.07,166.06,21,166.06,980,166.068622
2023-04-20 11:14:00+00:00,166.05,166.1,166.05,40,166.05,3360,166.053158
2023-04-20 11:15:00+00:00,166.1,166.1,166.1,13,166.1,694,166.107925
2023-04-20 11:18:00+00:00,166.14,166.14,166.14,11,166.14,219,166.137991
2023-04-20 11:19:00+00:00,166.15,166.15,166.13,28,166.14,1752,166.140074
2023-04-20 11:20:00+00:00,166.15,166.15,166.1,48,166.1,2742,166.121324
2023-04-20 11:21:00+00:00,166.15,166.15,166.15,19,166.15,651,166.162765
2023-04-20 11:22:00+00:00,166.15,166.19,166.15,53,166.19,7139,166.151059
2023-04-20 11:23:00+00:00,166.16,166.16,166.15,14,166.15,424,166.152783
2023-04-20 11:24:00+00:00,166.2,166.2,166.12,54,166.12,2715,166.163142
2023-04-20 11:25:00+00:00,166.2,166.2,166.2,16,166.2,1152,166.198672
2023-04-20 11:26:00+00:00,166.24,166.24,166.2,42,166.2,2392,166.230255
2023-04-20 11:27:00+00:00,166.25,166.25,166.25,31,166.25,7382,166.250454
2023-04-20 11:28:00+00:00,166.2,166.25,166.2,45,166.24,3459,166.207621
2023-04-20 11:29:00+00:00,166.16,166.16,166.16,10,166.16,199,166.176181
2023-04-20 11:31:00+00:00,166.15,166.16,166.14,16,166.14,871,166.150838
2023-04-20 11:34:00+00:00,166.1,166.1,166.1,17,166.1,406,166.091552
2023-04-20 11:37:00+00:00,166.15,166.15,166.1,40,166.1,1968,166.106621
2023-04-20 11:38:00+00:00,166.13,166.13,166.13,8,166.13,412,166.129806
2023-04-20 11:40:00+00:00,166.13,166.13,166.13,47,166.13,2263,166.131109
2023-04-20 11:41:00+00:00,166.28,166.28,166.2,45,166.2,1855,166.256825
2023-04-20 11:43:00+00:00,166.21,166.21,166.21,5,166.21,237,166.211139
2023-04-20 11:47:00+00:00,166.25,166.25,166.2,79,166.2,5657,166.23886
2023-04-20 11:48:00+00:00,166.23,166.23,166.23,21,166.23,705,166.225574
2023-04-20 11:49:00+00:00,166.23,166.25,166.23,25,166.25,729,166.239588
2023-04-20 11:50:00+00:00,166.2,166.22,166.2,46,166.22,1703,166.211069
2023-04-20 11:51:00+00:00,166.2,166.2,166.2,19,166.2,1214,166.200025
2023-04-20 11:52:00+00:00,166.0,166.23,165.99,356,166.23,26656,166.035448
2023-04-20 11:53:00+00:00,165.98,165.98,165.96,25,165.97,960,165.970333
2023-04-20 11:54:00+00:00,165.97,165.97,165.97,26,165.97,580,165.982414
2023-04-20 11:55:00+00:00,165.96,165.96,165.96,30,165.96,1396,165.960394
2023-04-20 11:56:00+00:00,165.97,165.97,165.94,30,165.94,1288,165.955163
2023-04-20 11:57:00+00:00,165.95,165.95,165.95,14,165.95,392,165.946658
2023-04-20 11:58:00+00:00,165.93,165.93,165.93,39,165.93,1699,165.932855
2023-04-20 11:59:00+00:00,166.0,166.0,165.99,16,165.99,817,165.990282
2023-04-20 12:00:00+00:00,165.75,167.211,165.72,703,166.11,64836,166.042627
2023-04-20 12:01:00+00:00,165.77,167.0,165.6826,875,165.75,12864,166.301123
2023-04-20 12:02:00+00:00,165.8887,167.0,165.77,212,167.0,4047,166.441119
2023-04-20 12:03:00+00:00,165.8778,165.8778,165.8778,26,165.8778,418,165.843212
2023-04-20 12:05:00+00:00,165.9,165.9,165.86,49,165.8811,3364,165.887073
2023-04-20 12:06:00+00:00,165.9,165.95,165.85,43,165.85,1982,165.888859
2023-04-20 12:07:00+00:00,165.96,165.98,165.885,34,165.9,2171,165.90807
2023-04-20 12:08:00+00:00,165.6,165.91,165.59,496,165.91,30960,165.699227
2023-04-20 12:09:00+00:00,165.59,165.6,165.58,72,165.6,2711,165.59374
2023-04-20 12:10:00+00:00,165.59,165.6,165.5622,72,165.5622,9844,165.597098
2023-04-20 12:11:00+00:00,165.59,165.61,165.58,59,165.59,3413,165.593763
2023-04-20 12:12:00+00:00,165.7199,165.75,165.7,28,165.75,855,165.703854
2023-04-20 12:13:00+00:00,165.61,165.65,165.61,32,165.65,1386,165.625808
2023-04-20 12:14:00+00:00,165.65,165.65,165.6497,65,165.65,3442,165.638476
2023-04-20 12:15:00+00:00,165.67,165.67,165.6,44,165.6,1822,165.624155
2023-04-20 12:16:00+00:00,165.68,165.68,165.63,78,165.63,3737,165.666446
2023-04-20 12:17:00+00:00,165.67,165.7399,165.67,38,165.7399,2224,165.678503
2023-04-20 12:18:00+00:00,165.7,165.72,165.69,85,165.69,5557,165.696696
2023-04-20 12:19:00+00:00,165.8,165.8,165.74,76,165.74,4877,165.757484
2023-04-20 12:20:00+00:00,165.89,165.89,165.8,155,165.8,11708,165.848524
2023-04-20 12:21:00+00:00,165.9384,165.9384,165.85,115,165.85,5950,165.885843
2023-04-20 12:22:00+00:00,165.95,165.95,165.9,76,165.9,6189,165.934497
2023-04-20 12:23:00+00:00,165.9006,165.95,165.9006,41,165.94,1528,165.943233
2023-04-20 12:24:00+00:00,165.96,165.98,165.95,53,165.96,4474,165.972885
2023-04-20 12:25:00+00:00,165.97,165.97,165.96,34,165.96,1087,165.966238
2023-04-20 12:28:00+00:00,165.98,165.98,165.9303,32,165.97,2607,165.974833
2023-04-20 12:29:00+00:00,165.98,166.02,165.95,88,165.99,7269,165.994573
2023-04-20 12:30:00+00:00,166.0001,166.19,166.0,56,166.11,9967,166.054567
2023-04-20 12:31:00+00:00,166.01,166.0547,165.87,142,165.98,9965,165.9185
2023-04-20 12:32:00+00:00,166.0,166.06,166.0,54,166.06,1685,166.045092
2023-04-20 12:33:00+00:00,166.0,166.0,165.9994,50,166.0,3441,165.998902
2023-04-20 12:34:00+00:00,166.02,166.02,166.02,39,166.02,1784,166.025841
2023-04-20 12:35:00+00:00,166.01,166.0807,165.98,33,166.02,3540,166.001234
2023-04-20 12:36:00+00:00,165.91,166.03,165.91,210,166.03,13916,166.00596
2023-04-20 12:37:00+00:00,165.85,165.9499,165.85,65,165.91,3202,165.890888
2023-04-20 12:38:00+00:00,165.91,165.98,165.91,112,165.95,5302,165.938356
2023-04-20 12:39:00+00:00,165.88,165.91,165.88,56,165.91,2534,165.889443
2023-04-20 12:40:00+00:00,165.87,165.87,165.87,42,165.87,965,165.86142
2023-04-20 12:41:00+00:00,165.94,165.94,165.9,89,165.9,8264,165.927291
2023-04-20 12:42:00+00:00,165.9699,165.9699,165.92,65,165.94,3943,165.944021
2023-04-20 12:43:00+00:00,165.94,165.98,165.94,55,165.94,4819,165.943078
2023-04-20 12:44:00+00:00,165.92,165.95,165.92,34,165.95,1219,165.932818
2023-04-20 12:45:00+00:00,165.98,165.98,165.94,39,165.94,1906,165.957094
2023-04-20 12:46:00+00:00,166.0841,166.0841,165.97,160,165.97,7346,165.999932
2023-04-20 12:47:00+00:00,166.0,166.06,165.96,267,166.0,19372,166.000912
2023-04-20 12:48:00+00:00,165.95,166.0,165.95,50,166.0,1118,165.975787
2023-04-20 12:49:00+00:00,165.95,165.98,165.95,35,165.97,710,165.969077
2023-04-20 12:50:00+00:00,165.96,165.98,165.96,95,165.98,7164,165.966377
2023-04-20 12:51:00+00:00,166.0,166.0729,165.9997,46,166.0,4784,166.025734
2023-04-20 12:52:00+00:00,166.0,166.0,165.99,90,165.99,4233,165.994101
2023-04-20 12:53:00+00:00,166.08,166.08,166.0,93,166.0,5483,166.041403
2023-04-20 12:54:00+00:00,166.09,166.1,166.05,96,166.07,3320,166.080223
2023-04-20 12:55:00+00:00,166.09,166.1814,166.09,93,166.09,5359,166.120005
2023-04-20 12:56:00+00:00,166.17,166.18,166.05,103,166.05,8965,166.141919
2023-04-20 12:57:00+00:00,166.16,166.19,166.15,70,166.15,2448,166.162643
2023-04-20 12:58:00+00:00,166.16,166.19,166.13,51,166.15,3559,166.15586
2023-04-20 12:59:00+00:00,166.01,166.13,166.01,140,166.13,3766,166.105731
2023-04-20 13:00:00+00:00,166.05,166.07,166.0,130,166.01,13087,166.043123
2023-04-20 13:01:00+00:00,165.98,166.01,165.98,124,166.01,8375,166.003521
2023-04-20 13:02:00+00:00,165.97,166.01,165.94,150,166.0,9944,165.98038
2023-04-20 13:03:00+00:00,166.0,166.0,165.94,159,165.95,14656,165.974374
2023-04-20 13:04:00+00:00,165.95,165.98,165.95,91,165.97,8567,165.956519
2023-04-20 13:05:00+00:00,166.02,166.02,165.95,99,165.95,3615,165.991972
2023-04-20 13:06:00+00:00,166.09,166.1,166.0567,58,166.0567,2331,166.082199
2023-04-20 13:07:00+00:00,166.01,166.09,166.01,79,166.09,8630,166.064172
2023-04-20 13:08:00+00:00,166.0,166.04,165.99,54,166.0,2275,166.013487
2023-04-20 13:09:00+00:00,166.12,166.12,166.02,87,166.02,4065,166.070836
2023-04-20 13:10:00+00:00,166.12,166.12,166.08,59,166.11,1770,166.093247
2023-04-20 13:11:00+00:00,166.03,166.1096,166.03,41,166.08,1179,166.063227
2023-04-20 13:12:00+00:00,166.02,166.04,166.02,33,166.03,1006,166.033422
2023-04-20 13:13:00+00:00,166.0449,166.05,165.99,95,166.02,6123,166.022826
2023-04-20 13:14:00+00:00,166.03,166.05,166.01,46,166.03,2365,166.017574
2023-04-20 13:15:00+00:00,166.05,166.05,166.03,72,166.03,2915,166.036621
2023-04-20 13:16:00+00:00,166.06,166.06,166.059,44,166.06,1052,166.056856
2023-04-20 13:17:00+00:00,166.01,166.07,166.005,64,166.07,2819,166.028002
2023-04-20 13:18:00+00:00,165.93,166.0,165.93,95,166.0,7387,165.969121
2023-04-20 13:19:00+00:00,165.94,165.95,165.9209,102,165.9499,6754,165.944219
2023-04-20 13:20:00+00:00,165.94,165.95,165.94,79,165.94,7150,165.947317
2023-04-20 13:21:00+00:00,165.94,165.95,165.93,73,165.93,4945,165.945274
2023-04-20 13:22:00+00:00,165.98,166.0,165.95,142,165.95,23770,165.962727
2023-04-20 13:23:00+00:00,166.01,166.01,166.0,45,166.0,1503,166.002524
2023-04-20 13:24:00+00:00,166.06,166.09,165.96,142,165.99,6152,166.023365
2023-04-20 13:25:00+00:00,166.0795,166.15,166.03,91,166.15,3720,166.072489
2023-04-20 13:26:00+00:00,166.05,166.0629,166.0,75,166.0629,2611,166.040788
2023-04-20 13:27:00+00:00,165.865,166.11,165.7,332,166.11,24723,165.918187
2023-04-20 13:28:00+00:00,165.9,165.99,165.9,77,165.96,2765,165.932482
2023-04-20 13:29:00+00:00,166.0,166.03,165.92,97,165.92,4844,165.981252
2023-04-20 13:30:00+00:00,166.47,166.98,165.89,7848,166.09,1880935,166.072942
2023-04-20 13:31:00+00:00,166.6,166.63,166.342,2512,166.4461,282164,166.484759
2023-04-20 13:32:00+00:00,166.78,166.7952,166.56,2027,166.61,217962,166.674959
2023-04-20 13:33:00+00:00,166.65,166.83,166.63,1993,166.75,251089,166.744434
2023-04-20 13:34:00+00:00,166.909,166.909,166.53,1889,166.645,246636,166.680241
2023-04-20 13:35:00+00:00,166.6699,166.98,166.655,2418,166.91,257263,166.861697
2023-04-20 13:36:00+00:00,166.705,166.7201,166.61,2306,166.66,238093,166.671921
2023-04-20 13:37:00+00:00,166.58,166.76,166.44,2903,166.705,275201,166.594525
2023-04-20 13:38:00+00:00,166.6767,166.69,166.5,1740,166.5601,172579,166.598266
2023-04-20 13:39:00+00:00,166.8,166.89,166.64,2767,166.68,292318,166.773609
2023-04-20 13:40:00+00:00,166.76,166.86,166.7,1849,166.8,179854,166.78672
2023-04-20 13:41:00+00:00,166.92,166.93,166.7,1628,166.76,137504,166.808494
2023-04-20 13:42:00+00:00,166.855,166.97,166.7901,2080,166.92,216149,166.876329
2023-04-20 13:43:00+00:00,167.07,167.09,166.86,3084,166.86,283323,167.007599
2023-04-20 13:44:00+00:00,167.1461,167.1899,166.97,2086,167.07,182912,167.072227
2023-04-20 13:45:00+00:00,167.225,167.23,167.04,2112,167.148,192936,167.129363
2023-04-20 13:46:00+00:00,167.27,167.33,167.19,2259,167.2283,221411,167.26187
2023-04-20 13:47:00+00:00,167.1197,167.27,167.06,4060,167.27,196605,167.16046
2023-04-20 13:48:00+00:00,167.13,167.21,167.06,3389,167.12,135368,167.141482
2023-04-20 13:49:00+00:00,166.9524,167.22,166.91,4894,167.13,265589,167.085248
2023-04-20 13:50:00+00:00,166.8658,167.01,166.76,4643,166.97,238135,166.878039
2023-04-20 13:51:00+00:00,166.9451,166.97,166.86,3772,166.8682,176522,166.921447
2023-04-20 13:52:00+00:00,167.065,167.0893,166.92,3771,166.945,197161,167.009817
2023-04-20 13:53:00+00:00,166.9514,167.1382,166.9101,3911,167.0649,198179,167.016861
2023-04-20 13:54:00+00:00,167.0801,167.1001,166.93,3187,166.96,119600,167.002731
2023-04-20 13:55:00+00:00,166.87,167.09,166.82,3608,167.0885,163174,166.934155
2023-04-20 13:56:00+00:00,166.9001,166.96,166.76,3228,166.86,125031,166.864969
2023-04-20 13:57:00+00:00,166.9,166.92,166.85,2884,166.91,84049,166.893159
2023-04-20 13:58:00+00:00,166.9,166.95,166.88,3100,166.91,106989,166.919097
2023-04-20 13:59:00+00:00,166.815,166.9,166.78,3129,166.89,105349,166.862028
2023-04-20 14:00:00+00:00,166.8,166.99,166.79,4056,166.81,195618,166.88409
2023-04-20 14:01:00+00:00,166.75,166.83,166.68,4290,166.82,191238,166.748077
2023-04-20 14:02:00+00:00,166.81,166.8167,166.69,3454,166.75,126135,166.749125
2023-04-20 14:03:00+00:00,166.87,166.94,166.82,3479,166.82,168843,166.885549
2023-04-20 14:04:00+00:00,166.815,166.9,166.75,3279,166.8701,122080,166.82367
2023-04-20 14:05:00+00:00,166.8988,166.9,166.741,3386,166.82,126422,166.798175
2023-04-20 14:06:00+00:00,166.877,166.965,166.79,3346,166.9051,136156,166.878773
2023-04-20 14:07:00+00:00,166.96,167.0,166.87,3126,166.87,151800,166.960288
2023-04-20 14:08:00+00:00,167.14,167.21,166.96,4022,166.96,283018,167.061975
2023-04-20 14:09:00+00:00,167.1372,167.2299,167.09,3730,167.1482,163197,167.160795
2023-04-20 14:10:00+00:00,167.33,167.4,167.12,3982,167.135,203569,167.272335
2023-04-20 14:11:00+00:00,167.31,167.3654,167.27,3215,167.34,110357,167.309093
2023-04-20 14:12:00+00:00,167.31,167.33,167.23,3245,167.31,122690,167.277607
2023-04-20 14:13:00+00:00,167.23,167.34,167.22,3239,167.3001,102905,167.283925
2023-04-20 14:14:00+00:00,167.165,167.25,167.14,3404,167.24,128477,167.184406
2023-04-20 14:15:00+00:00,167.235,167.2691,167.15,3148,167.16,92786,167.202572
2023-04-20 14:16:00+00:00,167.125,167.27,167.1115,3529,167.2372,122805,167.210449
2023-04-20 14:17:00+00:00,167.22,167.27,167.13,3302,167.13,120943,167.223829
2023-04-20 14:18:00+00:00,167.1591,167.22,167.09,3655,167.22,147195,167.168485
2023-04-20 14:19:00+00:00,167.2375,167.31,167.14,2831,167.1596,130661,167.238892
2023-04-20 14:20:00+00:00,167.2713,167.3,167.21,982,167.2353,104634,167.241587
2023-04-20 14:21:00+00:00,167.2131,167.2799,167.1303,1048,167.2701,95156,167.190526
2023-04-20 14:22:00+00:00,167.22,167.3,167.19,1105,167.2052,121843,167.26984
2023-04-20 14:23:00+00:00,167.0578,167.22,167.02,1404,167.22,161167,167.082633
2023-04-20 14:24:00+00:00,167.065,167.09,166.9804,1254,167.06,95827,167.029691
2023-04-20 14:25:00+00:00,167.11,167.13,167.04,1088,167.06,109289,167.087016
2023-04-20 14:26:00+00:00,167.1501,167.2286,167.1193,1043,167.12,101659,167.175233
2023-04-20 14:27:00+00:00,167.06,167.17,167.055,1058,167.15,108552,167.114367
2023-04-20 14:28:00+00:00,167.085,167.09,167.025,1078,167.0642,96894,167.063808
2023-04-20 14:29:00+00:00,167.04,167.145,167.025,1063,167.0829,101419,167.082413
2023-04-20 14:30:00+00:00,167.04,167.09,167.025,1100,167.04,100819,167.059433
2023-04-20 14:31:00+00:00,167.12,167.13,166.98,1116,167.03,98612,167.073151
2023-04-20 14:32:00+00:00,167.07,167.1673,167.03,968,167.125,104462,167.110861
2023-04-20 14:33:00+00:00,167.225,167.27,167.061,1509,167.0681,154244,167.169191
2023-04-20 14:34:00+00:00,167.04,167.27,167.04,1464,167.235,190926,167.198492
2023-04-20 14:35:00+00:00,166.995,167.07,166.98,1132,167.05,107152,167.019038
2023-04-20 14:36:00+00:00,166.865,167.0,166.84,1299,166.995,126889,166.902427
2023-04-20 14:37:00+00:00,166.9499,166.9901,166.87,905,166.87,101058,166.969249
2023-04-20 14:38:00+00:00,166.8,166.945,166.75,1368,166.945,139781,166.806553
2023-04-20 14:39:00+00:00,166.73,166.8166,166.7202,962,166.7862,110025,166.808556
2023-04-20 14:40:00+00:00,166.79,166.81,166.66,1315,166.73,132886,166.727741
2023-04-20 14:41:00+00:00,166.79,166.84,166.75,992,166.79,95270,166.793824
2023-04-20 14:42:00+00:00,166.7515,166.82,166.7438,798,166.7969,88502,166.779412
2023-04-20 14:43:00+00:00,166.77,166.81,166.75,732,166.76,57271,166.770708
2023-04-20 14:44:00+00:00,166.75,166.7787,166.72,886,166.77,64155,166.755557
2023-04-20 14:45:00+00:00,166.78,166.78,166.72,865,166.74,71521,166.75016
2023-04-20 14:46:00+00:00,166.74,166.91,166.74,1287,166.78,134312,166.826732
2023-04-20 14:47:00+00:00,166.8601,166.88,166.72,928,166.75,74410,166.808373
2023-04-20 14:48:00+00:00,166.93,166.965,166.84,1126,166.87,109374,166.896029
2023-04-20 14:49:00+00:00,166.95,166.9793,166.9,740,166.93,58910,166.932769
2023-04-20 14:50:00+00:00,166.98,167.01,166.95,1029,166.96,108425,166.977813
2023-04-20 14:51:00+00:00,166.9999,166.9999,166.92,704,166.99,71645,166.944797
2023-04-20 14:52:00+00:00,167.03,167.07,166.975,924,166.99,105614,167.031744
2023-04-20 14:53:00+00:00,166.9121,167.0559,166.91,773,167.035,63116,166.998356
2023-04-20 14:54:00+00:00,166.9039,166.9399,166.88,740,166.92,58248,166.902908
2023-04-20 14:55:00+00:00,166.955,166.96,166.86,698,166.9,52014,166.899026
2023-04-20 14:56:00+00:00,166.92,166.9504,166.87,656,166.95,76187,166.912035
2023-04-20 14:57:00+00:00,166.9599,166.995,166.92,830,166.92,74108,166.962029
2023-04-20 14:58:00+00:00,166.915,167.04,166.91,818,166.955,86795,166.977746
2023-04-20 14:59:00+00:00,166.86,166.92,166.82,829,166.92,79251,166.867983
2023-04-20 15:00:00+00:00,166.93,166.95,166.87,601,166.87,51038,166.917304
2023-04-20 15:01:00+00:00,166.8888,166.9339,166.84,703,166.93,72848,166.877585
2023-04-20 15:02:00+00:00,166.84,166.94,166.84,672,166.88,59801,166.883872
2023-04-20 15:03:00+00:00,166.81,166.855,166.775,903,166.84,81335,166.817377
2023-04-20 15:04:00+00:00,166.8395,166.86,166.8074,673,166.8074,49271,166.82911
2023-04-20 15:05:00+00:00,166.87,166.89,166.83,612,166.83,48151,166.868401
2023-04-20 15:06:00+00:00,166.755,166.8751,166.7432,790,166.86,74828,166.794998
2023-04-20 15:07:00+00:00,166.582,166.76,166.56,1702,166.75,193000,166.653557
2023-04-20 15:08:00+00:00,166.6964,166.729,166.51,1196,166.58,128248,166.61669
2023-04-20 15:09:00+00:00,166.72,166.75,166.7,709,166.7,61297,166.723958
2023-04-20 15:10:00+00:00,166.66,166.7499,166.65,620,166.72,55221,166.70108
2023-04-20 15:11:00+00:00,166.75,166.79,166.62,914,166.665,97583,166.697099
2023-04-20 15:12:00+00:00,166.83,166.83,166.73,627,166.74,63483,166.752035
2023-04-20 15:13:00+00:00,166.8,166.84,166.77,709,166.8212,58113,166.808083
2023-04-20 15:14:00+00:00,166.82,166.8586,166.8,774,166.8017,108376,166.842525
2023-04-20 15:15:00+00:00,166.81,166.82,166.62,1840,166.82,166534,166.735489
2023-04-20 15:16:00+00:00,166.895,166.9,166.8,855,166.805,82476,166.852408
2023-04-20 15:17:00+00:00,166.84,166.98,166.84,1034,166.895,109889,166.910078
2023-04-20 15:18:00+00:00,166.9409,166.9689,166.8404,817,166.845,91061,166.89284
2023-04-20 15:19:00+00:00,167.005,167.005,166.9079,1022,166.94,120809,166.955742
2023-04-20 15:20:00+00:00,166.985,167.07,166.94,1230,167.01,139973,166.998056
2023-04-20 15:21:00+00:00,166.9979,167.01,166.92,941,166.98,116629,166.956792
2023-04-20 15:22:00+00:00,167.066,167.11,166.99,770,166.9931,84645,167.05573
2023-04-20 15:23:00+00:00,167.01,167.13,166.98,825,167.065,90950,167.065671
2023-04-20 15:24:00+00:00,167.02,167.02,166.94,840,167.015,78995,166.981716
2023-04-20 15:25:00+00:00,166.98,167.045,166.94,846,167.02,91251,166.988046
2023-04-20 15:26:00+00:00,166.9939,167.0,166.87,838,166.985,86154,166.912283
2023-04-20 15:27:00+00:00,166.995,167.0,166.92,530,167.0,37804,166.96207
2023-04-20 15:28:00+00:00,167.0599,167.0679,166.98,684,166.99,78710,167.040298
2023-04-20 15:29:00+00:00,167.14,167.17,167.045,761,167.0616,85861,167.095641
2023-04-20 15:30:00+00:00,167.18,167.19,167.13,747,167.1424,71432,167.153972
2023-04-20 15:31:00+00:00,167.0925,167.185,167.06,822,167.18,84017,167.109902
2023-04-20 15:32:00+00:00,167.01,167.09,167.01,860,167.09,94027,167.042036
2023-04-20 15:33:00+00:00,167.075,167.075,166.975,807,167.01,66173,167.012194
2023-04-20 15:34:00+00:00,166.94,167.08,166.91,767,167.08,78096,167.006432
2023-04-20 15:35:00+00:00,166.96,166.9607,166.9,850,166.9354,94109,166.923032
2023-04-20 15:36:00+00:00,167.04,167.075,166.97,712,166.97,73164,167.036934
2023-04-20 15:37:00+00:00,166.985,167.03,166.9701,572,167.03,50441,167.00424
2023-04-20 15:38:00+00:00,166.95,167.02,166.92,621,166.99,67259,166.971855
2023-04-20 15:39:00+00:00,166.93,166.965,166.91,524,166.945,34539,166.942519
2023-04-20 15:40:00+00:00,167.0001,167.02,166.925,679,166.94,65604,166.965065
2023-04-20 15:41:00+00:00,167.2101,167.225,167.0001,1268,167.0001,142953,167.132765
2023-04-20 15:42:00+00:00,167.27,167.27,167.18,974,167.2112,219801,167.230003
2023-04-20 15:43:00+00:00,167.38,167.44,167.28,1368,167.28,159951,167.353127
2023-04-20 15:44:00+00:00,167.3299,167.4025,167.31,922,167.39,104603,167.346354
2023-04-20 15:45:00+00:00,167.385,167.41,167.325,707,167.325,80383,167.372857
2023-04-20 15:46:00+00:00,167.4101,167.42,167.36,719,167.385,77580,167.389771
2023-04-20 15:47:00+00:00,167.4,167.46,167.37,797,167.4134,80070,167.415898
2023-04-20 15:48:00+00:00,167.32,167.4,167.32,765,167.4,72733,167.355448
2023-04-20 15:49:00+00:00,167.33,167.39,167.28,775,167.33,92733,167.347332
2023-04-20 15:50:00+00:00,167.27,167.34,167.25,673,167.32,72360,167.290711
2023-04-20 15:51:00+00:00,167.37,167.39,167.275,651,167.2769,56562,167.335912
2023-04-20 15:52:00+00:00,167.455,167.46,167.37,669,167.38,91899,167.421948
2023-04-20 15:53:00+00:00,167.39,167.49,167.37,956,167.455,96137,167.432473
2023-04-20 15:54:00+00:00,167.5211,167.54,167.39,1332,167.39,117269,167.480952
2023-04-20 15:55:00+00:00,167.4654,167.5287,167.41,689,167.52,74010,167.469871
2023-04-20 15:56:00+00:00,167.525,167.53,167.41,717,167.4501,94439,167.48325
2023-04-20 15:57:00+00:00,167.48,167.5389,167.4307,854,167.53,76686,167.478026
2023-04-20 15:58:00+00:00,167.3921,167.495,167.375,849,167.49,88139,167.421289
2023-04-20 15:59:00+00:00,167.28,167.39,167.27,787,167.387,81937,167.322337
2023-04-20 16:00:00+00:00,167.145,167.3279,167.14,1055,167.28,103959,167.236563
2023-04-20 16:01:00+00:00,167.18,167.19,167.09,937,167.15,117568,167.146633
2023-04-20 16:02:00+00:00,167.185,167.2,167.16,570,167.19,51334,167.178669
2023-04-20 16:03:00+00:00,167.13,167.1916,167.12,553,167.1822,36770,167.157962
2023-04-20 16:04:00+00:00,167.075,167.1283,167.0409,705,167.1283,86561,167.097774
2023-04-20 16:05:00+00:00,167.0201,167.0715,166.96,793,167.065,82670,167.008962
2023-04-20 16:06:00+00:00,167.079,167.1,167.0,707,167.03,75293,167.058509
2023-04-20 16:07:00+00:00,167.09,167.14,167.05,640,167.0791,68914,167.091902
2023-04-20 16:08:00+00:00,167.1088,167.13,167.0801,528,167.1,60761,167.09531
2023-04-20 16:09:00+00:00,167.16,167.16,167.05,684,167.108,69789,167.091015
2023-04-20 16:10:00+00:00,167.22,167.23,167.14,807,167.16,90742,167.182744
2023-04-20 16:11:00+00:00,167.219,167.24,167.2,547,167.21,67652,167.224336
2023-04-20 16:12:00+00:00,167.19,167.27,167.1715,564,167.21,72455,167.218822
2023-04-20 16:13:00+00:00,167.17,167.2,167.11,564,167.19,63225,167.139609
2023-04-20 16:14:00+00:00,167.175,167.21,167.15,497,167.16,62670,167.175621
2023-04-20 16:15:00+00:00,167.17,167.21,167.15,499,167.18,53568,167.180422
2023-04-20 16:16:00+00:00,167.19,167.19,167.1417,445,167.17,45116,167.166912
2023-04-20 16:17:00+00:00,167.21,167.24,167.1507,515,167.18,51322,167.196728
2023-04-20 16:18:00+00:00,167.235,167.237,167.18,395,167.21,35024,167.205521
2023-04-20 16:19:00+00:00,167.275,167.2799,167.22,567,167.235,70247,167.242941
2023-04-20 16:20:00+00:00,167.3141,167.36,167.27,819,167.27,99741,167.31477
2023-04-20 16:21:00+00:00,167.355,167.36,167.251,684,167.315,85875,167.289363
2023-04-20 16:22:00+00:00,167.265,167.38,167.2514,559,167.355,71710,167.327821
2023-04-20 16:23:00+00:00,167.27,167.28,167.22,491,167.2676,42149,167.249548
2023-04-20 16:24:00+00:00,167.33,167.37,167.28,510,167.28,52853,167.329739
2023-04-20 16:25:00+00:00,167.3,167.335,167.26,499,167.33,48446,167.294612
2023-04-20 16:26:00+00:00,167.4141,167.42,167.305,556,167.305,59563,167.376858
2023-04-20 16:27:00+00:00,167.46,167.49,167.415,806,167.4194,80339,167.454527
2023-04-20 16:28:00+00:00,167.45,167.455,167.4,559,167.455,52785,167.430561
2023-04-20 16:29:00+00:00,167.41,167.455,167.37,467,167.445,47461,167.414764
2023-04-20 16:30:00+00:00,167.445,167.4501,167.38,578,167.41,61509,167.413873
2023-04-20 16:31:00+00:00,167.4798,167.5,167.43,634,167.4401,70664,167.471077
2023-04-20 16:32:00+00:00,167.57,167.59,167.47,905,167.47,102426,167.526337
2023-04-20 16:33:00+00:00,167.635,167.7,167.5666,1513,167.5666,152206,167.643639
2023-04-20 16:34:00+00:00,167.635,167.69,167.6077,729,167.64,99994,167.657054
2023-04-20 16:35:00+00:00,167.6999,167.72,167.62,939,167.64,105031,167.669784
2023-04-20 16:36:00+00:00,167.8355,167.87,167.6821,1633,167.695,189015,167.781582
2023-04-20 16:37:00+00:00,167.7192,167.87,167.71,1034,167.836,123642,167.810249
2023-04-20 16:38:00+00:00,167.6913,167.73,167.62,856,167.7199,91954,167.674624
2023-04-20 16:39:00+00:00,167.59,167.6919,167.585,738,167.6919,75080,167.628429
2023-04-20 16:40:00+00:00,167.5188,167.5888,167.49,855,167.585,97485,167.531161
2023-04-20 16:41:00+00:00,167.5211,167.55,167.49,496,167.51,47709,167.527263
2023-04-20 16:42:00+00:00,167.45,167.56,167.45,648,167.52,59622,167.512175
2023-04-20 16:43:00+00:00,167.51,167.51,167.4701,506,167.475,42711,167.495455
2023-04-20 16:44:00+00:00,167.4384,167.54,167.42,703,167.5089,70826,167.484102
2023-04-20 16:45:00+00:00,167.46,167.4995,167.43,556,167.435,47274,167.472851
2023-04-20 16:46:00+00:00,167.51,167.5178,167.44,470,167.4604,37821,167.481866
2023-04-20 16:47:00+00:00,167.5301,167.58,167.515,774,167.52,81970,167.544203
2023-04-20 16:48:00+00:00,167.61,167.61,167.54,670,167.5456,57212,167.575343
2023-04-20 16:49:00+00:00,167.56,167.63,167.55,652,167.61,52828,167.593852
2023-04-20 16:50:00+00:00,167.64,167.67,167.55,644,167.5618,68745,167.601285
2023-04-20 16:51:00+00:00,167.61,167.655,167.58,536,167.6399,51771,167.617325
2023-04-20 16:52:00+00:00,167.51,167.625,167.5,786,167.62,68550,167.57261
2023-04-20 16:53:00+00:00,167.55,167.58,167.505,446,167.505,44622,167.547946
2023-04-20 16:54:00+00:00,167.6901,167.7,167.5386,839,167.555,96910,167.639864
2023-04-20 16:55:00+00:00,167.695,167.71,167.67,660,167.695,59314,167.680927
2023-04-20 16:56:00+00:00,167.63,167.73,167.62,709,167.7,61905,167.67902
2023-04-20 16:57:00+00:00,167.6605,167.72,167.61,697,167.62,65388,167.671628
2023-04-20 16:58:00+00:00,167.68,167.71,167.66,541,167.66,43253,167.687728
2023-04-20 16:59:00+00:00,167.7,167.74,167.66,756,167.6788,71676,167.691942
2023-04-20 17:00:00+00:00,167.695,167.78,167.655,936,167.695,115964,167.724423
2023-04-20 17:01:00+00:00,167.6,167.69,167.59,757,167.69,62210,167.644574
2023-04-20 17:02:00+00:00,167.65,167.66,167.59,493,167.595,39785,167.628889
2023-04-20 17:03:00+00:00,167.6,167.66,167.59,616,167.65,55262,167.629854
2023-04-20 17:04:00+00:00,167.576,167.6557,167.56,719,167.61,77130,167.606186
2023-04-20 17:05:00+00:00,167.635,167.66,167.58,606,167.58,47817,167.625716
2023-04-20 17:06:00+00:00,167.645,167.7,167.625,869,167.63,81650,167.653777
2023-04-20 17:07:00+00:00,167.6901,167.71,167.635,501,167.6438,56950,167.66989
2023-04-20 17:08:00+00:00,167.7,167.74,167.68,787,167.69,67505,167.706885
2023-04-20 17:09:00+00:00,167.6644,167.73,167.65,568,167.705,42409,167.678655
2023-04-20 17:10:00+00:00,167.7279,167.73,167.63,610,167.665,79214,167.68391
2023-04-20 17:11:00+00:00,167.805,167.84,167.725,1289,167.73,130361,167.792055
2023-04-20 17:12:00+00:00,167.7283,167.81,167.72,715,167.8,89912,167.75099
2023-04-20 17:13:00+00:00,167.7532,167.77,167.73,452,167.73,44028,167.753403
2023-04-20 17:14:00+00:00,167.84,167.86,167.755,729,167.76,93894,167.819782
2023-04-20 17:15:00+00:00,167.82,167.84,167.8,660,167.84,56928,167.818031
2023-04-20 17:16:00+00:00,167.825,167.84,167.7999,628,167.825,62345,167.815142
2023-04-20 17:17:00+00:00,167.75,167.83,167.72,625,167.825,64201,167.765901
2023-04-20 17:18:00+00:00,167.7619,167.7899,167.76,440,167.76,53120,167.775875
2023-04-20 17:19:00+00:00,167.77,167.8384,167.76,568,167.76,55227,167.79264
2023-04-20 17:20:00+00:00,167.7401,167.78,167.725,539,167.77,52693,167.757498
2023-04-20 17:21:00+00:00,167.6545,167.76,167.6402,798,167.7401,97461,167.699668
2023-04-20 17:22:00+00:00,167.65,167.6899,167.62,855,167.65,84006,167.650672
2023-04-20 17:23:00+00:00,167.64,167.6599,167.61,641,167.64,56702,167.624229
2023-04-20 17:24:00+00:00,167.63,167.6699,167.6201,464,167.6321,40184,167.639408
2023-04-20 17:25:00+00:00,167.6871,167.695,167.6201,576,167.64,65238,167.648709
2023-04-20 17:26:00+00:00,167.65,167.7199,167.6437,565,167.685,53530,167.687941
2023-04-20 17:27:00+00:00,167.65,167.6699,167.615,490,167.64,35674,167.639548
2023-04-20 17:28:00+00:00,167.6358,167.68,167.62,600,167.6499,56476,167.651108
2023-04-20 17:29:00+00:00,167.6009,167.6573,167.6,528,167.64,38288,167.578626
2023-04-20 17:30:00+00:00,167.6627,167.71,167.605,905,167.61,108040,167.671871
2023-04-20 17:31:00+00:00,167.5945,167.68,167.59,765,167.67,64747,167.619822
2023-04-20 17:32:00+00:00,167.53,167.5969,167.51,883,167.5901,107775,167.538454
2023-04-20 17:33:00+00:00,167.4809,167.5309,167.46,1154,167.5309,102627,167.494172
2023-04-20 17:34:00+00:00,167.52,167.5299,167.44,829,167.48,81874,167.471899
2023-04-20 17:35:00+00:00,167.5821,167.585,167.52,482,167.5275,54793,167.558119
2023-04-20 17:36:00+00:00,167.6281,167.6301,167.58,459,167.58,53193,167.600883
2023-04-20 17:37:00+00:00,167.6,167.6701,167.585,599,167.63,59878,167.630677
2023-04-20 17:38:00+00:00,167.615,167.6499,167.58,376,167.6099,34497,167.622942
2023-04-20 17:39:00+00:00,167.67,167.67,167.595,447,167.615,35005,167.632006
2023-04-20 17:40:00+00:00,167.7012,167.72,167.65,609,167.67,63747,167.682186
2023-04-20 17:41:00+00:00,167.62,167.71,167.61,613,167.71,57347,167.647607
2023-04-20 17:42:00+00:00,167.64,167.68,167.61,469,167.615,37070,167.647939
2023-04-20 17:43:00+00:00,167.67,167.72,167.645,420,167.6469,40972,167.688988
2023-04-20 17:44:00+00:00,167.6599,167.7,167.6587,334,167.67,21826,167.675763
2023-04-20 17:45:00+00:00,167.64,167.68,167.62,485,167.6545,47932,167.648814
2023-04-20 17:46:00+00:00,167.6007,167.67,167.59,515,167.64,36031,167.627054
2023-04-20 17:47:00+00:00,167.63,167.63,167.59,329,167.6,18530,167.600703
2023-04-20 17:48:00+00:00,167.6484,167.675,167.625,457,167.63,50480,167.652205
2023-04-20 17:49:00+00:00,167.61,167.655,167.61,423,167.6465,31989,167.631144
2023-04-20 17:50:00+00:00,167.62,167.62,167.56,535,167.609,51234,167.588132
2023-04-20 17:51:00+00:00,167.625,167.6555,167.5901,443,167.62,42359,167.624988
2023-04-20 17:52:00+00:00,167.675,167.7,167.63,613,167.63,52881,167.666081
2023-04-20 17:53:00+00:00,167.6888,167.71,167.67,602,167.68,74674,167.694719
2023-04-20 17:54:00+00:00,167.733,167.74,167.69,588,167.695,58628,167.722998
2023-04-20 17:55:00+00:00,167.7,167.75,167.65,529,167.74,42507,167.692896
2023-04-20 17:56:00+00:00,167.6001,167.7078,167.5999,640,167.7,65164,167.667375
2023-04-20 17:57:00+00:00,167.475,167.607,167.47,888,167.607,84037,167.503537
2023-04-20 17:58:00+00:00,167.5,167.55,167.465,552,167.4701,42434,167.517787
2023-04-20 17:59:00+00:00,167.47,167.505,167.45,584,167.5041,53163,167.472279
2023-04-20 18:00:00+00:00,167.41,167.48,167.38,956,167.47,97914,167.429093
2023-04-20 18:01:00+00:00,167.46,167.4702,167.38,642,167.4,71703,167.433225
2023-04-20 18:02:00+00:00,167.485,167.5,167.4501,496,167.4501,50713,167.474536
2023-04-20 18:03:00+00:00,167.4147,167.48,167.3,1419,167.48,113568,167.416066
2023-04-20 18:04:00+00:00,167.4548,167.46,167.3801,666,167.42,60319,167.423983
2023-04-20 18:05:00+00:00,167.37,167.45,167.35,796,167.45,70974,167.392285
2023-04-20 18:06:00+00:00,167.35,167.405,167.26,1176,167.375,116357,167.353781
2023-04-20 18:07:00+00:00,167.355,167.4,167.335,694,167.35,65239,167.373169
2023-04-20 18:08:00+00:00,167.37,167.41,167.32,890,167.35,84523,167.36897
2023-04-20 18:09:00+00:00,167.35,167.37,167.3,672,167.365,62953,167.32485
2023-04-20 18:10:00+00:00,167.3669,167.37,167.29,784,167.34,87657,167.328974
2023-04-20 18:11:00+00:00,167.39,167.41,167.36,693,167.37,71913,167.381441
2023-04-20 18:12:00+00:00,167.39,167.42,167.3501,742,167.4,78482,167.390516
2023-04-20 18:13:00+00:00,167.36,167.42,167.35,486,167.3923,49760,167.387911
2023-04-20 18:14:00+00:00,167.3628,167.3792,167.31,488,167.35,53119,167.342179
2023-04-20 18:15:00+00:00,167.3101,167.38,167.31,678,167.36,72276,167.345548
2023-04-20 18:16:00+00:00,167.245,167.33,167.2404,1155,167.3165,106681,167.290125
2023-04-20 18:17:00+00:00,167.218,167.2499,167.17,898,167.2499,101837,167.20437
2023-04-20 18:18:00+00:00,167.12,167.23,167.12,679,167.2101,64797,167.171617
2023-04-20 18:19:00+00:00,167.15,167.16,167.07,1138,167.11,124508,167.11479
2023-04-20 18:20:00+00:00,167.12,167.1427,167.0899,789,167.1427,70184,167.118655
2023-04-20 18:21:00+00:00,167.095,167.12,167.03,1114,167.12,132823,167.07587
2023-04-20 18:22:00+00:00,167.11,167.13,167.07,647,167.095,74141,167.106332
2023-04-20 18:23:00+00:00,167.155,167.19,167.0901,966,167.115,114890,167.142476
2023-04-20 18:24:00+00:00,167.0868,167.15,167.075,672,167.15,64933,167.111137
2023-04-20 18:25:00+00:00,167.0611,167.12,167.06,670,167.09,58500,167.085566
2023-04-20 18:26:00+00:00,166.97,167.07,166.92,1299,167.068,139199,166.975675
2023-04-20 18:27:00+00:00,166.894,166.975,166.85,1090,166.9737,109881,166.894885
2023-04-20 18:28:00+00:00,166.92,166.92,166.83,825,166.89,79033,166.875566
2023-04-20 18:29:00+00:00,166.87,166.94,166.85,694,166.9216,66645,166.886754
2023-04-20 18:30:00+00:00,166.835,166.89,166.8299,783,166.86,77307,166.869292
2023-04-20 18:31:00+00:00,166.72,166.8424,166.72,1234,166.835,147500,166.768624
2023-04-20 18:32:00+00:00,166.68,166.725,166.62,1267,166.72,212801,166.651513
2023-04-20 18:33:00+00:00,166.7787,166.78,166.6501,951,166.68,91651,166.714666
2023-04-20 18:34:00+00:00,166.68,166.7748,166.64,1024,166.7748,87569,166.710632
2023-04-20 18:35:00+00:00,166.57,166.71,166.57,1140,166.68,155861,166.628203
2023-04-20 18:36:00+00:00,166.52,166.59,166.5,1030,166.57,113916,166.540558
2023-04-20 18:37:00+00:00,166.57,166.57,166.455,1123,166.525,141597,166.499542
2023-04-20 18:38:00+00:00,166.5299,166.57,166.52,742,166.56,70850,166.549087
2023-04-20 18:39:00+00:00,166.54,166.54,166.45,1168,166.52,123482,166.488145
2023-04-20 18:40:00+00:00,166.42,166.5409,166.41,981,166.54,108829,166.465973
2023-04-20 18:41:00+00:00,166.3825,166.43,166.32,1467,166.41,170272,166.364642
2023-04-20 18:42:00+00:00,166.3217,166.41,166.315,951,166.39,111105,166.374157
2023-04-20 18:43:00+00:00,166.33,166.33,166.2301,1049,166.325,124007,166.271053
2023-04-20 18:44:00+00:00,166.3401,166.37,166.2757,991,166.32,102030,166.323094
2023-04-20 18:45:00+00:00,166.375,166.385,166.28,807,166.34,103500,166.320471
2023-04-20 18:46:00+00:00,166.395,166.425,166.3799,927,166.38,113711,166.39383
2023-04-20 18:47:00+00:00,166.38,166.44,166.36,900,166.4,95557,166.404351
2023-04-20 18:48:00+00:00,166.32,166.45,166.32,862,166.37,110436,166.400916
2023-04-20 18:49:00+00:00,166.285,166.3281,166.25,931,166.32,95488,166.285843
2023-04-20 18:50:00+00:00,166.39,166.39,166.26,957,166.28,85714,166.344462
2023-04-20 18:51:00+00:00,166.375,166.39,166.32,681,166.39,76565,166.361331
2023-04-20 18:52:00+00:00,166.34,166.38,166.31,560,166.3736,52421,166.340314
2023-04-20 18:53:00+00:00,166.323,166.34,166.26,585,166.335,61104,166.297937
2023-04-20 18:54:00+00:00,166.3351,166.39,166.3,760,166.32,72634,166.342861
2023-04-20 18:55:00+00:00,166.3,166.33,166.26,789,166.33,78898,166.297682
2023-04-20 18:56:00+00:00,166.405,166.415,166.2873,846,166.3,96455,166.338397
2023-04-20 18:57:00+00:00,166.5399,166.54,166.4001,972,166.41,112314,166.453675
2023-04-20 18:58:00+00:00,166.491,166.54,166.49,924,166.53,116446,166.516292
2023-04-20 18:59:00+00:00,166.56,166.6,166.4744,966,166.495,120809,166.555949
2023-04-20 19:00:00+00:00,166.595,166.64,166.545,1142,166.56,126344,166.603204
2023-04-20 19:01:00+00:00,166.57,166.62,166.5646,620,166.59,64078,166.585442
2023-04-20 19:02:00+00:00,166.61,166.62,166.57,577,166.57,51363,166.597704
2023-04-20 19:03:00+00:00,166.44,166.62,166.44,988,166.61,103483,166.556314
2023-04-20 19:04:00+00:00,166.2501,166.45,166.22,1309,166.425,235891,166.319013
2023-04-20 19:05:00+00:00,166.14,166.28,166.14,1478,166.2543,142238,166.205427
2023-04-20 19:06:00+00:00,166.1999,166.23,166.1105,1156,166.135,144904,166.174563
2023-04-20 19:07:00+00:00,166.2512,166.29,166.155,1013,166.19,104714,166.229273
2023-04-20 19:08:00+00:00,166.255,166.275,166.19,1116,166.2599,91866,166.238035
2023-04-20 19:09:00+00:00,166.2497,166.29,166.2,1021,166.25,89939,166.237228
2023-04-20 19:10:00+00:00,166.11,166.25,166.11,1296,166.25,108187,166.15519
2023-04-20 19:11:00+00:00,166.16,166.18,166.07,1228,166.11,153949,166.115802
2023-04-20 19:12:00+00:00,166.09,166.185,166.07,927,166.151,133989,166.106411
2023-04-20 19:13:00+00:00,166.07,166.1199,166.04,1347,166.09,179040,166.081024
2023-04-20 19:14:00+00:00,166.0312,166.11,166.0,1278,166.06,119424,166.053101
2023-04-20 19:15:00+00:00,165.9973,166.075,165.99,1767,166.03,152364,166.019243
2023-04-20 19:16:00+00:00,165.9,165.99,165.9,1409,165.99,163738,165.946386
2023-04-20 19:17:00+00:00,165.925,165.97,165.88,1333,165.9,157572,165.931545
2023-04-20 19:18:00+00:00,165.885,165.92,165.81,1377,165.92,169724,165.854157
2023-04-20 19:19:00+00:00,165.86,165.9499,165.85,1121,165.888,133388,165.893784
2023-04-20 19:20:00+00:00,165.765,165.86,165.731,1726,165.86,165894,165.791244
2023-04-20 19:21:00+00:00,165.84,165.87,165.71,1399,165.76,159619,165.79072
2023-04-20 19:22:00+00:00,165.74,165.85,165.68,1274,165.8484,152895,165.743971
2023-04-20 19:23:00+00:00,165.78,165.78,165.655,1121,165.73,113611,165.706898
2023-04-20 19:24:00+00:00,165.735,165.83,165.73,875,165.76,75852,165.77775
2023-04-20 19:25:00+00:00,165.73,165.79,165.68,1115,165.73,127979,165.740446
2023-04-20 19:26:00+00:00,165.635,165.75,165.63,1019,165.725,94119,165.678157
2023-04-20 19:27:00+00:00,165.655,165.7,165.63,1149,165.64,96940,165.66829
2023-04-20 19:28:00+00:00,165.585,165.65,165.56,1600,165.65,617139,165.635685
2023-04-20 19:29:00+00:00,165.62,165.695,165.58,1234,165.58,122748,165.648821
2023-04-20 19:30:00+00:00,165.8179,165.83,165.625,1605,165.625,195870,165.763033
2023-04-20 19:31:00+00:00,165.865,165.91,165.81,1412,165.815,170040,165.864753
2023-04-20 19:32:00+00:00,165.8199,165.92,165.805,1379,165.865,141390,165.857358
2023-04-20 19:33:00+00:00,165.904,165.92,165.8,1209,165.81,123744,165.852356
2023-04-20 19:34:00+00:00,165.93,165.97,165.9005,1447,165.9005,169595,165.948042
2023-04-20 19:35:00+00:00,165.9,165.97,165.87,1116,165.925,133025,165.916885
2023-04-20 19:36:00+00:00,165.7928,165.92,165.785,1022,165.91,95880,165.860695
2023-04-20 19:37:00+00:00,165.9003,165.93,165.775,1391,165.805,158969,165.844232
2023-04-20 19:38:00+00:00,165.9101,165.95,165.8911,1044,165.9001,101911,165.915397
2023-04-20 19:39:00+00:00,166.015,166.015,165.9,1219,165.91,147679,165.964677
2023-04-20 19:40:00+00:00,165.98,166.0659,165.95,1325,166.02,143522,166.006694
2023-04-20 19:41:00+00:00,166.039,166.06,165.98,1240,165.99,128444,166.013245
2023-04-20 19:42:00+00:00,165.92,166.05,165.91,941,166.04,242643,166.04553
2023-04-20 19:43:00+00:00,165.945,165.98,165.87,1001,165.925,99469,165.91314
2023-04-20 19:44:00+00:00,165.83,165.945,165.81,1194,165.945,124149,165.870039
2023-04-20 19:45:00+00:00,165.97,165.9899,165.835,1300,165.84,134622,165.922357
2023-04-20 19:46:00+00:00,165.9401,166.04,165.9315,1221,165.97,122165,165.974617
2023-04-20 19:47:00+00:00,165.86,165.98,165.84,971,165.95,89054,165.901358
2023-04-20 19:48:00+00:00,165.8862,165.95,165.85,1018,165.855,106621,165.902393
2023-04-20 19:49:00+00:00,165.9876,166.005,165.89,1236,165.89,124506,165.9566
2023-04-20 19:50:00+00:00,165.98,166.0,165.8,2947,165.985,301332,165.901056
2023-04-20 19:51:00+00:00,166.02,166.04,165.94,1903,165.98,191197,165.992936
2023-04-20 19:52:00+00:00,166.14,166.15,166.03,1949,166.03,216213,166.088491
2023-04-20 19:53:00+00:00,166.1991,166.21,166.13,1861,166.135,203243,166.162155
2023-04-20 19:54:00+00:00,166.26,166.27,166.18,2390,166.1858,265094,166.217352
2023-04-20 19:55:00+00:00,166.56,166.65,166.27,4650,166.27,464762,166.516984
2023-04-20 19:56:00+00:00,166.445,166.595,166.44,2397,166.555,265330,166.516113
2023-04-20 19:57:00+00:00,166.47,166.55,166.445,2908,166.45,277255,166.512487
2023-04-20 19:58:00+00:00,166.45,166.49,166.42,2878,166.4601,284801,166.456372
2023-04-20 19:59:00+00:00,166.65,166.67,166.445,6711,166.445,821799,166.554092
2023-04-20 20:00:00+00:00,166.6,166.65,166.55,238,166.65,7476159,166.649856
2023-04-20 20:01:00+00:00,166.73,166.74,166.58,227,166.59,182478,166.648033
2023-04-20 20:02:00+00:00,166.65,166.76,166.65,135,166.73,52588,166.665004
2023-04-20 20:03:00+00:00,166.65,166.66,166.63,69,166.64,9874,166.647265
2023-04-20 20:04:00+00:00,166.76,166.7797,166.64,166,166.65,18323,166.682825
2023-04-20 20:05:00+00:00,166.72,166.7499,166.72,31,166.7499,4636,166.731018
2023-04-20 20:06:00+00:00,166.71,166.75,166.65,90,166.69,81562,166.662034
2023-04-20 20:07:00+00:00,166.65,166.78,166.65,69,166.72,43631,166.674145
2023-04-20 20:08:00+00:00,166.75,166.75,166.73,29,166.73,51842,166.655493
2023-04-20 20:09:00+00:00,166.7,166.75,166.7,48,166.75,6954,166.726986
2023-04-20 20:10:00+00:00,166.69,166.69,166.69,27,166.69,767,166.692957
2023-04-20 20:11:00+00:00,166.69,166.73,166.69,60,166.69,5012,166.702304
2023-04-20 20:12:00+00:00,166.71,166.72,166.68,19,166.68,576,166.709453
2023-04-20 20:13:00+00:00,166.71,166.73,166.71,17,166.73,1255,166.726327
2023-04-20 20:14:00+00:00,166.73,166.73,166.73,10,166.73,1218,166.728087
2023-04-20 20:15:00+00:00,166.72,166.72,166.72,18,166.72,285,166.718589
2023-04-20 20:16:00+00:00,166.7,166.7022,166.7,20,166.7022,931,166.702342
2023-04-20 20:18:00+00:00,166.69,166.69,166.69,17,166.69,271,161.56499
2023-04-20 20:19:00+00:00,166.6703,166.6703,166.65,24,166.65,19059,166.653257
2023-04-20 20:20:00+00:00,166.71,166.71,166.71,13,166.71,210,166.700088
2023-04-20 20:21:00+00:00,166.7,166.73,166.7,29,166.71,2850,166.718036
2023-04-20 20:22:00+00:00,166.67,166.68,166.67,23,166.68,1438,166.67991
2023-04-20 20:25:00+00:00,166.68,166.7,166.68,15,166.7,406,166.695086
2023-04-20 20:26:00+00:00,166.71,166.73,166.7,30,166.7,1793,166.709138
2023-04-20 20:28:00+00:00,166.7291,166.7291,166.7291,3,166.7291,102,166.728922
2023-04-20 20:29:00+00:00,166.73,166.73,166.71,15,166.71,3350,166.71763
2023-04-20 20:30:00+00:00,166.73,166.73,166.73,16,166.73,1440,166.730883
2023-04-20 20:32:00+00:00,166.71,166.76,166.71,38,166.76,7684,166.719299
2023-04-20 20:33:00+00:00,166.67,166.7,166.67,36,166.7,3511,166.687832
2023-04-20 20:34:00+00:00,166.67,166.67,166.67,19,166.67,850,166.670412
2023-04-20 20:35:00+00:00,166.68,166.68,166.68,19,166.68,242,166.677851
2023-04-20 20:37:00+00:00,166.67,166.69,166.67,36,166.68,1424,166.675797
2023-04-20 20:38:00+00:00,166.67,166.67,166.65,12,166.65,2212,166.651781
2023-04-20 20:39:00+00:00,166.66,166.66,166.66,4,166.66,1011,166.660129
2023-04-20 20:40:00+00:00,166.65,166.65,166.65,16,166.65,14828,166.650078
2023-04-20 20:41:00+00:00,166.6601,166.69,166.6601,20,166.67,4659,166.662074
2023-04-20 20:42:00+00:00,166.66,166.66,166.66,14,166.66,187,166.675941
2023-04-20 20:44:00+00:00,166.65,166.6899,166.65,32,166.6899,1090,166.659355
2023-04-20 20:45:00+00:00,166.62,166.65,166.61,41,166.65,5698,166.620986
2023-04-20 20:46:00+00:00,166.62,166.64,166.58,48,166.62,4021,166.598707
2023-04-20 20:47:00+00:00,166.65,166.65,166.59,23,166.62,928,166.618739
2023-04-20 20:48:00+00:00,166.66,166.66,166.65,24,166.65,1532,166.65703
2023-04-20 20:49:00+00:00,166.65,166.65,166.65,18,166.65,600,166.64965
2023-04-20 20:50:00+00:00,166.65,166.65,166.62,14,166.62,1023,166.645626
2023-04-20 20:51:00+00:00,166.6692,166.6692,166.6692,15,166.6692,522,166.657502
2023-04-20 20:54:00+00:00,166.65,166.67,166.65,27,166.66,2202,166.65621
2023-04-20 20:55:00+00:00,166.6773,166.6773,166.6773,9,166.6773,168,166.665
2023-04-20 20:56:00+00:00,166.64,166.64,166.62,13,166.62,2375,166.758602
2023-04-20 20:59:00+00:00,166.63,166.63,166.6,12,166.6,4327,166.670964
2023-04-20 21:03:00+00:00,166.61,166.611,166.61,19,166.611,2424,166.61037
2023-04-20 21:05:00+00:00,166.61,166.61,166.61,12,166.61,176,166.611924
2023-04-20 21:06:00+00:00,166.61,166.62,166.61,11,166.62,345,166.616232
2023-04-20 21:07:00+00:00,166.61,166.61,166.61,10,166.61,218,166.611201
2023-04-20 21:09:00+00:00,166.63,166.63,166.61,18,166.61,2692,166.628945
2023-04-20 21:10:00+00:00,166.63,166.63,166.63,22,166.63,782,166.63204
2023-04-20 21:13:00+00:00,166.63,166.63,166.63,9,166.63,317,166.632839
2023-04-20 21:14:00+00:00,166.65,166.65,166.65,12,166.65,33956,166.649993
2023-04-20 21:15:00+00:00,166.62,166.62,166.62,25,166.62,388,166.632165
2023-04-20 21:20:00+00:00,166.65,166.65,166.65,6,166.65,115,166.64687
2023-04-20 21:25:00+00:00,166.63,166.63,166.63,9,166.63,149,166.62813
2023-04-20 21:26:00+00:00,166.62,166.62,166.62,23,166.62,305,166.621561
2023-04-20 21:28:00+00:00,166.63,166.63,166.63,7,166.63,181,166.633122
2023-04-20 21:34:00+00:00,166.62,166.62,166.62,10,166.62,269,166.627435
2023-04-20 21:35:00+00:00,166.65,166.65,166.63,26,166.63,803,166.639384
2023-04-20 21:36:00+00:00,166.66,166.66,166.66,7,166.66,211,166.659767
2023-04-20 21:37:00+00:00,166.66,166.66,166.65,15,166.65,251,166.650418
2023-04-20 21:41:00+00:00,166.66,166.66,166.66,21,166.66,313,166.659617
2023-04-20 21:48:00+00:00,166.62,166.62,166.62,19,166.62,484,166.636529
2023-04-20 21:49:00+00:00,166.69,166.69,166.69,9,166.69,414,166.688816
2023-04-20 21:52:00+00:00,166.62,166.62,166.62,35,166.62,488,166.621086
2023-04-20 21:55:00+00:00,166.65,166.65,166.65,13,166.65,296,166.654223
2023-04-20 21:57:00+00:00,166.66,166.66,166.66,14,166.66,143,166.658497
2023-04-20 22:00:00+00:00,166.65,166.66,166.65,10,166.66,1012,166.653538
2023-04-20 22:01:00+00:00,166.65,166.65,166.61,24,166.65,5107,166.634844
2023-04-20 22:02:00+00:00,166.69,166.69,166.68,27,166.68,11235,166.684826
2023-04-20 22:04:00+00:00,166.63,166.6775,166.6208,11,166.65,4304,166.671762
2023-04-20 22:05:00+00:00,166.69,166.69,166.68,33,166.68,1404,166.684587
2023-04-20 22:06:00+00:00,166.7,166.7,166.7,11,166.7,268,166.700485
2023-04-20 22:10:00+00:00,166.7,166.7,166.7,6,166.7,111,166.704595
2023-04-20 22:11:00+00:00,166.7,166.7,166.7,16,166.7,4912,166.700008
2023-04-20 22:12:00+00:00,166.74,166.74,166.74,6,166.74,221,166.737443
2023-04-20 22:15:00+00:00,166.68,166.68,166.68,16,166.68,283,166.677049
2023-04-20 22:16:00+00:00,166.66,166.66,166.66,8,166.66,238,166.660021
2023-04-20 22:21:00+00:00,166.7,166.7,166.64,30,166.66,2947,166.685906
2023-04-20 22:23:00+00:00,166.7,166.7,166.7,14,166.7,2810,166.700014
2023-04-20 22:27:00+00:00,166.67,166.68,166.65,11,166.68,1270,166.66515
2023-04-20 22:30:00+00:00,166.7,166.7,166.7,16,166.7,1732,166.699365
2023-04-20 22:31:00+00:00,166.7,166.7,166.7,12,166.7,147,166.70076
2023-04-20 22:32:00+00:00,166.7,166.7004,166.7,14,166.7004,2068,166.70074
2023-04-20 22:33:00+00:00,166.7,166.7001,166.7,12,166.7001,3685,166.700129
2023-04-20 22:34:00+00:00,166.71,166.71,166.71,9,166.71,311,166.709148
2023-04-20 22:37:00+00:00,166.72,166.72,166.72,17,166.72,1067,166.72253
2023-04-20 22:38:00+00:00,166.76,166.76,166.74,19,166.74,2081,166.747387
2023-04-20 22:40:00+00:00,166.77,166.77,166.76,21,166.76,2007,166.768478
2023-04-20 22:42:00+00:00,166.71,166.73,166.71,5,166.73,661,166.726392
2023-04-20 22:44:00+00:00,166.71,166.71,166.71,7,166.71,435,166.709851
2023-04-20 22:45:00+00:00,166.7,166.7,166.7,15,166.7,662,166.701133
2023-04-20 22:46:00+00:00,166.7,166.7,166.7,15,166.7,1492,166.698522
2023-04-20 22:48:00+00:00,166.7,166.7,166.7,14,166.7,1125,166.6988
2023-04-20 22:50:00+00:00,166.7395,166.7395,166.7395,5,166.7395,3151,166.739461
2023-04-20 22:52:00+00:00,166.74,166.74,166.74,23,166.74,1872,166.738478
2023-04-20 22:53:00+00:00,166.74,166.74,166.74,15,166.74,4205,166.73952
2023-04-20 22:54:00+00:00,166.72,166.72,166.72,10,166.72,943,166.720005
2023-04-20 22:59:00+00:00,166.72,166.72,166.7,20,166.71,3458,166.707107
2023-04-20 23:01:00+00:00,166.8,166.83,166.74,59,166.74,9008,166.788278
2023-04-20 23:03:00+00:00,166.8,166.8,166.78,24,166.78,2032,166.788986
2023-04-20 23:04:00+00:00,166.8,166.8,166.8,5,166.8,254,166.800098
2023-04-20 23:06:00+00:00,166.84,166.85,166.8,10,166.84,1519,166.815994
2023-04-20 23:09:00+00:00,166.85,166.85,166.8,14,166.84,802,166.829171
2023-04-20 23:13:00+00:00,166.84,166.84,166.84,5,166.84,206,166.837451
2023-04-20 23:14:00+00:00,166.72,166.72,166.72,5,166.72,416,166.721022
2023-04-20 23:17:00+00:00,166.77,166.78,166.77,10,166.78,482,166.775218
2023-04-20 23:18:00+00:00,166.76,166.77,166.76,20,166.77,512,166.771777
2023-04-20 23:19:00+00:00,166.73,166.73,166.73,10,166.73,438,166.731336
2023-04-20 23:22:00+00:00,166.84,166.84,166.84,16,166.84,520,166.836443
2023-04-20 23:23:00+00:00,166.84,166.84,166.79,18,166.8,1962,166.800844
2023-04-20 23:24:00+00:00,166.8,166.8,166.8,10,166.8,663,166.806727
2023-04-20 23:25:00+00:00,166.85,166.85,166.84,11,166.84,2235,166.846367
2023-04-20 23:29:00+00:00,166.86,166.86,166.86,15,166.86,333,166.853949
2023-04-20 23:30:00+00:00,166.9,166.9,166.86,47,166.86,3021,166.89102
2023-04-20 23:33:00+00:00,166.82,166.9,166.73,13,166.9,615,166.796634
2023-04-20 23:35:00+00:00,166.81,166.81,166.81,7,166.81,127,166.811496
2023-04-20 23:38:00+00:00,166.77,166.77,166.77,14,166.77,513,166.771501
2023-04-20 23:40:00+00:00,166.81,166.81,166.81,21,166.81,2555,166.809699
2023-04-20 23:41:00+00:00,166.77,166.81,166.77,15,166.81,733,166.788022
2023-04-20 23:42:00+00:00,166.79,166.79,166.79,17,166.79,281,166.820641
2023-04-20 23:44:00+00:00,166.75,166.79,166.75,33,166.79,5908,166.762965
2023-04-20 23:45:00+00:00,166.76,166.76,166.76,7,166.76,1224,166.75906
2023-04-20 23:46:00+00:00,166.76,166.76,166.7,28,166.7499,3530,166.737644
2023-04-20 23:47:00+00:00,166.76,166.76,166.76,14,166.76,340,166.715735
2023-04-20 23:49:00+00:00,166.77,166.77,166.76,6,166.76,808,166.762054
2023-04-20 23:50:00+00:00,166.76,166.76,166.76,9,166.76,903,166.76268
2023-04-20 23:53:00+00:00,166.84,166.84,166.84,18,166.84,247,166.828867
2023-04-20 23:54:00+00:00,166.85,166.85,166.84,17,166.84,521,166.847409
2023-04-20 23:55:00+00:00,166.82,166.82,166.81,20,166.81,1178,166.818901
2023-04-20 23:56:00+00:00,166.95,166.95,166.84,48,166.84,2077,166.897937
2023-04-20 23:57:00+00:00,166.92,166.92,166.92,17,166.92,1152,166.913485
2023-04-20 23:58:00+00:00,166.89,166.92,166.86,14,166.92,3835,166.875176
2023-04-20 23:59:00+00:00,166.98,166.98,166.82,36,166.82,1384,166.944844
