timestamp,close,high,low,trade_count,open,volume,vwap
2023-03-24 08:00:00+00:00,159.5,159.7,159.43,41,159.43,1555,159.55964
2023-03-24 08:01:00+00:00,159.51,159.68,159.51,21,159.68,506,159.599071
2023-03-24 08:02:00+00:00,159.6,159.69,159.6,7,159.69,1211,159.611503
2023-03-24 08:03:00+00:00,159.68,159.68,159.6,21,159.61,3832,159.606879
2023-03-24 08:04:00+00:00,159.6,159.68,159.6,18,159.68,2676,159.603965
2023-03-24 08:05:00+00:00,159.52,159.6,159.52,29,159.59,1313,159.578987
2023-03-24 08:06:00+00:00,159.5,159.5,159.5,20,159.5,2112,159.490885
2023-03-24 08:07:00+00:00,159.32,159.45,159.32,27,159.45,1941,159.39017
2023-03-24 08:09:00+00:00,159.22,159.26,159.22,31,159.23,1785,159.230275
2023-03-24 08:11:00+00:00,159.03,159.15,159.03,11,159.15,441,159.071995
2023-03-24 08:12:00+00:00,159.06,159.13,159.02,23,159.1,1476,159.073462
2023-03-24 08:13:00+00:00,159.08,159.08,159.05,24,159.05,1041,159.086321
2023-03-24 08:14:00+00:00,159.11,159.11,159.11,25,159.11,663,159.120392
2023-03-24 08:16:00+00:00,159.18,159.18,159.18,14,159.18,631,159.183249
2023-03-24 08:17:00+00:00,159.28,159.28,159.28,19,159.28,552,159.226721
2023-03-24 08:19:00+00:00,159.15,159.15,159.15,24,159.15,394,159.160761
2023-03-24 08:20:00+00:00,159.19,159.26,159.18,17,159.22,892,159.213857
2023-03-24 08:21:00+00:00,159.18,159.18,159.18,20,159.18,719,159.223004
2023-03-24 08:22:00+00:00,159.37,159.38,159.37,25,159.37,2140,159.382598
2023-03-24 08:23:00+00:00,159.37,159.37,159.37,4,159.37,220,159.374591
2023-03-24 08:24:00+00:00,159.39,159.39,159.38,7,159.38,522,159.380402
2023-03-24 08:25:00+00:00,159.38,159.38,159.37,9,159.38,1671,159.378552
2023-03-24 08:26:00+00:00,159.49,159.49,159.39,36,159.39,1306,159.440819
2023-03-24 08:27:00+00:00,159.5,159.5,159.49,11,159.49,782,159.495921
2023-03-24 08:32:00+00:00,159.4,159.4,159.4,25,159.4,1500,159.40204
2023-03-24 08:42:00+00:00,159.03,159.04,159.02,36,159.02,1511,159.03227
2023-03-24 08:43:00+00:00,159.05,159.05,159.0,25,159.03,1765,159.027467
2023-03-24 08:51:00+00:00,158.87,158.87,158.87,19,158.87,296,158.879662
2023-03-24 08:52:00+00:00,158.94,158.94,158.93,26,158.93,1406,158.930932
2023-03-24 08:53:00+00:00,158.98,158.98,158.98,12,158.98,547,158.96234
2023-03-24 08:54:00+00:00,159.0,159.03,158.97,44,158.97,2085,158.99093
2023-03-24 08:56:00+00:00,159.03,159.03,158.98,18,159.0,1300,159.011777
2023-03-24 08:59:00+00:00,159.04,159.04,159.04,6,159.04,311,159.038939
2023-03-24 09:00:00+00:00,159.15,159.15,159.05,65,159.05,2781,159.126282
2023-03-24 09:01:00+00:00,159.01,159.01,159.01,15,159.01,297,159.030438
2023-03-24 09:02:00+00:00,159.06,159.06,159.06,28,159.06,849,159.103663
2023-03-24 09:04:00+00:00,159.15,159.15,159.15,17,159.15,472,159.197648
2023-03-24 09:05:00+00:00,159.29,159.29,159.29,11,159.29,432,159.28081
2023-03-24 09:06:00+00:00,159.4,159.4,159.29,39,159.29,1941,159.335657
2023-03-24 09:12:00+00:00,159.21,159.21,159.21,10,159.21,193,159.204974
2023-03-24 09:16:00+00:00,159.24,159.24,159.24,4,159.24,207,159.23314
2023-03-24 09:21:00+00:00,159.03,159.03,159.03,16,159.03,513,159.067953
2023-03-24 09:22:00+00:00,159.02,159.02,159.02,11,159.02,261,158.992452
2023-03-24 09:26:00+00:00,159.01,159.01,159.01,7,159.01,689,159.010044
2023-03-24 09:27:00+00:00,159.01,159.01,159.01,6,159.01,303,159.010264
2023-03-24 09:29:00+00:00,159.04,159.04,159.04,4,159.04,144,159.0425
2023-03-24 09:30:00+00:00,159.01,159.01,159.01,16,159.01,471,159.014841
2023-03-24 09:31:00+00:00,158.97,159.01,158.97,21,159.01,1750,158.999857
2023-03-24 09:32:00+00:00,158.89,158.96,158.89,42,158.96,903,158.935925
2023-03-24 09:34:00+00:00,158.88,158.88,158.88,22,158.88,435,158.874828
2023-03-24 09:36:00+00:00,158.83,158.84,158.83,43,158.84,1194,158.833199
2023-03-24 09:37:00+00:00,158.83,158.83,158.83,40,158.83,880,158.809864
2023-03-24 09:38:00+00:00,158.61,158.61,158.61,30,158.61,424,158.678538
2023-03-24 09:39:00+00:00,158.5,158.53,158.48,87,158.53,5213,158.507307
2023-03-24 09:40:00+00:00,158.5,158.5,158.5,34,158.5,1671,158.49477
2023-03-24 09:41:00+00:00,158.5,158.53,158.5,12,158.53,821,158.520706
2023-03-24 09:42:00+00:00,158.38,158.44,158.38,44,158.44,907,158.412547
2023-03-24 09:43:00+00:00,158.3,158.32,158.3,14,158.32,377,158.314297
2023-03-24 09:45:00+00:00,158.3,158.3,158.3,10,158.3,407,158.280098
2023-03-24 09:46:00+00:00,158.26,158.26,158.26,12,158.26,361,158.257645
2023-03-24 09:47:00+00:00,158.26,158.26,158.26,33,158.26,784,158.280944
2023-03-24 09:48:00+00:00,158.2,158.2,158.1,57,158.17,2957,158.140227
2023-03-24 09:49:00+00:00,158.21,158.21,158.2,11,158.2,695,158.201899
2023-03-24 09:51:00+00:00,158.48,158.48,158.28,16,158.28,1362,158.343209
2023-03-24 09:52:00+00:00,158.34,158.34,158.34,9,158.34,250,158.32592
2023-03-24 09:54:00+00:00,158.25,158.25,158.25,8,158.25,215,158.249907
2023-03-24 09:56:00+00:00,158.35,158.35,158.34,27,158.34,857,158.309755
2023-03-24 09:57:00+00:00,158.23,158.26,158.23,20,158.26,916,158.26726
2023-03-24 09:58:00+00:00,158.33,158.33,158.23,32,158.23,881,158.260931
2023-03-24 10:00:00+00:00,158.25,158.25,158.25,7,158.25,360,158.255556
2023-03-24 10:01:00+00:00,158.35,158.35,158.32,27,158.32,1099,158.335423
2023-03-24 10:04:00+00:00,158.21,158.21,158.21,24,158.21,691,158.219465
2023-03-24 10:05:00+00:00,158.22,158.22,158.2,40,158.22,1181,158.215876
2023-03-24 10:08:00+00:00,158.08,158.08,158.07,29,158.07,844,158.069964
2023-03-24 10:09:00+00:00,158.2,158.2,158.2,28,158.2,936,158.133825
2023-03-24 10:10:00+00:00,158.3,158.3,158.24,22,158.24,1290,158.279853
2023-03-24 10:12:00+00:00,158.2,158.29,158.2,17,158.29,1330,158.218992
2023-03-24 10:13:00+00:00,158.22,158.22,158.22,10,158.22,363,158.222424
2023-03-24 10:14:00+00:00,158.11,158.11,158.11,28,158.11,540,158.08887
2023-03-24 10:15:00+00:00,158.29,158.29,158.22,34,158.22,1023,158.25696
2023-03-24 10:19:00+00:00,158.49,158.49,158.48,46,158.48,1298,158.467627
2023-03-24 10:20:00+00:00,158.46,158.47,158.46,32,158.47,1238,158.497649
2023-03-24 10:21:00+00:00,158.46,158.47,158.46,10,158.47,336,158.45497
2023-03-24 10:22:00+00:00,158.56,158.56,158.43,37,158.47,1501,158.491073
2023-03-24 10:23:00+00:00,158.6,158.63,158.6,24,158.63,802,158.607045
2023-03-24 10:24:00+00:00,158.5,158.5,158.5,17,158.5,359,158.433872
2023-03-24 10:27:00+00:00,158.15,158.15,158.15,13,158.15,298,158.151544
2023-03-24 10:30:00+00:00,158.21,158.21,158.21,7,158.21,149,158.198725
2023-03-24 10:31:00+00:00,158.1,158.29,158.09,84,158.29,3149,158.125148
2023-03-24 10:32:00+00:00,158.06,158.06,158.06,14,158.06,1000,158.07603
2023-03-24 10:35:00+00:00,158.07,158.07,158.07,11,158.07,230,158.102348
2023-03-24 10:37:00+00:00,158.01,158.04,158.01,37,158.04,1351,158.018246
2023-03-24 10:38:00+00:00,158.12,158.12,158.12,14,158.12,401,158.107706
2023-03-24 10:40:00+00:00,158.2,158.2,158.2,16,158.2,452,158.172124
2023-03-24 10:41:00+00:00,158.55,158.55,158.38,61,158.38,2015,158.434734
2023-03-24 10:43:00+00:00,158.5,158.5,158.48,13,158.48,2142,158.49373
2023-03-24 10:44:00+00:00,158.33,158.33,158.32,12,158.32,1722,158.331498
2023-03-24 10:45:00+00:00,158.49,158.49,158.47,44,158.47,1482,158.473873
2023-03-24 10:46:00+00:00,158.49,158.49,158.49,21,158.49,1588,158.489207
2023-03-24 10:49:00+00:00,158.5,158.5,158.49,15,158.5,2023,158.496772
2023-03-24 10:51:00+00:00,158.38,158.38,158.35,29,158.37,712,158.367261
2023-03-24 10:53:00+00:00,158.17,158.17,158.17,19,158.17,311,158.211383
2023-03-24 10:54:00+00:00,158.11,158.12,158.05,26,158.12,1639,158.088389
2023-03-24 10:58:00+00:00,158.05,158.13,158.05,56,158.13,1724,158.074768
2023-03-24 11:00:00+00:00,158.2,158.28,158.2,146,158.2,7038,158.243203
2023-03-24 11:01:00+00:00,158.1,158.21,158.1,131,158.21,5508,158.163687
2023-03-24 11:02:00+00:00,158.05,158.2,158.05,150,158.16,7590,158.159652
2023-03-24 11:03:00+00:00,158.2,158.2,158.1,68,158.1,3305,158.131909
2023-03-24 11:04:00+00:00,158.31,158.31,158.21,56,158.21,2036,158.273188
2023-03-24 11:05:00+00:00,158.31,158.32,158.31,40,158.32,1994,158.359278
2023-03-24 11:06:00+00:00,158.18,158.3,158.18,38,158.3,3196,158.25056
2023-03-24 11:07:00+00:00,158.2,158.2,158.2,14,158.2,470,158.17766
2023-03-24 11:08:00+00:00,158.27,158.27,158.25,35,158.25,1570,158.243516
2023-03-24 11:09:00+00:00,158.22,158.22,158.22,10,158.22,346,158.228728
2023-03-24 11:10:00+00:00,158.17,158.18,158.1,74,158.18,2278,158.145132
2023-03-24 11:11:00+00:00,158.14,158.14,158.14,33,158.14,885,158.098927
2023-03-24 11:12:00+00:00,158.1,158.14,158.1,89,158.14,2831,158.138237
2023-03-24 11:13:00+00:00,158.27,158.27,158.27,53,158.27,1445,158.246713
2023-03-24 11:16:00+00:00,158.11,158.12,158.11,61,158.12,3876,158.112776
2023-03-24 11:17:00+00:00,158.11,158.11,158.05,48,158.05,2450,158.094857
2023-03-24 11:18:00+00:00,158.15,158.15,158.06,15,158.06,498,158.083976
2023-03-24 11:19:00+00:00,158.15,158.15,158.15,23,158.15,424,158.151014
2023-03-24 11:20:00+00:00,158.2,158.2,158.15,50,158.15,1656,158.186848
2023-03-24 11:23:00+00:00,158.44,158.44,158.42,71,158.42,2051,158.424047
2023-03-24 11:24:00+00:00,158.4,158.4,158.4,22,158.4,548,158.410657
2023-03-24 11:28:00+00:00,158.46,158.48,158.46,21,158.48,1026,158.452281
2023-03-24 11:29:00+00:00,158.4,158.4,158.4,17,158.4,390,158.376
2023-03-24 11:30:00+00:00,158.5,158.5,158.43,70,158.45,2485,158.440101
2023-03-24 11:32:00+00:00,158.4,158.4,158.4,7,158.4,289,158.412249
2023-03-24 11:33:00+00:00,158.38,158.38,158.38,10,158.38,123,158.381463
2023-03-24 11:34:00+00:00,158.4,158.4,158.4,63,158.4,1299,158.384411
2023-03-24 11:36:00+00:00,158.4,158.4,158.4,24,158.4,622,158.392974
2023-03-24 11:37:00+00:00,158.47,158.47,158.43,14,158.43,2422,158.433382
2023-03-24 11:41:00+00:00,158.44,158.44,158.42,41,158.42,1201,158.433147
2023-03-24 11:42:00+00:00,158.38,158.42,158.38,21,158.42,781,158.40831
2023-03-24 11:43:00+00:00,158.36,158.37,158.36,27,158.37,975,158.347323
2023-03-24 11:44:00+00:00,158.25,158.25,158.25,32,158.25,1236,158.2564
2023-03-24 11:45:00+00:00,158.27,158.27,158.24,44,158.24,3977,158.25306
2023-03-24 11:47:00+00:00,158.25,158.26,158.25,43,158.25,1287,158.25481
2023-03-24 11:49:00+00:00,158.22,158.22,158.22,25,158.22,547,158.228373
2023-03-24 11:50:00+00:00,158.21,158.22,158.18,41,158.22,2134,158.204911
2023-03-24 11:51:00+00:00,158.21,158.21,158.21,13,158.21,843,158.219442
2023-03-24 11:55:00+00:00,158.25,158.25,158.21,10,158.21,810,158.214951
2023-03-24 11:57:00+00:00,158.0,158.17,158.0,158,158.17,7968,158.040432
2023-03-24 11:58:00+00:00,158.02,158.09,158.02,11,158.09,646,158.048947
2023-03-24 12:00:00+00:00,158.14,158.5,158.02,371,158.18,46616,158.276539
2023-03-24 12:01:00+00:00,159.3,159.3,158.1,551,158.1815,11190,158.294409
2023-03-24 12:02:00+00:00,158.0,159.3,158.0,325,158.81,7939,158.411009
2023-03-24 12:03:00+00:00,158.05,158.05,158.0,52,158.0,1890,158.058304
2023-03-24 12:04:00+00:00,158.0,158.04,158.0,130,158.04,9107,158.007118
2023-03-24 12:05:00+00:00,158.03,158.03,157.99,46,157.99,1963,158.00437
2023-03-24 12:06:00+00:00,157.94,158.0,157.94,51,158.0,1877,157.958484
2023-03-24 12:07:00+00:00,157.88,157.95,157.88,92,157.95,1962,157.889291
2023-03-24 12:08:00+00:00,157.87,157.87,157.82,99,157.84,10100,157.856961
2023-03-24 12:09:00+00:00,157.92,157.92,157.92,54,157.92,1836,157.926095
2023-03-24 12:10:00+00:00,157.96,157.96,157.92,29,157.92,1088,157.939084
2023-03-24 12:11:00+00:00,157.95,157.96,157.95,31,157.96,746,157.9568
2023-03-24 12:12:00+00:00,158.076,158.076,157.91,83,157.91,2613,157.975133
2023-03-24 12:13:00+00:00,158.04,158.08,158.0,69,158.0,5114,158.068669
2023-03-24 12:14:00+00:00,158.14,158.14,158.08,59,158.12,2581,158.123034
2023-03-24 12:15:00+00:00,158.18,158.18,158.09,89,158.1004,4823,158.104627
2023-03-24 12:16:00+00:00,158.1,158.18,158.1,70,158.15,4214,158.118108
2023-03-24 12:17:00+00:00,157.92,158.0005,157.92,108,158.0005,2772,157.966336
2023-03-24 12:18:00+00:00,157.93,157.99,157.9201,41,157.99,1920,157.972813
2023-03-24 12:19:00+00:00,157.99,157.99,157.96,48,157.96,985,157.974049
2023-03-24 12:20:00+00:00,158.09,158.09,158.07,101,158.07,3455,158.076187
2023-03-24 12:21:00+00:00,158.03,158.06,158.03,35,158.06,1967,158.048692
2023-03-24 12:22:00+00:00,158.09,158.09,158.05,74,158.05,4839,158.079562
2023-03-24 12:23:00+00:00,158.05,158.086,158.03,16,158.086,577,158.050887
2023-03-24 12:24:00+00:00,158.01,158.07,158.01,57,158.07,2822,158.039355
2023-03-24 12:25:00+00:00,158.15,158.15,158.0621,70,158.07,3621,158.115678
2023-03-24 12:26:00+00:00,158.17,158.17,158.13,33,158.13,1625,158.147354
2023-03-24 12:27:00+00:00,158.21,158.21,158.15,65,158.17,10412,158.19369
2023-03-24 12:28:00+00:00,158.17,158.17,158.17,35,158.17,1032,158.187064
2023-03-24 12:29:00+00:00,158.25,158.3,158.24,126,158.3,5343,158.248112
2023-03-24 12:30:00+00:00,158.2,158.2,158.2,20,158.2,600,158.210047
2023-03-24 12:31:00+00:00,158.2,158.2,158.2,28,158.2,666,158.211014
2023-03-24 12:32:00+00:00,158.1,158.17,158.03,86,158.17,2779,158.10896
2023-03-24 12:33:00+00:00,158.19,158.19,158.17,52,158.17,995,158.177622
2023-03-24 12:34:00+00:00,158.15,158.16,158.15,89,158.15,23364,158.150213
2023-03-24 12:35:00+00:00,158.23,158.25,158.12,118,158.15,11701,158.231801
2023-03-24 12:36:00+00:00,158.45,158.5,158.25,177,158.25,9497,158.389851
2023-03-24 12:37:00+00:00,158.43,158.5,158.43,200,158.45,10454,158.472977
2023-03-24 12:38:00+00:00,158.4964,158.5,158.4502,44,158.4502,1838,158.481323
2023-03-24 12:40:00+00:00,158.47,158.47,158.4,133,158.4,18942,158.404481
2023-03-24 12:41:00+00:00,158.32,158.44,158.32,75,158.44,8047,158.393825
2023-03-24 12:42:00+00:00,158.25,158.3,158.24,59,158.28,3453,158.262546
2023-03-24 12:43:00+00:00,158.34,158.34,158.2109,49,158.24,1944,158.269079
2023-03-24 12:44:00+00:00,158.46,158.46,158.3,58,158.3,1959,158.397326
2023-03-24 12:45:00+00:00,158.5,158.5,158.48,61,158.5,6699,158.49888
2023-03-24 12:46:00+00:00,158.5,158.5,158.5,84,158.5,6667,158.499549
2023-03-24 12:47:00+00:00,158.47,158.5,158.44,150,158.5,9459,158.489481
2023-03-24 12:48:00+00:00,158.44,158.49,158.34,123,158.44,24598,158.440979
2023-03-24 12:49:00+00:00,158.45,158.45,158.4,71,158.4,7129,158.430703
2023-03-24 12:50:00+00:00,158.44,158.46,158.44,101,158.46,7262,158.450034
2023-03-24 12:51:00+00:00,158.47,158.47,158.45,39,158.45,986,158.455208
2023-03-24 12:52:00+00:00,158.52,158.53,158.46,161,158.46,24515,158.500486
2023-03-24 12:53:00+00:00,158.55,158.55,158.5,119,158.5,5204,158.516032
2023-03-24 12:54:00+00:00,158.5,158.53,158.5,96,158.51,3316,158.517544
2023-03-24 12:55:00+00:00,158.57,158.59,158.4902,63,158.4902,1468,158.568608
2023-03-24 12:56:00+00:00,158.63,158.63,158.58,92,158.6,4420,158.602188
2023-03-24 12:57:00+00:00,158.69,158.72,158.65,79,158.65,2778,158.683289
2023-03-24 12:58:00+00:00,158.81,158.81,158.72,99,158.75,4501,158.780116
2023-03-24 12:59:00+00:00,158.82,158.84,158.72,167,158.8001,30550,158.785665
2023-03-24 13:00:00+00:00,158.55,158.83,158.55,240,158.83,14260,158.669738
2023-03-24 13:01:00+00:00,158.5008,158.57,158.5,62,158.57,11711,158.523199
2023-03-24 13:03:00+00:00,158.49,158.54,158.42,82,158.5,4585,158.488723
2023-03-24 13:04:00+00:00,158.49,158.5,158.41,174,158.41,13070,158.487467
2023-03-24 13:05:00+00:00,158.55,158.56,158.5,87,158.5,5578,158.508101
2023-03-24 13:06:00+00:00,158.5494,158.5494,158.5,22,158.5,906,158.514708
2023-03-24 13:07:00+00:00,158.45,158.5,158.45,52,158.5,2418,158.467669
2023-03-24 13:08:00+00:00,158.54,158.54,158.47,66,158.5,6952,158.49035
2023-03-24 13:09:00+00:00,158.55,158.55,158.55,37,158.55,820,158.542788
2023-03-24 13:10:00+00:00,158.51,158.51,158.48,68,158.51,3084,158.506467
2023-03-24 13:11:00+00:00,158.49,158.5,158.49,56,158.5,4176,158.495084
2023-03-24 13:12:00+00:00,158.49,158.5,158.47,32,158.47,953,158.489523
2023-03-24 13:13:00+00:00,158.6055,158.6055,158.49,79,158.49,6154,158.514685
2023-03-24 13:14:00+00:00,158.62,158.64,158.55,48,158.55,1442,158.602549
2023-03-24 13:15:00+00:00,158.52,158.67,158.52,124,158.62,7313,158.607452
2023-03-24 13:16:00+00:00,158.42,158.51,158.42,97,158.51,4065,158.489446
2023-03-24 13:17:00+00:00,158.21,158.4,158.21,171,158.4,6183,158.291569
2023-03-24 13:18:00+00:00,158.2,158.28,158.19,115,158.21,5636,158.226076
2023-03-24 13:19:00+00:00,158.29,158.29,158.15,90,158.15,8434,158.196557
2023-03-24 13:20:00+00:00,158.32,158.35,158.3,94,158.3,10143,158.3122
2023-03-24 13:21:00+00:00,158.4,158.4,158.33,93,158.38,4022,158.376733
2023-03-24 13:22:00+00:00,158.32,158.49,158.32,89,158.46,5165,158.414295
2023-03-24 13:23:00+00:00,158.46,158.46,158.36,63,158.36,2128,158.389941
2023-03-24 13:24:00+00:00,158.57,158.57,158.43,126,158.43,7125,158.495397
2023-03-24 13:25:00+00:00,158.65,158.65,158.42,113,158.46,6098,158.596503
2023-03-24 13:26:00+00:00,158.6,158.63,158.53,83,158.62,2939,158.615966
2023-03-24 13:27:00+00:00,158.52,158.65,158.52,92,158.55,3792,158.587335
2023-03-24 13:28:00+00:00,158.68,158.71,158.58,152,158.68,8676,158.645782
2023-03-24 13:29:00+00:00,158.88,158.88,158.72,160,158.72,6481,158.799287
2023-03-24 13:30:00+00:00,158.9,159.12,158.77,5936,158.88,1151021,158.898291
2023-03-24 13:31:00+00:00,158.8,158.99,158.73,1846,158.88,202626,158.856127
2023-03-24 13:32:00+00:00,158.34,158.8156,158.18,2660,158.79,287420,158.448384
2023-03-24 13:33:00+00:00,158.39,158.4,158.23,1321,158.36,119529,158.30553
2023-03-24 13:34:00+00:00,158.301,158.46,158.255,1488,158.385,153753,158.359752
2023-03-24 13:35:00+00:00,158.17,158.39,158.14,2006,158.305,180481,158.252035
2023-03-24 13:36:00+00:00,158.1323,158.19,158.03,1946,158.18,208373,158.104324
2023-03-24 13:37:00+00:00,157.96,158.2092,157.95,2167,158.15,212204,158.043109
2023-03-24 13:38:00+00:00,158.15,158.16,157.93,1815,157.95,179946,158.066636
2023-03-24 13:39:00+00:00,158.119,158.22,158.0599,1428,158.15,130559,158.129644
2023-03-24 13:40:00+00:00,158.15,158.15,157.95,1640,158.12,145926,158.028498
2023-03-24 13:41:00+00:00,157.9587,158.235,157.91,1921,158.1372,226791,158.045824
2023-03-24 13:42:00+00:00,157.9601,158.03,157.85,2094,157.96,214411,157.938385
2023-03-24 13:43:00+00:00,158.24,158.25,157.89,1790,157.9652,171953,158.089149
2023-03-24 13:44:00+00:00,158.36,158.4599,158.2221,2189,158.24,250596,158.343177
2023-03-24 13:45:00+00:00,158.44,158.62,158.11,3309,158.34,367893,158.38854
2023-03-24 13:46:00+00:00,158.155,158.53,158.04,2452,158.48,213960,158.259899
2023-03-24 13:47:00+00:00,158.155,158.3082,158.0,3580,158.1574,178250,158.157638
2023-03-24 13:48:00+00:00,158.19,158.25,158.0236,3440,158.1599,153917,158.120691
2023-03-24 13:49:00+00:00,158.16,158.31,158.0301,3679,158.195,177866,158.173762
2023-03-24 13:50:00+00:00,158.4099,158.49,158.13,3626,158.15,196272,158.338481
2023-03-24 13:51:00+00:00,158.5471,158.62,158.35,4003,158.415,226442,158.514685
2023-03-24 13:52:00+00:00,158.77,158.88,158.5,4390,158.53,369197,158.757007
2023-03-24 13:53:00+00:00,159.0029,159.14,158.7552,4344,158.77,264414,158.953406
2023-03-24 13:54:00+00:00,158.91,159.01,158.76,3327,159.01,134637,158.894
2023-03-24 13:55:00+00:00,159.09,159.331,158.92,4280,158.92,253956,159.172755
2023-03-24 13:56:00+00:00,159.1175,159.26,159.04,3461,159.09,189559,159.14478
2023-03-24 13:57:00+00:00,159.09,159.3,159.0801,3323,159.1104,154480,159.199177
2023-03-24 13:58:00+00:00,159.2781,159.29,159.06,3405,159.11,136816,159.157089
2023-03-24 13:59:00+00:00,159.19,159.39,159.16,3970,159.28,244212,159.261136
2023-03-24 14:00:00+00:00,159.14,159.42,159.08,4309,159.2,242769,159.213666
2023-03-24 14:01:00+00:00,159.13,159.29,159.11,3572,159.13,135660,159.178062
2023-03-24 14:02:00+00:00,159.225,159.24,159.06,3465,159.1358,156861,159.153014
2023-03-24 14:03:00+00:00,159.15,159.32,159.1,3668,159.22,175518,159.193121
2023-03-24 14:04:00+00:00,159.13,159.23,159.07,3515,159.15,158427,159.154051
2023-03-24 14:05:00+00:00,159.2,159.28,158.94,3801,159.12,218011,159.103932
2023-03-24 14:06:00+00:00,159.2134,159.43,159.12,3836,159.1991,229925,159.296884
2023-03-24 14:07:00+00:00,159.03,159.28,159.01,3283,159.21,167064,159.150013
2023-03-24 14:08:00+00:00,158.97,159.03,158.78,4064,159.03,247088,158.883944
2023-03-24 14:09:00+00:00,158.9906,159.13,158.91,3200,158.95,124643,159.02287
2023-03-24 14:10:00+00:00,158.99,159.06,158.88,3195,158.99,114054,158.988467
2023-03-24 14:11:00+00:00,159.06,159.15,158.97,3498,158.97,132484,159.066505
2023-03-24 14:12:00+00:00,159.14,159.14,158.97,3048,159.0696,102128,159.037372
2023-03-24 14:13:00+00:00,159.335,159.41,159.14,4187,159.14,230514,159.28362
2023-03-24 14:14:00+00:00,159.22,159.56,159.15,4852,159.35,321497,159.389295
2023-03-24 14:15:00+00:00,158.84,159.21,158.78,4263,159.21,262344,158.968659
2023-03-24 14:16:00+00:00,158.74,158.9399,158.73,3307,158.8697,123978,158.834731
2023-03-24 14:17:00+00:00,158.7481,158.77,158.57,3600,158.73,162714,158.679188
2023-03-24 14:18:00+00:00,158.8601,158.91,158.6505,1477,158.7777,151612,158.764084
2023-03-24 14:19:00+00:00,158.58,158.8716,158.4,2020,158.865,219694,158.570828
2023-03-24 14:20:00+00:00,158.45,158.65,158.425,1093,158.59,905143,158.589831
2023-03-24 14:21:00+00:00,158.36,158.54,158.34,1289,158.46,141429,158.435924
2023-03-24 14:22:00+00:00,158.465,158.48,158.25,1486,158.3699,184402,158.37426
2023-03-24 14:23:00+00:00,158.48,158.57,158.435,1134,158.45,119136,158.501256
2023-03-24 14:24:00+00:00,158.53,158.55,158.44,1124,158.48,121185,158.488177
2023-03-24 14:25:00+00:00,158.5,158.61,158.47,1344,158.56,138942,158.54967
2023-03-24 14:26:00+00:00,158.6484,158.77,158.51,1743,158.51,174451,158.665971
2023-03-24 14:27:00+00:00,158.81,158.85,158.6486,1292,158.65,159221,158.770053
2023-03-24 14:28:00+00:00,158.8201,158.9,158.563,1590,158.81,197606,158.75742
2023-03-24 14:29:00+00:00,159.02,159.03,158.83,1323,158.83,393655,158.748701
2023-03-24 14:30:00+00:00,159.02,159.11,158.8699,1305,159.03,153737,158.988852
2023-03-24 14:31:00+00:00,158.84,159.11,158.84,1327,159.0357,146322,158.982326
2023-03-24 14:32:00+00:00,158.88,158.94,158.8,921,158.85,102715,158.877531
2023-03-24 14:33:00+00:00,159.02,159.07,158.86,849,158.88,81412,158.968617
2023-03-24 14:34:00+00:00,158.94,159.06,158.9111,766,159.03,330375,158.917948
2023-03-24 14:35:00+00:00,158.86,159.03,158.74,1782,158.96,204070,158.864442
2023-03-24 14:36:00+00:00,158.84,158.92,158.74,890,158.85,105415,158.826883
2023-03-24 14:37:00+00:00,159.055,159.09,158.84,987,158.85,101098,158.957272
2023-03-24 14:38:00+00:00,159.0,159.15,158.9801,1047,159.06,113441,159.07139
2023-03-24 14:39:00+00:00,158.936,159.02,158.88,885,159.01,95633,158.948407
2023-03-24 14:40:00+00:00,158.86,158.9307,158.76,1011,158.9307,103554,158.82358
2023-03-24 14:41:00+00:00,158.89,158.91,158.76,930,158.86,83057,158.851057
2023-03-24 14:42:00+00:00,158.8193,158.92,158.78,1004,158.9,108642,158.854315
2023-03-24 14:43:00+00:00,158.82,158.88,158.77,996,158.81,297783,158.856868
2023-03-24 14:44:00+00:00,158.86,158.8655,158.7975,893,158.81,80859,158.829232
2023-03-24 14:45:00+00:00,158.915,159.08,158.87,1753,158.87,208483,158.967286
2023-03-24 14:46:00+00:00,158.84,158.92,158.66,1482,158.91,122187,158.788836
2023-03-24 14:47:00+00:00,158.81,158.98,158.77,1089,158.8779,102251,158.855578
2023-03-24 14:48:00+00:00,158.94,158.98,158.76,1069,158.815,104410,158.875608
2023-03-24 14:49:00+00:00,158.73,159.019,158.72,1299,158.96,123648,158.921261
2023-03-24 14:50:00+00:00,158.831,158.91,158.66,976,158.72,99061,158.791333
2023-03-24 14:51:00+00:00,158.8104,158.9,158.71,989,158.84,91930,158.7902
2023-03-24 14:52:00+00:00,158.81,158.8549,158.73,924,158.81,92260,158.801869
2023-03-24 14:53:00+00:00,158.87,158.89,158.64,1509,158.82,170157,158.769954
2023-03-24 14:54:00+00:00,158.8301,158.9699,158.76,1063,158.87,134515,158.883382
2023-03-24 14:55:00+00:00,158.91,158.94,158.715,1222,158.83,125655,158.841406
2023-03-24 14:56:00+00:00,159.04,159.05,158.8914,1627,158.91,159901,158.970579
2023-03-24 14:57:00+00:00,158.9875,159.09,158.91,1092,159.03,113769,158.990963
2023-03-24 14:58:00+00:00,159.0399,159.12,158.92,1198,158.99,145565,159.040262
2023-03-24 14:59:00+00:00,159.17,159.17,158.99,1161,159.05,125250,159.112246
2023-03-24 15:00:00+00:00,159.1305,159.32,159.08,1839,159.18,206297,159.187503
2023-03-24 15:01:00+00:00,159.0954,159.2099,159.07,1068,159.14,89103,159.137231
2023-03-24 15:02:00+00:00,159.11,159.18,159.03,813,159.11,77786,159.105915
2023-03-24 15:03:00+00:00,159.21,159.28,159.11,1273,159.11,120776,159.211029
2023-03-24 15:04:00+00:00,159.2907,159.4,159.195,1597,159.23,169275,159.277806
2023-03-24 15:05:00+00:00,159.28,159.4,159.27,1258,159.3,176325,159.342255
2023-03-24 15:06:00+00:00,159.15,159.29,159.0,1872,159.2701,182672,159.143155
2023-03-24 15:07:00+00:00,159.01,159.17,158.99,968,159.15,91807,159.102863
2023-03-24 15:08:00+00:00,158.88,159.02,158.87,1112,159.01,112605,158.928142
2023-03-24 15:09:00+00:00,158.7684,158.94,158.71,1374,158.88,150473,158.836103
2023-03-24 15:10:00+00:00,158.56,158.76,158.43,1968,158.76,219521,158.583716
2023-03-24 15:11:00+00:00,158.415,158.59,158.37,1248,158.5501,122880,158.460736
2023-03-24 15:12:00+00:00,158.49,158.54,158.33,1428,158.41,169150,158.425174
2023-03-24 15:13:00+00:00,158.39,158.528,158.28,1485,158.49,171937,158.373854
2023-03-24 15:14:00+00:00,158.37,158.4,158.28,931,158.4,88759,158.319512
2023-03-24 15:15:00+00:00,158.5,158.55,158.33,1336,158.37,146645,158.436088
2023-03-24 15:16:00+00:00,158.3892,158.59,158.355,1071,158.4999,137733,158.451068
2023-03-24 15:17:00+00:00,158.45,158.45,158.37,831,158.38,84225,158.410153
2023-03-24 15:18:00+00:00,158.3108,158.52,158.29,895,158.455,80754,158.406407
2023-03-24 15:19:00+00:00,158.2976,158.3274,158.24,1055,158.315,152916,158.281923
2023-03-24 15:20:00+00:00,158.34,158.4,158.16,1804,158.295,178919,158.311031
2023-03-24 15:21:00+00:00,158.235,158.4657,158.215,1223,158.3385,125405,158.340341
2023-03-24 15:22:00+00:00,158.17,158.2782,158.13,1412,158.23,176606,158.203335
2023-03-24 15:23:00+00:00,158.22,158.27,158.11,966,158.16,112756,158.200135
2023-03-24 15:24:00+00:00,158.2039,158.26,158.14,1317,158.23,139219,158.214459
2023-03-24 15:25:00+00:00,158.32,158.35,158.1912,1174,158.2199,129838,158.299197
2023-03-24 15:26:00+00:00,158.3452,158.41,158.26,1086,158.33,110126,158.349152
2023-03-24 15:27:00+00:00,158.2601,158.42,158.23,1139,158.34,146722,158.304208
2023-03-24 15:28:00+00:00,158.1962,158.3,158.1601,829,158.27,81160,158.227787
2023-03-24 15:29:00+00:00,158.29,158.33,158.1892,793,158.19,67721,158.280827
2023-03-24 15:30:00+00:00,158.25,158.34,158.2187,884,158.295,86212,158.284828
2023-03-24 15:31:00+00:00,158.17,158.25,158.12,1240,158.25,142678,158.172878
2023-03-24 15:32:00+00:00,158.16,158.2,158.05,1302,158.184,148839,158.107478
2023-03-24 15:33:00+00:00,158.1099,158.24,158.1,1039,158.16,118444,158.17961
2023-03-24 15:34:00+00:00,158.18,158.24,158.0802,951,158.11,94687,158.155733
2023-03-24 15:35:00+00:00,158.43,158.43,158.175,1201,158.18,130292,158.293035
2023-03-24 15:36:00+00:00,158.3679,158.43,158.3,859,158.4,94379,158.358807
2023-03-24 15:37:00+00:00,158.31,158.39,158.27,721,158.3731,70536,158.317163
2023-03-24 15:38:00+00:00,158.38,158.3878,158.28,626,158.33,56035,158.332066
2023-03-24 15:39:00+00:00,158.31,158.38,158.24,809,158.3701,79775,158.303235
2023-03-24 15:40:00+00:00,158.36,158.46,158.3101,886,158.33,85089,158.377963
2023-03-24 15:41:00+00:00,158.32,158.4,158.285,856,158.37,84706,158.3485
2023-03-24 15:42:00+00:00,158.345,158.37,158.29,618,158.3,45468,158.328448
2023-03-24 15:43:00+00:00,158.28,158.355,158.23,650,158.34,54665,158.290398
2023-03-24 15:44:00+00:00,158.31,158.34,158.23,675,158.27,54213,158.292049
2023-03-24 15:45:00+00:00,158.73,158.7401,158.3,1853,158.313,213797,158.535129
2023-03-24 15:46:00+00:00,159.06,159.14,158.74,2418,158.74,261830,158.992061
2023-03-24 15:47:00+00:00,158.95,159.12,158.94,1429,159.06,163910,159.037494
2023-03-24 15:48:00+00:00,158.96,158.9799,158.845,1136,158.945,133233,158.91429
2023-03-24 15:49:00+00:00,158.82,158.97,158.79,851,158.9699,112499,158.875017
2023-03-24 15:50:00+00:00,158.8472,158.85,158.72,898,158.8073,99925,158.781693
2023-03-24 15:51:00+00:00,158.84,158.88,158.79,1092,158.84,122468,158.836478
2023-03-24 15:52:00+00:00,158.82,158.8838,158.81,750,158.84,102898,158.839135
2023-03-24 15:53:00+00:00,158.91,158.945,158.77,879,158.8203,81099,158.860778
2023-03-24 15:54:00+00:00,158.84,158.92,158.82,660,158.92,57846,158.863774
2023-03-24 15:55:00+00:00,158.94,158.97,158.79,775,158.83,102313,158.906879
2023-03-24 15:56:00+00:00,159.02,159.19,158.94,1466,158.94,198753,159.074255
2023-03-24 15:57:00+00:00,158.99,159.14,158.93,1389,159.02,148511,159.033813
2023-03-24 15:58:00+00:00,159.05,159.08,158.98,788,159.0,77297,159.038027
2023-03-24 15:59:00+00:00,159.09,159.14,159.04,837,159.06,94780,159.092166
2023-03-24 16:00:00+00:00,159.1102,159.16,159.005,892,159.1,113512,159.07602
2023-03-24 16:01:00+00:00,159.3421,159.41,159.1,2020,159.11,226931,159.236794
2023-03-24 16:02:00+00:00,159.325,159.47,159.23,1247,159.35,156152,159.336648
2023-03-24 16:03:00+00:00,159.195,159.32,159.11,824,159.31,99632,159.210618
2023-03-24 16:04:00+00:00,158.96,159.2,158.81,2418,159.19,233033,158.991379
2023-03-24 16:05:00+00:00,158.91,158.977,158.87,809,158.95,95723,158.922292
2023-03-24 16:06:00+00:00,158.9464,158.96,158.84,723,158.92,76238,158.893856
2023-03-24 16:07:00+00:00,158.95,158.99,158.9,581,158.95,59466,158.952712
2023-03-24 16:08:00+00:00,158.74,158.9833,158.73,799,158.96,80213,158.857933
2023-03-24 16:09:00+00:00,158.65,158.82,158.605,983,158.73,110923,158.699835
2023-03-24 16:10:00+00:00,158.5787,158.6953,158.57,807,158.65,86486,158.63242
2023-03-24 16:11:00+00:00,158.6101,158.6298,158.5,727,158.58,81855,158.557881
2023-03-24 16:12:00+00:00,158.56,158.6377,158.5201,762,158.61,69427,158.583638
2023-03-24 16:13:00+00:00,158.55,158.62,158.51,651,158.56,79171,158.558796
2023-03-24 16:14:00+00:00,158.48,158.57,158.44,819,158.55,84714,158.489052
2023-03-24 16:15:00+00:00,158.595,158.61,158.45,819,158.47,94782,158.546325
2023-03-24 16:16:00+00:00,158.5,158.6,158.35,1035,158.6,123636,158.421872
2023-03-24 16:17:00+00:00,158.4,158.53,158.37,570,158.5,73877,158.437108
2023-03-24 16:18:00+00:00,158.3447,158.43,158.2789,1063,158.4,105614,158.343992
2023-03-24 16:19:00+00:00,158.37,158.37,158.21,955,158.345,103452,158.291654
2023-03-24 16:20:00+00:00,158.2987,158.4,158.27,810,158.3635,92508,158.334646
2023-03-24 16:21:00+00:00,158.2381,158.31,158.18,880,158.29,115710,158.252552
2023-03-24 16:22:00+00:00,158.28,158.34,158.22,720,158.24,79459,158.291642
2023-03-24 16:23:00+00:00,158.275,158.355,158.27,676,158.27,68087,158.311284
2023-03-24 16:24:00+00:00,158.32,158.37,158.2575,749,158.27,70331,158.313007
2023-03-24 16:25:00+00:00,158.36,158.43,158.33,980,158.33,112557,158.379891
2023-03-24 16:26:00+00:00,158.25,158.365,158.23,763,158.36,106095,158.289079
2023-03-24 16:27:00+00:00,158.31,158.38,158.21,703,158.24,64438,158.31646
2023-03-24 16:28:00+00:00,158.3528,158.39,158.29,631,158.32,76631,158.344963
2023-03-24 16:29:00+00:00,158.4,158.419,158.32,792,158.3528,96321,158.361884
2023-03-24 16:30:00+00:00,158.43,158.52,158.4,959,158.4,95931,158.471824
2023-03-24 16:31:00+00:00,158.43,158.4799,158.31,738,158.44,98637,158.413912
2023-03-24 16:32:00+00:00,158.5,158.53,158.415,643,158.43,70647,158.484445
2023-03-24 16:33:00+00:00,158.41,158.505,158.405,563,158.5,62116,158.435189
2023-03-24 16:34:00+00:00,158.4899,158.51,158.42,529,158.43,67561,158.455412
2023-03-24 16:35:00+00:00,158.3558,158.56,158.34,1374,158.5,153520,158.468219
2023-03-24 16:36:00+00:00,158.4111,158.45,158.29,977,158.36,101657,158.363642
2023-03-24 16:37:00+00:00,158.54,158.61,158.4046,1117,158.4046,121282,158.54361
2023-03-24 16:38:00+00:00,158.611,158.68,158.4999,839,158.54,81982,158.606924
2023-03-24 16:39:00+00:00,158.59,158.62,158.5111,607,158.62,49725,158.567565
2023-03-24 16:40:00+00:00,158.44,158.7,158.4299,844,158.6,80785,158.571242
2023-03-24 16:41:00+00:00,158.54,158.55,158.36,682,158.44,64214,158.459071
2023-03-24 16:42:00+00:00,158.58,158.67,158.51,691,158.55,67801,158.596056
2023-03-24 16:43:00+00:00,158.6084,158.67,158.59,492,158.6,56224,158.616106
2023-03-24 16:44:00+00:00,158.63,158.68,158.5901,507,158.61,50364,158.63928
2023-03-24 16:45:00+00:00,158.7301,158.79,158.62,713,158.63,81166,158.711072
2023-03-24 16:46:00+00:00,158.8,158.85,158.73,712,158.73,82567,158.782973
2023-03-24 16:47:00+00:00,158.8229,158.9,158.75,1086,158.79,129054,158.831099
2023-03-24 16:48:00+00:00,158.88,158.8999,158.81,708,158.81,63622,158.856998
2023-03-24 16:49:00+00:00,158.84,158.92,158.75,816,158.89,82392,158.830316
2023-03-24 16:50:00+00:00,158.75,158.87,158.7088,832,158.85,102143,158.796981
2023-03-24 16:51:00+00:00,158.73,158.78,158.69,653,158.75,65548,158.735168
2023-03-24 16:52:00+00:00,158.66,158.75,158.64,703,158.735,69563,158.690922
2023-03-24 16:53:00+00:00,158.6355,158.705,158.6,589,158.65,55990,158.659571
2023-03-24 16:54:00+00:00,158.7,158.72,158.64,463,158.64,37262,158.683058
2023-03-24 16:55:00+00:00,158.75,158.84,158.7,675,158.7,61185,158.783724
2023-03-24 16:56:00+00:00,158.79,158.81,158.725,568,158.77,53609,158.7774
2023-03-24 16:57:00+00:00,158.865,158.9004,158.775,672,158.78,68831,158.841747
2023-03-24 16:58:00+00:00,158.86,158.98,158.85,1101,158.8623,101675,158.91321
2023-03-24 16:59:00+00:00,158.7499,158.86,158.72,706,158.86,68664,158.790866
2023-03-24 17:00:00+00:00,158.825,158.865,158.74,667,158.74,65110,158.813199
2023-03-24 17:01:00+00:00,158.77,158.86,158.75,605,158.82,47047,158.796625
2023-03-24 17:02:00+00:00,158.68,158.78,158.63,709,158.77,62669,158.698997
2023-03-24 17:03:00+00:00,158.675,158.685,158.6,602,158.675,64359,158.637023
2023-03-24 17:04:00+00:00,158.72,158.73,158.66,630,158.67,58617,158.693595
2023-03-24 17:05:00+00:00,158.8299,158.86,158.71,643,158.73,60533,158.803907
2023-03-24 17:06:00+00:00,158.774,158.9,158.7601,806,158.82,85918,158.832131
2023-03-24 17:07:00+00:00,158.6423,158.8,158.58,902,158.79,84088,158.666849
2023-03-24 17:08:00+00:00,158.6299,158.6535,158.565,471,158.63,40328,158.619929
2023-03-24 17:09:00+00:00,158.65,158.665,158.58,622,158.6119,66551,158.618118
2023-03-24 17:10:00+00:00,158.69,158.7201,158.63,491,158.65,61571,158.680955
2023-03-24 17:11:00+00:00,158.67,158.75,158.65,662,158.7,66739,158.701861
2023-03-24 17:12:00+00:00,158.77,158.835,158.66,736,158.68,74690,158.758799
2023-03-24 17:13:00+00:00,158.8736,158.885,158.74,475,158.7681,43565,158.823356
2023-03-24 17:14:00+00:00,158.905,158.93,158.86,717,158.87,78551,158.894858
2023-03-24 17:15:00+00:00,158.93,158.97,158.9,628,158.91,62815,158.933512
2023-03-24 17:16:00+00:00,158.84,158.97,158.81,611,158.93,73097,158.886736
2023-03-24 17:17:00+00:00,158.81,158.91,158.7982,512,158.83,53357,158.841693
2023-03-24 17:18:00+00:00,158.7922,158.86,158.71,522,158.8,82448,158.797557
2023-03-24 17:19:00+00:00,158.79,158.81,158.7197,594,158.79,60436,158.764319
2023-03-24 17:20:00+00:00,158.92,158.95,158.77,838,158.785,79668,158.859783
2023-03-24 17:21:00+00:00,158.99,159.06,158.91,1105,158.92,120529,159.000303
2023-03-24 17:22:00+00:00,159.07,159.11,158.9801,934,158.99,102478,159.060012
2023-03-24 17:23:00+00:00,159.07,159.12,159.04,706,159.0694,73384,159.081904
2023-03-24 17:24:00+00:00,159.12,159.12,158.97,825,159.07,108072,159.053922
2023-03-24 17:25:00+00:00,159.2,159.22,159.07,892,159.12,99097,159.128739
2023-03-24 17:26:00+00:00,159.3501,159.44,159.17,1570,159.205,177466,159.339492
2023-03-24 17:27:00+00:00,159.339,159.39,159.27,781,159.345,95508,159.328164
2023-03-24 17:28:00+00:00,159.23,159.39,159.07,2437,159.34,253264,159.222963
2023-03-24 17:29:00+00:00,159.33,159.33,159.22,711,159.2399,84528,159.271826
2023-03-24 17:30:00+00:00,159.4301,159.44,159.32,1114,159.32,123972,159.385789
2023-03-24 17:31:00+00:00,159.41,159.4399,159.31,1001,159.43,105659,159.376348
2023-03-24 17:32:00+00:00,159.524,159.55,159.396,1322,159.41,146502,159.468111
2023-03-24 17:33:00+00:00,159.48,159.5481,159.45,764,159.524,114920,159.494237
2023-03-24 17:34:00+00:00,159.345,159.48,159.33,731,159.469,73015,159.411024
2023-03-24 17:35:00+00:00,159.45,159.46,159.31,644,159.3486,71703,159.398949
2023-03-24 17:36:00+00:00,159.47,159.57,159.45,838,159.45,90676,159.511905
2023-03-24 17:37:00+00:00,159.512,159.6,159.465,984,159.465,101622,159.536551
2023-03-24 17:38:00+00:00,159.5,159.61,159.36,1487,159.515,145064,159.500793
2023-03-24 17:39:00+00:00,159.5389,159.55,159.45,609,159.5,64011,159.515435
2023-03-24 17:40:00+00:00,159.598,159.67,159.5303,1034,159.54,127979,159.608886
2023-03-24 17:41:00+00:00,159.37,159.6,159.3,1890,159.59,207633,159.444872
2023-03-24 17:42:00+00:00,159.455,159.48,159.305,825,159.37,90343,159.393863
2023-03-24 17:43:00+00:00,159.335,159.46,159.297,935,159.4548,111395,159.370645
2023-03-24 17:44:00+00:00,159.3801,159.41,159.28,683,159.3383,89061,159.358267
2023-03-24 17:45:00+00:00,159.32,159.41,159.2901,547,159.405,63546,159.349808
2023-03-24 17:46:00+00:00,159.34,159.39,159.27,734,159.3216,90224,159.332713
2023-03-24 17:47:00+00:00,159.1455,159.37,159.1332,822,159.3501,111153,159.251172
2023-03-24 17:48:00+00:00,159.13,159.175,159.0837,831,159.145,95633,159.140991
2023-03-24 17:49:00+00:00,159.0074,159.15,159.0,949,159.1301,134371,159.07391
2023-03-24 17:50:00+00:00,159.0113,159.08,158.99,627,159.0001,63179,159.042835
2023-03-24 17:51:00+00:00,159.0,159.06,158.96,692,159.01,67616,159.00275
2023-03-24 17:52:00+00:00,159.0078,159.05,158.9851,522,159.005,48007,159.00719
2023-03-24 17:53:00+00:00,158.96,159.04,158.95,669,159.0,95475,158.998817
2023-03-24 17:54:00+00:00,159.0,159.01,158.94,542,158.96,59673,158.978025
2023-03-24 17:55:00+00:00,158.9301,159.0293,158.93,567,159.0,64127,158.993771
2023-03-24 17:56:00+00:00,159.01,159.01,158.92,540,158.9499,53523,158.962188
2023-03-24 17:57:00+00:00,159.04,159.09,158.995,800,158.9957,103137,159.027981
2023-03-24 17:58:00+00:00,159.105,159.16,159.04,817,159.04,100644,159.108407
2023-03-24 17:59:00+00:00,159.15,159.16,159.07,490,159.105,61647,159.113661
2023-03-24 18:00:00+00:00,159.236,159.265,159.15,1000,159.15,122026,159.216875
2023-03-24 18:01:00+00:00,159.22,159.28,159.21,687,159.24,78300,159.240071
2023-03-24 18:02:00+00:00,159.29,159.35,159.22,657,159.2286,77830,159.281266
2023-03-24 18:03:00+00:00,159.31,159.375,159.258,569,159.29,83490,159.31914
2023-03-24 18:04:00+00:00,159.3099,159.3406,159.26,565,159.3,59436,159.301623
2023-03-24 18:05:00+00:00,159.21,159.3101,159.18,711,159.31,80570,159.250719
2023-03-24 18:06:00+00:00,159.12,159.22,159.102,796,159.19,77030,159.144574
2023-03-24 18:07:00+00:00,159.215,159.226,159.11,675,159.13,64070,159.168126
2023-03-24 18:08:00+00:00,159.36,159.37,159.2124,896,159.215,100594,159.309214
2023-03-24 18:09:00+00:00,159.28,159.385,159.26,540,159.37,66140,159.318242
2023-03-24 18:10:00+00:00,159.3066,159.32,159.18,709,159.27,76624,159.242602
2023-03-24 18:11:00+00:00,159.26,159.315,159.21,509,159.31,50479,159.266487
2023-03-24 18:12:00+00:00,159.355,159.36,159.24,454,159.26,45552,159.304028
2023-03-24 18:13:00+00:00,159.4175,159.44,159.32,857,159.3513,105635,159.377882
2023-03-24 18:14:00+00:00,159.42,159.46,159.36,774,159.4184,100334,159.418279
2023-03-24 18:15:00+00:00,159.52,159.53,159.42,990,159.42,110132,159.473193
2023-03-24 18:16:00+00:00,159.4961,159.6,159.48,922,159.52,104378,159.548816
2023-03-24 18:17:00+00:00,159.4842,159.52,159.4109,682,159.49,71845,159.45942
2023-03-24 18:18:00+00:00,159.41,159.49,159.4,786,159.49,80048,159.442989
2023-03-24 18:19:00+00:00,159.48,159.49,159.37,617,159.41,66185,159.423882
2023-03-24 18:20:00+00:00,159.47,159.54,159.45,662,159.475,73515,159.504714
2023-03-24 18:21:00+00:00,159.54,159.54,159.455,501,159.48,52901,159.500852
2023-03-24 18:22:00+00:00,159.4501,159.59,159.44,785,159.53,90383,159.530383
2023-03-24 18:23:00+00:00,159.5008,159.5008,159.42,580,159.4599,64475,159.457953
2023-03-24 18:24:00+00:00,159.41,159.57,159.35,1578,159.5,160520,159.465248
2023-03-24 18:25:00+00:00,159.4443,159.52,159.38,655,159.42,57453,159.466263
2023-03-24 18:26:00+00:00,159.5,159.53,159.4486,472,159.4486,40504,159.496236
2023-03-24 18:27:00+00:00,159.4516,159.5584,159.44,682,159.51,64700,159.511612
2023-03-24 18:28:00+00:00,159.525,159.535,159.41,550,159.46,52011,159.472834
2023-03-24 18:29:00+00:00,159.56,159.59,159.5124,651,159.5273,74453,159.548322
2023-03-24 18:30:00+00:00,159.5701,159.67,159.54,969,159.5691,99318,159.609485
2023-03-24 18:31:00+00:00,159.6424,159.66,159.52,764,159.5745,88195,159.596547
2023-03-24 18:32:00+00:00,159.6775,159.68,159.62,700,159.65,71454,159.646052
2023-03-24 18:33:00+00:00,159.7122,159.73,159.63,896,159.67,84690,159.665303
2023-03-24 18:34:00+00:00,159.82,159.9371,159.7039,2651,159.715,315181,159.815422
2023-03-24 18:35:00+00:00,159.71,159.83,159.64,919,159.8,120660,159.729531
2023-03-24 18:36:00+00:00,159.699,159.7,159.58,732,159.7,76617,159.63709
2023-03-24 18:37:00+00:00,159.69,159.745,159.6701,648,159.69,70595,159.711655
2023-03-24 18:38:00+00:00,159.8248,159.86,159.69,639,159.7,87091,159.781845
2023-03-24 18:39:00+00:00,159.85,159.93,159.82,951,159.835,125411,159.870596
2023-03-24 18:40:00+00:00,159.81,159.94,159.77,1574,159.8468,186194,159.856107
2023-03-24 18:41:00+00:00,159.8599,159.87,159.76,821,159.81,109341,159.811554
2023-03-24 18:42:00+00:00,159.9,159.92,159.8091,744,159.855,93557,159.867878
2023-03-24 18:43:00+00:00,159.92,159.93,159.885,625,159.9,75321,159.91028
2023-03-24 18:44:00+00:00,159.91,159.95,159.89,837,159.91,86075,159.91815
2023-03-24 18:45:00+00:00,159.885,159.95,159.83,1064,159.91,122008,159.899421
2023-03-24 18:46:00+00:00,159.76,159.8919,159.74,834,159.89,98561,159.803554
2023-03-24 18:47:00+00:00,159.84,159.86,159.74,671,159.7649,58261,159.800286
2023-03-24 18:48:00+00:00,159.78,159.93,159.7601,734,159.8401,80013,159.854169
2023-03-24 18:49:00+00:00,159.8293,159.84,159.73,639,159.77,84388,159.774766
2023-03-24 18:50:00+00:00,159.775,159.83,159.73,574,159.8212,52930,159.776073
2023-03-24 18:51:00+00:00,159.7301,159.8,159.72,544,159.78,59535,159.74685
2023-03-24 18:52:00+00:00,159.65,159.74,159.62,925,159.7399,98511,159.679712
2023-03-24 18:53:00+00:00,159.715,159.73,159.65,541,159.6501,47431,159.692855
2023-03-24 18:54:00+00:00,159.65,159.74,159.65,568,159.715,66575,159.690731
2023-03-24 18:55:00+00:00,159.765,159.79,159.64,775,159.64,87463,159.722184
2023-03-24 18:56:00+00:00,159.78,159.8091,159.7501,539,159.765,59923,159.783207
2023-03-24 18:57:00+00:00,159.7451,159.8,159.7052,546,159.79,64652,159.742024
2023-03-24 18:58:00+00:00,159.71,159.79,159.62,1294,159.75,112253,159.711372
2023-03-24 18:59:00+00:00,159.6731,159.71,159.65,587,159.71,62886,159.684122
2023-03-24 19:00:00+00:00,159.635,159.73,159.62,982,159.68,96221,159.678772
2023-03-24 19:01:00+00:00,159.67,159.7,159.615,603,159.635,52786,159.660201
2023-03-24 19:02:00+00:00,159.48,159.67,159.4299,1210,159.67,129019,159.54453
2023-03-24 19:03:00+00:00,159.5699,159.6,159.4709,687,159.49,67592,159.537867
2023-03-24 19:04:00+00:00,159.5584,159.605,159.51,732,159.57,85771,159.557438
2023-03-24 19:05:00+00:00,159.53,159.57,159.4152,790,159.57,87288,159.478914
2023-03-24 19:06:00+00:00,159.505,159.57,159.47,636,159.55,55739,159.527291
2023-03-24 19:07:00+00:00,159.55,159.56,159.46,515,159.5,58252,159.518432
2023-03-24 19:08:00+00:00,159.39,159.57,159.38,727,159.5489,70106,159.472828
2023-03-24 19:09:00+00:00,159.5,159.505,159.36,744,159.395,74085,159.429025
2023-03-24 19:10:00+00:00,159.46,159.505,159.38,650,159.495,82260,159.434323
2023-03-24 19:11:00+00:00,159.615,159.63,159.458,965,159.458,110418,159.561802
2023-03-24 19:12:00+00:00,159.501,159.6299,159.47,715,159.6109,111423,159.554413
2023-03-24 19:13:00+00:00,159.525,159.5599,159.48,512,159.5,76702,159.530174
2023-03-24 19:14:00+00:00,159.4495,159.525,159.42,690,159.525,66221,159.456861
2023-03-24 19:15:00+00:00,159.48,159.55,159.41,622,159.445,62067,159.484564
2023-03-24 19:16:00+00:00,159.5448,159.63,159.485,752,159.4885,86913,159.564134
2023-03-24 19:17:00+00:00,159.715,159.7299,159.52,853,159.54,106139,159.621205
2023-03-24 19:18:00+00:00,159.765,159.8,159.65,1066,159.713,115872,159.724739
2023-03-24 19:19:00+00:00,159.7795,159.82,159.74,852,159.76,108297,159.780292
2023-03-24 19:20:00+00:00,159.8779,159.8779,159.79,750,159.79,78651,159.834257
2023-03-24 19:21:00+00:00,159.97,160.0,159.87,1671,159.87,186642,159.941339
2023-03-24 19:22:00+00:00,159.9753,160.06,159.96,3652,159.9734,377409,160.002957
2023-03-24 19:23:00+00:00,159.82,159.99,159.73,1400,159.97,157889,159.89966
2023-03-24 19:24:00+00:00,159.7796,159.94,159.7796,1247,159.8177,146848,159.860918
2023-03-24 19:25:00+00:00,159.81,159.87,159.75,963,159.78,92682,159.813625
2023-03-24 19:26:00+00:00,159.8221,159.865,159.79,831,159.805,98641,159.828485
2023-03-24 19:27:00+00:00,159.72,159.875,159.71,898,159.8299,114346,159.796579
2023-03-24 19:28:00+00:00,159.82,159.84,159.7155,1024,159.73,94192,159.781293
2023-03-24 19:29:00+00:00,159.84,159.93,159.82,1367,159.83,140754,159.870919
2023-03-24 19:30:00+00:00,159.875,159.93,159.83,975,159.845,115731,159.882167
2023-03-24 19:31:00+00:00,159.89,159.9199,159.78,975,159.87,97278,159.850215
2023-03-24 19:32:00+00:00,159.855,159.9298,159.855,851,159.89,94872,159.889585
2023-03-24 19:33:00+00:00,159.81,159.855,159.73,982,159.855,102909,159.794892
2023-03-24 19:34:00+00:00,159.86,159.86,159.77,846,159.81,79376,159.804993
2023-03-24 19:35:00+00:00,159.7816,159.86,159.74,981,159.85,102331,159.792675
2023-03-24 19:36:00+00:00,159.86,159.91,159.78,904,159.7873,102169,159.865168
2023-03-24 19:37:00+00:00,159.94,159.96,159.8431,897,159.86,115457,159.904703
2023-03-24 19:38:00+00:00,159.905,160.02,159.89,1703,159.95,191018,159.970886
2023-03-24 19:39:00+00:00,159.884,159.98,159.74,2076,159.91,214252,159.849165
2023-03-24 19:40:00+00:00,159.91,159.92,159.82,1069,159.88,112370,159.879431
2023-03-24 19:41:00+00:00,159.935,160.0099,159.9,1229,159.9205,138261,159.958452
2023-03-24 19:42:00+00:00,159.97,159.98,159.9,1069,159.935,103723,159.929033
2023-03-24 19:43:00+00:00,160.0446,160.06,159.94,1195,159.97,115916,160.01599
2023-03-24 19:44:00+00:00,159.99,160.05,159.95,920,160.0446,92913,159.99298
2023-03-24 19:45:00+00:00,159.97,160.03,159.91,1102,159.985,102563,159.969541
2023-03-24 19:46:00+00:00,159.8399,160.0,159.8,1517,159.97,143791,159.89372
2023-03-24 19:47:00+00:00,159.81,159.89,159.8,1142,159.84,109049,159.841864
2023-03-24 19:48:00+00:00,159.88,159.95,159.77,1171,159.8152,117169,159.855573
2023-03-24 19:49:00+00:00,159.88,159.92,159.82,975,159.89,93186,159.875336
2023-03-24 19:50:00+00:00,159.92,159.98,159.76,2000,159.885,198814,159.882639
2023-03-24 19:51:00+00:00,159.95,160.0,159.8375,1617,159.91,143134,159.917124
2023-03-24 19:52:00+00:00,159.855,159.99,159.82,1522,159.95,151042,159.912135
2023-03-24 19:53:00+00:00,159.9101,159.97,159.8547,1810,159.855,171794,159.916162
2023-03-24 19:54:00+00:00,159.9024,159.97,159.83,2067,159.93,187644,159.899495
2023-03-24 19:55:00+00:00,159.9,159.97,159.81,2463,159.89,243424,159.895018
2023-03-24 19:56:00+00:00,160.0299,160.05,159.885,2463,159.9,252056,159.977077
2023-03-24 19:57:00+00:00,160.155,160.17,160.0,3294,160.025,386089,160.093194
2023-03-24 19:58:00+00:00,160.19,160.22,160.13,3680,160.16,402260,160.166432
2023-03-24 19:59:00+00:00,160.25,160.34,160.08,8118,160.19,1085314,160.207841
2023-03-24 20:00:00+00:00,160.28,160.3588,160.18,222,160.27,13011891,160.249766
2023-03-24 20:01:00+00:00,160.3,160.31,160.27,89,160.28,15461,160.193145
2023-03-24 20:02:00+00:00,160.35,160.37,160.25,99,160.27,6783,160.296964
2023-03-24 20:03:00+00:00,160.3,160.39,160.3,73,160.36,7336,160.3417
2023-03-24 20:04:00+00:00,160.26,160.32,160.25,95,160.28,10925,160.269019
2023-03-24 20:05:00+00:00,160.21,160.27,160.21,87,160.25,6371,160.245859
2023-03-24 20:06:00+00:00,160.22,160.25,160.11,108,160.21,7063,160.176089
2023-03-24 20:07:00+00:00,160.25,160.28,160.21,39,160.21,30020,160.248746
2023-03-24 20:08:00+00:00,160.24,160.28,160.24,33,160.28,1673,160.25945
2023-03-24 20:09:00+00:00,160.21,160.24,160.21,30,160.24,1341,160.222815
2023-03-24 20:10:00+00:00,160.25,160.26,160.24,35,160.24,40897,160.250192
2023-03-24 20:11:00+00:00,160.25,160.25,160.25,32,160.25,15403,160.250041
2023-03-24 20:12:00+00:00,160.22,160.25,160.22,29,160.25,1765,160.24328
2023-03-24 20:13:00+00:00,160.23,160.25,160.22,36,160.22,9628,160.243739
2023-03-24 20:14:00+00:00,160.2599,160.2599,160.25,23,160.25,760,160.25793
2023-03-24 20:15:00+00:00,160.26,160.26,160.23,31,160.23,5029,160.246407
2023-03-24 20:16:00+00:00,160.25,160.26,160.22,43,160.26,5352,160.245998
2023-03-24 20:17:00+00:00,160.2,160.25,160.2,58,160.25,4900,160.224855
2023-03-24 20:18:00+00:00,160.12,160.2,160.12,69,160.2,5178,160.158816
2023-03-24 20:19:00+00:00,160.17,160.17,160.16,28,160.17,3922,160.164612
2023-03-24 20:20:00+00:00,160.13,160.21,160.13,38,160.17,12998,160.173196
2023-03-24 20:21:00+00:00,160.16,160.16,160.12,41,160.14,6291,160.130463
2023-03-24 20:22:00+00:00,160.2,160.2,160.14,85,160.16,17336,160.149672
2023-03-24 20:23:00+00:00,160.13,160.238,160.11,85,160.19,13030,160.143346
2023-03-24 20:24:00+00:00,160.17,160.17,160.1,77,160.13,8706,160.122331
2023-03-24 20:25:00+00:00,160.15,160.15,160.15,22,160.15,700,160.148286
2023-03-24 20:26:00+00:00,160.24,160.25,160.18,78,160.19,9446,160.211078
2023-03-24 20:27:00+00:00,160.24,160.24,160.24,28,160.24,1263,160.230115
2023-03-24 20:28:00+00:00,160.23,160.24,160.23,30,160.24,1739,160.231558
2023-03-24 20:29:00+00:00,160.25,160.26,160.19,73,160.23,9885,160.226708
2023-03-24 20:30:00+00:00,160.25,160.25,160.23,18,160.23,577,160.244185
2023-03-24 20:31:00+00:00,160.32,160.33,160.25,73,160.25,4642,160.276807
2023-03-24 20:32:00+00:00,160.26,160.28,160.25,32,160.28,1312,160.25872
2023-03-24 20:33:00+00:00,160.22,160.25,160.22,29,160.24,2198,160.230784
2023-03-24 20:34:00+00:00,160.22,160.22,160.22,7,160.22,197,160.210508
2023-03-24 20:35:00+00:00,160.21,160.22,160.21,21,160.22,1217,160.216709
2023-03-24 20:36:00+00:00,160.19,160.2,160.18,44,160.2,1991,160.190934
2023-03-24 20:37:00+00:00,160.2,160.2,160.2,16,160.2,2085,160.198643
2023-03-24 20:38:00+00:00,160.24,160.25,160.1901,62,160.2,34147,160.224441
2023-03-24 20:39:00+00:00,160.19,160.25,160.19,43,160.24,1900,160.228537
2023-03-24 20:40:00+00:00,160.21,160.21,160.21,19,160.21,4114,160.209211
2023-03-24 20:41:00+00:00,160.22,160.2615,160.18,36,160.18,2967,160.215546
2023-03-24 20:42:00+00:00,160.16,160.27,160.15,57,160.22,3522,160.199901
2023-03-24 20:43:00+00:00,160.2,160.21,160.16,30,160.2,2704,160.199318
2023-03-24 20:44:00+00:00,160.18,160.26,160.16,24,160.16,4352,160.226489
2023-03-24 20:45:00+00:00,160.25,160.25,160.213,20,160.213,696,160.241061
2023-03-24 20:46:00+00:00,160.1814,160.23,160.1814,33,160.23,1830,160.207608
2023-03-24 20:47:00+00:00,160.21,160.21,160.16,52,160.19,6625,160.200622
2023-03-24 20:48:00+00:00,160.21,160.25,160.21,24,160.236,706,160.234013
2023-03-24 20:49:00+00:00,160.24,160.27,160.22,44,160.22,6705,160.230517
2023-03-24 20:50:00+00:00,160.23,160.27,160.23,42,160.27,5049,160.241985
2023-03-24 20:51:00+00:00,160.37,160.37,160.24,90,160.24,8788,160.294894
2023-03-24 20:52:00+00:00,160.3,160.3,160.3,14,160.3,231,160.311574
2023-03-24 20:54:00+00:00,160.31,160.31,160.3,15,160.3,714,160.301858
2023-03-24 20:55:00+00:00,160.31,160.32,160.3,28,160.31,2152,160.306941
2023-03-24 20:56:00+00:00,160.26,160.28,160.26,28,160.28,907,160.290827
2023-03-24 20:57:00+00:00,160.33,160.33,160.27,40,160.28,1990,160.310259
2023-03-24 20:58:00+00:00,160.33,160.33,160.28,21,160.29,1707,160.290899
2023-03-24 20:59:00+00:00,160.31,160.37,160.31,32,160.34,1603,160.35054
2023-03-24 21:00:00+00:00,160.25,160.35,160.25,22,160.35,2427,160.292402
2023-03-24 21:01:00+00:00,160.25,160.26,160.25,19,160.26,420,160.262643
2023-03-24 21:02:00+00:00,160.33,160.33,160.28,23,160.3,1721,160.310398
2023-03-24 21:03:00+00:00,160.33,160.33,160.33,23,160.33,840,160.330262
2023-03-24 21:04:00+00:00,160.28,160.31,160.28,17,160.31,2393,160.300733
2023-03-24 21:05:00+00:00,160.26,160.26,160.26,15,160.26,312,160.261426
2023-03-24 21:06:00+00:00,160.3,160.35,160.25,39,160.25,3093,160.312995
2023-03-24 21:07:00+00:00,160.33,160.34,160.3,20,160.3,1824646,160.250081
2023-03-24 21:08:00+00:00,160.34,160.34,160.33,14,160.33,3279,160.336786
2023-03-24 21:10:00+00:00,160.31,160.36,160.31,21,160.34,922,160.341692
2023-03-24 21:11:00+00:00,160.3123,160.3123,160.25,14,160.25,52836,160.250268
2023-03-24 21:12:00+00:00,160.28,160.31,160.28,17,160.31,691,160.30212
2023-03-24 21:13:00+00:00,160.25,160.3,160.2,86,160.26,7905,160.228451
2023-03-24 21:14:00+00:00,160.22,160.22,160.22,16,160.22,213,160.228239
2023-03-24 21:15:00+00:00,160.25,160.27,160.25,26,160.27,851,160.252444
2023-03-24 21:16:00+00:00,160.17,160.22,160.1408,43,160.22,3845,160.167164
2023-03-24 21:17:00+00:00,160.24,160.24,160.13,55,160.14,3518,160.183816
2023-03-24 21:18:00+00:00,160.11,160.2,160.11,67,160.2,23007,160.132143
2023-03-24 21:19:00+00:00,160.0,160.11,159.96,103,160.1,13120,160.025894
2023-03-24 21:20:00+00:00,160.09,160.09,160.0,36,160.01,1596,160.010842
2023-03-24 21:21:00+00:00,160.03,160.08,160.02,33,160.05,2469,160.037872
2023-03-24 21:22:00+00:00,159.86,160.05,159.86,73,160.05,7854,159.924363
2023-03-24 21:23:00+00:00,159.87,159.87,159.82,48,159.86,7538,159.864038
2023-03-24 21:24:00+00:00,159.88,159.88,159.82,34,159.85,1741,159.857029
2023-03-24 21:25:00+00:00,160.0,160.01,159.94,64,159.94,4583,159.973023
2023-03-24 21:26:00+00:00,160.0,160.0,159.96,28,159.96,1340,159.990291
2023-03-24 21:27:00+00:00,159.97,160.0,159.97,32,160.0,1614,159.991877
2023-03-24 21:28:00+00:00,159.97,159.97,159.9,43,159.96,2671,159.94319
2023-03-24 21:29:00+00:00,160.04,160.04,159.94,39,159.97,2971,159.979426
2023-03-24 21:30:00+00:00,160.066,160.07,160.066,13,160.07,730,160.068585
2023-03-24 21:31:00+00:00,160.05,160.05,160.05,16,160.05,380,160.038355
2023-03-24 21:32:00+00:00,159.95,160.0,159.95,28,160.0,1411,159.974981
2023-03-24 21:33:00+00:00,160.0,160.0,159.97,12,160.0,496,159.989395
2023-03-24 21:34:00+00:00,160.0,160.02,159.96,28,160.0,1998,159.989169
2023-03-24 21:35:00+00:00,160.0,160.0,159.9,42,160.0,5841,159.962388
2023-03-24 21:36:00+00:00,160.0,160.0,160.0,9,160.0,1125,159.999422
2023-03-24 21:37:00+00:00,159.96,159.96,159.96,9,159.96,660,159.962182
2023-03-24 21:38:00+00:00,160.0,160.0,160.0,13,160.0,453,160.000486
2023-03-24 21:39:00+00:00,160.03,160.03,160.02,26,160.02,598,160.015385
2023-03-24 21:40:00+00:00,160.08,160.08,160.05,25,160.05,1236,160.063317
2023-03-24 21:42:00+00:00,160.08,160.08,160.0691,14,160.0691,1571,160.067758
2023-03-24 21:43:00+00:00,160.08,160.08,160.0799,12,160.08,2299,160.079126
2023-03-24 21:45:00+00:00,160.02,160.02,160.02,29,160.02,807,160.015279
2023-03-24 21:46:00+00:00,159.9501,159.97,159.95,47,159.96,2684,159.959845
2023-03-24 21:47:00+00:00,159.95,159.95,159.95,12,159.95,158,159.953797
2023-03-24 21:49:00+00:00,159.98,159.98,159.98,23,159.98,366,159.989522
2023-03-24 21:51:00+00:00,159.99,159.99,159.99,7,159.99,1006,159.990005
2023-03-24 21:53:00+00:00,159.99,159.99,159.99,17,159.99,463,159.989084
2023-03-24 21:55:00+00:00,160.0,160.0,160.0,18,160.0,1570,159.999032
2023-03-24 21:56:00+00:00,160.0,160.0,160.0,22,160.0,712,159.996938
2023-03-24 21:58:00+00:00,160.02,160.04,160.01,36,160.01,1222,160.020172
2023-03-24 21:59:00+00:00,160.08,160.08,160.08,12,160.08,155,160.076742
