timestamp,close,high,low,trade_count,open,volume,vwap
2023-05-12 08:00:00+00:00,173.93,174.0,173.93,37,174.0,1200,173.9142
2023-05-12 08:02:00+00:00,173.77,173.91,173.77,27,173.91,2719,173.892221
2023-05-12 08:05:00+00:00,173.78,173.86,173.78,3,173.86,350,173.812114
2023-05-12 08:08:00+00:00,173.87,173.87,173.8,9,173.8,878,173.831287
2023-05-12 08:13:00+00:00,173.95,173.95,173.95,6,173.95,352,173.948636
2023-05-12 08:14:00+00:00,173.9,173.93,173.9,19,173.9,1215,173.912872
2023-05-12 08:16:00+00:00,173.99,173.99,173.95,19,173.95,1256,173.978471
2023-05-12 08:19:00+00:00,174.0,174.0,173.99,52,173.99,1763,173.994731
2023-05-12 08:21:00+00:00,174.0,174.0,174.0,23,174.0,796,174.006043
2023-05-12 08:22:00+00:00,174.0,174.0,174.0,21,174.0,836,174.007057
2023-05-12 08:23:00+00:00,174.05,174.05,174.05,10,174.05,441,174.037415
2023-05-12 08:24:00+00:00,174.05,174.05,174.05,4,174.05,739,174.05
2023-05-12 08:25:00+00:00,174.05,174.05,174.05,9,174.05,478,174.047699
2023-05-12 08:27:00+00:00,174.0,174.0,174.0,1,174.0,200,174.0
2023-05-12 08:36:00+00:00,173.94,173.94,173.94,4,173.94,202,173.939901
2023-05-12 08:37:00+00:00,173.8,173.82,173.8,25,173.82,2276,173.810764
2023-05-12 08:38:00+00:00,173.8,173.8,173.79,8,173.8,554,173.797292
2023-05-12 08:46:00+00:00,173.82,173.82,173.82,6,173.82,333,173.830931
2023-05-12 08:53:00+00:00,173.82,173.85,173.82,5,173.85,551,173.833249
2023-05-12 08:54:00+00:00,173.82,173.82,173.82,5,173.82,598,173.82
2023-05-12 08:58:00+00:00,173.86,173.86,173.86,8,173.86,453,173.859868
2023-05-12 09:03:00+00:00,173.86,173.86,173.86,5,173.86,495,173.859636
2023-05-12 09:05:00+00:00,173.87,173.87,173.86,16,173.86,515,173.877146
2023-05-12 09:08:00+00:00,173.92,173.92,173.92,28,173.92,1102,173.916352
2023-05-12 09:09:00+00:00,173.95,173.95,173.95,4,173.95,188,173.945319
2023-05-12 09:29:00+00:00,173.81,173.81,173.78,24,173.78,812,173.794002
2023-05-12 09:32:00+00:00,173.81,173.81,173.8,7,173.81,405,173.807457
2023-05-12 09:37:00+00:00,173.8,173.8,173.8,16,173.8,801,173.796866
2023-05-12 09:38:00+00:00,173.8,173.81,173.8,32,173.81,1243,173.807007
2023-05-12 09:39:00+00:00,173.8,173.8,173.8,12,173.8,381,173.798714
2023-05-12 09:41:00+00:00,173.8,173.8,173.75,20,173.75,1230,173.79465
2023-05-12 09:47:00+00:00,173.6,173.72,173.6,40,173.72,2092,173.661831
2023-05-12 09:56:00+00:00,173.56,173.56,173.55,13,173.55,689,173.557736
2023-05-12 09:57:00+00:00,173.5,173.51,173.5,27,173.5,1057,173.507644
2023-05-12 10:02:00+00:00,173.59,173.59,173.57,7,173.57,544,173.574724
2023-05-12 10:03:00+00:00,173.59,173.59,173.59,2,173.59,150,173.576667
2023-05-12 10:23:00+00:00,173.58,173.58,173.58,10,173.58,212,173.58316
2023-05-12 10:29:00+00:00,173.54,173.54,173.54,19,173.54,697,173.540516
2023-05-12 10:32:00+00:00,173.6,173.65,173.59,38,173.59,2413,173.62264
2023-05-12 10:33:00+00:00,173.59,173.59,173.59,4,173.59,201,173.589602
2023-05-12 10:45:00+00:00,173.6,173.6,173.6,6,173.6,190,173.599474
2023-05-12 10:46:00+00:00,173.66,173.66,173.66,18,173.66,380,173.664421
2023-05-12 10:47:00+00:00,173.8,173.8,173.8,23,173.8,543,173.797366
2023-05-12 10:49:00+00:00,173.81,173.81,173.81,5,173.81,253,173.806008
2023-05-12 10:53:00+00:00,173.69,173.69,173.69,4,173.69,300,173.6958
2023-05-12 10:54:00+00:00,173.69,173.69,173.69,2,173.69,105,173.694286
2023-05-12 11:01:00+00:00,173.85,173.85,173.83,26,173.83,4277,173.837365
2023-05-12 11:02:00+00:00,173.84,173.87,173.83,16,173.87,1256,173.843543
2023-05-12 11:03:00+00:00,173.83,173.84,173.83,27,173.84,1946,173.839774
2023-05-12 11:04:00+00:00,173.8,173.83,173.8,43,173.83,2514,173.815223
2023-05-12 11:05:00+00:00,173.82,173.82,173.82,6,173.82,508,173.816535
2023-05-12 11:06:00+00:00,173.8,173.82,173.8,7,173.81,841,173.808704
2023-05-12 11:08:00+00:00,173.78,173.78,173.76,64,173.78,5161,173.763238
2023-05-12 11:13:00+00:00,173.73,173.73,173.72,20,173.72,848,173.726309
2023-05-12 11:16:00+00:00,173.75,173.77,173.75,10,173.77,750,173.761987
2023-05-12 11:18:00+00:00,173.71,173.71,173.71,25,173.71,1466,173.716419
2023-05-12 11:19:00+00:00,173.71,173.71,173.71,6,173.71,242,173.710207
2023-05-12 11:25:00+00:00,173.7,173.7,173.7,15,173.7,913,173.70644
2023-05-12 11:27:00+00:00,173.76,173.76,173.76,43,173.76,2180,173.755344
2023-05-12 11:31:00+00:00,173.7,173.7,173.7,19,173.7,1085,173.702138
2023-05-12 11:36:00+00:00,173.68,173.68,173.68,14,173.68,422,173.68609
2023-05-12 11:37:00+00:00,173.68,173.68,173.68,9,173.68,133,173.682481
2023-05-12 11:38:00+00:00,173.7,173.7,173.68,16,173.68,740,173.688338
2023-05-12 11:41:00+00:00,173.71,173.71,173.69,20,173.69,1256,173.704666
2023-05-12 11:42:00+00:00,173.73,173.73,173.73,14,173.73,560,173.722696
2023-05-12 11:43:00+00:00,173.7,173.72,173.69,17,173.72,1216,173.703043
2023-05-12 11:45:00+00:00,173.69,173.69,173.69,8,173.69,252,173.690238
2023-05-12 11:46:00+00:00,173.68,173.68,173.68,13,173.68,483,173.687226
2023-05-12 11:47:00+00:00,173.68,173.7,173.68,11,173.7,405,173.68758
2023-05-12 11:48:00+00:00,173.65,173.68,173.65,54,173.68,4365,173.674456
2023-05-12 11:56:00+00:00,173.65,173.68,173.65,42,173.67,1478,173.65636
2023-05-12 11:57:00+00:00,173.55,173.65,173.55,72,173.65,5399,173.611247
2023-05-12 11:58:00+00:00,173.6,173.6,173.59,12,173.59,628,173.594363
2023-05-12 11:59:00+00:00,173.6,173.6,173.6,6,173.6,715,173.60028
2023-05-12 12:00:00+00:00,173.54,173.85,173.52,386,173.74,21221,173.656015
2023-05-12 12:01:00+00:00,173.6,173.73,173.38,641,173.6,10205,173.577
2023-05-12 12:02:00+00:00,173.6,173.72,173.54,242,173.72,2476,173.604128
2023-05-12 12:03:00+00:00,173.5525,173.6,173.5525,18,173.6,399,173.573236
2023-05-12 12:04:00+00:00,173.59,173.59,173.59,19,173.59,383,173.583807
2023-05-12 12:05:00+00:00,173.51,173.54,173.51,37,173.54,4529,173.522562
2023-05-12 12:06:00+00:00,173.5101,173.5592,173.51,18,173.51,2101,173.521902
2023-05-12 12:07:00+00:00,173.56,173.56,173.54,44,173.54,862,173.543746
2023-05-12 12:08:00+00:00,173.58,173.61,173.56,55,173.56,2831,173.570426
2023-05-12 12:09:00+00:00,173.63,173.63,173.6296,18,173.6296,441,173.606485
2023-05-12 12:10:00+00:00,173.5899,173.5899,173.5899,18,173.5899,157,173.585318
2023-05-12 12:11:00+00:00,173.53,173.56,173.53,23,173.56,662,173.550205
2023-05-12 12:12:00+00:00,173.52,173.52,173.52,18,173.52,1434,173.527547
2023-05-12 12:13:00+00:00,173.55,173.57,173.55,30,173.57,1024,173.555851
2023-05-12 12:14:00+00:00,173.52,173.52,173.52,18,173.52,559,173.539767
2023-05-12 12:15:00+00:00,173.55,173.56,173.55,35,173.56,1688,173.551947
2023-05-12 12:16:00+00:00,173.55,173.55,173.55,16,173.55,548,173.548926
2023-05-12 12:17:00+00:00,173.52,173.55,173.52,17,173.55,348,173.536546
2023-05-12 12:18:00+00:00,173.52,173.52,173.52,21,173.52,359,173.520726
2023-05-12 12:19:00+00:00,173.51,173.51,173.5,135,173.51,4373,173.503157
2023-05-12 12:20:00+00:00,173.4701,173.4701,173.4701,15,173.4701,494,173.478764
2023-05-12 12:21:00+00:00,173.5,173.5,173.5,10,173.5,309,173.500939
2023-05-12 12:22:00+00:00,173.48,173.49,173.47,47,173.49,1634,173.484426
2023-05-12 12:23:00+00:00,173.45,173.5,173.45,42,173.49,1524,173.481988
2023-05-12 12:24:00+00:00,173.45,173.45,173.45,30,173.45,1156,173.453355
2023-05-12 12:25:00+00:00,173.5,173.5,173.5,19,173.5,1751,173.50019
2023-05-12 12:26:00+00:00,173.48,173.48,173.48,34,173.48,692,173.486358
2023-05-12 12:27:00+00:00,173.49,173.49,173.49,18,173.49,236,173.481128
2023-05-12 12:28:00+00:00,173.49,173.5,173.45,32,173.45,1627,173.467689
2023-05-12 12:29:00+00:00,173.4,173.41,173.4,82,173.4,1993,173.410941
2023-05-12 12:30:00+00:00,173.37,173.4,173.34,69,173.38,7019,173.384723
2023-05-12 12:31:00+00:00,173.39,173.42,173.39,29,173.42,789,173.397526
2023-05-12 12:32:00+00:00,173.47,173.47,173.4199,45,173.4199,3716,173.427022
2023-05-12 12:33:00+00:00,173.45,173.46,173.43,36,173.43,2721,173.452888
2023-05-12 12:34:00+00:00,173.49,173.49,173.41,39,173.41,1481,173.459497
2023-05-12 12:35:00+00:00,173.51,173.51,173.51,30,173.51,663,173.502548
2023-05-12 12:36:00+00:00,173.5,173.5,173.5,31,173.5,1361,173.493205
2023-05-12 12:37:00+00:00,173.53,173.53,173.5,39,173.5,1846,173.505412
2023-05-12 12:38:00+00:00,173.56,173.57,173.55,53,173.55,1154,173.560778
2023-05-12 12:39:00+00:00,173.5698,173.57,173.55,33,173.55,985,173.565247
2023-05-12 12:40:00+00:00,173.6,173.6,173.55,48,173.55,1728,173.580972
2023-05-12 12:41:00+00:00,173.63,173.65,173.62,47,173.62,1740,173.635819
2023-05-12 12:42:00+00:00,173.6401,173.65,173.6,58,173.65,5318,173.626717
2023-05-12 12:43:00+00:00,173.67,173.67,173.65,50,173.65,4879,173.667186
2023-05-12 12:44:00+00:00,173.68,173.68,173.6618,30,173.68,1085,173.679558
2023-05-12 12:45:00+00:00,173.64,173.67,173.64,60,173.67,3690,173.655581
2023-05-12 12:46:00+00:00,173.58,173.6,173.58,29,173.6,1162,173.58372
2023-05-12 12:47:00+00:00,173.5501,173.5501,173.5501,21,173.5501,874,173.559704
2023-05-12 12:48:00+00:00,173.5357,173.58,173.5357,14,173.58,633,173.572024
2023-05-12 12:49:00+00:00,173.62,173.62,173.57,62,173.57,2458,173.579561
2023-05-12 12:50:00+00:00,173.62,173.62,173.62,27,173.62,741,173.594919
2023-05-12 12:51:00+00:00,173.64,173.64,173.61,63,173.62,4657,173.625788
2023-05-12 12:52:00+00:00,173.59,173.59,173.59,14,173.59,535,173.610913
2023-05-12 12:53:00+00:00,173.6,173.61,173.6,27,173.6,2131,173.601634
2023-05-12 12:54:00+00:00,173.59,173.59,173.59,22,173.59,1482,173.59109
2023-05-12 12:55:00+00:00,173.55,173.59,173.55,36,173.5501,1493,173.560534
2023-05-12 12:56:00+00:00,173.55,173.55,173.53,52,173.54,4079,173.546287
2023-05-12 12:57:00+00:00,173.52,173.55,173.52,35,173.55,1109,173.543536
2023-05-12 12:58:00+00:00,173.58,173.58,173.58,23,173.58,628,173.557428
2023-05-12 12:59:00+00:00,173.5,173.54,173.5,75,173.54,10422,173.5043
2023-05-12 13:00:00+00:00,173.47,173.47,173.45,61,173.47,2667,173.466038
2023-05-12 13:01:00+00:00,173.55,173.55,173.48,62,173.48,2123,173.500796
2023-05-12 13:02:00+00:00,173.54,173.56,173.54,26,173.55,2067,173.552332
2023-05-12 13:03:00+00:00,173.53,173.56,173.5,124,173.55,5655,173.530325
2023-05-12 13:04:00+00:00,173.55,173.55,173.52,57,173.53,2735,173.543202
2023-05-12 13:05:00+00:00,173.63,173.63,173.56,70,173.56,2705,173.577244
2023-05-12 13:06:00+00:00,173.55,173.66,173.55,92,173.63,7250,173.625376
2023-05-12 13:07:00+00:00,173.59,173.59,173.55,66,173.55,3116,173.569323
2023-05-12 13:08:00+00:00,173.6,173.61,173.58,45,173.61,4706,173.60011
2023-05-12 13:09:00+00:00,173.64,173.65,173.64,63,173.64,3792,173.645679
2023-05-12 13:10:00+00:00,173.74,173.75,173.56,273,173.64,18039,173.678629
2023-05-12 13:11:00+00:00,173.72,173.75,173.68,107,173.72,7059,173.717164
2023-05-12 13:12:00+00:00,173.72,173.75,173.72,74,173.7492,7958,173.734126
2023-05-12 13:13:00+00:00,173.75,173.75,173.74,52,173.74,4777,173.747095
2023-05-12 13:14:00+00:00,173.68,173.75,173.68,103,173.75,6790,173.706423
2023-05-12 13:15:00+00:00,173.7299,173.73,173.68,41,173.68,3166,173.705133
2023-05-12 13:16:00+00:00,173.75,173.75,173.74,64,173.75,10966,173.748108
2023-05-12 13:17:00+00:00,173.67,173.75,173.66,55,173.75,3307,173.713511
2023-05-12 13:18:00+00:00,173.71,173.71,173.66,100,173.68,4403,173.684176
2023-05-12 13:19:00+00:00,173.75,173.75,173.72,69,173.74,4596,173.745413
2023-05-12 13:20:00+00:00,173.72,173.75,173.72,46,173.75,5213,173.746662
2023-05-12 13:21:00+00:00,173.75,173.75,173.73,135,173.74,4572,173.742499
2023-05-12 13:22:00+00:00,173.68,173.71,173.66,98,173.7,7310,173.693924
2023-05-12 13:23:00+00:00,173.72,173.75,173.7,50,173.7,6354,173.734263
2023-05-12 13:24:00+00:00,173.75,173.75,173.74,42,173.74,1235,173.74582
2023-05-12 13:25:00+00:00,173.6,173.73,173.6,161,173.73,11227,173.665882
2023-05-12 13:26:00+00:00,173.68,173.75,173.5611,154,173.61,13485,173.631556
2023-05-12 13:27:00+00:00,173.74,173.74,173.74,52,173.74,719,173.736045
2023-05-12 13:28:00+00:00,173.59,173.7,173.54,160,173.7,11314,173.607019
2023-05-12 13:29:00+00:00,173.62,173.62,173.54,110,173.56,10180,173.570745
2023-05-12 13:30:00+00:00,173.68,173.81,173.51,6253,173.62,1300293,173.647268
2023-05-12 13:31:00+00:00,173.82,173.98,173.6738,2247,173.6738,275503,173.850442
2023-05-12 13:32:00+00:00,174.05,174.06,173.8,2650,173.8165,484494,173.874872
2023-05-12 13:33:00+00:00,173.95,174.06,173.87,2008,174.06,225254,173.979102
2023-05-12 13:34:00+00:00,173.83,174.04,173.8,1629,173.95,200959,173.911439
2023-05-12 13:35:00+00:00,173.8442,173.87,173.71,1826,173.83,178729,173.808723
2023-05-12 13:36:00+00:00,173.63,173.8494,173.59,1564,173.8494,165552,173.707148
2023-05-12 13:37:00+00:00,173.6299,173.7,173.61,1223,173.64,100904,173.660311
2023-05-12 13:38:00+00:00,173.4,173.63,173.4,2024,173.6229,257418,173.526511
2023-05-12 13:39:00+00:00,173.42,173.53,173.3416,1584,173.4,184790,173.434417
2023-05-12 13:40:00+00:00,173.49,173.5,173.37,1630,173.43,178444,173.441616
2023-05-12 13:41:00+00:00,173.5274,173.57,173.41,1521,173.4835,158422,173.488031
2023-05-12 13:42:00+00:00,173.4195,173.5292,173.35,1443,173.5286,155640,173.426489
2023-05-12 13:43:00+00:00,173.3974,173.48,173.365,1122,173.41,92360,173.431915
2023-05-12 13:44:00+00:00,173.32,173.45,173.245,1623,173.4,170873,173.339639
2023-05-12 13:45:00+00:00,173.2,173.377,173.2,1910,173.31,169601,173.286856
2023-05-12 13:46:00+00:00,173.28,173.3,173.13,1595,173.2,155132,173.208716
2023-05-12 13:47:00+00:00,173.2873,173.4,173.24,2880,173.285,150636,173.310352
2023-05-12 13:48:00+00:00,173.18,173.34,173.15,3796,173.2898,168351,173.250072
2023-05-12 13:49:00+00:00,173.05,173.21,172.9801,4706,173.1644,237023,173.072395
2023-05-12 13:50:00+00:00,173.1,173.1,172.95,3881,173.05,202700,173.040641
2023-05-12 13:51:00+00:00,173.23,173.27,173.07,3733,173.1,156791,173.155171
2023-05-12 13:52:00+00:00,173.199,173.37,173.17,3457,173.235,168188,173.28313
2023-05-12 13:53:00+00:00,173.225,173.245,173.0901,3013,173.2,105532,173.179921
2023-05-12 13:54:00+00:00,173.2999,173.305,173.1703,3145,173.225,102928,173.245801
2023-05-12 13:55:00+00:00,173.245,173.32,173.23,3022,173.3,106452,173.28198
2023-05-12 13:56:00+00:00,173.305,173.35,173.245,3442,173.245,128349,173.293607
2023-05-12 13:57:00+00:00,173.18,173.3169,173.135,3159,173.305,99523,173.201147
2023-05-12 13:58:00+00:00,173.23,173.24,173.17,2805,173.1759,74351,173.199132
2023-05-12 13:59:00+00:00,173.08,173.28,173.04,3274,173.234,116199,173.20229
2023-05-12 14:00:00+00:00,173.0,173.26,172.94,4811,173.08,263819,173.103985
2023-05-12 14:01:00+00:00,172.7909,173.015,172.7,4744,173.01,257300,172.827001
2023-05-12 14:02:00+00:00,172.74,172.88,172.72,3864,172.79,156382,172.800688
2023-05-12 14:03:00+00:00,172.72,172.83,172.65,3817,172.75,168002,172.722499
2023-05-12 14:04:00+00:00,172.65,172.8,172.6108,3695,172.72,132553,172.683353
2023-05-12 14:05:00+00:00,172.6437,172.75,172.62,3459,172.64,131778,172.689083
2023-05-12 14:06:00+00:00,172.609,172.69,172.5601,3586,172.6401,128278,172.625189
2023-05-12 14:07:00+00:00,172.595,172.64,172.55,3478,172.61,125636,172.600591
2023-05-12 14:08:00+00:00,172.7227,172.7399,172.6,3289,172.61,109384,172.700522
2023-05-12 14:09:00+00:00,172.75,172.77,172.63,3667,172.72,160301,172.71054
2023-05-12 14:10:00+00:00,172.75,172.8,172.695,3254,172.756,119677,172.746431
2023-05-12 14:11:00+00:00,172.75,172.84,172.7401,3505,172.7501,137775,172.787085
2023-05-12 14:12:00+00:00,172.755,172.76,172.67,3029,172.755,108405,172.712367
2023-05-12 14:13:00+00:00,172.77,172.865,172.72,3128,172.76,108019,172.801745
2023-05-12 14:14:00+00:00,172.74,172.8,172.705,2816,172.775,70667,172.751618
2023-05-12 14:15:00+00:00,172.82,172.82,172.69,3035,172.7401,81156,172.746249
2023-05-12 14:16:00+00:00,172.68,172.83,172.6502,2948,172.82,69087,172.758577
2023-05-12 14:17:00+00:00,172.815,172.815,172.65,2835,172.6777,61426,172.724902
2023-05-12 14:18:00+00:00,172.74,172.83,172.73,2824,172.82,343432,172.795874
2023-05-12 14:19:00+00:00,172.665,172.7599,172.63,2909,172.74,72658,172.682164
2023-05-12 14:20:00+00:00,172.6,172.71,172.58,3255,172.665,106951,172.633573
2023-05-12 14:21:00+00:00,172.565,172.66,172.51,3278,172.59,124790,172.578147
2023-05-12 14:22:00+00:00,172.66,172.71,172.57,2899,172.57,73373,172.63168
2023-05-12 14:23:00+00:00,172.68,172.72,172.6393,2413,172.6679,61520,172.677047
2023-05-12 14:24:00+00:00,172.75,172.76,172.6497,1020,172.68,80937,172.704727
2023-05-12 14:25:00+00:00,172.71,172.78,172.696,849,172.76,73033,172.731312
2023-05-12 14:26:00+00:00,172.805,172.82,172.71,910,172.71,97726,172.783647
2023-05-12 14:27:00+00:00,172.81,172.82,172.73,851,172.8001,66086,172.780305
2023-05-12 14:28:00+00:00,172.79,172.82,172.75,839,172.82,65039,172.798285
2023-05-12 14:29:00+00:00,172.69,172.8,172.6483,951,172.79,98724,172.717985
2023-05-12 14:30:00+00:00,172.639,172.69,172.55,1245,172.69,166893,172.609369
2023-05-12 14:31:00+00:00,172.62,172.75,172.6,1230,172.635,175375,172.694218
2023-05-12 14:32:00+00:00,172.6216,172.66,172.522,1079,172.62,103053,172.578365
2023-05-12 14:33:00+00:00,172.605,172.71,172.6015,961,172.625,219630,172.685806
2023-05-12 14:34:00+00:00,172.575,172.6,172.52,882,172.6,85442,172.551979
2023-05-12 14:35:00+00:00,172.41,172.615,172.395,1966,172.57,182113,172.513268
2023-05-12 14:36:00+00:00,172.4001,172.42,172.33,1205,172.41,111733,172.372415
2023-05-12 14:37:00+00:00,172.46,172.4913,172.37,980,172.39,88905,172.436448
2023-05-12 14:38:00+00:00,172.565,172.59,172.46,957,172.46,97485,172.542371
2023-05-12 14:39:00+00:00,172.64,172.685,172.5637,1096,172.5637,101694,172.642843
2023-05-12 14:40:00+00:00,172.75,172.75,172.61,1030,172.645,111023,172.703012
2023-05-12 14:41:00+00:00,172.69,172.7899,172.6699,865,172.7599,69845,172.725891
2023-05-12 14:42:00+00:00,172.74,172.78,172.69,862,172.69,63671,172.736018
2023-05-12 14:43:00+00:00,172.8557,172.86,172.74,935,172.75,85745,172.795563
2023-05-12 14:44:00+00:00,172.84,172.855,172.75,884,172.855,260876,172.770771
2023-05-12 14:45:00+00:00,172.78,172.9,172.7701,1250,172.835,104100,172.847809
2023-05-12 14:46:00+00:00,172.825,172.829,172.74,791,172.77,69070,172.783457
2023-05-12 14:47:00+00:00,172.79,172.84,172.74,1153,172.83,92002,172.767435
2023-05-12 14:48:00+00:00,172.8364,172.84,172.75,597,172.79,44603,172.786199
2023-05-12 14:49:00+00:00,172.765,172.865,172.76,808,172.84,61269,172.814484
2023-05-12 14:50:00+00:00,172.6312,172.76,172.62,1273,172.76,92177,172.678524
2023-05-12 14:51:00+00:00,172.68,172.71,172.63,1346,172.635,125207,172.671808
2023-05-12 14:52:00+00:00,172.74,172.775,172.67,1296,172.6799,114274,172.737617
2023-05-12 14:53:00+00:00,172.7401,172.75,172.63,1156,172.73,88521,172.699267
2023-05-12 14:54:00+00:00,172.75,172.75,172.685,687,172.74,49100,172.71746
2023-05-12 14:55:00+00:00,172.77,172.82,172.7,1121,172.75,92602,172.752148
2023-05-12 14:56:00+00:00,172.83,172.845,172.78,985,172.7812,103690,172.805642
2023-05-12 14:57:00+00:00,172.8076,172.89,172.75,1471,172.825,147398,172.828401
2023-05-12 14:58:00+00:00,172.685,172.8,172.67,858,172.8,66741,172.730553
2023-05-12 14:59:00+00:00,172.78,172.7893,172.67,768,172.6807,66242,172.720454
2023-05-12 15:00:00+00:00,172.72,172.87,172.72,1320,172.78,116376,172.794148
2023-05-12 15:01:00+00:00,172.69,172.8,172.69,881,172.72,55842,172.749109
2023-05-12 15:02:00+00:00,172.62,172.715,172.6,1024,172.69,79618,172.655018
2023-05-12 15:03:00+00:00,172.7101,172.735,172.6,611,172.621,42115,172.676676
2023-05-12 15:04:00+00:00,172.84,172.859,172.73,839,172.73,76911,172.795519
2023-05-12 15:05:00+00:00,172.956,172.97,172.78,1445,172.84,109890,172.879423
2023-05-12 15:06:00+00:00,172.9,172.975,172.87,1072,172.955,100498,172.926095
2023-05-12 15:07:00+00:00,172.81,172.905,172.78,859,172.9,77427,172.818045
2023-05-12 15:08:00+00:00,172.8501,172.86,172.7701,818,172.8,64076,172.826951
2023-05-12 15:09:00+00:00,172.81,172.85,172.7801,778,172.84,67309,172.818176
2023-05-12 15:10:00+00:00,172.9,172.9179,172.8,671,172.811,52787,172.861041
2023-05-12 15:11:00+00:00,172.86,172.9264,172.86,679,172.9028,56727,172.889141
2023-05-12 15:12:00+00:00,172.6604,172.86,172.6588,1057,172.86,98595,172.730921
2023-05-12 15:13:00+00:00,172.61,172.6972,172.605,709,172.66,77757,172.65401
2023-05-12 15:14:00+00:00,172.65,172.6661,172.571,815,172.6,52044,172.615114
2023-05-12 15:15:00+00:00,172.445,172.63,172.4294,1359,172.63,110026,172.52853
2023-05-12 15:16:00+00:00,172.52,172.54,172.375,1283,172.445,144720,172.450423
2023-05-12 15:17:00+00:00,172.52,172.605,172.4815,1027,172.53,97691,172.546768
2023-05-12 15:18:00+00:00,172.5242,172.6,172.5,876,172.53,92266,172.547122
2023-05-12 15:19:00+00:00,172.535,172.61,172.53,740,172.53,70978,172.574686
2023-05-12 15:20:00+00:00,172.6255,172.655,172.535,1055,172.54,94600,172.587364
2023-05-12 15:21:00+00:00,172.5499,172.64,172.545,874,172.63,80179,172.582714
2023-05-12 15:22:00+00:00,172.5447,172.61,172.5419,720,172.55,46430,172.576104
2023-05-12 15:23:00+00:00,172.545,172.5579,172.5,807,172.54,60869,172.531491
2023-05-12 15:24:00+00:00,172.54,172.58,172.53,748,172.54,56902,172.551791
2023-05-12 15:25:00+00:00,172.5232,172.54,172.44,845,172.535,80592,172.503894
2023-05-12 15:26:00+00:00,172.53,172.5899,172.505,937,172.52,73443,172.545154
2023-05-12 15:27:00+00:00,172.47,172.535,172.45,749,172.535,56180,172.488386
2023-05-12 15:28:00+00:00,172.52,172.5401,172.41,1057,172.465,79044,172.467075
2023-05-12 15:29:00+00:00,172.48,172.58,172.46,1012,172.5199,90944,172.521712
2023-05-12 15:30:00+00:00,172.5661,172.585,172.46,1142,172.485,97883,172.529643
2023-05-12 15:31:00+00:00,172.5599,172.63,172.52,787,172.56,67174,172.576538
2023-05-12 15:32:00+00:00,172.505,172.5996,172.49,847,172.56,74194,172.541015
2023-05-12 15:33:00+00:00,172.4254,172.505,172.42,857,172.505,69978,172.461068
2023-05-12 15:34:00+00:00,172.44,172.465,172.4,1050,172.42,99281,172.430241
2023-05-12 15:35:00+00:00,172.45,172.5,172.41,831,172.445,73529,172.449692
2023-05-12 15:36:00+00:00,172.43,172.4889,172.42,648,172.45,41574,172.45018
2023-05-12 15:37:00+00:00,172.425,172.47,172.39,1082,172.42,92874,172.422739
2023-05-12 15:38:00+00:00,172.3699,172.45,172.36,1017,172.43,100310,172.388346
2023-05-12 15:39:00+00:00,172.445,172.45,172.32,1205,172.3619,104481,172.372449
2023-05-12 15:40:00+00:00,172.475,172.498,172.4,805,172.45,77042,172.457137
2023-05-12 15:41:00+00:00,172.52,172.535,172.47,815,172.47,62659,172.505795
2023-05-12 15:42:00+00:00,172.5105,172.55,172.45,826,172.53,50280,172.503369
2023-05-12 15:43:00+00:00,172.45,172.5198,172.45,791,172.5,50917,172.470561
2023-05-12 15:44:00+00:00,172.36,172.48,172.34,970,172.46,70268,172.412778
2023-05-12 15:45:00+00:00,172.445,172.455,172.32,819,172.35,67435,172.393099
2023-05-12 15:46:00+00:00,172.47,172.4799,172.4118,604,172.445,38515,172.450522
2023-05-12 15:47:00+00:00,172.505,172.53,172.45,697,172.46,52129,172.48791
2023-05-12 15:48:00+00:00,172.56,172.59,172.5,1170,172.5,90025,172.543274
2023-05-12 15:49:00+00:00,172.46,172.575,172.45,825,172.56,110964,172.53449
2023-05-12 15:50:00+00:00,172.475,172.54,172.46,586,172.47,31274,172.497551
2023-05-12 15:51:00+00:00,172.36,172.47,172.36,917,172.47,68434,172.410314
2023-05-12 15:52:00+00:00,172.42,172.44,172.36,751,172.36,58480,172.405716
2023-05-12 15:53:00+00:00,172.43,172.43,172.34,949,172.4129,83992,172.381183
2023-05-12 15:54:00+00:00,172.43,172.47,172.38,887,172.44,71180,172.428408
2023-05-12 15:55:00+00:00,172.455,172.5,172.4,610,172.42,45047,172.45665
2023-05-12 15:56:00+00:00,172.575,172.59,172.46,1057,172.46,105101,172.549654
2023-05-12 15:57:00+00:00,172.5684,172.59,172.535,578,172.57,47233,172.56435
2023-05-12 15:58:00+00:00,172.6304,172.655,172.57,823,172.57,61313,172.622694
2023-05-12 15:59:00+00:00,172.665,172.72,172.635,779,172.645,65170,172.678647
2023-05-12 16:00:00+00:00,172.62,172.69,172.61,928,172.67,65654,172.651443
2023-05-12 16:01:00+00:00,172.6299,172.6299,172.57,642,172.625,54811,172.597561
2023-05-12 16:02:00+00:00,172.5699,172.6499,172.545,522,172.63,27510,172.598952
2023-05-12 16:03:00+00:00,172.4519,172.58,172.41,1700,172.57,122865,172.480449
2023-05-12 16:04:00+00:00,172.405,172.4799,172.39,805,172.4554,54019,172.432637
2023-05-12 16:05:00+00:00,172.4063,172.42,172.35,783,172.41,65297,172.377326
2023-05-12 16:06:00+00:00,172.35,172.4399,172.3301,772,172.405,56381,172.377704
2023-05-12 16:07:00+00:00,172.29,172.38,172.29,881,172.34,68445,172.335486
2023-05-12 16:08:00+00:00,172.32,172.33,172.26,865,172.2907,71062,172.293441
2023-05-12 16:09:00+00:00,172.3384,172.34,172.27,695,172.31,50511,172.311084
2023-05-12 16:10:00+00:00,172.34,172.3479,172.285,907,172.33,228779,172.369419
2023-05-12 16:11:00+00:00,172.2412,172.34,172.21,1298,172.34,103929,172.263975
2023-05-12 16:12:00+00:00,172.215,172.25,172.21,1174,172.2401,97862,172.225304
2023-05-12 16:13:00+00:00,172.17,172.26,172.11,1424,172.22,145330,172.19549
2023-05-12 16:14:00+00:00,172.15,172.1899,172.12,737,172.16,58958,172.152468
2023-05-12 16:15:00+00:00,172.175,172.21,172.13,807,172.14,79568,172.169682
2023-05-12 16:16:00+00:00,172.125,172.185,172.1132,980,172.17,73392,172.152658
2023-05-12 16:17:00+00:00,172.1,172.16,172.091,809,172.1124,66348,172.119896
2023-05-12 16:18:00+00:00,172.08,172.11,172.05,949,172.0969,78296,172.082807
2023-05-12 16:19:00+00:00,172.1701,172.19,172.08,859,172.085,86327,172.15745
2023-05-12 16:20:00+00:00,172.06,172.195,172.0,1632,172.17,141460,172.080499
2023-05-12 16:21:00+00:00,172.1,172.13,172.05,641,172.05,54756,172.088686
2023-05-12 16:22:00+00:00,172.045,172.131,172.03,1027,172.085,86381,172.085777
2023-05-12 16:23:00+00:00,172.02,172.07,171.96,2492,172.045,282025,172.01308
2023-05-12 16:24:00+00:00,172.02,172.07,172.01,730,172.01,55435,172.040123
2023-05-12 16:25:00+00:00,172.009,172.05,171.97,1132,172.02,147544,172.001941
2023-05-12 16:26:00+00:00,172.0211,172.05,171.98,694,172.0,62831,172.021684
2023-05-12 16:27:00+00:00,171.98,172.0399,171.93,919,172.035,79583,171.983026
2023-05-12 16:28:00+00:00,171.97,172.03,171.97,910,171.9848,86771,171.999243
2023-05-12 16:29:00+00:00,171.945,171.99,171.94,689,171.96,48946,171.964675
2023-05-12 16:30:00+00:00,171.985,172.02,171.9,1228,171.93,102686,171.96231
2023-05-12 16:31:00+00:00,172.05,172.0601,171.9201,802,171.98,56513,172.005205
2023-05-12 16:32:00+00:00,172.0801,172.09,172.04,671,172.055,55746,172.064572
2023-05-12 16:33:00+00:00,172.16,172.19,172.0801,1202,172.0801,112573,172.138262
2023-05-12 16:34:00+00:00,172.1213,172.17,172.11,750,172.15,50321,172.145532
2023-05-12 16:35:00+00:00,172.11,172.188,172.1001,744,172.13,60754,172.145098
2023-05-12 16:36:00+00:00,172.0182,172.11,172.01,743,172.1075,43934,172.046602
2023-05-12 16:37:00+00:00,171.9001,172.008,171.86,1541,172.008,140419,171.928986
2023-05-12 16:38:00+00:00,171.98,171.99,171.89,1199,171.9099,99715,171.940014
2023-05-12 16:39:00+00:00,172.01,172.02,171.94,708,171.985,59650,171.984443
2023-05-12 16:40:00+00:00,171.91,172.015,171.91,805,172.01,55244,171.958477
2023-05-12 16:41:00+00:00,171.93,171.96,171.88,658,171.905,44759,171.909283
2023-05-12 16:42:00+00:00,171.835,171.9395,171.832,853,171.93,53109,171.883096
2023-05-12 16:43:00+00:00,171.8,171.8474,171.79,1422,171.8301,131508,171.818136
2023-05-12 16:44:00+00:00,171.8256,171.845,171.775,1018,171.79,74419,171.812045
2023-05-12 16:45:00+00:00,171.73,171.84,171.685,1532,171.83,119347,171.748997
2023-05-12 16:46:00+00:00,171.6899,171.78,171.68,827,171.74,95810,171.739007
2023-05-12 16:47:00+00:00,171.64,171.71,171.6,1880,171.69,141202,171.655966
2023-05-12 16:48:00+00:00,171.5891,171.64,171.57,952,171.635,68738,171.609143
2023-05-12 16:49:00+00:00,171.53,171.6,171.53,1175,171.59,88552,171.57042
2023-05-12 16:50:00+00:00,171.525,171.54,171.49,1242,171.54,107308,171.510195
2023-05-12 16:51:00+00:00,171.5796,171.64,171.51,1228,171.52,84821,171.568791
2023-05-12 16:52:00+00:00,171.595,171.64,171.5704,743,171.575,57909,171.606668
2023-05-12 16:53:00+00:00,171.6067,171.65,171.58,803,171.595,56535,171.607256
2023-05-12 16:54:00+00:00,171.52,171.62,171.52,801,171.601,57885,171.569397
2023-05-12 16:55:00+00:00,171.6,171.61,171.515,667,171.515,52839,171.567772
2023-05-12 16:56:00+00:00,171.57,171.635,171.5437,791,171.6,60789,171.601853
2023-05-12 16:57:00+00:00,171.55,171.58,171.5302,585,171.5602,35286,171.557438
2023-05-12 16:58:00+00:00,171.5578,171.5683,171.52,736,171.54,56633,171.542588
2023-05-12 16:59:00+00:00,171.54,171.6,171.535,855,171.56,95153,171.56842
2023-05-12 17:00:00+00:00,171.445,171.55,171.445,1395,171.53,133376,171.486875
2023-05-12 17:01:00+00:00,171.4238,171.4599,171.39,1039,171.45,73128,171.427367
2023-05-12 17:02:00+00:00,171.3875,171.43,171.315,1031,171.4201,86688,171.365859
2023-05-12 17:03:00+00:00,171.445,171.4699,171.35,778,171.39,62066,171.408333
2023-05-12 17:04:00+00:00,171.51,171.537,171.44,932,171.45,85056,171.485789
2023-05-12 17:05:00+00:00,171.4507,171.52,171.44,895,171.5046,55597,171.473566
2023-05-12 17:06:00+00:00,171.5121,171.52,171.42,698,171.46,53296,171.467329
2023-05-12 17:07:00+00:00,171.5501,171.565,171.48,763,171.51,57273,171.523205
2023-05-12 17:08:00+00:00,171.56,171.59,171.535,735,171.5584,65332,171.559534
2023-05-12 17:09:00+00:00,171.54,171.56,171.48,982,171.55,80636,171.516925
2023-05-12 17:10:00+00:00,171.55,171.55,171.53,550,171.54,38216,171.543577
2023-05-12 17:11:00+00:00,171.64,171.64,171.54,868,171.5594,87263,171.586174
2023-05-12 17:12:00+00:00,171.66,171.7,171.62,1252,171.64,112690,171.659035
2023-05-12 17:13:00+00:00,171.615,171.665,171.59,720,171.66,60276,171.627416
2023-05-12 17:14:00+00:00,171.57,171.61,171.53,907,171.61,70117,171.566916
2023-05-12 17:15:00+00:00,171.52,171.61,171.515,778,171.565,74453,171.570753
2023-05-12 17:16:00+00:00,171.6,171.615,171.515,563,171.52,36824,171.572578
2023-05-12 17:17:00+00:00,171.525,171.6,171.51,555,171.6,35783,171.551433
2023-05-12 17:18:00+00:00,171.56,171.6385,171.525,626,171.525,64296,171.590745
2023-05-12 17:19:00+00:00,171.57,171.62,171.54,621,171.56,52659,171.582496
2023-05-12 17:20:00+00:00,171.565,171.59,171.54,521,171.5695,34925,171.556299
2023-05-12 17:21:00+00:00,171.73,171.74,171.565,853,171.57,72839,171.680946
2023-05-12 17:22:00+00:00,171.73,171.74,171.6758,721,171.73,76203,171.718856
2023-05-12 17:23:00+00:00,171.89,171.9,171.735,1083,171.735,121820,171.819143
2023-05-12 17:24:00+00:00,171.9713,171.99,171.87,1026,171.89,108730,171.910392
2023-05-12 17:25:00+00:00,171.8501,172.015,171.84,1800,171.975,169178,171.929624
2023-05-12 17:26:00+00:00,171.7523,171.87,171.74,890,171.85,61722,171.802305
2023-05-12 17:27:00+00:00,171.7457,171.78,171.73,589,171.75,59742,171.753023
2023-05-12 17:28:00+00:00,171.84,171.84,171.76,586,171.76,50427,171.799373
2023-05-12 17:29:00+00:00,171.775,171.85,171.775,580,171.84,84769,171.825795
2023-05-12 17:30:00+00:00,171.875,171.8805,171.745,1004,171.77,61520,171.805524
2023-05-12 17:31:00+00:00,171.9512,171.975,171.8502,1271,171.88,104299,171.927209
2023-05-12 17:32:00+00:00,171.835,171.955,171.81,1392,171.955,115436,171.874209
2023-05-12 17:33:00+00:00,171.885,171.89,171.82,602,171.83,51346,171.852274
2023-05-12 17:34:00+00:00,171.7104,171.895,171.69,1502,171.8795,126817,171.778699
2023-05-12 17:35:00+00:00,171.74,171.74,171.68,753,171.7,52229,171.710704
2023-05-12 17:36:00+00:00,171.611,171.765,171.6,832,171.76,72087,171.668673
2023-05-12 17:37:00+00:00,171.6,171.611,171.56,664,171.61,48768,171.588616
2023-05-12 17:38:00+00:00,171.66,171.6737,171.595,544,171.6,45695,171.634175
2023-05-12 17:39:00+00:00,171.65,171.69,171.5901,668,171.66,54071,171.632744
2023-05-12 17:40:00+00:00,171.675,171.69,171.61,566,171.65,33968,171.65046
2023-05-12 17:41:00+00:00,171.69,171.74,171.6701,546,171.675,573573,171.718955
2023-05-12 17:42:00+00:00,171.66,171.705,171.65,440,171.7001,31039,171.676435
2023-05-12 17:43:00+00:00,171.715,171.725,171.645,464,171.6605,42732,171.682398
2023-05-12 17:44:00+00:00,171.72,171.75,171.7,466,171.7259,40618,171.721437
2023-05-12 17:45:00+00:00,171.7,171.72,171.675,431,171.72,27582,171.698657
2023-05-12 17:46:00+00:00,171.62,171.7176,171.62,561,171.71,34056,171.647377
2023-05-12 17:47:00+00:00,171.67,171.6704,171.59,577,171.62,55381,171.637734
2023-05-12 17:48:00+00:00,171.6265,171.67,171.62,427,171.66,30195,171.63872
2023-05-12 17:49:00+00:00,171.645,171.6699,171.6006,526,171.6299,40683,171.636759
2023-05-12 17:50:00+00:00,171.56,171.64,171.52,733,171.64,52522,171.573378
2023-05-12 17:51:00+00:00,171.55,171.56,171.515,450,171.555,41565,171.537605
2023-05-12 17:52:00+00:00,171.51,171.56,171.46,1723,171.55,136102,171.509729
2023-05-12 17:53:00+00:00,171.49,171.57,171.49,510,171.5099,48131,171.524967
2023-05-12 17:54:00+00:00,171.44,171.5189,171.44,506,171.5,40232,171.47194
2023-05-12 17:55:00+00:00,171.3843,171.46,171.38,789,171.44,81042,171.412381
2023-05-12 17:56:00+00:00,171.33,171.3902,171.28,1171,171.39,107490,171.32744
2023-05-12 17:57:00+00:00,171.321,171.3301,171.27,694,171.325,54731,171.302296
2023-05-12 17:58:00+00:00,171.2401,171.3271,171.21,1086,171.3221,100979,171.258647
2023-05-12 17:59:00+00:00,171.28,171.295,171.22,577,171.25,47779,171.264441
2023-05-12 18:00:00+00:00,171.1743,171.27,171.135,1200,171.27,101608,171.18974
2023-05-12 18:01:00+00:00,171.16,171.21,171.13,655,171.1727,65272,171.16899
2023-05-12 18:02:00+00:00,171.22,171.25,171.13,854,171.16,74691,171.175733
2023-05-12 18:03:00+00:00,171.21,171.32,171.19,977,171.22,84787,171.257957
2023-05-12 18:04:00+00:00,171.25,171.3,171.21,695,171.23,64940,171.257873
2023-05-12 18:05:00+00:00,171.215,171.265,171.2001,739,171.2542,58068,171.2363
2023-05-12 18:06:00+00:00,171.105,171.22,171.105,792,171.21,59235,171.168282
2023-05-12 18:07:00+00:00,171.2518,171.27,171.08,845,171.11,78105,171.162946
2023-05-12 18:08:00+00:00,171.225,171.27,171.15,1147,171.26,90124,171.211826
2023-05-12 18:09:00+00:00,171.2275,171.25,171.2,531,171.215,41369,171.219199
2023-05-12 18:10:00+00:00,171.3407,171.37,171.2296,724,171.2296,63476,171.303152
2023-05-12 18:11:00+00:00,171.3,171.4,171.285,862,171.35,75593,171.338198
2023-05-12 18:12:00+00:00,171.15,171.315,171.125,1196,171.3,102329,171.219336
2023-05-12 18:13:00+00:00,171.1307,171.18,171.12,547,171.159,57040,171.152562
2023-05-12 18:14:00+00:00,171.0342,171.14,171.03,1026,171.13,80641,171.078078
2023-05-12 18:15:00+00:00,171.03,171.0399,171.0,1354,171.03,113663,171.020605
2023-05-12 18:16:00+00:00,171.1209,171.1299,171.0,744,171.03,74592,171.053737
2023-05-12 18:17:00+00:00,171.0821,171.12,171.03,476,171.12,45001,171.070308
2023-05-12 18:18:00+00:00,171.055,171.0999,171.04,611,171.08,49127,171.057707
2023-05-12 18:19:00+00:00,171.135,171.14,171.045,773,171.05,75955,171.10163
2023-05-12 18:20:00+00:00,171.04,171.15,171.04,689,171.13,58271,171.099826
2023-05-12 18:21:00+00:00,171.11,171.12,171.035,536,171.0434,44116,171.066502
2023-05-12 18:22:00+00:00,171.165,171.21,171.1,676,171.11,56196,171.169837
2023-05-12 18:23:00+00:00,171.135,171.167,171.1,419,171.16,31754,171.129376
2023-05-12 18:24:00+00:00,171.185,171.22,171.1346,424,171.1346,35183,171.184695
2023-05-12 18:25:00+00:00,171.2,171.21,171.16,630,171.185,56268,171.182616
2023-05-12 18:26:00+00:00,171.24,171.245,171.1901,690,171.2,49183,171.22038
2023-05-12 18:27:00+00:00,171.34,171.345,171.22,921,171.2413,101272,171.29476
2023-05-12 18:28:00+00:00,171.48,171.5,171.3314,1812,171.3314,182325,171.431592
2023-05-12 18:29:00+00:00,171.33,171.49,171.27,1749,171.48,174392,171.416577
2023-05-12 18:30:00+00:00,171.3399,171.4,171.3083,942,171.33,84952,171.348251
2023-05-12 18:31:00+00:00,171.23,171.34,171.18,867,171.34,134756,171.2295
2023-05-12 18:32:00+00:00,171.34,171.35,171.1901,635,171.235,83879,171.261006
2023-05-12 18:33:00+00:00,171.34,171.37,171.2617,1060,171.35,92880,171.306467
2023-05-12 18:34:00+00:00,171.46,171.46,171.35,646,171.35,66445,171.395927
2023-05-12 18:35:00+00:00,171.385,171.48,171.34,1471,171.47,134605,171.406736
2023-05-12 18:36:00+00:00,171.4,171.4,171.335,552,171.38,50440,171.373537
2023-05-12 18:37:00+00:00,171.405,171.43,171.375,664,171.3978,58900,171.401541
2023-05-12 18:38:00+00:00,171.43,171.46,171.35,978,171.4,103374,171.415698
2023-05-12 18:39:00+00:00,171.49,171.5,171.415,557,171.42,43775,171.451282
2023-05-12 18:40:00+00:00,171.3831,171.49,171.36,650,171.4897,71166,171.433486
2023-05-12 18:41:00+00:00,171.41,171.42,171.32,745,171.38,76931,171.370564
2023-05-12 18:42:00+00:00,171.4,171.4473,171.37,817,171.4199,81790,171.409321
2023-05-12 18:43:00+00:00,171.485,171.485,171.39,701,171.395,69105,171.450887
2023-05-12 18:44:00+00:00,171.46,171.4872,171.42,557,171.4872,42407,171.456104
2023-05-12 18:45:00+00:00,171.53,171.54,171.45,901,171.465,103088,171.496334
2023-05-12 18:46:00+00:00,171.555,171.58,171.4921,846,171.5304,103739,171.539893
2023-05-12 18:47:00+00:00,171.55,171.5501,171.5,697,171.55,100898,171.531447
2023-05-12 18:48:00+00:00,171.572,171.58,171.53,633,171.545,55475,171.552399
2023-05-12 18:49:00+00:00,171.55,171.6,171.47,1161,171.575,108133,171.545255
2023-05-12 18:50:00+00:00,171.577,171.6,171.52,567,171.54,49962,171.564553
2023-05-12 18:51:00+00:00,171.67,171.67,171.5401,948,171.585,109075,171.619046
2023-05-12 18:52:00+00:00,171.685,171.69,171.63,726,171.68,89879,171.664535
2023-05-12 18:53:00+00:00,171.6475,171.685,171.6,601,171.685,63289,171.642754
2023-05-12 18:54:00+00:00,171.6242,171.69,171.6102,650,171.66,80420,171.650392
2023-05-12 18:55:00+00:00,171.68,171.72,171.6242,779,171.63,70872,171.681852
2023-05-12 18:56:00+00:00,171.61,171.69,171.59,990,171.68,85408,171.644463
2023-05-12 18:57:00+00:00,171.6771,171.68,171.6,600,171.61,62263,171.638361
2023-05-12 18:58:00+00:00,171.67,171.75,171.66,1147,171.676,122126,171.698653
2023-05-12 18:59:00+00:00,171.6599,171.6642,171.61,567,171.663,59507,171.635792
2023-05-12 19:00:00+00:00,171.585,171.7,171.58,953,171.66,94692,171.645158
2023-05-12 19:01:00+00:00,171.73,171.73,171.56,909,171.58,66524,171.64373
2023-05-12 19:02:00+00:00,171.815,171.83,171.67,1433,171.73,194780,171.765463
2023-05-12 19:03:00+00:00,171.77,171.82,171.75,765,171.82,81717,171.779914
2023-05-12 19:04:00+00:00,171.78,171.8,171.69,973,171.78,127161,171.754147
2023-05-12 19:05:00+00:00,171.75,171.78,171.73,701,171.78,87509,171.762545
2023-05-12 19:06:00+00:00,171.7499,171.77,171.69,724,171.755,83771,171.723606
2023-05-12 19:07:00+00:00,171.81,171.81,171.68,899,171.74,82903,171.741171
2023-05-12 19:08:00+00:00,171.8677,171.9,171.8,816,171.815,133133,171.855176
2023-05-12 19:09:00+00:00,171.79,171.86,171.79,836,171.86,124404,171.823199
2023-05-12 19:10:00+00:00,171.875,171.885,171.75,760,171.79,87402,171.822161
2023-05-12 19:11:00+00:00,171.815,171.875,171.79,788,171.875,82080,171.830311
2023-05-12 19:12:00+00:00,171.77,171.85,171.765,674,171.82,70926,171.801996
2023-05-12 19:13:00+00:00,171.7553,171.81,171.73,847,171.77,83576,171.77081
2023-05-12 19:14:00+00:00,171.6799,171.765,171.635,1130,171.7563,146899,171.687502
2023-05-12 19:15:00+00:00,171.7433,171.765,171.65,593,171.68,57419,171.709962
2023-05-12 19:16:00+00:00,171.8009,171.805,171.7,687,171.7343,70507,171.745791
2023-05-12 19:17:00+00:00,171.73,171.82,171.725,780,171.8048,139483,171.784965
2023-05-12 19:18:00+00:00,171.8071,171.82,171.72,727,171.73,74501,171.76906
2023-05-12 19:19:00+00:00,171.86,171.86,171.79,779,171.81,75075,171.822305
2023-05-12 19:20:00+00:00,171.825,171.8921,171.8142,837,171.86,72039,171.852074
2023-05-12 19:21:00+00:00,171.855,171.875,171.8,742,171.83,88319,171.838732
2023-05-12 19:22:00+00:00,171.85,171.88,171.82,770,171.85,139941,171.834298
2023-05-12 19:23:00+00:00,171.84,171.88,171.81,820,171.86,96530,171.851524
2023-05-12 19:24:00+00:00,171.86,171.915,171.81,856,171.83,117190,171.869363
2023-05-12 19:25:00+00:00,171.8533,171.9,171.84,736,171.8501,94663,171.871011
2023-05-12 19:26:00+00:00,171.885,171.8864,171.8,706,171.8501,70924,171.8354
2023-05-12 19:27:00+00:00,171.89,171.93,171.86,621,171.885,59405,171.895417
2023-05-12 19:28:00+00:00,171.8201,171.9,171.79,904,171.89,75019,171.843351
2023-05-12 19:29:00+00:00,171.9001,171.91,171.8,687,171.82,80841,171.874084
2023-05-12 19:30:00+00:00,172.03,172.065,171.905,1287,171.91,130574,171.9976
2023-05-12 19:31:00+00:00,171.985,172.03,171.965,936,172.03,85279,171.99409
2023-05-12 19:32:00+00:00,172.025,172.05,171.98,893,171.99,73985,172.016826
2023-05-12 19:33:00+00:00,172.05,172.1,172.02,1063,172.02,88512,172.055486
2023-05-12 19:34:00+00:00,172.1113,172.12,172.02,884,172.045,81881,172.067773
2023-05-12 19:35:00+00:00,172.151,172.21,172.1101,1704,172.115,170048,172.164893
2023-05-12 19:36:00+00:00,172.0076,172.15,171.97,1762,172.15,167124,172.056355
2023-05-12 19:37:00+00:00,172.085,172.105,171.96,1113,172.0,105008,172.04466
2023-05-12 19:38:00+00:00,172.135,172.1699,172.08,914,172.09,82938,172.138232
2023-05-12 19:39:00+00:00,172.19,172.19,172.1012,910,172.13,75223,172.139008
2023-05-12 19:40:00+00:00,172.205,172.24,172.15,1432,172.2,125252,172.196275
2023-05-12 19:41:00+00:00,172.2399,172.25,172.16,1020,172.21,107983,172.206602
2023-05-12 19:42:00+00:00,172.28,172.32,172.23,1328,172.235,135638,172.273595
2023-05-12 19:43:00+00:00,172.3,172.32,172.27,1164,172.2801,101545,172.291886
2023-05-12 19:44:00+00:00,172.349,172.36,172.2719,1075,172.3,125477,172.319563
2023-05-12 19:45:00+00:00,172.37,172.4,172.32,1486,172.34,138562,172.363582
2023-05-12 19:46:00+00:00,172.275,172.405,172.255,1295,172.37,116974,172.321568
2023-05-12 19:47:00+00:00,172.365,172.38,172.25,1628,172.27,177975,172.338916
2023-05-12 19:48:00+00:00,172.43,172.43,172.3606,1714,172.365,190611,172.405449
2023-05-12 19:49:00+00:00,172.3626,172.46,172.36,1544,172.43,161680,172.395549
2023-05-12 19:50:00+00:00,172.48,172.485,172.25,2387,172.36,241377,172.391371
2023-05-12 19:51:00+00:00,172.52,172.52,172.47,1747,172.485,201323,172.499057
2023-05-12 19:52:00+00:00,172.49,172.58,172.47,1909,172.52,215893,172.521059
2023-05-12 19:53:00+00:00,172.54,172.54,172.47,1378,172.4835,129804,172.497299
2023-05-12 19:54:00+00:00,172.57,172.62,172.465,2853,172.53,334138,172.547232
2023-05-12 19:55:00+00:00,172.54,172.61,172.5101,2539,172.58,282848,172.557443
2023-05-12 19:56:00+00:00,172.5401,172.56,172.51,1795,172.54,165626,172.53785
2023-05-12 19:57:00+00:00,172.56,172.58,172.51,2399,172.545,266417,172.547885
2023-05-12 19:58:00+00:00,172.535,172.57,172.51,2754,172.56,258517,172.535138
2023-05-12 19:59:00+00:00,172.56,172.57,172.505,5035,172.54,727213,172.535252
2023-05-12 20:00:00+00:00,172.52,172.57,172.5,170,172.57,9583913,172.569938
2023-05-12 20:01:00+00:00,172.5,172.53,172.5,69,172.51,138549,172.568447
2023-05-12 20:02:00+00:00,172.5006,172.57,172.49,42,172.5001,84056,172.5672
2023-05-12 20:03:00+00:00,172.47,172.49,172.47,58,172.49,7320,172.483322
2023-05-12 20:04:00+00:00,172.47,172.47,172.44,76,172.47,8748,172.457835
2023-05-12 20:05:00+00:00,172.47,172.47,172.46,64,172.47,6527,172.469565
2023-05-12 20:06:00+00:00,172.48,172.49,172.47,61,172.48,7088,172.482261
2023-05-12 20:07:00+00:00,172.47,172.57,172.46,34,172.57,36345,172.559787
2023-05-12 20:08:00+00:00,172.46,172.5,172.46,106,172.47,16224,172.480219
2023-05-12 20:09:00+00:00,172.49,172.49,172.48,17,172.48,1793,172.485565
2023-05-12 20:10:00+00:00,172.48,172.5,172.48,40,172.49,14302,172.482044
2023-05-12 20:11:00+00:00,172.47,172.47,172.47,15,172.47,4864,172.415296
2023-05-12 20:12:00+00:00,172.48,172.57,172.47,25,172.57,17109,172.564756
2023-05-12 20:13:00+00:00,172.48,172.48,172.47,15,172.48,1870,172.479327
2023-05-12 20:14:00+00:00,172.49,172.49,172.49,34,172.49,5225,172.490136
2023-05-12 20:15:00+00:00,172.53,172.53,172.48,76,172.5,12679,172.515792
2023-05-12 20:16:00+00:00,172.51,172.53,172.51,31,172.53,938,172.513509
2023-05-12 20:18:00+00:00,172.49,172.5097,172.49,25,172.5,3109,172.502171
2023-05-12 20:19:00+00:00,172.5,172.5,172.5,24,172.5,946,172.500052
2023-05-12 20:20:00+00:00,172.5,172.5,172.5,14,172.5,383,172.500257
2023-05-12 20:21:00+00:00,172.46,172.49,172.46,36,172.49,7862,172.471868
2023-05-12 20:22:00+00:00,172.46,172.46,172.41,52,172.45,6790,172.442597
2023-05-12 20:23:00+00:00,172.46,172.46,172.46,8,172.46,323,172.459923
2023-05-12 20:24:00+00:00,172.46,172.46,172.45,14,172.45,406,172.453904
2023-05-12 20:25:00+00:00,172.48,172.48,172.48,18,172.48,840,172.476731
2023-05-12 20:26:00+00:00,172.45,172.47,172.45,15,172.47,2008,172.463436
2023-05-12 20:27:00+00:00,172.47,172.47,172.47,10,172.47,278,172.470719
2023-05-12 20:30:00+00:00,172.47,172.48,172.47,15,172.48,1318,172.472386
2023-05-12 20:31:00+00:00,172.46,172.47,172.46,10,172.47,1082,172.463809
2023-05-12 20:32:00+00:00,172.48,172.48,172.46,18,172.46,946,172.469128
2023-05-12 20:33:00+00:00,172.5,172.5,172.4952,18,172.4952,430,172.496796
2023-05-12 20:34:00+00:00,172.49,172.49,172.49,5,172.49,591,172.490019
2023-05-12 20:35:00+00:00,172.57,172.57,172.48,23,172.49,37223,172.56718
2023-05-12 20:36:00+00:00,172.48,172.48,172.48,6,172.48,603,172.481675
2023-05-12 20:37:00+00:00,172.57,172.57,172.57,12,172.57,10036,172.568495
2023-05-12 20:38:00+00:00,172.48,172.49,172.48,23,172.49,998,172.488392
2023-05-12 20:39:00+00:00,172.48,172.48,172.48,16,172.48,1420,172.480153
2023-05-12 20:40:00+00:00,172.48,172.48,172.47,17,172.48,1632,172.477754
2023-05-12 20:41:00+00:00,172.47,172.47,172.47,19,172.47,996,172.469868
2023-05-12 20:42:00+00:00,172.46,172.47,172.46,15,172.47,2568,172.465872
2023-05-12 20:43:00+00:00,172.47,172.47,172.47,10,172.47,592,172.470794
2023-05-12 20:45:00+00:00,172.46,172.46,172.46,16,172.46,1412,172.460103
2023-05-12 20:46:00+00:00,172.46,172.46,172.46,9,172.46,736,172.46087
2023-05-12 20:47:00+00:00,172.48,172.48,172.48,25,172.48,588,172.477782
2023-05-12 20:48:00+00:00,172.5,172.5,172.48,16,172.48,1293,172.49618
2023-05-12 20:49:00+00:00,172.48,172.5,172.48,13,172.5,2638,172.486884
2023-05-12 20:50:00+00:00,172.48,172.48,172.48,11,172.48,657,172.480062
2023-05-12 20:52:00+00:00,172.48,172.48,172.48,10,172.48,174,172.480805
2023-05-12 20:53:00+00:00,172.49,172.49,172.48,14,172.48,639,172.487865
2023-05-12 20:54:00+00:00,172.49,172.49,172.49,34,172.49,14950,172.489992
2023-05-12 20:55:00+00:00,172.49,172.49,172.49,5,172.49,313,172.490064
2023-05-12 20:57:00+00:00,172.49,172.49,172.49,17,172.49,4022,172.490049
2023-05-12 20:58:00+00:00,172.48,172.48,172.48,7,172.48,672,172.480015
2023-05-12 20:59:00+00:00,172.48,172.48,172.46,31,172.48,3311,172.477261
2023-05-12 21:00:00+00:00,172.4501,172.46,172.45,15,172.46,572,172.461084
2023-05-12 21:01:00+00:00,172.45,172.46,172.44,25,172.45,6775,172.511195
2023-05-12 21:02:00+00:00,172.48,172.5,172.47,62,172.47,9133,172.483946
2023-05-12 21:03:00+00:00,172.48,172.5,172.48,12,172.48,1223,172.481956
2023-05-12 21:04:00+00:00,172.49,172.49,172.49,11,172.49,371,173.673926
2023-05-12 21:05:00+00:00,172.5,172.5,172.5,13,172.5,464,172.499657
2023-05-12 21:06:00+00:00,172.5,172.5,172.4903,11,172.5,888,172.497005
2023-05-12 21:09:00+00:00,172.45,172.48,172.45,39,172.48,12124,172.453289
2023-05-12 21:10:00+00:00,172.46,172.46,172.45,25,172.45,3570,172.457267
2023-05-12 21:11:00+00:00,172.48,172.48,172.48,18,172.48,1134,172.477151
2023-05-12 21:12:00+00:00,172.47,172.49,172.47,12,172.48,604,172.478328
2023-05-12 21:13:00+00:00,172.46,172.47,172.46,4,172.47,529,172.467543
2023-05-12 21:14:00+00:00,172.48,172.48,172.48,12,172.48,1146,172.478534
2023-05-12 21:15:00+00:00,172.49,172.49,172.48,17,172.48,1153,172.482306
2023-05-12 21:16:00+00:00,172.49,172.49,172.49,11,172.49,276,172.486957
2023-05-12 21:17:00+00:00,172.49,172.49,172.49,15,172.49,440,172.4875
2023-05-12 21:18:00+00:00,172.5,172.5,172.5,20,172.5,1422,172.496399
2023-05-12 21:19:00+00:00,172.48,172.48,172.48,11,172.48,153,172.480755
2023-05-12 21:21:00+00:00,172.48,172.48,172.48,10,172.48,216,172.483102
2023-05-12 21:23:00+00:00,172.49,172.49,172.49,10,172.49,1087,172.490313
2023-05-12 21:25:00+00:00,172.48,172.48,172.48,9,172.48,174,172.480115
2023-05-12 21:26:00+00:00,172.48,172.48,172.48,11,172.48,478,172.479393
2023-05-12 21:27:00+00:00,172.48,172.48,172.48,9,172.48,213,172.480838
2023-05-12 21:30:00+00:00,172.47,172.47,172.47,10,172.47,215,172.469763
2023-05-12 21:31:00+00:00,172.4721,172.4721,172.4721,11,172.4721,175,172.469457
2023-05-12 21:33:00+00:00,172.45,172.46,172.45,7,172.46,1507,172.457658
2023-05-12 21:35:00+00:00,172.45,172.45,172.45,4,172.45,407,172.450491
2023-05-12 21:36:00+00:00,172.45,172.45,172.45,10,172.45,369,172.450081
2023-05-12 21:37:00+00:00,172.43,172.43,172.43,10,172.43,421,172.432044
2023-05-12 21:38:00+00:00,172.4,172.42,172.4,15,172.42,683,172.409517
2023-05-12 21:39:00+00:00,172.42,172.42,172.4094,14,172.41,509,172.411444
2023-05-12 21:40:00+00:00,172.42,172.42,172.4,5,172.4,212,172.410118
2023-05-12 21:41:00+00:00,172.42,172.42,172.42,16,172.42,174,172.417184
2023-05-12 21:43:00+00:00,172.4494,172.4494,172.4494,9,172.4494,234,172.448953
2023-05-12 21:45:00+00:00,172.42,172.42,172.42,15,172.42,833,172.420432
2023-05-12 21:46:00+00:00,172.41,172.41,172.41,13,172.41,608,172.411711
2023-05-12 21:48:00+00:00,172.35,172.35,172.35,13,172.35,228,172.356096
2023-05-12 21:50:00+00:00,172.35,172.35,172.35,9,172.35,121,172.352686
2023-05-12 21:53:00+00:00,172.37,172.39,172.37,12,172.39,472,172.378178
2023-05-12 21:59:00+00:00,172.39,172.39,172.39,9,172.39,838,172.389535
