timestamp,close,high,low,trade_count,open,volume,vwap
2023-01-13 00:00:00+00:00,133.19,133.19,133.19,14,133.19,2162,133.190014
2023-01-13 00:01:00+00:00,133.17,133.2,133.17,19,133.19,1074,133.182533
2023-01-13 00:03:00+00:00,133.25,133.25,133.2,7,133.2,465,133.224602
2023-01-13 00:06:00+00:00,133.19,133.2,133.19,14,133.2,1681,133.194042
2023-01-13 00:08:00+00:00,133.2,133.2,133.19,12,133.2,1012,133.197787
2023-01-13 00:09:00+00:00,133.2,133.2,133.2,11,133.2,371,133.199057
2023-01-13 00:11:00+00:00,133.2,133.2,133.2,16,133.2,171,133.195789
2023-01-13 00:12:00+00:00,133.18,133.18,133.18,14,133.18,314,133.179764
2023-01-13 00:13:00+00:00,133.18,133.18,133.18,9,133.18,228,133.178575
2023-01-13 00:14:00+00:00,133.17,133.18,133.17,10,133.18,345,133.176884
2023-01-13 00:15:00+00:00,133.16,133.17,133.16,11,133.17,448,133.163516
2023-01-13 00:16:00+00:00,133.1799,133.1799,133.17,19,133.17,515,133.177
2023-01-13 00:17:00+00:00,133.19,133.19,133.19,10,133.19,174,133.188966
2023-01-13 00:18:00+00:00,133.2,133.2,133.19,17,133.19,1282,133.197426
2023-01-13 00:19:00+00:00,133.21,133.21,133.21,7,133.21,147,133.213129
2023-01-13 00:20:00+00:00,133.22,133.22,133.22,8,133.22,2449,133.220067
2023-01-13 00:21:00+00:00,133.22,133.22,133.2,11,133.22,741,133.217323
2023-01-13 00:23:00+00:00,133.2,133.2,133.2,11,133.2,408,133.205613
2023-01-13 00:24:00+00:00,133.24,133.24,133.2,20,133.2,805,133.225857
2023-01-13 00:33:00+00:00,133.23,133.23,133.23,17,133.23,361,133.224127
2023-01-13 00:35:00+00:00,133.23,133.23,133.23,18,133.23,597,133.228509
2023-01-13 00:36:00+00:00,133.21,133.21,133.2,16,133.2,816,133.20432
2023-01-13 00:40:00+00:00,133.2,133.2,133.2,20,133.2,287,133.191115
2023-01-13 00:42:00+00:00,133.16,133.16,133.16,27,133.16,378,133.17004
2023-01-13 00:43:00+00:00,133.16,133.18,133.16,18,133.18,1003,133.170239
2023-01-13 00:44:00+00:00,133.1799,133.1799,133.1799,12,133.1799,292,133.183938
2023-01-13 00:47:00+00:00,133.18,133.18,133.18,6,133.18,144,133.177431
2023-01-13 00:48:00+00:00,133.18,133.18,133.18,14,133.18,271,133.169059
2023-01-13 00:49:00+00:00,133.15,133.16,133.15,29,133.15,1405,133.154858
2023-01-13 00:50:00+00:00,133.18,133.18,133.16,19,133.16,3506,133.176815
2023-01-13 00:51:00+00:00,133.15,133.15,133.15,15,133.15,417,133.158305
2023-01-13 00:52:00+00:00,133.18,133.18,133.18,11,133.18,365,133.176726
2023-01-13 00:54:00+00:00,133.19,133.19,133.18,41,133.18,786,133.179682
2023-01-13 00:55:00+00:00,133.17,133.17,133.16,22,133.16,607,133.1621
2023-01-13 00:56:00+00:00,133.15,133.15,133.15,17,133.15,438,133.151176
2023-01-13 00:57:00+00:00,133.15,133.16,133.15,23,133.15,1165,133.15376
2023-01-13 00:58:00+00:00,133.15,133.16,133.15,20,133.15,2129,133.155888
2023-01-13 00:59:00+00:00,133.12,133.15,133.12,46,133.15,1186,133.143727
2023-01-13 09:00:00+00:00,133.6,133.6,133.43,83,133.43,2828,133.49511
2023-01-13 09:01:00+00:00,133.41,133.47,133.41,31,133.41,946,133.449154
2023-01-13 09:02:00+00:00,133.43,133.43,133.43,21,133.43,1527,133.428297
2023-01-13 09:03:00+00:00,133.42,133.42,133.42,18,133.42,551,133.400073
2023-01-13 09:05:00+00:00,133.42,133.42,133.39,27,133.39,1243,133.40317
2023-01-13 09:06:00+00:00,133.35,133.43,133.35,32,133.43,1343,133.38306
2023-01-13 09:07:00+00:00,133.4,133.4,133.4,7,133.4,1122,133.396613
2023-01-13 09:09:00+00:00,133.35,133.35,133.35,16,133.35,342,133.355877
2023-01-13 09:11:00+00:00,133.32,133.33,133.32,24,133.33,563,133.32746
2023-01-13 09:12:00+00:00,133.34,133.4,133.34,31,133.39,1394,133.377504
2023-01-13 09:13:00+00:00,133.4,133.4,133.35,12,133.35,847,133.390094
2023-01-13 09:14:00+00:00,133.4,133.4,133.4,18,133.4,1636,133.399609
2023-01-13 09:16:00+00:00,133.25,133.35,133.25,56,133.35,1502,133.328502
2023-01-13 09:17:00+00:00,133.27,133.27,133.27,7,133.27,315,133.284603
2023-01-13 09:18:00+00:00,133.3,133.3,133.3,17,133.3,656,133.322256
2023-01-13 09:20:00+00:00,133.3,133.3,133.3,11,133.3,693,133.297951
2023-01-13 09:21:00+00:00,133.27,133.27,133.27,10,133.27,335,133.279731
2023-01-13 09:22:00+00:00,133.25,133.25,133.25,20,133.25,1149,133.252733
2023-01-13 09:23:00+00:00,133.25,133.25,133.25,27,133.25,490,133.25449
2023-01-13 09:25:00+00:00,133.2,133.2,133.2,57,133.2,757,133.191638
2023-01-13 09:26:00+00:00,133.15,133.15,133.15,32,133.15,2088,133.148329
2023-01-13 09:27:00+00:00,133.16,133.16,133.16,13,133.16,504,133.166468
2023-01-13 09:29:00+00:00,133.15,133.15,133.15,23,133.15,1398,133.151166
2023-01-13 09:30:00+00:00,133.06,133.06,133.06,15,133.06,375,133.059413
2023-01-13 09:32:00+00:00,133.11,133.11,133.1,6,133.1,351,133.111994
2023-01-13 09:33:00+00:00,133.15,133.15,133.15,11,133.15,293,133.138089
2023-01-13 09:35:00+00:00,133.07,133.07,133.07,18,133.07,461,133.104794
2023-01-13 09:36:00+00:00,133.1,133.1,133.1,16,133.1,481,133.110291
2023-01-13 09:38:00+00:00,133.15,133.15,133.15,12,133.15,378,133.142646
2023-01-13 09:40:00+00:00,133.11,133.11,133.11,9,133.11,310,133.110129
2023-01-13 09:41:00+00:00,133.15,133.15,133.15,5,133.15,210,133.15
2023-01-13 09:42:00+00:00,133.18,133.2,133.18,38,133.18,1945,133.188504
2023-01-13 09:44:00+00:00,133.2,133.2,133.2,17,133.2,1269,133.200189
2023-01-13 09:45:00+00:00,133.2,133.2,133.2,7,133.2,178,133.233146
2023-01-13 09:52:00+00:00,133.31,133.31,133.26,17,133.26,1685,133.293359
2023-01-13 09:54:00+00:00,133.36,133.36,133.35,23,133.35,649,133.338844
2023-01-13 09:55:00+00:00,133.37,133.37,133.36,5,133.36,312,133.366859
2023-01-13 09:58:00+00:00,133.37,133.37,133.37,8,133.37,576,133.368142
2023-01-13 10:05:00+00:00,133.34,133.34,133.3,7,133.3,776,133.308634
2023-01-13 10:07:00+00:00,133.28,133.28,133.28,3,133.28,163,133.284233
2023-01-13 10:10:00+00:00,133.3,133.3,133.3,5,133.3,360,133.3
2023-01-13 10:12:00+00:00,133.3,133.3,133.3,16,133.3,1180,133.300492
2023-01-13 10:15:00+00:00,133.34,133.34,133.34,5,133.34,255,133.344196
2023-01-13 10:19:00+00:00,133.27,133.31,133.27,19,133.31,408,133.292843
2023-01-13 10:26:00+00:00,133.27,133.27,133.27,37,133.27,797,133.269912
2023-01-13 10:29:00+00:00,133.26,133.26,133.26,11,133.26,240,133.260458
2023-01-13 10:30:00+00:00,133.24,133.24,133.24,18,133.24,492,133.248638
2023-01-13 10:38:00+00:00,133.2,133.2,133.2,31,133.2,415,133.201976
2023-01-13 10:42:00+00:00,133.26,133.26,133.26,11,133.26,403,133.258536
2023-01-13 10:43:00+00:00,133.25,133.25,133.25,8,133.25,287,133.242892
2023-01-13 10:54:00+00:00,133.14,133.14,133.14,7,133.14,323,133.133437
2023-01-13 10:55:00+00:00,133.18,133.18,133.18,6,133.18,368,133.175897
2023-01-13 10:59:00+00:00,133.16,133.16,133.16,11,133.16,648,133.162315
2023-01-13 11:01:00+00:00,133.06,133.06,133.06,10,133.06,274,133.064891
2023-01-13 11:03:00+00:00,133.05,133.07,133.05,36,133.06,1269,133.063735
2023-01-13 11:07:00+00:00,133.1,133.11,133.1,11,133.11,374,133.112166
2023-01-13 11:22:00+00:00,133.12,133.12,133.12,5,133.12,227,133.113833
2023-01-13 11:23:00+00:00,133.09,133.09,133.09,11,133.09,339,133.084307
2023-01-13 11:26:00+00:00,133.0,133.03,133.0,171,133.02,5274,133.008269
2023-01-13 11:31:00+00:00,132.9,132.9,132.9,43,132.9,472,132.910911
2023-01-13 11:32:00+00:00,132.86,132.9,132.86,26,132.9,1175,132.865328
2023-01-13 11:33:00+00:00,132.81,132.85,132.8,37,132.85,1544,132.835019
2023-01-13 11:36:00+00:00,132.9,132.9,132.9,10,132.9,375,132.894027
2023-01-13 11:37:00+00:00,132.86,132.86,132.86,15,132.86,359,132.845376
2023-01-13 11:41:00+00:00,132.76,132.8,132.6,119,132.78,7449,132.727252
2023-01-13 11:42:00+00:00,132.73,132.73,132.73,12,132.73,269,132.734647
2023-01-13 11:46:00+00:00,132.76,132.76,132.76,15,132.76,478,132.781464
2023-01-13 11:51:00+00:00,132.76,132.79,132.76,23,132.79,584,132.775291
2023-01-13 11:52:00+00:00,132.7,132.7,132.7,14,132.7,562,132.71589
2023-01-13 11:56:00+00:00,132.7,132.7,132.7,20,132.7,1342,132.704814
2023-01-13 11:58:00+00:00,132.79,132.79,132.79,6,132.79,229,132.788253
2023-01-13 11:59:00+00:00,132.78,132.8,132.78,13,132.8,1061,132.792432
2023-01-13 12:00:00+00:00,132.84,132.89,132.78,128,132.89,4621,132.833577
2023-01-13 12:01:00+00:00,132.8,132.81,132.8,26,132.81,1118,132.815304
2023-01-13 12:02:00+00:00,132.79,132.8,132.79,47,132.8,3867,132.798022
2023-01-13 12:03:00+00:00,132.8,132.8,132.8,11,132.8,507,132.802012
2023-01-13 12:06:00+00:00,132.79,132.8,132.79,23,132.8,856,132.792371
2023-01-13 12:07:00+00:00,132.75,132.82,132.75,62,132.8,2867,132.782689
2023-01-13 12:08:00+00:00,132.7,132.71,132.69,60,132.71,1987,132.705279
2023-01-13 12:11:00+00:00,132.76,132.77,132.76,13,132.77,496,132.766512
2023-01-13 12:12:00+00:00,132.73,132.73,132.73,31,132.73,786,132.717112
2023-01-13 12:13:00+00:00,132.7,132.7,132.64,86,132.7,5703,132.671906
2023-01-13 12:14:00+00:00,132.7,132.7,132.7,15,132.7,445,132.702337
2023-01-13 12:16:00+00:00,132.74,132.74,132.74,16,132.74,418,132.7389
2023-01-13 12:18:00+00:00,132.8,132.8,132.8,36,132.8,1560,132.788853
2023-01-13 12:20:00+00:00,132.65,132.72,132.65,48,132.72,2950,132.690759
2023-01-13 12:21:00+00:00,132.54,132.6,132.54,102,132.6,2225,132.586665
2023-01-13 12:22:00+00:00,132.5,132.53,132.5,61,132.53,2198,132.533954
2023-01-13 12:23:00+00:00,132.53,132.53,132.53,26,132.53,556,132.541781
2023-01-13 12:24:00+00:00,132.57,132.57,132.57,33,132.57,1717,132.569953
2023-01-13 12:25:00+00:00,132.4,132.53,132.4,122,132.53,5991,132.486767
2023-01-13 12:26:00+00:00,132.5,132.5,132.45,43,132.45,1828,132.490596
2023-01-13 12:27:00+00:00,132.5,132.5,132.5,31,132.5,602,132.490249
2023-01-13 12:28:00+00:00,132.4,132.45,132.4,58,132.44,2273,132.427963
2023-01-13 12:29:00+00:00,132.4,132.4,132.4,24,132.4,896,132.403047
2023-01-13 12:30:00+00:00,132.37,132.44,132.37,44,132.44,581,132.401532
2023-01-13 12:32:00+00:00,132.5,132.5,132.49,43,132.49,1296,132.485633
2023-01-13 12:34:00+00:00,132.52,132.52,132.52,40,132.52,1108,132.523881
2023-01-13 12:35:00+00:00,132.52,132.52,132.52,24,132.52,511,132.523992
2023-01-13 12:36:00+00:00,132.48,132.5,132.48,58,132.48,2909,132.485889
2023-01-13 12:37:00+00:00,132.48,132.51,132.42,105,132.51,5572,132.464454
2023-01-13 12:38:00+00:00,132.5,132.5,132.5,21,132.5,369,132.48439
2023-01-13 12:39:00+00:00,132.43,132.44,132.43,107,132.44,1677,132.432886
2023-01-13 12:41:00+00:00,132.41,132.42,132.37,87,132.37,5167,132.389646
2023-01-13 12:42:00+00:00,132.34,132.34,132.34,71,132.34,1564,132.335377
2023-01-13 12:43:00+00:00,132.34,132.35,132.34,45,132.34,1117,132.334539
2023-01-13 12:44:00+00:00,132.39,132.39,132.33,34,132.33,1837,132.3711
2023-01-13 12:45:00+00:00,132.47,132.47,132.38,41,132.38,1286,132.422411
2023-01-13 12:46:00+00:00,132.5,132.5,132.5,32,132.5,1161,132.498398
2023-01-13 12:47:00+00:00,132.5,132.5,132.5,33,132.5,891,132.466476
2023-01-13 12:48:00+00:00,132.48,132.5,132.43,78,132.43,4417,132.472837
2023-01-13 12:49:00+00:00,132.43,132.43,132.43,52,132.43,1771,132.408018
2023-01-13 12:51:00+00:00,132.36,132.36,132.36,64,132.36,2282,132.354991
2023-01-13 12:52:00+00:00,132.4,132.4,132.39,24,132.4,1010,132.388208
2023-01-13 12:53:00+00:00,132.25,132.27,132.25,129,132.27,1936,132.287541
2023-01-13 12:54:00+00:00,132.28,132.28,132.28,52,132.28,1112,132.269155
2023-01-13 12:55:00+00:00,132.15,132.21,132.15,101,132.21,2845,132.177859
2023-01-13 12:56:00+00:00,132.2,132.2,132.14,84,132.14,5459,132.181586
2023-01-13 12:57:00+00:00,132.15,132.2,132.15,22,132.2,498,132.178153
2023-01-13 12:58:00+00:00,132.16,132.19,132.13,99,132.13,2125,132.149572
2023-01-13 12:59:00+00:00,132.15,132.16,132.14,47,132.15,4459,132.152436
2023-01-13 13:00:00+00:00,132.3,132.88,132.13,1030,132.8,77839,132.489746
2023-01-13 13:01:00+00:00,132.25,133.4,132.23,333,133.3,6512,132.567732
2023-01-13 13:02:00+00:00,132.17,132.28,132.17,133,132.21,5346,132.250764
2023-01-13 13:03:00+00:00,132.2,132.21,132.2,87,132.2,3285,132.219997
2023-01-13 13:04:00+00:00,132.24,132.24,132.17,65,132.17,4889,132.218297
2023-01-13 13:05:00+00:00,132.2,132.24,132.2,79,132.24,4531,132.204385
2023-01-13 13:06:00+00:00,133.41,133.41,132.13,96,132.16,146698,133.385439
2023-01-13 13:07:00+00:00,132.08,132.1661,132.08,124,132.1661,3017,132.11012
2023-01-13 13:08:00+00:00,132.09,132.098,132.05,57,132.07,2082,132.06822
2023-01-13 13:09:00+00:00,132.12,132.12,132.06,58,132.08,1945,132.088784
2023-01-13 13:10:00+00:00,132.1,132.17,132.1,74,132.17,5668,132.122103
2023-01-13 13:11:00+00:00,132.16,132.16,132.11,44,132.13,1940,132.139712
2023-01-13 13:12:00+00:00,132.34,132.34,132.2,97,132.2,6778,132.275189
2023-01-13 13:13:00+00:00,132.3,132.35,132.27,53,132.35,2938,132.31033
2023-01-13 13:14:00+00:00,132.37,132.37,132.31,45,132.31,1538,132.345273
2023-01-13 13:15:00+00:00,132.27,132.31,132.27,76,132.31,2084,132.298235
2023-01-13 13:16:00+00:00,132.36,132.36,132.2,75,132.2,3171,132.288243
2023-01-13 13:17:00+00:00,132.43,132.45,132.35,82,132.35,4511,132.395456
2023-01-13 13:18:00+00:00,132.4,132.44,132.37,81,132.44,2480,132.409096
2023-01-13 13:19:00+00:00,132.37,132.4,132.37,48,132.4,2455,132.393835
2023-01-13 13:20:00+00:00,132.36,132.4,132.34,102,132.36,3639,132.379389
2023-01-13 13:21:00+00:00,132.33,132.35,132.33,69,132.35,2419,132.347232
2023-01-13 13:22:00+00:00,132.3775,132.3775,132.31,36,132.31,1531,132.332534
2023-01-13 13:23:00+00:00,132.33,132.36,132.33,74,132.35,9357,132.347551
2023-01-13 13:24:00+00:00,132.36,132.36,132.36,62,132.36,2235,132.361908
2023-01-13 13:25:00+00:00,132.323,132.36,132.323,51,132.3409,2694,132.344432
2023-01-13 13:26:00+00:00,132.3,132.36,132.3,107,132.36,3022,132.337001
2023-01-13 13:27:00+00:00,132.27,132.27,132.19,113,132.25,7935,132.220596
2023-01-13 13:28:00+00:00,132.26,132.29,132.25,35,132.29,3309,132.256054
2023-01-13 13:29:00+00:00,132.2,132.2,132.19,52,132.2,3529,132.197241
2023-01-13 13:30:00+00:00,132.1558,132.23,132.13,107,132.23,4201,132.173003
2023-01-13 13:31:00+00:00,132.22,132.22,132.1503,87,132.18,4870,132.16809
2023-01-13 13:32:00+00:00,132.19,132.19,132.05,201,132.15,8528,132.123174
2023-01-13 13:33:00+00:00,132.13,132.13,132.13,40,132.13,1363,132.137683
2023-01-13 13:34:00+00:00,132.23,132.23,132.17,76,132.17,8206,132.206849
2023-01-13 13:35:00+00:00,132.22,132.23,132.22,34,132.23,2690,132.217612
2023-01-13 13:36:00+00:00,132.23,132.26,132.2,75,132.2,3783,132.220977
2023-01-13 13:37:00+00:00,132.2,132.2,132.16,98,132.2,3250,132.19334
2023-01-13 13:38:00+00:00,132.19,132.22,132.18,31,132.2,1847,132.202669
2023-01-13 13:39:00+00:00,132.27,132.27,132.2,101,132.2,9618,132.230427
2023-01-13 13:40:00+00:00,132.24,132.25,132.23,67,132.25,2816,132.239482
2023-01-13 13:41:00+00:00,132.21,132.25,132.2,87,132.23,12323,132.21268
2023-01-13 13:42:00+00:00,132.22,132.22,132.22,24,132.22,2198,132.220466
2023-01-13 13:43:00+00:00,132.2,132.21,132.16,97,132.21,9047,132.195819
2023-01-13 13:44:00+00:00,132.2,132.26,132.18,123,132.18,6740,132.22779
2023-01-13 13:45:00+00:00,132.22,132.23,132.22,43,132.23,4323,132.222338
2023-01-13 13:46:00+00:00,132.15,132.2,132.12,85,132.2,3112,132.157053
2023-01-13 13:47:00+00:00,132.1,132.14,132.09,151,132.14,12751,132.102211
2023-01-13 13:48:00+00:00,132.19,132.2,132.11,61,132.11,4205,132.152885
2023-01-13 13:49:00+00:00,132.2,132.2,132.1701,60,132.1701,6690,132.198683
2023-01-13 13:50:00+00:00,132.25,132.25,132.2,78,132.2,6304,132.228326
2023-01-13 13:51:00+00:00,132.255,132.27,132.24,48,132.24,2134,132.25441
2023-01-13 13:52:00+00:00,132.29,132.29,132.27,43,132.27,3760,132.274045
2023-01-13 13:53:00+00:00,132.18,132.3,132.17,117,132.3,10378,132.253494
2023-01-13 13:54:00+00:00,132.15,132.16,132.1,110,132.16,8479,132.117623
2023-01-13 13:55:00+00:00,132.03,132.15,132.03,207,132.15,31513,132.1121
2023-01-13 13:56:00+00:00,131.96,132.06,131.96,447,132.06,10147,131.999947
2023-01-13 13:57:00+00:00,131.9,132.01,131.88,287,131.96,17480,131.943718
2023-01-13 13:58:00+00:00,131.88,131.9,131.82,195,131.86,14986,131.856429
2023-01-13 13:59:00+00:00,132.02,132.05,131.8603,274,131.9,18036,131.964942
2023-01-13 14:00:00+00:00,131.89,132.06,131.87,188,132.02,15500,131.997144
2023-01-13 14:01:00+00:00,131.91,131.93,131.84,143,131.88,7021,131.883505
2023-01-13 14:02:00+00:00,131.94,131.99,131.92,82,131.9687,6519,131.936788
2023-01-13 14:03:00+00:00,131.93,131.97,131.89,94,131.9,5338,131.932162
2023-01-13 14:04:00+00:00,131.9,131.93,131.9,109,131.93,5904,131.907263
2023-01-13 14:05:00+00:00,131.87,131.9,131.87,90,131.88,8690,131.891748
2023-01-13 14:06:00+00:00,131.89,131.89,131.84,74,131.86,2944,131.861188
2023-01-13 14:07:00+00:00,131.89,131.91,131.87,136,131.9084,12193,131.89758
2023-01-13 14:08:00+00:00,131.91,131.91,131.89,93,131.89,4466,131.906042
2023-01-13 14:09:00+00:00,131.87,131.91,131.85,107,131.91,5786,131.862771
2023-01-13 14:10:00+00:00,131.85,131.86,131.84,99,131.85,5975,131.849021
2023-01-13 14:11:00+00:00,131.96,131.98,131.89,154,131.89,12408,131.939984
2023-01-13 14:12:00+00:00,131.97,132.02,131.96,101,131.99,8835,131.982592
2023-01-13 14:13:00+00:00,131.99,132.03,131.97,107,131.99,4058,131.99988
2023-01-13 14:14:00+00:00,131.99,132.0,131.91,179,131.99,9711,131.97182
2023-01-13 14:15:00+00:00,132.0,132.021,131.97,76,131.9701,5217,131.981953
2023-01-13 14:16:00+00:00,132.13,132.13,131.96,102,131.97,6470,132.00495
2023-01-13 14:17:00+00:00,132.15,132.15,132.03,102,132.06,4400,132.073477
2023-01-13 14:18:00+00:00,132.08,132.15,132.08,72,132.15,3883,132.111841
2023-01-13 14:19:00+00:00,132.13,132.13,132.06,60,132.061,1517,132.104327
2023-01-13 14:20:00+00:00,132.13,132.13,132.1,86,132.13,7002,132.120572
2023-01-13 14:21:00+00:00,132.12,132.13,132.1,95,132.12,5596,132.115734
2023-01-13 14:22:00+00:00,132.11,132.14,132.1,87,132.11,4018,132.120073
2023-01-13 14:23:00+00:00,132.08,132.09,132.03,93,132.09,3362,132.053346
2023-01-13 14:24:00+00:00,132.07,132.15,132.02,74,132.02,4617,132.084731
2023-01-13 14:25:00+00:00,132.03,132.09,132.0,101,132.06,7119,132.033574
2023-01-13 14:26:00+00:00,132.01,132.05,132.01,67,132.03,6033,132.030556
2023-01-13 14:27:00+00:00,132.07,132.07,132.0,153,132.01,15536,132.011299
2023-01-13 14:28:00+00:00,132.03,132.1,132.0,170,132.01,8859,132.062668
2023-01-13 14:29:00+00:00,131.95,132.08,131.95,139,132.03,9957,132.013562
2023-01-13 14:30:00+00:00,131.6701,132.15,131.66,7680,131.95,1386477,131.977961
2023-01-13 14:31:00+00:00,132.0383,132.18,131.66,7912,131.69,322526,131.964077
2023-01-13 14:32:00+00:00,131.77,132.07,131.71,7075,132.04,334114,131.864519
2023-01-13 14:33:00+00:00,132.0309,132.1453,131.735,2717,131.78,280395,131.99365
2023-01-13 14:34:00+00:00,132.4098,132.45,132.0,3401,132.0301,357532,132.285813
2023-01-13 14:35:00+00:00,132.57,132.825,132.32,3929,132.4,449469,132.583709
2023-01-13 14:36:00+00:00,132.48,132.69,132.45,2632,132.58,267705,132.53078
2023-01-13 14:37:00+00:00,132.51,132.6686,132.43,2979,132.495,298312,132.53563
2023-01-13 14:38:00+00:00,132.36,132.5491,132.28,3873,132.5,370577,132.402621
2023-01-13 14:39:00+00:00,132.505,132.55,132.3201,2399,132.35,206858,132.431344
2023-01-13 14:40:00+00:00,132.7,132.9328,132.4905,2975,132.495,314634,132.740115
2023-01-13 14:41:00+00:00,132.32,132.7499,132.31,2090,132.7,252658,132.492029
2023-01-13 14:42:00+00:00,132.12,132.3958,132.12,2014,132.32,188896,132.251383
2023-01-13 14:43:00+00:00,132.22,132.31,132.04,1851,132.115,202485,132.174101
2023-01-13 14:44:00+00:00,132.1799,132.23,132.06,1733,132.21,149155,132.149575
2023-01-13 14:45:00+00:00,132.28,132.28,131.93,2767,132.175,283401,132.102835
2023-01-13 14:46:00+00:00,132.4393,132.45,132.16,2074,132.28,263215,132.309183
2023-01-13 14:47:00+00:00,132.29,132.5099,132.2301,1736,132.44,186965,132.350965
2023-01-13 14:48:00+00:00,132.26,132.4099,132.21,1821,132.295,176185,132.318028
2023-01-13 14:49:00+00:00,132.122,132.31,132.091,1603,132.271,199441,132.165488
2023-01-13 14:50:00+00:00,132.36,132.47,132.04,1963,132.13,260277,132.3379
2023-01-13 14:51:00+00:00,132.3803,132.5299,132.295,1661,132.37,199116,132.413463
2023-01-13 14:52:00+00:00,132.285,132.4488,132.27,1551,132.38,159025,132.337685
2023-01-13 14:53:00+00:00,132.32,132.35,132.22,1453,132.28,139229,132.30192
2023-01-13 14:54:00+00:00,132.3598,132.39,132.23,1373,132.33,137154,132.3097
2023-01-13 14:55:00+00:00,132.45,132.5,132.11,2079,132.3501,226958,132.321831
2023-01-13 14:56:00+00:00,132.575,132.69,132.4411,2385,132.45,277382,132.581993
2023-01-13 14:57:00+00:00,132.42,132.6046,132.39,2032,132.5872,187059,132.478815
2023-01-13 14:58:00+00:00,132.59,132.64,132.42,1498,132.4383,142647,132.54081
2023-01-13 14:59:00+00:00,132.565,132.6499,132.51,1708,132.58,151605,132.574439
2023-01-13 15:00:00+00:00,132.81,133.155,132.4,5904,132.54,591027,132.883091
2023-01-13 15:01:00+00:00,132.85,133.0,132.69,2543,132.82,242018,132.846904
2023-01-13 15:02:00+00:00,132.9001,133.0672,132.75,2140,132.87,209030,132.936562
2023-01-13 15:03:00+00:00,132.86,132.9588,132.7,2028,132.895,190745,132.84443
2023-01-13 15:04:00+00:00,132.78,132.94,132.76,1852,132.84,158031,132.84495
2023-01-13 15:05:00+00:00,133.19,133.22,132.79,2697,132.79,302108,133.085412
2023-01-13 15:06:00+00:00,133.22,133.38,133.195,2943,133.195,331893,133.278363
2023-01-13 15:07:00+00:00,133.14,133.23,133.06,1940,133.22,177556,133.1516
2023-01-13 15:08:00+00:00,133.009,133.1399,132.96,1668,133.13,170390,133.029788
2023-01-13 15:09:00+00:00,133.03,133.11,132.97,1508,133.01,123641,133.056042
2023-01-13 15:10:00+00:00,133.1187,133.2,133.01,1666,133.0399,155564,133.133474
2023-01-13 15:11:00+00:00,133.23,133.28,133.11,1654,133.115,130209,133.2113
2023-01-13 15:12:00+00:00,133.39,133.4,133.17,1819,133.23,152288,133.28108
2023-01-13 15:13:00+00:00,133.36,133.455,133.32,3418,133.39,236378,133.393293
2023-01-13 15:14:00+00:00,133.305,133.46,133.27,3751,133.35,249517,133.376735
2023-01-13 15:15:00+00:00,133.4986,133.55,133.31,3243,133.31,228738,133.480209
2023-01-13 15:16:00+00:00,133.2991,133.5,133.26,2725,133.4984,199530,133.371183
2023-01-13 15:17:00+00:00,133.25,133.36,133.18,2013,133.31,170555,133.264818
2023-01-13 15:18:00+00:00,133.18,133.2799,133.16,2102,133.24,175722,133.21673
2023-01-13 15:19:00+00:00,133.2673,133.28,133.17,1776,133.19,144500,133.222387
2023-01-13 15:20:00+00:00,133.2101,133.4,133.21,2132,133.26,199230,133.32063
2023-01-13 15:21:00+00:00,133.2077,133.2489,133.1,1636,133.215,150281,133.173143
2023-01-13 15:22:00+00:00,133.3014,133.31,133.0,2290,133.2,225434,133.114814
2023-01-13 15:23:00+00:00,133.36,133.39,133.22,1582,133.295,149968,133.318986
2023-01-13 15:24:00+00:00,133.425,133.485,133.3,1718,133.36,176998,133.413991
2023-01-13 15:25:00+00:00,133.335,133.4899,133.31,2097,133.42,160977,133.406997
2023-01-13 15:26:00+00:00,133.391,133.391,133.3301,1162,133.34,80971,133.357394
2023-01-13 15:27:00+00:00,133.44,133.4999,133.37,1457,133.39,123083,133.430415
2023-01-13 15:28:00+00:00,133.41,133.53,133.3726,1886,133.44,176246,133.448665
2023-01-13 15:29:00+00:00,133.51,133.5212,133.38,1576,133.415,148345,133.436914
2023-01-13 15:30:00+00:00,133.59,133.695,133.46,3004,133.51,285251,133.576383
2023-01-13 15:31:00+00:00,133.505,133.62,133.4931,2066,133.595,164382,133.558211
2023-01-13 15:32:00+00:00,133.425,133.54,133.4104,1558,133.5,135034,133.454838
2023-01-13 15:33:00+00:00,133.3281,133.46,133.24,2272,133.4279,202551,133.33093
2023-01-13 15:34:00+00:00,133.28,133.35,133.26,1830,133.32,159863,133.302665
2023-01-13 15:35:00+00:00,133.39,133.44,133.2779,1450,133.2779,141743,133.371773
2023-01-13 15:36:00+00:00,133.38,133.46,133.325,1672,133.386,117428,133.39822
2023-01-13 15:37:00+00:00,133.47,133.52,133.38,1430,133.3838,141782,133.446458
2023-01-13 15:38:00+00:00,133.6464,133.6464,133.48,1703,133.48,158617,133.581949
2023-01-13 15:39:00+00:00,133.63,133.74,133.61,1914,133.65,219258,133.671939
2023-01-13 15:40:00+00:00,133.9,133.9,133.6299,2053,133.63,220033,133.788284
2023-01-13 15:41:00+00:00,133.865,133.97,133.83,1715,133.9,161728,133.893644
2023-01-13 15:42:00+00:00,133.725,133.89,133.69,1507,133.86,145898,133.80424
2023-01-13 15:43:00+00:00,133.7013,133.8,133.6901,1391,133.7207,99457,133.746925
2023-01-13 15:44:00+00:00,133.645,133.74,133.58,1614,133.7,162588,133.664784
2023-01-13 15:45:00+00:00,133.8,133.84,133.49,1627,133.66,171940,133.634621
2023-01-13 15:46:00+00:00,133.84,133.955,133.7601,1868,133.7936,182240,133.864754
2023-01-13 15:47:00+00:00,133.84,133.86,133.7,1370,133.841,139805,133.766477
2023-01-13 15:48:00+00:00,133.71,133.85,133.69,1625,133.839,123535,133.777311
2023-01-13 15:49:00+00:00,133.77,133.81,133.62,1219,133.71,100137,133.719855
2023-01-13 15:50:00+00:00,133.795,133.9,133.75,1368,133.76,143119,133.823509
2023-01-13 15:51:00+00:00,133.63,133.795,133.6,1319,133.795,138480,133.661061
2023-01-13 15:52:00+00:00,133.63,133.7,133.602,965,133.64,91199,133.659346
2023-01-13 15:53:00+00:00,133.685,133.7,133.6199,1037,133.64,66948,133.648384
2023-01-13 15:54:00+00:00,133.685,133.73,133.6514,1168,133.685,84660,133.645534
2023-01-13 15:55:00+00:00,133.805,133.84,133.68,1584,133.68,158380,133.763804
2023-01-13 15:56:00+00:00,133.76,133.83,133.64,2254,133.8,212927,133.717718
2023-01-13 15:57:00+00:00,133.88,133.9101,133.755,1694,133.755,167450,133.844849
2023-01-13 15:58:00+00:00,133.7001,133.89,133.7,1540,133.89,121652,133.794954
2023-01-13 15:59:00+00:00,133.75,133.77,133.63,1500,133.705,147798,133.698466
2023-01-13 16:00:00+00:00,133.645,133.9,133.63,2243,133.75,263031,133.799651
2023-01-13 16:01:00+00:00,133.67,133.68,133.5,2325,133.65,176879,133.572971
2023-01-13 16:02:00+00:00,133.56,133.68,133.56,1714,133.68,108509,133.622918
2023-01-13 16:03:00+00:00,133.59,133.67,133.5299,1697,133.5699,113337,133.594494
2023-01-13 16:04:00+00:00,133.63,133.7,133.5801,1237,133.5801,110609,133.643019
2023-01-13 16:05:00+00:00,133.5343,133.64,133.52,1300,133.64,83563,133.577829
2023-01-13 16:06:00+00:00,133.585,133.64,133.47,1234,133.54,124830,133.556819
2023-01-13 16:07:00+00:00,133.88,133.88,133.55,1965,133.58,196253,133.692058
2023-01-13 16:08:00+00:00,133.7899,133.96,133.78,1758,133.86,217882,133.896081
2023-01-13 16:09:00+00:00,133.69,133.78,133.63,1324,133.78,124240,133.699872
2023-01-13 16:10:00+00:00,133.625,133.69,133.6,1113,133.68,102858,133.630029
2023-01-13 16:11:00+00:00,133.63,133.69,133.59,1049,133.625,72224,133.638161
2023-01-13 16:12:00+00:00,133.495,133.635,133.41,1930,133.635,212828,133.510077
2023-01-13 16:13:00+00:00,133.38,133.565,133.38,1475,133.49,155566,133.460849
2023-01-13 16:14:00+00:00,133.445,133.46,133.38,1310,133.3853,94837,133.423277
2023-01-13 16:15:00+00:00,133.25,133.45,133.22,1939,133.445,174420,133.33074
2023-01-13 16:16:00+00:00,133.09,133.2872,133.08,1652,133.255,174654,133.210989
2023-01-13 16:17:00+00:00,133.23,133.2586,133.035,1882,133.1,185370,133.111548
2023-01-13 16:18:00+00:00,133.055,133.25,133.04,1334,133.2201,136119,133.132512
2023-01-13 16:19:00+00:00,133.18,133.2,132.97,1666,133.0571,150424,133.057782
2023-01-13 16:20:00+00:00,133.23,133.25,133.13,1216,133.18,149313,133.193673
2023-01-13 16:21:00+00:00,133.1714,133.24,133.145,918,133.2201,97063,133.186086
2023-01-13 16:22:00+00:00,133.355,133.3884,133.155,1343,133.17,151009,133.3003
2023-01-13 16:23:00+00:00,133.435,133.47,133.35,1150,133.35,140834,133.416848
2023-01-13 16:24:00+00:00,133.305,133.47,133.28,1170,133.4493,105831,133.345791
2023-01-13 16:25:00+00:00,133.205,133.31,133.15,1299,133.305,125878,133.226946
2023-01-13 16:26:00+00:00,133.109,133.23,133.1,1461,133.2,144821,133.176684
2023-01-13 16:27:00+00:00,133.0377,133.175,133.0377,1126,133.11,109884,133.104362
2023-01-13 16:28:00+00:00,133.015,133.0871,132.973,1050,133.0301,91899,133.020536
2023-01-13 16:29:00+00:00,133.04,133.08,133.01,805,133.0326,73854,133.043181
2023-01-13 16:30:00+00:00,132.905,133.0517,132.875,1352,133.04,116419,132.959106
2023-01-13 16:31:00+00:00,132.94,133.035,132.905,966,132.915,99150,132.97713
2023-01-13 16:32:00+00:00,132.8315,132.9594,132.7809,1273,132.94,120610,132.850074
2023-01-13 16:33:00+00:00,132.975,132.99,132.8312,932,132.835,82081,132.906639
2023-01-13 16:34:00+00:00,132.94,133.025,132.91,975,132.975,96227,132.965426
2023-01-13 16:35:00+00:00,133.0612,133.07,132.88,1004,132.945,94972,132.96178
2023-01-13 16:36:00+00:00,133.1026,133.17,133.05,1041,133.06,116658,133.108049
2023-01-13 16:37:00+00:00,133.0583,133.1,133.021,717,133.1,61751,133.06026
2023-01-13 16:38:00+00:00,132.97,133.065,132.95,928,133.05,77191,133.01444
2023-01-13 16:39:00+00:00,132.9499,133.05,132.89,1008,132.96,86240,132.97142
2023-01-13 16:40:00+00:00,132.9514,132.9899,132.87,923,132.945,66353,132.928561
2023-01-13 16:41:00+00:00,132.9301,132.9883,132.9,931,132.9512,74852,132.940976
2023-01-13 16:42:00+00:00,132.9553,132.96,132.8809,740,132.9399,55181,132.918981
2023-01-13 16:43:00+00:00,133.04,133.05,132.931,854,132.96,66541,133.013795
2023-01-13 16:44:00+00:00,133.095,133.095,133.0001,654,133.04,51309,133.054874
2023-01-13 16:45:00+00:00,132.905,133.09,132.86,1351,133.09,117750,132.947395
2023-01-13 16:46:00+00:00,132.7933,132.93,132.76,1415,132.91,119881,132.831487
2023-01-13 16:47:00+00:00,132.86,132.8896,132.755,1013,132.79,90654,132.825476
2023-01-13 16:48:00+00:00,132.9701,133.0,132.8099,879,132.86,142288,132.865389
2023-01-13 16:49:00+00:00,133.0,133.02,132.96,731,132.98,65998,132.985742
2023-01-13 16:50:00+00:00,133.1,133.19,132.9903,1592,133.005,149270,133.103476
2023-01-13 16:51:00+00:00,133.06,133.16,132.99,1628,133.12,145249,133.097026
2023-01-13 16:52:00+00:00,132.99,133.04,132.94,1014,133.04,70085,132.987359
2023-01-13 16:53:00+00:00,133.1187,133.17,133.0,981,133.0,104143,133.107637
2023-01-13 16:54:00+00:00,133.135,133.16,133.09,747,133.12,48592,133.124843
2023-01-13 16:55:00+00:00,133.13,133.1899,133.09,844,133.13,70650,133.139062
2023-01-13 16:56:00+00:00,133.03,133.14,132.95,1505,133.14,122297,133.04265
2023-01-13 16:57:00+00:00,133.08,133.1306,133.03,846,133.03,66005,133.083676
2023-01-13 16:58:00+00:00,133.1,133.1,133.01,982,133.07,118943,133.050048
2023-01-13 16:59:00+00:00,133.2131,133.25,133.095,985,133.095,130763,133.185986
2023-01-13 17:00:00+00:00,133.265,133.27,133.1754,1021,133.21,89325,133.228682
2023-01-13 17:01:00+00:00,133.3218,133.33,133.23,822,133.2699,89835,133.27151
2023-01-13 17:02:00+00:00,133.34,133.38,133.3,957,133.32,124753,133.340552
2023-01-13 17:03:00+00:00,133.27,133.35,133.18,769,133.35,73623,133.268025
2023-01-13 17:04:00+00:00,133.1989,133.2895,133.19,617,133.2895,43390,133.228729
2023-01-13 17:05:00+00:00,133.18,133.225,133.15,651,133.1988,52656,133.186071
2023-01-13 17:06:00+00:00,133.205,133.21,133.1591,714,133.17,46833,133.189804
2023-01-13 17:07:00+00:00,133.175,133.24,133.17,806,133.205,64604,133.207746
2023-01-13 17:08:00+00:00,133.245,133.2501,133.1741,682,133.18,71730,133.219953
2023-01-13 17:09:00+00:00,133.2327,133.2599,133.2001,641,133.25,53346,133.234456
2023-01-13 17:10:00+00:00,133.2013,133.255,133.195,731,133.231,44872,133.228202
2023-01-13 17:11:00+00:00,133.145,133.2161,133.1301,859,133.205,79545,133.173489
2023-01-13 17:12:00+00:00,133.18,133.21,133.14,624,133.14,52791,133.172664
2023-01-13 17:13:00+00:00,133.3601,133.3673,133.14,878,133.1779,85598,133.259499
2023-01-13 17:14:00+00:00,133.3,133.3699,133.2711,904,133.36,71402,133.313012
2023-01-13 17:15:00+00:00,133.28,133.3,133.2001,868,133.29,62403,133.252852
2023-01-13 17:16:00+00:00,133.33,133.3547,133.28,797,133.28,67493,133.310116
2023-01-13 17:17:00+00:00,133.29,133.33,133.23,665,133.33,55565,133.268319
2023-01-13 17:18:00+00:00,133.305,133.35,133.23,741,133.2873,81833,133.309186
2023-01-13 17:19:00+00:00,133.38,133.42,133.31,912,133.31,108366,133.380346
2023-01-13 17:20:00+00:00,133.5,133.53,133.38,1210,133.38,128682,133.460865
2023-01-13 17:21:00+00:00,133.5274,133.53,133.45,1135,133.5,89916,133.484472
2023-01-13 17:22:00+00:00,133.495,133.55,133.49,745,133.5303,64216,133.52413
2023-01-13 17:23:00+00:00,133.47,133.525,133.44,786,133.5052,77467,133.47667
2023-01-13 17:24:00+00:00,133.465,133.48,133.4,622,133.4601,40134,133.434077
2023-01-13 17:25:00+00:00,133.585,133.5998,133.4413,702,133.4793,66811,133.534268
2023-01-13 17:26:00+00:00,133.5549,133.6,133.53,606,133.59,48918,133.57176
2023-01-13 17:27:00+00:00,133.5469,133.58,133.5342,578,133.5541,43346,133.558415
2023-01-13 17:28:00+00:00,133.59,133.6,133.51,599,133.54,49633,133.564512
2023-01-13 17:29:00+00:00,133.5101,133.5999,133.49,648,133.59,42011,133.538412
2023-01-13 17:30:00+00:00,133.41,133.53,133.4,892,133.52,64866,133.456902
2023-01-13 17:31:00+00:00,133.365,133.44,133.3,1376,133.42,128288,133.345558
2023-01-13 17:32:00+00:00,133.351,133.43,133.35,694,133.37,67551,133.391692
2023-01-13 17:33:00+00:00,133.4696,133.4907,133.35,796,133.35,103315,133.441931
2023-01-13 17:34:00+00:00,133.45,133.49,133.44,613,133.47,63097,133.466117
2023-01-13 17:35:00+00:00,133.475,133.4898,133.41,646,133.4501,53386,133.442884
2023-01-13 17:36:00+00:00,133.3589,133.4871,133.35,676,133.4767,69396,133.396921
2023-01-13 17:37:00+00:00,133.37,133.4,133.35,615,133.35,45573,133.381341
2023-01-13 17:38:00+00:00,133.2744,133.39,133.255,753,133.3716,58699,133.316527
2023-01-13 17:39:00+00:00,133.28,133.29,133.23,684,133.27,62882,133.263434
2023-01-13 17:40:00+00:00,133.2699,133.2985,133.25,567,133.285,35312,133.270931
2023-01-13 17:41:00+00:00,133.21,133.29,133.21,718,133.26,57379,133.250562
2023-01-13 17:42:00+00:00,133.1975,133.2465,133.16,850,133.21,65294,133.193744
2023-01-13 17:43:00+00:00,133.265,133.27,133.18,613,133.2,52480,133.222035
2023-01-13 17:44:00+00:00,133.4206,133.425,133.2618,1123,133.2699,146319,133.333135
2023-01-13 17:45:00+00:00,133.4338,133.53,133.405,1272,133.42,144117,133.453169
2023-01-13 17:46:00+00:00,133.47,133.51,133.392,896,133.43,77492,133.462725
2023-01-13 17:47:00+00:00,133.3774,133.47,133.36,759,133.45,73869,133.406659
2023-01-13 17:48:00+00:00,133.355,133.39,133.31,901,133.375,79879,133.356641
2023-01-13 17:49:00+00:00,133.37,133.4,133.35,674,133.355,66401,133.375874
2023-01-13 17:50:00+00:00,133.315,133.39,133.31,651,133.36,37731,133.356047
2023-01-13 17:51:00+00:00,133.3399,133.37,133.29,697,133.32,39873,133.329252
2023-01-13 17:52:00+00:00,133.36,133.3757,133.33,612,133.34,29304,133.351174
2023-01-13 17:53:00+00:00,133.3573,133.39,133.335,825,133.36,51778,133.367672
2023-01-13 17:54:00+00:00,133.385,133.395,133.345,860,133.36,80627,133.373306
2023-01-13 17:55:00+00:00,133.385,133.4,133.345,774,133.385,68110,133.37607
2023-01-13 17:56:00+00:00,133.565,133.6,133.39,1585,133.39,201261,133.533076
2023-01-13 17:57:00+00:00,133.485,133.565,133.46,737,133.565,88603,133.503236
2023-01-13 17:58:00+00:00,133.44,133.49,133.4,601,133.485,67756,133.444703
2023-01-13 17:59:00+00:00,133.539,133.55,133.4501,660,133.465,76025,133.507238
2023-01-13 18:00:00+00:00,133.5249,133.5612,133.49,624,133.54,57505,133.527359
2023-01-13 18:01:00+00:00,133.555,133.57,133.469,655,133.525,56307,133.524463
2023-01-13 18:02:00+00:00,133.4799,133.555,133.44,664,133.54,47401,133.484449
2023-01-13 18:03:00+00:00,133.5,133.52,133.47,632,133.4701,48287,133.4904
2023-01-13 18:04:00+00:00,133.37,133.5099,133.355,1014,133.5,93146,133.448807
2023-01-13 18:05:00+00:00,133.38,133.39,133.3,804,133.38,88199,133.350796
2023-01-13 18:06:00+00:00,133.3843,133.42,133.335,720,133.39,59233,133.370771
2023-01-13 18:07:00+00:00,133.38,133.4105,133.36,573,133.3809,46245,133.387104
2023-01-13 18:08:00+00:00,133.4099,133.415,133.3203,613,133.38,50152,133.366535
2023-01-13 18:09:00+00:00,133.4101,133.45,133.39,584,133.41,45838,133.419076
2023-01-13 18:10:00+00:00,133.475,133.485,133.41,860,133.41,91969,133.471638
2023-01-13 18:11:00+00:00,133.525,133.54,133.43,723,133.4709,67914,133.48377
2023-01-13 18:12:00+00:00,133.565,133.61,133.51,912,133.525,97156,133.561512
2023-01-13 18:13:00+00:00,133.475,133.5732,133.455,801,133.57,61311,133.510382
2023-01-13 18:14:00+00:00,133.475,133.505,133.442,675,133.4701,57484,133.476039
2023-01-13 18:15:00+00:00,133.41,133.505,133.36,1183,133.48,113173,133.433416
2023-01-13 18:16:00+00:00,133.415,133.44,133.34,868,133.4149,69707,133.391797
2023-01-13 18:17:00+00:00,133.38,133.445,133.34,896,133.41,88911,133.397674
2023-01-13 18:18:00+00:00,133.485,133.485,133.39,922,133.399,95945,133.448014
2023-01-13 18:19:00+00:00,133.45,133.53,133.44,919,133.49,86981,133.47691
2023-01-13 18:20:00+00:00,133.38,133.475,133.34,986,133.445,98742,133.398469
2023-01-13 18:21:00+00:00,133.495,133.5,133.3808,788,133.39,57026,133.440124
2023-01-13 18:22:00+00:00,133.45,133.495,133.41,722,133.49,51155,133.462894
2023-01-13 18:23:00+00:00,133.49,133.491,133.42,584,133.44,46915,133.456596
2023-01-13 18:24:00+00:00,133.5424,133.55,133.46,931,133.485,86173,133.50158
2023-01-13 18:25:00+00:00,133.64,133.6599,133.52,1011,133.5433,88020,133.594448
2023-01-13 18:26:00+00:00,133.6,133.69,133.595,871,133.63,87215,133.639187
2023-01-13 18:27:00+00:00,133.67,133.69,133.6016,701,133.6016,80366,133.655168
2023-01-13 18:28:00+00:00,133.665,133.71,133.65,609,133.67,67380,133.675807
2023-01-13 18:29:00+00:00,133.645,133.67,133.61,583,133.665,55160,133.63882
2023-01-13 18:30:00+00:00,133.78,133.7812,133.63,1170,133.66,105761,133.718074
2023-01-13 18:31:00+00:00,133.773,133.78,133.7219,715,133.7724,51069,133.758291
2023-01-13 18:32:00+00:00,133.8212,133.85,133.77,813,133.78,83417,133.804454
2023-01-13 18:33:00+00:00,133.81,133.83,133.76,621,133.8243,55550,133.791461
2023-01-13 18:34:00+00:00,133.8817,133.89,133.8049,957,133.815,119935,133.851459
2023-01-13 18:35:00+00:00,133.8162,133.89,133.805,826,133.88,91623,133.840279
2023-01-13 18:36:00+00:00,133.7901,133.83,133.78,745,133.81,81610,133.803782
2023-01-13 18:37:00+00:00,133.81,133.83,133.77,596,133.79,42932,133.803105
2023-01-13 18:38:00+00:00,133.8632,133.87,133.8108,797,133.8108,81037,133.851819
2023-01-13 18:39:00+00:00,134.025,134.045,133.86,2817,133.87,391276,133.984423
2023-01-13 18:40:00+00:00,134.1449,134.1676,134.01,1424,134.035,176053,134.07531
2023-01-13 18:41:00+00:00,134.17,134.2099,134.145,1386,134.145,173944,134.178309
2023-01-13 18:42:00+00:00,134.22,134.23,134.15,1221,134.17,138120,134.194524
2023-01-13 18:43:00+00:00,134.18,134.33,134.17,1865,134.215,243516,134.260648
2023-01-13 18:44:00+00:00,134.175,134.2,134.13,1259,134.1811,119996,134.184162
2023-01-13 18:45:00+00:00,134.06,134.19,134.06,1183,134.17,112015,134.13982
2023-01-13 18:46:00+00:00,134.215,134.2201,134.0613,875,134.07,91252,134.147772
2023-01-13 18:47:00+00:00,134.215,134.28,134.215,829,134.22,79592,134.246501
2023-01-13 18:48:00+00:00,134.2999,134.3,134.2113,893,134.225,93775,134.274235
2023-01-13 18:49:00+00:00,134.285,134.38,134.28,1217,134.3,173006,134.326085
2023-01-13 18:50:00+00:00,134.3,134.3099,134.245,898,134.2814,109701,134.27971
2023-01-13 18:51:00+00:00,134.19,134.34,134.17,1311,134.295,130579,134.279036
2023-01-13 18:52:00+00:00,134.2192,134.25,134.13,846,134.17,114869,134.18343
2023-01-13 18:53:00+00:00,134.235,134.27,134.2101,618,134.215,52172,134.240783
2023-01-13 18:54:00+00:00,134.185,134.24,134.16,833,134.235,67342,134.203441
2023-01-13 18:55:00+00:00,134.145,134.1948,134.14,630,134.1899,42048,134.169704
2023-01-13 18:56:00+00:00,134.14,134.16,134.11,775,134.15,57888,134.130254
2023-01-13 18:57:00+00:00,134.18,134.22,134.12,865,134.135,114830,134.156749
2023-01-13 18:58:00+00:00,134.105,134.2,134.1,662,134.18,55832,134.149512
2023-01-13 18:59:00+00:00,134.1365,134.1581,134.07,841,134.1018,102510,134.104407
2023-01-13 19:00:00+00:00,134.155,134.2,134.1179,864,134.14,106276,134.158233
2023-01-13 19:01:00+00:00,134.22,134.23,134.165,776,134.175,76754,134.206766
2023-01-13 19:02:00+00:00,134.16,134.225,134.1401,721,134.2175,66070,134.189595
2023-01-13 19:03:00+00:00,134.0599,134.165,134.02,1189,134.1611,130713,134.073208
2023-01-13 19:04:00+00:00,134.1,134.13,134.03,1139,134.06,120709,134.067584
2023-01-13 19:05:00+00:00,134.115,134.16,134.07,776,134.1001,76819,134.122056
2023-01-13 19:06:00+00:00,134.0256,134.1182,133.99,911,134.1182,107464,134.03437
2023-01-13 19:07:00+00:00,134.0434,134.075,134.02,746,134.025,53019,134.044619
2023-01-13 19:08:00+00:00,133.985,134.045,133.96,894,134.04,82523,133.99908
2023-01-13 19:09:00+00:00,133.925,133.99,133.91,1208,133.99,129902,133.951036
2023-01-13 19:10:00+00:00,133.98,134.0011,133.89,954,133.9201,105379,133.949263
2023-01-13 19:11:00+00:00,134.065,134.08,133.98,762,133.98,98626,134.027517
2023-01-13 19:12:00+00:00,134.065,134.11,134.0414,720,134.065,92332,134.070777
2023-01-13 19:13:00+00:00,134.04,134.088,134.0194,554,134.07,69125,134.049624
2023-01-13 19:14:00+00:00,134.0611,134.08,134.03,583,134.05,30555,134.06247
2023-01-13 19:15:00+00:00,134.175,134.21,134.07,1144,134.07,125619,134.150906
2023-01-13 19:16:00+00:00,134.181,134.21,134.12,833,134.17,78156,134.176177
2023-01-13 19:17:00+00:00,134.1799,134.191,134.1,792,134.1801,81343,134.158749
2023-01-13 19:18:00+00:00,134.1571,134.2,134.14,892,134.175,78606,134.175377
2023-01-13 19:19:00+00:00,134.09,134.1694,134.06,851,134.155,95427,134.107016
2023-01-13 19:20:00+00:00,134.04,134.11,134.025,1026,134.1,96732,134.061197
2023-01-13 19:21:00+00:00,133.9955,134.06,133.98,841,134.045,84357,134.016087
2023-01-13 19:22:00+00:00,134.06,134.06,133.9501,893,134.0,97808,134.001355
2023-01-13 19:23:00+00:00,134.04,134.0699,134.0,558,134.06,48273,134.027369
2023-01-13 19:24:00+00:00,134.09,134.09,134.02,901,134.04,101186,134.053545
2023-01-13 19:25:00+00:00,134.14,134.15,134.06,898,134.085,97698,134.102357
2023-01-13 19:26:00+00:00,134.18,134.2,134.13,928,134.1332,105718,134.178985
2023-01-13 19:27:00+00:00,134.205,134.22,134.16,779,134.1899,105975,134.187706
2023-01-13 19:28:00+00:00,134.265,134.28,134.1901,904,134.2,101067,134.234933
2023-01-13 19:29:00+00:00,134.2457,134.2699,134.2165,687,134.2699,68798,134.234959
2023-01-13 19:30:00+00:00,134.3399,134.3799,134.25,1530,134.25,148359,134.324531
2023-01-13 19:31:00+00:00,134.38,134.41,134.325,1242,134.335,148189,134.371726
2023-01-13 19:32:00+00:00,134.31,134.42,134.3,972,134.382,124680,134.366684
2023-01-13 19:33:00+00:00,134.23,134.31,134.18,978,134.305,103009,134.24589
2023-01-13 19:34:00+00:00,134.265,134.309,134.24,536,134.25,64679,134.273875
2023-01-13 19:35:00+00:00,134.21,134.3,134.19,675,134.255,62151,134.238354
2023-01-13 19:36:00+00:00,134.13,134.205,134.12,901,134.205,97623,134.146731
2023-01-13 19:37:00+00:00,134.2,134.21,134.11,749,134.135,71904,134.161877
2023-01-13 19:38:00+00:00,134.26,134.26,134.16,971,134.2,112537,134.200876
2023-01-13 19:39:00+00:00,134.285,134.2984,134.215,811,134.2599,87502,134.255066
2023-01-13 19:40:00+00:00,134.23,134.2893,134.22,620,134.285,59549,134.248033
2023-01-13 19:41:00+00:00,134.1677,134.26,134.16,786,134.225,97699,134.210469
2023-01-13 19:42:00+00:00,134.155,134.175,134.125,857,134.17,89088,134.145294
2023-01-13 19:43:00+00:00,134.1826,134.19,134.13,826,134.16,92853,134.152607
2023-01-13 19:44:00+00:00,134.14,134.1899,134.13,587,134.1826,45399,134.150728
2023-01-13 19:45:00+00:00,134.14,134.1772,134.12,927,134.1302,108297,134.136697
2023-01-13 19:46:00+00:00,134.1501,134.16,134.07,885,134.1427,109706,134.116877
2023-01-13 19:47:00+00:00,134.175,134.21,134.145,881,134.16,102952,134.189394
2023-01-13 19:48:00+00:00,134.2297,134.25,134.17,782,134.18,108372,134.217769
2023-01-13 19:49:00+00:00,134.1609,134.2299,134.13,685,134.2299,69298,134.178543
2023-01-13 19:50:00+00:00,134.075,134.1699,134.07,746,134.16,86831,134.121471
2023-01-13 19:51:00+00:00,134.0801,134.13,134.04,732,134.0717,74360,134.08476
2023-01-13 19:52:00+00:00,134.1499,134.1499,134.08,682,134.0871,47424,134.110237
2023-01-13 19:53:00+00:00,134.13,134.15,134.11,771,134.148,57704,134.129363
2023-01-13 19:54:00+00:00,134.1,134.2,134.07,1356,134.14,126077,134.137311
2023-01-13 19:55:00+00:00,134.1712,134.175,134.06,827,134.1,71590,134.110882
2023-01-13 19:56:00+00:00,134.1716,134.2,134.14,664,134.1799,74329,134.165478
2023-01-13 19:57:00+00:00,134.16,134.19,134.145,507,134.17,36535,134.166118
2023-01-13 19:58:00+00:00,134.155,134.18,134.14,514,134.16,51595,134.160219
2023-01-13 19:59:00+00:00,134.1309,134.17,134.1309,631,134.16,53741,134.157619
2023-01-13 20:00:00+00:00,134.14,134.2,134.13,809,134.14,99240,134.162611
2023-01-13 20:01:00+00:00,134.13,134.185,134.12,741,134.15,85195,134.147743
2023-01-13 20:02:00+00:00,134.17,134.17,134.08,845,134.13,144998,134.136262
2023-01-13 20:03:00+00:00,134.2,134.225,134.16,875,134.1701,116035,134.195609
2023-01-13 20:04:00+00:00,134.2228,134.23,134.16,669,134.205,56143,134.203258
2023-01-13 20:05:00+00:00,134.129,134.225,134.12,696,134.225,55499,134.166813
2023-01-13 20:06:00+00:00,134.1085,134.155,134.07,648,134.1201,42875,134.113394
2023-01-13 20:07:00+00:00,134.115,134.14,134.08,640,134.105,62885,134.105547
2023-01-13 20:08:00+00:00,134.15,134.185,134.11,875,134.1107,86873,134.150881
2023-01-13 20:09:00+00:00,134.24,134.25,134.13,1003,134.15,101591,134.189013
2023-01-13 20:10:00+00:00,134.31,134.3399,134.24,1378,134.25,216703,134.28714
2023-01-13 20:11:00+00:00,134.22,134.39,134.2001,1845,134.3201,202810,134.290609
2023-01-13 20:12:00+00:00,134.29,134.3,134.2,671,134.21,70452,134.257872
2023-01-13 20:13:00+00:00,134.285,134.295,134.245,658,134.29,48244,134.266486
2023-01-13 20:14:00+00:00,134.295,134.375,134.28,808,134.285,73470,134.326873
2023-01-13 20:15:00+00:00,134.3,134.3475,134.28,705,134.2991,63741,134.316679
2023-01-13 20:16:00+00:00,134.33,134.36,134.28,1117,134.31,113883,134.322216
2023-01-13 20:17:00+00:00,134.335,134.375,134.315,706,134.33,73249,134.347728
2023-01-13 20:18:00+00:00,134.382,134.4,134.331,973,134.331,96079,134.378998
2023-01-13 20:19:00+00:00,134.37,134.4,134.355,905,134.3899,92305,134.39101
2023-01-13 20:20:00+00:00,134.4099,134.41,134.36,1140,134.3701,119894,134.387148
2023-01-13 20:21:00+00:00,134.47,134.49,134.4,1289,134.4013,150684,134.44009
2023-01-13 20:22:00+00:00,134.4701,134.49,134.435,1005,134.47,111962,134.462191
2023-01-13 20:23:00+00:00,134.43,134.49,134.39,1407,134.47,150367,134.449617
2023-01-13 20:24:00+00:00,134.435,134.47,134.41,835,134.42,64738,134.438519
2023-01-13 20:25:00+00:00,134.49,134.49,134.415,913,134.43,90761,134.451537
2023-01-13 20:26:00+00:00,134.5324,134.54,134.4701,2020,134.485,199268,134.50431
2023-01-13 20:27:00+00:00,134.47,134.54,134.47,907,134.53,84277,134.508223
2023-01-13 20:28:00+00:00,134.485,134.495,134.46,725,134.47,62879,134.477741
2023-01-13 20:29:00+00:00,134.605,134.61,134.48,1281,134.48,114659,134.558089
2023-01-13 20:30:00+00:00,134.552,134.65,134.535,1442,134.605,186406,134.599593
2023-01-13 20:31:00+00:00,134.61,134.64,134.55,1229,134.56,129287,134.595809
2023-01-13 20:32:00+00:00,134.595,134.62,134.56,806,134.605,70169,134.58542
2023-01-13 20:33:00+00:00,134.635,134.66,134.59,1041,134.595,90233,134.632444
2023-01-13 20:34:00+00:00,134.62,134.69,134.62,1234,134.63,112967,134.649799
2023-01-13 20:35:00+00:00,134.725,134.74,134.62,1770,134.625,159695,134.667484
2023-01-13 20:36:00+00:00,134.765,134.8,134.69,1721,134.73,182533,134.758775
2023-01-13 20:37:00+00:00,134.7617,134.8,134.73,1857,134.77,189939,134.782636
2023-01-13 20:38:00+00:00,134.78,134.81,134.7,2004,134.77,221422,134.767749
2023-01-13 20:39:00+00:00,134.87,134.875,134.75,1984,134.775,197107,134.797581
2023-01-13 20:40:00+00:00,134.835,134.88,134.75,2121,134.865,226131,134.819405
2023-01-13 20:41:00+00:00,134.82,134.85,134.78,1586,134.84,148831,134.820058
2023-01-13 20:42:00+00:00,134.815,134.86,134.79,1517,134.827,147556,134.81703
2023-01-13 20:43:00+00:00,134.83,134.92,134.77,2047,134.815,222774,134.851592
2023-01-13 20:44:00+00:00,134.825,134.88,134.78,1412,134.85,125489,134.832641
2023-01-13 20:45:00+00:00,134.72,134.815,134.69,1886,134.815,181081,134.753166
2023-01-13 20:46:00+00:00,134.67,134.73,134.66,1199,134.72,131644,134.689343
2023-01-13 20:47:00+00:00,134.6,134.675,134.57,1766,134.67,178223,134.619045
2023-01-13 20:48:00+00:00,134.57,134.66,134.53,1424,134.595,133031,134.58512
2023-01-13 20:49:00+00:00,134.6609,134.67,134.56,1561,134.57,147155,134.616523
2023-01-13 20:50:00+00:00,134.552,134.69,134.49,2291,134.66,194887,134.578903
2023-01-13 20:51:00+00:00,134.5453,134.59,134.525,1534,134.56,146053,134.55772
2023-01-13 20:52:00+00:00,134.575,134.59,134.53,1880,134.55,182191,134.556433
2023-01-13 20:53:00+00:00,134.5069,134.58,134.46,1750,134.565,144027,134.513977
2023-01-13 20:54:00+00:00,134.59,134.66,134.49,2841,134.505,302149,134.581884
2023-01-13 20:55:00+00:00,134.7101,134.73,134.58,3297,134.58,341492,134.681154
2023-01-13 20:56:00+00:00,134.705,134.75,134.69,2415,134.71,265469,134.717477
2023-01-13 20:57:00+00:00,134.775,134.78,134.67,2551,134.705,260792,134.724615
2023-01-13 20:58:00+00:00,134.74,134.8,134.73,3578,134.77,370124,134.770491
2023-01-13 20:59:00+00:00,134.7,134.83,134.67,8918,134.735,1274968,134.744044
2023-01-13 21:00:00+00:00,134.74,134.76,134.68,202,134.7,11054579,134.759937
2023-01-13 21:01:00+00:00,134.72,134.73,134.68,97,134.73,5641,134.717105
2023-01-13 21:02:00+00:00,134.68,134.78,134.66,92,134.72,21742,134.708481
2023-01-13 21:03:00+00:00,134.62,134.67,134.62,89,134.67,12000,134.641566
2023-01-13 21:04:00+00:00,134.56,134.62,134.56,55,134.62,5273,134.602919
2023-01-13 21:05:00+00:00,134.55,134.6,134.54,65,134.56,4161,134.558828
2023-01-13 21:06:00+00:00,134.57,134.76,134.57,44,134.57,41583,134.752339
2023-01-13 21:07:00+00:00,134.56,134.76,134.51,62,134.76,48491,134.7451
2023-01-13 21:08:00+00:00,134.53,134.55,134.5,48,134.52,14628,134.687539
2023-01-13 21:09:00+00:00,134.57,134.76,134.55,28,134.55,2723,134.695564
2023-01-13 21:10:00+00:00,134.51,134.745,134.51,53,134.55,29091,134.718425
2023-01-13 21:11:00+00:00,134.57,134.57,134.5101,28,134.54,2228,134.534643
2023-01-13 21:12:00+00:00,134.55,134.57,134.5405,49,134.57,2042,134.553543
2023-01-13 21:13:00+00:00,134.5,134.56,134.5,69,134.5574,4589,134.522084
2023-01-13 21:14:00+00:00,134.42,134.48,134.42,61,134.48,5121,134.449415
2023-01-13 21:15:00+00:00,134.47,134.76,134.42,51,134.76,3552,134.436191
2023-01-13 21:16:00+00:00,134.44,134.47,134.44,37,134.46,2853,134.454012
2023-01-13 21:17:00+00:00,134.47,134.47,134.43,22,134.44,3709,135.447168
2023-01-13 21:18:00+00:00,134.46,134.46,134.46,20,134.46,400,134.464633
2023-01-13 21:19:00+00:00,134.49,134.49,134.48,27,134.48,776,134.479218
2023-01-13 21:20:00+00:00,134.5,134.5,134.49,46,134.49,1096,134.485593
2023-01-13 21:21:00+00:00,134.5,134.5574,134.5,52,134.51,5300,134.532652
2023-01-13 21:22:00+00:00,134.53,134.53,134.5,20,134.5,512,134.507295
2023-01-13 21:23:00+00:00,134.51,134.51,134.51,17,134.51,618,134.510006
2023-01-13 21:24:00+00:00,134.52,134.52,134.5,29,134.51,1517,134.509352
2023-01-13 21:25:00+00:00,134.58,134.58,134.52,32,134.52,1122,134.545789
2023-01-13 21:26:00+00:00,134.5791,134.5791,134.55,25,134.57,3269,134.568744
2023-01-13 21:27:00+00:00,134.58,134.58,134.57,27,134.58,686,134.575284
2023-01-13 21:28:00+00:00,134.55,134.55,134.55,27,134.55,1271,134.550045
2023-01-13 21:29:00+00:00,134.55,134.55,134.55,25,134.55,283,134.555449
2023-01-13 21:30:00+00:00,134.5876,134.5876,134.54,23,134.55,900,134.565048
2023-01-13 21:31:00+00:00,134.5201,134.54,134.51,38,134.54,3135,134.527982
2023-01-13 21:32:00+00:00,134.58,134.58,134.53,24,134.53,1488,134.554976
2023-01-13 21:33:00+00:00,134.56,134.62,134.55,31,134.62,1690,134.569036
2023-01-13 21:34:00+00:00,134.56,134.76,134.56,33,134.76,32853,134.756422
2023-01-13 21:35:00+00:00,134.58,134.58,134.56,52,134.58,5152,134.571232
2023-01-13 21:36:00+00:00,134.59,134.59,134.59,30,134.59,6613,134.58976
2023-01-13 21:37:00+00:00,134.59,134.59,134.59,16,134.59,179,134.581126
2023-01-13 21:38:00+00:00,134.59,134.59,134.5899,26,134.5899,837,134.588089
2023-01-13 21:39:00+00:00,134.59,134.63,134.59,35,134.6,1102,134.609201
2023-01-13 21:41:00+00:00,134.64,134.64,134.64,31,134.64,840,134.638232
2023-01-13 21:43:00+00:00,134.66,134.66,134.66,19,134.66,292,134.658682
2023-01-13 21:44:00+00:00,134.6,134.64,134.6,33,134.64,1694,134.612571
2023-01-13 21:45:00+00:00,134.59,134.6,134.59,22,134.6,583,134.59578
2023-01-13 21:46:00+00:00,134.6,134.6,134.6,23,134.6,1194,134.593439
2023-01-13 21:47:00+00:00,134.58,134.58,134.57,24,134.57,1370,134.577056
2023-01-13 21:48:00+00:00,134.58,134.58,134.5784,24,134.5784,621,134.578448
2023-01-13 21:49:00+00:00,134.58,134.58,134.57,25,134.58,453,134.574967
2023-01-13 21:50:00+00:00,134.56,134.56,134.56,20,134.56,210,134.565976
2023-01-13 21:51:00+00:00,134.59,134.59,134.56,47,134.56,4896,134.570069
2023-01-13 21:52:00+00:00,134.6,134.6,134.57,37,134.57,2898,134.59627
2023-01-13 21:53:00+00:00,134.6,134.6,134.6,19,134.6,143,134.593217
2023-01-13 21:54:00+00:00,134.59,134.59,134.59,18,134.59,269,134.581742
2023-01-13 21:55:00+00:00,134.57,134.59,134.57,26,134.5891,2530,134.585931
2023-01-13 21:56:00+00:00,134.59,134.59,134.59,28,134.59,351,134.586047
2023-01-13 21:57:00+00:00,134.6,134.61,134.58,53,134.58,8961,134.5979
2023-01-13 21:58:00+00:00,134.62,134.63,134.6,17,134.63,544,134.619684
2023-01-13 21:59:00+00:00,134.52,134.63,134.51,52,134.63,2330,134.562152
2023-01-13 22:00:00+00:00,134.63,134.63,134.59,26,134.59,2368,134.619636
2023-01-13 22:02:00+00:00,134.55,134.55,134.55,18,134.55,370,134.576941
2023-01-13 22:03:00+00:00,134.55,134.55,134.55,18,134.55,520,134.552976
2023-01-13 22:07:00+00:00,134.6,134.6,134.5991,19,134.6,625,134.597225
2023-01-13 22:09:00+00:00,134.6,134.6,134.56,15,134.56,425,134.578801
2023-01-13 22:10:00+00:00,134.5583,134.6,134.5583,14,134.5986,584,134.576428
2023-01-13 22:11:00+00:00,134.59,134.59,134.59,18,134.59,256,134.588104
2023-01-13 22:13:00+00:00,134.56,134.56,134.56,6,134.56,192,134.560365
2023-01-13 22:14:00+00:00,134.58,134.58,134.58,20,134.58,1183,134.477351
2023-01-13 22:19:00+00:00,134.5995,134.5995,134.5995,9,134.5995,270,134.598617
2023-01-13 22:21:00+00:00,134.61,134.61,134.6,11,134.6,412,134.607184
2023-01-13 22:22:00+00:00,134.62,134.62,134.62,19,134.62,2096,134.620007
2023-01-13 22:23:00+00:00,134.61,134.62,134.61,18,134.62,1146,134.618224
2023-01-13 22:25:00+00:00,134.61,134.61,134.61,17,134.61,661,134.608933
2023-01-13 22:26:00+00:00,134.61,134.61,134.61,21,134.61,253,134.603399
2023-01-13 22:27:00+00:00,134.57,134.61,134.57,34,134.61,4062,134.599417
2023-01-13 22:28:00+00:00,134.57,134.57,134.57,19,134.57,724,134.567744
2023-01-13 22:29:00+00:00,134.52,134.53,134.52,20,134.53,1401,134.523633
2023-01-13 22:32:00+00:00,134.5426,134.5426,134.5426,15,134.5426,151,134.545232
2023-01-13 22:33:00+00:00,134.54,134.6,134.54,13,134.6,1221,134.588853
2023-01-13 22:34:00+00:00,134.53,134.53,134.53,11,134.53,130,134.537
2023-01-13 22:45:00+00:00,134.57,134.57,134.53,15,134.57,2133,134.552855
2023-01-13 22:48:00+00:00,134.56,134.56,134.56,11,134.56,415,134.558217
2023-01-13 22:50:00+00:00,134.57,134.57,134.57,26,134.57,910,134.56972
2023-01-13 22:51:00+00:00,134.57,134.57,134.57,10,134.57,264,134.570331
2023-01-13 22:54:00+00:00,134.5701,134.5701,134.5701,15,134.5701,543,134.571492
2023-01-13 22:55:00+00:00,134.57,134.57,134.57,18,134.57,254,134.574823
2023-01-13 22:58:00+00:00,134.59,134.59,134.59,10,134.59,173,134.586792
