timestamp,close,high,low,trade_count,open,volume,vwap
2023-05-01 08:00:00+00:00,169.63,169.8,168.4,143,168.4,4261,169.556679
2023-05-01 08:01:00+00:00,169.52,169.57,169.52,30,169.57,843,169.546085
2023-05-01 08:03:00+00:00,169.47,169.47,169.47,17,169.47,465,169.436796
2023-05-01 08:05:00+00:00,169.48,169.49,169.48,9,169.49,521,169.468081
2023-05-01 08:06:00+00:00,169.32,169.32,169.32,18,169.32,603,169.313483
2023-05-01 08:08:00+00:00,169.02,169.04,169.02,28,169.04,1055,169.042038
2023-05-01 08:10:00+00:00,169.0,169.01,169.0,14,169.01,755,169.015364
2023-05-01 08:11:00+00:00,169.05,169.06,169.05,12,169.06,953,169.053505
2023-05-01 08:12:00+00:00,169.0,169.1,169.0,35,169.1,3105,169.07791
2023-05-01 08:13:00+00:00,168.91,168.92,168.91,16,168.91,799,168.928223
2023-05-01 08:14:00+00:00,168.82,168.88,168.82,29,168.88,592,168.87701
2023-05-01 08:15:00+00:00,168.57,168.7,168.35,70,168.6,3224,168.52696
2023-05-01 08:17:00+00:00,168.53,168.61,168.53,13,168.61,1071,168.582428
2023-05-01 08:19:00+00:00,168.61,168.61,168.61,8,168.61,329,168.606292
2023-05-01 08:21:00+00:00,168.58,168.6,168.58,37,168.6,6264,168.598153
2023-05-01 08:29:00+00:00,168.53,168.62,168.53,13,168.62,663,168.57917
2023-05-01 08:31:00+00:00,168.51,168.51,168.51,29,168.51,705,168.519617
2023-05-01 08:34:00+00:00,168.26,168.37,168.26,31,168.37,1523,168.355187
2023-05-01 08:35:00+00:00,168.51,168.51,168.51,8,168.51,311,168.526495
2023-05-01 08:36:00+00:00,168.6,168.6,168.6,8,168.6,166,168.574157
2023-05-01 08:38:00+00:00,168.8,168.8,168.66,41,168.66,1461,168.724668
2023-05-01 08:40:00+00:00,168.7,168.7,168.7,11,168.7,309,168.776472
2023-05-01 08:46:00+00:00,168.87,168.87,168.87,7,168.87,219,168.90379
2023-05-01 08:50:00+00:00,168.97,168.97,168.97,10,168.97,341,168.970029
2023-05-01 08:51:00+00:00,168.84,168.84,168.84,3,168.84,176,168.877557
2023-05-01 08:52:00+00:00,168.96,168.96,168.93,39,168.93,2378,168.947094
2023-05-01 08:54:00+00:00,169.05,169.05,169.05,4,169.05,218,169.063945
2023-05-01 08:57:00+00:00,169.0,169.0,169.0,9,169.0,243,169.0
2023-05-01 09:03:00+00:00,169.1,169.1,169.1,9,169.1,358,169.102011
2023-05-01 09:08:00+00:00,169.15,169.17,169.15,5,169.17,214,169.160467
2023-05-01 09:10:00+00:00,169.19,169.19,169.19,4,169.19,159,169.189245
2023-05-01 09:11:00+00:00,169.19,169.19,169.19,5,169.19,437,169.189725
2023-05-01 09:12:00+00:00,169.19,169.19,169.19,8,169.19,362,169.18826
2023-05-01 09:13:00+00:00,169.17,169.17,169.17,7,169.17,552,169.169801
2023-05-01 09:14:00+00:00,169.19,169.19,169.19,7,169.19,387,169.189173
2023-05-01 09:16:00+00:00,169.17,169.17,169.17,8,169.17,340,169.164412
2023-05-01 09:17:00+00:00,169.17,169.17,169.17,12,169.17,239,169.185146
2023-05-01 09:18:00+00:00,169.17,169.17,169.17,9,169.17,445,169.170944
2023-05-01 09:20:00+00:00,169.23,169.23,169.18,19,169.18,3134,169.205954
2023-05-01 09:21:00+00:00,169.37,169.37,169.22,45,169.23,2976,169.283058
2023-05-01 09:22:00+00:00,169.3,169.3,169.3,8,169.3,210,169.303619
2023-05-01 09:24:00+00:00,169.3,169.35,169.3,25,169.35,1207,169.333993
2023-05-01 09:29:00+00:00,169.22,169.22,169.22,25,169.22,1001,169.214885
2023-05-01 09:30:00+00:00,169.15,169.24,169.15,10,169.24,1094,169.214324
2023-05-01 09:31:00+00:00,169.22,169.22,169.22,3,169.22,600,169.219167
2023-05-01 09:33:00+00:00,169.22,169.22,169.22,9,169.22,326,169.21816
2023-05-01 09:35:00+00:00,169.23,169.23,169.23,7,169.23,543,169.23
2023-05-01 09:36:00+00:00,169.23,169.23,169.23,8,169.23,223,169.230179
2023-05-01 09:37:00+00:00,169.23,169.23,169.23,11,169.23,509,169.229509
2023-05-01 09:38:00+00:00,169.0,169.02,169.0,31,169.02,1047,169.063009
2023-05-01 09:42:00+00:00,169.01,169.01,169.01,6,169.01,313,169.01
2023-05-01 09:43:00+00:00,169.01,169.01,169.01,5,169.01,109,169.01
2023-05-01 09:45:00+00:00,169.0,169.0,169.0,6,169.0,340,168.997029
2023-05-01 09:50:00+00:00,168.97,168.97,168.97,5,168.97,411,168.968613
2023-05-01 10:05:00+00:00,168.9,168.9,168.9,31,168.9,878,168.897916
2023-05-01 10:13:00+00:00,169.08,169.08,169.07,10,169.07,553,169.072098
2023-05-01 10:14:00+00:00,169.09,169.09,169.08,12,169.08,352,169.08233
2023-05-01 10:18:00+00:00,169.04,169.04,169.04,8,169.04,306,169.029673
2023-05-01 10:24:00+00:00,169.0,169.0,168.95,8,168.95,701,168.992796
2023-05-01 10:34:00+00:00,168.96,169.0,168.96,19,169.0,891,168.967407
2023-05-01 10:35:00+00:00,168.95,168.95,168.95,13,168.95,553,168.954412
2023-05-01 10:36:00+00:00,168.92,168.92,168.92,6,168.92,501,168.926467
2023-05-01 10:39:00+00:00,168.91,168.92,168.91,7,168.92,336,168.914018
2023-05-01 10:40:00+00:00,168.77,168.9,168.77,22,168.9,540,168.847907
2023-05-01 10:52:00+00:00,168.85,168.85,168.85,5,168.85,356,168.851236
2023-05-01 11:00:00+00:00,169.11,169.11,168.95,187,168.95,7633,169.030332
2023-05-01 11:01:00+00:00,169.16,169.19,169.1,44,169.1,2652,169.147474
2023-05-01 11:02:00+00:00,169.15,169.18,169.15,33,169.16,1474,169.172191
2023-05-01 11:05:00+00:00,169.23,169.23,169.2,34,169.2,2315,169.205261
2023-05-01 11:06:00+00:00,169.25,169.29,169.25,88,169.25,3853,169.266719
2023-05-01 11:07:00+00:00,169.2,169.21,169.2,40,169.21,2278,169.211488
2023-05-01 11:08:00+00:00,169.2,169.2,169.2,14,169.2,815,169.206344
2023-05-01 11:10:00+00:00,169.29,169.29,169.27,20,169.27,1027,169.27517
2023-05-01 11:11:00+00:00,169.3,169.3,169.3,12,169.3,474,169.298565
2023-05-01 11:12:00+00:00,169.24,169.29,169.24,9,169.29,360,169.253722
2023-05-01 11:13:00+00:00,169.19,169.29,169.19,48,169.29,2596,169.225539
2023-05-01 11:14:00+00:00,169.16,169.16,169.16,4,169.16,111,169.163964
2023-05-01 11:15:00+00:00,169.1,169.16,169.1,34,169.16,3820,169.115293
2023-05-01 11:21:00+00:00,169.19,169.19,169.19,15,169.19,638,169.189953
2023-05-01 11:23:00+00:00,169.17,169.17,169.17,7,169.17,260,169.175769
2023-05-01 11:27:00+00:00,169.2,169.2,169.19,33,169.19,1814,169.193186
2023-05-01 11:28:00+00:00,169.2,169.2,169.2,24,169.2,1258,169.2
2023-05-01 11:29:00+00:00,169.19,169.19,169.19,12,169.19,1711,169.190579
2023-05-01 11:32:00+00:00,169.14,169.14,169.14,8,169.14,611,169.137169
2023-05-01 11:33:00+00:00,169.14,169.14,169.14,10,169.14,651,169.141137
2023-05-01 11:35:00+00:00,169.17,169.17,169.17,24,169.17,1423,169.167625
2023-05-01 11:36:00+00:00,169.2,169.2,169.2,27,169.2,4236,169.19882
2023-05-01 11:37:00+00:00,169.2,169.2,169.2,12,169.2,492,169.199593
2023-05-01 11:39:00+00:00,169.2,169.2,169.2,10,169.2,686,169.196297
2023-05-01 11:40:00+00:00,169.2,169.21,169.19,53,169.19,5090,169.19933
2023-05-01 11:41:00+00:00,169.12,169.2,169.11,42,169.2,2803,169.158106
2023-05-01 11:42:00+00:00,169.0,169.13,168.98,168,169.13,10415,169.027967
2023-05-01 11:43:00+00:00,169.0,169.0,168.99,31,169.0,3541,168.996453
2023-05-01 11:44:00+00:00,169.0,169.0,169.0,14,169.0,714,169.0
2023-05-01 11:45:00+00:00,169.0,169.03,169.0,56,169.0,7080,169.005798
2023-05-01 11:46:00+00:00,168.93,168.98,168.93,47,168.98,1626,168.958137
2023-05-01 11:47:00+00:00,168.98,169.0,168.98,46,169.0,1434,168.994421
2023-05-01 11:49:00+00:00,168.99,168.99,168.99,82,168.99,2414,168.964635
2023-05-01 11:50:00+00:00,169.0,169.0,168.99,25,168.99,1350,168.993881
2023-05-01 11:51:00+00:00,168.99,169.0,168.99,18,169.0,841,168.995707
2023-05-01 11:52:00+00:00,168.98,168.98,168.98,17,168.98,588,168.978248
2023-05-01 11:54:00+00:00,169.0,169.0,168.96,79,168.96,6333,168.981405
2023-05-01 11:55:00+00:00,168.97,168.97,168.95,50,168.97,1952,168.967623
2023-05-01 11:58:00+00:00,168.94,168.97,168.94,14,168.97,1461,168.965291
2023-05-01 12:00:00+00:00,169.0,169.3789,168.93,498,169.15,45863,169.113948
2023-05-01 12:01:00+00:00,168.92,169.0283,168.92,531,169.0283,7166,169.005448
2023-05-01 12:02:00+00:00,169.1,169.1,168.91,207,168.91,4069,168.98966
2023-05-01 12:03:00+00:00,169.1,169.11,169.08,238,169.08,4440,169.106676
2023-05-01 12:04:00+00:00,169.1,169.11,169.1,50,169.1,2985,169.142806
2023-05-01 12:05:00+00:00,169.12,169.12,169.0816,43,169.0816,1184,169.113751
2023-05-01 12:06:00+00:00,169.11,169.11,169.1,28,169.1,947,169.104473
2023-05-01 12:07:00+00:00,169.12,169.12,169.1,61,169.1101,3934,169.105217
2023-05-01 12:08:00+00:00,169.11,169.16,169.11,26,169.16,779,169.141932
2023-05-01 12:10:00+00:00,169.12,169.1589,169.11,28,169.1589,1793,169.141159
2023-05-01 12:11:00+00:00,169.12,169.16,169.12,32,169.13,1748,169.133949
2023-05-01 12:12:00+00:00,169.16,169.16,169.1201,56,169.1565,1835,169.146861
2023-05-01 12:13:00+00:00,169.19,169.19,169.16,64,169.16,2176,169.176249
2023-05-01 12:14:00+00:00,169.11,169.1995,169.1,68,169.1995,4849,169.121822
2023-05-01 12:15:00+00:00,168.99,169.06,168.96,79,169.06,3437,169.009926
2023-05-01 12:16:00+00:00,169.0,169.0108,169.0,47,169.0108,2840,169.006888
2023-05-01 12:17:00+00:00,168.95,169.0,168.95,46,169.0,2379,168.976829
2023-05-01 12:18:00+00:00,168.89,168.96,168.88,117,168.96,7269,168.917204
2023-05-01 12:19:00+00:00,168.96,168.96,168.96,22,168.96,475,168.932701
2023-05-01 12:20:00+00:00,169.03,169.03,169.03,28,169.03,1329,169.026293
2023-05-01 12:21:00+00:00,168.93,169.03,168.92,87,169.03,3833,168.964336
2023-05-01 12:22:00+00:00,169.03,169.03,168.92,75,168.92,2972,168.992429
2023-05-01 12:23:00+00:00,169.01,169.03,168.98,88,169.03,3754,169.021481
2023-05-01 12:24:00+00:00,169.06,169.06,169.04,35,169.04,876,169.060352
2023-05-01 12:25:00+00:00,169.07,169.1,169.07,20,169.1,480,169.087894
2023-05-01 12:26:00+00:00,169.1,169.1,169.1,33,169.1,1097,169.101597
2023-05-01 12:27:00+00:00,169.07,169.09,169.07,52,169.09,2128,169.078288
2023-05-01 12:29:00+00:00,169.09,169.09,169.09,19,169.09,283,169.10757
2023-05-01 12:30:00+00:00,169.07,169.09,169.07,53,169.08,3094,169.078591
2023-05-01 12:31:00+00:00,169.06,169.06,169.06,32,169.06,862,169.071959
2023-05-01 12:32:00+00:00,169.04,169.04,169.04,39,169.04,2204,169.048235
2023-05-01 12:33:00+00:00,169.11,169.11,169.1,38,169.1,1052,169.106742
2023-05-01 12:34:00+00:00,169.13,169.13,169.13,17,169.13,388,169.12624
2023-05-01 12:35:00+00:00,169.14,169.14,169.1,74,169.1,4238,169.127719
2023-05-01 12:36:00+00:00,169.22,169.22,169.2,43,169.2,1302,169.200991
2023-05-01 12:37:00+00:00,169.28,169.29,169.22,61,169.22,2735,169.258457
2023-05-01 12:38:00+00:00,169.3307,169.3798,169.3,106,169.3,5724,169.341508
2023-05-01 12:39:00+00:00,169.33,169.36,169.32,51,169.36,4250,169.330784
2023-05-01 12:40:00+00:00,169.32,169.34,169.32,51,169.34,1167,169.334147
2023-05-01 12:41:00+00:00,169.45,169.45,169.36,95,169.37,2326,169.392661
2023-05-01 12:42:00+00:00,169.45,169.45,169.42,67,169.42,2875,169.431377
2023-05-01 12:43:00+00:00,169.41,169.43,169.4,57,169.43,6463,169.424237
2023-05-01 12:44:00+00:00,169.48,169.48,169.41,39,169.41,2313,169.449621
2023-05-01 12:45:00+00:00,169.3,169.48,169.3,83,169.4769,11900,169.348135
2023-05-01 12:46:00+00:00,169.38,169.4,169.35,71,169.35,3051,169.363368
2023-05-01 12:47:00+00:00,169.35,169.39,169.35,64,169.39,3112,169.35705
2023-05-01 12:48:00+00:00,169.34,169.3403,169.34,22,169.3403,537,169.342898
2023-05-01 12:49:00+00:00,169.34,169.35,169.34,41,169.35,1445,169.343664
2023-05-01 12:50:00+00:00,169.36,169.36,169.31,31,169.31,923,169.332209
2023-05-01 12:51:00+00:00,169.36,169.37,169.35,53,169.35,2354,169.356535
2023-05-01 12:52:00+00:00,169.42,169.43,169.38,90,169.38,4870,169.414345
2023-05-01 12:53:00+00:00,169.39,169.48,169.36,122,169.44,14591,169.463196
2023-05-01 12:54:00+00:00,169.37,169.41,169.37,48,169.38,2297,169.38376
2023-05-01 12:55:00+00:00,169.4499,169.4499,169.37,45,169.37,1779,169.411381
2023-05-01 12:56:00+00:00,169.43,169.43,169.43,40,169.43,865,169.419367
2023-05-01 12:58:00+00:00,169.4,169.4,169.4,20,169.4,616,169.406784
2023-05-01 12:59:00+00:00,169.49,169.49,169.4,53,169.4,2638,169.442141
2023-05-01 13:00:00+00:00,169.45,169.4762,169.45,64,169.46,5056,169.452878
2023-05-01 13:01:00+00:00,169.4,169.4014,169.35,127,169.4,7454,169.394597
2023-05-01 13:02:00+00:00,169.46,169.49,169.41,67,169.41,18095,169.449973
2023-05-01 13:03:00+00:00,169.49,169.58,169.49,293,169.49,12535,169.527162
2023-05-01 13:04:00+00:00,169.5,169.5,169.46,32,169.46,728,169.480488
2023-05-01 13:05:00+00:00,169.45,169.45,169.45,63,169.45,1517,169.445772
2023-05-01 13:06:00+00:00,169.31,169.38,169.31,151,169.38,9246,169.334993
2023-05-01 13:07:00+00:00,169.36,169.36,169.3,36,169.3,1142,169.345903
2023-05-01 13:08:00+00:00,169.2815,169.32,169.2815,55,169.32,2312,169.304202
2023-05-01 13:09:00+00:00,169.3847,169.3847,169.31,78,169.31,1475,169.354653
2023-05-01 13:10:00+00:00,169.4,169.4,169.26,116,169.34,6043,169.314811
2023-05-01 13:11:00+00:00,169.34,169.39,169.34,57,169.39,2099,169.356962
2023-05-01 13:12:00+00:00,169.3593,169.3593,169.27,66,169.27,3169,169.303768
2023-05-01 13:13:00+00:00,169.36,169.37,169.35,82,169.35,5152,169.356079
2023-05-01 13:14:00+00:00,169.36,169.36,169.35,57,169.36,1864,169.358264
2023-05-01 13:15:00+00:00,169.26,169.35,169.26,32,169.35,1346,169.318536
2023-05-01 13:16:00+00:00,169.32,169.35,169.28,30,169.31,1792,169.319187
2023-05-01 13:17:00+00:00,169.2619,169.31,169.2619,43,169.31,3656,169.29821
2023-05-01 13:18:00+00:00,169.32,169.4,169.3,99,169.3,6908,169.356425
2023-05-01 13:19:00+00:00,169.27,169.35,169.27,88,169.35,3181,169.323951
2023-05-01 13:20:00+00:00,169.32,169.32,169.3,32,169.3,1563,169.301952
2023-05-01 13:21:00+00:00,169.28,169.32,169.28,63,169.32,3799,169.294314
2023-05-01 13:22:00+00:00,169.279,169.279,169.25,39,169.25,3534,169.267433
2023-05-01 13:23:00+00:00,169.19,169.25,169.15,156,169.25,8582,169.212664
2023-05-01 13:24:00+00:00,169.16,169.19,169.15,39,169.15,1848,169.171893
2023-05-01 13:25:00+00:00,169.12,169.19,169.0,130,169.16,7120,169.105509
2023-05-01 13:26:00+00:00,169.15,169.22,169.11,102,169.13,7269,169.163094
2023-05-01 13:27:00+00:00,169.21,169.22,169.14,92,169.15,8237,169.182886
2023-05-01 13:28:00+00:00,169.25,169.29,169.2,71,169.2,2981,169.251003
2023-05-01 13:29:00+00:00,169.29,169.48,169.25,125,169.25,8979,169.29598
2023-05-01 13:30:00+00:00,169.8236,169.85,169.28,9600,169.28,1422421,169.480206
2023-05-01 13:31:00+00:00,169.6415,169.92,169.55,3378,169.83,304499,169.721888
2023-05-01 13:32:00+00:00,169.75,169.7806,169.56,2382,169.65,232898,169.678859
2023-05-01 13:33:00+00:00,169.6,169.87,169.6,2271,169.75,192009,169.715155
2023-05-01 13:34:00+00:00,169.439,169.71,169.4037,2608,169.62,251297,169.579693
2023-05-01 13:35:00+00:00,169.08,169.5,169.03,3148,169.43,312716,169.16832
2023-05-01 13:36:00+00:00,169.17,169.3071,169.09,1862,169.09,198023,169.224697
2023-05-01 13:37:00+00:00,169.11,169.26,169.05,1836,169.19,136405,169.139927
2023-05-01 13:38:00+00:00,169.28,169.425,169.15,2115,169.15,233206,169.303974
2023-05-01 13:39:00+00:00,169.47,169.49,169.27,2036,169.27,184138,169.394195
2023-05-01 13:40:00+00:00,169.6215,169.68,169.41,2665,169.47,254543,169.541705
2023-05-01 13:41:00+00:00,169.93,169.99,169.6201,3391,169.6475,380161,169.849605
2023-05-01 13:42:00+00:00,169.96,169.99,169.92,2438,169.9201,259172,169.956931
2023-05-01 13:43:00+00:00,169.9899,170.0,169.91,2393,169.959,271584,169.964864
2023-05-01 13:44:00+00:00,170.0,170.0,169.9,2310,169.98,254067,169.94658
2023-05-01 13:45:00+00:00,169.93,170.0,169.84,2211,169.99,258163,169.940778
2023-05-01 13:46:00+00:00,169.97,169.98,169.82,2575,169.9335,187658,169.901602
2023-05-01 13:47:00+00:00,169.98,170.0,169.95,4341,169.965,255490,169.983076
2023-05-01 13:48:00+00:00,169.975,170.0,169.95,4056,169.9799,203796,169.980333
2023-05-01 13:49:00+00:00,169.9383,170.0,169.86,4334,169.9787,217109,169.963121
2023-05-01 13:50:00+00:00,169.89,169.965,169.81,4392,169.94,198341,169.874027
2023-05-01 13:51:00+00:00,169.8919,169.9,169.805,3894,169.8825,156270,169.86211
2023-05-01 13:52:00+00:00,170.1553,170.19,169.89,17568,169.9,1649509,170.027259
2023-05-01 13:53:00+00:00,169.95,170.29,169.91,6380,170.1509,388452,170.141046
2023-05-01 13:54:00+00:00,169.8299,169.95,169.66,5299,169.94,288777,169.806748
2023-05-01 13:55:00+00:00,169.6788,169.87,169.67,4213,169.83,191705,169.780561
2023-05-01 13:56:00+00:00,169.6899,169.77,169.57,4286,169.68,198220,169.657983
2023-05-01 13:57:00+00:00,169.665,169.7151,169.61,3708,169.685,124962,169.662248
2023-05-01 13:58:00+00:00,169.55,169.69,169.5,3664,169.68,122686,169.583137
2023-05-01 13:59:00+00:00,169.48,169.55,169.44,3428,169.55,113930,169.507969
2023-05-01 14:00:00+00:00,169.43,169.5,169.26,4019,169.47,205135,169.373572
2023-05-01 14:01:00+00:00,169.38,169.43,169.29,3571,169.43,143168,169.346264
2023-05-01 14:02:00+00:00,169.55,169.57,169.39,3568,169.39,141972,169.514782
2023-05-01 14:03:00+00:00,169.53,169.6,169.48,3584,169.56,117594,169.54607
2023-05-01 14:04:00+00:00,169.43,169.58,169.41,3341,169.58,78002,169.487658
2023-05-01 14:05:00+00:00,169.45,169.4899,169.321,3978,169.4255,128286,169.398025
2023-05-01 14:06:00+00:00,169.44,169.4601,169.35,3622,169.445,79264,169.404219
2023-05-01 14:07:00+00:00,169.3928,169.4999,169.32,3312,169.4799,106728,169.417381
2023-05-01 14:08:00+00:00,169.48,169.49,169.38,3342,169.41,93929,169.431372
2023-05-01 14:09:00+00:00,169.5634,169.58,169.4119,3280,169.485,119620,169.474665
2023-05-01 14:10:00+00:00,169.55,169.62,169.49,3231,169.57,99570,169.551691
2023-05-01 14:11:00+00:00,169.4601,169.56,169.38,3350,169.5513,103158,169.44618
2023-05-01 14:12:00+00:00,169.475,169.55,169.4388,3078,169.465,75858,169.507276
2023-05-01 14:13:00+00:00,169.4799,169.5174,169.45,2830,169.47,47765,169.479399
2023-05-01 14:14:00+00:00,169.45,169.49,169.4,2976,169.4787,78136,169.443723
2023-05-01 14:15:00+00:00,169.53,169.545,169.3901,3126,169.43,90576,169.475856
2023-05-01 14:16:00+00:00,169.55,169.67,169.52,3582,169.54,179687,169.598737
2023-05-01 14:17:00+00:00,169.605,169.61,169.5201,2853,169.56,72335,169.567379
2023-05-01 14:18:00+00:00,169.54,169.61,169.52,2782,169.61,68833,169.554187
2023-05-01 14:19:00+00:00,169.39,169.5689,169.35,3188,169.545,95680,169.4317
2023-05-01 14:20:00+00:00,169.37,169.41,169.33,3008,169.38,92274,169.368933
2023-05-01 14:21:00+00:00,169.28,169.43,169.26,3547,169.36,151470,169.333745
2023-05-01 14:22:00+00:00,169.3423,169.3499,169.17,3708,169.27,188894,169.248495
2023-05-01 14:23:00+00:00,169.1855,169.39,169.18,3840,169.34,171113,169.276655
2023-05-01 14:24:00+00:00,169.16,169.19,169.07,3741,169.19,157271,169.133827
2023-05-01 14:25:00+00:00,169.06,169.19,169.045,3334,169.15,129788,169.106863
2023-05-01 14:26:00+00:00,169.1,169.155,169.0401,3140,169.05,134240,169.094412
2023-05-01 14:27:00+00:00,169.2,169.21,169.08,3088,169.09,128709,169.140229
2023-05-01 14:28:00+00:00,169.0712,169.2,169.07,3239,169.2,97484,169.108519
2023-05-01 14:29:00+00:00,169.045,169.1099,169.02,3355,169.075,110534,169.051902
2023-05-01 14:30:00+00:00,169.013,169.11,168.99,4464,169.045,198645,169.039472
2023-05-01 14:31:00+00:00,168.88,169.0253,168.87,3965,169.01,215054,168.963786
2023-05-01 14:32:00+00:00,169.1301,169.1468,168.85,3314,168.885,178865,169.022422
2023-05-01 14:33:00+00:00,169.1412,169.16,169.1001,3172,169.14,88386,169.128129
2023-05-01 14:34:00+00:00,168.9999,169.16,168.955,2384,169.14,93279,169.043281
2023-05-01 14:35:00+00:00,168.93,169.0,168.92,1091,168.9985,83112,168.966087
2023-05-01 14:36:00+00:00,168.935,168.985,168.89,1391,168.93,103034,168.927545
2023-05-01 14:37:00+00:00,168.875,168.99,168.87,1452,168.93,103912,168.916277
2023-05-01 14:38:00+00:00,168.77,168.8828,168.76,1626,168.87,128451,168.821774
2023-05-01 14:39:00+00:00,168.74,168.79,168.71,1330,168.77,123184,168.748299
2023-05-01 14:40:00+00:00,168.66,168.78,168.65,1594,168.735,142148,168.702024
2023-05-01 14:41:00+00:00,168.76,168.8254,168.64,1370,168.64,140092,168.752166
2023-05-01 14:42:00+00:00,168.81,168.82,168.7,1223,168.76,133036,168.744252
2023-05-01 14:43:00+00:00,168.6887,168.86,168.68,1141,168.815,113984,168.767118
2023-05-01 14:44:00+00:00,168.83,168.86,168.68,1072,168.685,85355,168.77398
2023-05-01 14:45:00+00:00,168.9,168.93,168.82,1204,168.82,129009,168.88888
2023-05-01 14:46:00+00:00,169.12,169.18,168.9,1946,168.92,247355,169.055749
2023-05-01 14:47:00+00:00,169.1301,169.197,169.08,930,169.1281,91869,169.137543
2023-05-01 14:48:00+00:00,169.155,169.16,169.09,737,169.135,50010,169.127693
2023-05-01 14:49:00+00:00,169.285,169.285,169.13,1242,169.1501,129043,169.205636
2023-05-01 14:50:00+00:00,169.2204,169.33,169.19,1401,169.285,131079,169.263215
2023-05-01 14:51:00+00:00,169.31,169.3166,169.18,852,169.2095,82367,169.232535
2023-05-01 14:52:00+00:00,169.285,169.35,169.27,928,169.32,116494,169.304857
2023-05-01 14:53:00+00:00,169.3199,169.3199,169.22,863,169.28,73469,169.269264
2023-05-01 14:54:00+00:00,169.38,169.43,169.31,1093,169.31,106746,169.385368
2023-05-01 14:55:00+00:00,169.4216,169.4299,169.34,905,169.38,92230,169.38353
2023-05-01 14:56:00+00:00,169.485,169.4877,169.425,962,169.43,97836,169.45678
2023-05-01 14:57:00+00:00,169.47,169.5294,169.43,961,169.485,95468,169.484228
2023-05-01 14:58:00+00:00,169.4999,169.56,169.465,954,169.475,123743,169.512916
2023-05-01 14:59:00+00:00,169.5199,169.558,169.4957,709,169.5,66585,169.528569
2023-05-01 15:00:00+00:00,169.54,169.56,169.51,712,169.515,66783,169.534636
2023-05-01 15:01:00+00:00,169.645,169.65,169.5,1311,169.54,137747,169.581977
2023-05-01 15:02:00+00:00,169.6399,169.66,169.58,989,169.64,100444,169.617873
2023-05-01 15:03:00+00:00,169.61,169.675,169.5983,766,169.63,109088,169.636327
2023-05-01 15:04:00+00:00,169.5983,169.61,169.5,1219,169.61,153272,169.560046
2023-05-01 15:05:00+00:00,169.67,169.67,169.54,814,169.59,100188,169.59259
2023-05-01 15:06:00+00:00,169.728,169.7399,169.6488,1090,169.665,110839,169.681953
2023-05-01 15:07:00+00:00,169.7904,169.8,169.664,1201,169.735,123303,169.73039
2023-05-01 15:08:00+00:00,169.7101,169.83,169.71,995,169.7912,118035,169.788579
2023-05-01 15:09:00+00:00,169.71,169.7713,169.7087,740,169.72,91674,169.740414
2023-05-01 15:10:00+00:00,169.62,169.73,169.55,1657,169.72,184345,169.63531
2023-05-01 15:11:00+00:00,169.6597,169.72,169.62,855,169.6347,83188,169.668784
2023-05-01 15:12:00+00:00,169.5598,169.6587,169.55,910,169.65,94330,169.604619
2023-05-01 15:13:00+00:00,169.4379,169.57,169.43,1154,169.5501,112483,169.497287
2023-05-01 15:14:00+00:00,169.365,169.4301,169.32,1289,169.43,119098,169.375435
2023-05-01 15:15:00+00:00,169.12,169.37,169.1125,1552,169.35,143430,169.255405
2023-05-01 15:16:00+00:00,168.99,169.1501,168.93,1679,169.115,183145,169.034334
2023-05-01 15:17:00+00:00,168.99,169.07,168.97,1103,168.98,141174,169.085529
2023-05-01 15:18:00+00:00,168.99,169.03,168.98,991,168.9999,118573,169.002639
2023-05-01 15:19:00+00:00,169.055,169.07,168.97,742,168.99,67195,169.029092
2023-05-01 15:20:00+00:00,169.2683,169.2683,169.005,1046,169.055,108431,169.109372
2023-05-01 15:21:00+00:00,169.21,169.33,169.2,1010,169.27,123963,169.270613
2023-05-01 15:22:00+00:00,169.105,169.21,169.1,727,169.205,61394,169.152385
2023-05-01 15:23:00+00:00,169.085,169.1598,169.04,784,169.105,75240,169.0939
2023-05-01 15:24:00+00:00,169.05,169.09,169.01,902,169.09,90743,169.041979
2023-05-01 15:25:00+00:00,169.02,169.075,169.0,875,169.04,77683,169.03115
2023-05-01 15:26:00+00:00,169.1789,169.1999,169.0,1115,169.02,114487,169.097753
2023-05-01 15:27:00+00:00,169.15,169.23,169.15,743,169.18,75808,169.194055
2023-05-01 15:28:00+00:00,169.16,169.1968,169.0904,590,169.155,54742,169.143845
2023-05-01 15:29:00+00:00,169.13,169.21,169.13,673,169.16,61422,169.176081
2023-05-01 15:30:00+00:00,169.12,169.14,169.051,868,169.14,93271,169.098076
2023-05-01 15:31:00+00:00,169.1588,169.2177,169.1201,811,169.13,75053,169.171528
2023-05-01 15:32:00+00:00,169.14,169.2077,169.11,770,169.15,82362,169.163536
2023-05-01 15:33:00+00:00,169.165,169.1843,169.11,520,169.13,36804,169.148996
2023-05-01 15:34:00+00:00,169.19,169.2,169.12,599,169.16,50815,169.166161
2023-05-01 15:35:00+00:00,169.2815,169.29,169.15,782,169.18,76185,169.214302
2023-05-01 15:36:00+00:00,169.3301,169.3386,169.2401,928,169.2787,91803,169.290792
2023-05-01 15:37:00+00:00,169.3684,169.39,169.31,699,169.3335,60788,169.348709
2023-05-01 15:38:00+00:00,169.315,169.37,169.29,666,169.3609,66911,169.332402
2023-05-01 15:39:00+00:00,169.2901,169.33,169.28,512,169.31,50859,169.299433
2023-05-01 15:40:00+00:00,169.255,169.3,169.2,721,169.2905,73890,169.235301
2023-05-01 15:41:00+00:00,169.3201,169.42,169.25,770,169.255,82788,169.355986
2023-05-01 15:42:00+00:00,169.4397,169.4397,169.29,664,169.31,80608,169.359838
2023-05-01 15:43:00+00:00,169.4887,169.5,169.4235,682,169.44,58776,169.457365
2023-05-01 15:44:00+00:00,169.55,169.5699,169.48,798,169.4899,82610,169.514315
2023-05-01 15:45:00+00:00,169.53,169.57,169.5,708,169.55,86978,169.538065
2023-05-01 15:46:00+00:00,169.52,169.57,169.465,665,169.53,70950,169.506806
2023-05-01 15:47:00+00:00,169.4708,169.54,169.47,474,169.52,45513,169.51196
2023-05-01 15:48:00+00:00,169.525,169.56,169.46,645,169.479,64451,169.519972
2023-05-01 15:49:00+00:00,169.555,169.58,169.49,687,169.52,59672,169.536303
2023-05-01 15:50:00+00:00,169.5,169.5599,169.48,647,169.55,71625,169.528902
2023-05-01 15:51:00+00:00,169.59,169.61,169.47,767,169.505,72255,169.538266
2023-05-01 15:52:00+00:00,169.65,169.66,169.56,761,169.5965,72121,169.621404
2023-05-01 15:53:00+00:00,169.6775,169.69,169.635,647,169.6569,73229,169.664674
2023-05-01 15:54:00+00:00,169.665,169.69,169.62,608,169.67,55010,169.652878
2023-05-01 15:55:00+00:00,169.605,169.67,169.57,704,169.67,61891,169.62176
2023-05-01 15:56:00+00:00,169.63,169.65,169.6,492,169.6,35699,169.622518
2023-05-01 15:57:00+00:00,169.64,169.68,169.615,664,169.64,62977,169.64771
2023-05-01 15:58:00+00:00,169.62,169.69,169.61,687,169.6414,55955,169.654312
2023-05-01 15:59:00+00:00,169.65,169.66,169.59,628,169.62,49738,169.632471
2023-05-01 16:00:00+00:00,169.675,169.6776,169.5801,626,169.6304,72414,169.625105
2023-05-01 16:01:00+00:00,169.85,169.85,169.6713,1078,169.675,128406,169.752099
2023-05-01 16:02:00+00:00,169.975,169.98,169.84,1418,169.8401,194481,169.926039
2023-05-01 16:03:00+00:00,169.8841,169.99,169.87,1051,169.9701,146582,169.937373
2023-05-01 16:04:00+00:00,169.9058,169.94,169.87,704,169.88,68965,169.907077
2023-05-01 16:05:00+00:00,169.9374,169.97,169.9,878,169.9014,79560,169.937413
2023-05-01 16:06:00+00:00,169.87,169.93,169.85,612,169.93,50185,169.883368
2023-05-01 16:07:00+00:00,169.955,169.96,169.85,724,169.871,68132,169.909137
2023-05-01 16:08:00+00:00,169.91,169.95,169.91,744,169.95,69981,169.929728
2023-05-01 16:09:00+00:00,170.0222,170.07,169.91,3698,169.92,366261,170.003294
2023-05-01 16:10:00+00:00,170.16,170.19,170.03,1843,170.03,214716,170.107587
2023-05-01 16:11:00+00:00,170.045,170.16,170.02,777,170.16,74746,170.086936
2023-05-01 16:12:00+00:00,169.995,170.06,169.96,844,170.04,71129,170.008161
2023-05-01 16:13:00+00:00,169.9802,170.0,169.96,1041,169.98,127539,169.988513
2023-05-01 16:14:00+00:00,169.99,170.0,169.958,558,169.99,56838,169.975971
2023-05-01 16:15:00+00:00,169.905,169.985,169.89,1000,169.98,102699,169.939892
2023-05-01 16:16:00+00:00,169.8604,169.95,169.86,855,169.9,85267,169.906496
2023-05-01 16:17:00+00:00,169.9489,169.97,169.8404,852,169.86,87297,169.899929
2023-05-01 16:18:00+00:00,169.86,169.945,169.86,692,169.945,69146,169.902538
2023-05-01 16:19:00+00:00,169.895,169.945,169.86,544,169.8611,59848,169.900993
2023-05-01 16:20:00+00:00,169.91,169.9499,169.87,572,169.9,50029,169.912369
2023-05-01 16:21:00+00:00,169.9501,169.97,169.9,501,169.905,53858,169.944795
2023-05-01 16:22:00+00:00,169.89,169.98,169.87,686,169.96,60612,169.917163
2023-05-01 16:23:00+00:00,169.95,169.96,169.88,533,169.89,39862,169.917878
2023-05-01 16:24:00+00:00,169.971,169.99,169.94,507,169.9522,38032,169.974739
2023-05-01 16:25:00+00:00,169.905,169.99,169.905,671,169.975,74134,169.953462
2023-05-01 16:26:00+00:00,169.955,169.96,169.8729,516,169.9,38389,169.914887
2023-05-01 16:27:00+00:00,169.9396,169.98,169.9396,537,169.96,50946,169.961966
2023-05-01 16:28:00+00:00,169.985,170.0,169.9301,619,169.9301,63447,169.979861
2023-05-01 16:29:00+00:00,169.975,170.0,169.97,942,169.985,87316,169.991936
2023-05-01 16:30:00+00:00,170.09,170.09,169.985,1108,169.985,91571,170.043275
2023-05-01 16:31:00+00:00,170.235,170.235,170.08,1816,170.09,191211,170.174507
2023-05-01 16:32:00+00:00,170.1986,170.25,170.14,1119,170.235,130799,170.195346
2023-05-01 16:33:00+00:00,170.185,170.21,170.16,675,170.1914,61943,170.186869
2023-05-01 16:34:00+00:00,170.175,170.2,170.1602,543,170.1801,60078,170.178178
2023-05-01 16:35:00+00:00,170.165,170.21,170.12,863,170.18,85395,170.160259
2023-05-01 16:36:00+00:00,170.1507,170.2,170.15,595,170.1603,59001,170.174498
2023-05-01 16:37:00+00:00,170.14,170.178,170.12,597,170.1599,55155,170.143618
2023-05-01 16:38:00+00:00,170.2047,170.21,170.13,665,170.13,62528,170.181723
2023-05-01 16:39:00+00:00,170.2583,170.33,170.2001,1711,170.2001,193697,170.278357
2023-05-01 16:40:00+00:00,170.2301,170.285,170.22,757,170.268,71877,170.247658
2023-05-01 16:41:00+00:00,170.22,170.235,170.175,756,170.2312,85120,170.203954
2023-05-01 16:42:00+00:00,170.25,170.25,170.2,600,170.239,58379,170.230022
2023-05-01 16:43:00+00:00,170.24,170.28,170.226,636,170.255,69247,170.246195
2023-05-01 16:44:00+00:00,170.2389,170.2597,170.21,847,170.2389,78016,170.233038
2023-05-01 16:45:00+00:00,170.23,170.255,170.215,766,170.24,58545,170.231172
2023-05-01 16:46:00+00:00,170.17,170.2299,170.13,817,170.22,91131,170.178743
2023-05-01 16:47:00+00:00,170.1214,170.17,170.09,812,170.165,62796,170.129378
2023-05-01 16:48:00+00:00,170.145,170.18,170.125,565,170.13,39057,170.151246
2023-05-01 16:49:00+00:00,170.18,170.205,170.1444,587,170.145,65926,170.180551
2023-05-01 16:50:00+00:00,170.2899,170.29,170.17,842,170.179,78381,170.230508
2023-05-01 16:51:00+00:00,170.24,170.3,170.24,682,170.2818,67450,170.26176
2023-05-01 16:52:00+00:00,170.2884,170.3,170.23,656,170.2435,68219,170.260274
2023-05-01 16:53:00+00:00,170.34,170.34,170.285,985,170.29,92132,170.30448
2023-05-01 16:54:00+00:00,170.366,170.38,170.335,883,170.34,92693,170.361956
2023-05-01 16:55:00+00:00,170.3001,170.38,170.3001,948,170.3699,111857,170.344246
2023-05-01 16:56:00+00:00,170.285,170.35,170.28,869,170.3079,71983,170.316096
2023-05-01 16:57:00+00:00,170.3352,170.34,170.28,748,170.285,118169,170.314402
2023-05-01 16:58:00+00:00,170.41,170.41,170.32,987,170.335,92234,170.357304
2023-05-01 16:59:00+00:00,170.35,170.42,170.34,851,170.415,103798,170.383089
2023-05-01 17:00:00+00:00,170.34,170.36,170.29,733,170.3577,59780,170.320972
2023-05-01 17:01:00+00:00,170.3001,170.34,170.27,758,170.33,68502,170.2982
2023-05-01 17:02:00+00:00,170.315,170.38,170.3,876,170.3022,93896,170.346907
2023-05-01 17:03:00+00:00,170.3,170.32,170.26,725,170.31,86358,170.287631
2023-05-01 17:04:00+00:00,170.25,170.315,170.24,625,170.31,67446,170.264192
2023-05-01 17:05:00+00:00,170.3367,170.34,170.24,781,170.2401,76666,170.288822
2023-05-01 17:06:00+00:00,170.315,170.34,170.285,521,170.335,37411,170.311336
2023-05-01 17:07:00+00:00,170.32,170.355,170.29,688,170.315,64729,170.323034
2023-05-01 17:08:00+00:00,170.3,170.35,170.2841,559,170.32,45794,170.314644
2023-05-01 17:09:00+00:00,170.215,170.3099,170.2,735,170.305,87535,170.236192
2023-05-01 17:10:00+00:00,170.262,170.27,170.205,575,170.2102,47689,170.2321
2023-05-01 17:11:00+00:00,170.225,170.27,170.22,531,170.2601,37836,170.241812
2023-05-01 17:12:00+00:00,170.245,170.26,170.22,487,170.23,29972,170.241695
2023-05-01 17:13:00+00:00,170.35,170.36,170.2301,1006,170.245,113149,170.302001
2023-05-01 17:14:00+00:00,170.3117,170.3499,170.29,661,170.345,49274,170.326408
2023-05-01 17:15:00+00:00,170.36,170.3693,170.3002,617,170.31,66960,170.337931
2023-05-01 17:16:00+00:00,170.4345,170.45,170.35,1105,170.35,119343,170.404683
2023-05-01 17:17:00+00:00,170.435,170.45,170.4089,857,170.435,78024,170.427039
2023-05-01 17:18:00+00:00,170.285,170.445,170.27,836,170.44,101469,170.358785
2023-05-01 17:19:00+00:00,170.205,170.285,170.165,1023,170.285,187324,170.235909
2023-05-01 17:20:00+00:00,170.22,170.24,170.17,1001,170.205,124774,170.196359
2023-05-01 17:21:00+00:00,170.17,170.23,170.17,683,170.225,72882,170.195881
2023-05-01 17:22:00+00:00,170.1906,170.21,170.17,763,170.175,85538,170.192075
2023-05-01 17:23:00+00:00,170.1621,170.2,170.15,624,170.195,64412,170.173896
2023-05-01 17:24:00+00:00,170.24,170.27,170.165,716,170.1687,91907,170.224398
2023-05-01 17:25:00+00:00,170.345,170.35,170.2418,919,170.2418,126245,170.311111
2023-05-01 17:26:00+00:00,170.2229,170.37,170.21,794,170.35,88993,170.309836
2023-05-01 17:27:00+00:00,170.14,170.23,170.14,727,170.225,102428,170.180168
2023-05-01 17:28:00+00:00,170.175,170.195,170.11,811,170.14,103675,170.142395
2023-05-01 17:29:00+00:00,170.14,170.2,170.1,998,170.1715,95989,170.152231
2023-05-01 17:30:00+00:00,170.1125,170.15,170.0701,1152,170.13,144450,170.110501
2023-05-01 17:31:00+00:00,170.11,170.15,170.08,895,170.11,93005,170.107014
2023-05-01 17:32:00+00:00,170.11,170.1489,170.08,763,170.12,60679,170.114073
2023-05-01 17:33:00+00:00,170.2152,170.22,170.095,1066,170.11,87438,170.162619
2023-05-01 17:34:00+00:00,170.2409,170.25,170.19,741,170.2129,64918,170.210225
2023-05-01 17:35:00+00:00,170.21,170.255,170.195,616,170.2412,48073,170.233327
2023-05-01 17:36:00+00:00,170.12,170.2182,170.12,584,170.21,40879,170.170134
2023-05-01 17:37:00+00:00,170.1,170.155,170.1,610,170.1267,67435,170.121345
2023-05-01 17:38:00+00:00,170.185,170.2,170.0901,581,170.105,59593,170.138879
2023-05-01 17:39:00+00:00,170.2283,170.24,170.17,589,170.185,52053,170.209296
2023-05-01 17:40:00+00:00,170.27,170.29,170.2103,685,170.2202,56870,170.248767
2023-05-01 17:41:00+00:00,170.3907,170.405,170.27,1101,170.275,133058,170.33958
2023-05-01 17:42:00+00:00,170.31,170.41,170.3,853,170.3995,82107,170.36434
2023-05-01 17:43:00+00:00,170.22,170.3101,170.22,963,170.305,90756,170.284926
2023-05-01 17:44:00+00:00,170.18,170.24,170.18,543,170.2276,51466,170.203348
2023-05-01 17:45:00+00:00,170.19,170.23,170.17,639,170.18,57182,170.196699
2023-05-01 17:46:00+00:00,170.1301,170.205,170.1301,518,170.1887,42324,170.172551
2023-05-01 17:47:00+00:00,170.205,170.22,170.1201,586,170.14,58836,170.17035
2023-05-01 17:48:00+00:00,170.2208,170.25,170.2,627,170.2001,65518,170.223901
2023-05-01 17:49:00+00:00,170.15,170.23,170.12,712,170.225,75230,170.154803
2023-05-01 17:50:00+00:00,170.195,170.21,170.13,471,170.14,35072,170.16655
2023-05-01 17:51:00+00:00,170.185,170.2199,170.1612,502,170.2,49377,170.192136
2023-05-01 17:52:00+00:00,170.165,170.19,170.14,399,170.19,35200,170.163586
2023-05-01 17:53:00+00:00,170.1116,170.17,170.1,582,170.1615,68689,170.137829
2023-05-01 17:54:00+00:00,170.14,170.1492,170.1,509,170.1115,36719,170.118362
2023-05-01 17:55:00+00:00,170.09,170.15,170.08,549,170.14,47342,170.110716
2023-05-01 17:56:00+00:00,170.1311,170.1448,170.095,506,170.1,39842,170.121972
2023-05-01 17:57:00+00:00,170.1411,170.1789,170.13,557,170.14,49373,170.153488
2023-05-01 17:58:00+00:00,170.11,170.14,170.0932,484,170.14,41032,170.117715
2023-05-01 17:59:00+00:00,170.1499,170.17,170.1,606,170.105,57829,170.133463
2023-05-01 18:00:00+00:00,170.05,170.145,170.04,799,170.145,74690,170.095195
2023-05-01 18:01:00+00:00,170.09,170.09,170.01,674,170.06,60970,170.047725
2023-05-01 18:02:00+00:00,170.08,170.11,170.065,606,170.09,60087,170.088388
2023-05-01 18:03:00+00:00,170.034,170.11,170.03,518,170.08,35603,170.072932
2023-05-01 18:04:00+00:00,170.0,170.04,169.96,1181,170.0351,121949,169.995825
2023-05-01 18:05:00+00:00,170.08,170.1,169.99,799,169.995,73915,170.045031
2023-05-01 18:06:00+00:00,170.07,170.09,170.05,891,170.08,103514,170.069531
2023-05-01 18:07:00+00:00,170.0199,170.075,169.985,861,170.075,71322,170.020818
2023-05-01 18:08:00+00:00,170.0999,170.1,170.01,649,170.0189,71522,170.059955
2023-05-01 18:09:00+00:00,170.15,170.16,170.065,769,170.095,75876,170.109373
2023-05-01 18:10:00+00:00,170.11,170.16,170.105,542,170.16,53418,170.136686
2023-05-01 18:11:00+00:00,170.16,170.17,170.09,549,170.1101,43274,170.133717
2023-05-01 18:12:00+00:00,169.9982,170.178,169.98,759,170.165,80694,170.064372
2023-05-01 18:13:00+00:00,169.99,170.0142,169.96,712,169.9907,75407,169.985207
2023-05-01 18:14:00+00:00,169.97,170.005,169.96,507,169.985,47222,169.980441
2023-05-01 18:15:00+00:00,169.945,169.98,169.901,697,169.9799,73514,169.944189
2023-05-01 18:16:00+00:00,169.95,169.97,169.9031,621,169.945,56383,169.932997
2023-05-01 18:17:00+00:00,169.9752,169.99,169.91,577,169.9499,59218,169.934468
2023-05-01 18:18:00+00:00,169.9787,169.995,169.9501,545,169.98,52122,169.973042
2023-05-01 18:19:00+00:00,169.8969,169.98,169.891,776,169.98,87120,169.920705
2023-05-01 18:20:00+00:00,170.005,170.007,169.8999,730,169.8999,70710,169.966301
2023-05-01 18:21:00+00:00,169.98,170.0306,169.969,525,170.01,50874,170.006747
2023-05-01 18:22:00+00:00,169.985,169.995,169.94,576,169.97,50795,169.964801
2023-05-01 18:23:00+00:00,170.0142,170.025,169.97,491,169.98,40887,170.007537
2023-05-01 18:24:00+00:00,169.925,170.01,169.9181,455,170.01,41043,169.95884
2023-05-01 18:25:00+00:00,169.925,169.97,169.9,525,169.92,55141,169.941544
2023-05-01 18:26:00+00:00,169.93,169.9568,169.9,545,169.92,54536,169.929173
2023-05-01 18:27:00+00:00,169.9254,169.96,169.905,508,169.9282,65910,169.934285
2023-05-01 18:28:00+00:00,169.879,169.93,169.8603,517,169.93,52834,169.891361
2023-05-01 18:29:00+00:00,169.9199,169.92,169.82,857,169.8701,85142,169.860487
2023-05-01 18:30:00+00:00,169.93,169.96,169.895,836,169.9,91265,169.935486
2023-05-01 18:31:00+00:00,169.85,169.94,169.84,641,169.9219,61079,169.881296
2023-05-01 18:32:00+00:00,169.75,169.85,169.74,1230,169.85,159788,169.791919
2023-05-01 18:33:00+00:00,169.6402,169.745,169.62,1369,169.74,161340,169.669217
2023-05-01 18:34:00+00:00,169.4,169.635,169.38,2038,169.63,236759,169.466723
2023-05-01 18:35:00+00:00,169.47,169.52,169.3601,1285,169.39,156380,169.461698
2023-05-01 18:36:00+00:00,169.375,169.485,169.341,1042,169.46,118256,169.402014
2023-05-01 18:37:00+00:00,169.335,169.385,169.26,1333,169.385,169857,169.320409
2023-05-01 18:38:00+00:00,169.4155,169.43,169.29,1209,169.31,132517,169.380686
2023-05-01 18:39:00+00:00,169.41,169.43,169.355,877,169.43,94886,169.393445
2023-05-01 18:40:00+00:00,169.3,169.42,169.3,934,169.42,106850,169.364672
2023-05-01 18:41:00+00:00,169.4254,169.43,169.2918,757,169.2918,72093,169.371592
2023-05-01 18:42:00+00:00,169.4299,169.43,169.33,628,169.4209,44385,169.380223
2023-05-01 18:43:00+00:00,169.52,169.5245,169.4099,1035,169.44,111996,169.46297
2023-05-01 18:44:00+00:00,169.475,169.54,169.445,727,169.51,67120,169.494819
2023-05-01 18:45:00+00:00,169.36,169.4799,169.35,658,169.47,49013,169.413124
2023-05-01 18:46:00+00:00,169.425,169.4295,169.3545,547,169.355,52724,169.393638
2023-05-01 18:47:00+00:00,169.38,169.44,169.37,654,169.43,64295,169.392738
2023-05-01 18:48:00+00:00,169.33,169.384,169.3,796,169.38,60709,169.332072
2023-05-01 18:49:00+00:00,169.4,169.42,169.32,561,169.33,54930,169.36102
2023-05-01 18:50:00+00:00,169.42,169.44,169.3675,696,169.4,50474,169.395872
2023-05-01 18:51:00+00:00,169.28,169.425,169.275,774,169.42,96383,169.338557
2023-05-01 18:52:00+00:00,169.2375,169.315,169.2,1617,169.29,172924,169.255366
2023-05-01 18:53:00+00:00,169.355,169.36,169.205,658,169.22,74932,169.30486
2023-05-01 18:54:00+00:00,169.415,169.42,169.3501,655,169.36,63660,169.386449
2023-05-01 18:55:00+00:00,169.415,169.43,169.36,706,169.415,73483,169.395414
2023-05-01 18:56:00+00:00,169.475,169.475,169.4,652,169.415,65237,169.433322
2023-05-01 18:57:00+00:00,169.535,169.55,169.48,809,169.48,75151,169.519341
2023-05-01 18:58:00+00:00,169.595,169.61,169.52,797,169.53,74444,169.555559
2023-05-01 18:59:00+00:00,169.5343,169.595,169.5132,656,169.595,72623,169.554623
2023-05-01 19:00:00+00:00,169.5557,169.575,169.51,650,169.53,70497,169.551215
2023-05-01 19:01:00+00:00,169.505,169.57,169.5,687,169.55,53038,169.534098
2023-05-01 19:02:00+00:00,169.5272,169.53,169.46,788,169.505,68987,169.4882
2023-05-01 19:03:00+00:00,169.3901,169.53,169.39,665,169.5287,52825,169.454573
2023-05-01 19:04:00+00:00,169.46,169.48,169.36,650,169.39,42700,169.435096
2023-05-01 19:05:00+00:00,169.5682,169.5768,169.46,861,169.46,101064,169.528136
2023-05-01 19:06:00+00:00,169.5002,169.57,169.5,607,169.56,47849,169.538003
2023-05-01 19:07:00+00:00,169.5131,169.565,169.4916,664,169.505,63424,169.527673
2023-05-01 19:08:00+00:00,169.59,169.59,169.5,714,169.515,82696,169.551661
2023-05-01 19:09:00+00:00,169.5871,169.6288,169.56,780,169.59,76641,169.596747
2023-05-01 19:10:00+00:00,169.6303,169.66,169.5832,752,169.5832,77711,169.62266
2023-05-01 19:11:00+00:00,169.6187,169.6399,169.575,652,169.635,56983,169.603702
2023-05-01 19:12:00+00:00,169.565,169.615,169.5507,672,169.6111,81066,169.586184
2023-05-01 19:13:00+00:00,169.54,169.5699,169.53,804,169.56,103632,169.548771
2023-05-01 19:14:00+00:00,169.565,169.5899,169.51,688,169.55,74707,169.553675
2023-05-01 19:15:00+00:00,169.52,169.5884,169.48,832,169.57,96667,169.542061
2023-05-01 19:16:00+00:00,169.52,169.54,169.47,629,169.525,61489,169.496827
2023-05-01 19:17:00+00:00,169.58,169.59,169.455,768,169.5101,53036,169.51765
2023-05-01 19:18:00+00:00,169.535,169.5899,169.53,745,169.577,61323,169.564351
2023-05-01 19:19:00+00:00,169.5901,169.5901,169.5117,557,169.53,44209,169.546853
2023-05-01 19:20:00+00:00,169.6214,169.66,169.57,963,169.59,133489,169.604149
2023-05-01 19:21:00+00:00,169.6699,169.68,169.62,650,169.62,54278,169.650896
2023-05-01 19:22:00+00:00,169.685,169.73,169.66,888,169.6698,109253,169.689836
2023-05-01 19:23:00+00:00,169.745,169.76,169.67,768,169.68,91951,169.726972
2023-05-01 19:24:00+00:00,169.72,169.744,169.6634,830,169.74,89282,169.703961
2023-05-01 19:25:00+00:00,169.7201,169.7591,169.68,890,169.73,76755,169.716676
2023-05-01 19:26:00+00:00,169.7001,169.74,169.68,609,169.72,61374,169.706516
2023-05-01 19:27:00+00:00,169.7,169.715,169.66,575,169.7,51683,169.691579
2023-05-01 19:28:00+00:00,169.73,169.745,169.67,669,169.71,59494,169.711566
2023-05-01 19:29:00+00:00,169.691,169.735,169.685,606,169.72,58929,169.704119
2023-05-01 19:30:00+00:00,169.705,169.74,169.65,1639,169.7,169412,169.695796
2023-05-01 19:31:00+00:00,169.705,169.75,169.695,878,169.7099,75424,169.720174
2023-05-01 19:32:00+00:00,169.705,169.72,169.65,804,169.71,71733,169.684023
2023-05-01 19:33:00+00:00,169.585,169.695,169.5847,1007,169.6945,89013,169.632822
2023-05-01 19:34:00+00:00,169.585,169.655,169.575,1068,169.58,115829,169.609127
2023-05-01 19:35:00+00:00,169.4999,169.5999,169.46,1113,169.58,102525,169.531899
2023-05-01 19:36:00+00:00,169.54,169.54,169.49,797,169.499,69065,169.518217
2023-05-01 19:37:00+00:00,169.53,169.57,169.48,953,169.5353,100956,169.555211
2023-05-01 19:38:00+00:00,169.5,169.53,169.43,1161,169.53,108351,169.464807
2023-05-01 19:39:00+00:00,169.495,169.54,169.47,819,169.51,76437,169.505886
2023-05-01 19:40:00+00:00,169.4891,169.52,169.44,907,169.5,77987,169.470714
2023-05-01 19:41:00+00:00,169.52,169.55,169.48,1334,169.49,138575,169.514994
2023-05-01 19:42:00+00:00,169.5999,169.61,169.515,1372,169.515,150914,169.568624
2023-05-01 19:43:00+00:00,169.505,169.62,169.5,873,169.6,79595,169.545472
2023-05-01 19:44:00+00:00,169.465,169.52,169.4401,1168,169.5,117435,169.484225
2023-05-01 19:45:00+00:00,169.63,169.65,169.47,1589,169.47,174569,169.57248
2023-05-01 19:46:00+00:00,169.62,169.655,169.56,1353,169.64,167043,169.608612
2023-05-01 19:47:00+00:00,169.5893,169.635,169.58,943,169.6229,86276,169.604082
2023-05-01 19:48:00+00:00,169.455,169.6,169.45,1181,169.58,113708,169.540658
2023-05-01 19:49:00+00:00,169.46,169.5,169.4327,928,169.455,73064,169.466977
2023-05-01 19:50:00+00:00,169.315,169.55,169.3,2524,169.46,239440,169.412826
2023-05-01 19:51:00+00:00,169.35,169.35,169.25,1540,169.32,193428,169.35102
2023-05-01 19:52:00+00:00,169.3294,169.41,169.325,1220,169.35,111628,169.369254
2023-05-01 19:53:00+00:00,169.325,169.39,169.291,1403,169.33,116137,169.333892
2023-05-01 19:54:00+00:00,169.5112,169.52,169.33,2384,169.33,231770,169.438627
2023-05-01 19:55:00+00:00,169.62,169.62,169.49,2549,169.51,292455,169.560082
2023-05-01 19:56:00+00:00,169.765,169.765,169.62,2480,169.62,259140,169.691594
2023-05-01 19:57:00+00:00,169.82,169.82,169.69,2315,169.77,301095,169.656762
2023-05-01 19:58:00+00:00,169.89,169.9,169.79,2906,169.82,330401,169.854677
2023-05-01 19:59:00+00:00,169.56,169.9,169.55,5728,169.895,906976,169.706301
2023-05-01 20:00:00+00:00,169.65,169.66,169.53,158,169.55,9137011,169.590016
2023-05-01 20:01:00+00:00,169.62,169.66,169.61,84,169.61,2721,169.637991
2023-05-01 20:02:00+00:00,169.65,169.65,169.65,38,169.65,1151,169.646737
2023-05-01 20:03:00+00:00,169.56,169.66,169.56,95,169.66,5824,169.609469
2023-05-01 20:04:00+00:00,169.57,169.59,169.55,39,169.55,2574,169.564852
2023-05-01 20:05:00+00:00,169.55,169.57,169.53,45,169.56,2194,169.532922
2023-05-01 20:06:00+00:00,169.57,169.66,169.54,92,169.55,13152,169.578752
2023-05-01 20:07:00+00:00,169.57,169.59,169.559,22,169.559,3990,169.584306
2023-05-01 20:08:00+00:00,169.58,169.5954,169.58,30,169.5954,92600,169.589913
2023-05-01 20:09:00+00:00,169.57,169.59,169.54,24,169.59,15945,169.589022
2023-05-01 20:10:00+00:00,169.58,169.58,169.58,28,169.58,838,169.582917
2023-05-01 20:11:00+00:00,169.59,169.59,169.59,30,169.59,993,169.589622
2023-05-01 20:12:00+00:00,169.58,169.58,169.58,10,169.58,606,169.579736
2023-05-01 20:13:00+00:00,169.6,169.6,169.58,39,169.58,5147,169.58596
2023-05-01 20:14:00+00:00,169.59,169.62,169.59,26,169.61,6718,169.591988
2023-05-01 20:15:00+00:00,169.64,169.67,169.64,31,169.65,2664,169.662619
2023-05-01 20:16:00+00:00,169.65,169.65,169.65,26,169.65,1877,169.650077
2023-05-01 20:17:00+00:00,169.68,169.68,169.62,18,169.62,830,169.658241
2023-05-01 20:18:00+00:00,169.68,169.68,169.68,15,169.68,139,169.680872
2023-05-01 20:19:00+00:00,169.7,169.7,169.68,37,169.68,1907,169.69523
2023-05-01 20:20:00+00:00,169.69,169.7,169.69,14,169.7,340,169.692895
2023-05-01 20:21:00+00:00,169.68,169.7,169.68,18,169.7,2887,169.69817
2023-05-01 20:22:00+00:00,169.7,169.7,169.7,31,169.7,917,169.700938
2023-05-01 20:23:00+00:00,169.62,169.74,169.62,83,169.73,9933,169.678145
2023-05-01 20:24:00+00:00,169.63,169.63,169.6015,23,169.63,2642,169.614191
2023-05-01 20:25:00+00:00,169.64,169.65,169.64,29,169.65,1088,169.648961
2023-05-01 20:27:00+00:00,169.68,169.68,169.68,12,169.68,152,169.674624
2023-05-01 20:30:00+00:00,169.66,169.67,169.64,30,169.67,1311,169.653992
2023-05-01 20:31:00+00:00,169.63,169.63,169.63,10,169.63,210,169.629643
2023-05-01 20:32:00+00:00,169.63,169.64,169.63,16,169.64,3096,169.63036
2023-05-01 20:33:00+00:00,169.62,169.62,169.62,9,169.62,156,169.620833
2023-05-01 20:34:00+00:00,169.6201,169.6201,169.6201,16,169.6201,479,169.623325
2023-05-01 20:35:00+00:00,169.61,169.62,169.61,17,169.62,239,169.615743
2023-05-01 20:36:00+00:00,169.61,169.62,169.61,14,169.62,379,169.614116
2023-05-01 20:37:00+00:00,169.61,169.63,169.59,47,169.59,2955,169.602164
2023-05-01 20:38:00+00:00,169.6,169.62,169.6,24,169.62,918,169.605938
2023-05-01 20:39:00+00:00,169.58,169.6,169.58,26,169.59,1447,169.589861
2023-05-01 20:40:00+00:00,169.55,169.58,169.51,55,169.57,4281,169.553323
2023-05-01 20:41:00+00:00,169.55,169.55,169.53,22,169.55,954,169.544539
2023-05-01 20:42:00+00:00,169.55,169.55,169.55,15,169.55,468,169.551122
2023-05-01 20:43:00+00:00,169.55,169.55,169.55,14,169.55,314,169.55261
2023-05-01 20:45:00+00:00,169.53,169.55,169.53,25,169.55,813,169.542632
2023-05-01 20:46:00+00:00,169.55,169.55,169.52,21,169.52,819,169.540122
2023-05-01 20:47:00+00:00,169.54,169.54,169.53,26,169.53,983,169.532828
2023-05-01 20:48:00+00:00,169.55,169.55,169.54,25,169.54,1872,169.545196
2023-05-01 20:49:00+00:00,169.59,169.59,169.59,16,169.59,37806,169.58992
2023-05-01 20:50:00+00:00,169.55,169.55,169.55,12,169.55,237,169.551793
2023-05-01 20:52:00+00:00,169.53,169.56,169.53,14,169.56,2125,169.54656
2023-05-01 20:53:00+00:00,169.53,169.55,169.53,21,169.55,1926,169.536827
2023-05-01 20:55:00+00:00,169.51,169.51,169.51,20,169.51,1853,169.514153
2023-05-01 20:56:00+00:00,169.57,169.57,169.53,30,169.55,1012,169.544677
2023-05-01 20:57:00+00:00,169.5,169.56,169.5,35,169.56,2367,169.51034
2023-05-01 20:58:00+00:00,169.52,169.52,169.52,17,169.52,344,169.519197
2023-05-01 21:01:00+00:00,169.52,169.52,169.52,16,169.52,1916,169.519969
2023-05-01 21:02:00+00:00,169.5218,169.5218,169.5213,21,169.5213,448,169.523903
2023-05-01 21:03:00+00:00,169.52,169.52,169.52,22,169.52,2039,169.520423
2023-05-01 21:05:00+00:00,169.55,169.55,169.55,18,169.55,331,169.546979
2023-05-01 21:06:00+00:00,169.54,169.54,169.54,15,169.54,140,169.541179
2023-05-01 21:08:00+00:00,169.55,169.55,169.55,13,169.55,1160,169.548668
2023-05-01 21:12:00+00:00,169.53,169.53,169.53,13,169.53,467,169.531013
2023-05-01 21:14:00+00:00,169.55,169.55,169.55,25,169.55,475,169.545926
2023-05-01 21:15:00+00:00,169.55,169.55,169.52,26,169.54,2932570,169.589988
2023-05-01 21:18:00+00:00,169.57,169.57,169.57,11,169.57,316,169.568104
2023-05-01 21:20:00+00:00,169.55,169.57,169.55,24,169.57,492,169.558904
2023-05-01 21:21:00+00:00,169.52,169.52,169.52,21,169.52,649,169.536934
2023-05-01 21:22:00+00:00,169.52,169.52,169.52,19,169.52,737,169.520393
2023-05-01 21:28:00+00:00,169.5,169.51,169.5,21,169.5,1310,169.503927
2023-05-01 21:29:00+00:00,169.5127,169.5127,169.5127,17,169.5127,300,169.511367
2023-05-01 21:31:00+00:00,169.53,169.53,169.53,12,169.53,158,169.522025
2023-05-01 21:36:00+00:00,169.54,169.54,169.54,19,169.54,1033,169.539652
2023-05-01 21:37:00+00:00,169.54,169.54,169.53,16,169.53,1914,169.535795
2023-05-01 21:38:00+00:00,169.51,169.53,169.51,12,169.53,916,169.514853
2023-05-01 21:39:00+00:00,169.4866,169.51,169.4866,17,169.51,3531,169.492158
2023-05-01 21:41:00+00:00,169.46,169.48,169.46,20,169.48,681,169.476777
2023-05-01 21:42:00+00:00,169.4602,169.48,169.4602,19,169.48,1105,169.462615
2023-05-01 21:45:00+00:00,169.44,169.4401,169.44,20,169.4401,494,169.445729
2023-05-01 21:47:00+00:00,169.46,169.46,169.46,9,169.46,177,169.452223
2023-05-01 21:48:00+00:00,169.46,169.46,169.45,11,169.45,649,169.45341
2023-05-01 21:49:00+00:00,169.44,169.47,169.44,17,169.47,1884,169.443719
2023-05-01 21:50:00+00:00,169.4,169.41,169.4,22,169.41,1423,169.410879
2023-05-01 21:51:00+00:00,169.4001,169.4001,169.4001,12,169.4001,3221,169.400197
2023-05-01 21:52:00+00:00,169.47,169.47,169.47,13,169.47,261,169.458372
2023-05-01 21:53:00+00:00,169.41,169.41,169.41,11,169.41,960,169.410447
2023-05-01 21:56:00+00:00,169.41,169.41,169.4,13,169.4,1230,169.402675
2023-05-01 21:57:00+00:00,169.39,169.4,169.39,14,169.4,719,169.401655
2023-05-01 21:58:00+00:00,169.39,169.39,169.39,13,169.39,186,169.393602
2023-05-01 22:03:00+00:00,169.39,169.39,169.39,16,169.39,1296,169.390961
2023-05-01 22:04:00+00:00,169.34,169.3874,169.34,13,169.3874,617,169.368631
2023-05-01 22:05:00+00:00,169.34,169.34,169.34,6,169.34,510,169.340402
2023-05-01 22:07:00+00:00,169.35,169.35,169.35,11,169.35,490,169.357357
2023-05-01 22:13:00+00:00,169.36,169.37,169.36,12,169.37,902,169.363841
2023-05-01 22:15:00+00:00,169.4,169.4,169.36,11,169.36,794,169.37279
2023-05-01 22:17:00+00:00,169.45,169.45,169.45,11,169.45,114,169.445789
2023-05-01 22:24:00+00:00,169.3725,169.3725,169.3725,14,169.3725,310,169.382081
2023-05-01 22:25:00+00:00,169.45,169.45,169.4472,5,169.4472,1002,169.448558
2023-05-01 22:28:00+00:00,169.43,169.43,169.43,10,169.43,278,169.427626
2023-05-01 22:31:00+00:00,169.48,169.48,169.45,20,169.45,1380,169.455333
2023-05-01 22:33:00+00:00,169.45,169.57,169.45,42,169.5,4547,169.499025
2023-05-01 22:36:00+00:00,169.54,169.54,169.54,9,169.54,233,169.533906
2023-05-01 22:39:00+00:00,169.5,169.5,169.5,11,169.5,309,169.505275
2023-05-01 22:40:00+00:00,169.42,169.45,169.42,21,169.45,2083,169.429731
2023-05-01 22:43:00+00:00,169.43,169.43,169.43,9,169.43,213,169.430657
2023-05-01 22:44:00+00:00,169.4639,169.4639,169.4639,8,169.4639,169,169.465503
2023-05-01 22:51:00+00:00,169.43,169.43,169.43,9,169.43,466,169.42934
2023-05-01 22:52:00+00:00,169.4,169.4,169.4,8,169.4,143,169.400979
2023-05-01 22:53:00+00:00,169.39,169.43,169.39,26,169.4,1489,169.402837
2023-05-01 22:56:00+00:00,169.4,169.4,169.4,8,169.4,171,169.399094
2023-05-01 23:00:00+00:00,169.45,169.45,169.45,22,169.45,696,169.439684
2023-05-01 23:01:00+00:00,169.41,169.41,169.41,27,169.41,790,169.41893
2023-05-01 23:02:00+00:00,169.47,169.47,169.44,23,169.46,1239,169.462459
2023-05-01 23:03:00+00:00,169.48,169.48,169.43,23,169.43,552,169.453868
2023-05-01 23:04:00+00:00,169.44,169.44,169.43,16,169.43,427,169.435504
2023-05-01 23:06:00+00:00,169.49,169.49,169.48,17,169.48,1286,169.480824
2023-05-01 23:08:00+00:00,169.52,169.52,169.5,11,169.5,427,169.511429
2023-05-01 23:09:00+00:00,169.46,169.46,169.46,7,169.46,343,169.465694
2023-05-01 23:10:00+00:00,169.53,169.53,169.5,29,169.5,1894,169.524145
2023-05-01 23:13:00+00:00,169.5,169.5,169.5,9,169.5,211,169.498859
2023-05-01 23:15:00+00:00,169.49,169.49,169.49,10,169.49,770,169.486753
2023-05-01 23:16:00+00:00,169.44,169.44,169.44,10,169.44,297,169.449714
2023-05-01 23:17:00+00:00,169.47,169.47,169.46,11,169.46,228,169.463333
2023-05-01 23:18:00+00:00,169.45,169.45,169.44,10,169.44,510,169.444196
2023-05-01 23:21:00+00:00,169.45,169.45,169.45,10,169.45,124,169.450627
2023-05-01 23:22:00+00:00,169.46,169.46,169.46,9,169.46,287,169.45993
2023-05-01 23:23:00+00:00,169.46,169.46,169.46,10,169.46,1053,169.46048
2023-05-01 23:24:00+00:00,169.49,169.49,169.49,9,169.49,251,169.485403
2023-05-01 23:27:00+00:00,169.47,169.47,169.47,12,169.47,311,169.471013
2023-05-01 23:32:00+00:00,169.46,169.46,169.46,7,169.46,242,169.461467
2023-05-01 23:33:00+00:00,169.4786,169.4786,169.4786,6,169.4786,128,169.474922
2023-05-01 23:34:00+00:00,169.45,169.45,169.45,8,169.45,1921,169.45004
2023-05-01 23:35:00+00:00,169.46,169.46,169.45,8,169.45,584,169.451721
2023-05-01 23:36:00+00:00,169.45,169.45,169.45,9,169.45,458,169.450478
2023-05-01 23:37:00+00:00,169.46,169.46,169.46,9,169.46,471,169.460064
2023-05-01 23:42:00+00:00,169.53,169.53,169.47,23,169.47,1126,169.483561
2023-05-01 23:43:00+00:00,169.46,169.47,169.46,11,169.47,810,169.462815
2023-05-01 23:48:00+00:00,169.49,169.49,169.47,9,169.47,643,169.482552
2023-05-01 23:49:00+00:00,169.47,169.47,169.47,7,169.47,312,169.470064
2023-05-01 23:50:00+00:00,169.47,169.47,169.47,18,169.47,465,169.469445
2023-05-01 23:51:00+00:00,169.46,169.46,169.46,12,169.46,394,169.461385
2023-05-01 23:54:00+00:00,169.46,169.46,169.45,14,169.45,530,169.45621
2023-05-01 23:55:00+00:00,169.45,169.46,169.45,13,169.45,1037,169.451609
2023-05-01 23:56:00+00:00,169.45,169.4599,169.45,25,169.45,1906,169.451529
2023-05-01 23:57:00+00:00,169.43,169.4599,169.43,19,169.4599,2123,169.43399
2023-05-01 23:58:00+00:00,169.43,169.43,169.43,20,169.43,738,169.429539
2023-05-01 23:59:00+00:00,169.4,169.44,169.39,32,169.43,2017,169.409581
