timestamp,close,high,low,trade_count,open,volume,vwap
2023-08-02 08:00:00+00:00,193.8,194.09,193.56,106,193.56,6134,194.002651
2023-08-02 08:01:00+00:00,193.99,193.99,193.8,76,193.8,1667,193.897445
2023-08-02 08:02:00+00:00,193.79,193.9,193.79,131,193.81,2021,193.817264
2023-08-02 08:03:00+00:00,193.62,193.62,193.62,54,193.62,1072,193.66292
2023-08-02 08:04:00+00:00,193.55,193.63,193.55,51,193.63,1788,193.589944
2023-08-02 08:05:00+00:00,193.58,193.59,193.53,52,193.53,2526,193.566421
2023-08-02 08:06:00+00:00,193.6,193.6,193.6,22,193.6,770,193.599039
2023-08-02 08:07:00+00:00,193.69,193.69,193.69,35,193.69,585,193.673846
2023-08-02 08:08:00+00:00,193.76,193.76,193.7,33,193.7,1043,193.73164
2023-08-02 08:09:00+00:00,193.78,193.78,193.78,32,193.78,1390,193.779741
2023-08-02 08:10:00+00:00,193.83,193.95,193.8,36,193.95,1832,193.851578
2023-08-02 08:11:00+00:00,193.87,193.87,193.86,18,193.86,796,193.863329
2023-08-02 08:12:00+00:00,193.76,193.84,193.76,43,193.84,2725,193.806301
2023-08-02 08:13:00+00:00,193.78,193.78,193.78,19,193.78,743,193.779327
2023-08-02 08:16:00+00:00,193.7,193.75,193.7,49,193.75,2185,193.724719
2023-08-02 08:17:00+00:00,193.6,193.62,193.6,40,193.62,957,193.614232
2023-08-02 08:18:00+00:00,193.53,193.53,193.53,30,193.53,738,193.544959
2023-08-02 08:19:00+00:00,193.35,193.56,193.35,98,193.56,2961,193.458528
2023-08-02 08:20:00+00:00,193.28,193.34,193.28,54,193.34,1401,193.325746
2023-08-02 08:21:00+00:00,193.4,193.4,193.34,35,193.34,1244,193.360265
2023-08-02 08:22:00+00:00,193.4,193.42,193.38,73,193.38,2485,193.391437
2023-08-02 08:23:00+00:00,193.4,193.4,193.4,32,193.4,937,193.414696
2023-08-02 08:24:00+00:00,193.43,193.43,193.43,23,193.43,815,193.427558
2023-08-02 08:25:00+00:00,193.42,193.5,193.42,50,193.5,2010,193.434637
2023-08-02 08:26:00+00:00,193.45,193.45,193.4,29,193.4,1972,193.414092
2023-08-02 08:27:00+00:00,193.45,193.45,193.45,29,193.45,1418,193.443717
2023-08-02 08:30:00+00:00,193.48,193.48,193.46,29,193.46,1158,193.467919
2023-08-02 08:31:00+00:00,193.31,193.46,193.3,81,193.46,3506,193.369817
2023-08-02 08:32:00+00:00,193.3,193.3,193.3,32,193.3,1304,193.299248
2023-08-02 08:35:00+00:00,193.32,193.32,193.29,50,193.3,1813,193.299978
2023-08-02 08:37:00+00:00,193.28,193.34,193.28,49,193.34,2461,193.314275
2023-08-02 08:38:00+00:00,193.23,193.23,193.23,40,193.23,505,193.23905
2023-08-02 08:40:00+00:00,193.16,193.2,193.16,30,193.2,1768,193.194706
2023-08-02 08:41:00+00:00,193.12,193.2,193.12,56,193.2,3382,193.154004
2023-08-02 08:42:00+00:00,193.27,193.27,193.16,51,193.2,8707,193.198548
2023-08-02 08:43:00+00:00,193.21,193.28,193.18,20,193.26,1123,193.244007
2023-08-02 08:44:00+00:00,193.22,193.22,193.2,34,193.21,2045,193.208244
2023-08-02 08:45:00+00:00,193.22,193.22,193.22,29,193.22,454,193.202819
2023-08-02 08:46:00+00:00,193.2,193.33,193.2,103,193.23,2902,193.260286
2023-08-02 08:48:00+00:00,193.27,193.27,193.27,20,193.27,288,193.265069
2023-08-02 08:49:00+00:00,193.28,193.28,193.2,34,193.2,1546,193.239366
2023-08-02 08:50:00+00:00,193.34,193.34,193.31,44,193.31,1793,193.318901
2023-08-02 08:51:00+00:00,193.33,193.36,193.33,26,193.36,1294,193.341306
2023-08-02 08:54:00+00:00,193.37,193.37,193.37,25,193.37,407,193.364251
2023-08-02 08:55:00+00:00,193.39,193.39,193.39,32,193.39,486,193.426029
2023-08-02 08:56:00+00:00,193.45,193.48,193.39,49,193.48,2320,193.417444
2023-08-02 08:57:00+00:00,193.48,193.48,193.45,30,193.45,921,193.457416
2023-08-02 08:58:00+00:00,193.49,193.49,193.47,49,193.47,2364,193.482699
2023-08-02 09:00:00+00:00,193.5,193.52,193.5,24,193.52,860,193.516279
2023-08-02 09:01:00+00:00,193.5,193.53,193.5,57,193.5,7031,193.501549
2023-08-02 09:04:00+00:00,193.59,193.59,193.59,32,193.59,667,193.572834
2023-08-02 09:05:00+00:00,193.62,193.62,193.62,19,193.62,599,193.640367
2023-08-02 09:06:00+00:00,193.72,193.72,193.72,17,193.72,496,193.70496
2023-08-02 09:07:00+00:00,193.83,193.83,193.8,28,193.8,1300,193.814054
2023-08-02 09:08:00+00:00,193.8,193.8,193.8,25,193.8,768,193.812604
2023-08-02 09:09:00+00:00,193.86,193.86,193.82,28,193.82,1186,193.839047
2023-08-02 09:10:00+00:00,193.9,193.92,193.9,22,193.92,885,193.91278
2023-08-02 09:11:00+00:00,193.98,193.98,193.91,56,193.93,2446,193.948352
2023-08-02 09:12:00+00:00,193.97,194.01,193.97,41,194.0,1401,193.999329
2023-08-02 09:13:00+00:00,193.97,193.97,193.97,22,193.97,1149,193.977224
2023-08-02 09:14:00+00:00,194.0,194.0,194.0,21,194.0,775,193.990348
2023-08-02 09:16:00+00:00,194.0,194.0,194.0,7,194.0,254,194.001181
2023-08-02 09:19:00+00:00,194.04,194.04,194.04,30,194.04,525,194.066171
2023-08-02 09:20:00+00:00,194.1,194.1,194.1,40,194.1,1133,194.084184
2023-08-02 09:21:00+00:00,194.0,194.0,194.0,11,194.0,340,194.004765
2023-08-02 09:23:00+00:00,193.9,194.04,193.9,31,194.0,2071,193.96945
2023-08-02 09:24:00+00:00,193.9,193.98,193.9,22,193.98,973,193.943392
2023-08-02 09:26:00+00:00,193.98,193.98,193.98,11,193.98,134,193.967761
2023-08-02 09:27:00+00:00,193.82,193.83,193.82,32,193.83,2263,193.831335
2023-08-02 09:28:00+00:00,193.75,193.81,193.75,26,193.81,846,193.771147
2023-08-02 09:31:00+00:00,193.59,193.59,193.59,25,193.59,370,193.595919
2023-08-02 09:33:00+00:00,193.62,193.62,193.61,18,193.61,781,193.617081
2023-08-02 09:34:00+00:00,193.55,193.55,193.55,20,193.55,324,193.542377
2023-08-02 09:35:00+00:00,193.61,193.62,193.56,16,193.56,1068,193.604363
2023-08-02 09:36:00+00:00,193.62,193.62,193.62,28,193.62,941,193.620329
2023-08-02 09:43:00+00:00,193.64,193.64,193.64,25,193.64,696,193.656034
2023-08-02 09:44:00+00:00,193.64,193.64,193.64,8,193.64,445,193.640382
2023-08-02 09:45:00+00:00,193.67,193.67,193.67,8,193.67,456,193.668772
2023-08-02 09:46:00+00:00,193.74,193.74,193.74,7,193.74,268,193.73306
2023-08-02 09:47:00+00:00,193.77,193.77,193.77,11,193.77,219,193.778858
2023-08-02 09:51:00+00:00,193.78,193.78,193.78,6,193.78,414,193.779565
2023-08-02 09:52:00+00:00,193.82,193.82,193.82,12,193.82,345,193.820638
2023-08-02 09:53:00+00:00,193.77,193.77,193.77,10,193.77,434,193.768756
2023-08-02 09:54:00+00:00,193.77,193.77,193.77,5,193.77,127,193.769134
2023-08-02 09:56:00+00:00,193.81,193.81,193.81,9,193.81,401,193.810025
2023-08-02 09:59:00+00:00,193.82,193.82,193.82,9,193.82,286,193.823427
2023-08-02 10:02:00+00:00,193.95,193.95,193.9,26,193.9,530,193.921472
2023-08-02 10:03:00+00:00,193.95,193.95,193.9,21,193.9,699,193.924878
2023-08-02 10:06:00+00:00,193.76,193.88,193.76,57,193.88,5031,193.818559
2023-08-02 10:07:00+00:00,193.8,193.8,193.76,47,193.8,4383,193.798595
2023-08-02 10:08:00+00:00,193.9,193.9,193.9,15,193.9,526,193.887357
2023-08-02 10:09:00+00:00,193.9,193.9,193.9,12,193.9,689,193.896952
2023-08-02 10:11:00+00:00,193.95,193.95,193.95,20,193.95,1337,193.947225
2023-08-02 10:13:00+00:00,194.0,194.0,193.98,54,194.0,3181,193.988969
2023-08-02 10:15:00+00:00,194.0,194.0,194.0,31,194.0,2857,193.998089
2023-08-02 10:16:00+00:00,194.03,194.03,194.01,17,194.03,1036,194.020647
2023-08-02 10:17:00+00:00,194.01,194.01,194.01,14,194.01,1284,194.014704
2023-08-02 10:18:00+00:00,194.01,194.01,194.01,26,194.01,1345,194.010007
2023-08-02 10:19:00+00:00,194.01,194.01,194.01,19,194.01,1931,194.009995
2023-08-02 10:23:00+00:00,193.96,193.96,193.96,14,193.96,484,193.960826
2023-08-02 10:24:00+00:00,193.94,193.94,193.94,37,193.94,3839,193.936035
2023-08-02 10:29:00+00:00,194.0,194.0,193.97,52,193.97,2262,193.998152
2023-08-02 10:30:00+00:00,193.92,194.0,193.92,36,194.0,4956,193.995886
2023-08-02 10:31:00+00:00,193.92,193.94,193.92,15,193.92,1722,193.92284
2023-08-02 10:32:00+00:00,193.92,193.92,193.92,49,193.92,3280,193.922308
2023-08-02 10:33:00+00:00,193.94,193.94,193.92,40,193.92,5613,193.920991
2023-08-02 10:34:00+00:00,193.94,193.94,193.9,19,193.9,913,193.936177
2023-08-02 10:35:00+00:00,194.1,194.1,193.99,38,193.99,1979,194.063573
2023-08-02 10:36:00+00:00,194.02,194.02,194.02,7,194.02,247,194.023158
2023-08-02 10:37:00+00:00,194.11,194.11,194.09,24,194.09,1216,194.095329
2023-08-02 10:38:00+00:00,194.2,194.2,194.1,51,194.1,1854,194.143306
2023-08-02 10:39:00+00:00,194.5,194.5,194.26,79,194.33,6094,194.396201
2023-08-02 10:40:00+00:00,194.53,194.53,194.5,27,194.5,1777,194.501289
2023-08-02 10:41:00+00:00,194.5,194.59,194.5,56,194.54,5530,194.525423
2023-08-02 10:42:00+00:00,194.5,194.5,194.5,24,194.5,1547,194.49892
2023-08-02 10:43:00+00:00,194.58,194.58,194.55,49,194.55,2948,194.561028
2023-08-02 10:44:00+00:00,194.6,194.6,194.6,12,194.6,184,194.580435
2023-08-02 10:46:00+00:00,194.6,194.6,194.6,8,194.6,573,194.598831
2023-08-02 10:47:00+00:00,194.61,194.61,194.61,18,194.61,444,194.598604
2023-08-02 10:49:00+00:00,194.7,194.7,194.6,33,194.6,2148,194.652155
2023-08-02 10:51:00+00:00,194.75,194.75,194.75,5,194.75,622,194.750145
2023-08-02 10:52:00+00:00,194.65,194.7,194.65,35,194.7,14194,194.653301
2023-08-02 10:54:00+00:00,194.57,194.57,194.57,20,194.57,543,194.600773
2023-08-02 10:58:00+00:00,194.55,194.56,194.55,17,194.56,760,194.557763
2023-08-02 11:00:00+00:00,194.69,194.7,194.6,155,194.6,4681,194.655962
2023-08-02 11:01:00+00:00,194.75,194.75,194.65,33,194.65,2920,194.706339
2023-08-02 11:02:00+00:00,194.8,194.85,194.77,69,194.77,3058,194.805576
2023-08-02 11:03:00+00:00,194.76,194.76,194.69,65,194.74,5832,194.747222
2023-08-02 11:05:00+00:00,194.83,194.83,194.76,70,194.76,3543,194.802814
2023-08-02 11:06:00+00:00,194.75,194.82,194.75,55,194.8,2486,194.788085
2023-08-02 11:07:00+00:00,194.69,194.69,194.69,50,194.69,1821,194.699374
2023-08-02 11:08:00+00:00,194.56,194.7,194.55,115,194.7,5050,194.618038
2023-08-02 11:09:00+00:00,194.53,194.6,194.53,46,194.57,3240,194.561985
2023-08-02 11:12:00+00:00,194.65,194.65,194.63,36,194.63,1816,194.631751
2023-08-02 11:13:00+00:00,194.61,194.61,194.6,19,194.6,1095,194.633635
2023-08-02 11:14:00+00:00,194.62,194.63,194.62,17,194.63,563,194.629236
2023-08-02 11:15:00+00:00,194.61,194.7,194.61,34,194.63,1980,194.649424
2023-08-02 11:16:00+00:00,194.7,194.73,194.7,14,194.73,1230,194.717154
2023-08-02 11:18:00+00:00,194.69,194.69,194.69,6,194.69,314,194.685701
2023-08-02 11:20:00+00:00,194.62,194.63,194.62,25,194.62,4448,194.62451
2023-08-02 11:21:00+00:00,194.72,194.72,194.69,45,194.69,1883,194.712841
2023-08-02 11:22:00+00:00,194.8,194.81,194.77,57,194.77,2902,194.781864
2023-08-02 11:23:00+00:00,194.72,194.72,194.72,35,194.72,876,194.685639
2023-08-02 11:24:00+00:00,194.73,194.73,194.73,14,194.73,444,194.776194
2023-08-02 11:25:00+00:00,194.8,194.81,194.8,21,194.81,1498,194.804947
2023-08-02 11:26:00+00:00,194.89,194.89,194.8,61,194.8,12623,194.814882
2023-08-02 11:27:00+00:00,194.95,194.95,194.89,125,194.89,9803,194.922892
2023-08-02 11:28:00+00:00,194.9,194.95,194.89,65,194.95,6238,194.938936
2023-08-02 11:29:00+00:00,194.86,194.86,194.86,27,194.86,741,194.867557
2023-08-02 11:30:00+00:00,194.82,194.83,194.8,41,194.83,4107,194.817146
2023-08-02 11:31:00+00:00,194.9,194.92,194.9,37,194.9,3681,194.90338
2023-08-02 11:32:00+00:00,194.92,194.92,194.91,47,194.92,1871,194.919182
2023-08-02 11:33:00+00:00,194.88,194.92,194.85,51,194.92,5023,194.908796
2023-08-02 11:34:00+00:00,194.88,194.88,194.88,18,194.88,360,194.865417
2023-08-02 11:35:00+00:00,194.91,194.91,194.89,15,194.89,696,194.904526
2023-08-02 11:36:00+00:00,194.8,194.87,194.8,63,194.87,2743,194.826726
2023-08-02 11:38:00+00:00,194.87,194.9,194.82,50,194.9,1924,194.869064
2023-08-02 11:39:00+00:00,194.91,194.92,194.9,11,194.9,475,194.908737
2023-08-02 11:41:00+00:00,194.91,194.91,194.91,13,194.91,339,194.92649
2023-08-02 11:42:00+00:00,194.88,194.9,194.88,19,194.9,2129,194.896421
2023-08-02 11:43:00+00:00,194.88,194.88,194.88,7,194.88,481,194.885198
2023-08-02 11:44:00+00:00,194.91,194.91,194.91,17,194.91,486,194.908951
2023-08-02 11:45:00+00:00,194.94,194.95,194.94,31,194.95,1144,194.942745
2023-08-02 11:47:00+00:00,194.88,194.9,194.88,44,194.9,1502,194.890513
2023-08-02 11:48:00+00:00,194.8,194.86,194.8,42,194.86,3381,194.832091
2023-08-02 11:49:00+00:00,194.8,194.81,194.8,37,194.81,4253,194.797597
2023-08-02 11:51:00+00:00,194.81,194.81,194.8,5,194.8,266,194.806391
2023-08-02 11:52:00+00:00,194.8,194.8,194.8,14,194.8,279,194.800394
2023-08-02 11:53:00+00:00,194.66,194.75,194.66,84,194.75,3321,194.695637
2023-08-02 11:54:00+00:00,194.71,194.71,194.66,17,194.66,611,194.700278
2023-08-02 11:55:00+00:00,194.79,194.79,194.75,27,194.75,1790,194.759363
2023-08-02 11:57:00+00:00,194.8,194.8,194.78,21,194.78,2065,194.794504
2023-08-02 11:59:00+00:00,194.74,194.8,194.74,24,194.8,1304,194.785928
2023-08-02 12:00:00+00:00,194.83,194.98,194.5201,516,194.7899,46578,194.797503
2023-08-02 12:01:00+00:00,193.825,194.79,193.825,465,194.79,1775,194.100863
2023-08-02 12:02:00+00:00,194.81,194.81,194.79,190,194.79,1974,194.765145
2023-08-02 12:03:00+00:00,194.78,194.78,194.77,61,194.77,703,194.809182
2023-08-02 12:04:00+00:00,194.88,194.88,194.74,47,194.74,3099,194.838974
2023-08-02 12:05:00+00:00,194.9,194.9,194.86,80,194.87,5065,194.8666
2023-08-02 12:06:00+00:00,194.93,194.93,194.9,38,194.9,1168,194.91024
2023-08-02 12:07:00+00:00,194.9,194.9,194.9,27,194.9,604,194.902136
2023-08-02 12:08:00+00:00,194.85,194.86,194.85,48,194.86,2687,194.856765
2023-08-02 12:09:00+00:00,194.86,194.86,194.86,25,194.86,754,194.857029
2023-08-02 12:10:00+00:00,194.94,194.94,194.88,30,194.88,2325,194.900663
2023-08-02 12:11:00+00:00,194.89,194.92,194.89,23,194.92,758,194.90684
2023-08-02 12:12:00+00:00,194.86,194.87,194.86,29,194.86,1015,194.864226
2023-08-02 12:13:00+00:00,194.82,194.85,194.82,31,194.85,813,194.842786
2023-08-02 12:14:00+00:00,194.89,194.89,194.85,31,194.88,2566,194.866773
2023-08-02 12:15:00+00:00,194.75,194.76,194.75,80,194.76,3112,194.775405
2023-08-02 12:16:00+00:00,194.8,194.8,194.8,41,194.8,1455,194.780704
2023-08-02 12:17:00+00:00,194.66,194.75,194.66,49,194.75,1856,194.698656
2023-08-02 12:18:00+00:00,194.71,194.73,194.65,48,194.65,2776,194.701753
2023-08-02 12:19:00+00:00,194.73,194.73,194.66,36,194.71,1268,194.703155
2023-08-02 12:20:00+00:00,194.7,194.7,194.68,47,194.7,2758,194.69793
2023-08-02 12:21:00+00:00,194.75,194.75,194.75,24,194.75,1104,194.745009
2023-08-02 12:22:00+00:00,194.66,194.76,194.66,37,194.76,887,194.707632
2023-08-02 12:23:00+00:00,194.66,194.69,194.65,50,194.69,2879,194.664109
2023-08-02 12:25:00+00:00,194.71,194.75,194.71,31,194.75,932,194.758294
2023-08-02 12:26:00+00:00,194.65,194.71,194.65,62,194.71,2859,194.662148
2023-08-02 12:27:00+00:00,194.67,194.7,194.67,37,194.7,1422,194.700229
2023-08-02 12:29:00+00:00,194.68,194.7,194.68,33,194.68,2017,194.686849
2023-08-02 12:30:00+00:00,194.67,194.67,194.66,48,194.66,1756,194.677813
2023-08-02 12:31:00+00:00,194.7,194.7,194.7,19,194.7,423,194.697799
2023-08-02 12:32:00+00:00,194.68,194.7,194.68,42,194.7,2413,194.682352
2023-08-02 12:33:00+00:00,194.62,194.68,194.62,60,194.68,4718,194.646798
2023-08-02 12:34:00+00:00,194.59,194.62,194.59,76,194.62,12005,194.611281
2023-08-02 12:35:00+00:00,194.58,194.61,194.55,68,194.61,5491,194.578646
2023-08-02 12:36:00+00:00,194.59,194.6,194.55,79,194.55,5581,194.573374
2023-08-02 12:37:00+00:00,194.56,194.57,194.54,89,194.57,8616,194.548135
2023-08-02 12:38:00+00:00,194.56,194.59,194.56,69,194.56,2953,194.572816
2023-08-02 12:39:00+00:00,194.54,194.59,194.53,117,194.56,12318,194.563222
2023-08-02 12:40:00+00:00,194.59,194.59,194.53,41,194.53,1038,194.566652
2023-08-02 12:41:00+00:00,194.63,194.63,194.62,49,194.62,1266,194.614672
2023-08-02 12:42:00+00:00,194.63,194.63,194.61,44,194.61,1458,194.620785
2023-08-02 12:43:00+00:00,194.55,194.62,194.54,139,194.6,11623,194.568838
2023-08-02 12:44:00+00:00,194.45,194.55,194.45,219,194.55,14686,194.49933
2023-08-02 12:45:00+00:00,194.57,194.57,194.48,92,194.48,4367,194.500142
2023-08-02 12:46:00+00:00,194.63,194.63,194.59,55,194.59,2729,194.605421
2023-08-02 12:47:00+00:00,194.65,194.65,194.64,69,194.64,5657,194.645828
2023-08-02 12:48:00+00:00,194.7,194.7,194.66,50,194.66,1380,194.681236
2023-08-02 12:49:00+00:00,194.74,194.74,194.71,46,194.71,2763,194.721746
2023-08-02 12:50:00+00:00,194.8,194.8,194.7,95,194.72,8653,194.735936
2023-08-02 12:51:00+00:00,194.83,194.86,194.83,58,194.83,3528,194.845492
2023-08-02 12:52:00+00:00,194.81,194.85,194.81,55,194.84,2585,194.828273
2023-08-02 12:53:00+00:00,194.8,194.84,194.79,51,194.79,3148,194.797585
2023-08-02 12:54:00+00:00,194.69,194.72,194.64,79,194.72,3943,194.684961
2023-08-02 12:55:00+00:00,194.68,194.68,194.67,33,194.67,560,194.663884
2023-08-02 12:56:00+00:00,194.78,194.78,194.679,47,194.679,3281,194.749881
2023-08-02 12:57:00+00:00,194.64,194.7,194.62,53,194.7,1535,194.66202
2023-08-02 12:58:00+00:00,194.7,194.7,194.64,35,194.64,726,194.661219
2023-08-02 12:59:00+00:00,194.69,194.7,194.69,37,194.7,3760,194.689785
2023-08-02 13:00:00+00:00,194.66,194.66,194.58,111,194.64,4728,194.630075
2023-08-02 13:01:00+00:00,194.639,194.67,194.62,47,194.67,1251,194.623584
2023-08-02 13:02:00+00:00,194.64,194.64,194.64,42,194.64,557,194.639102
2023-08-02 13:03:00+00:00,194.6,194.63,194.6,55,194.63,1077,194.620687
2023-08-02 13:04:00+00:00,194.58,194.61,194.58,80,194.6,8670,194.592116
2023-08-02 13:05:00+00:00,194.59,194.59,194.55,55,194.58,2411,194.567748
2023-08-02 13:06:00+00:00,194.66,194.7,194.589,89,194.589,3097,194.638365
2023-08-02 13:07:00+00:00,194.74,194.79,194.73,107,194.73,7105,194.756049
2023-08-02 13:08:00+00:00,194.76,194.76,194.7,61,194.71,3221,194.721776
2023-08-02 13:09:00+00:00,194.55,194.7,194.51,302,194.7,19473,194.581757
2023-08-02 13:10:00+00:00,194.45,194.53,194.4,252,194.53,13718,194.467858
2023-08-02 13:11:00+00:00,194.45,194.45,194.36,190,194.44,10642,194.399059
2023-08-02 13:12:00+00:00,194.42,194.45,194.42,76,194.45,2901,194.429286
2023-08-02 13:13:00+00:00,194.5,194.54,194.43,110,194.43,3789,194.51145
2023-08-02 13:14:00+00:00,194.6,194.6,194.52,73,194.52,1566,194.554958
2023-08-02 13:15:00+00:00,194.53,194.62,194.53,80,194.61,4326,194.589826
2023-08-02 13:16:00+00:00,194.5,194.54,194.5,58,194.54,3226,194.504929
2023-08-02 13:17:00+00:00,194.54,194.59,194.52,70,194.52,3140,194.544531
2023-08-02 13:18:00+00:00,194.58,194.58,194.58,39,194.58,882,194.588314
2023-08-02 13:19:00+00:00,194.55,194.58,194.55,69,194.58,2640,194.570566
2023-08-02 13:20:00+00:00,194.72,194.72,194.57,73,194.57,2895,194.640086
2023-08-02 13:21:00+00:00,194.55,194.68,194.5,118,194.68,6813,194.579389
2023-08-02 13:22:00+00:00,194.48,194.53,194.4,192,194.53,10430,194.482105
2023-08-02 13:23:00+00:00,194.53,194.56,194.48,124,194.48,8085,194.51678
2023-08-02 13:24:00+00:00,194.49,194.54,194.49,63,194.52,2019,194.516078
2023-08-02 13:25:00+00:00,194.61,194.63,194.51,95,194.52,2701,194.57761
2023-08-02 13:26:00+00:00,194.74,194.8,194.65,150,194.67,12113,194.730315
2023-08-02 13:27:00+00:00,194.81,195.01,194.75,235,194.75,12662,194.919038
2023-08-02 13:28:00+00:00,194.93,194.96,194.66,141,194.88,8940,194.868862
2023-08-02 13:29:00+00:00,195.08,195.08,194.93,267,194.96,19959,194.992297
2023-08-02 13:30:00+00:00,194.91,195.18,194.8,7197,195.04,848450,194.995467
2023-08-02 13:31:00+00:00,194.645,194.9821,194.63,2266,194.9187,196238,194.793847
2023-08-02 13:32:00+00:00,194.65,194.79,194.5991,1830,194.6389,123157,194.712338
2023-08-02 13:33:00+00:00,194.595,194.85,194.595,1741,194.65,145718,194.734213
2023-08-02 13:34:00+00:00,194.19,194.593,194.13,3295,194.593,313080,194.313049
2023-08-02 13:35:00+00:00,194.08,194.18,194.0,3211,194.1601,374089,194.071888
2023-08-02 13:36:00+00:00,193.89,194.15,193.8275,3273,194.08,240491,193.971468
2023-08-02 13:37:00+00:00,193.75,193.979,193.71,2623,193.8925,191026,193.813993
2023-08-02 13:38:00+00:00,193.789,193.8,193.58,2981,193.75,225346,193.679843
2023-08-02 13:39:00+00:00,193.66,193.8099,193.64,2952,193.79,214086,193.722702
2023-08-02 13:40:00+00:00,193.48,193.68,193.37,4085,193.66,333974,193.523439
2023-08-02 13:41:00+00:00,193.55,193.61,193.44,2223,193.49,182919,193.538664
2023-08-02 13:42:00+00:00,193.59,193.655,193.5,2187,193.54,183958,193.588879
2023-08-02 13:43:00+00:00,193.811,193.85,193.56,2249,193.5974,192998,193.711288
2023-08-02 13:44:00+00:00,193.5858,193.9,193.58,2953,193.81,241739,193.786743
2023-08-02 13:45:00+00:00,193.83,193.95,193.54,2958,193.59,218054,193.794971
2023-08-02 13:46:00+00:00,193.83,193.979,193.76,4328,193.835,204764,193.865626
2023-08-02 13:47:00+00:00,193.9,193.9502,193.8,3885,193.85,153202,193.873466
2023-08-02 13:48:00+00:00,193.955,193.99,193.8401,3835,193.88,133969,193.929406
2023-08-02 13:49:00+00:00,194.015,194.12,193.9574,4065,193.9574,180820,194.023331
2023-08-02 13:50:00+00:00,193.92,194.01,193.87,3946,194.01,143047,193.944859
2023-08-02 13:51:00+00:00,193.92,193.96,193.855,3790,193.94,167395,193.917656
2023-08-02 13:52:00+00:00,193.85,193.96,193.77,3458,193.92,94404,193.877643
2023-08-02 13:53:00+00:00,194.13,194.15,193.86,3712,193.86,127105,193.997603
2023-08-02 13:54:00+00:00,193.82,194.14,193.75,4382,194.12,187963,193.91471
2023-08-02 13:55:00+00:00,193.99,194.02,193.82,3172,193.82,87307,193.918278
2023-08-02 13:56:00+00:00,194.02,194.12,193.955,3494,193.96,214506,194.023358
2023-08-02 13:57:00+00:00,194.03,194.04,193.91,3132,194.02,76870,193.983446
2023-08-02 13:58:00+00:00,193.99,194.025,193.9333,3207,194.01,140331,193.882866
2023-08-02 13:59:00+00:00,194.0,194.07,193.95,3312,193.985,104315,194.008
2023-08-02 14:00:00+00:00,194.035,194.04,193.95,4169,194.0,149962,193.994519
2023-08-02 14:01:00+00:00,194.09,194.11,193.99,3837,194.04,122349,194.054906
2023-08-02 14:02:00+00:00,194.16,194.27,194.089,4039,194.1025,169676,194.187402
2023-08-02 14:03:00+00:00,194.065,194.175,194.03,3490,194.16,123720,194.114002
2023-08-02 14:04:00+00:00,194.09,194.1699,194.02,3556,194.075,86348,194.089357
2023-08-02 14:05:00+00:00,193.8987,194.0899,193.85,3951,194.0899,122702,193.986416
2023-08-02 14:06:00+00:00,193.72,193.9,193.72,4062,193.89,128339,193.809579
2023-08-02 14:07:00+00:00,193.7,193.78,193.68,3775,193.72,130323,193.731802
2023-08-02 14:08:00+00:00,193.57,193.719,193.53,4000,193.69,146854,193.611936
2023-08-02 14:09:00+00:00,193.52,193.58,193.43,4299,193.57,237564,193.486879
2023-08-02 14:10:00+00:00,193.28,193.509,193.28,4405,193.5,166009,193.391458
2023-08-02 14:11:00+00:00,193.3499,193.42,193.28,3338,193.28,101365,193.360215
2023-08-02 14:12:00+00:00,193.215,193.36,193.21,3803,193.345,126707,193.294844
2023-08-02 14:13:00+00:00,193.175,193.24,193.145,4090,193.22,164058,193.199837
2023-08-02 14:14:00+00:00,193.04,193.17,192.95,6690,193.17,283968,193.027624
2023-08-02 14:15:00+00:00,193.13,193.14,192.99,3785,193.03,115907,193.088023
2023-08-02 14:16:00+00:00,193.21,193.25,193.06,3781,193.125,143184,193.137691
2023-08-02 14:17:00+00:00,193.29,193.325,193.16,3433,193.2,110081,193.243624
2023-08-02 14:18:00+00:00,193.3288,193.3777,193.28,3593,193.3,107867,193.326177
2023-08-02 14:19:00+00:00,193.42,193.44,193.315,3426,193.33,101874,193.387898
2023-08-02 14:20:00+00:00,193.27,193.42,193.27,3398,193.42,101134,193.348678
2023-08-02 14:21:00+00:00,193.3,193.335,193.27,3156,193.27,76469,193.31431
2023-08-02 14:22:00+00:00,193.32,193.33,193.265,3483,193.3,93775,193.293554
2023-08-02 14:23:00+00:00,193.315,193.37,193.243,3297,193.325,99529,193.300865
2023-08-02 14:24:00+00:00,193.475,193.48,193.26,3510,193.3195,120969,193.367291
2023-08-02 14:25:00+00:00,193.41,193.49,193.39,3220,193.47,92807,193.438816
2023-08-02 14:26:00+00:00,193.48,193.4916,193.375,2983,193.4096,64517,193.457454
2023-08-02 14:27:00+00:00,193.325,193.5299,193.31,3484,193.485,87960,193.441592
2023-08-02 14:28:00+00:00,193.26,193.3382,193.24,3470,193.33,93652,193.282074
2023-08-02 14:29:00+00:00,193.2782,193.3,193.245,3132,193.255,73493,193.277289
2023-08-02 14:30:00+00:00,193.27,193.29,193.15,3673,193.27,136197,193.207464
2023-08-02 14:31:00+00:00,193.14,193.31,193.12,3346,193.251,113530,193.207949
2023-08-02 14:32:00+00:00,193.0206,193.14,193.02,3180,193.13,85265,193.070017
2023-08-02 14:33:00+00:00,193.03,193.07,192.99,3519,193.03,117467,193.016777
2023-08-02 14:34:00+00:00,193.135,193.1376,193.035,3077,193.04,108385,193.083342
2023-08-02 14:35:00+00:00,193.06,193.155,193.06,2943,193.135,80834,193.117724
2023-08-02 14:36:00+00:00,193.08,193.1,193.01,2954,193.07,80054,193.063951
2023-08-02 14:37:00+00:00,193.23,193.24,193.05,2960,193.075,79686,193.154626
2023-08-02 14:38:00+00:00,193.295,193.2999,193.22,1209,193.23,80638,193.271419
2023-08-02 14:39:00+00:00,193.24,193.2995,193.21,890,193.2995,60173,193.257424
2023-08-02 14:40:00+00:00,193.16,193.26,193.16,1040,193.22,59728,193.207374
2023-08-02 14:41:00+00:00,193.0969,193.155,193.05,1007,193.155,61466,193.099165
2023-08-02 14:42:00+00:00,193.055,193.1,192.995,1370,193.09,101469,193.044168
2023-08-02 14:43:00+00:00,193.1699,193.2,192.985,1394,193.06,205188,193.078529
2023-08-02 14:44:00+00:00,193.1761,193.2,193.1,878,193.15,65317,193.142468
2023-08-02 14:45:00+00:00,193.055,193.2,193.0104,1320,193.1807,83225,193.09809
2023-08-02 14:46:00+00:00,193.12,193.167,193.03,1315,193.05,147200,193.12814
2023-08-02 14:47:00+00:00,193.02,193.125,193.02,1270,193.12,87667,193.069935
2023-08-02 14:48:00+00:00,192.9911,193.09,192.9801,1432,193.02,114534,193.024078
2023-08-02 14:49:00+00:00,193.03,193.03,192.9701,1338,192.9869,92238,193.008106
2023-08-02 14:50:00+00:00,193.1313,193.17,192.99,1353,193.02,89378,193.070535
2023-08-02 14:51:00+00:00,193.11,193.17,193.1,908,193.11,57617,193.134871
2023-08-02 14:52:00+00:00,193.05,193.13,193.05,915,193.11,86760,193.091596
2023-08-02 14:53:00+00:00,193.1213,193.18,193.02,967,193.06,58861,193.095052
2023-08-02 14:54:00+00:00,193.05,193.1252,193.04,681,193.11,36480,193.08089
2023-08-02 14:55:00+00:00,192.92,193.055,192.91,1937,193.055,128253,192.98241
2023-08-02 14:56:00+00:00,192.94,192.98,192.84,1819,192.91,137240,192.903373
2023-08-02 14:57:00+00:00,192.94,193.04,192.91,1412,192.941,95728,192.958509
2023-08-02 14:58:00+00:00,192.805,192.9454,192.8001,1805,192.94,113760,192.851071
2023-08-02 14:59:00+00:00,192.8001,192.85,192.75,1748,192.8,147951,192.795028
2023-08-02 15:00:00+00:00,192.97,192.98,192.78,1376,192.8,97944,192.911953
2023-08-02 15:01:00+00:00,192.85,192.96,192.84,1231,192.9544,74874,192.920149
2023-08-02 15:02:00+00:00,192.89,192.89,192.8,1160,192.84,73737,192.842295
2023-08-02 15:03:00+00:00,192.765,192.89,192.75,1363,192.8799,79024,192.816764
2023-08-02 15:04:00+00:00,192.8881,192.95,192.75,2853,192.805,212558,192.810145
2023-08-02 15:05:00+00:00,192.82,192.965,192.81,1298,192.88,103367,192.880167
2023-08-02 15:06:00+00:00,192.54,192.81,192.53,2097,192.81,144131,192.663411
2023-08-02 15:07:00+00:00,192.5986,192.65,192.52,1159,192.54,73771,192.571115
2023-08-02 15:08:00+00:00,192.58,192.7,192.57,1066,192.6,67686,192.630672
2023-08-02 15:09:00+00:00,192.65,192.67,192.54,1287,192.57,75707,192.617516
2023-08-02 15:10:00+00:00,192.815,192.835,192.6485,1451,192.6485,152357,192.736071
2023-08-02 15:11:00+00:00,192.81,192.86,192.72,1221,192.815,130579,192.791125
2023-08-02 15:12:00+00:00,192.8832,192.965,192.81,1184,192.81,82885,192.89167
2023-08-02 15:13:00+00:00,192.86,192.96,192.84,871,192.8836,48559,192.878937
2023-08-02 15:14:00+00:00,192.9101,192.94,192.82,841,192.85,51116,192.866768
2023-08-02 15:15:00+00:00,192.9177,193.0,192.88,1350,192.91,147149,192.956388
2023-08-02 15:16:00+00:00,192.8,192.92,192.76,1162,192.915,82599,192.816068
2023-08-02 15:17:00+00:00,192.8299,192.8419,192.77,801,192.8148,62191,192.809096
2023-08-02 15:18:00+00:00,192.83,192.87,192.76,1277,192.8218,161775,192.834561
2023-08-02 15:19:00+00:00,192.805,192.865,192.8,851,192.83,66779,192.830663
2023-08-02 15:20:00+00:00,192.79,192.82,192.75,990,192.81,70899,192.785359
2023-08-02 15:21:00+00:00,192.765,192.79,192.65,1363,192.78,84807,192.720504
2023-08-02 15:22:00+00:00,192.97,192.98,192.77,1301,192.77,109265,192.879843
2023-08-02 15:23:00+00:00,193.03,193.04,192.96,1099,192.98,81801,193.002488
2023-08-02 15:24:00+00:00,193.05,193.09,192.985,1003,193.0399,84147,193.035273
2023-08-02 15:25:00+00:00,193.0162,193.07,192.91,954,193.04,70354,192.98542
2023-08-02 15:26:00+00:00,193.01,193.04,192.92,993,193.01,63047,192.992452
2023-08-02 15:27:00+00:00,193.0804,193.13,193.0,1069,193.0,83904,193.083517
2023-08-02 15:28:00+00:00,193.0,193.1,192.9954,853,193.08,59706,193.048911
2023-08-02 15:29:00+00:00,193.01,193.08,192.98,1078,193.01,115966,193.011562
2023-08-02 15:30:00+00:00,192.99,193.03,192.905,1092,193.0049,70345,192.965131
2023-08-02 15:31:00+00:00,192.9,193.055,192.89,1041,193.0,61973,192.935984
2023-08-02 15:32:00+00:00,192.8999,192.99,192.89,682,192.9001,37675,192.922038
2023-08-02 15:33:00+00:00,192.97,192.97,192.87,777,192.9,47618,192.915427
2023-08-02 15:34:00+00:00,193.075,193.09,192.94,948,192.9613,70299,193.027216
2023-08-02 15:35:00+00:00,193.09,193.12,193.01,1048,193.08,92961,193.075505
2023-08-02 15:36:00+00:00,193.27,193.27,193.09,1563,193.09,136674,193.190294
2023-08-02 15:37:00+00:00,193.21,193.2712,193.14,1168,193.2712,105475,193.187595
2023-08-02 15:38:00+00:00,193.18,193.25,193.1718,781,193.2,104103,193.200132
2023-08-02 15:39:00+00:00,193.0201,193.1888,193.01,1002,193.18,68971,193.101164
2023-08-02 15:40:00+00:00,192.99,193.0199,192.94,1123,193.01,98244,192.987118
2023-08-02 15:41:00+00:00,192.951,193.02,192.92,924,192.98,71440,192.961347
2023-08-02 15:42:00+00:00,192.92,192.9699,192.915,700,192.95,57397,192.94176
2023-08-02 15:43:00+00:00,192.92,192.98,192.9,872,192.9201,61349,192.935797
2023-08-02 15:44:00+00:00,192.93,192.97,192.89,771,192.92,50393,192.923401
2023-08-02 15:45:00+00:00,192.92,192.94,192.9,687,192.925,39260,192.91241
2023-08-02 15:46:00+00:00,192.98,193.02,192.89,968,192.9201,85793,192.949982
2023-08-02 15:47:00+00:00,192.9232,193.02,192.91,641,192.9829,36401,192.965589
2023-08-02 15:48:00+00:00,192.75,192.92,192.75,1610,192.92,137182,192.819774
2023-08-02 15:49:00+00:00,192.75,192.7586,192.68,1120,192.7562,90885,192.717692
2023-08-02 15:50:00+00:00,192.695,192.7499,192.63,1004,192.73,73348,192.678227
2023-08-02 15:51:00+00:00,192.7301,192.75,192.7,907,192.707,70338,192.722473
2023-08-02 15:52:00+00:00,192.7014,192.74,192.68,791,192.7228,51884,192.710035
2023-08-02 15:53:00+00:00,192.705,192.76,192.6799,846,192.71,58298,192.713467
2023-08-02 15:54:00+00:00,192.7327,192.78,192.68,752,192.71,50089,192.732335
2023-08-02 15:55:00+00:00,192.66,192.77,192.63,1385,192.74,160104,192.719131
2023-08-02 15:56:00+00:00,192.68,192.715,192.61,1116,192.66,81756,192.65192
2023-08-02 15:57:00+00:00,192.68,192.75,192.68,812,192.68,103470,192.708414
2023-08-02 15:58:00+00:00,192.69,192.725,192.625,851,192.69,57823,192.682014
2023-08-02 15:59:00+00:00,192.58,192.68,192.58,1230,192.6752,93318,192.626977
2023-08-02 16:00:00+00:00,192.555,192.63,192.545,1348,192.588,135281,192.571202
2023-08-02 16:01:00+00:00,192.3701,192.58,192.32,3678,192.56,265488,192.437586
2023-08-02 16:02:00+00:00,192.36,192.4,192.32,1306,192.3601,99674,192.359727
2023-08-02 16:03:00+00:00,192.255,192.375,192.255,1364,192.37,106559,192.305014
2023-08-02 16:04:00+00:00,192.2202,192.3,192.22,1458,192.25,102850,192.254684
2023-08-02 16:05:00+00:00,192.22,192.235,192.185,1666,192.22,106656,192.208766
2023-08-02 16:06:00+00:00,192.1,192.23,192.095,1386,192.22,89070,192.16702
2023-08-02 16:07:00+00:00,192.18,192.18,192.05,1800,192.095,143904,192.090479
2023-08-02 16:08:00+00:00,192.1901,192.31,192.17,1635,192.18,163468,192.23635
2023-08-02 16:09:00+00:00,192.2,192.21,192.12,1181,192.2,71228,192.168469
2023-08-02 16:10:00+00:00,192.2,192.28,192.0959,1468,192.21,99160,192.180815
2023-08-02 16:11:00+00:00,192.1346,192.21,192.13,1146,192.19,61793,192.170932
2023-08-02 16:12:00+00:00,192.22,192.27,192.11,1574,192.13,111799,192.185744
2023-08-02 16:13:00+00:00,192.2,192.23,192.09,1452,192.21,111502,192.161602
2023-08-02 16:14:00+00:00,192.226,192.26,192.19,1208,192.1955,76895,192.231736
2023-08-02 16:15:00+00:00,192.4,192.52,192.22,2484,192.225,187513,192.354897
2023-08-02 16:16:00+00:00,192.395,192.453,192.36,1281,192.4,111244,192.398087
2023-08-02 16:17:00+00:00,192.1758,192.39,192.16,1422,192.38,96210,192.257148
2023-08-02 16:18:00+00:00,192.1921,192.2,192.1,1188,192.16,80801,192.139213
2023-08-02 16:19:00+00:00,192.13,192.26,192.129,1244,192.19,90766,192.195013
2023-08-02 16:20:00+00:00,192.1023,192.22,192.1,1122,192.14,75114,192.141621
2023-08-02 16:21:00+00:00,192.13,192.16,192.085,1233,192.11,80173,192.117903
2023-08-02 16:22:00+00:00,192.02,192.135,192.01,1161,192.11,64353,192.059142
2023-08-02 16:23:00+00:00,191.99,192.13,191.92,4712,192.0199,260310,192.003832
2023-08-02 16:24:00+00:00,191.87,192.0,191.87,1462,191.9803,93033,191.936798
2023-08-02 16:25:00+00:00,191.98,192.05,191.87,1455,191.88,93358,191.955658
2023-08-02 16:26:00+00:00,191.96,192.0,191.9,1169,191.975,81173,191.954158
2023-08-02 16:27:00+00:00,191.9217,192.0,191.9,849,191.97,56082,191.956355
2023-08-02 16:28:00+00:00,191.9015,191.9599,191.8507,1088,191.925,70954,191.904187
2023-08-02 16:29:00+00:00,191.93,191.96,191.905,1027,191.905,69149,191.933591
2023-08-02 16:30:00+00:00,191.875,192.03,191.87,1383,191.9326,105093,191.94613
2023-08-02 16:31:00+00:00,191.955,191.955,191.86,1198,191.87,87015,191.903905
2023-08-02 16:32:00+00:00,191.995,192.02,191.955,1086,191.96,71196,191.989305
2023-08-02 16:33:00+00:00,192.01,192.03,191.96,1036,191.99,77107,191.997099
2023-08-02 16:34:00+00:00,192.105,192.13,192.0,1493,192.0,119821,192.078502
2023-08-02 16:35:00+00:00,192.06,192.14,192.06,1459,192.1,127824,192.100038
2023-08-02 16:36:00+00:00,192.3,192.3,192.065,1237,192.07,153654,192.153188
2023-08-02 16:37:00+00:00,192.36,192.54,192.3,2291,192.31,189075,192.405436
2023-08-02 16:38:00+00:00,192.2958,192.351,192.25,892,192.35,77977,192.30416
2023-08-02 16:39:00+00:00,192.3,192.32,192.26,850,192.3,49919,192.284742
2023-08-02 16:40:00+00:00,192.27,192.37,192.25,742,192.31,41378,192.315326
2023-08-02 16:41:00+00:00,192.3,192.3299,192.25,845,192.285,51250,192.297631
2023-08-02 16:42:00+00:00,192.3289,192.38,192.29,766,192.3,51975,192.343288
2023-08-02 16:43:00+00:00,192.3701,192.43,192.2701,765,192.3353,53278,192.353117
2023-08-02 16:44:00+00:00,192.4563,192.46,192.355,899,192.37,83437,192.406917
2023-08-02 16:45:00+00:00,192.4514,192.505,192.431,846,192.455,57452,192.462952
2023-08-02 16:46:00+00:00,192.51,192.5395,192.455,894,192.46,57519,192.4948
2023-08-02 16:47:00+00:00,192.5275,192.5499,192.4843,799,192.515,54992,192.521719
2023-08-02 16:48:00+00:00,192.51,192.55,192.505,843,192.53,45390,192.527162
2023-08-02 16:49:00+00:00,192.53,192.57,192.49,764,192.51,45353,192.529531
2023-08-02 16:50:00+00:00,192.53,192.57,192.51,942,192.531,69467,192.546454
2023-08-02 16:51:00+00:00,192.48,192.54,192.4659,857,192.53,62777,192.500276
2023-08-02 16:52:00+00:00,192.53,192.53,192.4306,1068,192.485,83354,192.47327
2023-08-02 16:53:00+00:00,192.56,192.6,192.51,1006,192.53,69713,192.556226
2023-08-02 16:54:00+00:00,192.57,192.605,192.52,1118,192.565,152010,192.628161
2023-08-02 16:55:00+00:00,192.555,192.605,192.535,706,192.57,43648,192.572015
2023-08-02 16:56:00+00:00,192.66,192.71,192.555,911,192.555,65017,192.654682
2023-08-02 16:57:00+00:00,192.69,192.72,192.655,750,192.66,59758,192.688487
2023-08-02 16:58:00+00:00,192.7693,192.77,192.68,795,192.7,71844,192.725274
2023-08-02 16:59:00+00:00,192.84,192.84,192.75,1205,192.7684,99861,192.789687
2023-08-02 17:00:00+00:00,192.8611,192.9,192.7799,1036,192.83,83510,192.831526
2023-08-02 17:01:00+00:00,192.9672,192.97,192.83,763,192.8799,63654,192.9045
2023-08-02 17:02:00+00:00,192.91,193.0101,192.9,1149,192.96,90659,192.962161
2023-08-02 17:03:00+00:00,192.94,192.97,192.87,1052,192.91,85113,192.927477
2023-08-02 17:04:00+00:00,193.12,193.12,192.93,1310,192.955,119775,193.058791
2023-08-02 17:05:00+00:00,193.045,193.12,193.01,1096,193.1108,81571,193.064859
2023-08-02 17:06:00+00:00,193.061,193.1123,193.045,796,193.0501,63276,193.073142
2023-08-02 17:07:00+00:00,192.94,193.06,192.94,792,193.06,69043,192.996629
2023-08-02 17:08:00+00:00,192.9701,193.015,192.9144,663,192.93,45249,192.960923
2023-08-02 17:09:00+00:00,192.9115,192.9999,192.8699,962,192.97,78944,192.929177
2023-08-02 17:10:00+00:00,192.951,193.0,192.9,552,192.91,41618,192.95062
2023-08-02 17:11:00+00:00,192.91,192.985,192.89,666,192.94,45833,192.940805
2023-08-02 17:12:00+00:00,192.91,193.0,192.9,684,192.9199,49004,192.946008
2023-08-02 17:13:00+00:00,192.905,192.97,192.89,635,192.91,55177,192.915017
2023-08-02 17:14:00+00:00,192.8281,192.91,192.805,793,192.9001,55919,192.846482
2023-08-02 17:15:00+00:00,192.8,192.8699,192.763,869,192.83,65858,192.806853
2023-08-02 17:16:00+00:00,192.7555,192.8483,192.75,651,192.81,36995,192.790053
2023-08-02 17:17:00+00:00,192.85,192.8612,192.77,600,192.77,41407,192.821221
2023-08-02 17:18:00+00:00,192.8946,192.948,192.84,654,192.84,38138,192.883255
2023-08-02 17:19:00+00:00,192.94,192.94,192.89,558,192.91,27828,192.92199
2023-08-02 17:20:00+00:00,192.885,192.96,192.8801,643,192.93,35466,192.922126
2023-08-02 17:21:00+00:00,192.77,192.915,192.77,735,192.89,47321,192.844664
2023-08-02 17:22:00+00:00,192.91,192.91,192.76,607,192.764,44319,192.826107
2023-08-02 17:23:00+00:00,192.8247,192.91,192.82,763,192.902,45961,192.861449
2023-08-02 17:24:00+00:00,192.735,192.85,192.7256,739,192.8323,43122,192.78386
2023-08-02 17:25:00+00:00,192.85,192.85,192.7,786,192.74,59369,192.770055
2023-08-02 17:26:00+00:00,192.73,192.8644,192.7201,962,192.843,71969,192.772758
2023-08-02 17:27:00+00:00,192.73,192.7832,192.69,717,192.74,37665,192.732667
2023-08-02 17:28:00+00:00,192.83,192.83,192.72,763,192.73,35613,192.772787
2023-08-02 17:29:00+00:00,192.99,193.0,192.835,904,192.84,64601,192.914211
2023-08-02 17:30:00+00:00,192.98,193.18,192.8901,1980,192.99,142375,193.045985
2023-08-02 17:31:00+00:00,193.0079,193.07,192.975,760,193.0,39225,193.019207
2023-08-02 17:32:00+00:00,193.12,193.125,192.97,743,193.0,38185,193.042262
2023-08-02 17:33:00+00:00,193.1,193.17,193.08,664,193.1257,48472,193.127018
2023-08-02 17:34:00+00:00,193.15,193.17,193.095,641,193.095,42867,193.126893
2023-08-02 17:35:00+00:00,193.195,193.2,193.125,628,193.15,62004,193.156963
2023-08-02 17:36:00+00:00,193.16,193.245,193.12,811,193.2,72132,193.206123
2023-08-02 17:37:00+00:00,193.12,193.1499,193.07,557,193.1499,48006,193.100825
2023-08-02 17:38:00+00:00,193.19,193.21,193.12,528,193.12,39330,193.165721
2023-08-02 17:39:00+00:00,193.2124,193.25,193.18,866,193.195,75419,193.212543
2023-08-02 17:40:00+00:00,193.125,193.21,193.113,603,193.21,36520,193.15793
2023-08-02 17:41:00+00:00,193.08,193.14,193.07,628,193.12,39017,193.106021
2023-08-02 17:42:00+00:00,193.14,193.15,193.05,878,193.0899,83310,193.095844
2023-08-02 17:43:00+00:00,193.06,193.18,193.04,759,193.15,40470,193.094749
2023-08-02 17:44:00+00:00,193.06,193.1099,193.03,634,193.06,47642,193.065813
2023-08-02 17:45:00+00:00,193.095,193.1083,193.04,519,193.07,33987,193.075624
2023-08-02 17:46:00+00:00,193.04,193.11,193.01,563,193.1,20462,193.055965
2023-08-02 17:47:00+00:00,193.0686,193.09,193.03,485,193.04,21999,193.05977
2023-08-02 17:48:00+00:00,192.96,193.08,192.96,745,193.06,40493,193.029441
2023-08-02 17:49:00+00:00,192.96,193.0188,192.93,642,192.97,44901,192.969384
2023-08-02 17:50:00+00:00,193.025,193.03,192.92,708,192.97,46465,192.971932
2023-08-02 17:51:00+00:00,192.9001,193.02,192.9,600,193.02,246168,193.008883
2023-08-02 17:52:00+00:00,192.92,192.945,192.9,475,192.9,36250,192.934969
2023-08-02 17:53:00+00:00,192.87,192.94,192.86,613,192.92,33009,192.898988
2023-08-02 17:54:00+00:00,192.86,192.89,192.855,622,192.885,36444,192.875345
2023-08-02 17:55:00+00:00,192.79,192.86,192.735,918,192.86,57482,192.786581
2023-08-02 17:56:00+00:00,192.73,192.81,192.73,717,192.79,35565,192.778476
2023-08-02 17:57:00+00:00,192.775,192.79,192.71,580,192.725,33323,192.742878
2023-08-02 17:58:00+00:00,192.88,192.88,192.775,641,192.775,52119,192.833528
2023-08-02 17:59:00+00:00,192.8301,192.9099,192.8301,518,192.88,39772,192.872927
2023-08-02 18:00:00+00:00,192.8915,192.9732,192.82,736,192.84,49242,192.911117
2023-08-02 18:01:00+00:00,192.93,192.95,192.8553,511,192.875,39748,192.902261
2023-08-02 18:02:00+00:00,192.82,192.95,192.818,486,192.94,25798,192.887849
2023-08-02 18:03:00+00:00,192.9699,192.97,192.78,537,192.82,30590,192.863516
2023-08-02 18:04:00+00:00,193.0,193.01,192.97,523,192.97,42754,192.984559
2023-08-02 18:05:00+00:00,192.8734,193.0,192.84,652,192.99,41012,192.919933
2023-08-02 18:06:00+00:00,192.985,192.99,192.88,525,192.8805,37967,192.947374
2023-08-02 18:07:00+00:00,193.0301,193.0678,192.94,607,192.9879,47752,193.004425
2023-08-02 18:08:00+00:00,193.09,193.13,193.0201,750,193.05,83654,193.077805
2023-08-02 18:09:00+00:00,193.11,193.125,193.05,544,193.08,35336,193.091187
2023-08-02 18:10:00+00:00,193.04,193.1,193.0285,594,193.1,37678,193.07248
2023-08-02 18:11:00+00:00,192.99,193.07,192.92,791,193.021,59477,192.983464
2023-08-02 18:12:00+00:00,192.94,192.98,192.88,640,192.98,35175,192.934597
2023-08-02 18:13:00+00:00,193.04,193.04,192.925,554,192.95,49914,192.977898
2023-08-02 18:14:00+00:00,193.07,193.09,193.04,787,193.045,210476,193.019837
2023-08-02 18:15:00+00:00,193.1,193.12,193.041,574,193.06,37442,193.087587
2023-08-02 18:16:00+00:00,193.15,193.175,193.1,713,193.1,67675,193.146431
2023-08-02 18:17:00+00:00,193.23,193.2599,193.15,718,193.1501,75987,193.216166
2023-08-02 18:18:00+00:00,193.185,193.25,193.17,714,193.235,51212,193.208705
2023-08-02 18:19:00+00:00,193.229,193.26,193.19,674,193.19,57462,193.214259
2023-08-02 18:20:00+00:00,193.14,193.225,193.1201,845,193.225,82324,193.194307
2023-08-02 18:21:00+00:00,193.07,193.15,193.05,684,193.15,42198,193.087088
2023-08-02 18:22:00+00:00,193.0819,193.12,193.04,660,193.0599,54803,193.07382
2023-08-02 18:23:00+00:00,192.995,193.081,192.99,804,193.08,53129,193.03356
2023-08-02 18:24:00+00:00,193.0,193.03,192.98,670,192.99,46644,193.000578
2023-08-02 18:25:00+00:00,192.935,193.07,192.9101,767,193.01,57466,192.990327
2023-08-02 18:26:00+00:00,193.0012,193.025,192.9,683,192.93,57783,192.962426
2023-08-02 18:27:00+00:00,193.01,193.02,192.93,749,193.0,49838,192.98912
2023-08-02 18:28:00+00:00,193.055,193.07,192.9718,629,193.0052,37371,193.006661
2023-08-02 18:29:00+00:00,192.97,193.05,192.9516,608,193.05,31151,193.005272
2023-08-02 18:30:00+00:00,192.91,193.03,192.9,864,192.97,59040,192.96125
2023-08-02 18:31:00+00:00,192.97,192.97,192.86,799,192.92,59907,192.911982
2023-08-02 18:32:00+00:00,192.9332,192.97,192.89,816,192.9521,57738,192.928843
2023-08-02 18:33:00+00:00,192.885,192.97,192.8,886,192.95,66897,192.865881
2023-08-02 18:34:00+00:00,192.88,192.915,192.86,486,192.9,29930,192.881746
2023-08-02 18:35:00+00:00,192.81,192.89,192.8,649,192.885,32712,192.849321
2023-08-02 18:36:00+00:00,192.7584,192.82,192.7,905,192.81,56770,192.767642
2023-08-02 18:37:00+00:00,192.76,192.78,192.73,697,192.7514,47665,192.760096
2023-08-02 18:38:00+00:00,192.79,192.82,192.75,583,192.7501,41252,192.787156
2023-08-02 18:39:00+00:00,192.71,192.84,192.7,801,192.79,58177,192.757054
2023-08-02 18:40:00+00:00,192.695,192.75,192.69,762,192.71,63653,192.718441
2023-08-02 18:41:00+00:00,192.645,192.715,192.63,1013,192.695,63587,192.675629
2023-08-02 18:42:00+00:00,192.6622,192.71,192.64,601,192.6401,47389,192.670282
2023-08-02 18:43:00+00:00,192.68,192.73,192.65,518,192.6595,34603,192.696389
2023-08-02 18:44:00+00:00,192.6289,192.71,192.61,831,192.6814,62579,192.660164
2023-08-02 18:45:00+00:00,192.7,192.7,192.59,768,192.6,47812,192.656089
2023-08-02 18:46:00+00:00,192.71,192.75,192.6422,725,192.7,44854,192.678248
2023-08-02 18:47:00+00:00,192.7976,192.8185,192.7,816,192.71,79369,192.74381
2023-08-02 18:48:00+00:00,192.77,192.92,192.77,864,192.79,75865,192.845524
2023-08-02 18:49:00+00:00,192.7709,192.83,192.76,530,192.76,38930,192.791538
2023-08-02 18:50:00+00:00,192.79,192.81,192.725,585,192.78,41465,192.769363
2023-08-02 18:51:00+00:00,192.75,192.85,192.735,694,192.785,46892,192.796133
2023-08-02 18:52:00+00:00,192.84,192.855,192.75,747,192.75,51828,192.813455
2023-08-02 18:53:00+00:00,192.8479,192.87,192.82,574,192.84,42598,192.849915
2023-08-02 18:54:00+00:00,192.8599,192.87,192.81,561,192.85,41930,192.839232
2023-08-02 18:55:00+00:00,192.775,192.87,192.74,871,192.86,82086,192.817963
2023-08-02 18:56:00+00:00,192.79,192.82,192.76,588,192.7654,54495,192.788538
2023-08-02 18:57:00+00:00,192.81,192.81,192.74,594,192.785,36917,192.775923
2023-08-02 18:58:00+00:00,192.715,192.81,192.7,622,192.805,44456,192.741829
2023-08-02 18:59:00+00:00,192.77,192.77,192.7021,667,192.715,51575,192.740868
2023-08-02 19:00:00+00:00,192.79,192.815,192.73,619,192.765,42913,192.776625
2023-08-02 19:01:00+00:00,192.845,192.85,192.78,699,192.79,59664,192.821437
2023-08-02 19:02:00+00:00,192.83,192.8811,192.82,689,192.835,54714,192.854862
2023-08-02 19:03:00+00:00,192.915,192.93,192.8141,626,192.825,53832,192.891413
2023-08-02 19:04:00+00:00,192.93,192.9489,192.9019,756,192.92,56741,192.922136
2023-08-02 19:05:00+00:00,192.8511,192.9308,192.8511,801,192.93,59251,192.895652
2023-08-02 19:06:00+00:00,192.79,192.865,192.775,902,192.85,77361,192.817903
2023-08-02 19:07:00+00:00,192.71,192.8,192.67,1150,192.79,85394,192.72869
2023-08-02 19:08:00+00:00,192.672,192.78,192.66,1087,192.7022,80131,192.706075
2023-08-02 19:09:00+00:00,192.6949,192.75,192.6599,950,192.68,73477,192.708397
2023-08-02 19:10:00+00:00,192.65,192.745,192.6325,980,192.695,79806,192.700177
2023-08-02 19:11:00+00:00,192.63,192.73,192.63,985,192.66,69233,192.668684
2023-08-02 19:12:00+00:00,192.63,192.655,192.6,813,192.635,61990,192.629207
2023-08-02 19:13:00+00:00,192.6504,192.68,192.61,765,192.64,64891,192.643239
2023-08-02 19:14:00+00:00,192.7,192.73,192.63,831,192.65,77205,192.679042
2023-08-02 19:15:00+00:00,192.6525,192.7868,192.65,1096,192.695,119296,192.716365
2023-08-02 19:16:00+00:00,192.615,192.6887,192.61,948,192.6525,66387,192.640406
2023-08-02 19:17:00+00:00,192.49,192.61,192.4844,1857,192.61,122243,192.53744
2023-08-02 19:18:00+00:00,192.425,192.5,192.4101,1176,192.485,86599,192.446118
2023-08-02 19:19:00+00:00,192.53,192.55,192.415,1161,192.42,99217,192.497637
2023-08-02 19:20:00+00:00,192.55,192.61,192.485,1199,192.53,104857,192.553835
2023-08-02 19:21:00+00:00,192.54,192.5958,192.5,1054,192.5481,80853,192.554093
2023-08-02 19:22:00+00:00,192.57,192.5911,192.53,866,192.54,67107,192.569597
2023-08-02 19:23:00+00:00,192.52,192.59,192.52,908,192.57,73096,192.543861
2023-08-02 19:24:00+00:00,192.495,192.535,192.47,876,192.52,74429,192.5005
2023-08-02 19:25:00+00:00,192.4701,192.57,192.47,1111,192.51,87020,192.514173
2023-08-02 19:26:00+00:00,192.3407,192.48,192.3407,1506,192.475,121564,192.400223
2023-08-02 19:27:00+00:00,192.28,192.3463,192.2501,1398,192.3401,100979,192.293211
2023-08-02 19:28:00+00:00,192.29,192.38,192.26,1364,192.289,127443,192.317143
2023-08-02 19:29:00+00:00,192.3,192.37,192.28,1052,192.29,80420,192.307912
2023-08-02 19:30:00+00:00,192.28,192.35,192.22,1453,192.3,119873,192.289293
2023-08-02 19:31:00+00:00,192.29,192.375,192.285,1374,192.285,123066,192.328277
2023-08-02 19:32:00+00:00,192.31,192.4,192.27,1372,192.2905,110952,192.334181
2023-08-02 19:33:00+00:00,192.38,192.38,192.27,1185,192.31,88535,192.314215
2023-08-02 19:34:00+00:00,192.3116,192.37,192.3001,883,192.37,64303,192.326898
2023-08-02 19:35:00+00:00,192.43,192.44,192.3101,1165,192.315,98454,192.393498
2023-08-02 19:36:00+00:00,192.4929,192.51,192.43,1124,192.43,99799,192.465324
2023-08-02 19:37:00+00:00,192.56,192.58,192.48,1283,192.495,116327,192.535743
2023-08-02 19:38:00+00:00,192.55,192.6088,192.5,1217,192.57,104037,192.541355
2023-08-02 19:39:00+00:00,192.53,192.5501,192.51,898,192.55,63117,192.535424
2023-08-02 19:40:00+00:00,192.49,192.535,192.43,1496,192.53,143957,192.488978
2023-08-02 19:41:00+00:00,192.475,192.49,192.44,1229,192.49,88860,192.464601
2023-08-02 19:42:00+00:00,192.4031,192.5,192.4005,1165,192.4708,101971,192.45599
2023-08-02 19:43:00+00:00,192.52,192.55,192.36,1592,192.4,179548,192.440551
2023-08-02 19:44:00+00:00,192.77,192.92,192.5161,3236,192.5161,261086,192.72682
2023-08-02 19:45:00+00:00,192.78,192.805,192.73,1839,192.78,143848,192.76555
2023-08-02 19:46:00+00:00,192.805,192.82,192.725,1610,192.78,114931,192.772498
2023-08-02 19:47:00+00:00,192.835,192.91,192.8,1927,192.8,169247,192.859317
2023-08-02 19:48:00+00:00,192.91,192.91,192.79,1652,192.83,116842,192.85409
2023-08-02 19:49:00+00:00,192.935,192.98,192.885,1920,192.91,143070,192.926785
2023-08-02 19:50:00+00:00,192.89,192.95,192.74,2963,192.94,257007,192.844402
2023-08-02 19:51:00+00:00,192.77,192.94,192.75,1966,192.89,144701,192.828855
2023-08-02 19:52:00+00:00,192.77,192.855,192.76,2352,192.775,183785,192.807592
2023-08-02 19:53:00+00:00,192.67,192.81,192.64,2351,192.77,175314,192.73204
2023-08-02 19:54:00+00:00,192.6823,192.736,192.6,2220,192.69,145486,192.677674
2023-08-02 19:55:00+00:00,192.52,192.7,192.45,5621,192.69,494673,192.530884
2023-08-02 19:56:00+00:00,192.6,192.64,192.34,3244,192.52,296363,192.556592
2023-08-02 19:57:00+00:00,192.7,192.78,192.51,4242,192.59,366918,192.679663
2023-08-02 19:58:00+00:00,192.825,192.88,192.7,4337,192.71,442194,192.777645
2023-08-02 19:59:00+00:00,192.59,192.87,192.57,8945,192.825,1041088,192.750644
2023-08-02 20:00:00+00:00,192.49,192.68,192.34,501,192.59,7296231,192.579427
2023-08-02 20:01:00+00:00,192.41,192.56,192.4,234,192.4782,1302276,192.578407
2023-08-02 20:02:00+00:00,192.46,192.49,192.36,306,192.4,315488,192.568916
2023-08-02 20:03:00+00:00,192.36,192.45,192.36,228,192.44,14869,192.396678
2023-08-02 20:04:00+00:00,192.4,192.4,192.36,72,192.36,6935,192.381227
2023-08-02 20:05:00+00:00,192.41,192.44,192.36,75,192.4,5307,192.391135
2023-08-02 20:06:00+00:00,192.4898,192.49,192.41,112,192.41,11523,192.445858
2023-08-02 20:07:00+00:00,192.5,192.58,192.49,124,192.49,31202,192.546445
2023-08-02 20:08:00+00:00,192.45,192.58,192.41,98,192.49,144395,192.574985
2023-08-02 20:09:00+00:00,192.48,192.54,192.42,176,192.46,15764,192.494644
2023-08-02 20:10:00+00:00,192.51,192.58,192.51,39,192.58,36063,192.578783
2023-08-02 20:11:00+00:00,192.55,192.58,192.51,98,192.51,158278,192.57935
2023-08-02 20:12:00+00:00,192.58,192.58,192.51,68,192.58,4248,192.557403
2023-08-02 20:13:00+00:00,192.5,192.58,192.5,123,192.57,10064,192.53658
2023-08-02 20:14:00+00:00,192.43,192.54,192.43,133,192.54,7685,192.486782
2023-08-02 20:15:00+00:00,192.44,192.4496,192.42,67,192.4496,5361,192.435695
2023-08-02 20:16:00+00:00,192.39,192.41,192.36,87,192.4,6718,192.391423
2023-08-02 20:17:00+00:00,192.35,192.4,192.31,126,192.36,6817,192.350906
2023-08-02 20:18:00+00:00,192.25,192.4,192.25,133,192.35,11631,192.321109
2023-08-02 20:19:00+00:00,192.32,192.33,192.2,250,192.25,20215,192.255355
2023-08-02 20:20:00+00:00,192.31,192.31,192.22,103,192.26,6999,192.246362
2023-08-02 20:21:00+00:00,192.32,192.33,192.21,90,192.28,4202,192.280773
2023-08-02 20:22:00+00:00,192.3784,192.3784,192.33,38,192.33,1023,192.349115
2023-08-02 20:23:00+00:00,192.25,192.4,192.25,144,192.38,11875,192.329695
2023-08-02 20:24:00+00:00,192.2601,192.33,192.25,78,192.27,6674,192.283672
2023-08-02 20:25:00+00:00,192.31,192.34,192.29,44,192.29,4269,192.309763
2023-08-02 20:26:00+00:00,192.22,192.31,192.15,290,192.31,21573,192.235886
2023-08-02 20:27:00+00:00,192.15,192.22,192.11,93,192.22,7181,192.146121
2023-08-02 20:28:00+00:00,192.27,192.29,192.13,179,192.16,16475,192.223412
2023-08-02 20:29:00+00:00,192.25,192.3,192.21,126,192.29,10419,192.263013
2023-08-02 20:30:00+00:00,192.29,192.32,192.26,54,192.28,3455,192.296287
2023-08-02 20:31:00+00:00,192.39,192.39,192.27,100,192.27,6425,192.337223
2023-08-02 20:32:00+00:00,192.42,192.42,192.31,76,192.35,8682,192.387616
2023-08-02 20:33:00+00:00,192.39,192.41,192.35,48,192.41,4408,192.394368
2023-08-02 20:34:00+00:00,192.46,192.46,192.39,71,192.39,4537,192.431263
2023-08-02 20:35:00+00:00,192.42,192.45,192.34,105,192.42,6438,192.386536
2023-08-02 20:36:00+00:00,192.39,192.41,192.36,53,192.41,6782,192.390151
2023-08-02 20:37:00+00:00,192.36,192.43,192.36,47,192.39,1588,192.398413
2023-08-02 20:38:00+00:00,192.31,192.46,192.31,118,192.38,588363,192.577829
2023-08-02 20:39:00+00:00,192.35,192.35,192.31,54,192.34,4215,192.338754
2023-08-02 20:40:00+00:00,192.25,192.31,192.21,61,192.31,2234,192.25741
2023-08-02 20:41:00+00:00,192.21,192.29,192.21,62,192.21,4939,192.246648
2023-08-02 20:42:00+00:00,192.19,192.22,192.1,179,192.21,10795,192.163879
2023-08-02 20:43:00+00:00,192.15,192.16,192.1,81,192.15,4455,192.129608
2023-08-02 20:44:00+00:00,192.17,192.19,192.06,93,192.19,4319,192.132867
2023-08-02 20:45:00+00:00,192.13,192.17,192.11,49,192.15,3625,192.138694
2023-08-02 20:46:00+00:00,192.16,192.16,192.13,52,192.13,2016,192.146863
2023-08-02 20:47:00+00:00,192.18,192.19,192.08,106,192.18,5420,192.142445
2023-08-02 20:48:00+00:00,192.12,192.1942,192.12,73,192.17,5100,192.152634
2023-08-02 20:49:00+00:00,192.15,192.19,192.14,38,192.14,2250,192.160546
2023-08-02 20:50:00+00:00,192.17,192.17,192.13,31,192.13,1840,192.160508
2023-08-02 20:51:00+00:00,192.2,192.23,192.13,88,192.17,3454,192.188212
2023-08-02 20:52:00+00:00,192.22,192.23,192.2139,35,192.2139,3259,192.223661
2023-08-02 20:53:00+00:00,192.25,192.25,192.23,46,192.24,1315,192.241316
2023-08-02 20:54:00+00:00,192.3,192.31,192.26,48,192.26,1680,192.294839
2023-08-02 20:55:00+00:00,192.27,192.34,192.22,113,192.3,6696,192.283753
2023-08-02 20:56:00+00:00,192.26,192.58,192.25,76,192.3,51191,192.545608
2023-08-02 20:57:00+00:00,192.29,192.3,192.25,38,192.3,2173,192.284242
2023-08-02 20:58:00+00:00,192.34,192.34,192.27,48,192.27,2887,192.28219
2023-08-02 20:59:00+00:00,192.32,192.33,192.21,118,192.31,6153,192.275063
2023-08-02 21:00:00+00:00,192.29,192.33,192.22,96,192.32,7470,192.269908
2023-08-02 21:01:00+00:00,192.28,192.29,192.26,35,192.29,726,192.277535
2023-08-02 21:02:00+00:00,192.2885,192.2885,192.2885,30,192.2885,317,192.283028
2023-08-02 21:03:00+00:00,192.23,192.29,192.23,76,192.28,2090,192.248708
2023-08-02 21:04:00+00:00,192.28,192.28,192.2486,50,192.25,2131,192.264729
2023-08-02 21:05:00+00:00,192.25,192.28,192.2,78,192.28,5872,192.247203
2023-08-02 21:06:00+00:00,192.2,192.24,192.15,129,192.23,11614,192.201152
2023-08-02 21:07:00+00:00,192.24,192.24,192.14,56,192.14,2597,192.191024
2023-08-02 21:08:00+00:00,192.13,192.58,192.13,104,192.23,426318,192.573956
2023-08-02 21:09:00+00:00,192.16,192.18,192.08,121,192.18,7293,192.138791
2023-08-02 21:10:00+00:00,192.19,192.19,192.19,39,192.19,1848,192.192844
2023-08-02 21:12:00+00:00,192.24,192.24,192.19,65,192.22,3393,192.047842
2023-08-02 21:14:00+00:00,192.18,192.21,192.12,72,192.21,4221,192.152875
2023-08-02 21:15:00+00:00,192.2,192.2,192.18,37,192.18,1770,192.1887
2023-08-02 21:16:00+00:00,192.19,192.22,192.1401,43,192.1401,2870,192.199969
2023-08-02 21:17:00+00:00,192.23,192.23,192.23,21,192.23,380,192.222947
2023-08-02 21:19:00+00:00,192.2,192.2,192.16,27,192.16,630,192.195648
2023-08-02 21:20:00+00:00,192.22,192.22,192.16,43,192.19,1819,192.18691
2023-08-02 21:21:00+00:00,192.17,192.17,192.13,55,192.17,2616,192.161047
2023-08-02 21:22:00+00:00,192.1201,192.17,192.12,36,192.13,1518,192.140218
2023-08-02 21:23:00+00:00,192.1007,192.16,192.1007,26,192.16,523,192.137224
2023-08-02 21:24:00+00:00,192.1,192.14,192.03,94,192.14,5113,192.07517
2023-08-02 21:25:00+00:00,192.13,192.13,192.03,78,192.1,4996,192.084201
2023-08-02 21:26:00+00:00,192.14,192.14,192.14,28,192.14,662,192.123308
2023-08-02 21:27:00+00:00,192.17,192.17,192.12,72,192.12,1889,192.142414
2023-08-02 21:28:00+00:00,192.15,192.2,192.15,41,192.17,3834,192.184914
2023-08-02 21:29:00+00:00,192.2,192.2,192.15,24,192.15,1344,192.190379
2023-08-02 21:31:00+00:00,192.2,192.2,192.17,50,192.17,2263,192.196825
2023-08-02 21:32:00+00:00,192.2026,192.2026,192.19,28,192.19,1237,192.200218
2023-08-02 21:33:00+00:00,192.24,192.24,192.2,41,192.2,3020,192.211997
2023-08-02 21:34:00+00:00,192.23,192.23,192.22,32,192.2216,967,192.224884
2023-08-02 21:35:00+00:00,192.23,192.23,192.23,33,192.23,939,192.229502
2023-08-02 21:36:00+00:00,192.24,192.58,192.24,27,192.58,15857,192.570193
2023-08-02 21:37:00+00:00,192.24,192.24,192.24,28,192.24,1098,192.239997
2023-08-02 21:38:00+00:00,192.24,192.24,192.23,20,192.2302,663,192.236727
2023-08-02 21:39:00+00:00,192.24,192.24,192.23,76,192.23,2556,192.237989
2023-08-02 21:40:00+00:00,192.2,192.2,192.2,31,192.2,262,192.222613
2023-08-02 21:41:00+00:00,192.23,192.23,192.23,30,192.23,1337,192.232184
2023-08-02 21:42:00+00:00,192.28,192.28,192.24,46,192.24,1243,192.25864
2023-08-02 21:43:00+00:00,192.24,192.24,192.24,33,192.24,2198,192.240488
2023-08-02 21:44:00+00:00,192.27,192.27,192.25,12,192.25,1315,192.265373
2023-08-02 21:45:00+00:00,192.24,192.24,192.24,21,192.24,589,192.245229
2023-08-02 21:46:00+00:00,192.24,192.24,192.24,34,192.24,1254,192.24382
2023-08-02 21:47:00+00:00,192.15,192.27,192.15,67,192.27,8259,192.176024
2023-08-02 21:48:00+00:00,192.22,192.22,192.2,29,192.2,1125,192.205076
2023-08-02 21:49:00+00:00,192.16,192.22,192.16,99,192.16,2070,192.188998
2023-08-02 21:50:00+00:00,192.22,192.22,192.2,41,192.2,1621,192.212039
2023-08-02 21:52:00+00:00,192.24,192.24,192.23,38,192.23,785,192.233312
2023-08-02 21:54:00+00:00,192.24,192.24,192.24,42,192.24,845,192.240627
2023-08-02 21:56:00+00:00,192.24,192.24,192.24,21,192.24,1005,192.240637
2023-08-02 21:57:00+00:00,192.25,192.25,192.25,34,192.25,680,192.249772
2023-08-02 21:58:00+00:00,192.24,192.24,192.24,31,192.24,392,192.243724
2023-08-02 21:59:00+00:00,192.25,192.25,192.24,30,192.2417,1969,192.244552
2023-08-02 22:00:00+00:00,192.3,192.3,192.28,37,192.28,2226,192.295224
2023-08-02 22:01:00+00:00,192.29,192.3,192.29,17,192.3,510,192.291127
2023-08-02 22:02:00+00:00,192.3,192.3,192.3,18,192.3,290,192.287259
2023-08-02 22:03:00+00:00,192.45,192.45,192.3,46,192.3,4471,192.316975
2023-08-02 22:04:00+00:00,192.47,192.47,192.4,39,192.4,1272,192.443023
2023-08-02 22:05:00+00:00,192.47,192.47,192.47,24,192.47,471,192.45845
2023-08-02 22:07:00+00:00,192.5,192.5,192.43,50,192.43,3588,192.473339
2023-08-02 22:08:00+00:00,192.5,192.5,192.5,46,192.5,1161,192.503174
2023-08-02 22:09:00+00:00,192.5,192.5,192.5,76,192.5,3876,192.489799
2023-08-02 22:10:00+00:00,192.51,192.51,192.46,37,192.46,1371,192.485569
2023-08-02 22:11:00+00:00,192.48,192.51,192.48,25,192.51,1316,192.497842
2023-08-02 22:12:00+00:00,192.51,192.53,192.49,54,192.49,4711,192.510654
2023-08-02 22:13:00+00:00,192.58,192.58,192.55,55,192.55,2912,192.562366
2023-08-02 22:14:00+00:00,192.56,192.58,192.54,42,192.57,3717,192.564346
2023-08-02 22:15:00+00:00,192.53,192.53,192.53,18,192.53,288,192.534288
2023-08-02 22:16:00+00:00,192.58,192.58,192.55,26,192.55,1502,192.564279
2023-08-02 22:17:00+00:00,192.56,192.58,192.56,26,192.56,2280,192.572443
2023-08-02 22:18:00+00:00,192.56,192.56,192.56,38,192.56,1080,192.546306
2023-08-02 22:19:00+00:00,192.56,192.56,192.51,30,192.51,6475,192.556805
2023-08-02 22:20:00+00:00,192.54,192.54,192.54,20,192.54,547,192.536609
2023-08-02 22:21:00+00:00,192.55,192.58,192.55,42,192.55,9664,192.559038
2023-08-02 22:22:00+00:00,192.6,192.6,192.57,76,192.58,5016,192.582993
2023-08-02 22:23:00+00:00,192.59,192.67,192.59,32,192.61,1622,192.622925
2023-08-02 22:24:00+00:00,192.69,192.69,192.65,42,192.65,1444,192.660386
2023-08-02 22:26:00+00:00,192.7,192.75,192.66,91,192.66,9693,192.733433
2023-08-02 22:27:00+00:00,192.78,192.78,192.75,23,192.75,999,192.757457
2023-08-02 22:28:00+00:00,192.79,192.8,192.79,32,192.79,831,192.803117
2023-08-02 22:29:00+00:00,192.8652,192.9,192.8652,67,192.9,1534,192.870342
2023-08-02 22:30:00+00:00,192.81,192.81,192.81,20,192.81,411,192.822336
2023-08-02 22:31:00+00:00,192.76,192.83,192.76,32,192.83,797,192.790489
2023-08-02 22:32:00+00:00,192.72,192.8299,192.72,41,192.75,1366,192.751222
2023-08-02 22:33:00+00:00,192.72,192.74,192.7,40,192.71,5769,192.713983
2023-08-02 22:34:00+00:00,192.65,192.72,192.65,42,192.72,4092,192.694316
2023-08-02 22:35:00+00:00,192.68,192.69,192.64,17,192.69,1754,192.666536
2023-08-02 22:36:00+00:00,192.68,192.68,192.62,55,192.64,3122,192.649239
2023-08-02 22:38:00+00:00,192.68,192.68,192.68,22,192.68,603,192.678723
2023-08-02 22:39:00+00:00,192.68,192.68,192.68,41,192.68,1365,192.665183
2023-08-02 22:40:00+00:00,192.615,192.67,192.615,27,192.67,368,192.651481
2023-08-02 22:41:00+00:00,192.68,192.68,192.6,22,192.6,558,192.63264
2023-08-02 22:42:00+00:00,192.62,192.67,192.62,40,192.63,3161,192.626225
2023-08-02 22:43:00+00:00,192.65,192.65,192.6,18,192.6,545,192.621972
2023-08-02 22:44:00+00:00,192.62,192.62,192.6,29,192.6039,835,192.621318
2023-08-02 22:45:00+00:00,192.61,192.6107,192.61,30,192.6107,522,192.62812
2023-08-02 22:46:00+00:00,192.6001,192.62,192.6001,38,192.62,543,192.625009
2023-08-02 22:47:00+00:00,192.6,192.6028,192.6,19,192.6028,635,192.61441
2023-08-02 22:48:00+00:00,192.65,192.65,192.65,33,192.65,254,192.65315
2023-08-02 22:49:00+00:00,192.65,192.65,192.65,25,192.65,224,192.640402
2023-08-02 22:51:00+00:00,192.72,192.72,192.72,32,192.72,612,192.713644
2023-08-02 22:53:00+00:00,192.7,192.72,192.7,16,192.72,796,192.706975
2023-08-02 22:54:00+00:00,192.8,192.8,192.76,16,192.76,1306,192.764518
2023-08-02 22:56:00+00:00,192.78,192.78,192.75,35,192.75,849,192.758298
2023-08-02 22:57:00+00:00,192.8,192.8,192.79,38,192.79,610,192.800918
2023-08-02 22:59:00+00:00,192.88,192.88,192.86,32,192.86,1356,192.865645
2023-08-02 23:00:00+00:00,192.97,192.97,192.9,41,192.9,4133,192.922617
2023-08-02 23:01:00+00:00,192.95,192.95,192.95,22,192.95,342,192.945585
2023-08-02 23:02:00+00:00,192.96,192.97,192.96,24,192.97,897,192.966271
2023-08-02 23:03:00+00:00,192.92,192.94,192.92,20,192.94,551,192.933784
2023-08-02 23:04:00+00:00,192.95,192.95,192.95,24,192.95,388,192.945786
2023-08-02 23:05:00+00:00,192.95,192.95,192.9499,28,192.9499,2118,192.9492
2023-08-02 23:07:00+00:00,192.9,192.9,192.9,23,192.9,1385,192.898495
2023-08-02 23:08:00+00:00,192.8,192.9,192.8,36,192.9,1383,192.826529
2023-08-02 23:09:00+00:00,192.84,192.85,192.75,56,192.76,6340,192.760718
2023-08-02 23:10:00+00:00,192.76,192.76,192.73,33,192.73,1074,192.762123
2023-08-02 23:11:00+00:00,192.84,192.84,192.81,24,192.81,1441,192.826672
2023-08-02 23:12:00+00:00,192.84,192.84,192.84,18,192.84,687,192.826994
2023-08-02 23:14:00+00:00,192.83,192.83,192.83,23,192.83,321,192.81975
2023-08-02 23:15:00+00:00,192.75,192.85,192.75,33,192.83,885,192.794469
2023-08-02 23:17:00+00:00,192.84,192.84,192.84,24,192.84,509,192.815481
2023-08-02 23:19:00+00:00,192.8,192.8,192.8,18,192.8,399,192.796278
2023-08-02 23:20:00+00:00,192.8,192.8,192.78,20,192.79,1415,192.790739
2023-08-02 23:22:00+00:00,192.79,192.79,192.79,18,192.79,270,192.802685
2023-08-02 23:23:00+00:00,192.8,192.84,192.8,56,192.84,1891,192.824646
2023-08-02 23:24:00+00:00,192.81,192.8197,192.81,23,192.8197,494,192.809899
2023-08-02 23:26:00+00:00,192.81,192.81,192.81,24,192.81,230,192.795804
2023-08-02 23:27:00+00:00,192.71,192.75,192.71,51,192.75,1086,192.736869
2023-08-02 23:28:00+00:00,192.81,192.81,192.79,16,192.79,1224,192.80558
2023-08-02 23:29:00+00:00,192.75,192.75,192.75,27,192.75,707,192.753557
2023-08-02 23:30:00+00:00,192.7699,192.7699,192.7699,23,192.7699,1184,192.768906
2023-08-02 23:31:00+00:00,192.75,192.77,192.75,21,192.77,791,192.766252
2023-08-02 23:32:00+00:00,192.82,192.82,192.77,34,192.77,1946,192.787467
2023-08-02 23:35:00+00:00,192.77,192.78,192.77,43,192.78,1221,192.799324
2023-08-02 23:36:00+00:00,192.75,192.78,192.75,34,192.77,962,192.7558
2023-08-02 23:37:00+00:00,192.74,192.74,192.69,53,192.71,3578,192.701836
2023-08-02 23:38:00+00:00,192.66,192.66,192.66,39,192.66,1969,192.659292
2023-08-02 23:40:00+00:00,192.75,192.75,192.75,21,192.75,563,192.729512
2023-08-02 23:41:00+00:00,192.75,192.75,192.75,13,192.75,547,192.748108
2023-08-02 23:43:00+00:00,192.75,192.8,192.75,18,192.8,338,192.783314
2023-08-02 23:48:00+00:00,192.72,192.79,192.72,36,192.79,1267,192.745604
2023-08-02 23:49:00+00:00,192.75,192.75,192.74,29,192.74,659,192.740008
2023-08-02 23:50:00+00:00,192.74,192.75,192.74,60,192.75,1543,192.707268
2023-08-02 23:51:00+00:00,192.75,192.75,192.7399,58,192.7399,1517,192.743494
2023-08-02 23:52:00+00:00,192.76,192.8,192.76,57,192.76,5375,192.773844
2023-08-02 23:53:00+00:00,192.8,192.8,192.8,38,192.8,642,192.794732
2023-08-02 23:54:00+00:00,192.75,192.8,192.75,30,192.8,1253,192.771935
2023-08-02 23:55:00+00:00,192.8,192.8,192.79,44,192.79,2004,192.790432
2023-08-02 23:56:00+00:00,192.74,192.7799,192.74,65,192.7799,1193,192.770022
2023-08-02 23:57:00+00:00,192.82,192.82,192.79,63,192.8,7024,192.813002
2023-08-02 23:58:00+00:00,192.82,192.9,192.82,73,192.9,2168,192.885203
2023-08-02 23:59:00+00:00,192.81,192.82,192.8,59,192.82,8942,192.808302
