timestamp,close,high,low,trade_count,open,volume,vwap
2023-08-23 08:00:00+00:00,178.2,178.2,178.0,64,178.0,1597,178.023863
2023-08-23 08:07:00+00:00,178.0,178.0,177.95,47,177.95,2027,177.972442
2023-08-23 08:09:00+00:00,178.2,178.2,178.1,44,178.1,3004,178.160003
2023-08-23 08:11:00+00:00,178.29,178.29,178.18,24,178.18,1072,178.228526
2023-08-23 08:12:00+00:00,178.29,178.29,178.29,10,178.29,335,178.27806
2023-08-23 08:14:00+00:00,178.29,178.29,178.29,7,178.29,245,178.284694
2023-08-23 08:15:00+00:00,178.29,178.29,178.29,7,178.29,292,178.280274
2023-08-23 08:16:00+00:00,178.33,178.33,178.28,34,178.28,1788,178.304256
2023-08-23 08:23:00+00:00,178.26,178.31,178.26,51,178.3,1545,178.289793
2023-08-23 08:29:00+00:00,178.21,178.21,178.21,12,178.21,354,178.220028
2023-08-23 08:30:00+00:00,178.21,178.21,178.21,20,178.21,554,178.201209
2023-08-23 08:33:00+00:00,178.21,178.21,178.21,13,178.21,404,178.199109
2023-08-23 08:34:00+00:00,178.21,178.21,178.21,8,178.21,762,178.206063
2023-08-23 08:35:00+00:00,178.2,178.21,178.2,14,178.21,754,178.202042
2023-08-23 08:36:00+00:00,178.25,178.25,178.21,26,178.21,2837,178.232658
2023-08-23 08:37:00+00:00,178.25,178.25,178.25,14,178.25,636,178.257814
2023-08-23 08:38:00+00:00,178.25,178.26,178.25,9,178.26,415,178.252819
2023-08-23 08:39:00+00:00,178.26,178.26,178.26,20,178.26,1025,178.25602
2023-08-23 08:41:00+00:00,178.3,178.3,178.3,15,178.3,392,178.297245
2023-08-23 08:42:00+00:00,178.21,178.21,178.21,12,178.21,422,178.2191
2023-08-23 08:47:00+00:00,178.32,178.32,178.28,21,178.28,1908,178.294748
2023-08-23 08:50:00+00:00,178.31,178.31,178.3,14,178.3,903,178.307663
2023-08-23 08:54:00+00:00,178.32,178.32,178.32,18,178.32,354,178.321384
2023-08-23 09:01:00+00:00,178.3,178.3,178.29,14,178.29,656,178.29407
2023-08-23 09:02:00+00:00,178.34,178.34,178.34,8,178.34,194,178.341804
2023-08-23 09:04:00+00:00,178.39,178.39,178.38,10,178.38,771,178.385486
2023-08-23 09:06:00+00:00,178.38,178.38,178.38,15,178.38,202,178.369158
2023-08-23 09:07:00+00:00,178.37,178.37,178.37,4,178.37,240,178.36625
2023-08-23 09:09:00+00:00,178.43,178.43,178.42,15,178.42,1569,178.426775
2023-08-23 09:11:00+00:00,178.43,178.43,178.43,15,178.43,307,178.425863
2023-08-23 09:13:00+00:00,178.39,178.39,178.39,37,178.39,627,178.390415
2023-08-23 09:14:00+00:00,178.35,178.35,178.35,32,178.35,517,178.357331
2023-08-23 09:15:00+00:00,178.2,178.29,178.2,69,178.29,1443,178.24939
2023-08-23 09:16:00+00:00,178.1,178.2,178.1,67,178.2,1813,178.132284
2023-08-23 09:17:00+00:00,178.01,178.03,178.01,16,178.03,2262,178.022874
2023-08-23 09:23:00+00:00,178.13,178.13,178.13,17,178.13,403,178.13464
2023-08-23 09:25:00+00:00,178.17,178.17,178.17,21,178.17,756,178.164034
2023-08-23 09:26:00+00:00,178.16,178.16,178.16,9,178.16,258,178.158217
2023-08-23 09:37:00+00:00,178.11,178.11,178.11,20,178.11,427,178.113724
2023-08-23 09:47:00+00:00,178.18,178.18,178.18,4,178.18,211,178.180521
2023-08-23 09:55:00+00:00,178.3,178.31,178.18,74,178.18,3800,178.277953
2023-08-23 09:59:00+00:00,178.23,178.24,178.23,12,178.23,1161,178.235185
2023-08-23 10:01:00+00:00,178.27,178.27,178.27,6,178.27,133,178.265338
2023-08-23 10:05:00+00:00,178.3,178.3,178.28,16,178.28,813,178.288536
2023-08-23 10:06:00+00:00,178.23,178.24,178.23,14,178.24,540,178.235741
2023-08-23 10:07:00+00:00,178.23,178.23,178.23,15,178.23,1838,178.229956
2023-08-23 10:18:00+00:00,178.2,178.2,178.2,17,178.2,1255,178.200199
2023-08-23 10:20:00+00:00,178.32,178.37,178.22,51,178.22,1687,178.303782
2023-08-23 10:21:00+00:00,178.35,178.35,178.35,7,178.35,251,178.360159
2023-08-23 10:22:00+00:00,178.32,178.32,178.32,22,178.32,455,178.323033
2023-08-23 10:24:00+00:00,178.27,178.27,178.27,2,178.27,109,178.270826
2023-08-23 10:25:00+00:00,178.29,178.29,178.29,10,178.29,722,178.291357
2023-08-23 10:26:00+00:00,178.22,178.24,178.22,26,178.24,787,178.237255
2023-08-23 10:27:00+00:00,178.19,178.22,178.19,8,178.22,226,178.20646
2023-08-23 10:28:00+00:00,178.17,178.17,178.17,13,178.17,971,178.171153
2023-08-23 10:32:00+00:00,178.15,178.15,178.1,15,178.1,833,178.122557
2023-08-23 10:33:00+00:00,178.22,178.22,178.16,16,178.16,582,178.188179
2023-08-23 10:34:00+00:00,178.2,178.2,178.2,5,178.2,114,178.198684
2023-08-23 10:38:00+00:00,178.17,178.18,178.17,19,178.18,486,178.178272
2023-08-23 10:40:00+00:00,178.11,178.11,178.11,29,178.11,527,178.089715
2023-08-23 10:41:00+00:00,178.07,178.07,178.06,19,178.06,854,178.059262
2023-08-23 10:42:00+00:00,178.06,178.06,178.06,17,178.06,655,178.05574
2023-08-23 10:44:00+00:00,178.1,178.1,178.1,16,178.1,437,178.086888
2023-08-23 10:45:00+00:00,178.01,178.03,178.01,20,178.03,931,178.025038
2023-08-23 10:47:00+00:00,178.06,178.1,178.05,65,178.09,1873,178.092872
2023-08-23 10:48:00+00:00,178.0,178.03,178.0,121,178.01,4228,178.020076
2023-08-23 10:51:00+00:00,178.07,178.07,178.07,37,178.07,904,178.008363
2023-08-23 10:52:00+00:00,177.95,177.99,177.95,31,177.99,1707,177.952455
2023-08-23 10:53:00+00:00,177.9,177.91,177.9,26,177.91,1240,177.90371
2023-08-23 10:54:00+00:00,177.86,177.86,177.86,65,177.86,997,177.849659
2023-08-23 10:56:00+00:00,177.87,177.87,177.82,19,177.85,1195,177.84687
2023-08-23 10:57:00+00:00,177.82,177.88,177.82,17,177.88,662,177.840378
2023-08-23 10:58:00+00:00,177.84,177.84,177.83,7,177.83,236,177.835593
2023-08-23 10:59:00+00:00,177.93,177.93,177.88,37,177.88,1106,177.915145
2023-08-23 11:00:00+00:00,177.81,177.85,177.8,144,177.85,5356,177.830372
2023-08-23 11:01:00+00:00,177.8,177.8,177.8,42,177.8,986,177.810406
2023-08-23 11:02:00+00:00,177.75,177.75,177.75,32,177.75,425,177.757482
2023-08-23 11:03:00+00:00,177.7,177.7,177.7,42,177.7,648,177.70875
2023-08-23 11:04:00+00:00,177.66,177.66,177.66,52,177.66,925,177.656573
2023-08-23 11:05:00+00:00,177.57,177.61,177.57,77,177.61,2038,177.596256
2023-08-23 11:06:00+00:00,177.5,177.52,177.48,89,177.52,4379,177.502514
2023-08-23 11:08:00+00:00,177.53,177.53,177.52,20,177.52,639,177.528232
2023-08-23 11:09:00+00:00,177.55,177.55,177.55,23,177.55,611,177.55252
2023-08-23 11:10:00+00:00,177.46,177.5,177.46,64,177.5,2815,177.48146
2023-08-23 11:11:00+00:00,177.37,177.39,177.37,37,177.39,1048,177.382739
2023-08-23 11:12:00+00:00,177.31,177.4,177.31,57,177.35,3648,177.3421
2023-08-23 11:13:00+00:00,177.41,177.42,177.36,51,177.36,5972,177.366177
2023-08-23 11:14:00+00:00,177.36,177.42,177.36,53,177.38,2676,177.381775
2023-08-23 11:15:00+00:00,177.36,177.36,177.36,47,177.36,1169,177.380445
2023-08-23 11:16:00+00:00,177.42,177.42,177.42,16,177.42,332,177.407892
2023-08-23 11:17:00+00:00,177.42,177.42,177.42,14,177.42,451,177.412173
2023-08-23 11:19:00+00:00,177.5,177.5,177.42,79,177.42,3290,177.459319
2023-08-23 11:20:00+00:00,177.52,177.52,177.46,37,177.46,1630,177.481368
2023-08-23 11:21:00+00:00,177.59,177.59,177.54,35,177.54,1579,177.548657
2023-08-23 11:22:00+00:00,177.67,177.67,177.62,32,177.62,1760,177.642295
2023-08-23 11:23:00+00:00,177.59,177.68,177.59,62,177.68,2524,177.617484
2023-08-23 11:24:00+00:00,177.59,177.59,177.59,11,177.59,2180,177.588812
2023-08-23 11:26:00+00:00,177.6,177.6,177.6,14,177.6,174,177.585575
2023-08-23 11:27:00+00:00,177.58,177.62,177.58,27,177.62,1247,177.597474
2023-08-23 11:28:00+00:00,177.64,177.64,177.62,43,177.64,1734,177.625963
2023-08-23 11:29:00+00:00,177.6,177.6,177.6,11,177.6,434,177.592535
2023-08-23 11:30:00+00:00,177.6,177.6,177.55,61,177.57,2708,177.555643
2023-08-23 11:31:00+00:00,177.7,177.7,177.64,44,177.64,2003,177.658622
2023-08-23 11:32:00+00:00,177.77,177.77,177.67,67,177.69,4577,177.732209
2023-08-23 11:38:00+00:00,177.7,177.7,177.69,16,177.69,794,177.683489
2023-08-23 11:40:00+00:00,177.6,177.62,177.6,29,177.62,768,177.601055
2023-08-23 11:41:00+00:00,177.74,177.74,177.65,51,177.65,2390,177.687782
2023-08-23 11:42:00+00:00,177.67,177.67,177.67,12,177.67,242,177.651736
2023-08-23 11:43:00+00:00,177.65,177.65,177.65,17,177.65,521,177.66025
2023-08-23 11:44:00+00:00,177.6,177.62,177.6,26,177.62,1772,177.60215
2023-08-23 11:45:00+00:00,177.59,177.59,177.59,16,177.59,442,177.584186
2023-08-23 11:49:00+00:00,177.7,177.7,177.7,26,177.7,703,177.69394
2023-08-23 11:50:00+00:00,177.75,177.76,177.7,35,177.7,1348,177.737522
2023-08-23 11:51:00+00:00,177.82,177.82,177.76,54,177.77,2122,177.79107
2023-08-23 11:52:00+00:00,177.71,177.75,177.71,35,177.75,1678,177.743778
2023-08-23 11:53:00+00:00,177.85,177.85,177.75,47,177.75,2757,177.807943
2023-08-23 11:56:00+00:00,177.76,177.8,177.68,95,177.8,5205,177.711648
2023-08-23 11:57:00+00:00,177.78,177.78,177.78,7,177.78,310,177.763484
2023-08-23 11:59:00+00:00,177.75,177.75,177.75,10,177.75,317,177.75612
2023-08-23 12:00:00+00:00,177.58,177.92,177.3101,702,177.92,55337,177.621718
2023-08-23 12:01:00+00:00,177.67,178.42,177.61,1102,177.62,11147,177.963822
2023-08-23 12:02:00+00:00,178.4,178.4,177.68,352,177.68,4831,177.943077
2023-08-23 12:04:00+00:00,177.64,177.64,177.64,48,177.64,1187,177.668753
2023-08-23 12:05:00+00:00,177.67,177.73,177.56,74,177.56,3246,177.632121
2023-08-23 12:06:00+00:00,177.76,177.78,177.67,48,177.67,4216,177.73415
2023-08-23 12:07:00+00:00,177.8042,177.8042,177.76,15,177.76,1233,177.778865
2023-08-23 12:08:00+00:00,177.81,177.81,177.81,26,177.81,1005,177.806348
2023-08-23 12:09:00+00:00,177.7,177.81,177.7,52,177.76,3285,177.758753
2023-08-23 12:10:00+00:00,177.87,177.88,177.76,66,177.76,5388,177.845901
2023-08-23 12:11:00+00:00,177.84,177.88,177.84,55,177.88,1248,177.863253
2023-08-23 12:12:00+00:00,177.85,177.85,177.85,18,177.85,378,177.840066
2023-08-23 12:13:00+00:00,177.81,177.81,177.81,39,177.81,878,177.812585
2023-08-23 12:14:00+00:00,177.8,177.82,177.79,89,177.81,4674,177.805687
2023-08-23 12:15:00+00:00,177.82,177.82,177.78,52,177.7803,6100,177.790633
2023-08-23 12:16:00+00:00,177.9,177.95,177.84,69,177.84,2829,177.893052
2023-08-23 12:17:00+00:00,177.81,177.83,177.78,49,177.83,3612,177.792154
2023-08-23 12:18:00+00:00,177.78,177.78,177.77,37,177.77,1502,177.769514
2023-08-23 12:19:00+00:00,177.61,177.71,177.61,43,177.71,939,177.670405
2023-08-23 12:20:00+00:00,177.6,177.61,177.6,32,177.6,1025,177.600629
2023-08-23 12:21:00+00:00,177.55,177.58,177.55,77,177.58,4112,177.56688
2023-08-23 12:22:00+00:00,177.54,177.57,177.54,59,177.54,3812,177.556502
2023-08-23 12:23:00+00:00,177.71,177.71,177.6,77,177.6,5077,177.673669
2023-08-23 12:25:00+00:00,177.5,177.63,177.5,123,177.63,4977,177.534378
2023-08-23 12:26:00+00:00,177.42,177.48,177.42,67,177.47,4741,177.440477
2023-08-23 12:27:00+00:00,177.5,177.5,177.49,46,177.49,1874,177.496219
2023-08-23 12:28:00+00:00,177.45,177.49,177.41,72,177.49,3068,177.44182
2023-08-23 12:29:00+00:00,177.51,177.55,177.45,99,177.45,7218,177.492172
2023-08-23 12:30:00+00:00,177.53,177.53,177.53,17,177.53,485,177.532392
2023-08-23 12:31:00+00:00,177.59,177.59,177.53,34,177.53,3580,177.562824
2023-08-23 12:32:00+00:00,177.6,177.6,177.57,33,177.57,1041,177.589539
2023-08-23 12:33:00+00:00,177.65,177.65,177.62,65,177.62,2448,177.639485
2023-08-23 12:34:00+00:00,177.67,177.67,177.6305,16,177.6305,1397,177.635565
2023-08-23 12:35:00+00:00,177.68,177.7,177.67,46,177.67,2090,177.687591
2023-08-23 12:36:00+00:00,177.78,177.79,177.7,80,177.7,5720,177.772378
2023-08-23 12:37:00+00:00,177.82,177.9,177.78,72,177.82,6217,177.847607
2023-08-23 12:38:00+00:00,177.78,177.78,177.78,25,177.78,1058,177.78224
2023-08-23 12:39:00+00:00,177.86,177.9,177.81,71,177.81,9684,177.868267
2023-08-23 12:40:00+00:00,177.69,177.86,177.69,65,177.86,3044,177.751569
2023-08-23 12:41:00+00:00,177.72,177.74,177.69,66,177.69,5701,177.720608
2023-08-23 12:42:00+00:00,177.84,177.85,177.72,53,177.72,2373,177.804617
2023-08-23 12:43:00+00:00,177.76,177.76,177.76,23,177.76,631,177.755705
2023-08-23 12:44:00+00:00,177.84,177.85,177.81,53,177.81,2483,177.839035
2023-08-23 12:45:00+00:00,177.86,177.88,177.82,54,177.84,3117,177.845159
2023-08-23 12:46:00+00:00,177.78,177.78,177.78,18,177.78,414,177.786847
2023-08-23 12:47:00+00:00,177.76,177.76,177.76,41,177.76,1698,177.761468
2023-08-23 12:48:00+00:00,177.72,177.74,177.72,29,177.74,1532,177.732996
2023-08-23 12:49:00+00:00,177.75,177.77,177.75,57,177.75,4873,177.758597
2023-08-23 12:50:00+00:00,177.72,177.72,177.72,26,177.72,578,177.715234
2023-08-23 12:51:00+00:00,177.73,177.74,177.67,84,177.69,4651,177.689127
2023-08-23 12:52:00+00:00,177.7,177.71,177.7,38,177.71,622,177.694734
2023-08-23 12:53:00+00:00,177.71,177.71,177.68,35,177.69,1898,177.694181
2023-08-23 12:54:00+00:00,177.65,177.71,177.64,101,177.71,3248,177.649537
2023-08-23 12:55:00+00:00,177.58,177.62,177.58,74,177.58,7466,177.59923
2023-08-23 12:56:00+00:00,177.47,177.5601,177.47,163,177.5601,9667,177.508278
2023-08-23 12:57:00+00:00,177.5,177.5,177.47,67,177.47,4851,177.485496
2023-08-23 12:58:00+00:00,177.52,177.54,177.4811,88,177.5,6273,177.509536
2023-08-23 12:59:00+00:00,177.56,177.58,177.56,43,177.5698,6241,177.574937
2023-08-23 13:00:00+00:00,177.67,177.67,177.55,78,177.55,5389,177.585059
2023-08-23 13:01:00+00:00,177.71,177.71,177.66,63,177.66,3366,177.69567
2023-08-23 13:02:00+00:00,177.71,177.71,177.68,56,177.7,2090,177.695847
2023-08-23 13:03:00+00:00,177.76,177.8,177.73,73,177.73,6120,177.77148
2023-08-23 13:04:00+00:00,177.78,177.79,177.72,38,177.72,2618,177.756318
2023-08-23 13:05:00+00:00,177.91,177.95,177.79,177,177.79,9694,177.85878
2023-08-23 13:06:00+00:00,177.81,177.9,177.77,104,177.9,11234,177.844135
2023-08-23 13:07:00+00:00,177.76,177.82,177.76,69,177.81,4868,177.781924
2023-08-23 13:08:00+00:00,177.78,177.78,177.72,64,177.7499,4304,177.741984
2023-08-23 13:09:00+00:00,177.9,177.93,177.79,142,177.79,10122,177.871077
2023-08-23 13:10:00+00:00,178.07,178.08,177.9,414,177.9,29562,177.985839
2023-08-23 13:11:00+00:00,178.0,178.08,178.0,86,178.05,3491,178.049418
2023-08-23 13:12:00+00:00,178.04,178.04,177.95,113,177.98,6522,177.986323
2023-08-23 13:13:00+00:00,178.0,178.01,177.95,143,178.01,7918,178.002815
2023-08-23 13:14:00+00:00,178.09,178.09,178.04,97,178.06,4780,178.063312
2023-08-23 13:15:00+00:00,178.06,178.09,178.02,74,178.04,3526,178.059833
2023-08-23 13:16:00+00:00,178.05,178.09,178.05,100,178.08,5063,178.064492
2023-08-23 13:17:00+00:00,178.07,178.07,178.02,111,178.05,4010,178.046311
2023-08-23 13:18:00+00:00,178.11,178.11,178.09,100,178.09,4533,178.097698
2023-08-23 13:19:00+00:00,178.05,178.14,178.03,73,178.14,2286,178.084581
2023-08-23 13:20:00+00:00,177.98,178.06,177.9401,86,178.06,3185,178.00079
2023-08-23 13:21:00+00:00,177.91,178.0,177.91,63,177.98,2990,177.951467
2023-08-23 13:22:00+00:00,178.0,178.09,177.94,168,177.95,14201,177.99933
2023-08-23 13:23:00+00:00,177.98,177.98,177.92,72,177.98,2462,177.953186
2023-08-23 13:24:00+00:00,178.02,178.09,177.97,104,177.99,6615,178.033244
2023-08-23 13:25:00+00:00,178.26,178.26,178.01,135,178.09,7226,178.158588
2023-08-23 13:26:00+00:00,178.23,178.26,178.1,68,178.2,3981,178.225843
2023-08-23 13:27:00+00:00,178.43,178.43,178.2,210,178.2,16552,178.309426
2023-08-23 13:28:00+00:00,178.49,178.55,178.43,319,178.5,27057,178.497245
2023-08-23 13:29:00+00:00,178.56,178.56,178.4,202,178.44,13217,178.483941
2023-08-23 13:30:00+00:00,178.5,178.69,178.325,8150,178.56,1013146,178.550405
2023-08-23 13:31:00+00:00,178.85,178.88,178.49,3546,178.52,316384,178.724285
2023-08-23 13:32:00+00:00,178.785,178.95,178.65,3643,178.86,408543,178.81424
2023-08-23 13:33:00+00:00,178.94,179.05,178.759,3255,178.8,293163,178.941913
2023-08-23 13:34:00+00:00,178.9387,179.05,178.87,2656,178.94,268956,178.9807
2023-08-23 13:35:00+00:00,179.16,179.25,178.935,4284,178.94,401130,179.120211
2023-08-23 13:36:00+00:00,179.0599,179.3,179.0085,2919,179.1531,243823,179.156601
2023-08-23 13:37:00+00:00,178.95,179.05,178.83,2350,179.05,211102,178.940799
2023-08-23 13:38:00+00:00,178.9443,178.98,178.81,2227,178.95,177352,178.920413
2023-08-23 13:39:00+00:00,178.835,178.98,178.7323,2294,178.945,157614,178.888111
2023-08-23 13:40:00+00:00,178.83,178.96,178.75,1486,178.84,120363,178.845454
2023-08-23 13:41:00+00:00,178.71,178.9,178.69,1954,178.83,137346,178.790705
2023-08-23 13:42:00+00:00,178.874,178.8899,178.67,1533,178.7,130835,178.780658
2023-08-23 13:43:00+00:00,178.96,179.02,178.83,2268,178.86,217610,178.940455
2023-08-23 13:44:00+00:00,179.1,179.1,178.93,1477,178.9589,133381,178.984281
2023-08-23 13:45:00+00:00,179.2802,179.29,179.02,2918,179.1,229399,179.160401
2023-08-23 13:46:00+00:00,179.44,179.45,179.17,4917,179.29,276628,179.295754
2023-08-23 13:47:00+00:00,179.5901,179.64,179.37,4793,179.46,343524,179.545347
2023-08-23 13:48:00+00:00,179.68,179.69,179.57,4648,179.6,262949,179.627385
2023-08-23 13:49:00+00:00,179.6078,179.68,179.51,4537,179.675,220963,179.573398
2023-08-23 13:50:00+00:00,179.63,179.67,179.58,4314,179.605,348940,179.598518
2023-08-23 13:51:00+00:00,179.67,179.715,179.58,4645,179.62,218847,179.648479
2023-08-23 13:52:00+00:00,179.685,179.84,179.675,4829,179.675,229095,179.764862
2023-08-23 13:53:00+00:00,179.675,179.73,179.63,4309,179.682,201668,179.683976
2023-08-23 13:54:00+00:00,179.81,179.83,179.57,4712,179.68,276734,179.714607
2023-08-23 13:55:00+00:00,179.975,179.99,179.8072,4997,179.8099,299456,179.919609
2023-08-23 13:56:00+00:00,179.995,180.0739,179.96,6818,179.97,469659,180.010282
2023-08-23 13:57:00+00:00,180.025,180.15,180.01,4006,180.01,238407,180.095414
2023-08-23 13:58:00+00:00,179.98,180.17,179.951,4388,180.025,249745,180.05567
2023-08-23 13:59:00+00:00,179.8201,180.01,179.81,4137,179.985,179841,179.919394
2023-08-23 14:00:00+00:00,179.665,179.9,179.66,5158,179.84,241998,179.773413
2023-08-23 14:01:00+00:00,179.535,179.72,179.49,5107,179.67,226710,179.580222
2023-08-23 14:02:00+00:00,179.58,179.64,179.465,4517,179.54,191483,179.561277
2023-08-23 14:03:00+00:00,179.62,179.69,179.51,4540,179.58,184843,179.606681
2023-08-23 14:04:00+00:00,179.6048,179.69,179.5541,3859,179.63,110665,179.621224
2023-08-23 14:05:00+00:00,179.5401,179.65,179.53,3612,179.6075,91743,179.60383
2023-08-23 14:06:00+00:00,179.7699,179.86,179.55,4075,179.55,162254,179.759511
2023-08-23 14:07:00+00:00,179.7201,179.81,179.7103,3975,179.77,177913,179.7732
2023-08-23 14:08:00+00:00,179.795,179.82,179.7,3412,179.725,110196,179.762643
2023-08-23 14:09:00+00:00,179.9299,179.94,179.795,3177,179.795,135961,179.887668
2023-08-23 14:10:00+00:00,179.975,180.0,179.8434,2954,179.92,115734,179.900072
2023-08-23 14:11:00+00:00,179.99,180.0,179.865,2753,179.98,96325,179.937237
2023-08-23 14:12:00+00:00,180.06,180.105,179.98,4233,179.9971,191620,180.039234
2023-08-23 14:13:00+00:00,180.01,180.115,179.97,3638,180.07,110415,180.051888
2023-08-23 14:14:00+00:00,179.94,180.01,179.92,3412,180.0,93662,179.959674
2023-08-23 14:15:00+00:00,180.145,180.15,179.95,3583,179.95,125455,180.075287
2023-08-23 14:16:00+00:00,180.155,180.2,180.12,3780,180.145,160272,180.170115
2023-08-23 14:17:00+00:00,180.025,180.16,179.9799,4085,180.1501,172837,180.074734
2023-08-23 14:18:00+00:00,179.95,180.09,179.92,3404,180.025,160092,179.994605
2023-08-23 14:19:00+00:00,180.155,180.19,179.93,3515,179.955,157093,180.084125
2023-08-23 14:20:00+00:00,179.99,180.16,179.92,3814,180.155,161161,180.019336
2023-08-23 14:21:00+00:00,180.0014,180.21,179.99,3854,180.0,180417,180.13083
2023-08-23 14:22:00+00:00,180.158,180.18,179.9801,3072,180.01,123665,180.064931
2023-08-23 14:23:00+00:00,180.005,180.2108,179.96,3408,180.1782,173103,180.089922
2023-08-23 14:24:00+00:00,180.2,180.2,179.9801,2551,180.05,75530,180.120227
2023-08-23 14:25:00+00:00,180.345,180.39,180.19,3723,180.19,211859,180.312747
2023-08-23 14:26:00+00:00,180.31,180.39,180.26,3351,180.34,136658,180.325041
2023-08-23 14:27:00+00:00,180.29,180.38,180.24,3566,180.3299,112276,180.310293
2023-08-23 14:28:00+00:00,180.13,180.28,180.1001,3566,180.28,126865,180.175326
2023-08-23 14:29:00+00:00,180.105,180.19,180.08,3258,180.1314,75542,180.144701
2023-08-23 14:30:00+00:00,180.18,180.2287,180.0899,3617,180.11,118166,180.157501
2023-08-23 14:31:00+00:00,180.319,180.325,180.13,3659,180.17,146366,180.257241
2023-08-23 14:32:00+00:00,180.295,180.33,180.22,2930,180.311,84005,180.28528
2023-08-23 14:33:00+00:00,180.2701,180.33,180.23,2486,180.29,86141,180.288047
2023-08-23 14:34:00+00:00,180.21,180.2845,180.16,3086,180.275,121503,180.209679
2023-08-23 14:35:00+00:00,180.21,180.24,180.08,3106,180.2016,94643,180.185824
2023-08-23 14:36:00+00:00,180.24,180.25,180.1201,2530,180.21,82924,180.203091
2023-08-23 14:37:00+00:00,180.12,180.29,180.07,1190,180.25,206677,180.165347
2023-08-23 14:38:00+00:00,180.3088,180.345,180.0904,1117,180.12,97605,180.211386
2023-08-23 14:39:00+00:00,180.3301,180.34,180.2011,936,180.31,94751,180.284617
2023-08-23 14:40:00+00:00,180.42,180.42,180.24,1365,180.3314,112156,180.340219
2023-08-23 14:41:00+00:00,180.585,180.6,180.4145,2215,180.42,207657,180.525396
2023-08-23 14:42:00+00:00,180.725,180.73,180.5701,1701,180.585,152991,180.634678
2023-08-23 14:43:00+00:00,180.695,180.7799,180.6428,2746,180.71,336541,180.717616
2023-08-23 14:44:00+00:00,180.765,180.77,180.66,1483,180.68,145098,180.721731
2023-08-23 14:45:00+00:00,180.77,180.85,180.76,2437,180.765,322992,180.777108
2023-08-23 14:46:00+00:00,180.85,180.85,180.76,1526,180.78,156505,180.787829
2023-08-23 14:47:00+00:00,180.785,180.8699,180.77,1436,180.84,155289,180.821787
2023-08-23 14:48:00+00:00,180.91,180.93,180.78,1934,180.79,182779,180.875704
2023-08-23 14:49:00+00:00,181.04,181.045,180.91,2605,180.91,232965,180.98359
2023-08-23 14:50:00+00:00,181.0999,181.1,180.99,2037,181.04,202779,181.033095
2023-08-23 14:51:00+00:00,181.21,181.23,181.09,1905,181.0918,185409,181.148577
2023-08-23 14:52:00+00:00,181.215,181.27,181.19,1551,181.22,137852,181.221042
2023-08-23 14:53:00+00:00,181.14,181.25,181.1,1601,181.2166,154915,181.170426
2023-08-23 14:54:00+00:00,181.16,181.1983,181.12,1178,181.13,134361,181.160518
2023-08-23 14:55:00+00:00,181.205,181.25,181.15,1442,181.165,182953,181.204234
2023-08-23 14:56:00+00:00,181.2,181.215,181.12,1407,181.1978,132745,181.175339
2023-08-23 14:57:00+00:00,181.075,181.2,181.05,1550,181.19,187722,181.118271
2023-08-23 14:58:00+00:00,181.14,181.15,181.055,1221,181.07,117215,181.096849
2023-08-23 14:59:00+00:00,181.2101,181.23,181.11,1221,181.145,110048,181.195443
2023-08-23 15:00:00+00:00,181.08,181.285,181.005,2047,181.2115,237173,181.17133
2023-08-23 15:01:00+00:00,181.0,181.08,180.98,1324,181.08,116265,181.024349
2023-08-23 15:02:00+00:00,181.0,181.04,180.985,1235,180.995,104573,181.00948
2023-08-23 15:03:00+00:00,180.91,181.02,180.89,1453,180.99,150384,180.96307
2023-08-23 15:04:00+00:00,180.8889,180.94,180.87,968,180.91,76101,180.905918
2023-08-23 15:05:00+00:00,180.9608,180.9775,180.875,1205,180.88,106549,180.92268
2023-08-23 15:06:00+00:00,180.925,181.01,180.88,1183,180.97,118806,180.959923
2023-08-23 15:07:00+00:00,180.93,181.01,180.89,883,180.925,58807,180.958663
2023-08-23 15:08:00+00:00,181.055,181.07,180.93,925,180.9415,99309,180.977445
2023-08-23 15:09:00+00:00,181.0436,181.09,181.02,1021,181.055,124271,181.052881
2023-08-23 15:10:00+00:00,181.0001,181.1489,180.96,1184,181.045,100684,181.075169
2023-08-23 15:11:00+00:00,180.9763,181.0499,180.97,851,181.0,84369,180.997162
2023-08-23 15:12:00+00:00,181.03,181.07,180.97,932,180.985,87504,181.003487
2023-08-23 15:13:00+00:00,181.025,181.05,180.9589,853,181.03,52914,181.014988
2023-08-23 15:14:00+00:00,181.11,181.11,181.025,1137,181.03,143390,181.06492
2023-08-23 15:15:00+00:00,181.125,181.17,181.05,1186,181.1,108797,181.119738
2023-08-23 15:16:00+00:00,181.07,181.155,181.06,886,181.13,61901,181.107206
2023-08-23 15:17:00+00:00,181.06,181.07,181.01,1009,181.07,78508,181.036456
2023-08-23 15:18:00+00:00,181.01,181.0599,180.94,1075,181.0579,70585,181.003113
2023-08-23 15:19:00+00:00,181.11,181.15,180.965,1645,181.01,141936,181.086715
2023-08-23 15:20:00+00:00,181.025,181.11,181.01,876,181.105,69405,181.060056
2023-08-23 15:21:00+00:00,181.115,181.13,181.0201,971,181.025,76700,181.082079
2023-08-23 15:22:00+00:00,181.069,181.18,181.069,1304,181.115,125868,181.13746
2023-08-23 15:23:00+00:00,181.08,181.13,181.03,1336,181.0699,118797,181.084205
2023-08-23 15:24:00+00:00,181.18,181.19,181.05,1081,181.09,91065,181.146789
2023-08-23 15:25:00+00:00,181.1702,181.19,181.12,813,181.18,74801,181.16338
2023-08-23 15:26:00+00:00,181.153,181.21,181.125,1039,181.175,88786,181.173587
2023-08-23 15:27:00+00:00,181.315,181.32,181.1401,1491,181.1463,151526,181.233871
2023-08-23 15:28:00+00:00,181.2299,181.3311,181.2,1384,181.31,149733,181.276508
2023-08-23 15:29:00+00:00,181.15,181.26,181.09,1173,181.22,87405,181.172684
2023-08-23 15:30:00+00:00,181.1859,181.24,181.15,933,181.15,69847,181.193479
2023-08-23 15:31:00+00:00,181.17,181.22,181.13,870,181.18,73890,181.173299
2023-08-23 15:32:00+00:00,181.075,181.17,181.04,990,181.165,86579,181.097227
2023-08-23 15:33:00+00:00,180.9699,181.07,180.95,1520,181.07,137503,181.003744
2023-08-23 15:34:00+00:00,180.915,180.985,180.88,1141,180.955,98213,180.921994
2023-08-23 15:35:00+00:00,180.8399,180.955,180.8,1892,180.91,170335,180.87404
2023-08-23 15:36:00+00:00,180.955,180.995,180.8,1140,180.83,138643,180.915072
2023-08-23 15:37:00+00:00,180.9705,181.0,180.9,1007,180.95,90742,180.952314
2023-08-23 15:38:00+00:00,180.94,180.98,180.86,1147,180.978,101542,180.92752
2023-08-23 15:39:00+00:00,180.92,180.9859,180.91,865,180.94,81022,180.949673
2023-08-23 15:40:00+00:00,180.94,180.95,180.85,1013,180.93,74697,180.902788
2023-08-23 15:41:00+00:00,180.8901,180.97,180.89,932,180.94,65494,180.927198
2023-08-23 15:42:00+00:00,180.89,180.95,180.8601,763,180.9,62472,180.902708
2023-08-23 15:43:00+00:00,180.869,180.91,180.84,847,180.895,62626,180.870462
2023-08-23 15:44:00+00:00,180.8448,180.93,180.83,875,180.87,70416,180.87084
2023-08-23 15:45:00+00:00,180.88,180.9,180.8,1445,180.835,123773,180.849524
2023-08-23 15:46:00+00:00,180.83,180.9,180.79,1257,180.875,120395,180.817107
2023-08-23 15:47:00+00:00,180.8771,180.9,180.81,1007,180.81,83887,180.852642
2023-08-23 15:48:00+00:00,180.85,180.91,180.79,945,180.8785,86749,180.857261
2023-08-23 15:49:00+00:00,180.99,181.0,180.795,1723,180.835,197601,180.935204
2023-08-23 15:50:00+00:00,181.08,181.1,180.9817,1754,180.99,305700,181.052481
2023-08-23 15:51:00+00:00,181.19,181.2,181.04,1187,181.08,120310,181.130793
2023-08-23 15:52:00+00:00,181.16,181.2,181.15,706,181.19,68921,181.173957
2023-08-23 15:53:00+00:00,181.1789,181.22,181.15,866,181.16,81756,181.188749
2023-08-23 15:54:00+00:00,181.15,181.2,181.14,812,181.175,84494,181.173516
2023-08-23 15:55:00+00:00,181.26,181.27,181.15,884,181.16,82502,181.215749
2023-08-23 15:56:00+00:00,181.235,181.31,181.235,1021,181.255,113121,181.279004
2023-08-23 15:57:00+00:00,181.2,181.255,181.18,718,181.235,54610,181.212229
2023-08-23 15:58:00+00:00,181.16,181.21,181.15,648,181.2,52696,181.190612
2023-08-23 15:59:00+00:00,181.13,181.18,181.11,872,181.16,89460,181.149915
2023-08-23 16:00:00+00:00,181.16,181.18,181.1,863,181.13,68203,181.150497
2023-08-23 16:01:00+00:00,181.06,181.17,181.045,798,181.165,61050,181.097323
2023-08-23 16:02:00+00:00,181.0,181.1,180.98,911,181.0683,75924,181.043158
2023-08-23 16:03:00+00:00,180.957,181.0,180.91,693,181.0,61450,180.956436
2023-08-23 16:04:00+00:00,180.915,180.9678,180.9095,588,180.955,40069,180.929867
2023-08-23 16:05:00+00:00,180.89,180.9373,180.85,761,180.915,65064,180.889206
2023-08-23 16:06:00+00:00,180.9494,180.95,180.85,775,180.895,64357,180.909865
2023-08-23 16:07:00+00:00,180.91,180.97,180.91,774,180.945,89980,180.937761
2023-08-23 16:08:00+00:00,180.915,180.9474,180.855,691,180.915,46808,180.903404
2023-08-23 16:09:00+00:00,180.855,180.92,180.8524,528,180.915,37570,180.882215
2023-08-23 16:10:00+00:00,180.8,180.9,180.8,805,180.86,56822,180.84753
2023-08-23 16:11:00+00:00,180.8816,180.8899,180.78,841,180.805,77172,180.820544
2023-08-23 16:12:00+00:00,180.9,180.95,180.8701,800,180.885,67973,180.913526
2023-08-23 16:13:00+00:00,180.905,180.925,180.845,548,180.9,33922,180.88589
2023-08-23 16:14:00+00:00,180.91,180.94,180.88,480,180.9,33165,180.907598
2023-08-23 16:15:00+00:00,180.79,180.915,180.785,809,180.905,67805,180.835147
2023-08-23 16:16:00+00:00,180.8,180.84,180.76,869,180.795,76328,180.793813
2023-08-23 16:17:00+00:00,180.7701,180.88,180.77,708,180.805,48837,180.828574
2023-08-23 16:18:00+00:00,180.681,180.785,180.65,1207,180.785,100090,180.732267
2023-08-23 16:19:00+00:00,180.677,180.75,180.66,1026,180.7,100673,180.705876
2023-08-23 16:20:00+00:00,180.6886,180.7099,180.63,930,180.67,92589,180.669403
2023-08-23 16:21:00+00:00,180.79,180.7999,180.685,782,180.685,69042,180.744897
2023-08-23 16:22:00+00:00,180.875,180.97,180.78,1650,180.795,187770,180.887554
2023-08-23 16:23:00+00:00,180.86,180.9,180.8216,746,180.87,60790,180.858932
2023-08-23 16:24:00+00:00,180.77,180.86,180.76,596,180.855,33750,180.816523
2023-08-23 16:25:00+00:00,180.76,180.84,180.755,674,180.765,46565,180.802749
2023-08-23 16:26:00+00:00,180.75,180.8,180.73,581,180.78,54206,180.759829
2023-08-23 16:27:00+00:00,180.765,180.82,180.7401,557,180.7401,42683,180.799751
2023-08-23 16:28:00+00:00,180.785,180.81,180.7231,688,180.78,71322,180.78061
2023-08-23 16:29:00+00:00,180.73,180.83,180.7299,668,180.79,90294,180.786042
2023-08-23 16:30:00+00:00,180.79,180.8,180.73,548,180.73,33836,180.768463
2023-08-23 16:31:00+00:00,180.679,180.8,180.6701,636,180.775,64405,180.726846
2023-08-23 16:32:00+00:00,180.67,180.715,180.65,694,180.675,67255,180.673367
2023-08-23 16:33:00+00:00,180.76,180.78,180.65,678,180.6601,60445,180.715045
2023-08-23 16:34:00+00:00,180.71,180.77,180.69,662,180.765,56877,180.728494
2023-08-23 16:35:00+00:00,180.735,180.77,180.68,541,180.715,29414,180.725124
2023-08-23 16:36:00+00:00,180.7699,180.795,180.74,612,180.74,65095,180.764823
2023-08-23 16:37:00+00:00,180.755,180.795,180.75,668,180.765,49528,180.769718
2023-08-23 16:38:00+00:00,180.7581,180.8,180.74,553,180.7594,33083,180.775783
2023-08-23 16:39:00+00:00,180.78,180.8,180.75,505,180.755,39660,180.771883
2023-08-23 16:40:00+00:00,180.78,180.79,180.74,645,180.785,55163,180.766387
2023-08-23 16:41:00+00:00,180.788,180.79,180.745,486,180.77,30724,180.773357
2023-08-23 16:42:00+00:00,180.73,180.81,180.715,611,180.79,45140,180.773088
2023-08-23 16:43:00+00:00,180.76,180.76,180.68,660,180.73,63470,180.726306
2023-08-23 16:44:00+00:00,180.778,180.78,180.715,656,180.76,52784,180.747983
2023-08-23 16:45:00+00:00,180.81,180.8299,180.78,592,180.785,49497,180.775877
2023-08-23 16:46:00+00:00,180.75,180.87,180.74,860,180.815,75725,180.810676
2023-08-23 16:47:00+00:00,180.81,180.82,180.7095,761,180.75,54445,180.764174
2023-08-23 16:48:00+00:00,180.818,180.87,180.81,557,180.82,40065,180.831477
2023-08-23 16:49:00+00:00,180.7771,180.82,180.77,434,180.8101,24189,180.79167
2023-08-23 16:50:00+00:00,180.811,180.82,180.7626,588,180.775,38526,180.78446
2023-08-23 16:51:00+00:00,180.87,180.92,180.81,858,180.81,73087,180.872919
2023-08-23 16:52:00+00:00,180.831,180.8771,180.81,543,180.8771,37857,180.83313
2023-08-23 16:53:00+00:00,180.75,180.845,180.74,844,180.84,71716,180.779515
2023-08-23 16:54:00+00:00,180.7501,180.7999,180.721,489,180.76,32544,180.762117
2023-08-23 16:55:00+00:00,180.78,180.83,180.74,505,180.75,36712,180.788643
2023-08-23 16:56:00+00:00,180.8,180.81,180.77,485,180.78,40285,180.789107
2023-08-23 16:57:00+00:00,180.7099,180.81,180.679,607,180.8053,68770,180.725175
2023-08-23 16:58:00+00:00,180.6861,180.7299,180.6861,509,180.7,39102,180.709173
2023-08-23 16:59:00+00:00,180.68,180.7,180.67,665,180.695,72205,180.684301
2023-08-23 17:00:00+00:00,180.7,180.705,180.665,568,180.68,60079,180.684454
2023-08-23 17:01:00+00:00,180.67,180.71,180.66,505,180.695,29087,180.688775
2023-08-23 17:02:00+00:00,180.66,180.7,180.65,532,180.665,42004,180.674207
2023-08-23 17:03:00+00:00,180.7201,180.73,180.63,597,180.665,60628,180.674908
2023-08-23 17:04:00+00:00,180.825,180.855,180.725,780,180.725,72726,180.809401
2023-08-23 17:05:00+00:00,180.805,180.84,180.7901,466,180.82,28244,180.822928
2023-08-23 17:06:00+00:00,180.81,180.84,180.78,586,180.805,32499,180.809729
2023-08-23 17:07:00+00:00,180.82,180.869,180.789,500,180.8,39909,180.826649
2023-08-23 17:08:00+00:00,180.835,180.855,180.83,424,180.83,27427,180.842296
2023-08-23 17:09:00+00:00,180.86,180.87,180.8007,518,180.8383,35721,180.832129
2023-08-23 17:10:00+00:00,180.835,180.867,180.83,436,180.85,27331,180.848762
2023-08-23 17:11:00+00:00,180.83,180.865,180.815,457,180.83,26065,180.845215
2023-08-23 17:12:00+00:00,180.875,180.88,180.82,492,180.835,27574,180.84808
2023-08-23 17:13:00+00:00,180.8598,180.88,180.84,444,180.875,31625,180.86066
2023-08-23 17:14:00+00:00,180.855,180.88,180.84,506,180.86,33348,180.85713
2023-08-23 17:15:00+00:00,180.94,180.94,180.85,601,180.86,40766,180.883264
2023-08-23 17:16:00+00:00,180.99,181.0,180.94,840,180.945,83545,180.974675
2023-08-23 17:17:00+00:00,181.14,181.17,180.985,2130,180.9899,256318,181.078587
2023-08-23 17:18:00+00:00,181.135,181.19,181.11,983,181.14,150336,181.151431
2023-08-23 17:19:00+00:00,181.18,181.2,181.125,885,181.135,123355,181.172965
2023-08-23 17:20:00+00:00,181.25,181.26,181.16,1091,181.18,166199,181.228229
2023-08-23 17:21:00+00:00,181.24,181.26,181.19,909,181.245,128721,181.230587
2023-08-23 17:22:00+00:00,181.2,181.245,181.16,763,181.245,80922,181.200461
2023-08-23 17:23:00+00:00,181.195,181.215,181.18,607,181.195,61074,181.197076
2023-08-23 17:24:00+00:00,181.25,181.27,181.18,669,181.2,80102,181.233585
2023-08-23 17:25:00+00:00,181.2887,181.29,181.23,748,181.255,69252,181.267255
2023-08-23 17:26:00+00:00,181.2314,181.29,181.23,707,181.28,78864,181.270442
2023-08-23 17:27:00+00:00,181.205,181.25,181.2,494,181.23,40385,181.223721
2023-08-23 17:28:00+00:00,181.21,181.265,181.2,631,181.21,64017,181.23562
2023-08-23 17:29:00+00:00,181.24,181.245,181.21,877,181.215,91081,181.222014
2023-08-23 17:30:00+00:00,181.285,181.31,181.21,1742,181.2321,139758,181.266796
2023-08-23 17:31:00+00:00,181.389,181.395,181.285,1318,181.29,113696,181.343404
2023-08-23 17:32:00+00:00,181.365,181.3899,181.35,663,181.385,51553,181.370407
2023-08-23 17:33:00+00:00,181.3537,181.385,181.3401,1105,181.365,104961,181.359479
2023-08-23 17:34:00+00:00,181.3508,181.3771,181.34,807,181.355,73149,181.358125
2023-08-23 17:35:00+00:00,181.2499,181.355,181.22,1418,181.355,147409,181.26514
2023-08-23 17:36:00+00:00,181.2101,181.255,181.17,1181,181.242,125379,181.212407
2023-08-23 17:37:00+00:00,181.1987,181.23,181.14,853,181.215,87587,181.188056
2023-08-23 17:38:00+00:00,181.21,181.25,181.17,864,181.195,77551,181.216604
2023-08-23 17:39:00+00:00,181.2447,181.25,181.18,819,181.205,70504,181.222898
2023-08-23 17:40:00+00:00,181.2499,181.255,181.17,798,181.25,76227,181.219964
2023-08-23 17:41:00+00:00,181.265,181.27,181.21,637,181.245,55513,181.245973
2023-08-23 17:42:00+00:00,181.25,181.27,181.225,676,181.268,57860,181.249837
2023-08-23 17:43:00+00:00,181.26,181.27,181.239,428,181.24,33475,181.256579
2023-08-23 17:44:00+00:00,181.3001,181.31,181.2301,600,181.255,44362,181.272587
2023-08-23 17:45:00+00:00,181.3051,181.32,181.28,563,181.305,45229,181.299407
2023-08-23 17:46:00+00:00,181.34,181.3479,181.29,586,181.305,41804,181.315764
2023-08-23 17:47:00+00:00,181.38,181.39,181.33,680,181.345,62069,181.361799
2023-08-23 17:48:00+00:00,181.4,181.42,181.36,1019,181.385,86591,181.3988
2023-08-23 17:49:00+00:00,181.414,181.44,181.38,827,181.4,70844,181.411402
2023-08-23 17:50:00+00:00,181.39,181.425,181.365,1056,181.425,98775,181.394737
2023-08-23 17:51:00+00:00,181.426,181.44,181.39,630,181.4,47369,181.412335
2023-08-23 17:52:00+00:00,181.445,181.455,181.425,736,181.43,47918,181.438067
2023-08-23 17:53:00+00:00,181.41,181.45,181.375,857,181.445,82795,181.410421
2023-08-23 17:54:00+00:00,181.41,181.44,181.389,734,181.41,59652,181.409239
2023-08-23 17:55:00+00:00,181.535,181.5393,181.4101,1309,181.4101,110220,181.483675
2023-08-23 17:56:00+00:00,181.5412,181.55,181.505,793,181.535,79722,181.530341
2023-08-23 17:57:00+00:00,181.43,181.545,181.41,937,181.545,88098,181.460964
2023-08-23 17:58:00+00:00,181.4484,181.46,181.4111,576,181.4209,45849,181.43989
2023-08-23 17:59:00+00:00,181.399,181.445,181.39,568,181.44,42469,181.410707
2023-08-23 18:00:00+00:00,181.2672,181.4,181.25,936,181.399,99112,181.317215
2023-08-23 18:01:00+00:00,181.26,181.28,181.229,648,181.27,52031,181.254146
2023-08-23 18:02:00+00:00,181.26,181.29,181.255,649,181.27,53925,181.272199
2023-08-23 18:03:00+00:00,181.2799,181.28,181.235,521,181.2612,41710,181.257434
2023-08-23 18:04:00+00:00,181.275,181.31,181.26,809,181.275,78857,181.286305
2023-08-23 18:05:00+00:00,181.265,181.29,181.25,535,181.27,41456,181.271354
2023-08-23 18:06:00+00:00,181.265,181.27,181.23,541,181.26,44068,181.247748
2023-08-23 18:07:00+00:00,181.2487,181.2699,181.22,783,181.265,76244,181.245131
2023-08-23 18:08:00+00:00,181.24,181.26,181.222,801,181.245,94364,181.239741
2023-08-23 18:09:00+00:00,181.244,181.26,181.235,588,181.245,51244,181.244622
2023-08-23 18:10:00+00:00,181.1479,181.248,181.12,765,181.245,79840,181.173019
2023-08-23 18:11:00+00:00,181.185,181.2,181.145,616,181.1463,41337,181.177642
2023-08-23 18:12:00+00:00,181.14,181.21,181.14,630,181.185,44527,181.180362
2023-08-23 18:13:00+00:00,181.1699,181.177,181.1221,634,181.139,51443,181.150353
2023-08-23 18:14:00+00:00,181.1819,181.2,181.145,529,181.17,39978,181.175321
2023-08-23 18:15:00+00:00,181.145,181.2,181.135,732,181.19,60226,181.164901
2023-08-23 18:16:00+00:00,181.165,181.17,181.135,745,181.14,60323,181.150026
2023-08-23 18:17:00+00:00,181.07,181.1701,181.05,1148,181.165,135607,181.09803
2023-08-23 18:18:00+00:00,180.97,181.0787,180.97,1101,181.0787,105017,181.022721
2023-08-23 18:19:00+00:00,180.97,180.9799,180.92,958,180.97,98359,180.950841
2023-08-23 18:20:00+00:00,180.93,180.9799,180.8906,812,180.9692,80953,180.938081
2023-08-23 18:21:00+00:00,181.0,181.0,180.9,842,180.925,80647,180.963315
2023-08-23 18:22:00+00:00,181.04,181.07,180.97,729,180.995,59512,181.014134
2023-08-23 18:23:00+00:00,181.065,181.1,181.01,712,181.035,79549,181.055561
2023-08-23 18:24:00+00:00,181.14,181.155,181.045,915,181.065,92542,181.116343
2023-08-23 18:25:00+00:00,181.18,181.2,181.145,1024,181.145,103059,181.171386
2023-08-23 18:26:00+00:00,181.19,181.2,181.139,619,181.19,53357,181.16552
2023-08-23 18:27:00+00:00,181.16,181.2,181.12,590,181.195,39009,181.158537
2023-08-23 18:28:00+00:00,181.125,181.19,181.11,629,181.16,48555,181.156906
2023-08-23 18:29:00+00:00,181.06,181.14,181.06,572,181.125,41839,181.099485
2023-08-23 18:30:00+00:00,181.07,181.1199,181.06,572,181.0691,46349,181.090863
2023-08-23 18:31:00+00:00,180.98,181.075,180.97,647,181.075,55668,181.01569
2023-08-23 18:32:00+00:00,181.035,181.07,180.975,740,180.9789,61626,181.02676
2023-08-23 18:33:00+00:00,181.04,181.055,181.005,549,181.04,39245,181.033247
2023-08-23 18:34:00+00:00,181.025,181.07,181.01,682,181.03,53258,181.043137
2023-08-23 18:35:00+00:00,181.03,181.035,180.9909,544,181.03,49110,181.017267
2023-08-23 18:36:00+00:00,180.96,181.0799,180.9401,706,181.04,56720,181.007247
2023-08-23 18:37:00+00:00,180.86,180.96,180.8412,1011,180.96,76913,180.880846
2023-08-23 18:38:00+00:00,180.88,180.899,180.84,897,180.865,80282,180.860172
2023-08-23 18:39:00+00:00,180.875,180.93,180.8715,703,180.875,54104,180.904539
2023-08-23 18:40:00+00:00,180.81,180.93,180.8,1212,180.875,113783,180.86344
2023-08-23 18:41:00+00:00,180.8806,180.9,180.81,647,180.82,54763,180.859029
2023-08-23 18:42:00+00:00,180.86,180.9199,180.84,631,180.885,37863,180.878216
2023-08-23 18:43:00+00:00,180.88,180.91,180.855,434,180.855,41867,180.877502
2023-08-23 18:44:00+00:00,180.86,180.89,180.86,594,180.875,31000,180.874509
2023-08-23 18:45:00+00:00,180.835,180.855,180.81,530,180.855,38005,180.833238
2023-08-23 18:46:00+00:00,180.98,180.99,180.8301,705,180.8301,52160,180.909791
2023-08-23 18:47:00+00:00,181.0363,181.04,180.96,752,180.99,72633,180.988365
2023-08-23 18:48:00+00:00,180.955,181.0483,180.94,645,181.025,47267,180.99646
2023-08-23 18:49:00+00:00,180.975,180.99,180.955,454,180.955,74194,180.918598
2023-08-23 18:50:00+00:00,180.93,180.995,180.92,589,180.98,46264,180.966919
2023-08-23 18:51:00+00:00,180.97,180.97,180.915,609,180.92,43176,180.937703
2023-08-23 18:52:00+00:00,181.0391,181.05,180.965,711,180.965,72252,181.015612
2023-08-23 18:53:00+00:00,181.02,181.06,181.01,503,181.045,37752,181.032183
2023-08-23 18:54:00+00:00,181.005,181.0303,180.98,641,181.025,51805,180.999871
2023-08-23 18:55:00+00:00,181.05,181.05,180.995,600,181.0001,52865,181.023471
2023-08-23 18:56:00+00:00,181.045,181.09,181.035,673,181.05,59784,181.059957
2023-08-23 18:57:00+00:00,180.92,181.045,180.92,824,181.045,74547,180.986715
2023-08-23 18:58:00+00:00,180.94,180.96,180.89,704,180.9118,73045,180.916723
2023-08-23 18:59:00+00:00,180.945,180.96,180.93,463,180.935,31825,180.943646
2023-08-23 19:00:00+00:00,180.97,180.98,180.93,445,180.95,26600,180.95519
2023-08-23 19:01:00+00:00,180.8763,180.975,180.84,704,180.975,50861,180.91173
2023-08-23 19:02:00+00:00,180.845,180.8899,180.81,655,180.87,56799,180.847209
2023-08-23 19:03:00+00:00,180.995,181.01,180.83,803,180.84,110737,180.928666
2023-08-23 19:04:00+00:00,181.115,181.13,180.99,936,180.995,95478,181.077648
2023-08-23 19:05:00+00:00,181.0801,181.12,181.05,650,181.12,51250,181.074113
2023-08-23 19:06:00+00:00,181.17,181.197,181.09,969,181.09,116721,181.16938
2023-08-23 19:07:00+00:00,181.1889,181.19,181.15,750,181.175,65935,181.171963
2023-08-23 19:08:00+00:00,181.15,181.19,181.095,987,181.19,91909,181.131723
2023-08-23 19:09:00+00:00,181.22,181.24,181.14,897,181.155,96605,181.200052
2023-08-23 19:10:00+00:00,181.265,181.27,181.2,971,181.2201,91237,181.24109
2023-08-23 19:11:00+00:00,181.2897,181.31,181.24,870,181.2601,76246,181.277007
2023-08-23 19:12:00+00:00,181.26,181.31,181.25,821,181.285,70271,181.278116
2023-08-23 19:13:00+00:00,181.27,181.29,181.22,783,181.2588,69033,181.260947
2023-08-23 19:14:00+00:00,181.24,181.265,181.22,742,181.265,54425,181.242279
2023-08-23 19:15:00+00:00,181.27,181.27,181.225,567,181.24,42265,181.250185
2023-08-23 19:16:00+00:00,181.325,181.35,181.27,850,181.275,98991,181.307209
2023-08-23 19:17:00+00:00,181.292,181.3299,181.25,694,181.3299,56275,181.287675
2023-08-23 19:18:00+00:00,181.32,181.325,181.24,719,181.295,70854,181.275376
2023-08-23 19:19:00+00:00,181.335,181.349,181.2721,752,181.32,66467,181.313486
2023-08-23 19:20:00+00:00,181.3278,181.35,181.285,855,181.34,58104,181.31579
2023-08-23 19:21:00+00:00,181.31,181.33,181.25,1088,181.32,80498,181.294884
2023-08-23 19:22:00+00:00,181.3,181.33,181.27,885,181.305,56968,181.299509
2023-08-23 19:23:00+00:00,181.3401,181.3799,181.295,928,181.3,58833,181.344352
2023-08-23 19:24:00+00:00,181.405,181.417,181.3436,1324,181.345,137973,181.389992
2023-08-23 19:25:00+00:00,181.47,181.4779,181.385,1142,181.405,98777,181.423676
2023-08-23 19:26:00+00:00,181.49,181.51,181.4601,1313,181.475,109668,181.488751
2023-08-23 19:27:00+00:00,181.42,181.485,181.37,996,181.485,88952,181.423221
2023-08-23 19:28:00+00:00,181.47,181.4899,181.391,817,181.415,93670,181.439742
2023-08-23 19:29:00+00:00,181.535,181.54,181.47,995,181.475,111561,181.501861
2023-08-23 19:30:00+00:00,181.47,181.54,181.45,1278,181.535,120817,181.496027
2023-08-23 19:31:00+00:00,181.53,181.53,181.41,967,181.47,88032,181.464754
2023-08-23 19:32:00+00:00,181.425,181.53,181.41,969,181.52,101806,181.46432
2023-08-23 19:33:00+00:00,181.4389,181.44,181.3706,858,181.425,67495,181.406252
2023-08-23 19:34:00+00:00,181.46,181.46,181.42,863,181.4395,80064,181.440119
2023-08-23 19:35:00+00:00,181.46,181.48,181.43,947,181.45,84554,181.45616
2023-08-23 19:36:00+00:00,181.458,181.5,181.43,968,181.465,81370,181.469619
2023-08-23 19:37:00+00:00,181.4412,181.47,181.43,950,181.455,81440,181.446831
2023-08-23 19:38:00+00:00,181.48,181.48,181.435,932,181.445,82261,181.455787
2023-08-23 19:39:00+00:00,181.43,181.475,181.43,814,181.4729,84300,181.450823
2023-08-23 19:40:00+00:00,181.495,181.4999,181.4202,1061,181.44,80334,181.463207
2023-08-23 19:41:00+00:00,181.475,181.5,181.43,935,181.495,71708,181.478719
2023-08-23 19:42:00+00:00,181.48,181.49,181.44,1163,181.48,88537,181.471757
2023-08-23 19:43:00+00:00,181.525,181.54,181.48,1679,181.4895,188256,181.516093
2023-08-23 19:44:00+00:00,181.45,181.52,181.405,1583,181.52,142303,181.455356
2023-08-23 19:45:00+00:00,181.345,181.44,181.31,1791,181.44,167692,181.372991
2023-08-23 19:46:00+00:00,181.34,181.36,181.27,2087,181.345,199519,181.319451
2023-08-23 19:47:00+00:00,181.385,181.4,181.335,1162,181.345,123661,181.373922
2023-08-23 19:48:00+00:00,181.445,181.46,181.37,1611,181.385,161262,181.410918
2023-08-23 19:49:00+00:00,181.35,181.4403,181.34,1614,181.4403,111243,181.383637
2023-08-23 19:50:00+00:00,181.2814,181.47,181.27,2682,181.35,263500,181.384749
2023-08-23 19:51:00+00:00,181.25,181.29,181.19,1941,181.29,198492,181.228455
2023-08-23 19:52:00+00:00,181.135,181.245,181.11,1798,181.245,163025,181.15923
2023-08-23 19:53:00+00:00,181.15,181.175,181.09,2026,181.13,209090,181.134062
2023-08-23 19:54:00+00:00,181.105,181.22,181.04,2596,181.155,213322,181.140787
2023-08-23 19:55:00+00:00,181.055,181.15,181.03,2545,181.105,241678,181.086721
2023-08-23 19:56:00+00:00,181.085,181.12,181.04,2041,181.06,188596,181.085677
2023-08-23 19:57:00+00:00,181.1,181.1,181.01,2122,181.09,178734,181.055251
2023-08-23 19:58:00+00:00,181.065,181.1099,181.0,3234,181.1,296152,181.039738
2023-08-23 19:59:00+00:00,181.14,181.22,181.04,6822,181.07,1478738,181.070406
2023-08-23 20:00:00+00:00,181.12,181.16,181.01,222,181.16,6817251,181.119698
2023-08-23 20:01:00+00:00,181.31,181.33,181.09,153,181.12,81041,181.133875
2023-08-23 20:02:00+00:00,181.19,181.24,181.01,75,181.24,33666,181.125864
2023-08-23 20:03:00+00:00,181.19,181.19,181.11,39,181.18,3888,181.145499
2023-08-23 20:04:00+00:00,181.18,181.19,181.14,40,181.14,5198,181.179423
2023-08-23 20:05:00+00:00,181.12,181.18,181.03,70,181.18,11928,181.144711
2023-08-23 20:06:00+00:00,181.09,181.16,181.08,38,181.16,2297,181.12251
2023-08-23 20:07:00+00:00,181.11,181.1199,181.01,97,181.1199,5133,181.056681
2023-08-23 20:08:00+00:00,181.12,181.12,181.01,53,181.12,275742,181.119244
2023-08-23 20:09:00+00:00,181.12,181.12,180.96,57,181.12,65046,181.115373
2023-08-23 20:10:00+00:00,180.94,181.06,180.85,87,180.96,12661,180.964464
2023-08-23 20:11:00+00:00,180.8,180.99,180.8,77,180.95,10837,180.867476
2023-08-23 20:12:00+00:00,180.99,181.12,180.8,71,180.8,84720,181.103413
2023-08-23 20:13:00+00:00,180.95,181.05,180.92,82,180.98,7218,180.976125
2023-08-23 20:14:00+00:00,180.9691,180.99,180.89,38,180.89,3364,180.955843
2023-08-23 20:15:00+00:00,180.94,180.97,180.89,68,180.97,2068,180.925486
2023-08-23 20:16:00+00:00,180.97,181.05,180.9,43,180.9,4029,180.985758
2023-08-23 20:17:00+00:00,180.92,180.99,180.91,33,180.92,1234,180.948799
2023-08-23 20:18:00+00:00,180.94,180.98,180.94,26,180.96,1117,180.957753
2023-08-23 20:20:00+00:00,181.15,181.15,180.76,367,180.89,18173,180.949399
2023-08-23 20:21:00+00:00,181.19,181.2,180.95,100,181.14,17747,181.144407
2023-08-23 20:22:00+00:00,180.9,181.22,180.83,120,181.19,9838,181.013043
2023-08-23 20:23:00+00:00,181.0,181.12,180.75,403,180.9,41067,180.95649
2023-08-23 20:24:00+00:00,181.09,181.2,180.88,406,180.93,43731,181.025579
2023-08-23 20:25:00+00:00,181.14,181.18,181.05,278,181.08,44006,181.08843
2023-08-23 20:26:00+00:00,181.01,181.15,181.01,118,181.14,17193,181.121097
2023-08-23 20:27:00+00:00,180.92,181.11,180.92,112,181.05,21012,181.031611
2023-08-23 20:28:00+00:00,180.6204,180.96,180.6,176,180.9,14009,180.755921
2023-08-23 20:29:00+00:00,180.69,180.9,180.69,184,180.79,18158,180.734657
2023-08-23 20:30:00+00:00,180.86,180.89,180.72,115,180.72,5403,180.839902
2023-08-23 20:31:00+00:00,180.85,180.89,180.7,135,180.89,7095,180.790866
2023-08-23 20:32:00+00:00,180.82,180.9,180.78,121,180.88,7154,180.861064
2023-08-23 20:33:00+00:00,180.76,180.81,180.62,148,180.79,9679,180.720568
2023-08-23 20:34:00+00:00,180.61,180.8,180.61,199,180.79,12357,180.700943
2023-08-23 20:35:00+00:00,180.55,180.65,180.55,126,180.61,9466,180.622426
2023-08-23 20:36:00+00:00,180.65,180.72,180.55,127,180.55,8509,180.633439
2023-08-23 20:37:00+00:00,180.65,180.65,180.52,155,180.65,7794,180.595527
2023-08-23 20:38:00+00:00,180.61,180.65,180.56,81,180.6211,3423,180.608889
2023-08-23 20:39:00+00:00,180.61,180.7,180.59,150,180.61,7702,180.631499
2023-08-23 20:40:00+00:00,180.68,180.7,180.61,113,180.62,6432,180.654205
2023-08-23 20:41:00+00:00,180.7607,180.8,180.71,115,180.72,8799,180.754786
2023-08-23 20:42:00+00:00,180.76,180.85,180.7,147,180.79,13490,180.782742
2023-08-23 20:43:00+00:00,181.0,181.1,180.67,255,180.76,26602,180.928591
2023-08-23 20:44:00+00:00,180.89,181.11,180.83,280,181.0,23890,180.99309
2023-08-23 20:45:00+00:00,180.94,181.2,180.82,238,180.89,23946,180.976421
2023-08-23 20:46:00+00:00,180.83,181.0,180.76,143,180.93,11589,180.855956
2023-08-23 20:47:00+00:00,180.73,180.89,180.71,149,180.83,15959,180.793053
2023-08-23 20:48:00+00:00,180.89,180.89,180.71,153,180.73,16347,180.743369
2023-08-23 20:49:00+00:00,180.71,180.74,180.68,107,180.74,392591,181.110301
2023-08-23 20:50:00+00:00,180.62,180.74,180.6,174,180.73,13397,180.649191
2023-08-23 20:51:00+00:00,180.77,180.77,180.64,63,180.71,2492,180.703433
2023-08-23 20:52:00+00:00,180.83,180.83,180.7,43,180.704,1752,180.768486
2023-08-23 20:53:00+00:00,180.79,180.97,180.79,82,180.83,10426,180.862784
2023-08-23 20:54:00+00:00,180.76,180.79,180.7416,58,180.79,4623,180.770792
2023-08-23 20:55:00+00:00,180.7,180.78,180.7,80,180.75,5479,180.745108
2023-08-23 20:56:00+00:00,180.75,180.75,180.71,53,180.71,5068,180.74256
2023-08-23 20:57:00+00:00,180.8701,181.12,180.74,70,180.74,23209,181.051214
2023-08-23 20:58:00+00:00,180.9,180.94,180.9,42,180.9,1379,180.911381
2023-08-23 20:59:00+00:00,180.9,180.94,180.85,245,180.92,4719,180.906468
2023-08-23 21:00:00+00:00,180.87,180.92,180.8,140,180.92,3644,180.831333
2023-08-23 21:01:00+00:00,180.89,180.96,180.73,183,180.96,6840,180.850383
2023-08-23 21:02:00+00:00,180.81,180.98,180.8,74,180.8,7164,180.851979
2023-08-23 21:03:00+00:00,180.79,180.8399,180.72,66,180.82,2441,180.786997
2023-08-23 21:04:00+00:00,180.9,180.92,180.77,219,180.77,8356,180.839142
2023-08-23 21:05:00+00:00,180.97,180.98,180.9,94,180.9,3430,180.943079
2023-08-23 21:06:00+00:00,180.95,180.96,180.9,102,180.94,6246,180.92298
2023-08-23 21:07:00+00:00,181.0,181.0,180.93,93,180.93,6472,180.983397
2023-08-23 21:08:00+00:00,181.27,181.27,180.98,233,180.98,20899,181.187371
2023-08-23 21:09:00+00:00,181.14,181.255,181.01,256,181.25,103055,181.126011
2023-08-23 21:10:00+00:00,181.02,181.14,180.92,107,181.13,6503,181.058734
2023-08-23 21:11:00+00:00,180.94,181.07,180.91,95,181.01,7134,180.986333
2023-08-23 21:12:00+00:00,180.92,180.986,180.9,89,180.97,2196,180.937058
2023-08-23 21:13:00+00:00,180.92,180.99,180.92,42,180.93,1946,180.938674
2023-08-23 21:14:00+00:00,180.94,180.96,180.93,47,180.95,4125,180.948262
2023-08-23 21:15:00+00:00,180.9001,180.94,180.9001,52,180.94,1450,180.908766
2023-08-23 21:16:00+00:00,181.05,181.05,180.9,74,180.9,2370,180.942053
2023-08-23 21:17:00+00:00,180.9,181.07,180.9,76,180.98,4309,180.959633
2023-08-23 21:18:00+00:00,180.9,181.0,180.9,105,180.91,8882,180.92012
2023-08-23 21:19:00+00:00,180.9523,180.99,180.9,37,180.9,3923,180.930618
2023-08-23 21:20:00+00:00,180.9,180.9696,180.9,80,180.9696,8475,180.919591
2023-08-23 21:21:00+00:00,181.05,181.05,180.92,58,180.94,3867,180.97561
2023-08-23 21:22:00+00:00,180.93,181.0,180.92,44,181.0,4643,180.991148
2023-08-23 21:23:00+00:00,180.9,180.94,180.9,75,180.94,6931,180.901726
2023-08-23 21:24:00+00:00,180.84,180.9,180.84,39,180.9,4225,180.866227
2023-08-23 21:25:00+00:00,180.85,181.0,180.84,49,181.0,1731,180.923042
2023-08-23 21:26:00+00:00,180.9999,181.0,180.9,37,181.0,1202,180.964305
2023-08-23 21:27:00+00:00,181.0,181.0,180.98,49,180.98,3525,180.989267
2023-08-23 21:28:00+00:00,181.0,181.0,180.94,34,180.9746,4094,180.985185
2023-08-23 21:29:00+00:00,180.9999,181.0,180.95,33,181.0,1932,180.989004
2023-08-23 21:30:00+00:00,180.94,181.0,180.93,65,181.0,2329,180.970588
2023-08-23 21:31:00+00:00,180.97,180.99,180.87,55,180.92,7228,180.928761
2023-08-23 21:32:00+00:00,181.04,181.04,180.99,81,180.99,1715,180.986099
2023-08-23 21:33:00+00:00,181.0,181.0,180.96,31,180.96,920,180.987496
2023-08-23 21:34:00+00:00,180.7639,180.96,180.7639,90,180.96,5950,180.830585
2023-08-23 21:35:00+00:00,180.87,181.12,180.75,108,180.7535,36290,181.108252
2023-08-23 21:36:00+00:00,180.89,180.89,180.88,38,180.88,653,180.876011
2023-08-23 21:37:00+00:00,180.85,180.85,180.85,35,180.85,492,180.855996
2023-08-23 21:38:00+00:00,180.8887,180.9,180.8043,43,180.88,1190,180.856007
2023-08-23 21:39:00+00:00,180.8,180.8001,180.8,82,180.8001,1154,180.801282
2023-08-23 21:40:00+00:00,180.7,180.75,180.7,113,180.75,4936,180.717116
2023-08-23 21:41:00+00:00,180.85,180.89,180.69,71,180.69,3847,180.792584
2023-08-23 21:42:00+00:00,180.9,180.9,180.85,107,180.85,2092,180.865919
2023-08-23 21:43:00+00:00,180.85,180.85,180.85,25,180.85,1173,180.85494
2023-08-23 21:44:00+00:00,180.88,180.98,180.8492,42,180.8984,1302,180.911887
2023-08-23 21:46:00+00:00,180.9,180.95,180.75,44,180.75,1492,180.866843
2023-08-23 21:47:00+00:00,180.7636,180.7636,180.7636,29,180.7636,619,180.846195
2023-08-23 21:48:00+00:00,180.82,180.82,180.82,31,180.82,279,180.851459
2023-08-23 21:49:00+00:00,180.92,180.92,180.88,35,180.88,2746,180.907064
2023-08-23 21:50:00+00:00,180.8,180.8,180.8,51,180.8,666,180.801389
2023-08-23 21:51:00+00:00,180.85,180.85,180.78,40,180.78,2312,180.841071
2023-08-23 21:52:00+00:00,180.92,180.92,180.8,44,180.8,3244,180.84562
2023-08-23 21:53:00+00:00,180.95,180.95,180.95,32,180.95,2178,180.943439
2023-08-23 21:54:00+00:00,180.94,180.95,180.94,23,180.95,678,180.93351
2023-08-23 21:56:00+00:00,180.85,180.9,180.85,71,180.9,1255,180.877721
2023-08-23 21:57:00+00:00,180.89,180.89,180.89,42,180.89,645,180.879992
2023-08-23 21:58:00+00:00,180.83,180.95,180.83,56,180.8335,1294,180.885489
2023-08-23 21:59:00+00:00,180.83,180.99,180.83,51,180.94,2666,180.89066
2023-08-23 22:00:00+00:00,181.0,181.0,180.8,77,180.85,4101,180.907098
2023-08-23 22:01:00+00:00,180.97,181.0,180.86,50,180.98,2753,180.937014
2023-08-23 22:02:00+00:00,180.98,180.98,180.97,34,180.97,1019,180.952915
2023-08-23 22:03:00+00:00,180.912,180.98,180.912,21,180.98,772,180.969398
2023-08-23 22:04:00+00:00,180.9587,180.97,180.9587,19,180.96,467,180.948531
2023-08-23 22:05:00+00:00,180.8708,180.98,180.8708,101,180.98,4235,180.948988
2023-08-23 22:07:00+00:00,180.88,180.96,180.88,41,180.96,1767,180.926885
2023-08-23 22:08:00+00:00,180.9699,180.9699,180.9699,19,180.9699,331,180.960013
2023-08-23 22:09:00+00:00,180.93,180.93,180.93,23,180.93,283,180.906549
2023-08-23 22:10:00+00:00,180.93,180.94,180.91,26,180.91,2832,180.929322
2023-08-23 22:11:00+00:00,180.86,180.93,180.86,25,180.93,1689,180.909805
2023-08-23 22:12:00+00:00,180.9,180.96,180.89,40,180.96,3338,180.916081
2023-08-23 22:13:00+00:00,180.88,180.88,180.86,27,180.88,989,180.876552
2023-08-23 22:14:00+00:00,180.86,180.88,180.86,32,180.88,655,180.879249
2023-08-23 22:15:00+00:00,180.86,180.86,180.86,32,180.86,931,180.866778
2023-08-23 22:16:00+00:00,180.83,180.89,180.83,40,180.89,965,180.861679
2023-08-23 22:17:00+00:00,180.9,180.91,180.8119,17,180.8119,1748,180.847408
2023-08-23 22:18:00+00:00,180.82,180.89,180.82,48,180.82,1414,180.840315
2023-08-23 22:19:00+00:00,180.89,180.89,180.89,10,180.89,109,180.887569
2023-08-23 22:20:00+00:00,180.82,180.9,180.82,35,180.9,863,180.85555
2023-08-23 22:21:00+00:00,180.8,180.82,180.8,46,180.82,932,180.815349
2023-08-23 22:22:00+00:00,180.8,180.8,180.8,27,180.8,496,180.818024
2023-08-23 22:23:00+00:00,180.75,180.8,180.75,62,180.8,2544,180.769613
2023-08-23 22:24:00+00:00,180.8,180.8,180.8,16,180.8,343,180.797624
2023-08-23 22:25:00+00:00,180.74,180.74,180.74,27,180.74,371,180.747385
2023-08-23 22:26:00+00:00,180.8,180.83,180.7,59,180.83,2411,180.758264
2023-08-23 22:27:00+00:00,180.83,180.83,180.78,30,180.78,649,180.800516
2023-08-23 22:30:00+00:00,180.77,180.77,180.75,50,180.75,1286,180.74939
2023-08-23 22:31:00+00:00,180.7896,180.7896,180.7896,13,180.7896,321,180.783769
2023-08-23 22:32:00+00:00,180.75,180.75,180.75,19,180.75,634,180.752453
2023-08-23 22:33:00+00:00,180.7,180.7,180.7,22,180.7,421,180.721924
2023-08-23 22:34:00+00:00,180.7001,180.762,180.7001,26,180.762,502,180.720498
2023-08-23 22:35:00+00:00,180.79,180.8,180.7,27,180.7099,2721,180.733637
2023-08-23 22:37:00+00:00,180.78,180.78,180.7,54,180.73,3678,180.723817
2023-08-23 22:38:00+00:00,180.79,180.79,180.79,11,180.79,2026,180.789314
2023-08-23 22:39:00+00:00,180.76,180.76,180.76,22,180.76,2121,180.75918
2023-08-23 22:40:00+00:00,180.78,180.78,180.7,72,180.72,2514,180.739415
2023-08-23 22:41:00+00:00,180.81,180.81,180.78,22,180.78,479,180.787547
2023-08-23 22:42:00+00:00,180.88,180.89,180.8,30,180.81,1608,180.860597
2023-08-23 22:43:00+00:00,180.88,180.88,180.88,37,180.88,421,180.841805
2023-08-23 22:45:00+00:00,180.87,180.87,180.86,30,180.86,1859,180.86309
2023-08-23 22:47:00+00:00,180.87,180.87,180.87,22,180.87,479,180.872568
2023-08-23 22:48:00+00:00,180.89,180.89,180.86,34,180.86,2285,180.875291
2023-08-23 22:49:00+00:00,180.88,180.88,180.88,16,180.88,159,180.88044
2023-08-23 22:50:00+00:00,180.89,180.89,180.88,30,180.89,1190,180.884987
2023-08-23 22:51:00+00:00,180.88,180.88,180.88,20,180.88,556,180.876633
2023-08-23 22:52:00+00:00,180.88,180.89,180.88,20,180.89,2126,180.884381
2023-08-23 22:53:00+00:00,180.89,180.89,180.88,20,180.88,427,180.886218
2023-08-23 22:55:00+00:00,180.89,180.89,180.89,20,180.89,628,180.888065
2023-08-23 22:57:00+00:00,180.8672,180.8672,180.8672,14,180.8672,258,180.868384
2023-08-23 22:58:00+00:00,180.89,180.89,180.8641,13,180.8641,1468,180.884149
2023-08-23 22:59:00+00:00,180.89,180.89,180.89,16,180.89,163,180.884632
2023-08-23 23:03:00+00:00,180.89,180.89,180.8889,27,180.89,7481,180.889765
2023-08-23 23:04:00+00:00,180.95,180.95,180.89,44,180.89,5117,180.89525
2023-08-23 23:05:00+00:00,180.94,180.96,180.94,16,180.94,1067,180.947498
2023-08-23 23:07:00+00:00,180.9501,180.97,180.9501,9,180.97,831,180.953117
2023-08-23 23:08:00+00:00,180.99,180.99,180.97,23,180.97,1957,180.97918
2023-08-23 23:09:00+00:00,181.0,181.02,181.0,50,181.0,1961,181.001604
2023-08-23 23:10:00+00:00,181.04,181.04,181.02,25,181.02,3864,181.030756
2023-08-23 23:11:00+00:00,181.01,181.05,181.01,20,181.03,2563,181.044688
2023-08-23 23:12:00+00:00,181.1,181.1,181.0,41,181.03,2505,181.055608
2023-08-23 23:13:00+00:00,181.12,181.12,181.11,54,181.11,1950,181.118543
2023-08-23 23:14:00+00:00,181.25,181.25,181.2,55,181.2,2023,181.221527
2023-08-23 23:15:00+00:00,181.12,181.28,181.12,40,181.26,9939,181.244079
2023-08-23 23:16:00+00:00,181.45,181.45,181.15,66,181.29,5552,181.321219
2023-08-23 23:17:00+00:00,181.23,181.23,181.17,22,181.17,670,181.24044
2023-08-23 23:18:00+00:00,181.29,181.45,181.25,67,181.33,9642,181.407875
2023-08-23 23:19:00+00:00,181.5,181.5,181.32,73,181.32,6414,181.473237
2023-08-23 23:20:00+00:00,181.54,181.55,181.41,68,181.51,4910,181.514309
2023-08-23 23:21:00+00:00,181.5,181.5,181.5,25,181.5,703,181.510619
2023-08-23 23:22:00+00:00,181.58,181.6,181.52,85,181.55,3596,181.567806
2023-08-23 23:23:00+00:00,181.68,181.7,181.65,70,181.65,1971,181.672803
2023-08-23 23:24:00+00:00,181.68,181.75,181.68,75,181.72,3746,181.720459
2023-08-23 23:25:00+00:00,181.6,181.6001,181.6,25,181.6001,2336,181.602087
2023-08-23 23:26:00+00:00,181.64,181.7,181.6,50,181.7,3990,181.663269
2023-08-23 23:27:00+00:00,181.85,181.9,181.68,168,181.74,16908,181.797659
2023-08-23 23:28:00+00:00,181.81,181.9,181.8,40,181.9,10442,181.847846
2023-08-23 23:29:00+00:00,181.67,181.81,181.66,46,181.73,3633,181.755351
2023-08-23 23:30:00+00:00,181.65,181.9,181.65,71,181.7,9703,181.711195
2023-08-23 23:31:00+00:00,181.64,181.67,181.64,106,181.66,2358,181.65476
2023-08-23 23:32:00+00:00,181.52,181.56,181.52,59,181.56,3416,181.548129
2023-08-23 23:33:00+00:00,181.65,181.65,181.53,30,181.53,3730,181.547603
2023-08-23 23:34:00+00:00,181.6,181.64,181.59,22,181.64,549,181.599007
2023-08-23 23:35:00+00:00,181.64,181.64,181.6,17,181.6,438,181.608208
2023-08-23 23:36:00+00:00,181.5,181.6,181.5,64,181.6,4260,181.524373
2023-08-23 23:37:00+00:00,181.5,181.5,181.47,35,181.47,955,181.477414
2023-08-23 23:38:00+00:00,181.5,181.52,181.5,25,181.52,3708,181.514217
2023-08-23 23:39:00+00:00,181.49,181.5,181.32,43,181.5,2646,181.452906
2023-08-23 23:40:00+00:00,181.5,181.58,181.5,31,181.5,1758,181.513527
2023-08-23 23:41:00+00:00,181.33,181.5,181.33,37,181.5,2220,181.356367
2023-08-23 23:42:00+00:00,181.28,181.45,181.28,29,181.29,1852,181.33797
2023-08-23 23:43:00+00:00,181.49,181.49,181.49,26,181.49,2240,181.475749
2023-08-23 23:44:00+00:00,181.33,181.35,181.32,23,181.35,466,181.331116
2023-08-23 23:45:00+00:00,181.2601,181.35,181.26,36,181.35,1172,181.291175
2023-08-23 23:46:00+00:00,181.26,181.26,181.26,12,181.26,1226,181.26261
2023-08-23 23:47:00+00:00,181.26,181.26,181.25,33,181.26,1619,181.258922
2023-08-23 23:48:00+00:00,181.2,181.26,181.2,66,181.21,1968,181.217399
2023-08-23 23:49:00+00:00,181.2,181.2,181.19,39,181.19,843,181.190285
2023-08-23 23:50:00+00:00,181.21,181.26,181.21,37,181.25,2091,181.241315
2023-08-23 23:51:00+00:00,181.18,181.26,181.15,55,181.2,5539,181.212648
2023-08-23 23:52:00+00:00,181.26,181.3,181.23,42,181.26,4070,181.264596
2023-08-23 23:53:00+00:00,181.2,181.3,181.2,41,181.3,2108,181.226478
2023-08-23 23:54:00+00:00,181.25,181.25,181.15,41,181.15,1220,181.220398
2023-08-23 23:55:00+00:00,181.2401,181.25,181.2401,27,181.25,856,181.245672
2023-08-23 23:56:00+00:00,181.32,181.32,181.32,27,181.32,877,181.349909
2023-08-23 23:57:00+00:00,181.45,181.46,181.45,26,181.46,709,181.436791
2023-08-23 23:58:00+00:00,181.4,181.45,181.4,51,181.45,2141,181.421297
2023-08-23 23:59:00+00:00,181.32,181.32,181.3,106,181.3,1774,181.324552
