timestamp,close,high,low,trade_count,open,volume,vwap
2023-06-30 08:00:00+00:00,190.44,190.53,190.37,144,190.37,2567,190.480382
2023-06-30 08:01:00+00:00,190.5,190.5,190.5,33,190.5,1682,190.499013
2023-06-30 08:02:00+00:00,190.75,190.75,190.55,53,190.55,3978,190.60054
2023-06-30 08:03:00+00:00,190.76,190.8,190.76,28,190.8,1040,190.77226
2023-06-30 08:04:00+00:00,190.79,190.79,190.78,15,190.78,998,190.781353
2023-06-30 08:06:00+00:00,190.76,190.76,190.76,21,190.76,607,190.761878
2023-06-30 08:07:00+00:00,190.72,190.72,190.72,31,190.72,1130,190.71354
2023-06-30 08:08:00+00:00,190.74,190.74,190.74,38,190.74,2359,190.733086
2023-06-30 08:09:00+00:00,190.69,190.69,190.69,8,190.69,147,190.702041
2023-06-30 08:11:00+00:00,190.73,190.73,190.73,4,190.73,221,190.727421
2023-06-30 08:12:00+00:00,190.69,190.69,190.69,21,190.69,805,190.690422
2023-06-30 08:14:00+00:00,190.66,190.66,190.66,20,190.66,571,190.661629
2023-06-30 08:15:00+00:00,190.65,190.66,190.63,36,190.66,2263,190.6365
2023-06-30 08:17:00+00:00,190.6,190.6,190.51,39,190.52,2017,190.532791
2023-06-30 08:19:00+00:00,190.59,190.59,190.59,25,190.59,724,190.587279
2023-06-30 08:20:00+00:00,190.69,190.69,190.69,13,190.69,425,190.677694
2023-06-30 08:22:00+00:00,190.6,190.6,190.6,31,190.6,940,190.601234
2023-06-30 08:25:00+00:00,190.64,190.64,190.64,4,190.64,201,190.6401
2023-06-30 08:29:00+00:00,190.59,190.59,190.59,4,190.59,178,190.591348
2023-06-30 08:30:00+00:00,190.59,190.59,190.59,13,190.59,711,190.594951
2023-06-30 08:33:00+00:00,190.58,190.58,190.58,8,190.58,245,190.593265
2023-06-30 08:34:00+00:00,190.63,190.63,190.63,13,190.63,464,190.624009
2023-06-30 08:35:00+00:00,190.68,190.68,190.68,15,190.68,336,190.66628
2023-06-30 08:36:00+00:00,190.82,190.82,190.7,33,190.7,2005,190.714474
2023-06-30 08:40:00+00:00,190.9,190.9,190.82,48,190.82,1713,190.861874
2023-06-30 08:41:00+00:00,190.89,190.9,190.88,20,190.9,1388,190.894474
2023-06-30 08:42:00+00:00,190.89,190.89,190.89,11,190.89,571,190.890228
2023-06-30 08:46:00+00:00,190.81,190.83,190.81,13,190.83,900,190.826678
2023-06-30 08:49:00+00:00,190.83,190.83,190.83,20,190.83,644,190.829084
2023-06-30 08:50:00+00:00,190.84,190.85,190.84,24,190.85,840,190.839286
2023-06-30 08:51:00+00:00,190.84,190.84,190.84,8,190.84,391,190.834859
2023-06-30 08:52:00+00:00,190.84,190.84,190.84,5,190.84,385,190.842078
2023-06-30 08:54:00+00:00,190.86,190.86,190.86,5,190.86,301,190.861462
2023-06-30 08:57:00+00:00,190.95,190.95,190.9,25,190.9,1384,190.931553
2023-06-30 09:00:00+00:00,190.91,190.91,190.91,22,190.91,513,190.881228
2023-06-30 09:04:00+00:00,190.96,190.97,190.95,28,190.95,892,190.954496
2023-06-30 09:05:00+00:00,190.99,190.99,190.97,19,190.97,561,190.975294
2023-06-30 09:06:00+00:00,190.94,190.96,190.92,23,190.96,1208,190.945811
2023-06-30 09:07:00+00:00,190.92,190.92,190.92,9,190.92,309,190.930129
2023-06-30 09:09:00+00:00,190.94,190.94,190.93,15,190.93,562,190.933986
2023-06-30 09:11:00+00:00,190.98,190.98,190.85,63,190.89,3447,190.9296
2023-06-30 09:13:00+00:00,191.0,191.0,191.0,135,191.0,3518,190.997325
2023-06-30 09:16:00+00:00,191.06,191.06,191.06,8,191.06,189,191.031958
2023-06-30 09:18:00+00:00,190.9,191.0,190.9,43,191.0,2692,190.945643
2023-06-30 09:19:00+00:00,190.8,190.8,190.8,54,190.8,1927,190.828734
2023-06-30 09:23:00+00:00,191.0,191.0,191.0,18,191.0,535,190.992224
2023-06-30 09:27:00+00:00,191.06,191.06,191.04,21,191.04,1471,191.054385
2023-06-30 09:29:00+00:00,191.19,191.2,191.14,68,191.17,2528,191.176685
2023-06-30 09:30:00+00:00,191.2,191.2,191.2,14,191.2,704,191.195497
2023-06-30 09:31:00+00:00,191.2,191.2,191.14,55,191.14,3994,191.176027
2023-06-30 09:33:00+00:00,191.2,191.2,191.19,20,191.19,1132,191.195141
2023-06-30 09:35:00+00:00,191.19,191.19,191.19,11,191.19,307,191.194495
2023-06-30 09:39:00+00:00,191.14,191.14,191.14,18,191.14,664,191.131009
2023-06-30 09:41:00+00:00,191.2,191.2,191.2,13,191.2,407,191.193784
2023-06-30 09:42:00+00:00,191.19,191.2,191.19,22,191.2,704,191.194403
2023-06-30 09:43:00+00:00,191.19,191.19,191.18,13,191.18,791,191.186094
2023-06-30 09:44:00+00:00,191.18,191.18,191.12,36,191.17,2069,191.171402
2023-06-30 09:45:00+00:00,191.2,191.2,191.19,53,191.19,1668,191.201763
2023-06-30 09:46:00+00:00,191.2,191.2,191.2,28,191.2,866,191.194931
2023-06-30 09:47:00+00:00,191.18,191.18,191.18,7,191.18,264,191.179811
2023-06-30 09:48:00+00:00,191.18,191.18,191.17,10,191.17,735,191.178041
2023-06-30 09:49:00+00:00,191.18,191.2,191.18,25,191.2,945,191.19254
2023-06-30 09:50:00+00:00,191.2,191.2,191.2,14,191.2,536,191.197463
2023-06-30 09:51:00+00:00,191.18,191.2,191.18,19,191.2,1075,191.193116
2023-06-30 09:52:00+00:00,191.18,191.18,191.18,21,191.18,1023,191.176882
2023-06-30 09:55:00+00:00,191.14,191.16,191.14,33,191.16,5481,191.152912
2023-06-30 09:56:00+00:00,191.14,191.14,191.14,8,191.14,455,191.139714
2023-06-30 09:57:00+00:00,191.12,191.12,191.12,19,191.12,434,191.110138
2023-06-30 10:01:00+00:00,191.0,191.04,191.0,49,191.04,1150,191.023348
2023-06-30 10:02:00+00:00,190.94,190.94,190.94,4,190.94,310,190.941161
2023-06-30 10:04:00+00:00,190.84,190.91,190.83,55,190.91,2627,190.870076
2023-06-30 10:06:00+00:00,190.9,190.9,190.9,11,190.9,1202,190.90079
2023-06-30 10:08:00+00:00,190.86,190.86,190.85,27,190.85,770,190.872247
2023-06-30 10:09:00+00:00,190.9,190.9,190.83,9,190.85,1011,190.87093
2023-06-30 10:10:00+00:00,190.86,190.9,190.86,19,190.9,2476,190.886506
2023-06-30 10:11:00+00:00,190.86,190.88,190.86,9,190.88,1025,190.866439
2023-06-30 10:12:00+00:00,190.9,190.9,190.9,6,190.9,377,190.897347
2023-06-30 10:13:00+00:00,190.95,190.95,190.91,13,190.91,702,190.930413
2023-06-30 10:14:00+00:00,190.95,190.97,190.95,13,190.97,2146,190.956048
2023-06-30 10:15:00+00:00,190.95,190.95,190.95,5,190.95,544,190.950037
2023-06-30 10:25:00+00:00,190.91,190.91,190.91,11,190.91,620,190.918161
2023-06-30 10:26:00+00:00,190.9,190.91,190.9,26,190.91,1928,190.907469
2023-06-30 10:28:00+00:00,190.91,190.99,190.91,17,190.97,2716,190.973373
2023-06-30 10:29:00+00:00,190.89,190.91,190.89,26,190.91,1216,190.913429
2023-06-30 10:30:00+00:00,190.85,190.85,190.85,13,190.85,295,190.85461
2023-06-30 10:33:00+00:00,190.87,190.87,190.87,23,190.87,1339,190.87003
2023-06-30 10:35:00+00:00,190.9,190.9,190.9,4,190.9,1042,190.89928
2023-06-30 10:39:00+00:00,190.96,190.96,190.96,2,190.96,502,190.96004
2023-06-30 10:40:00+00:00,190.93,190.93,190.93,6,190.93,324,190.931821
2023-06-30 10:42:00+00:00,190.93,190.93,190.93,12,190.93,533,190.929831
2023-06-30 10:43:00+00:00,190.99,190.99,190.99,18,190.99,582,190.973247
2023-06-30 10:44:00+00:00,190.99,190.99,190.99,8,190.99,424,190.989835
2023-06-30 10:45:00+00:00,190.99,190.99,190.99,8,190.99,351,190.989715
2023-06-30 10:47:00+00:00,190.99,190.99,190.99,7,190.99,553,190.989005
2023-06-30 10:48:00+00:00,190.99,190.99,190.98,30,190.98,1482,190.985277
2023-06-30 10:49:00+00:00,190.99,190.99,190.99,12,190.99,581,190.989707
2023-06-30 10:50:00+00:00,191.2,191.2,190.99,93,190.99,3998,191.120913
2023-06-30 10:55:00+00:00,190.97,191.02,190.97,101,191.02,3874,190.989022
2023-06-30 10:56:00+00:00,190.97,190.97,190.97,15,190.97,596,190.97
2023-06-30 10:57:00+00:00,190.88,190.96,190.88,50,190.96,3160,190.906908
2023-06-30 11:00:00+00:00,190.99,190.99,190.87,313,190.87,10431,190.943971
2023-06-30 11:01:00+00:00,190.98,190.98,190.97,24,190.97,1590,190.976434
2023-06-30 11:02:00+00:00,190.98,190.99,190.98,31,190.98,1824,190.979342
2023-06-30 11:03:00+00:00,190.95,190.96,190.95,47,190.96,2864,190.960024
2023-06-30 11:04:00+00:00,190.98,190.98,190.98,22,190.98,2517,190.979078
2023-06-30 11:05:00+00:00,190.99,190.99,190.95,56,190.95,5055,190.964736
2023-06-30 11:06:00+00:00,190.98,190.98,190.97,29,190.98,973,190.97261
2023-06-30 11:07:00+00:00,190.99,191.0,190.98,66,190.99,2567,190.991297
2023-06-30 11:08:00+00:00,191.02,191.02,190.98,120,190.99,5121,191.0014
2023-06-30 11:09:00+00:00,191.1,191.14,191.05,105,191.05,6620,191.111299
2023-06-30 11:10:00+00:00,191.12,191.12,191.1,50,191.1,3671,191.111711
2023-06-30 11:11:00+00:00,191.05,191.1,191.05,84,191.06,4135,191.070027
2023-06-30 11:12:00+00:00,191.05,191.05,191.05,33,191.05,1654,191.054704
2023-06-30 11:13:00+00:00,191.07,191.08,191.07,20,191.08,3542,191.073775
2023-06-30 11:14:00+00:00,191.09,191.09,191.09,14,191.09,637,191.081758
2023-06-30 11:15:00+00:00,191.05,191.07,191.05,55,191.07,2167,191.047877
2023-06-30 11:16:00+00:00,191.0,191.05,191.0,52,191.01,2298,191.018486
2023-06-30 11:17:00+00:00,191.01,191.01,191.01,28,191.01,2232,191.009892
2023-06-30 11:18:00+00:00,191.04,191.04,191.0,50,191.0,4025,191.025565
2023-06-30 11:19:00+00:00,191.05,191.05,191.05,21,191.05,486,191.044342
2023-06-30 11:20:00+00:00,191.05,191.09,191.05,15,191.09,1107,191.068988
2023-06-30 11:21:00+00:00,191.0,191.05,190.99,140,191.05,5184,191.00876
2023-06-30 11:22:00+00:00,190.99,191.05,190.99,78,191.0,3697,191.003725
2023-06-30 11:23:00+00:00,190.95,190.95,190.95,35,190.95,1510,190.958682
2023-06-30 11:25:00+00:00,191.0,191.0,191.0,12,191.0,941,191.007205
2023-06-30 11:26:00+00:00,191.03,191.03,191.03,14,191.03,204,191.029167
2023-06-30 11:28:00+00:00,191.03,191.03,191.03,15,191.03,836,191.030048
2023-06-30 11:29:00+00:00,191.03,191.03,191.03,17,191.03,791,191.034576
2023-06-30 11:31:00+00:00,191.05,191.05,191.05,25,191.05,395,191.04243
2023-06-30 11:33:00+00:00,191.08,191.08,191.05,43,191.05,2432,191.055604
2023-06-30 11:34:00+00:00,191.1,191.1,191.08,54,191.09,3167,191.094326
2023-06-30 11:36:00+00:00,191.15,191.15,191.11,52,191.11,2678,191.113301
2023-06-30 11:37:00+00:00,191.11,191.11,191.11,16,191.11,434,191.116429
2023-06-30 11:38:00+00:00,191.17,191.17,191.1,59,191.1,2993,191.14725
2023-06-30 11:39:00+00:00,191.12,191.15,191.12,23,191.15,1659,191.138969
2023-06-30 11:40:00+00:00,191.14,191.15,191.12,25,191.15,1297,191.128119
2023-06-30 11:41:00+00:00,191.14,191.14,191.14,6,191.14,558,191.138978
2023-06-30 11:42:00+00:00,191.1,191.1,191.1,46,191.1,1889,191.10513
2023-06-30 11:43:00+00:00,191.1,191.1,191.1,10,191.1,260,191.102308
2023-06-30 11:45:00+00:00,191.1,191.1,191.1,16,191.1,315,191.099873
2023-06-30 11:46:00+00:00,191.1,191.1,191.1,5,191.1,113,191.098673
2023-06-30 11:47:00+00:00,191.1,191.1,191.1,11,191.1,417,191.099904
2023-06-30 11:50:00+00:00,191.08,191.12,191.08,81,191.12,3054,191.098016
2023-06-30 11:51:00+00:00,191.06,191.06,191.06,26,191.06,1117,191.070994
2023-06-30 11:52:00+00:00,191.13,191.14,191.13,28,191.13,2091,191.131841
2023-06-30 11:53:00+00:00,191.14,191.14,191.13,41,191.14,3821,191.133392
2023-06-30 11:54:00+00:00,191.17,191.17,191.09,32,191.09,1760,191.131898
2023-06-30 11:55:00+00:00,191.22,191.22,191.18,100,191.18,5882,191.19265
2023-06-30 11:56:00+00:00,191.19,191.22,191.19,56,191.22,3263,191.208345
2023-06-30 11:57:00+00:00,191.19,191.2,191.19,33,191.19,3082,191.196249
2023-06-30 11:58:00+00:00,191.23,191.23,191.19,36,191.19,2647,191.200752
2023-06-30 11:59:00+00:00,191.24,191.25,191.24,54,191.25,1883,191.247371
2023-06-30 12:00:00+00:00,191.25,191.276,190.9,938,190.98,100650,191.079103
2023-06-30 12:01:00+00:00,190.8,191.29,190.55,1400,191.24,22147,190.951436
2023-06-30 12:02:00+00:00,191.26,191.28,190.32,389,191.25,8598,190.898116
2023-06-30 12:03:00+00:00,191.25,191.2513,191.25,45,191.25,1294,191.246489
2023-06-30 12:04:00+00:00,191.29,191.29,191.23,62,191.23,6728,191.245323
2023-06-30 12:05:00+00:00,191.28,191.3,191.25,98,191.26,9480,191.268309
2023-06-30 12:06:00+00:00,191.3,191.31,191.28,157,191.28,8551,191.288727
2023-06-30 12:07:00+00:00,191.36,191.39,191.32,110,191.32,4409,191.357049
2023-06-30 12:08:00+00:00,191.33,191.36,191.3,97,191.36,4386,191.322557
2023-06-30 12:09:00+00:00,191.36,191.38,191.32,78,191.3299,6511,191.34061
2023-06-30 12:10:00+00:00,191.35,191.37,191.35,55,191.36,2405,191.364012
2023-06-30 12:11:00+00:00,191.32,191.36,191.32,75,191.3599,2225,191.337989
2023-06-30 12:12:00+00:00,191.36,191.36,191.3103,103,191.3103,12113,191.341811
2023-06-30 12:13:00+00:00,191.41,191.41,191.379,149,191.379,4263,191.393573
2023-06-30 12:14:00+00:00,191.4299,191.43,191.39,105,191.41,5673,191.415739
2023-06-30 12:15:00+00:00,191.46,191.47,191.42,133,191.43,9474,191.455408
2023-06-30 12:16:00+00:00,191.54,191.58,191.45,354,191.4748,31171,191.507071
2023-06-30 12:17:00+00:00,191.52,191.56,191.5,160,191.52,17631,191.54494
2023-06-30 12:18:00+00:00,191.54,191.5427,191.52,105,191.52,6096,191.528356
2023-06-30 12:19:00+00:00,191.63,191.65,191.54,231,191.54,11106,191.60337
2023-06-30 12:20:00+00:00,191.65,191.65,191.62,153,191.63,6618,191.641956
2023-06-30 12:21:00+00:00,191.7,191.74,191.67,254,191.68,19557,191.693114
2023-06-30 12:22:00+00:00,191.72,191.73,191.7,128,191.7,3658,191.712442
2023-06-30 12:23:00+00:00,191.68,191.72,191.67,158,191.72,8022,191.68582
2023-06-30 12:24:00+00:00,191.7,191.71,191.66,170,191.69,10055,191.679379
2023-06-30 12:25:00+00:00,191.65,191.73,191.65,163,191.72,9230,191.68944
2023-06-30 12:26:00+00:00,191.56,191.64,191.56,237,191.64,16357,191.592582
2023-06-30 12:27:00+00:00,191.46,191.55,191.4,288,191.55,16944,191.467821
2023-06-30 12:28:00+00:00,191.46,191.49,191.44,131,191.49,15946,191.456349
2023-06-30 12:29:00+00:00,191.46,191.5,191.43,118,191.5,8467,191.471152
2023-06-30 12:30:00+00:00,191.698,191.76,191.43,419,191.45,38161,191.606322
2023-06-30 12:31:00+00:00,191.6999,191.78,191.6,267,191.69,18664,191.667622
2023-06-30 12:32:00+00:00,191.65,191.73,191.59,208,191.68,23400,191.622206
2023-06-30 12:33:00+00:00,191.69,191.69,191.59,193,191.63,12129,191.637148
2023-06-30 12:34:00+00:00,191.76,191.9,191.69,458,191.69,36274,191.824801
2023-06-30 12:35:00+00:00,191.76,192.0,191.71,557,191.8595,43262,191.89269
2023-06-30 12:36:00+00:00,191.71,191.79,191.7,184,191.77,10262,191.747348
2023-06-30 12:37:00+00:00,191.75,191.75,191.69,199,191.72,16481,191.725302
2023-06-30 12:38:00+00:00,191.99,191.99,191.75,486,191.75,35386,191.889693
2023-06-30 12:39:00+00:00,191.93,191.99,191.92,346,191.98,19348,191.949849
2023-06-30 12:40:00+00:00,191.84,191.99,191.81,296,191.93,20641,191.926894
2023-06-30 12:41:00+00:00,191.92,191.99,191.72,323,191.84,22906,191.819533
2023-06-30 12:42:00+00:00,191.8,191.95,191.8,163,191.92,10160,191.898411
2023-06-30 12:43:00+00:00,191.89,191.93,191.82,145,191.82,6915,191.890645
2023-06-30 12:44:00+00:00,191.77,191.89,191.75,207,191.89,13981,191.806803
2023-06-30 12:45:00+00:00,191.73,191.8,191.73,210,191.77,15416,191.757688
2023-06-30 12:46:00+00:00,191.74,191.77,191.71,157,191.73,9902,191.729385
2023-06-30 12:47:00+00:00,191.815,191.82,191.71,140,191.74,11026,191.766157
2023-06-30 12:48:00+00:00,191.89,191.9,191.82,148,191.82,12335,191.843079
2023-06-30 12:49:00+00:00,191.93,191.98,191.89,199,191.895,14763,191.926011
2023-06-30 12:50:00+00:00,191.95,191.95,191.9,180,191.94,11367,191.941216
2023-06-30 12:51:00+00:00,191.94,191.97,191.92,147,191.95,7769,191.948353
2023-06-30 12:52:00+00:00,191.9,191.9442,191.86,200,191.9442,15451,191.899577
2023-06-30 12:53:00+00:00,191.9,191.92,191.88,131,191.9,12183,191.899449
2023-06-30 12:54:00+00:00,191.91,191.91,191.88,119,191.91,6816,191.890085
2023-06-30 12:55:00+00:00,191.99,191.99,191.91,156,191.91,10290,191.970314
2023-06-30 12:56:00+00:00,192.03,192.07,191.97,631,191.98,31968,192.00284
2023-06-30 12:57:00+00:00,192.07,192.09,192.01,211,192.01,18622,192.055375
2023-06-30 12:58:00+00:00,192.18,192.18,192.09,308,192.09,25754,192.12975
2023-06-30 12:59:00+00:00,192.11,192.21,192.1,294,192.2,14069,192.144202
2023-06-30 13:00:00+00:00,192.12,192.14,192.05,241,192.14,16756,192.089791
2023-06-30 13:01:00+00:00,192.06,192.12,192.05,151,192.12,10325,192.066297
2023-06-30 13:02:00+00:00,192.01,192.06,191.99,255,192.06,22715,192.031476
2023-06-30 13:03:00+00:00,191.9899,192.04,191.95,201,191.99,9951,191.99533
2023-06-30 13:04:00+00:00,192.09,192.09,191.99,149,191.99,8357,192.047314
2023-06-30 13:05:00+00:00,192.13,192.16,192.09,205,192.09,18312,192.12302
2023-06-30 13:06:00+00:00,192.14,192.14,192.05,192,192.13,10364,192.086117
2023-06-30 13:07:00+00:00,192.16,192.18,192.13,204,192.13,22879,192.163731
2023-06-30 13:08:00+00:00,192.1767,192.1767,192.15,205,192.15,19770,192.153226
2023-06-30 13:09:00+00:00,192.0983,192.19,192.04,273,192.1701,19143,192.139468
2023-06-30 13:10:00+00:00,192.0,192.1,192.0,278,192.09,20023,192.038084
2023-06-30 13:11:00+00:00,191.9997,192.05,191.96,302,192.05,21836,192.00181
2023-06-30 13:12:00+00:00,191.96,192.02,191.96,282,191.97,19588,191.985509
2023-06-30 13:13:00+00:00,192.0,192.0201,191.9685,158,191.9685,7526,191.996896
2023-06-30 13:14:00+00:00,191.98,192.0,191.96,173,192.0,6139,191.987604
2023-06-30 13:15:00+00:00,191.94,191.98,191.94,213,191.97,14092,191.94855
2023-06-30 13:16:00+00:00,191.8,191.93,191.76,451,191.93,27626,191.840223
2023-06-30 13:17:00+00:00,191.87,191.9,191.81,250,191.81,15786,191.854884
2023-06-30 13:18:00+00:00,191.88,191.889,191.85,175,191.85,6106,191.862259
2023-06-30 13:19:00+00:00,191.888,191.89,191.87,101,191.89,6558,191.879717
2023-06-30 13:20:00+00:00,191.945,191.95,191.87,174,191.88,9020,191.896698
2023-06-30 13:21:00+00:00,191.98,191.9899,191.94,225,191.955,16520,191.966973
2023-06-30 13:22:00+00:00,191.95,191.9788,191.93,119,191.95,4462,191.945555
2023-06-30 13:23:00+00:00,191.89,191.94,191.8897,273,191.93,13245,191.903917
2023-06-30 13:24:00+00:00,191.85,191.92,191.85,164,191.9,7541,191.893801
2023-06-30 13:25:00+00:00,191.7,191.85,191.55,588,191.85,40608,191.699307
2023-06-30 13:26:00+00:00,191.8,191.81,191.66,283,191.67,12907,191.746356
2023-06-30 13:27:00+00:00,191.76,191.8,191.59,243,191.8,18203,191.686161
2023-06-30 13:28:00+00:00,191.64,191.65,191.5,265,191.56,20874,191.564488
2023-06-30 13:29:00+00:00,191.65,191.74,191.56,548,191.66,46404,191.636446
2023-06-30 13:30:00+00:00,191.3201,191.83,191.28,11895,191.63,1676281,191.59913
2023-06-30 13:31:00+00:00,191.7559,191.89,191.3243,5003,191.33,531837,191.639638
2023-06-30 13:32:00+00:00,191.29,191.76,191.28,5022,191.76,511410,191.541018
2023-06-30 13:33:00+00:00,191.6155,191.69,191.26,3702,191.2884,333789,191.507645
2023-06-30 13:34:00+00:00,191.68,191.73,191.54,3017,191.61,272855,191.663346
2023-06-30 13:35:00+00:00,191.855,191.89,191.68,3685,191.68,372210,191.79509
2023-06-30 13:36:00+00:00,191.6879,192.07,191.67,8018,191.8599,811415,191.933639
2023-06-30 13:37:00+00:00,191.8098,191.84,191.53,3871,191.68,343261,191.698471
2023-06-30 13:38:00+00:00,191.92,191.92,191.74,3085,191.8022,242741,191.837743
2023-06-30 13:39:00+00:00,191.9101,192.0,191.88,3309,191.9,273113,191.946875
2023-06-30 13:40:00+00:00,192.145,192.1695,191.8758,4254,191.92,375749,192.070648
2023-06-30 13:41:00+00:00,192.08,192.27,192.0582,4452,192.1486,463229,192.183926
2023-06-30 13:42:00+00:00,192.3,192.3,191.93,4656,192.07,487952,192.133982
2023-06-30 13:43:00+00:00,192.4482,192.49,192.25,4007,192.295,410254,192.40148
2023-06-30 13:44:00+00:00,192.4199,192.47,192.3097,2776,192.44,262709,192.3886
2023-06-30 13:45:00+00:00,192.41,192.51,192.33,3829,192.4045,344630,192.433174
2023-06-30 13:46:00+00:00,192.3,192.42,192.28,5254,192.42,322337,192.340028
2023-06-30 13:47:00+00:00,192.4098,192.42,192.22,5082,192.305,267951,192.330981
2023-06-30 13:48:00+00:00,192.475,192.58,192.37,5503,192.41,357641,192.478455
2023-06-30 13:49:00+00:00,192.5311,192.605,192.38,4977,192.46,234684,192.503531
2023-06-30 13:50:00+00:00,192.323,192.57,192.28,4790,192.54,237070,192.453321
2023-06-30 13:51:00+00:00,192.505,192.53,192.32,4490,192.33,211931,192.445786
2023-06-30 13:52:00+00:00,192.55,192.605,192.48,4560,192.51,240885,192.553296
2023-06-30 13:53:00+00:00,192.44,192.55,192.4,4617,192.535,209932,192.486385
2023-06-30 13:54:00+00:00,192.42,192.55,192.4,4782,192.445,219297,192.46375
2023-06-30 13:55:00+00:00,192.6,192.61,192.42,4265,192.42,185258,192.54148
2023-06-30 13:56:00+00:00,192.47,192.64,192.45,4319,192.606,181786,192.529029
2023-06-30 13:57:00+00:00,192.4948,192.51,192.41,4044,192.47,189855,192.461488
2023-06-30 13:58:00+00:00,192.59,192.64,192.48,3866,192.49,180035,192.56803
2023-06-30 13:59:00+00:00,192.485,192.6,192.43,4056,192.5896,178593,192.529346
2023-06-30 14:00:00+00:00,192.42,192.56,192.41,4459,192.47,208064,192.49488
2023-06-30 14:01:00+00:00,192.24,192.43,192.22,5131,192.425,232742,192.336067
2023-06-30 14:02:00+00:00,192.27,192.3,192.165,4616,192.235,235288,192.225287
2023-06-30 14:03:00+00:00,192.275,192.31,192.1591,4560,192.245,203336,192.220428
2023-06-30 14:04:00+00:00,192.37,192.44,192.19,4297,192.27,205649,192.322032
2023-06-30 14:05:00+00:00,192.485,192.5,192.3201,4417,192.37,193239,192.420304
2023-06-30 14:06:00+00:00,192.42,192.521,192.36,4007,192.482,144767,192.448666
2023-06-30 14:07:00+00:00,192.385,192.4499,192.36,3452,192.42,105022,192.40246
2023-06-30 14:08:00+00:00,192.335,192.42,192.2,3759,192.39,190184,192.277553
2023-06-30 14:09:00+00:00,192.4096,192.44,192.27,3596,192.34,131909,192.370917
2023-06-30 14:10:00+00:00,192.495,192.52,192.39,4244,192.405,214163,192.465523
2023-06-30 14:11:00+00:00,192.487,192.5,192.43,4002,192.5,144840,192.476372
2023-06-30 14:12:00+00:00,192.58,192.59,192.49,3997,192.49,222219,192.531165
2023-06-30 14:13:00+00:00,192.59,192.72,192.55,4991,192.59,314380,192.623431
2023-06-30 14:14:00+00:00,192.6201,192.71,192.56,4759,192.5915,243037,192.636472
2023-06-30 14:15:00+00:00,192.7313,192.74,192.63,4051,192.63,199425,192.700922
2023-06-30 14:16:00+00:00,192.75,192.79,192.7,4515,192.73,236899,192.756147
2023-06-30 14:17:00+00:00,192.7779,192.86,192.72,4579,192.755,251055,192.785557
2023-06-30 14:18:00+00:00,192.819,192.85,192.65,4455,192.78,232774,192.737226
2023-06-30 14:19:00+00:00,192.97,192.99,192.7901,6197,192.8196,444474,192.924553
2023-06-30 14:20:00+00:00,193.07,193.15,192.89,8021,192.9675,653135,193.008441
2023-06-30 14:21:00+00:00,193.025,193.12,192.95,4634,193.06,241919,193.047466
2023-06-30 14:22:00+00:00,192.985,193.1,192.95,4868,193.03,281200,193.01269
2023-06-30 14:23:00+00:00,192.8899,193.0,192.83,4470,192.99,239589,192.910424
2023-06-30 14:24:00+00:00,192.835,192.95,192.8297,3835,192.885,177283,192.887681
2023-06-30 14:25:00+00:00,192.82,192.86,192.76,4029,192.84,197085,192.813837
2023-06-30 14:26:00+00:00,192.89,192.91,192.82,3414,192.82,143298,192.876652
2023-06-30 14:27:00+00:00,192.78,192.92,192.755,3611,192.9,185716,192.82311
2023-06-30 14:28:00+00:00,192.77,192.805,192.76,3441,192.785,103466,192.783736
2023-06-30 14:29:00+00:00,192.69,192.77,192.6433,4070,192.765,215555,192.696096
2023-06-30 14:30:00+00:00,192.635,192.71,192.62,3587,192.685,146484,192.681881
2023-06-30 14:31:00+00:00,192.75,192.76,192.62,3845,192.6399,162401,192.676861
2023-06-30 14:32:00+00:00,192.8,192.81,192.6909,3548,192.745,145492,192.763146
2023-06-30 14:33:00+00:00,192.745,192.86,192.71,3724,192.795,158109,192.789941
2023-06-30 14:34:00+00:00,192.7,192.75,192.65,2394,192.746,159927,192.695792
2023-06-30 14:35:00+00:00,192.6877,192.76,192.68,1332,192.705,105907,192.71143
2023-06-30 14:36:00+00:00,192.58,192.7,192.5,2286,192.685,199980,192.616306
2023-06-30 14:37:00+00:00,192.58,192.64,192.56,1396,192.589,109109,192.606202
2023-06-30 14:38:00+00:00,192.53,192.6,192.5,1869,192.58,171531,192.542897
2023-06-30 14:39:00+00:00,192.667,192.67,192.52,1579,192.53,142733,192.61368
2023-06-30 14:40:00+00:00,192.76,192.77,192.64,1989,192.67,178022,192.704508
2023-06-30 14:41:00+00:00,192.7,192.78,192.68,1380,192.755,120866,192.736875
2023-06-30 14:42:00+00:00,192.72,192.72,192.61,1524,192.7,118137,192.667265
2023-06-30 14:43:00+00:00,192.61,192.73,192.5805,1549,192.7189,131091,192.644796
2023-06-30 14:44:00+00:00,192.61,192.63,192.565,1200,192.605,78312,192.594226
2023-06-30 14:45:00+00:00,192.595,192.66,192.55,1615,192.61,164012,192.605184
2023-06-30 14:46:00+00:00,192.62,192.67,192.57,1383,192.5999,110155,192.621496
2023-06-30 14:47:00+00:00,192.54,192.63,192.51,1721,192.62,157773,192.5537
2023-06-30 14:48:00+00:00,192.55,192.61,192.525,1321,192.535,105803,192.584146
2023-06-30 14:49:00+00:00,192.44,192.55,192.37,2079,192.55,186763,192.447991
2023-06-30 14:50:00+00:00,192.47,192.47,192.335,1961,192.43,157885,192.383587
2023-06-30 14:51:00+00:00,192.675,192.695,192.445,1777,192.47,155092,192.566821
2023-06-30 14:52:00+00:00,192.68,192.69,192.62,1539,192.67,125412,192.654102
2023-06-30 14:53:00+00:00,192.6617,192.7,192.5903,1344,192.6718,98540,192.650191
2023-06-30 14:54:00+00:00,192.6377,192.69,192.6005,989,192.665,67772,192.648557
2023-06-30 14:55:00+00:00,192.65,192.68,192.6,1146,192.64,79502,192.645748
2023-06-30 14:56:00+00:00,192.575,192.67,192.565,1096,192.64,83408,192.618616
2023-06-30 14:57:00+00:00,192.3499,192.58,192.3401,1466,192.57,133847,192.461929
2023-06-30 14:58:00+00:00,192.52,192.531,192.3373,1311,192.35,113774,192.457806
2023-06-30 14:59:00+00:00,192.54,192.56,192.47,1174,192.505,88351,192.52604
2023-06-30 15:00:00+00:00,192.54,192.6,192.4705,1220,192.54,94318,192.534907
2023-06-30 15:01:00+00:00,192.6669,192.68,192.51,1429,192.54,209257,192.602733
2023-06-30 15:02:00+00:00,192.72,192.72,192.64,1423,192.67,136456,192.675525
2023-06-30 15:03:00+00:00,192.67,192.74,192.6404,1296,192.72,85115,192.68018
2023-06-30 15:04:00+00:00,192.64,192.675,192.59,1129,192.675,84656,192.640246
2023-06-30 15:05:00+00:00,192.6477,192.74,192.6306,1166,192.64,92696,192.688608
2023-06-30 15:06:00+00:00,192.63,192.66,192.56,1082,192.6449,74948,192.610803
2023-06-30 15:07:00+00:00,192.56,192.63,192.56,1007,192.63,68730,192.604424
2023-06-30 15:08:00+00:00,192.5301,192.58,192.52,996,192.5699,74207,192.550346
2023-06-30 15:09:00+00:00,192.64,192.64,192.485,1081,192.53,574270,192.552472
2023-06-30 15:10:00+00:00,192.75,192.75,192.645,1225,192.645,109284,192.70274
2023-06-30 15:11:00+00:00,192.79,192.8,192.7125,1141,192.745,112208,192.770816
2023-06-30 15:12:00+00:00,192.73,192.82,192.685,1316,192.7874,110469,192.763219
2023-06-30 15:13:00+00:00,192.65,192.74,192.62,1220,192.725,90900,192.688545
2023-06-30 15:14:00+00:00,192.67,192.7,192.65,919,192.66,61896,192.677761
2023-06-30 15:15:00+00:00,192.775,192.79,192.655,1143,192.67,111348,192.721387
2023-06-30 15:16:00+00:00,192.6808,192.79,192.68,1176,192.78,117428,192.743304
2023-06-30 15:17:00+00:00,192.5791,192.7,192.56,1247,192.68,120542,192.631666
2023-06-30 15:18:00+00:00,192.631,192.69,192.57,1164,192.575,101902,192.638994
2023-06-30 15:19:00+00:00,192.645,192.68,192.6,972,192.635,70723,192.642145
2023-06-30 15:20:00+00:00,192.595,192.69,192.58,1000,192.64,75760,192.630835
2023-06-30 15:21:00+00:00,192.53,192.66,192.5,1185,192.6,81651,192.589555
2023-06-30 15:22:00+00:00,192.58,192.58,192.51,1073,192.54,100077,192.544289
2023-06-30 15:23:00+00:00,192.635,192.65,192.5325,1118,192.58,95891,192.593008
2023-06-30 15:24:00+00:00,192.67,192.74,192.64,1042,192.64,102448,192.679289
2023-06-30 15:25:00+00:00,192.585,192.67,192.5538,1109,192.665,67413,192.59921
2023-06-30 15:26:00+00:00,192.49,192.59,192.47,1294,192.585,118632,192.525634
2023-06-30 15:27:00+00:00,192.4396,192.49,192.37,1337,192.49,136520,192.422146
2023-06-30 15:28:00+00:00,192.415,192.46,192.385,1136,192.43,127656,192.424416
2023-06-30 15:29:00+00:00,192.385,192.44,192.35,1082,192.415,87752,192.385042
2023-06-30 15:30:00+00:00,192.29,192.41,192.24,1677,192.385,148526,192.330971
2023-06-30 15:31:00+00:00,192.455,192.46,192.26,1267,192.29,111989,192.363512
2023-06-30 15:32:00+00:00,192.4199,192.5,192.405,1166,192.46,91903,192.461743
2023-06-30 15:33:00+00:00,192.3906,192.43,192.345,827,192.42,56681,192.385746
2023-06-30 15:34:00+00:00,192.4,192.43,192.37,949,192.395,58377,192.394995
2023-06-30 15:35:00+00:00,192.455,192.47,192.36,1106,192.4,116953,192.423359
2023-06-30 15:36:00+00:00,192.3684,192.455,192.33,1110,192.45,82399,192.379198
2023-06-30 15:37:00+00:00,192.34,192.38,192.3129,1240,192.36,108329,192.354336
2023-06-30 15:38:00+00:00,192.325,192.365,192.315,846,192.34,51412,192.342492
2023-06-30 15:39:00+00:00,192.27,192.365,192.26,949,192.335,83277,192.301025
2023-06-30 15:40:00+00:00,192.145,192.3,192.1018,2503,192.28,249587,192.190272
2023-06-30 15:41:00+00:00,192.16,192.25,192.14,1120,192.145,105197,192.197892
2023-06-30 15:42:00+00:00,192.2,192.22,192.15,1026,192.16,100425,192.18348
2023-06-30 15:43:00+00:00,192.15,192.21,192.13,1243,192.2,101637,192.16783
2023-06-30 15:44:00+00:00,192.095,192.15,192.08,1286,192.145,550193,192.110246
2023-06-30 15:45:00+00:00,192.02,192.105,191.98,3309,192.095,263587,192.046061
2023-06-30 15:46:00+00:00,192.085,192.11,191.99,1268,192.02,400095,192.050536
2023-06-30 15:47:00+00:00,192.0804,192.13,192.0385,957,192.1,83111,192.08558
2023-06-30 15:48:00+00:00,192.2302,192.24,192.04,1345,192.0811,143603,192.165752
2023-06-30 15:49:00+00:00,192.215,192.255,192.2,1071,192.24,115203,192.224926
2023-06-30 15:50:00+00:00,192.115,192.23,192.11,1135,192.2157,112509,192.183372
2023-06-30 15:51:00+00:00,192.11,192.13,192.06,1017,192.1187,103736,192.089233
2023-06-30 15:52:00+00:00,192.0449,192.11,192.02,902,192.1,70946,192.060793
2023-06-30 15:53:00+00:00,192.041,192.08,192.025,822,192.0475,64444,192.054882
2023-06-30 15:54:00+00:00,192.0699,192.07,191.99,974,192.0401,95823,192.030393
2023-06-30 15:55:00+00:00,192.18,192.18,192.04,945,192.06,109220,192.095247
2023-06-30 15:56:00+00:00,192.295,192.32,192.155,1260,192.17,126511,192.24423
2023-06-30 15:57:00+00:00,192.4099,192.42,192.26,1159,192.29,120113,192.348432
2023-06-30 15:58:00+00:00,192.27,192.41,192.26,1025,192.41,126872,192.328806
2023-06-30 15:59:00+00:00,192.3387,192.345,192.17,967,192.2686,106510,192.258468
2023-06-30 16:00:00+00:00,192.315,192.36,192.2774,874,192.34,93794,192.313489
2023-06-30 16:01:00+00:00,192.24,192.315,192.23,915,192.315,90043,192.267081
2023-06-30 16:02:00+00:00,192.33,192.35,192.24,749,192.2422,84761,192.299514
2023-06-30 16:03:00+00:00,192.3792,192.38,192.3,792,192.34,101948,192.337818
2023-06-30 16:04:00+00:00,192.38,192.38,192.35,896,192.375,92005,192.369896
2023-06-30 16:05:00+00:00,192.44,192.44,192.35,1002,192.38,96729,192.404847
2023-06-30 16:06:00+00:00,192.43,192.43,192.38,834,192.43,226597,192.277529
2023-06-30 16:07:00+00:00,192.47,192.475,192.41,836,192.425,75811,192.441875
2023-06-30 16:08:00+00:00,192.3177,192.48,192.3177,998,192.4649,85002,192.375308
2023-06-30 16:09:00+00:00,192.28,192.313,192.22,1028,192.31,81293,192.278306
2023-06-30 16:10:00+00:00,192.365,192.3867,192.2748,1064,192.29,81523,192.329735
2023-06-30 16:11:00+00:00,192.36,192.38,192.32,721,192.37,41215,192.353176
2023-06-30 16:12:00+00:00,192.285,192.39,192.28,690,192.36,82163,192.313641
2023-06-30 16:13:00+00:00,192.3201,192.35,192.27,722,192.2872,52718,192.304295
2023-06-30 16:14:00+00:00,192.3795,192.38,192.28,847,192.325,82402,192.350651
2023-06-30 16:15:00+00:00,192.415,192.42,192.35,740,192.37,51625,192.386887
2023-06-30 16:16:00+00:00,192.395,192.43,192.325,996,192.415,110551,192.387483
2023-06-30 16:17:00+00:00,192.46,192.47,192.39,823,192.39,56138,192.436087
2023-06-30 16:18:00+00:00,192.45,192.47,192.381,725,192.45,45877,192.433075
2023-06-30 16:19:00+00:00,192.52,192.52,192.435,1109,192.45,92706,192.486313
2023-06-30 16:20:00+00:00,192.555,192.58,192.49,1030,192.519,97234,192.540568
2023-06-30 16:21:00+00:00,192.56,192.61,192.525,1044,192.56,79100,192.575257
2023-06-30 16:22:00+00:00,192.595,192.6,192.55,898,192.57,58247,192.576298
2023-06-30 16:23:00+00:00,192.6101,192.62,192.55,1210,192.59,97625,192.583404
2023-06-30 16:24:00+00:00,192.59,192.65,192.57,994,192.617,92467,192.603463
2023-06-30 16:25:00+00:00,192.6185,192.63,192.59,950,192.6,79148,192.613658
2023-06-30 16:26:00+00:00,192.64,192.64,192.6,1230,192.6199,124222,192.62248
2023-06-30 16:27:00+00:00,192.6256,192.65,192.61,802,192.631,59712,192.628861
2023-06-30 16:28:00+00:00,192.5729,192.63,192.55,1270,192.62,97156,192.586969
2023-06-30 16:29:00+00:00,192.59,192.59,192.52,1007,192.5721,93623,192.556215
2023-06-30 16:30:00+00:00,192.65,192.66,192.54,1066,192.585,111684,192.616796
2023-06-30 16:31:00+00:00,192.64,192.68,192.59,862,192.65,53596,192.6391
2023-06-30 16:32:00+00:00,192.6315,192.6499,192.6,729,192.64,49080,192.623655
2023-06-30 16:33:00+00:00,192.6125,192.63,192.57,782,192.63,55346,192.605048
2023-06-30 16:34:00+00:00,192.56,192.61,192.54,717,192.61,47302,192.570438
2023-06-30 16:35:00+00:00,192.54,192.5864,192.52,908,192.57,76541,192.551805
2023-06-30 16:36:00+00:00,192.545,192.5754,192.53,764,192.545,65095,192.552365
2023-06-30 16:37:00+00:00,192.59,192.62,192.54,879,192.55,70908,192.592729
2023-06-30 16:38:00+00:00,192.6291,192.63,192.575,870,192.59,54301,192.601309
2023-06-30 16:39:00+00:00,192.5798,192.66,192.57,774,192.625,52479,192.609691
2023-06-30 16:40:00+00:00,192.56,192.61,192.54,774,192.58,70799,192.572039
2023-06-30 16:41:00+00:00,192.5686,192.58,192.54,491,192.5567,46563,192.560087
2023-06-30 16:42:00+00:00,192.56,192.57,192.5,925,192.57,82857,192.533098
2023-06-30 16:43:00+00:00,192.6,192.61,192.5522,622,192.5582,47037,192.586107
2023-06-30 16:44:00+00:00,192.56,192.61,192.545,668,192.6,38437,192.566219
2023-06-30 16:45:00+00:00,192.6021,192.62,192.555,701,192.555,44873,192.594508
2023-06-30 16:46:00+00:00,192.585,192.61,192.56,651,192.61,39521,192.589481
2023-06-30 16:47:00+00:00,192.61,192.61,192.545,960,192.58,68053,192.575194
2023-06-30 16:48:00+00:00,192.6816,192.7,192.595,1006,192.62,87279,192.653715
2023-06-30 16:49:00+00:00,192.71,192.74,192.685,830,192.69,70515,192.708614
2023-06-30 16:50:00+00:00,192.72,192.72,192.66,649,192.71,47351,192.693605
2023-06-30 16:51:00+00:00,192.705,192.73,192.69,665,192.72,50392,192.712074
2023-06-30 16:52:00+00:00,192.705,192.74,192.685,741,192.7,50928,192.715478
2023-06-30 16:53:00+00:00,192.72,192.74,192.6917,597,192.7069,50173,192.718033
2023-06-30 16:54:00+00:00,192.75,192.77,192.6799,1112,192.715,97877,192.726446
2023-06-30 16:55:00+00:00,192.835,192.84,192.75,1133,192.75,110595,192.80017
2023-06-30 16:56:00+00:00,192.8401,192.88,192.82,1218,192.835,120179,192.850808
2023-06-30 16:57:00+00:00,192.74,192.86,192.72,945,192.845,79566,192.79892
2023-06-30 16:58:00+00:00,192.73,192.77,192.7128,778,192.74,76279,192.739963
2023-06-30 16:59:00+00:00,192.68,192.73,192.635,1106,192.7286,108974,192.681498
2023-06-30 17:00:00+00:00,192.6978,192.72,192.635,813,192.68,63678,192.682984
2023-06-30 17:01:00+00:00,192.75,192.76,192.7,822,192.7,57780,192.724657
2023-06-30 17:02:00+00:00,192.6768,192.75,192.66,827,192.75,69452,192.70828
2023-06-30 17:03:00+00:00,192.6699,192.725,192.66,824,192.67,53611,192.696014
2023-06-30 17:04:00+00:00,192.7076,192.725,192.66,678,192.67,44494,192.685243
2023-06-30 17:05:00+00:00,192.7,192.73,192.7,607,192.71,57094,192.71555
2023-06-30 17:06:00+00:00,192.81,192.81,192.7,1160,192.705,106466,192.756879
2023-06-30 17:07:00+00:00,192.7593,192.82,192.72,1031,192.8101,69989,192.771204
2023-06-30 17:08:00+00:00,192.7933,192.8,192.7315,969,192.75,86323,192.762816
2023-06-30 17:09:00+00:00,192.775,192.83,192.77,1016,192.8,84183,192.804773
2023-06-30 17:10:00+00:00,192.84,192.84,192.755,1030,192.7791,83285,192.797895
2023-06-30 17:11:00+00:00,192.89,192.92,192.8139,1326,192.835,114134,192.881438
2023-06-30 17:12:00+00:00,192.96,192.97,192.845,1110,192.895,87871,192.911071
2023-06-30 17:13:00+00:00,192.95,192.97,192.88,1070,192.97,90044,192.928579
2023-06-30 17:14:00+00:00,192.93,192.97,192.91,1044,192.95,95558,192.941063
2023-06-30 17:15:00+00:00,192.93,192.95,192.9,813,192.93,390489,193.008054
2023-06-30 17:16:00+00:00,192.9,192.955,192.88,1231,192.925,117972,192.920749
2023-06-30 17:17:00+00:00,192.905,192.93,192.87,1055,192.9,100360,192.894063
2023-06-30 17:18:00+00:00,192.85,192.91,192.84,918,192.9065,62281,192.872272
2023-06-30 17:19:00+00:00,192.8213,192.85,192.81,1047,192.85,94068,192.821165
2023-06-30 17:20:00+00:00,192.91,192.92,192.8202,910,192.8202,81269,192.873014
2023-06-30 17:21:00+00:00,192.9,192.9329,192.89,887,192.915,68877,192.910544
2023-06-30 17:22:00+00:00,192.92,192.96,192.8939,833,192.895,66375,192.924613
2023-06-30 17:23:00+00:00,192.86,192.93,192.85,964,192.93,74765,192.8849
2023-06-30 17:24:00+00:00,192.91,192.93,192.855,934,192.855,80089,192.885453
2023-06-30 17:25:00+00:00,192.9,192.91,192.84,706,192.91,101308,192.864204
2023-06-30 17:26:00+00:00,192.98,192.985,192.89,1090,192.9,129793,192.946746
2023-06-30 17:27:00+00:00,192.945,192.98,192.93,797,192.9754,60047,192.957269
2023-06-30 17:28:00+00:00,192.93,192.9492,192.91,631,192.945,49575,192.928867
2023-06-30 17:29:00+00:00,192.925,192.94,192.9,626,192.92,39708,192.921546
2023-06-30 17:30:00+00:00,192.985,192.99,192.925,1329,192.9297,162941,192.979322
2023-06-30 17:31:00+00:00,193.02,193.05,192.9605,3065,192.985,281840,193.008723
2023-06-30 17:32:00+00:00,192.9845,193.02,192.93,1064,193.0149,140063,192.964691
2023-06-30 17:33:00+00:00,192.9891,193.03,192.95,886,192.985,77157,192.983686
2023-06-30 17:34:00+00:00,193.0572,193.0701,192.99,1357,192.99,139352,193.035018
2023-06-30 17:35:00+00:00,193.0,193.07,192.9601,943,193.05,129074,193.012822
2023-06-30 17:36:00+00:00,193.032,193.05,192.9901,772,192.9901,75022,193.030814
2023-06-30 17:37:00+00:00,193.0,193.04,192.97,831,193.035,55329,193.000625
2023-06-30 17:38:00+00:00,193.04,193.065,192.97,830,193.0,69697,193.032433
2023-06-30 17:39:00+00:00,193.01,193.065,193.0,1264,193.0399,113765,193.026972
2023-06-30 17:40:00+00:00,193.04,193.05,192.995,924,193.005,70745,193.028537
2023-06-30 17:41:00+00:00,193.01,193.04,193.0,941,193.0388,76455,193.016283
2023-06-30 17:42:00+00:00,192.96,193.0499,192.94,1248,193.02,108007,192.993862
2023-06-30 17:43:00+00:00,192.98,193.0,192.95,927,192.965,80058,192.972452
2023-06-30 17:44:00+00:00,192.975,192.99,192.95,774,192.99,49203,192.966711
2023-06-30 17:45:00+00:00,192.98,192.99,192.92,956,192.975,78923,192.95758
2023-06-30 17:46:00+00:00,193.0,193.03,192.96,807,192.975,77861,192.993414
2023-06-30 17:47:00+00:00,193.035,193.04,193.0,1218,193.0,104674,193.021105
2023-06-30 17:48:00+00:00,193.0233,193.11,193.01,1809,193.03,156873,193.066794
2023-06-30 17:49:00+00:00,193.06,193.06,193.0,877,193.03,77526,193.003415
2023-06-30 17:50:00+00:00,193.01,193.07,193.0,733,193.055,53790,193.035007
2023-06-30 17:51:00+00:00,192.9736,193.0488,192.97,1030,193.0001,73865,193.005144
2023-06-30 17:52:00+00:00,192.98,193.0,192.96,698,192.975,54421,192.976325
2023-06-30 17:53:00+00:00,193.04,193.04,192.97,814,192.98,66339,193.009532
2023-06-30 17:54:00+00:00,192.995,193.05,192.9726,929,193.04,85215,192.997324
2023-06-30 17:55:00+00:00,193.075,193.1,192.99,1140,192.995,94922,193.053306
2023-06-30 17:56:00+00:00,193.055,193.1,193.05,977,193.07,92811,193.070075
2023-06-30 17:57:00+00:00,193.05,193.06,193.01,823,193.06,69499,193.038923
2023-06-30 17:58:00+00:00,193.08,193.09,193.04,912,193.05,78138,193.06409
2023-06-30 17:59:00+00:00,193.09,193.12,193.07,1045,193.075,81499,193.09192
2023-06-30 18:00:00+00:00,193.06,193.11,193.05,1099,193.09,82623,193.076623
2023-06-30 18:01:00+00:00,193.095,193.125,193.04,1361,193.0507,173395,193.0726
2023-06-30 18:02:00+00:00,193.16,193.185,193.09,1879,193.095,198764,193.153995
2023-06-30 18:03:00+00:00,193.105,193.18,193.08,1259,193.17,169376,193.135141
2023-06-30 18:04:00+00:00,193.125,193.13,193.095,804,193.105,65561,193.11192
2023-06-30 18:05:00+00:00,193.105,193.16,193.1,1215,193.13,95133,193.130066
2023-06-30 18:06:00+00:00,193.0708,193.11,193.06,953,193.1008,71434,193.07994
2023-06-30 18:07:00+00:00,193.08,193.0901,193.05,944,193.08,69238,193.069194
2023-06-30 18:08:00+00:00,193.085,193.14,193.07,975,193.08,69019,193.109696
2023-06-30 18:09:00+00:00,193.07,193.1169,193.06,894,193.09,58504,193.086461
2023-06-30 18:10:00+00:00,193.01,193.065,193.01,969,193.065,79671,193.020803
2023-06-30 18:11:00+00:00,192.97,193.03,192.97,930,193.01,79335,193.002715
2023-06-30 18:12:00+00:00,192.9509,193.02,192.93,1035,192.97,80039,192.972993
2023-06-30 18:13:00+00:00,192.985,192.99,192.945,792,192.9575,55676,192.966945
2023-06-30 18:14:00+00:00,192.9699,193.0,192.96,737,192.99,49700,192.979147
2023-06-30 18:15:00+00:00,193.005,193.02,192.97,1022,192.97,192528,192.941151
2023-06-30 18:16:00+00:00,192.99,193.02,192.98,1050,193.0089,105123,193.002532
2023-06-30 18:17:00+00:00,192.9601,193.0,192.955,956,192.9813,64404,192.979177
2023-06-30 18:18:00+00:00,192.9484,192.97,192.94,766,192.97,59938,192.958065
2023-06-30 18:19:00+00:00,192.905,192.94,192.9,1021,192.94,85240,192.923471
2023-06-30 18:20:00+00:00,192.91,192.94,192.9,886,192.91,75431,192.919455
2023-06-30 18:21:00+00:00,192.88,192.91,192.815,1162,192.91,140728,192.853268
2023-06-30 18:22:00+00:00,192.885,192.92,192.855,780,192.88,51796,192.894742
2023-06-30 18:23:00+00:00,192.889,192.92,192.87,669,192.8871,44452,192.899689
2023-06-30 18:24:00+00:00,192.88,192.92,192.8701,763,192.895,49587,192.901536
2023-06-30 18:25:00+00:00,192.87,192.89,192.85,838,192.885,67323,192.866069
2023-06-30 18:26:00+00:00,192.935,192.95,192.86,878,192.86,81870,192.904152
2023-06-30 18:27:00+00:00,192.96,192.98,192.93,982,192.94,119316,192.963589
2023-06-30 18:28:00+00:00,193.03,193.065,192.96,1787,192.96,170240,193.01227
2023-06-30 18:29:00+00:00,193.025,193.0374,192.95,1215,193.03,103964,192.98727
2023-06-30 18:30:00+00:00,192.91,193.05,192.9,1067,193.03,79922,192.972213
2023-06-30 18:31:00+00:00,192.925,192.95,192.89,937,192.905,90324,192.917017
2023-06-30 18:32:00+00:00,192.97,192.97,192.915,681,192.92,42778,192.934034
2023-06-30 18:33:00+00:00,193.0289,193.03,192.96,1069,192.9621,86300,192.990055
2023-06-30 18:34:00+00:00,193.01,193.04,193.0,952,193.03,96977,193.021022
2023-06-30 18:35:00+00:00,193.02,193.05,193.0,1010,193.005,67965,193.024722
2023-06-30 18:36:00+00:00,193.02,193.04,192.9201,1429,193.02,136279,192.98568
2023-06-30 18:37:00+00:00,192.9967,193.03,192.98,723,193.015,45105,193.003652
2023-06-30 18:38:00+00:00,193.0762,193.08,193.0,956,193.0,77304,193.041575
2023-06-30 18:39:00+00:00,193.105,193.12,193.075,1073,193.08,124035,193.106851
2023-06-30 18:40:00+00:00,193.06,193.1062,193.045,713,193.1034,46269,193.068834
2023-06-30 18:41:00+00:00,193.0503,193.08,193.03,1095,193.06,90471,193.052792
2023-06-30 18:42:00+00:00,193.04,193.07,193.01,1157,193.06,87454,193.041774
2023-06-30 18:43:00+00:00,193.089,193.1,193.03,785,193.035,56812,193.057619
2023-06-30 18:44:00+00:00,193.125,193.14,193.07,889,193.085,67343,193.101709
2023-06-30 18:45:00+00:00,193.095,193.14,193.06,931,193.1276,61484,193.107199
2023-06-30 18:46:00+00:00,193.01,193.11,193.01,851,193.1,74426,193.055296
2023-06-30 18:47:00+00:00,193.015,193.04,193.0,1270,193.02,101259,193.016453
2023-06-30 18:48:00+00:00,193.065,193.08,193.0,996,193.015,60930,193.028691
2023-06-30 18:49:00+00:00,193.073,193.09,193.04,829,193.065,85085,193.071792
2023-06-30 18:50:00+00:00,193.1,193.1,193.06,678,193.08,38194,193.080704
2023-06-30 18:51:00+00:00,193.1307,193.145,193.0809,886,193.1,82196,193.117571
2023-06-30 18:52:00+00:00,193.13,193.15,193.11,854,193.13,93025,193.138549
2023-06-30 18:53:00+00:00,193.05,193.1323,193.05,974,193.13,68939,193.087108
2023-06-30 18:54:00+00:00,193.0383,193.07,193.0105,898,193.055,58460,193.041027
2023-06-30 18:55:00+00:00,192.975,193.05,192.97,962,193.04,74588,193.016543
2023-06-30 18:56:00+00:00,192.95,193.01,192.91,1353,192.975,133985,192.955734
2023-06-30 18:57:00+00:00,192.9825,193.015,192.95,845,192.95,564683,192.997934
2023-06-30 18:58:00+00:00,193.03,193.03,192.985,913,192.99,63111,193.010627
2023-06-30 18:59:00+00:00,193.01,193.03,192.97,882,193.03,62955,193.004779
2023-06-30 19:00:00+00:00,192.9072,193.035,192.9,932,193.01,71225,192.974159
2023-06-30 19:01:00+00:00,192.95,192.9525,192.905,771,192.905,52590,192.930848
2023-06-30 19:02:00+00:00,192.995,193.02,192.93,983,192.9409,85450,192.970108
2023-06-30 19:03:00+00:00,193.05,193.0668,192.9933,996,192.9999,85702,193.039122
2023-06-30 19:04:00+00:00,193.001,193.055,193.0,835,193.045,60932,193.026248
2023-06-30 19:05:00+00:00,192.95,193.0199,192.95,1242,193.0,109191,192.980278
2023-06-30 19:06:00+00:00,192.97,192.98,192.925,1059,192.95,102182,192.95178
2023-06-30 19:07:00+00:00,193.105,193.11,192.97,1446,192.97,147943,193.034063
2023-06-30 19:08:00+00:00,193.055,193.11,193.04,1220,193.11,100868,193.079657
2023-06-30 19:09:00+00:00,193.08,193.1,193.025,1155,193.055,89830,193.063785
2023-06-30 19:10:00+00:00,193.13,193.14,193.06,1127,193.08,91911,193.099094
2023-06-30 19:11:00+00:00,193.13,193.14,193.11,893,193.135,63616,193.126454
2023-06-30 19:12:00+00:00,193.1476,193.15,193.12,1152,193.1385,94849,193.138214
2023-06-30 19:13:00+00:00,193.25,193.25,193.145,2872,193.145,288636,193.213276
2023-06-30 19:14:00+00:00,193.34,193.34,193.2381,2260,193.25,238956,193.290165
2023-06-30 19:15:00+00:00,193.31,193.35,193.31,1535,193.33,141519,193.328006
2023-06-30 19:16:00+00:00,193.24,193.31,193.23,1715,193.31,158840,193.25571
2023-06-30 19:17:00+00:00,193.2989,193.315,193.2228,1220,193.24,102736,193.280968
2023-06-30 19:18:00+00:00,193.295,193.33,193.27,1355,193.299,119104,193.306653
2023-06-30 19:19:00+00:00,193.315,193.33,193.28,1588,193.295,168431,193.30627
2023-06-30 19:20:00+00:00,193.285,193.325,193.27,1442,193.315,138293,193.297397
2023-06-30 19:21:00+00:00,193.3179,193.32,193.22,1569,193.29,144966,193.273837
2023-06-30 19:22:00+00:00,193.36,193.4,193.3022,1842,193.31,197079,193.361209
2023-06-30 19:23:00+00:00,193.42,193.43,193.33,1958,193.3699,167183,193.385467
2023-06-30 19:24:00+00:00,193.42,193.4269,193.4,1506,193.4124,132615,193.406446
2023-06-30 19:25:00+00:00,193.44,193.445,193.38,1611,193.415,141662,193.412294
2023-06-30 19:26:00+00:00,193.44,193.45,193.39,1586,193.4396,165038,193.413675
2023-06-30 19:27:00+00:00,193.5,193.51,193.43,2977,193.44,305000,193.476154
2023-06-30 19:28:00+00:00,193.5007,193.5399,193.45,2025,193.5,220646,193.504575
2023-06-30 19:29:00+00:00,193.49,193.505,193.45,1464,193.505,138679,193.47414
2023-06-30 19:30:00+00:00,193.39,193.52,193.35,2335,193.49,218708,193.434664
2023-06-30 19:31:00+00:00,193.42,193.4207,193.28,2527,193.38,388752,193.22404
2023-06-30 19:32:00+00:00,193.375,193.44,193.37,1659,193.42,147020,193.411678
2023-06-30 19:33:00+00:00,193.382,193.45,193.3542,1543,193.37,134575,193.395802
2023-06-30 19:34:00+00:00,193.4,193.4,193.36,1407,193.38,120912,193.383113
2023-06-30 19:35:00+00:00,193.48,193.48,193.385,1745,193.41,153472,193.423592
2023-06-30 19:36:00+00:00,193.54,193.555,193.48,1989,193.48,201192,193.516199
2023-06-30 19:37:00+00:00,193.5525,193.57,193.495,1851,193.5303,168704,193.537654
2023-06-30 19:38:00+00:00,193.64,193.65,193.5,2728,193.555,282881,193.56984
2023-06-30 19:39:00+00:00,193.63,193.645,193.55,2161,193.645,219382,193.606504
2023-06-30 19:40:00+00:00,193.6719,193.71,193.62,2616,193.62,305754,193.664293
2023-06-30 19:41:00+00:00,193.72,193.755,193.67,2443,193.6707,303205,193.719607
2023-06-30 19:42:00+00:00,193.6805,193.75,193.6517,2320,193.715,244259,193.706768
2023-06-30 19:43:00+00:00,193.7,193.72,193.66,1786,193.69,193776,193.694246
2023-06-30 19:44:00+00:00,193.655,193.76,193.65,2310,193.705,220838,193.685986
2023-06-30 19:45:00+00:00,193.6975,193.715,193.62,3278,193.655,294583,193.662288
2023-06-30 19:46:00+00:00,193.71,193.73,193.65,2301,193.7,232394,193.697082
2023-06-30 19:47:00+00:00,193.64,193.7102,193.58,2893,193.7,303662,193.646055
2023-06-30 19:48:00+00:00,193.64,193.66,193.55,2597,193.6449,292752,193.613885
2023-06-30 19:49:00+00:00,193.72,193.73,193.58,2660,193.6327,281659,193.658609
2023-06-30 19:50:00+00:00,193.9,193.91,193.66,5157,193.72,556157,193.795649
2023-06-30 19:51:00+00:00,193.95,193.95,193.85,3949,193.9,457971,193.900193
2023-06-30 19:52:00+00:00,193.96,193.99,193.92,3972,193.94,441431,193.954866
2023-06-30 19:53:00+00:00,194.02,194.0399,193.9124,5948,193.97,611495,193.980464
2023-06-30 19:54:00+00:00,194.34,194.48,193.91,8578,194.02,968293,194.172572
2023-06-30 19:55:00+00:00,194.182,194.36,194.135,5825,194.33,725020,194.225705
2023-06-30 19:56:00+00:00,194.035,194.22,194.02,3833,194.175,549855,194.097916
2023-06-30 19:57:00+00:00,194.059,194.19,194.02,4920,194.03,636826,194.087924
2023-06-30 19:58:00+00:00,193.99,194.055,193.9501,6113,194.055,732072,193.990285
2023-06-30 19:59:00+00:00,193.87,194.1,193.87,13571,193.985,1853207,194.008927
2023-06-30 20:00:00+00:00,193.95,194.03,193.91,504,193.97,1037124,193.970161
2023-06-30 20:01:00+00:00,193.87,193.98,193.79,471,193.96,217842,193.937369
2023-06-30 20:02:00+00:00,193.87,193.97,193.81,156,193.89,74786,193.947994
2023-06-30 20:03:00+00:00,193.85,193.97,193.81,243,193.89,1547204,193.968823
2023-06-30 20:04:00+00:00,193.84,193.88,193.75,207,193.84,274511,193.958276
2023-06-30 20:05:00+00:00,193.8,193.97,193.8,226,193.84,26542,193.861068
2023-06-30 20:06:00+00:00,193.78,193.88,193.78,143,193.83,13242,193.816494
2023-06-30 20:07:00+00:00,193.8,193.97,193.77,283,193.81,27448,193.83864
2023-06-30 20:08:00+00:00,193.83,193.97,193.76,172,193.97,162183,193.953686
2023-06-30 20:09:00+00:00,193.84,193.92,193.82,122,193.87,70719,193.946286
2023-06-30 20:10:00+00:00,193.88,193.92,193.82,138,193.84,654452,193.967613
2023-06-30 20:11:00+00:00,193.89,193.9,193.84,101,193.88,17796,193.938938
2023-06-30 20:12:00+00:00,193.9,193.9,193.8,171,193.89,14674,193.863265
2023-06-30 20:13:00+00:00,193.9,193.93,193.81,185,193.92,230900,193.962293
2023-06-30 20:14:00+00:00,193.84,193.9,193.82,120,193.88,13215,193.86634
2023-06-30 20:15:00+00:00,193.86,193.97,193.84,49,193.84,29729,193.961776
2023-06-30 20:16:00+00:00,193.81,193.87,193.8,119,193.86,8157,193.827129
2023-06-30 20:17:00+00:00,193.83,193.88,193.81,96,193.81,7117,193.827079
2023-06-30 20:18:00+00:00,193.82,193.84,193.8,85,193.83,5164,193.819718
2023-06-30 20:19:00+00:00,193.87,193.89,193.81,201,193.85,16764,193.858209
2023-06-30 20:20:00+00:00,193.91,193.91,193.83,173,193.89,17689,193.874485
2023-06-30 20:21:00+00:00,193.87,193.91,193.83,138,193.91,18314,193.868812
2023-06-30 20:22:00+00:00,193.84,193.89,193.81,121,193.87,9871,193.848891
2023-06-30 20:23:00+00:00,193.85,193.9,193.81,146,193.84,13175,193.861571
2023-06-30 20:24:00+00:00,193.88,193.89,193.82,129,193.85,10463,193.852248
2023-06-30 20:25:00+00:00,193.81,193.89,193.81,73,193.89,4522,193.843481
2023-06-30 20:26:00+00:00,193.83,193.88,193.82,87,193.85,5649,193.845378
2023-06-30 20:27:00+00:00,193.87,193.89,193.81,125,193.82,14744,193.863834
2023-06-30 20:28:00+00:00,193.86,193.89,193.82,99,193.86,8369,193.85389
2023-06-30 20:29:00+00:00,193.83,193.88,193.83,61,193.86,4514,193.852244
2023-06-30 20:30:00+00:00,193.87,193.87,193.83,64,193.85,3863,193.855197
2023-06-30 20:31:00+00:00,193.82,193.97,193.81,61,193.97,92978,193.96353
2023-06-30 20:32:00+00:00,193.82,193.83,193.82,39,193.82,1708,193.824956
2023-06-30 20:33:00+00:00,193.83,193.83,193.8,77,193.82,6984,193.811909
2023-06-30 20:34:00+00:00,193.8301,193.85,193.83,51,193.85,2407,193.836031
2023-06-30 20:35:00+00:00,193.8,193.84,193.8,49,193.83,1989,193.817353
2023-06-30 20:36:00+00:00,193.84,193.88,193.82,129,193.82,12815,193.853412
2023-06-30 20:37:00+00:00,193.89,193.96,193.82,251,193.83,22791,193.903215
2023-06-30 20:38:00+00:00,193.9,193.9,193.86,43,193.87,1387,193.880566
2023-06-30 20:39:00+00:00,193.92,193.99,193.91,127,193.91,9870,193.956903
2023-06-30 20:40:00+00:00,193.9,193.98,193.9,59,193.92,5620,193.925414
2023-06-30 20:41:00+00:00,193.91,193.92,193.91,21,193.92,1256,193.78207
2023-06-30 20:42:00+00:00,193.97,193.97,193.9103,48,193.915,1740,193.945534
2023-06-30 20:43:00+00:00,193.92,193.97,193.91,84,193.94,6183,193.938007
2023-06-30 20:44:00+00:00,193.91,193.97,193.86,121,193.86,9545,193.920088
2023-06-30 20:45:00+00:00,193.94,193.97,193.91,107,193.92,8865,193.945612
2023-06-30 20:46:00+00:00,193.91,193.97,193.89,100,193.94,8506,193.922774
2023-06-30 20:47:00+00:00,193.88,193.95,193.88,74,193.92,4411,193.912906
2023-06-30 20:48:00+00:00,193.87,193.92,193.87,103,193.91,358021,193.967922
2023-06-30 20:49:00+00:00,193.87,193.94,193.87,63,193.9,7037,193.893445
2023-06-30 20:50:00+00:00,193.86,193.86,193.85,48,193.85,1679,193.852712
2023-06-30 20:51:00+00:00,193.88,193.89,193.85,53,193.88,3300,193.870817
2023-06-30 20:52:00+00:00,193.87,193.9,193.86,56,193.9,3363,193.869842
2023-06-30 20:53:00+00:00,193.89,193.89,193.86,46,193.87,6178,193.878616
2023-06-30 20:54:00+00:00,193.9,193.9,193.89,28,193.89,577,193.891958
2023-06-30 20:55:00+00:00,193.81,193.87,193.81,64,193.87,7043,193.837067
2023-06-30 20:56:00+00:00,193.83,193.84,193.81,48,193.82,1640,193.826113
2023-06-30 20:57:00+00:00,193.82,193.85,193.8,49,193.85,5762,193.809395
2023-06-30 20:58:00+00:00,193.84,193.89,193.8,67,193.8,6366,193.83829
2023-06-30 20:59:00+00:00,193.84,193.87,193.81,37,193.81,3079,193.838961
2023-06-30 21:00:00+00:00,193.83,193.88,193.83,42,193.85,2975,193.853721
2023-06-30 21:01:00+00:00,193.88,193.88,193.86,42,193.86,1689,193.866107
2023-06-30 21:02:00+00:00,193.89,193.89,193.85,46,193.85,789,193.870856
2023-06-30 21:03:00+00:00,193.89,193.89,193.83,58,193.85,4279,193.862043
2023-06-30 21:04:00+00:00,193.86,193.86,193.86,28,193.86,387,193.868592
2023-06-30 21:05:00+00:00,193.88,193.88,193.87,39,193.87,1494,193.168695
2023-06-30 21:07:00+00:00,193.89,193.93,193.86,61,193.88,3123,193.888204
2023-06-30 21:08:00+00:00,193.84,193.93,193.83,91,193.92,5960,193.865658
2023-06-30 21:09:00+00:00,193.89,193.89,193.83,75,193.84,6531,193.850926
2023-06-30 21:10:00+00:00,193.9,193.91,193.84,64,193.89,5687,193.888857
2023-06-30 21:11:00+00:00,193.86,193.91,193.84,69,193.88,5374,193.867969
2023-06-30 21:12:00+00:00,193.86,193.9,193.86,50,193.88,2300,193.888867
2023-06-30 21:13:00+00:00,193.88,193.93,193.88,34,193.93,1311,193.90283
2023-06-30 21:14:00+00:00,193.89,193.89,193.89,15,193.89,330,193.889894
2023-06-30 21:15:00+00:00,193.87,193.87,193.85,24,193.87,1077,193.862795
2023-06-30 21:16:00+00:00,193.9,193.9,193.85,34,193.87,1532,193.87871
2023-06-30 21:19:00+00:00,193.85,193.87,193.83,38,193.87,3187,193.849079
2023-06-30 21:20:00+00:00,193.84,193.84,193.84,24,193.84,154,193.839471
2023-06-30 21:21:00+00:00,193.84,193.84,193.83,25,193.83,1687,193.833353
2023-06-30 21:23:00+00:00,193.9,193.92,193.8515,53,193.86,2050,193.87737
2023-06-30 21:24:00+00:00,193.9,193.92,193.9,25,193.92,661,193.91465
2023-06-30 21:25:00+00:00,193.86,193.92,193.86,24,193.92,461,193.901377
2023-06-30 21:27:00+00:00,193.83,193.87,193.83,29,193.87,1102,193.855576
2023-06-30 21:28:00+00:00,193.85,193.97,193.85,21,193.97,80915,193.969729
2023-06-30 21:29:00+00:00,193.9,193.9,193.9,21,193.9,475,193.893653
2023-06-30 21:30:00+00:00,193.92,193.92,193.88,25,193.88,1078,193.902393
2023-06-30 21:31:00+00:00,193.9,193.9,193.82,29,193.85,2100,193.838648
2023-06-30 21:32:00+00:00,193.82,193.82,193.82,25,193.82,642,193.840259
2023-06-30 21:33:00+00:00,193.87,193.88,193.83,37,193.83,1506,193.8545
2023-06-30 21:34:00+00:00,193.85,193.87,193.83,17,193.87,1199,193.849675
2023-06-30 21:35:00+00:00,193.85,193.85,193.8326,19,193.8326,1135,193.847947
2023-06-30 21:36:00+00:00,193.85,193.85,193.85,29,193.85,1692,193.849287
2023-06-30 21:37:00+00:00,193.88,193.89,193.88,15,193.89,1041,193.880134
2023-06-30 21:38:00+00:00,193.88,193.88,193.88,88,193.88,876,193.881093
2023-06-30 21:39:00+00:00,193.9,193.95,193.88,68,193.88,6666,193.920012
2023-06-30 21:40:00+00:00,193.92,193.94,193.91,34,193.94,1877,193.918607
2023-06-30 21:41:00+00:00,193.91,193.92,193.9,30,193.9,1875,193.908782
2023-06-30 21:42:00+00:00,193.9,193.9,193.88,40,193.9,1436,193.899188
2023-06-30 21:43:00+00:00,193.81,193.9,193.81,121,193.9,8777,193.836627
2023-06-30 21:44:00+00:00,193.86,193.9067,193.83,62,193.83,4199,193.867742
2023-06-30 21:45:00+00:00,193.92,193.92,193.85,39,193.86,5003,193.898589
2023-06-30 21:46:00+00:00,193.92,193.92,193.87,42,193.91,2794,193.894384
2023-06-30 21:47:00+00:00,193.89,193.89,193.89,20,193.89,306,193.888709
2023-06-30 21:48:00+00:00,193.88,193.88,193.88,18,193.88,162,193.88108
2023-06-30 21:50:00+00:00,193.8728,193.8728,193.8728,23,193.8728,502,193.87762
2023-06-30 21:51:00+00:00,193.83,193.87,193.83,33,193.87,1679,193.846141
2023-06-30 21:52:00+00:00,193.84,193.84,193.83,20,193.83,801,193.839913
2023-06-30 21:53:00+00:00,193.83,193.83,193.83,23,193.83,184,193.832962
2023-06-30 21:54:00+00:00,193.83,193.83,193.83,17,193.83,225,193.832556
2023-06-30 21:55:00+00:00,193.8351,193.8351,193.8351,22,193.8351,462,193.841387
2023-06-30 21:56:00+00:00,193.89,193.89,193.87,27,193.87,1252,193.877033
2023-06-30 21:57:00+00:00,193.8898,193.8898,193.8398,21,193.8398,1635,193.861865
2023-06-30 21:58:00+00:00,193.87,193.87,193.87,19,193.87,513,193.872749
2023-06-30 22:03:00+00:00,193.89,193.89,193.89,13,193.89,326,193.889555
2023-06-30 22:04:00+00:00,193.86,193.8802,193.86,19,193.8802,3214,193.87486
2023-06-30 22:05:00+00:00,193.87,193.87,193.87,14,193.87,200,193.875075
2023-06-30 22:06:00+00:00,193.88,193.88,193.87,22,193.87,529,193.873752
2023-06-30 22:07:00+00:00,193.87,193.87,193.87,54,193.87,1244,193.871013
2023-06-30 22:08:00+00:00,193.87,193.87,193.87,28,193.87,796,193.870345
2023-06-30 22:09:00+00:00,193.86,193.86,193.86,19,193.86,346,193.861806
2023-06-30 22:10:00+00:00,193.8517,193.87,193.8517,26,193.87,2327,193.856563
2023-06-30 22:11:00+00:00,193.85,193.87,193.85,23,193.87,1792,193.864241
2023-06-30 22:12:00+00:00,193.85,193.85,193.85,18,193.85,1621,193.850151
2023-06-30 22:13:00+00:00,193.8697,193.8697,193.8697,18,193.8697,660,193.86618
2023-06-30 22:14:00+00:00,193.86,193.87,193.86,18,193.87,748,193.867746
2023-06-30 22:15:00+00:00,193.85,193.85,193.85,16,193.85,1050,193.850162
2023-06-30 22:16:00+00:00,193.85,193.85,193.85,19,193.85,30179,193.968979
2023-06-30 22:17:00+00:00,193.85,193.85,193.85,15,193.85,389,193.851928
2023-06-30 22:18:00+00:00,193.85,193.85,193.85,22,193.85,470,193.852477
2023-06-30 22:19:00+00:00,193.84,193.84,193.84,32,193.84,1613,193.839637
2023-06-30 22:20:00+00:00,193.84,193.84,193.84,16,193.84,614,193.842461
2023-06-30 22:22:00+00:00,193.85,193.85,193.85,16,193.85,367,193.849405
2023-06-30 22:23:00+00:00,193.85,193.86,193.85,25,193.86,830,193.856572
2023-06-30 22:26:00+00:00,193.86,193.86,193.86,25,193.86,223,193.860874
2023-06-30 22:28:00+00:00,193.85,193.86,193.85,24,193.86,1217,193.851574
2023-06-30 22:29:00+00:00,193.86,193.87,193.86,37,193.87,1299,193.867714
2023-06-30 22:30:00+00:00,193.87,193.87,193.87,19,193.87,529,193.864773
2023-06-30 22:31:00+00:00,193.8591,193.8591,193.8591,12,193.8591,230,193.859283
2023-06-30 22:32:00+00:00,193.86,193.86,193.86,17,193.86,2036,193.859926
2023-06-30 22:33:00+00:00,193.86,193.86,193.86,19,193.86,1025,193.859976
2023-06-30 22:34:00+00:00,193.86,193.86,193.86,18,193.86,583,193.859965
2023-06-30 22:37:00+00:00,193.87,193.87,193.87,8,193.87,169,193.869882
2023-06-30 22:38:00+00:00,193.86,193.86,193.86,12,193.86,445,193.860281
2023-06-30 22:39:00+00:00,193.86,193.86,193.86,16,193.86,912,193.861118
2023-06-30 22:40:00+00:00,193.85,193.86,193.85,29,193.86,678,193.857087
2023-06-30 22:41:00+00:00,193.86,193.86,193.86,15,193.86,134,193.861231
2023-06-30 22:42:00+00:00,193.81,193.86,193.81,44,193.85,5427,193.839333
2023-06-30 22:44:00+00:00,193.81,193.8145,193.81,24,193.8145,1166,193.814167
2023-06-30 22:46:00+00:00,193.85,193.85,193.83,16,193.83,408,193.840245
2023-06-30 22:48:00+00:00,193.85,193.85,193.85,34,193.85,1516,193.849934
2023-06-30 22:49:00+00:00,193.85,193.85,193.85,23,193.85,1242,193.850407
2023-06-30 22:50:00+00:00,193.86,193.86,193.86,19,193.86,2194,193.860709
2023-06-30 22:51:00+00:00,193.86,193.86,193.86,11,193.86,1079,193.860032
2023-06-30 22:52:00+00:00,193.87,193.87,193.87,18,193.87,916,193.867893
2023-06-30 22:53:00+00:00,193.88,193.88,193.88,17,193.88,923,193.87974
2023-06-30 22:54:00+00:00,193.89,193.89,193.89,27,193.89,474,193.882152
2023-06-30 22:55:00+00:00,193.85,193.9,193.85,35,193.9,8061,193.881482
2023-06-30 22:57:00+00:00,193.88,193.88,193.88,21,193.88,434,193.866509
2023-06-30 22:58:00+00:00,193.85,193.87,193.85,17,193.87,4328,193.868532
2023-06-30 22:59:00+00:00,193.85,193.85,193.85,17,193.85,247,193.844798
2023-06-30 23:00:00+00:00,193.85,193.85,193.85,12,193.85,527,193.847571
2023-06-30 23:02:00+00:00,193.8494,193.85,193.8494,15,193.85,1035,193.849483
2023-06-30 23:08:00+00:00,193.87,193.87,193.87,22,193.87,547,193.869333
2023-06-30 23:10:00+00:00,193.9,193.9,193.87,24,193.87,9041,193.894417
2023-06-30 23:12:00+00:00,193.97,193.97,193.91,43,193.92,2246,193.942104
2023-06-30 23:13:00+00:00,193.98,193.98,193.97,56,193.97,1201,193.97667
2023-06-30 23:14:00+00:00,193.97,193.97,193.97,8,193.97,245,193.964286
2023-06-30 23:15:00+00:00,193.9506,193.9506,193.95,13,193.95,2084,193.950504
2023-06-30 23:16:00+00:00,194.07,194.07,193.97,183,193.97,10675,194.009847
2023-06-30 23:18:00+00:00,194.0205,194.04,194.02,21,194.04,1285,194.027313
2023-06-30 23:19:00+00:00,194.01,194.1,194.01,52,194.07,1796,194.044911
2023-06-30 23:20:00+00:00,194.04,194.04,194.0299,21,194.03,4576,194.02967
2023-06-30 23:21:00+00:00,194.02,194.04,194.02,18,194.03,1084,194.023902
2023-06-30 23:22:00+00:00,194.05,194.05,194.04,16,194.04,545,194.040798
2023-06-30 23:23:00+00:00,194.02,194.02,194.02,23,194.02,547,194.021179
2023-06-30 23:25:00+00:00,194.01,194.01,194.01,32,194.01,927,194.014644
2023-06-30 23:26:00+00:00,194.0,194.0,194.0,14,194.0,2769,194.000347
2023-06-30 23:27:00+00:00,194.01,194.01,194.01,27,194.01,798,194.012719
2023-06-30 23:29:00+00:00,194.0,194.0,194.0,22,194.0,208,194.005505
2023-06-30 23:30:00+00:00,194.0,194.01,194.0,44,194.01,1540,194.005385
2023-06-30 23:31:00+00:00,194.01,194.01,194.01,24,194.01,366,194.006407
2023-06-30 23:32:00+00:00,194.01,194.01,194.01,25,194.01,688,194.007195
2023-06-30 23:33:00+00:00,194.07,194.07,194.0,58,194.0,2698,194.026701
2023-06-30 23:34:00+00:00,194.08,194.08,194.08,24,194.08,491,194.079124
2023-06-30 23:35:00+00:00,194.06,194.1,194.06,28,194.09,2045,194.09233
2023-06-30 23:36:00+00:00,194.1,194.1,194.1,26,194.1,395,194.090481
2023-06-30 23:37:00+00:00,194.08,194.08,194.08,30,194.08,432,194.083542
2023-06-30 23:38:00+00:00,194.1,194.1,194.09,19,194.09,928,194.092823
2023-06-30 23:39:00+00:00,194.08,194.1,194.08,71,194.1,551,194.09294
2023-06-30 23:40:00+00:00,194.08,194.1,194.07,16,194.1,513,194.084708
2023-06-30 23:41:00+00:00,194.1,194.1,194.08,22,194.08,727,194.083301
2023-06-30 23:42:00+00:00,194.1,194.1,194.1,33,194.1,1692,194.098221
2023-06-30 23:43:00+00:00,194.09,194.09,194.09,15,194.09,695,194.086561
2023-06-30 23:44:00+00:00,194.06,194.07,194.06,37,194.07,943,194.062556
2023-06-30 23:45:00+00:00,194.05,194.05,194.05,23,194.05,527,194.056566
2023-06-30 23:46:00+00:00,194.08,194.08,194.08,16,194.08,266,194.073609
2023-06-30 23:48:00+00:00,194.07,194.09,194.06,35,194.09,1199,194.076514
2023-06-30 23:49:00+00:00,194.06,194.07,194.06,22,194.07,530,194.063434
2023-06-30 23:50:00+00:00,194.2,194.22,194.02,160,194.05,14665,194.1467
2023-06-30 23:51:00+00:00,194.21,194.21,194.19,42,194.19,3975,194.201216
2023-06-30 23:52:00+00:00,194.2,194.23,194.19,44,194.21,1360,194.207452
2023-06-30 23:53:00+00:00,194.2,194.2,194.2,20,194.2,1327,194.200083
2023-06-30 23:54:00+00:00,194.22,194.22,194.2,68,194.2,1177,194.209851
2023-06-30 23:55:00+00:00,194.25,194.25,194.23,60,194.23,5248,194.242269
2023-06-30 23:56:00+00:00,194.23,194.23,194.22,52,194.22,1438,194.223849
2023-06-30 23:57:00+00:00,194.23,194.24,194.23,25,194.24,749,194.233732
2023-06-30 23:58:00+00:00,194.26,194.26,194.18,59,194.18,4756,194.225358
2023-06-30 23:59:00+00:00,194.28,194.28,194.2,69,194.26,7644,194.240833
