timestamp,close,high,low,trade_count,open,volume,vwap
2023-02-02 00:00:00+00:00,146.0,146.0,146.0,86,146.0,877,145.997993
2023-02-02 00:01:00+00:00,146.0,146.0,146.0,67,146.0,2611,146.007746
2023-02-02 00:02:00+00:00,146.07,146.08,146.06,72,146.06,2474,146.065505
2023-02-02 00:03:00+00:00,146.08,146.08,146.03,58,146.03,1022,146.043801
2023-02-02 00:04:00+00:00,145.86,146.07,145.85,175,146.02,13895,145.971155
2023-02-02 00:05:00+00:00,145.88,145.9,145.88,45,145.89,1580,145.909861
2023-02-02 00:06:00+00:00,146.0,146.02,145.9,28,146.02,2001,145.936059
2023-02-02 00:07:00+00:00,145.89,145.98,145.89,48,145.93,5242,145.916787
2023-02-02 00:08:00+00:00,145.92,145.95,145.91,37,145.93,5450,145.940555
2023-02-02 00:09:00+00:00,145.89,145.91,145.8,111,145.91,6437,145.854081
2023-02-02 00:10:00+00:00,145.77,145.89,145.77,103,145.89,6269,145.82936
2023-02-02 00:11:00+00:00,145.8,145.8,145.75,30,145.75,595,145.775479
2023-02-02 00:12:00+00:00,145.8,145.88,145.8,50,145.8,2426,145.831531
2023-02-02 00:13:00+00:00,145.76,145.86,145.76,42,145.81,2799,145.794795
2023-02-02 00:14:00+00:00,145.75,145.85,145.75,49,145.81,4410,145.794737
2023-02-02 00:15:00+00:00,145.8,145.83,145.8,61,145.8,5010,145.810466
2023-02-02 00:16:00+00:00,145.88,145.88,145.8,42,145.81,1709,145.823862
2023-02-02 00:17:00+00:00,145.68,145.86,145.68,186,145.85,7777,145.768903
2023-02-02 00:18:00+00:00,145.74,145.82,145.72,61,145.8,2246,145.761783
2023-02-02 00:19:00+00:00,145.71,145.75,145.71,77,145.75,3670,145.720699
2023-02-02 00:20:00+00:00,145.7,145.77,145.7,64,145.77,4335,145.745247
2023-02-02 00:21:00+00:00,145.75,145.75,145.62,100,145.68,5757,145.709586
2023-02-02 00:22:00+00:00,145.79,145.79,145.75,29,145.76,1001,145.771129
2023-02-02 00:23:00+00:00,145.76,145.83,145.75,72,145.8,2504,145.784986
2023-02-02 00:24:00+00:00,145.84,145.84,145.72,71,145.72,3281,145.791637
2023-02-02 00:25:00+00:00,145.89,145.89,145.8,93,145.84,2812,145.834267
2023-02-02 00:26:00+00:00,145.92,145.92,145.89,31,145.89,1114,145.902383
2023-02-02 00:27:00+00:00,145.95,146.0,145.95,34,145.98,6053,145.976174
2023-02-02 00:28:00+00:00,145.95,145.95,145.94,15,145.94,694,145.942176
2023-02-02 00:29:00+00:00,145.95,145.99,145.9,46,145.95,4544,145.94037
2023-02-02 00:30:00+00:00,145.87,145.87,145.87,29,145.87,493,145.884331
2023-02-02 00:31:00+00:00,145.92,145.92,145.83,24,145.83,510,145.903735
2023-02-02 00:32:00+00:00,145.95,146.0,145.95,51,145.97,8676,145.979099
2023-02-02 00:33:00+00:00,145.99,145.99,145.97,29,145.97,1050,145.978
2023-02-02 00:34:00+00:00,145.98,146.0,145.98,31,146.0,1744,145.98758
2023-02-02 00:35:00+00:00,146.0,146.0,145.99,40,145.99,971,145.993203
2023-02-02 00:36:00+00:00,146.0,146.0,145.99,27,145.99,903,145.99077
2023-02-02 00:37:00+00:00,145.9901,146.0,145.9901,40,145.9999,2181,145.993855
2023-02-02 00:38:00+00:00,145.99,145.99,145.99,35,145.99,1375,145.988873
2023-02-02 00:40:00+00:00,146.05,146.05,146.0,50,146.0,8096,146.028623
2023-02-02 00:41:00+00:00,146.03,146.03,146.03,29,146.03,498,146.051329
2023-02-02 00:42:00+00:00,146.08,146.08,146.07,28,146.07,874,146.080761
2023-02-02 00:43:00+00:00,146.08,146.1,146.08,50,146.1,4306,146.093595
2023-02-02 00:44:00+00:00,146.08,146.09,146.04,24,146.04,2222,146.068632
2023-02-02 00:45:00+00:00,146.09,146.09,146.05,28,146.09,1444,146.078463
2023-02-02 00:46:00+00:00,146.09,146.09,146.09,30,146.09,801,146.086348
2023-02-02 00:47:00+00:00,146.09,146.09,146.06,53,146.08,2790,146.072487
2023-02-02 00:48:00+00:00,146.07,146.07,146.06,27,146.07,1409,146.069599
2023-02-02 00:49:00+00:00,145.99,146.07,145.99,81,146.07,8991,146.012827
2023-02-02 00:50:00+00:00,146.0,146.03,145.95,38,145.99,3953,145.965364
2023-02-02 00:51:00+00:00,146.02,146.03,146.02,33,146.03,1345,146.026086
2023-02-02 00:52:00+00:00,145.91,146.02,145.91,53,146.02,3000,145.968302
2023-02-02 00:53:00+00:00,145.91,145.92,145.9,50,145.92,2821,145.907972
2023-02-02 00:54:00+00:00,145.92,145.92,145.9,58,145.91,4224,145.909534
2023-02-02 00:55:00+00:00,145.98,145.98,145.98,39,145.98,819,145.973596
2023-02-02 00:56:00+00:00,146.0,146.0,145.94,30,145.94,826,145.965684
2023-02-02 00:57:00+00:00,146.0,146.0,145.92,52,146.0,3315,145.989855
2023-02-02 00:58:00+00:00,146.0,146.04,146.0,52,146.0,1865,146.019271
2023-02-02 00:59:00+00:00,146.07,146.07,146.01,63,146.05,2831,146.03973
2023-02-02 09:00:00+00:00,147.09,147.14,146.56,165,147.14,6815,146.995952
2023-02-02 09:01:00+00:00,147.1,147.23,147.08,161,147.08,11724,147.124563
2023-02-02 09:02:00+00:00,147.1,147.2,147.0,94,147.09,3516,147.094471
2023-02-02 09:03:00+00:00,147.02,147.08,147.0,97,147.08,3051,147.018722
2023-02-02 09:04:00+00:00,146.86,146.97,146.86,74,146.97,2397,146.918352
2023-02-02 09:05:00+00:00,147.12,147.49,146.85,211,146.85,13600,147.08968
2023-02-02 09:06:00+00:00,147.14,147.14,147.09,65,147.1,1409,147.132619
2023-02-02 09:07:00+00:00,147.01,147.13,147.01,99,147.1,2609,147.065926
2023-02-02 09:08:00+00:00,146.91,147.0,146.91,97,147.0,952,146.930263
2023-02-02 09:09:00+00:00,146.85,146.85,146.83,83,146.85,2064,146.848178
2023-02-02 09:10:00+00:00,146.89,146.89,146.85,39,146.85,930,146.861172
2023-02-02 09:11:00+00:00,147.0,147.05,146.89,164,146.89,18398,147.002276
2023-02-02 09:12:00+00:00,147.11,147.11,147.0,98,147.05,5058,147.055854
2023-02-02 09:13:00+00:00,147.11,147.11,147.0,91,147.01,3806,147.035843
2023-02-02 09:14:00+00:00,147.0,147.0,147.0,108,147.0,6533,147.00447
2023-02-02 09:15:00+00:00,147.0,147.03,147.0,65,147.0,4286,147.002902
2023-02-02 09:16:00+00:00,147.0,147.04,147.0,94,147.01,5562,147.011516
2023-02-02 09:17:00+00:00,146.89,147.04,146.89,87,147.04,3499,146.985176
2023-02-02 09:18:00+00:00,146.88,146.88,146.88,65,146.88,1295,146.931846
2023-02-02 09:19:00+00:00,146.85,146.97,146.85,107,146.94,2884,146.89121
2023-02-02 09:20:00+00:00,146.83,146.88,146.83,59,146.88,2459,146.86294
2023-02-02 09:21:00+00:00,146.85,146.85,146.81,47,146.82,2631,146.825454
2023-02-02 09:22:00+00:00,146.94,146.98,146.86,65,146.86,3168,146.956114
2023-02-02 09:23:00+00:00,146.98,147.08,146.98,63,147.01,2812,147.007674
2023-02-02 09:24:00+00:00,147.02,147.02,146.99,17,147.0,1018,147.000177
2023-02-02 09:25:00+00:00,147.0,147.0,147.0,34,147.0,757,146.98852
2023-02-02 09:26:00+00:00,146.93,147.0,146.93,42,146.96,1515,146.975432
2023-02-02 09:27:00+00:00,147.05,147.05,146.97,36,146.97,1135,147.018696
2023-02-02 09:28:00+00:00,146.99,147.01,146.99,44,147.01,6445,147.002411
2023-02-02 09:29:00+00:00,147.0,147.0,147.0,29,147.0,991,146.998234
2023-02-02 09:31:00+00:00,147.0,147.0,147.0,25,147.0,524,147.014981
2023-02-02 09:32:00+00:00,147.0,147.0,147.0,43,147.0,1404,147.000677
2023-02-02 09:33:00+00:00,146.96,146.98,146.96,38,146.98,766,146.965627
2023-02-02 09:34:00+00:00,146.96,146.96,146.96,14,146.96,345,146.962029
2023-02-02 09:35:00+00:00,146.98,147.0,146.93,58,146.93,2327,146.965041
2023-02-02 09:36:00+00:00,147.0,147.0,146.96,52,146.99,2134,146.985829
2023-02-02 09:37:00+00:00,147.0,147.0,147.0,31,147.0,1677,147.000304
2023-02-02 09:38:00+00:00,146.99,147.0,146.99,29,146.99,1491,146.9967
2023-02-02 09:41:00+00:00,147.0,147.02,146.99,42,147.02,1953,147.000543
2023-02-02 09:42:00+00:00,147.0,147.0,147.0,38,147.0,1287,146.998858
2023-02-02 09:43:00+00:00,146.99,146.99,146.99,22,146.99,477,146.989916
2023-02-02 09:44:00+00:00,146.98,146.98,146.97,21,146.97,627,146.979633
2023-02-02 09:45:00+00:00,146.96,146.99,146.96,32,146.99,1032,146.978256
2023-02-02 09:46:00+00:00,146.95,146.95,146.95,18,146.95,331,146.953112
2023-02-02 09:48:00+00:00,146.96,146.96,146.95,43,146.95,2075,146.963055
2023-02-02 09:49:00+00:00,147.0,147.0,146.95,57,146.95,1819,146.97287
2023-02-02 09:50:00+00:00,147.0,147.0,146.99,39,147.0,1871,146.993768
2023-02-02 09:52:00+00:00,146.99,146.99,146.99,23,146.99,749,146.980801
2023-02-02 09:53:00+00:00,146.95,146.99,146.95,27,146.99,855,146.973883
2023-02-02 09:54:00+00:00,146.96,146.99,146.96,40,146.99,1546,146.964114
2023-02-02 09:55:00+00:00,146.95,146.96,146.95,22,146.96,1027,146.960019
2023-02-02 09:56:00+00:00,146.98,146.99,146.94,55,146.99,2152,146.971724
2023-02-02 09:57:00+00:00,146.94,146.94,146.94,50,146.94,1792,146.947115
2023-02-02 09:58:00+00:00,146.91,146.91,146.91,53,146.91,1206,146.927338
2023-02-02 09:59:00+00:00,146.98,146.98,146.9,71,146.9,2199,146.922115
2023-02-02 10:00:00+00:00,146.98,146.98,146.98,19,146.98,1164,146.973832
2023-02-02 10:01:00+00:00,146.98,146.98,146.98,23,146.98,518,146.979093
2023-02-02 10:02:00+00:00,146.98,146.98,146.98,17,146.98,580,146.973379
2023-02-02 10:03:00+00:00,146.99,146.99,146.99,22,146.99,685,146.986248
2023-02-02 10:04:00+00:00,147.04,147.04,146.99,80,147.0,4376,147.006805
2023-02-02 10:05:00+00:00,147.0,147.06,147.0,64,147.06,2417,147.035598
2023-02-02 10:06:00+00:00,147.1,147.1,147.0,39,147.0,9313,147.010565
2023-02-02 10:07:00+00:00,147.15,147.15,147.1,27,147.1,1013,147.126387
2023-02-02 10:08:00+00:00,147.14,147.14,147.1,21,147.1,657,147.130213
2023-02-02 10:10:00+00:00,147.1,147.12,147.03,88,147.12,7262,147.047817
2023-02-02 10:11:00+00:00,147.11,147.13,147.1,21,147.1,1608,147.122587
2023-02-02 10:12:00+00:00,147.1,147.13,147.1,25,147.13,785,147.108586
2023-02-02 10:13:00+00:00,147.1,147.1,147.1,23,147.1,324,147.099321
2023-02-02 10:14:00+00:00,147.05,147.1,147.05,80,147.1,1723,147.039803
2023-02-02 10:15:00+00:00,146.98,146.98,146.98,28,146.98,575,146.98927
2023-02-02 10:16:00+00:00,147.01,147.01,147.01,17,147.01,452,147.017765
2023-02-02 10:17:00+00:00,147.08,147.08,147.08,15,147.08,323,147.074272
2023-02-02 10:19:00+00:00,147.13,147.13,147.13,25,147.13,694,147.132349
2023-02-02 10:20:00+00:00,147.13,147.13,147.13,18,147.13,815,147.115325
2023-02-02 10:21:00+00:00,147.1,147.1,147.1,24,147.1,1158,147.098687
2023-02-02 10:22:00+00:00,147.05,147.08,147.05,56,147.08,2124,147.059722
2023-02-02 10:23:00+00:00,147.1,147.1,147.1,16,147.1,679,147.09757
2023-02-02 10:24:00+00:00,146.97,147.01,146.97,80,147.0,2581,147.010244
2023-02-02 10:25:00+00:00,147.03,147.03,147.03,26,147.03,2325,147.026551
2023-02-02 10:26:00+00:00,147.02,147.02,147.02,34,147.02,843,147.005907
2023-02-02 10:27:00+00:00,146.96,147.09,146.96,67,147.0,4235,147.011315
2023-02-02 10:29:00+00:00,146.99,147.0,146.96,31,146.96,1554,146.99065
2023-02-02 10:31:00+00:00,146.98,146.98,146.98,7,146.98,156,146.982756
2023-02-02 10:32:00+00:00,147.0,147.0,146.98,19,146.98,1172,146.984181
2023-02-02 10:34:00+00:00,146.95,146.96,146.95,38,146.96,1092,146.957665
2023-02-02 10:35:00+00:00,146.95,146.95,146.95,26,146.95,699,146.949671
2023-02-02 10:37:00+00:00,146.91,146.91,146.91,19,146.91,393,146.913461
2023-02-02 10:38:00+00:00,146.9,146.9,146.9,33,146.9,829,146.897937
2023-02-02 10:39:00+00:00,146.9,146.9,146.9,38,146.9,729,146.893114
2023-02-02 10:40:00+00:00,146.94,146.94,146.85,69,146.86,2288,146.883427
2023-02-02 10:45:00+00:00,147.0,147.0,147.0,20,147.0,450,146.992733
2023-02-02 10:47:00+00:00,146.99,146.99,146.99,26,146.99,879,146.974118
2023-02-02 10:48:00+00:00,146.92,146.95,146.92,21,146.95,967,146.931458
2023-02-02 10:49:00+00:00,146.9,146.92,146.9,33,146.92,2039,146.915331
2023-02-02 10:50:00+00:00,146.84,146.88,146.84,69,146.88,1431,146.854081
2023-02-02 10:51:00+00:00,146.86,146.86,146.86,10,146.86,541,146.864658
2023-02-02 10:52:00+00:00,146.85,146.85,146.85,13,146.85,493,146.852454
2023-02-02 10:53:00+00:00,146.85,146.85,146.83,22,146.83,1068,146.844232
2023-02-02 10:54:00+00:00,146.85,146.85,146.85,20,146.85,582,146.849845
2023-02-02 10:56:00+00:00,146.88,146.88,146.86,29,146.86,1297,146.864456
2023-02-02 10:57:00+00:00,146.9,146.9,146.9,13,146.9,708,146.898489
2023-02-02 10:59:00+00:00,146.96,146.96,146.96,23,146.96,760,146.963553
2023-02-02 11:00:00+00:00,147.0,147.0,147.0,18,147.0,404,146.990297
2023-02-02 11:01:00+00:00,146.96,146.96,146.96,28,146.96,1431,146.96044
2023-02-02 11:02:00+00:00,146.96,146.96,146.96,26,146.96,679,146.953991
2023-02-02 11:03:00+00:00,146.92,146.96,146.92,15,146.96,561,146.935971
2023-02-02 11:04:00+00:00,146.92,146.92,146.92,21,146.92,836,146.918636
2023-02-02 11:05:00+00:00,146.96,146.96,146.96,21,146.96,595,146.95205
2023-02-02 11:07:00+00:00,146.88,146.92,146.88,54,146.92,2296,146.909612
2023-02-02 11:08:00+00:00,146.86,146.91,146.85,19,146.85,2044,146.8807
2023-02-02 11:09:00+00:00,146.79,146.87,146.79,143,146.87,3739,146.811353
2023-02-02 11:10:00+00:00,146.8,146.8,146.75,59,146.79,2788,146.771987
2023-02-02 11:11:00+00:00,146.72,146.77,146.7,62,146.77,2071,146.729005
2023-02-02 11:13:00+00:00,146.8,146.8,146.71,28,146.71,1332,146.752282
2023-02-02 11:16:00+00:00,146.96,146.96,146.86,26,146.86,1493,146.910489
2023-02-02 11:17:00+00:00,146.94,146.94,146.94,19,146.94,468,146.949679
2023-02-02 11:21:00+00:00,146.97,146.97,146.97,57,146.97,1177,146.979796
2023-02-02 11:22:00+00:00,147.0,147.0,147.0,22,147.0,442,147.000226
2023-02-02 11:23:00+00:00,147.0,147.0,147.0,38,147.0,636,147.009277
2023-02-02 11:24:00+00:00,147.0,147.0,146.98,22,146.98,612,146.997451
2023-02-02 11:26:00+00:00,147.09,147.09,147.05,54,147.05,2075,147.064993
2023-02-02 11:27:00+00:00,147.06,147.06,147.06,28,147.06,711,147.069395
2023-02-02 11:29:00+00:00,147.03,147.03,147.03,19,147.03,311,147.030354
2023-02-02 11:32:00+00:00,147.04,147.04,146.99,58,146.99,1629,147.009902
2023-02-02 11:34:00+00:00,147.06,147.06,147.06,16,147.06,558,147.062061
2023-02-02 11:35:00+00:00,147.05,147.05,147.05,31,147.05,585,147.065897
2023-02-02 11:36:00+00:00,147.03,147.05,147.03,23,147.05,2645,147.048601
2023-02-02 11:37:00+00:00,147.05,147.05,147.05,13,147.05,330,147.049697
2023-02-02 11:38:00+00:00,147.04,147.04,147.04,13,147.04,430,147.035349
2023-02-02 11:39:00+00:00,147.02,147.02,147.01,30,147.01,1623,147.015397
2023-02-02 11:41:00+00:00,147.0,147.0,147.0,20,147.0,350,147.004629
2023-02-02 11:42:00+00:00,146.96,147.0,146.96,59,147.0,2372,146.983925
2023-02-02 11:43:00+00:00,146.97,146.97,146.97,27,146.97,854,146.972998
2023-02-02 11:45:00+00:00,146.91,146.95,146.91,9,146.95,496,146.932621
2023-02-02 11:49:00+00:00,146.83,146.86,146.83,63,146.86,1823,146.866149
2023-02-02 11:50:00+00:00,146.91,146.91,146.88,44,146.88,913,146.899825
2023-02-02 11:52:00+00:00,146.82,146.88,146.82,53,146.88,2182,146.860871
2023-02-02 11:53:00+00:00,146.82,146.82,146.82,27,146.82,1069,146.82652
2023-02-02 11:54:00+00:00,146.82,146.83,146.82,77,146.82,9608,146.821496
2023-02-02 11:56:00+00:00,146.85,146.87,146.85,28,146.87,1204,146.861254
2023-02-02 11:57:00+00:00,146.87,146.87,146.87,23,146.87,446,146.888139
2023-02-02 11:59:00+00:00,146.94,146.95,146.94,15,146.95,655,146.940534
2023-02-02 12:00:00+00:00,146.98,146.98,146.8,297,146.95,18471,146.894487
2023-02-02 12:01:00+00:00,146.98,146.98,146.84,76,146.84,5567,146.90012
2023-02-02 12:02:00+00:00,146.86,146.93,146.86,82,146.92,3200,146.896316
2023-02-02 12:03:00+00:00,146.95,146.95,146.89,76,146.93,4636,146.908585
2023-02-02 12:04:00+00:00,146.91,146.94,146.89,81,146.94,4644,146.90713
2023-02-02 12:05:00+00:00,146.75,146.87,146.7,235,146.87,11042,146.792119
2023-02-02 12:06:00+00:00,146.8,146.8,146.76,55,146.76,8181,146.783295
2023-02-02 12:07:00+00:00,146.85,146.85,146.77,106,146.8,6083,146.814425
2023-02-02 12:08:00+00:00,146.85,146.85,146.85,42,146.85,1521,146.853254
2023-02-02 12:09:00+00:00,146.95,146.95,146.89,72,146.89,5166,146.925002
2023-02-02 12:10:00+00:00,146.9,146.95,146.9,53,146.93,2298,146.921641
2023-02-02 12:11:00+00:00,146.98,146.98,146.91,84,146.92,4144,146.915167
2023-02-02 12:12:00+00:00,146.92,146.98,146.92,57,146.98,3779,146.933448
2023-02-02 12:13:00+00:00,146.9,146.94,146.9,72,146.94,2803,146.906775
2023-02-02 12:14:00+00:00,146.88,146.88,146.85,84,146.85,2459,146.865795
2023-02-02 12:15:00+00:00,146.9,146.9,146.88,45,146.88,2530,146.89432
2023-02-02 12:16:00+00:00,146.85,146.85,146.85,40,146.85,1391,146.863638
2023-02-02 12:17:00+00:00,146.99,147.0,146.92,108,146.92,5678,146.983822
2023-02-02 12:18:00+00:00,146.89,146.96,146.89,83,146.96,4239,146.923322
2023-02-02 12:19:00+00:00,147.0,147.0,146.89,109,146.89,4958,146.938881
2023-02-02 12:20:00+00:00,146.95,147.0,146.95,40,146.99,1532,146.989719
2023-02-02 12:21:00+00:00,147.02,147.02,147.0,55,147.0,2137,147.00154
2023-02-02 12:22:00+00:00,147.25,147.25,147.06,188,147.06,10866,147.137609
2023-02-02 12:23:00+00:00,147.2,147.2,147.2,58,147.2,2482,147.200902
2023-02-02 12:24:00+00:00,147.14,147.15,147.11,87,147.15,3663,147.12513
2023-02-02 12:25:00+00:00,147.2,147.21,147.2,52,147.21,1467,147.193088
2023-02-02 12:26:00+00:00,147.18,147.21,147.18,33,147.2,2154,147.195831
2023-02-02 12:27:00+00:00,147.2,147.2,147.2,46,147.2,4009,147.199491
2023-02-02 12:28:00+00:00,147.16,147.19,147.16,40,147.19,1254,147.173158
2023-02-02 12:29:00+00:00,147.15,147.15,147.15,33,147.15,749,147.148104
2023-02-02 12:31:00+00:00,147.16,147.16,147.15,86,147.16,6873,147.158094
2023-02-02 12:32:00+00:00,147.23,147.23,147.19,78,147.19,8364,147.202121
2023-02-02 12:33:00+00:00,147.3,147.3,147.24,64,147.24,2840,147.269817
2023-02-02 12:34:00+00:00,147.3,147.3,147.28,96,147.29,4441,147.303936
2023-02-02 12:35:00+00:00,147.44,147.44,147.38,100,147.38,8553,147.417851
2023-02-02 12:36:00+00:00,147.5,147.5,147.44,167,147.46,5417,147.479688
2023-02-02 12:37:00+00:00,147.45,147.7,147.45,285,147.5,14044,147.562145
2023-02-02 12:38:00+00:00,147.55,147.55,147.4,130,147.43,7239,147.460601
2023-02-02 12:39:00+00:00,147.5,147.54,147.45,68,147.54,9795,147.495451
2023-02-02 12:40:00+00:00,147.51,147.52,147.51,30,147.52,887,147.512616
2023-02-02 12:41:00+00:00,147.4,147.48,147.4,86,147.48,4463,147.427564
2023-02-02 12:42:00+00:00,147.28,147.39,147.25,167,147.38,19882,147.352644
2023-02-02 12:43:00+00:00,147.41,147.43,147.3,61,147.3,2470,147.384316
2023-02-02 12:44:00+00:00,147.45,147.46,147.42,77,147.42,2659,147.452422
2023-02-02 12:45:00+00:00,147.5,147.58,147.5,88,147.58,3944,147.544123
2023-02-02 12:46:00+00:00,147.48,147.5,147.48,77,147.48,5190,147.49322
2023-02-02 12:47:00+00:00,147.46,147.55,147.46,107,147.49,5169,147.514498
2023-02-02 12:48:00+00:00,147.39,147.43,147.39,105,147.43,5529,147.400391
2023-02-02 12:49:00+00:00,147.21,147.33,147.21,136,147.33,11091,147.305808
2023-02-02 12:52:00+00:00,147.47,147.47,147.34,92,147.34,2983,147.416309
2023-02-02 12:54:00+00:00,147.45,147.45,147.4,39,147.4,2073,147.412253
2023-02-02 12:55:00+00:00,147.6,147.6,147.44,74,147.44,2995,147.498244
2023-02-02 12:56:00+00:00,147.54,147.6,147.54,47,147.59,3069,147.57088
2023-02-02 12:57:00+00:00,147.64,147.64,147.58,103,147.58,5339,147.598754
2023-02-02 12:58:00+00:00,147.62,147.62,147.57,42,147.58,2515,147.602091
2023-02-02 12:59:00+00:00,147.69,147.69,147.66,51,147.66,2822,147.670007
2023-02-02 13:00:00+00:00,147.58,147.7,146.63,2678,147.66,198095,147.227586
2023-02-02 13:01:00+00:00,147.49,147.56,146.0,606,147.56,14372,147.324708
2023-02-02 13:02:00+00:00,147.31,147.49,147.31,241,147.49,5561,147.356276
2023-02-02 13:03:00+00:00,147.39,147.39,147.35,82,147.36,3075,147.368947
2023-02-02 13:04:00+00:00,147.37,147.4,147.3207,154,147.38,6771,147.369533
2023-02-02 13:05:00+00:00,147.37,147.4,147.35,114,147.37,17577,147.385435
2023-02-02 13:06:00+00:00,147.45,147.4598,147.34,138,147.35,8660,147.411897
2023-02-02 13:07:00+00:00,147.4,147.43,147.35,228,147.41,16089,147.400566
2023-02-02 13:08:00+00:00,147.4,147.4,147.35,147,147.4,24276,147.371925
2023-02-02 13:09:00+00:00,147.45,147.45,147.35,97,147.35,7692,147.378111
2023-02-02 13:10:00+00:00,147.44,147.4527,147.44,42,147.44,1147,147.438119
2023-02-02 13:11:00+00:00,147.4,147.45,147.39,117,147.43,4458,147.413751
2023-02-02 13:12:00+00:00,147.42,147.42,147.3802,90,147.3802,5148,147.397103
2023-02-02 13:13:00+00:00,147.4,147.43,147.4,112,147.4,4553,147.406928
2023-02-02 13:14:00+00:00,147.4,147.4,147.3899,206,147.39,14471,147.399838
2023-02-02 13:15:00+00:00,147.39,147.46,147.35,219,147.4,29927,147.391171
2023-02-02 13:16:00+00:00,147.5,147.5,147.36,139,147.38,17041,147.468647
2023-02-02 13:17:00+00:00,147.53,147.55,147.4,97,147.4999,7400,147.480432
2023-02-02 13:18:00+00:00,147.55,147.55,147.46,170,147.46,17338,147.519399
2023-02-02 13:19:00+00:00,147.58,147.58,147.52,112,147.53,17809,147.534648
2023-02-02 13:20:00+00:00,147.6,147.6,147.55,106,147.6,10400,147.586923
2023-02-02 13:21:00+00:00,147.56,147.6,147.55,101,147.6,10782,147.564965
2023-02-02 13:22:00+00:00,147.65,147.7,147.58,285,147.58,17939,147.645764
2023-02-02 13:23:00+00:00,147.66,147.6999,147.63,116,147.63,6644,147.656674
2023-02-02 13:24:00+00:00,147.78,147.8,147.7,220,147.7,12983,147.748814
2023-02-02 13:25:00+00:00,147.71,147.7599,147.68,234,147.75,26062,147.721351
2023-02-02 13:26:00+00:00,147.71,147.71,147.66,94,147.66,3087,147.699209
2023-02-02 13:27:00+00:00,147.66,147.73,147.66,95,147.7,6131,147.693904
2023-02-02 13:28:00+00:00,147.69,147.7398,147.65,109,147.68,6823,147.68541
2023-02-02 13:29:00+00:00,147.7109,147.74,147.7016,72,147.7016,1298,147.721999
2023-02-02 13:30:00+00:00,147.75,147.85,147.7,315,147.7,17267,147.738908
2023-02-02 13:31:00+00:00,147.8,147.8,147.7,139,147.75,18250,147.741105
2023-02-02 13:32:00+00:00,147.66,147.8,147.64,272,147.8,17813,147.70981
2023-02-02 13:33:00+00:00,147.7,147.71,147.66,121,147.66,12897,147.696574
2023-02-02 13:34:00+00:00,147.6846,147.7411,147.66,115,147.7411,3903,147.697595
2023-02-02 13:35:00+00:00,147.47,147.67,147.47,227,147.67,10043,147.586553
2023-02-02 13:36:00+00:00,147.5,147.53,147.45,165,147.5,11629,147.492396
2023-02-02 13:37:00+00:00,147.54,147.54,147.48,136,147.48,8214,147.522611
2023-02-02 13:38:00+00:00,147.55,147.56,147.51,94,147.54,6317,147.53974
2023-02-02 13:39:00+00:00,147.54,147.57,147.52,142,147.55,8899,147.551671
2023-02-02 13:40:00+00:00,147.47,147.56,147.47,196,147.54,9113,147.521442
2023-02-02 13:41:00+00:00,147.4917,147.52,147.47,99,147.48,4013,147.501935
2023-02-02 13:42:00+00:00,147.58,147.58,147.51,138,147.5781,7828,147.549803
2023-02-02 13:43:00+00:00,147.63,147.65,147.57,153,147.57,8947,147.609148
2023-02-02 13:44:00+00:00,147.57,147.63,147.57,104,147.62,5224,147.605411
2023-02-02 13:45:00+00:00,147.6,147.64,147.58,150,147.58,8226,147.628816
2023-02-02 13:46:00+00:00,147.63,147.63,147.57,93,147.6,4363,147.595294
2023-02-02 13:47:00+00:00,147.76,147.7901,147.62,402,147.63,30926,147.718398
2023-02-02 13:48:00+00:00,147.789,147.8,147.78,120,147.78,8909,147.789071
2023-02-02 13:49:00+00:00,147.88,147.88,147.75,238,147.75,17516,147.851136
2023-02-02 13:50:00+00:00,147.9897,147.9897,147.84,317,147.87,24750,147.898929
2023-02-02 13:51:00+00:00,147.8,147.99,147.77,248,147.9893,267724,145.588588
2023-02-02 13:52:00+00:00,147.8,147.8,147.74,231,147.8,17185,147.771578
2023-02-02 13:53:00+00:00,147.92,147.99,147.79,362,147.8,39208,147.859936
2023-02-02 13:54:00+00:00,147.95,147.98,147.93,329,147.93,31883,147.955967
2023-02-02 13:55:00+00:00,148.12,148.19,147.97,930,147.97,43473,148.045762
2023-02-02 13:56:00+00:00,148.26,148.26,148.17,311,148.199,30603,148.200641
2023-02-02 13:57:00+00:00,148.24,148.35,148.24,503,148.27,42993,148.283233
2023-02-02 13:58:00+00:00,148.3,148.37,148.19,432,148.22,36174,148.25218
2023-02-02 13:59:00+00:00,148.33,148.38,148.28,369,148.33,28541,148.317795
2023-02-02 14:00:00+00:00,148.22,148.33,148.2,451,148.33,29633,148.261026
2023-02-02 14:01:00+00:00,148.43,148.43,148.21,417,148.21,31069,148.353108
2023-02-02 14:02:00+00:00,148.37,148.45,148.37,356,148.43,24871,148.409304
2023-02-02 14:03:00+00:00,148.41,148.45,148.38,256,148.39,21208,148.420585
2023-02-02 14:04:00+00:00,148.46,148.46,148.43,265,148.43,16894,148.444335
2023-02-02 14:05:00+00:00,148.3801,148.469,148.3801,352,148.45,33139,148.434538
2023-02-02 14:06:00+00:00,148.3,148.41,148.25,422,148.41,26920,148.33901
2023-02-02 14:07:00+00:00,148.55,148.55,148.29,569,148.29,40308,148.431077
2023-02-02 14:08:00+00:00,148.46,148.57,148.46,290,148.5508,23414,148.513407
2023-02-02 14:09:00+00:00,148.2,148.47,148.2,522,148.46,34375,148.296431
2023-02-02 14:10:00+00:00,148.21,148.24,148.18,423,148.22,35140,148.205964
2023-02-02 14:11:00+00:00,148.12,148.22,148.12,374,148.21,12961,148.172365
2023-02-02 14:12:00+00:00,148.1,148.12,148.06,285,148.1,26273,148.095562
2023-02-02 14:13:00+00:00,148.16,148.18,148.08,277,148.1,25805,148.125998
2023-02-02 14:14:00+00:00,148.25,148.25,148.16,206,148.16,17375,148.197307
2023-02-02 14:15:00+00:00,148.18,148.25,148.18,185,148.25,12252,148.208586
2023-02-02 14:16:00+00:00,148.12,148.17,148.11,189,148.17,8337,148.12691
2023-02-02 14:17:00+00:00,148.16,148.17,148.13,243,148.15,33055,148.156773
2023-02-02 14:18:00+00:00,148.1,148.17,148.08,259,148.16,25150,148.140828
2023-02-02 14:19:00+00:00,148.16,148.19,148.11,181,148.11,9832,148.16485
2023-02-02 14:20:00+00:00,148.17,148.19,148.12,262,148.19,10915,148.15912
2023-02-02 14:21:00+00:00,148.19,148.19,148.15,129,148.15,3433,148.167454
2023-02-02 14:22:00+00:00,148.24,148.26,148.18,218,148.19,8847,148.225185
2023-02-02 14:23:00+00:00,148.39,148.39,148.28,244,148.3,11234,148.322293
2023-02-02 14:24:00+00:00,148.36,148.4,148.34,213,148.4,10745,148.369782
2023-02-02 14:25:00+00:00,148.31,148.41,148.31,236,148.36,9737,148.361576
2023-02-02 14:26:00+00:00,148.42,148.42,148.31,168,148.32,11213,148.348611
2023-02-02 14:27:00+00:00,148.28,148.51,148.1,579,148.42,31582,148.344775
2023-02-02 14:28:00+00:00,148.61,148.71,148.31,791,148.5,41189,148.593917
2023-02-02 14:29:00+00:00,148.8,149.0,148.61,732,148.61,54587,148.809217
2023-02-02 14:30:00+00:00,149.32,149.44,148.72,16668,148.82,3186544,149.044685
2023-02-02 14:31:00+00:00,148.83,149.44,148.82,11283,149.3103,583750,149.152615
2023-02-02 14:32:00+00:00,149.28,149.458,148.76,10447,148.84,423367,149.134368
2023-02-02 14:33:00+00:00,149.46,149.46,149.05,10952,149.26,472030,149.248802
2023-02-02 14:34:00+00:00,149.138,149.47,148.95,11032,149.46,578978,149.103263
2023-02-02 14:35:00+00:00,148.9915,149.36,148.93,4968,149.14,451384,149.101682
2023-02-02 14:36:00+00:00,149.11,149.23,148.94,5683,148.995,530277,149.06804
2023-02-02 14:37:00+00:00,149.1299,149.18,149.02,4323,149.1,370642,149.102341
2023-02-02 14:38:00+00:00,149.0599,149.16,148.96,4152,149.13,372586,149.051243
2023-02-02 14:39:00+00:00,149.125,149.17,148.975,3544,149.06,287109,149.095315
2023-02-02 14:40:00+00:00,149.125,149.1773,149.08,3625,149.12,288419,149.130347
2023-02-02 14:41:00+00:00,149.1801,149.38,149.1,4051,149.13,381633,149.212763
2023-02-02 14:42:00+00:00,149.425,149.5,149.165,5489,149.19,576249,149.401948
2023-02-02 14:43:00+00:00,149.24,149.45,149.14,3554,149.43,322306,149.297667
2023-02-02 14:44:00+00:00,149.07,149.3712,149.05,3117,149.22,271635,149.221301
2023-02-02 14:45:00+00:00,148.97,149.1099,148.87,3625,149.07,332291,148.961758
2023-02-02 14:46:00+00:00,149.045,149.09,148.81,3582,148.98,305597,148.933008
2023-02-02 14:47:00+00:00,149.34,149.38,148.96,3462,149.0489,319039,149.191594
2023-02-02 14:48:00+00:00,149.33,149.51,149.185,4133,149.33,430117,149.363609
2023-02-02 14:49:00+00:00,149.28,149.395,149.245,2516,149.31,207369,149.325482
2023-02-02 14:50:00+00:00,149.24,149.4,149.04,2861,149.27,248685,149.21713
2023-02-02 14:51:00+00:00,148.98,149.25,148.88,3171,149.23,274088,149.014427
2023-02-02 14:52:00+00:00,149.0632,149.1693,148.81,2728,148.97,248155,148.969577
2023-02-02 14:53:00+00:00,148.895,149.0658,148.86,2396,149.0658,218855,148.96609
2023-02-02 14:54:00+00:00,148.8799,149.0,148.81,2851,148.89,241100,148.92548
2023-02-02 14:55:00+00:00,148.6535,148.88,148.56,3178,148.865,285791,148.71671
2023-02-02 14:56:00+00:00,148.64,148.79,148.52,2620,148.65,246671,148.666331
2023-02-02 14:57:00+00:00,148.565,148.616,148.47,2839,148.615,263779,148.546911
2023-02-02 14:58:00+00:00,148.5399,148.66,148.395,2598,148.58,253067,148.526838
2023-02-02 14:59:00+00:00,148.59,148.6199,148.35,2412,148.5368,204582,148.472193
2023-02-02 15:00:00+00:00,148.76,148.81,148.44,3758,148.5888,322306,148.582891
2023-02-02 15:01:00+00:00,148.99,149.04,148.7023,3762,148.775,369235,148.880886
2023-02-02 15:02:00+00:00,148.79,148.97,148.79,2562,148.97,222029,148.90307
2023-02-02 15:03:00+00:00,148.8,148.97,148.7601,2352,148.788,211362,148.875847
2023-02-02 15:04:00+00:00,148.81,148.99,148.7994,2013,148.82,171924,148.891128
2023-02-02 15:05:00+00:00,148.7191,148.8,148.57,2211,148.8,242664,148.663583
2023-02-02 15:06:00+00:00,148.72,148.97,148.67,2272,148.72,210046,148.852601
2023-02-02 15:07:00+00:00,148.707,148.75,148.53,2400,148.71,217105,148.666886
2023-02-02 15:08:00+00:00,148.575,148.7,148.5,2310,148.7,216140,148.577711
2023-02-02 15:09:00+00:00,148.37,148.575,148.27,2464,148.575,232077,148.37964
2023-02-02 15:10:00+00:00,148.4399,148.49,148.17,2821,148.36,229677,148.29667
2023-02-02 15:11:00+00:00,148.33,148.58,148.29,2288,148.41,197590,148.418126
2023-02-02 15:12:00+00:00,148.53,148.64,148.3214,1896,148.33,215792,148.507748
2023-02-02 15:13:00+00:00,148.47,148.675,148.39,1823,148.53,161972,148.531834
2023-02-02 15:14:00+00:00,148.62,148.7,148.4,1732,148.47,158653,148.592673
2023-02-02 15:15:00+00:00,148.41,148.7,148.4,1918,148.64,192192,148.55455
2023-02-02 15:16:00+00:00,148.4301,148.6324,148.3403,2008,148.4199,250943,148.475306
2023-02-02 15:17:00+00:00,148.67,148.72,148.425,2093,148.435,184000,148.608028
2023-02-02 15:18:00+00:00,148.75,148.8,148.61,1871,148.6699,182752,148.706419
2023-02-02 15:19:00+00:00,148.805,148.84,148.63,2124,148.75,196800,148.761048
2023-02-02 15:20:00+00:00,148.59,148.825,148.47,2230,148.79,233331,148.660113
2023-02-02 15:21:00+00:00,148.865,148.96,148.59,2085,148.5999,241165,148.82957
2023-02-02 15:22:00+00:00,148.87,148.8853,148.74,1472,148.8685,144338,148.818795
2023-02-02 15:23:00+00:00,148.88,148.97,148.81,1549,148.8706,155354,148.891321
2023-02-02 15:24:00+00:00,148.73,148.9,148.73,1407,148.88,141507,148.838497
2023-02-02 15:25:00+00:00,148.86,148.8861,148.68,1505,148.735,127265,148.782108
2023-02-02 15:26:00+00:00,148.92,149.0,148.77,1995,148.87,190320,148.934531
2023-02-02 15:27:00+00:00,148.89,148.9694,148.81,1333,148.9201,123893,148.894065
2023-02-02 15:28:00+00:00,148.954,148.97,148.815,1390,148.88,97025,148.901417
2023-02-02 15:29:00+00:00,148.97,149.06,148.9,2362,148.95,232172,148.982856
2023-02-02 15:30:00+00:00,149.27,149.28,148.94,2687,148.98,287448,149.091898
2023-02-02 15:31:00+00:00,149.41,149.41,149.1501,2579,149.26,329440,149.26868
2023-02-02 15:32:00+00:00,149.49,149.5,149.36,3246,149.39,298673,149.446871
2023-02-02 15:33:00+00:00,149.494,149.505,149.415,2151,149.48,222890,149.475369
2023-02-02 15:34:00+00:00,149.5701,149.6,149.41,2596,149.495,241411,149.486142
2023-02-02 15:35:00+00:00,149.5014,149.57,149.42,2192,149.57,232906,149.48725
2023-02-02 15:36:00+00:00,149.47,149.6211,149.425,2131,149.5,183285,149.517611
2023-02-02 15:37:00+00:00,149.419,149.48,149.36,1970,149.4763,214767,149.400565
2023-02-02 15:38:00+00:00,149.45,149.52,149.38,1838,149.42,218045,149.460851
2023-02-02 15:39:00+00:00,149.51,149.54,149.3812,1808,149.47,177160,149.455473
2023-02-02 15:40:00+00:00,149.68,149.7308,149.48,2546,149.515,280071,149.611227
2023-02-02 15:41:00+00:00,149.72,149.78,149.59,2257,149.66,202736,149.706061
2023-02-02 15:42:00+00:00,149.82,149.87,149.69,2650,149.73,258863,149.780277
2023-02-02 15:43:00+00:00,149.96,149.97,149.8,3231,149.82,275231,149.893592
2023-02-02 15:44:00+00:00,149.99,150.0,149.935,3312,149.95,275320,149.967722
2023-02-02 15:45:00+00:00,150.0,150.0,149.96,4405,150.0,308272,149.985722
2023-02-02 15:46:00+00:00,150.2203,150.23,149.93,13423,149.995,1246956,150.016994
2023-02-02 15:47:00+00:00,150.1501,150.24,150.02,3830,150.23,391529,150.176718
2023-02-02 15:48:00+00:00,150.165,150.31,150.04,3070,150.154,350266,150.1948
2023-02-02 15:49:00+00:00,150.16,150.28,150.06,3245,150.155,339742,150.153934
2023-02-02 15:50:00+00:00,150.15,150.275,150.13,1885,150.17,208300,150.190156
2023-02-02 15:51:00+00:00,150.195,150.26,150.125,2054,150.145,212813,150.19259
2023-02-02 15:52:00+00:00,150.4,150.4,150.07,3007,150.195,266855,150.233261
2023-02-02 15:53:00+00:00,150.355,150.5,150.32,3345,150.39,278436,150.425339
2023-02-02 15:54:00+00:00,150.27,150.39,150.265,1774,150.355,164126,150.340273
2023-02-02 15:55:00+00:00,150.22,150.33,150.14,2013,150.27,196273,150.221921
2023-02-02 15:56:00+00:00,150.31,150.33,150.15,1630,150.23,144555,150.241996
2023-02-02 15:57:00+00:00,150.13,150.35,150.1,2157,150.31,213505,150.216127
2023-02-02 15:58:00+00:00,150.0352,150.17,150.01,2058,150.14,220020,150.088992
2023-02-02 15:59:00+00:00,150.1508,150.1999,150.0247,1708,150.04,180150,150.110067
2023-02-02 16:00:00+00:00,150.025,150.2,150.0,2916,150.16,307311,150.079153
2023-02-02 16:01:00+00:00,149.97,150.1,149.945,2087,150.03,193553,150.021478
2023-02-02 16:02:00+00:00,149.93,150.0885,149.91,2478,149.9759,263732,149.995108
2023-02-02 16:03:00+00:00,149.92,149.93,149.8,1953,149.92,194985,149.871091
2023-02-02 16:04:00+00:00,149.97,149.99,149.8023,1730,149.91,175995,149.912192
2023-02-02 16:05:00+00:00,149.9431,149.98,149.86,1615,149.965,139535,149.92212
2023-02-02 16:06:00+00:00,150.0,150.02,149.87,1932,149.95,201255,149.955704
2023-02-02 16:07:00+00:00,149.9301,150.055,149.845,1916,150.005,202107,149.972884
2023-02-02 16:08:00+00:00,149.92,149.93,149.845,1667,149.93,163013,149.889582
2023-02-02 16:09:00+00:00,149.81,149.94,149.695,2049,149.9288,193689,149.794536
2023-02-02 16:10:00+00:00,149.94,149.95,149.73,1476,149.81,130991,149.824105
2023-02-02 16:11:00+00:00,149.915,149.96,149.805,1548,149.94,170192,149.887813
2023-02-02 16:12:00+00:00,149.81,149.94,149.79,1429,149.915,150894,149.883085
2023-02-02 16:13:00+00:00,149.71,149.8799,149.67,1362,149.81,103688,149.777959
2023-02-02 16:14:00+00:00,149.855,149.895,149.71,1384,149.71,111834,149.842018
2023-02-02 16:15:00+00:00,149.7812,149.9,149.71,1685,149.85,167123,149.807578
2023-02-02 16:16:00+00:00,149.7,149.8284,149.66,1726,149.7811,5518392,149.021983
2023-02-02 16:17:00+00:00,149.61,149.72,149.57,1943,149.695,185663,149.627878
2023-02-02 16:18:00+00:00,149.79,149.84,149.61,1683,149.6111,154392,149.72658
2023-02-02 16:19:00+00:00,149.661,149.78,149.62,1425,149.78,131335,149.679491
2023-02-02 16:20:00+00:00,149.79,149.79,149.6,1713,149.6681,160279,149.660346
2023-02-02 16:21:00+00:00,149.705,149.8,149.66,1306,149.785,127640,149.720064
2023-02-02 16:22:00+00:00,149.87,149.8994,149.71,1542,149.71,145043,149.829569
2023-02-02 16:23:00+00:00,149.9614,150.0,149.8547,1606,149.87,152787,149.934708
2023-02-02 16:24:00+00:00,149.96,150.09,149.905,2771,149.96,275888,149.999782
2023-02-02 16:25:00+00:00,149.96,150.08,149.9,1855,149.945,191223,149.978076
2023-02-02 16:26:00+00:00,150.07,150.08,149.8901,1477,149.95,140951,149.991516
2023-02-02 16:27:00+00:00,149.9357,150.07,149.86,1591,150.0672,132916,149.963636
2023-02-02 16:28:00+00:00,150.0,150.035,149.9101,1360,149.925,121285,149.98372
2023-02-02 16:29:00+00:00,150.034,150.07,149.96,1190,149.99,108936,150.014011
2023-02-02 16:30:00+00:00,150.21,150.22,150.0217,1718,150.04,175751,150.102004
2023-02-02 16:31:00+00:00,150.2301,150.275,150.16,2123,150.21,250970,150.221638
2023-02-02 16:32:00+00:00,150.15,150.33,150.12,2102,150.239,245223,150.234777
2023-02-02 16:33:00+00:00,150.31,150.31,150.13,1556,150.1599,136407,150.23107
2023-02-02 16:34:00+00:00,150.405,150.44,150.3,2131,150.305,194502,150.387372
2023-02-02 16:35:00+00:00,150.25,150.4399,150.25,1645,150.4,136819,150.337615
2023-02-02 16:36:00+00:00,150.215,150.3372,150.185,1464,150.23,134440,150.251812
2023-02-02 16:37:00+00:00,150.305,150.3544,150.21,1732,150.2101,183653,150.25195
2023-02-02 16:38:00+00:00,150.295,150.345,150.23,1457,150.34,137801,150.28786
2023-02-02 16:39:00+00:00,150.33,150.33,150.2286,1774,150.3,180171,150.277082
2023-02-02 16:40:00+00:00,150.15,150.37,150.12,2007,150.3333,220275,150.219343
2023-02-02 16:41:00+00:00,150.1,150.166,150.02,1868,150.15,170601,150.089754
2023-02-02 16:42:00+00:00,150.08,150.15,150.05,1335,150.1,126773,150.093764
2023-02-02 16:43:00+00:00,150.1072,150.195,150.0544,1554,150.08,136583,150.114945
2023-02-02 16:44:00+00:00,150.09,150.17,150.08,1139,150.11,92304,150.12413
2023-02-02 16:45:00+00:00,150.03,150.1308,150.02,1241,150.095,103287,150.089498
2023-02-02 16:46:00+00:00,150.025,150.07,149.95,2181,150.035,211626,150.011696
2023-02-02 16:47:00+00:00,150.0289,150.04,149.92,1448,150.03,148487,149.975504
2023-02-02 16:48:00+00:00,150.02,150.04,149.89,1504,150.0201,130536,149.966203
2023-02-02 16:49:00+00:00,150.0201,150.07,149.9833,1401,150.03,121629,150.030664
2023-02-02 16:50:00+00:00,149.94,150.0605,149.92,1198,150.03,133593,150.006934
2023-02-02 16:51:00+00:00,150.0,150.015,149.91,1123,149.9301,100613,149.961369
2023-02-02 16:52:00+00:00,149.9625,150.005,149.91,1231,149.995,98871,149.947486
2023-02-02 16:53:00+00:00,149.86,149.99,149.85,1476,149.97,156080,149.94136
2023-02-02 16:54:00+00:00,149.94,149.95,149.825,1562,149.865,143040,149.878203
2023-02-02 16:55:00+00:00,149.84,149.98,149.79,1584,149.935,141338,149.887507
2023-02-02 16:56:00+00:00,149.955,149.98,149.8001,1387,149.8499,116432,149.87975
2023-02-02 16:57:00+00:00,149.895,149.955,149.85,1082,149.95,96489,149.884434
2023-02-02 16:58:00+00:00,149.835,149.93,149.8,1458,149.89,176300,149.864737
2023-02-02 16:59:00+00:00,149.76,149.86,149.72,1459,149.835,149126,149.79259
2023-02-02 17:00:00+00:00,149.7819,149.8799,149.75,1570,149.77,203100,149.787044
2023-02-02 17:01:00+00:00,149.895,150.005,149.76,2169,149.78,248148,149.902478
2023-02-02 17:02:00+00:00,149.75,149.915,149.69,1588,149.9,158333,149.767291
2023-02-02 17:03:00+00:00,149.715,149.83,149.7,1281,149.75,119116,149.756419
2023-02-02 17:04:00+00:00,149.725,149.75,149.66,1187,149.72,109569,149.702041
2023-02-02 17:05:00+00:00,149.595,149.75,149.553,1793,149.72,226211,149.667218
2023-02-02 17:06:00+00:00,149.765,149.775,149.585,1340,149.59,148810,149.671504
2023-02-02 17:07:00+00:00,149.6575,149.79,149.63,1421,149.76,137306,149.718621
2023-02-02 17:08:00+00:00,149.64,149.6875,149.57,1237,149.65,125242,149.634901
2023-02-02 17:09:00+00:00,149.51,149.65,149.49,1973,149.65,223460,149.547673
2023-02-02 17:10:00+00:00,149.565,149.58,149.43,1641,149.5101,199935,149.518265
2023-02-02 17:11:00+00:00,149.68,149.68,149.54,1580,149.57,190127,149.611961
2023-02-02 17:12:00+00:00,149.73,149.75,149.655,1521,149.655,122481,149.710736
2023-02-02 17:13:00+00:00,149.79,149.8,149.71,1581,149.73,158006,149.747198
2023-02-02 17:14:00+00:00,149.935,149.96,149.78,1642,149.7942,167444,149.863315
2023-02-02 17:15:00+00:00,150.04,150.069,149.8922,2538,149.94,239768,149.983813
2023-02-02 17:16:00+00:00,149.9599,150.05,149.94,1319,150.03,135191,149.98703
2023-02-02 17:17:00+00:00,149.9188,149.955,149.805,1587,149.955,155709,149.879754
2023-02-02 17:18:00+00:00,149.89,149.9399,149.84,858,149.91,71749,149.895872
2023-02-02 17:19:00+00:00,149.9078,149.92,149.8,1034,149.89,77693,149.866867
2023-02-02 17:20:00+00:00,149.9301,149.95,149.8101,1021,149.92,97151,149.885496
2023-02-02 17:21:00+00:00,150.03,150.05,149.915,1319,149.93,119808,149.973267
2023-02-02 17:22:00+00:00,150.005,150.021,149.94,1112,150.02,104246,149.982517
2023-02-02 17:23:00+00:00,149.965,150.01,149.93,833,150.01,62041,149.972156
2023-02-02 17:24:00+00:00,150.05,150.0527,149.9167,1062,149.97,101151,149.983086
2023-02-02 17:25:00+00:00,149.948,150.09,149.94,1224,150.05,126340,150.010446
2023-02-02 17:26:00+00:00,150.0007,150.066,149.94,1144,149.945,100340,150.004624
2023-02-02 17:27:00+00:00,149.9401,150.01,149.83,1369,150.0057,126167,149.903242
2023-02-02 17:28:00+00:00,149.95,150.01,149.86,1113,149.94,101278,149.940342
2023-02-02 17:29:00+00:00,149.9156,149.97,149.88,926,149.9501,77915,149.922085
2023-02-02 17:30:00+00:00,149.98,149.99,149.845,1229,149.92,103118,149.922115
2023-02-02 17:31:00+00:00,150.17,150.18,149.965,2094,149.99,228045,150.095835
2023-02-02 17:32:00+00:00,150.15,150.19,150.09,1212,150.165,149628,150.138993
2023-02-02 17:33:00+00:00,150.1401,150.16,150.06,980,150.1426,93582,150.110267
2023-02-02 17:34:00+00:00,150.218,150.235,150.114,1390,150.15,140579,150.182604
2023-02-02 17:35:00+00:00,150.225,150.28,150.15,1253,150.2158,112154,150.22343
2023-02-02 17:36:00+00:00,150.1212,150.22,150.1,994,150.22,105688,150.156037
2023-02-02 17:37:00+00:00,150.04,150.13,150.0,1262,150.13,143701,150.043046
2023-02-02 17:38:00+00:00,149.92,150.09,149.92,1279,150.04,130833,150.005774
2023-02-02 17:39:00+00:00,149.9813,149.9813,149.9,952,149.9123,91153,149.943342
2023-02-02 17:40:00+00:00,149.78,149.9999,149.75,1438,149.9801,127497,149.859949
2023-02-02 17:41:00+00:00,149.73,149.805,149.63,1238,149.78,110902,149.714383
2023-02-02 17:42:00+00:00,149.69,149.7699,149.64,1185,149.73,139453,149.714938
2023-02-02 17:43:00+00:00,149.8037,149.81,149.7,905,149.7,92937,149.761802
2023-02-02 17:44:00+00:00,149.85,149.86,149.8,797,149.804,98605,149.828699
2023-02-02 17:45:00+00:00,149.82,149.89,149.8,933,149.86,114493,149.837905
2023-02-02 17:46:00+00:00,149.746,149.86,149.7,1168,149.83,120851,149.774238
2023-02-02 17:47:00+00:00,149.8904,149.92,149.74,995,149.74,117520,149.828076
2023-02-02 17:48:00+00:00,149.815,149.8918,149.78,965,149.89,90303,149.854326
2023-02-02 17:49:00+00:00,149.74,149.86,149.73,915,149.815,93345,149.802527
2023-02-02 17:50:00+00:00,149.7931,149.805,149.685,1179,149.75,126004,149.746945
2023-02-02 17:51:00+00:00,149.7701,149.805,149.7101,854,149.7922,86211,149.757109
2023-02-02 17:52:00+00:00,149.79,149.8399,149.68,1018,149.775,200577,149.705425
2023-02-02 17:53:00+00:00,149.78,149.85,149.745,1054,149.8,106885,149.795766
2023-02-02 17:54:00+00:00,149.795,149.82,149.7,1064,149.76,104743,149.771536
2023-02-02 17:55:00+00:00,149.78,149.81,149.735,1314,149.7801,105903,149.773975
2023-02-02 17:56:00+00:00,149.76,149.85,149.76,1209,149.78,114931,149.811096
2023-02-02 17:57:00+00:00,149.8317,149.84,149.75,959,149.76,113724,149.810229
2023-02-02 17:58:00+00:00,149.91,149.92,149.82,1382,149.83,272367,149.881142
2023-02-02 17:59:00+00:00,149.92,149.96,149.88,1253,149.91,130947,149.916409
2023-02-02 18:00:00+00:00,150.04,150.07,149.92,1995,149.93,226881,150.004064
2023-02-02 18:01:00+00:00,150.02,150.13,149.9927,1604,150.045,177686,150.058421
2023-02-02 18:02:00+00:00,150.195,150.21,150.0128,1447,150.0212,153883,150.088247
2023-02-02 18:03:00+00:00,150.1401,150.2,150.13,1190,150.195,149181,150.168318
2023-02-02 18:04:00+00:00,150.145,150.2,150.11,1181,150.1402,128970,150.106146
2023-02-02 18:05:00+00:00,150.1301,150.2,150.095,1681,150.15,201961,150.151739
2023-02-02 18:06:00+00:00,150.2186,150.22,150.1,1621,150.14,182330,150.159722
2023-02-02 18:07:00+00:00,150.1515,150.23,150.09,1473,150.214,147726,150.163553
2023-02-02 18:08:00+00:00,150.16,150.24,150.15,1305,150.16,163594,150.19026
2023-02-02 18:09:00+00:00,150.14,150.19,150.14,1022,150.165,134359,150.163306
2023-02-02 18:10:00+00:00,150.15,150.17,150.1,938,150.15,88433,150.143161
2023-02-02 18:11:00+00:00,150.1813,150.185,150.1,1051,150.14,108187,150.144284
2023-02-02 18:12:00+00:00,150.21,150.24,150.18,1118,150.1801,127584,150.208157
2023-02-02 18:13:00+00:00,150.27,150.29,150.19,1481,150.2,165024,150.251437
2023-02-02 18:14:00+00:00,150.19,150.305,150.19,1259,150.2701,121855,150.241878
2023-02-02 18:15:00+00:00,150.17,150.2,149.95,2017,150.195,296677,150.044968
2023-02-02 18:16:00+00:00,150.1117,150.175,150.07,1171,150.175,112996,150.131294
2023-02-02 18:17:00+00:00,150.15,150.1799,150.11,906,150.1101,97762,150.146522
2023-02-02 18:18:00+00:00,150.15,150.2007,150.09,1237,150.1401,194148,150.148612
2023-02-02 18:19:00+00:00,150.19,150.225,150.1129,925,150.143,98815,150.16768
2023-02-02 18:20:00+00:00,150.0944,150.245,150.0529,1196,150.19,211205,150.169762
2023-02-02 18:21:00+00:00,150.08,150.115,150.02,1045,150.09,97596,150.064527
2023-02-02 18:22:00+00:00,150.08,150.15,150.0578,1121,150.085,105209,150.103613
2023-02-02 18:23:00+00:00,150.0925,150.15,150.02,956,150.07,93141,150.081193
2023-02-02 18:24:00+00:00,150.0701,150.125,150.05,845,150.1,70796,150.083797
2023-02-02 18:25:00+00:00,150.01,150.1099,149.96,1343,150.075,166962,150.032999
2023-02-02 18:26:00+00:00,149.93,150.04,149.9,1139,150.015,88465,149.974154
2023-02-02 18:27:00+00:00,150.02,150.02,149.92,973,149.94,95556,149.966372
2023-02-02 18:28:00+00:00,149.95,150.03,149.9314,963,150.0,86676,149.977274
2023-02-02 18:29:00+00:00,149.95,149.96,149.9,998,149.95,105137,149.924924
2023-02-02 18:30:00+00:00,149.9733,149.99,149.9127,1000,149.95,79051,149.953549
2023-02-02 18:31:00+00:00,150.0,150.02,149.94,1086,149.9712,92517,149.979651
2023-02-02 18:32:00+00:00,150.0723,150.0723,149.95,962,149.995,89674,150.017738
2023-02-02 18:33:00+00:00,150.0607,150.0899,150.0,966,150.075,102105,150.042355
2023-02-02 18:34:00+00:00,150.1399,150.1799,150.0601,1092,150.0601,157639,150.130075
2023-02-02 18:35:00+00:00,150.12,150.14,150.09,928,150.1301,206012,150.054587
2023-02-02 18:36:00+00:00,150.1769,150.18,150.07,892,150.1224,122052,150.113675
2023-02-02 18:37:00+00:00,150.165,150.175,150.11,950,150.17,119272,150.150916
2023-02-02 18:38:00+00:00,150.2,150.215,150.14,1213,150.18,125903,150.185916
2023-02-02 18:39:00+00:00,150.24,150.24,150.1888,853,150.19,100404,150.216192
2023-02-02 18:40:00+00:00,150.3332,150.4,150.235,2345,150.235,284238,150.316322
2023-02-02 18:41:00+00:00,150.395,150.43,150.33,1382,150.34,183087,150.390422
2023-02-02 18:42:00+00:00,150.4388,150.445,150.345,1252,150.395,149400,150.394366
2023-02-02 18:43:00+00:00,150.4299,150.44,150.37,1034,150.44,154194,150.410687
2023-02-02 18:44:00+00:00,150.445,150.47,150.4,1533,150.4276,176994,150.441308
2023-02-02 18:45:00+00:00,150.405,150.46,150.4,1013,150.44,100910,150.429891
2023-02-02 18:46:00+00:00,150.42,150.4378,150.345,1049,150.4099,119946,150.383385
2023-02-02 18:47:00+00:00,150.47,150.5,150.4199,1388,150.4199,118388,150.469017
2023-02-02 18:48:00+00:00,150.435,150.4784,150.42,914,150.4745,92563,150.437006
2023-02-02 18:49:00+00:00,150.41,150.51,150.36,2546,150.438,254055,150.457269
2023-02-02 18:50:00+00:00,150.44,150.45,150.37,1035,150.425,98152,150.424543
2023-02-02 18:51:00+00:00,150.39,150.5,150.36,1264,150.44,136535,150.431157
2023-02-02 18:52:00+00:00,150.42,150.425,150.365,1111,150.4,108787,150.398917
2023-02-02 18:53:00+00:00,150.415,150.45,150.39,1063,150.42,108097,150.417048
2023-02-02 18:54:00+00:00,150.4506,150.48,150.405,1089,150.42,103566,150.435979
2023-02-02 18:55:00+00:00,150.55,150.6,150.435,2137,150.46,371064,150.505306
2023-02-02 18:56:00+00:00,150.78,150.79,150.5501,3037,150.5501,369241,150.674455
2023-02-02 18:57:00+00:00,150.92,150.94,150.72,2668,150.76,250413,150.822148
2023-02-02 18:58:00+00:00,150.9199,150.99,150.91,1758,150.91,283103,150.966239
2023-02-02 18:59:00+00:00,150.955,150.99,150.91,1168,150.915,117109,150.941077
2023-02-02 19:00:00+00:00,151.0694,151.1,150.87,5459,150.955,449129,150.994425
2023-02-02 19:01:00+00:00,151.05,151.18,151.01,2094,151.0699,228967,151.087387
2023-02-02 19:02:00+00:00,151.09,151.12,151.01,1550,151.0569,140277,151.060124
2023-02-02 19:03:00+00:00,150.945,151.09,150.94,1510,151.08,153205,151.014222
2023-02-02 19:04:00+00:00,150.81,150.97,150.805,1457,150.945,140155,150.895981
2023-02-02 19:05:00+00:00,150.82,150.85,150.76,1310,150.8064,146927,150.79739
2023-02-02 19:06:00+00:00,150.8084,150.84,150.765,1012,150.82,93662,150.804299
2023-02-02 19:07:00+00:00,150.779,150.845,150.6911,1405,150.81,130850,150.76635
2023-02-02 19:08:00+00:00,150.91,150.93,150.775,1342,150.775,125527,150.861349
2023-02-02 19:09:00+00:00,150.85,150.95,150.765,2172,150.905,292151,150.568333
2023-02-02 19:10:00+00:00,150.6999,150.895,150.67,1653,150.87,171308,150.777195
2023-02-02 19:11:00+00:00,150.565,150.77,150.56,1486,150.7,198112,150.60739
2023-02-02 19:12:00+00:00,150.5,150.575,150.42,2093,150.57,237847,150.493055
2023-02-02 19:13:00+00:00,150.31,150.54,150.3,1596,150.49,159102,150.412467
2023-02-02 19:14:00+00:00,150.3685,150.47,150.3,1478,150.3056,162608,150.390538
2023-02-02 19:15:00+00:00,150.335,150.4078,150.19,1680,150.365,187905,150.280036
2023-02-02 19:16:00+00:00,150.31,150.3432,150.22,1821,150.3385,181862,150.277319
2023-02-02 19:17:00+00:00,150.45,150.525,150.31,2152,150.31,221333,150.430608
2023-02-02 19:18:00+00:00,150.34,150.45,150.3,1273,150.4401,103201,150.368109
2023-02-02 19:19:00+00:00,150.3727,150.3799,150.2601,1005,150.3399,96891,150.299872
2023-02-02 19:20:00+00:00,150.326,150.39,150.27,1770,150.38,119319,150.335447
2023-02-02 19:21:00+00:00,150.31,150.4015,150.26,1317,150.325,109736,150.331727
2023-02-02 19:22:00+00:00,150.24,150.3478,150.165,1638,150.3,120797,150.257177
2023-02-02 19:23:00+00:00,150.2875,150.3,150.12,2230,150.25,206768,150.235558
2023-02-02 19:24:00+00:00,150.175,150.29,150.13,1313,150.2849,121174,150.196309
2023-02-02 19:25:00+00:00,150.26,150.35,150.17,1645,150.18,167041,150.258526
2023-02-02 19:26:00+00:00,150.28,150.35,150.2252,1336,150.255,117478,150.291621
2023-02-02 19:27:00+00:00,150.31,150.325,150.2099,1347,150.28,116309,150.278329
2023-02-02 19:28:00+00:00,150.2322,150.33,150.21,1305,150.31,146818,150.283932
2023-02-02 19:29:00+00:00,150.23,150.3099,150.16,1169,150.24,122657,150.207869
2023-02-02 19:30:00+00:00,150.295,150.31,150.15,1364,150.23,142669,150.236775
2023-02-02 19:31:00+00:00,150.05,150.295,150.01,1905,150.2899,184376,150.120625
2023-02-02 19:32:00+00:00,150.05,150.0604,149.93,2768,150.055,314364,149.998575
2023-02-02 19:33:00+00:00,149.915,150.05,149.9096,1558,150.0401,164853,149.974064
2023-02-02 19:34:00+00:00,149.78,149.96,149.7,3120,149.9096,327715,149.932414
2023-02-02 19:35:00+00:00,149.435,149.79,149.43,2946,149.78,321655,149.571377
2023-02-02 19:36:00+00:00,149.405,149.5199,149.38,1954,149.435,204699,149.43952
2023-02-02 19:37:00+00:00,149.62,149.68,149.35,2212,149.41,225983,149.513194
2023-02-02 19:38:00+00:00,149.695,149.73,149.54,1827,149.62,208273,149.606762
2023-02-02 19:39:00+00:00,149.4599,149.705,149.42,1302,149.7,128853,149.580602
2023-02-02 19:40:00+00:00,149.45,149.55,149.4001,1858,149.45,195552,149.456982
2023-02-02 19:41:00+00:00,149.569,149.61,149.4429,1437,149.4429,144734,149.533943
2023-02-02 19:42:00+00:00,149.36,149.59,149.3587,1450,149.5601,156877,149.48645
2023-02-02 19:43:00+00:00,149.355,149.45,149.29,1590,149.3652,180846,149.368073
2023-02-02 19:44:00+00:00,149.47,149.49,149.31,1694,149.3599,173881,149.394401
2023-02-02 19:45:00+00:00,149.29,149.4699,149.2227,1847,149.4699,206642,149.338336
2023-02-02 19:46:00+00:00,149.26,149.34,149.21,1272,149.27,109261,149.269992
2023-02-02 19:47:00+00:00,149.163,149.3,149.05,2054,149.25,182771,149.133751
2023-02-02 19:48:00+00:00,149.385,149.41,149.1501,1885,149.18,245015,149.299166
2023-02-02 19:49:00+00:00,149.47,149.47,149.29,1382,149.4,156890,149.374604
2023-02-02 19:50:00+00:00,149.59,149.64,149.43,1941,149.465,210176,149.530553
2023-02-02 19:51:00+00:00,149.665,149.67,149.52,1705,149.5979,213566,149.593328
2023-02-02 19:52:00+00:00,149.4886,149.69,149.475,1653,149.66,176049,149.606302
2023-02-02 19:53:00+00:00,149.19,149.485,149.185,2142,149.485,232262,149.329198
2023-02-02 19:54:00+00:00,149.43,149.5,149.16,2055,149.195,200777,149.34806
2023-02-02 19:55:00+00:00,149.215,149.45,149.21,1547,149.45,177514,149.323389
2023-02-02 19:56:00+00:00,149.325,149.3784,149.16,1402,149.2164,138159,149.295612
2023-02-02 19:57:00+00:00,149.2,149.335,149.16,1556,149.325,167959,149.232844
2023-02-02 19:58:00+00:00,149.14,149.19,148.95,3434,149.19,327083,149.038396
2023-02-02 19:59:00+00:00,149.045,149.19,148.97,2025,149.15,222474,149.070211
2023-02-02 20:00:00+00:00,149.056,149.0955,148.93,2186,149.05,246943,149.006602
2023-02-02 20:01:00+00:00,148.9701,149.09,148.93,1815,149.05,218098,149.017224
2023-02-02 20:02:00+00:00,149.18,149.34,148.9626,2544,148.975,328516,149.196286
2023-02-02 20:03:00+00:00,149.11,149.1801,148.91,2329,149.18,227254,149.015624
2023-02-02 20:04:00+00:00,149.07,149.1399,148.97,1597,149.11,176122,149.065258
2023-02-02 20:05:00+00:00,149.3558,149.39,149.06,2270,149.09,205309,149.24186
2023-02-02 20:06:00+00:00,149.3,149.37,149.23,2352,149.37,268749,149.266952
2023-02-02 20:07:00+00:00,149.3,149.35,149.16,2076,149.3,285074,149.268174
2023-02-02 20:08:00+00:00,148.76,149.31,148.73,3472,149.3089,385347,148.996243
2023-02-02 20:09:00+00:00,148.87,148.97,148.72,1944,148.74,186485,148.887462
2023-02-02 20:10:00+00:00,148.96,149.02,148.8201,2227,148.87,241730,148.915204
2023-02-02 20:11:00+00:00,149.035,149.04,148.89,1634,148.95,160219,148.961385
2023-02-02 20:12:00+00:00,149.1882,149.1999,148.95,1708,149.03,189283,149.052722
2023-02-02 20:13:00+00:00,149.175,149.26,149.0901,1676,149.195,185090,149.174468
2023-02-02 20:14:00+00:00,149.26,149.31,149.03,1950,149.17,216290,149.1764
2023-02-02 20:15:00+00:00,149.24,149.332,149.18,2125,149.27,223377,149.270388
2023-02-02 20:16:00+00:00,149.41,149.515,149.245,2049,149.245,201185,149.431956
2023-02-02 20:17:00+00:00,149.24,149.435,149.16,1738,149.41,165936,149.2607
2023-02-02 20:18:00+00:00,149.42,149.46,149.23,1646,149.24,168701,149.37487
2023-02-02 20:19:00+00:00,149.5072,149.56,149.4231,1851,149.43,189302,149.483382
2023-02-02 20:20:00+00:00,149.55,149.55,149.435,1726,149.52,187579,149.500804
2023-02-02 20:21:00+00:00,149.4751,149.605,149.475,1807,149.54,191954,149.535707
2023-02-02 20:22:00+00:00,149.5,149.565,149.44,1470,149.47,219048,149.494777
2023-02-02 20:23:00+00:00,149.59,149.647,149.48,2209,149.49,212063,149.5354
2023-02-02 20:24:00+00:00,149.5598,149.5899,149.45,1401,149.5897,150461,149.50023
2023-02-02 20:25:00+00:00,149.58,149.625,149.415,2199,149.55,230990,149.517019
2023-02-02 20:26:00+00:00,149.66,149.732,149.58,2119,149.58,316683,149.653219
2023-02-02 20:27:00+00:00,149.6478,149.76,149.615,1553,149.66,173514,149.684617
2023-02-02 20:28:00+00:00,149.56,149.66,149.41,2285,149.625,252848,149.508114
2023-02-02 20:29:00+00:00,149.595,149.64,149.56,2157,149.56,208893,149.595017
2023-02-02 20:30:00+00:00,149.9036,149.92,149.595,2384,149.595,260751,149.791414
2023-02-02 20:31:00+00:00,149.95,150.0,149.838,1763,149.9,205010,149.931492
2023-02-02 20:32:00+00:00,150.0768,150.11,149.86,2985,149.95,321947,149.995328
2023-02-02 20:33:00+00:00,150.195,150.22,150.05,2688,150.0769,322089,150.14868
2023-02-02 20:34:00+00:00,150.1883,150.2,150.0751,2600,150.195,259719,150.161667
2023-02-02 20:35:00+00:00,150.1101,150.27,150.1001,2250,150.19,252639,150.201742
2023-02-02 20:36:00+00:00,149.9899,150.1299,149.952,1989,150.115,244127,150.043199
2023-02-02 20:37:00+00:00,150.265,150.28,149.95,2711,149.99,282776,150.126048
2023-02-02 20:38:00+00:00,150.07,150.32,149.97,2885,150.265,329280,150.096457
2023-02-02 20:39:00+00:00,150.065,150.08,149.97,2146,150.0784,318876,150.016565
2023-02-02 20:40:00+00:00,150.005,150.13,149.98,2171,150.07,253528,150.057047
2023-02-02 20:41:00+00:00,149.78,150.03,149.695,2439,150.0001,254431,149.864963
2023-02-02 20:42:00+00:00,149.97,150.0,149.79,2420,149.8,246271,149.893956
2023-02-02 20:43:00+00:00,149.87,150.01,149.7831,2289,149.97,243573,149.903825
2023-02-02 20:44:00+00:00,149.66,149.88,149.6547,2233,149.87,225887,149.753284
2023-02-02 20:45:00+00:00,149.6199,149.68,149.46,2944,149.67,317422,149.58072
2023-02-02 20:46:00+00:00,149.86,149.91,149.56,2875,149.615,310942,149.749912
2023-02-02 20:47:00+00:00,149.7286,149.87,149.635,1886,149.865,178188,149.723621
2023-02-02 20:48:00+00:00,149.73,149.83,149.63,2270,149.725,207321,149.719132
2023-02-02 20:49:00+00:00,149.695,149.8,149.66,2053,149.725,229991,149.719622
2023-02-02 20:50:00+00:00,149.98,150.01,149.7,5194,149.7,537666,149.945036
2023-02-02 20:51:00+00:00,149.98,150.03,149.88,3292,149.98,320471,149.959303
2023-02-02 20:52:00+00:00,150.08,150.14,149.9,3852,149.98,421748,150.041456
2023-02-02 20:53:00+00:00,150.02,150.15,149.885,3676,150.07,452130,149.997033
2023-02-02 20:54:00+00:00,150.22,150.23,149.95,4587,150.025,484681,150.087304
2023-02-02 20:55:00+00:00,150.33,150.34,150.11,4351,150.21,495019,150.228212
2023-02-02 20:56:00+00:00,150.39,150.47,150.34,4410,150.34,521080,150.401989
2023-02-02 20:57:00+00:00,150.355,150.425,150.33,4321,150.405,480868,150.364873
2023-02-02 20:58:00+00:00,150.36,150.37,150.2,5070,150.36,570137,150.29522
2023-02-02 20:59:00+00:00,150.92,150.92,150.35,11064,150.37,1454426,150.491483
2023-02-02 21:00:00+00:00,150.72,150.93,150.33,407,150.93,7219677,150.819378
2023-02-02 21:01:00+00:00,150.78,150.82,150.4,322,150.72,57980,150.75899
2023-02-02 21:02:00+00:00,151.29,151.29,150.67,605,150.8,347900,150.8284
2023-02-02 21:03:00+00:00,151.08,152.0795,151.03,1724,151.3,97598,151.691728
2023-02-02 21:04:00+00:00,151.32,151.6477,151.08,367,151.1,27753,151.417557
2023-02-02 21:05:00+00:00,151.07,151.5876,151.06,384,151.31,83808,150.989897
2023-02-02 21:06:00+00:00,150.5,151.21,150.38,539,151.18,50790,150.969831
2023-02-02 21:07:00+00:00,150.09,150.8,150.08,459,150.41,50903,150.43048
2023-02-02 21:08:00+00:00,149.8,150.82,149.05,675,150.1,236578,150.605659
2023-02-02 21:09:00+00:00,149.21,150.82,149.02,660,149.47,54761,149.859159
2023-02-02 21:10:00+00:00,149.45,149.5,149.2,426,149.5,40874,149.440993
2023-02-02 21:11:00+00:00,149.96,149.96,149.3,516,149.45,39732,149.595438
2023-02-02 21:12:00+00:00,150.2,150.82,149.5,564,149.97,3084908,150.806138
2023-02-02 21:13:00+00:00,149.712,150.82,149.46,395,149.9,124503,150.367879
2023-02-02 21:14:00+00:00,149.65,149.8,149.65,298,149.69,24918,149.708175
2023-02-02 21:15:00+00:00,150.2,150.2,149.65,363,149.7,36190,149.853373
2023-02-02 21:16:00+00:00,150.3,150.4,150.0,323,150.0,56676,150.418994
2023-02-02 21:17:00+00:00,150.46,150.5,150.0,412,150.34,44364,150.179173
2023-02-02 21:18:00+00:00,150.3,150.51,150.26,423,150.39,42868,150.469573
2023-02-02 21:19:00+00:00,150.24,150.4,150.22,345,150.4,18934,150.299644
2023-02-02 21:20:00+00:00,150.3,150.4,150.15,388,150.25,30716,150.293889
2023-02-02 21:21:00+00:00,150.05,150.25,149.61,515,150.25,46035,150.041541
2023-02-02 21:22:00+00:00,150.82,150.82,150.0,882,150.05,128077,150.469411
2023-02-02 21:23:00+00:00,150.56,151.37,150.52,920,150.91,173647,151.002963
2023-02-02 21:24:00+00:00,151.4,151.43,150.5,780,150.73,83109,151.07292
2023-02-02 21:25:00+00:00,150.95,151.44,150.63,524,151.36,108440,151.068487
2023-02-02 21:26:00+00:00,150.94,151.0,150.82,413,151.0,31762,150.951688
2023-02-02 21:27:00+00:00,150.88,151.19,150.84,397,150.93,26208,150.941189
2023-02-02 21:28:00+00:00,150.85,150.9864,150.55,420,150.87,34070,150.809646
2023-02-02 21:29:00+00:00,151.4,151.4,150.6,621,150.75,128079,151.13454
2023-02-02 21:30:00+00:00,143.92,151.4,143.81,8000,151.18,678019,146.236788
2023-02-02 21:31:00+00:00,144.94,145.0,142.3,7515,143.93,780911,143.484695
2023-02-02 21:32:00+00:00,146.0,146.99,144.55,5091,144.71,560428,145.573306
2023-02-02 21:33:00+00:00,144.0,146.0,144.0,4943,146.0,523079,144.895241
2023-02-02 21:34:00+00:00,144.18,144.54,143.52,3666,144.13,401492,144.221442
2023-02-02 21:35:00+00:00,144.56,144.63,144.05,2986,144.15,314224,144.391015
2023-02-02 21:36:00+00:00,146.0,146.18,144.61,4137,144.61,452474,145.434696
2023-02-02 21:37:00+00:00,145.98,150.82,145.48,3120,146.0,386668,146.543154
2023-02-02 21:38:00+00:00,145.68,146.0,145.6,1614,146.0,172846,145.834424
2023-02-02 21:39:00+00:00,144.98,145.7,144.81,2089,145.65,206587,145.141672
2023-02-02 21:40:00+00:00,144.81,145.0,144.26,1444,144.88,111347,144.868059
2023-02-02 21:41:00+00:00,144.88,145.7,144.79,1744,144.86,2173744,150.371925
2023-02-02 21:42:00+00:00,144.7,145.07,144.5,1355,144.86,128680,144.779995
2023-02-02 21:43:00+00:00,144.4,144.92,144.25,1306,144.75,132687,144.551932
2023-02-02 21:44:00+00:00,144.64,144.67,144.3,933,144.4,74882,144.474399
2023-02-02 21:45:00+00:00,144.28,145.0,144.27,1266,144.6,125430,144.480647
2023-02-02 21:46:00+00:00,144.9,145.0,144.27,1492,144.3,162279,144.642786
2023-02-02 21:47:00+00:00,145.48,145.56,144.85,1715,144.94,166732,145.196249
2023-02-02 21:48:00+00:00,145.9,146.0,145.23,1613,145.36,143271,145.797015
2023-02-02 21:49:00+00:00,145.76,146.0,145.67,1506,145.87,193445,145.914194
2023-02-02 21:50:00+00:00,146.21,146.4,145.62,1256,145.69,153727,145.98343
2023-02-02 21:51:00+00:00,145.89,146.29,145.75,676,146.29,60118,145.905975
2023-02-02 21:52:00+00:00,145.88,145.99,145.88,543,145.97,42779,145.930107
2023-02-02 21:53:00+00:00,145.54,146.0,145.54,1178,145.89,140917,145.861629
2023-02-02 21:54:00+00:00,144.87,145.88,144.8,1061,145.68,105775,145.171727
2023-02-02 21:55:00+00:00,144.87,144.97,144.68,843,144.83,84495,144.838875
2023-02-02 21:56:00+00:00,144.88,145.0,144.8,758,144.9999,87681,144.919838
2023-02-02 21:57:00+00:00,144.7899,144.84,144.72,563,144.81,47605,144.793583
2023-02-02 21:58:00+00:00,144.77,144.79,144.6,706,144.79,50443,144.709129
2023-02-02 21:59:00+00:00,145.0,145.0,144.26,836,144.74,81192,144.596504
2023-02-02 22:00:00+00:00,145.1,145.48,144.9,661,144.9,51370,145.199079
2023-02-02 22:01:00+00:00,144.9,145.16,144.8,532,145.01,73398,144.988155
2023-02-02 22:02:00+00:00,145.0,145.0,144.6,498,144.9,42159,144.803055
2023-02-02 22:03:00+00:00,145.07,145.1,144.91,589,145.0,66557,145.020547
2023-02-02 22:04:00+00:00,144.94,145.07,144.85,553,145.06,67068,144.951968
2023-02-02 22:05:00+00:00,144.77,145.0,144.75,385,144.98,25919,144.899289
2023-02-02 22:06:00+00:00,144.75,144.88,144.6,523,144.83,52510,144.718434
2023-02-02 22:07:00+00:00,144.7299,144.79,144.52,372,144.75,40590,144.645775
2023-02-02 22:08:00+00:00,144.98,145.0,144.69,443,144.72,40172,144.904876
2023-02-02 22:09:00+00:00,144.69,144.96,144.69,309,144.96,19420,144.829758
2023-02-02 22:10:00+00:00,144.81,144.95,144.68,358,144.69,37934,144.817798
2023-02-02 22:11:00+00:00,144.84,144.93,144.72,439,144.77,28960,144.81333
2023-02-02 22:12:00+00:00,144.9,144.91,144.75,294,144.8,25073,144.841217
2023-02-02 22:13:00+00:00,145.02,145.21,144.8,842,144.9,127574,145.018786
2023-02-02 22:14:00+00:00,144.95,145.21,144.85,379,145.06,39419,145.060302
2023-02-02 22:15:00+00:00,144.88,145.1,144.85,311,144.95,31099,144.992076
2023-02-02 22:16:00+00:00,144.9,144.96,144.86,180,144.93,10076,144.9008
2023-02-02 22:17:00+00:00,144.85,144.98,144.85,174,144.96,10183,144.909224
2023-02-02 22:18:00+00:00,144.6,144.9,144.5,726,144.9,92008,144.708471
2023-02-02 22:19:00+00:00,144.83,145.08,144.55,484,144.6,47341,144.840089
2023-02-02 22:20:00+00:00,144.88,145.0,144.78,313,144.83,33058,144.928067
2023-02-02 22:21:00+00:00,144.8,150.82,144.8,212,144.88,228249,150.367909
2023-02-02 22:22:00+00:00,144.67,144.78,144.6,286,144.78,25964,144.71927
2023-02-02 22:23:00+00:00,144.55,144.75,144.52,389,144.73,63861,144.594354
2023-02-02 22:24:00+00:00,144.56,144.6,144.5,331,144.55,35682,144.529626
2023-02-02 22:25:00+00:00,144.48,144.6,144.1,1081,144.56,114101,144.416009
2023-02-02 22:26:00+00:00,145.76,147.29,143.95,3702,144.35,450648,145.404236
2023-02-02 22:27:00+00:00,144.86,146.24,144.05,1011,145.43,116111,144.966412
2023-02-02 22:28:00+00:00,145.0,145.2,144.25,674,145.0,135250,144.757853
2023-02-02 22:29:00+00:00,145.4,145.48,144.92,556,145.0,111989,145.210737
2023-02-02 22:30:00+00:00,145.3,145.42,145.05,362,145.4,46333,145.300989
2023-02-02 22:31:00+00:00,146.46,146.48,145.25,934,145.38,128534,145.689206
2023-02-02 22:32:00+00:00,146.5,146.5,145.9,893,146.28,110763,146.323933
2023-02-02 22:33:00+00:00,147.38,147.38,146.34,936,146.47,97469,146.971921
2023-02-02 22:34:00+00:00,148.5,148.64,147.3,1492,147.31,167388,148.067514
2023-02-02 22:35:00+00:00,148.47,148.99,148.0,1296,148.64,180867,148.510769
2023-02-02 22:36:00+00:00,148.8899,149.05,148.38,975,148.41,133297,148.891014
2023-02-02 22:37:00+00:00,149.2495,149.28,148.45,903,148.57,123350,148.801369
2023-02-02 22:38:00+00:00,150.11,151.0,149.01,1468,149.16,199356,149.782202
2023-02-02 22:39:00+00:00,150.92,150.92,150.05,1276,150.09,189238,150.485529
2023-02-02 22:40:00+00:00,150.82,151.19,150.55,1215,150.94,161424,150.829704
2023-02-02 22:41:00+00:00,150.02,150.9,150.0,1280,150.82,193598,150.460806
2023-02-02 22:42:00+00:00,149.56,150.15,149.5,1060,150.03,133048,149.7616
2023-02-02 22:43:00+00:00,149.92,149.92,149.05,988,149.56,109080,149.433082
2023-02-02 22:44:00+00:00,150.15,150.19,149.69,675,149.83,72951,149.972786
2023-02-02 22:45:00+00:00,149.85,150.2,149.85,597,150.12,84039,150.012094
2023-02-02 22:46:00+00:00,150.0,150.27,149.85,439,149.9999,52354,150.057833
2023-02-02 22:47:00+00:00,150.09,150.13,149.97,304,149.99,24243,150.027318
2023-02-02 22:48:00+00:00,150.7,150.75,150.08,961,150.1,108877,150.437515
2023-02-02 22:49:00+00:00,151.29,151.51,150.51,1029,150.63,159179,150.917358
2023-02-02 22:50:00+00:00,151.0,151.39,151.0,604,151.33,76064,151.166684
2023-02-02 22:51:00+00:00,150.09,151.08,150.01,597,151.0,74688,150.565406
2023-02-02 22:52:00+00:00,149.76,150.15,149.26,568,150.01,64951,149.841796
2023-02-02 22:53:00+00:00,150.0,150.25,149.76,406,149.76,44572,149.97495
2023-02-02 22:54:00+00:00,149.8,150.1,149.54,390,150.0,38578,149.836095
2023-02-02 22:55:00+00:00,149.82,149.98,149.75,190,149.77,16282,149.861817
2023-02-02 22:56:00+00:00,149.98,150.25,149.7,459,149.83,50458,149.963596
2023-02-02 22:57:00+00:00,149.9799,150.1,149.8,263,149.98,32143,150.005043
2023-02-02 22:58:00+00:00,149.61,149.95,149.53,271,149.91,28903,149.699447
2023-02-02 22:59:00+00:00,149.8799,150.0,149.63,144,149.63,13100,149.897908
2023-02-02 23:00:00+00:00,149.31,149.89,149.21,392,149.77,41526,149.528287
2023-02-02 23:01:00+00:00,149.21,149.35,149.12,396,149.28,49445,149.223387
2023-02-02 23:02:00+00:00,149.3,149.5,149.06,277,149.15,36967,149.213171
2023-02-02 23:03:00+00:00,149.32,149.48,149.2,230,149.36,25938,149.409205
2023-02-02 23:04:00+00:00,149.18,149.35,149.1,243,149.31,18780,149.228917
2023-02-02 23:05:00+00:00,149.22,149.35,149.18,215,149.2,36302,149.304239
2023-02-02 23:06:00+00:00,148.66,149.24,148.65,592,149.2399,102490,148.986598
2023-02-02 23:07:00+00:00,148.6,148.83,148.6,375,148.69,55002,148.694944
2023-02-02 23:08:00+00:00,147.95,148.69,147.95,626,148.63,91278,148.411955
2023-02-02 23:09:00+00:00,148.36,148.55,147.8,401,148.0,55521,148.057428
2023-02-02 23:10:00+00:00,148.15,148.36,148.05,237,148.24,17420,148.170395
2023-02-02 23:11:00+00:00,147.96,148.2,147.76,257,148.2,23437,148.016446
2023-02-02 23:12:00+00:00,147.81,148.0,147.52,220,147.97,27202,147.896788
2023-02-02 23:13:00+00:00,147.85,147.95,147.7,343,147.76,29713,147.834814
2023-02-02 23:14:00+00:00,147.85,147.95,147.85,150,147.87,7366,147.898678
2023-02-02 23:15:00+00:00,147.96,147.96,147.86,174,147.88,13758,147.926939
2023-02-02 23:16:00+00:00,148.03,148.2,147.92,207,147.96,22766,148.031644
2023-02-02 23:17:00+00:00,148.12,148.16,148.0,134,148.1,9574,148.121997
2023-02-02 23:18:00+00:00,148.02,148.1201,148.0,184,148.12,16800,148.040551
2023-02-02 23:19:00+00:00,147.8,148.07,147.8,186,148.02,22817,147.975304
2023-02-02 23:20:00+00:00,147.55,147.9,147.55,205,147.83,13409,147.731028
2023-02-02 23:21:00+00:00,147.41,147.55,146.82,493,147.55,59576,147.127248
2023-02-02 23:22:00+00:00,147.19,147.37,147.0,199,147.3,20059,147.158134
2023-02-02 23:23:00+00:00,146.98,147.3,146.8,221,147.23,20352,147.093009
2023-02-02 23:24:00+00:00,147.15,147.15,146.75,253,146.95,28898,146.924609
2023-02-02 23:25:00+00:00,147.1,147.2,147.01,156,147.1,12762,147.10313
2023-02-02 23:26:00+00:00,147.09,147.11,147.02,122,147.1,12515,147.087362
2023-02-02 23:27:00+00:00,147.1,147.11,147.0,233,147.09,27923,147.097791
2023-02-02 23:28:00+00:00,147.1,147.11,147.1,136,147.11,12685,147.105326
2023-02-02 23:29:00+00:00,147.65,147.65,147.0,329,147.1,43061,147.226937
2023-02-02 23:30:00+00:00,147.48,147.77,147.4,140,147.65,12962,147.647104
2023-02-02 23:31:00+00:00,147.8,147.8,147.42,124,147.51,9122,147.605769
2023-02-02 23:32:00+00:00,147.98,147.98,147.65,155,147.78,19155,147.827091
2023-02-02 23:33:00+00:00,148.3,148.45,147.93,283,147.96,29356,148.20581
2023-02-02 23:34:00+00:00,148.25,148.3,148.12,163,148.29,20991,148.196143
2023-02-02 23:35:00+00:00,148.12,148.22,148.1,98,148.22,8662,148.157036
2023-02-02 23:36:00+00:00,148.26,148.26,148.04,104,148.12,11675,148.161701
2023-02-02 23:37:00+00:00,148.04,148.26,148.04,95,148.26,7471,148.18254
2023-02-02 23:38:00+00:00,147.61,148.1,147.29,198,148.08,22206,147.700775
2023-02-02 23:39:00+00:00,147.6,147.85,147.55,111,147.77,8377,147.676881
2023-02-02 23:40:00+00:00,147.21,147.7,146.95,296,147.68,41171,147.181313
2023-02-02 23:41:00+00:00,147.21,147.33,147.03,119,147.06,12257,147.188412
2023-02-02 23:42:00+00:00,147.2,147.26,147.15,94,147.24,7056,147.220554
2023-02-02 23:43:00+00:00,147.39,147.42,147.19,55,147.19,5939,147.293959
2023-02-02 23:44:00+00:00,147.2,147.3,147.01,132,147.3,11576,147.168297
2023-02-02 23:45:00+00:00,146.48,147.25,145.9,566,147.15,72944,146.320711
2023-02-02 23:46:00+00:00,146.35,146.52,146.22,166,146.44,13396,146.322946
2023-02-02 23:47:00+00:00,145.89,146.35,145.8,270,146.24,32944,146.060421
2023-02-02 23:48:00+00:00,145.88,146.0,145.75,276,145.87,24713,145.925187
2023-02-02 23:49:00+00:00,145.9,145.98,145.75,173,145.81,17089,145.807258
2023-02-02 23:50:00+00:00,145.97,146.0,145.83,149,145.85,24254,145.973386
2023-02-02 23:51:00+00:00,145.9,146.0,145.89,186,145.98,28240,145.962963
2023-02-02 23:52:00+00:00,146.0,146.0,145.95,93,145.98,12085,145.991424
2023-02-02 23:53:00+00:00,145.8,146.0,145.8,198,146.0,17368,145.941054
2023-02-02 23:54:00+00:00,145.9501,146.0,145.81,114,145.9199,13266,145.966103
2023-02-02 23:55:00+00:00,145.99,145.99,145.94,78,145.99,4608,145.965668
2023-02-02 23:56:00+00:00,145.95,146.0,145.94,85,145.99,10161,145.981238
2023-02-02 23:57:00+00:00,145.81,146.0,145.81,146,146.0,10510,145.905113
2023-02-02 23:58:00+00:00,145.94,145.95,145.8,118,145.8,10454,145.873174
2023-02-02 23:59:00+00:00,145.9,145.91,145.9,67,145.9,2620,145.900941
2023-02-03 00:00:00+00:00,145.71,145.9,145.7,183,145.8501,13773,145.768377
2023-02-03 00:01:00+00:00,145.83,145.86,145.65,122,145.71,8395,145.713504
2023-02-03 00:02:00+00:00,146.0,146.0,145.85,110,145.85,13708,145.93076
2023-02-03 00:03:00+00:00,145.96,146.0,145.95,82,145.98,5297,145.984971
2023-02-03 00:04:00+00:00,146.09,146.22,145.99,240,146.0,47912,146.013819
2023-02-03 00:05:00+00:00,145.67,146.14,145.65,175,146.07,16773,145.975756
2023-02-03 00:06:00+00:00,145.42,145.83,145.35,260,145.72,14800,145.544733
2023-02-03 00:07:00+00:00,145.2,145.44,145.18,288,145.41,27415,145.270226
2023-02-03 00:08:00+00:00,145.6,145.6,145.17,146,145.17,11349,145.358593
2023-02-03 00:09:00+00:00,145.7,145.71,145.56,101,145.56,6752,145.677485
2023-02-03 00:10:00+00:00,146.07,146.15,145.7,168,145.7,19714,145.871941
2023-02-03 00:11:00+00:00,145.88,146.22,145.69,185,146.0201,27020,146.020531
2023-02-03 00:12:00+00:00,145.88,146.01,145.8,77,146.01,3905,145.891022
2023-02-03 00:13:00+00:00,145.8,145.8,145.63,66,145.8,6293,145.723194
2023-02-03 00:14:00+00:00,145.95,145.95,145.72,80,145.72,6043,145.868143
2023-02-03 00:15:00+00:00,145.98,145.99,145.86,82,145.98,6362,145.933724
2023-02-03 00:16:00+00:00,145.91,145.99,145.86,55,145.99,2392,145.927335
2023-02-03 00:17:00+00:00,145.61,145.99,145.61,121,145.97,12838,145.858287
2023-02-03 00:18:00+00:00,145.88,145.88,145.8,62,145.81,2569,145.83281
2023-02-03 00:19:00+00:00,145.97,145.97,145.85,63,145.88,3857,145.905976
2023-02-03 00:20:00+00:00,146.1,146.1,145.91,112,145.91,16559,146.011288
2023-02-03 00:21:00+00:00,146.08,146.17,146.0,90,146.1,8496,146.076128
2023-02-03 00:22:00+00:00,145.9,146.1,145.9,80,146.09,7475,146.032631
2023-02-03 00:23:00+00:00,145.93,146.0,145.82,56,145.95,7280,145.916268
2023-02-03 00:24:00+00:00,145.95,146.0,145.9,47,146.0,3608,145.942616
2023-02-03 00:25:00+00:00,145.94,145.95,145.91,40,145.94,2616,145.944249
2023-02-03 00:26:00+00:00,146.03,146.09,145.91,87,145.91,8284,145.972602
2023-02-03 00:27:00+00:00,146.03,146.06,145.96,59,145.96,3379,146.030695
2023-02-03 00:28:00+00:00,146.01,146.05,146.01,47,146.03,5742,146.026455
2023-02-03 00:29:00+00:00,145.9,146.04,145.9,82,146.02,5268,145.99068
2023-02-03 00:30:00+00:00,145.91,145.96,145.81,96,145.96,10827,145.907848
2023-02-03 00:31:00+00:00,145.9,145.91,145.85,51,145.91,4256,145.896876
2023-02-03 00:32:00+00:00,145.83,145.87,145.7,112,145.87,15371,145.784925
2023-02-03 00:33:00+00:00,145.72,145.82,145.6,121,145.75,12031,145.70036
2023-02-03 00:34:00+00:00,145.65,145.71,145.6,68,145.6,6280,145.641788
2023-02-03 00:35:00+00:00,145.66,145.78,145.65,84,145.7,4420,145.705034
2023-02-03 00:36:00+00:00,145.6985,145.8,145.65,85,145.8,6898,145.704298
2023-02-03 00:37:00+00:00,145.76,145.76,145.6,112,145.62,13173,145.668841
2023-02-03 00:38:00+00:00,145.7,145.76,145.63,63,145.66,3977,145.705014
2023-02-03 00:39:00+00:00,145.72,145.72,145.65,75,145.65,4447,145.673574
2023-02-03 00:40:00+00:00,145.65,145.78,145.65,66,145.65,4903,145.699719
2023-02-03 00:41:00+00:00,145.65,145.7,145.64,69,145.7,6725,145.66775
2023-02-03 00:42:00+00:00,145.6499,145.7,145.61,46,145.65,3640,145.643926
2023-02-03 00:43:00+00:00,145.62,145.65,145.51,98,145.65,8355,145.595552
2023-02-03 00:44:00+00:00,145.69,145.7,145.5,70,145.6,6768,145.611882
2023-02-03 00:45:00+00:00,145.68,145.7,145.6301,49,145.67,3374,145.676106
2023-02-03 00:46:00+00:00,145.68,145.69,145.62,52,145.69,2748,145.647056
2023-02-03 00:47:00+00:00,145.7,145.7,145.62,73,145.62,4218,145.662589
2023-02-03 00:48:00+00:00,145.75,145.79,145.7001,86,145.7001,19958,145.771294
2023-02-03 00:49:00+00:00,145.76,145.76,145.75,49,145.75,2520,145.758754
2023-02-03 00:50:00+00:00,145.76,145.79,145.76,82,145.7899,8655,145.781692
2023-02-03 00:51:00+00:00,145.85,145.91,145.79,103,145.79,15618,145.836123
2023-02-03 00:52:00+00:00,145.85,145.85,145.79,87,145.83,8046,145.828232
2023-02-03 00:53:00+00:00,145.95,145.95,145.8,94,145.85,8567,145.890892
2023-02-03 00:54:00+00:00,145.94,145.99,145.94,102,145.94,6374,145.965963
2023-02-03 00:55:00+00:00,145.83,145.97,145.8101,86,145.91,7798,145.884723
2023-02-03 00:56:00+00:00,145.9,145.94,145.85,93,145.85,13147,145.891408
2023-02-03 00:57:00+00:00,145.92,145.96,145.9,75,145.94,15774,145.927771
2023-02-03 00:58:00+00:00,145.95,146.0,145.86,109,145.86,9653,145.926272
2023-02-03 00:59:00+00:00,145.99,145.99,145.9,152,145.9,9785,145.939672
