timestamp,close,high,low,trade_count,open,volume,vwap
2023-04-06 08:00:00+00:00,163.6,163.6,161.79,49,161.79,2678,163.392797
2023-04-06 08:04:00+00:00,163.41,163.46,163.41,16,163.46,1167,163.439623
2023-04-06 08:05:00+00:00,163.49,163.49,163.48,11,163.48,760,163.48225
2023-04-06 08:06:00+00:00,161.38,163.4,160.18,433,163.4,26589,161.607342
2023-04-06 08:07:00+00:00,162.18,162.18,162.18,25,162.18,1065,162.144272
2023-04-06 08:08:00+00:00,162.7,162.7,162.38,14,162.38,1152,162.496293
2023-04-06 08:09:00+00:00,162.75,162.75,162.66,29,162.68,1925,162.699065
2023-04-06 08:14:00+00:00,162.75,162.75,162.75,10,162.75,233,162.762704
2023-04-06 08:16:00+00:00,162.75,162.75,162.75,8,162.75,178,162.738202
2023-04-06 08:20:00+00:00,162.92,162.92,162.92,10,162.92,614,162.915114
2023-04-06 08:21:00+00:00,162.87,162.89,162.87,12,162.89,708,162.872133
2023-04-06 08:22:00+00:00,162.84,162.84,162.84,3,162.84,273,162.841392
2023-04-06 08:23:00+00:00,162.82,162.86,162.82,5,162.86,600,162.835417
2023-04-06 08:24:00+00:00,162.77,162.78,162.77,27,162.77,1958,162.772681
2023-04-06 08:25:00+00:00,162.81,162.81,162.81,8,162.81,1191,162.8089
2023-04-06 08:27:00+00:00,162.96,162.96,162.8,29,162.83,2493,162.851252
2023-04-06 08:30:00+00:00,162.93,162.93,162.93,6,162.93,323,162.924458
2023-04-06 08:32:00+00:00,162.88,162.94,162.88,16,162.9,1517,162.906276
2023-04-06 08:33:00+00:00,162.91,162.91,162.91,9,162.91,712,162.917963
2023-04-06 08:35:00+00:00,162.81,162.84,162.81,21,162.84,1618,162.829499
2023-04-06 08:39:00+00:00,162.76,162.76,162.76,3,162.76,500,162.761
2023-04-06 08:40:00+00:00,162.73,162.76,162.73,10,162.76,1204,162.743547
2023-04-06 08:42:00+00:00,162.73,162.74,162.73,14,162.74,1114,162.735996
2023-04-06 08:46:00+00:00,162.7,162.7,162.7,29,162.7,946,162.690803
2023-04-06 08:49:00+00:00,162.7,162.7,162.7,8,162.7,349,162.706676
2023-04-06 08:50:00+00:00,162.66,162.66,162.66,3,162.66,301,162.66
2023-04-06 08:56:00+00:00,162.74,162.74,162.74,6,162.74,310,162.703226
2023-04-06 08:57:00+00:00,162.74,162.74,162.74,13,162.74,568,162.736285
2023-04-06 09:00:00+00:00,162.71,162.71,162.71,19,162.71,705,162.738624
2023-04-06 09:01:00+00:00,162.71,162.71,162.71,8,162.71,1555,162.71
2023-04-06 09:07:00+00:00,162.82,162.82,162.82,9,162.82,600,162.805983
2023-04-06 09:10:00+00:00,162.69,162.69,162.69,6,162.69,235,162.691489
2023-04-06 09:17:00+00:00,162.65,162.71,162.65,37,162.7,2877,162.684001
2023-04-06 09:18:00+00:00,162.65,162.65,162.65,16,162.65,566,162.652297
2023-04-06 09:23:00+00:00,162.65,162.66,162.65,9,162.66,443,162.655688
2023-04-06 09:24:00+00:00,162.66,162.66,162.66,4,162.66,195,162.66
2023-04-06 09:25:00+00:00,162.66,162.66,162.66,6,162.66,116,162.660862
2023-04-06 09:28:00+00:00,162.7,162.71,162.7,12,162.71,327,162.710612
2023-04-06 09:29:00+00:00,162.76,162.76,162.75,10,162.75,635,162.755008
2023-04-06 09:33:00+00:00,162.82,162.82,162.8,9,162.8,1035,162.807411
2023-04-06 09:44:00+00:00,162.67,162.73,162.67,34,162.73,1665,162.705706
2023-04-06 09:45:00+00:00,162.65,162.65,162.65,17,162.65,404,162.654035
2023-04-06 09:46:00+00:00,162.54,162.55,162.54,21,162.55,564,162.55555
2023-04-06 09:48:00+00:00,162.51,162.51,162.5,27,162.51,943,162.500117
2023-04-06 09:49:00+00:00,162.5,162.5,162.5,14,162.5,384,162.470833
2023-04-06 09:50:00+00:00,162.4,162.41,162.4,7,162.41,315,162.403048
2023-04-06 09:51:00+00:00,162.4,162.4,162.4,6,162.4,175,162.398286
2023-04-06 09:52:00+00:00,162.35,162.41,162.35,26,162.37,1610,162.368602
2023-04-06 09:53:00+00:00,162.36,162.36,162.36,6,162.36,159,162.361761
2023-04-06 09:55:00+00:00,162.36,162.4,162.3,34,162.4,3822,162.37949
2023-04-06 09:56:00+00:00,162.29,162.29,162.29,8,162.29,421,162.290475
2023-04-06 09:57:00+00:00,162.29,162.29,162.29,6,162.29,628,162.291592
2023-04-06 09:58:00+00:00,162.29,162.29,162.29,23,162.29,3106,162.288242
2023-04-06 10:00:00+00:00,162.31,162.31,162.31,8,162.31,361,162.312576
2023-04-06 10:01:00+00:00,162.22,162.35,162.2,60,162.35,4593,162.259425
2023-04-06 10:02:00+00:00,162.16,162.21,162.14,33,162.21,2208,162.163813
2023-04-06 10:03:00+00:00,162.13,162.13,162.1,19,162.11,1203,162.108396
2023-04-06 10:05:00+00:00,162.27,162.27,162.15,32,162.15,1217,162.205415
2023-04-06 10:06:00+00:00,162.27,162.27,162.27,6,162.27,431,162.253016
2023-04-06 10:07:00+00:00,162.27,162.27,162.27,8,162.27,348,162.264828
2023-04-06 10:08:00+00:00,162.34,162.38,162.27,43,162.27,2246,162.338419
2023-04-06 10:09:00+00:00,162.34,162.34,162.34,6,162.34,206,162.344515
2023-04-06 10:10:00+00:00,162.4,162.4,162.4,7,162.4,498,162.398936
2023-04-06 10:11:00+00:00,162.41,162.41,162.41,13,162.41,681,162.408972
2023-04-06 10:16:00+00:00,162.35,162.35,162.35,9,162.35,316,162.375949
2023-04-06 10:19:00+00:00,162.4,162.4,162.38,6,162.38,242,162.389752
2023-04-06 10:25:00+00:00,162.5,162.5,162.48,41,162.48,1924,162.488228
2023-04-06 10:27:00+00:00,162.5,162.5,162.49,12,162.49,457,162.484267
2023-04-06 10:32:00+00:00,162.49,162.49,162.49,7,162.49,503,162.490298
2023-04-06 10:36:00+00:00,162.6,162.6,162.6,30,162.6,755,162.58396
2023-04-06 10:37:00+00:00,162.69,162.69,162.68,20,162.68,1614,162.681524
2023-04-06 10:39:00+00:00,162.62,162.62,162.62,9,162.62,719,162.618707
2023-04-06 10:40:00+00:00,162.68,162.69,162.68,33,162.68,3783,162.679696
2023-04-06 10:44:00+00:00,162.69,162.69,162.69,21,162.69,1436,162.692486
2023-04-06 10:45:00+00:00,162.73,162.73,162.7,24,162.7,1832,162.708466
2023-04-06 10:47:00+00:00,162.67,162.73,162.67,19,162.73,1340,162.714209
2023-04-06 10:49:00+00:00,162.67,162.67,162.67,5,162.67,219,162.669087
2023-04-06 10:50:00+00:00,162.64,162.64,162.64,16,162.64,374,162.645668
2023-04-06 10:54:00+00:00,162.64,162.64,162.64,9,162.64,917,162.637339
2023-04-06 10:55:00+00:00,162.6,162.6,162.6,14,162.6,526,162.602852
2023-04-06 10:56:00+00:00,162.64,162.64,162.63,31,162.63,1740,162.636241
2023-04-06 10:58:00+00:00,162.71,162.72,162.71,21,162.72,418,162.706603
2023-04-06 11:00:00+00:00,162.78,162.78,162.66,97,162.66,4073,162.725772
2023-04-06 11:01:00+00:00,162.8,162.8,162.79,57,162.79,2330,162.802206
2023-04-06 11:02:00+00:00,162.85,162.89,162.85,52,162.89,2680,162.849649
2023-04-06 11:03:00+00:00,162.9,162.9,162.9,26,162.9,1056,162.896174
2023-04-06 11:04:00+00:00,162.89,162.89,162.89,15,162.89,664,162.888509
2023-04-06 11:05:00+00:00,162.85,162.85,162.85,30,162.85,1244,162.860635
2023-04-06 11:06:00+00:00,162.7,162.8,162.7,67,162.8,4598,162.752553
2023-04-06 11:07:00+00:00,162.78,162.78,162.7,19,162.7,1005,162.729881
2023-04-06 11:08:00+00:00,162.8,162.8,162.8,10,162.8,822,162.798589
2023-04-06 11:09:00+00:00,162.9,162.9,162.8,90,162.8,4595,162.842807
2023-04-06 11:10:00+00:00,162.94,162.94,162.86,27,162.86,961,162.900531
2023-04-06 11:11:00+00:00,162.95,162.95,162.93,36,162.93,4204,162.94481
2023-04-06 11:12:00+00:00,162.99,162.99,162.95,44,162.95,2316,162.970656
2023-04-06 11:13:00+00:00,162.94,162.98,162.94,18,162.98,644,162.956957
2023-04-06 11:14:00+00:00,162.85,162.91,162.85,60,162.91,3689,162.866124
2023-04-06 11:15:00+00:00,162.84,162.84,162.84,41,162.84,1373,162.857094
2023-04-06 11:16:00+00:00,162.84,162.84,162.84,32,162.84,1744,162.83461
2023-04-06 11:17:00+00:00,162.9,162.9,162.89,54,162.89,2406,162.886654
2023-04-06 11:18:00+00:00,162.9,162.9,162.88,10,162.88,503,162.870537
2023-04-06 11:20:00+00:00,162.8,162.85,162.8,43,162.85,2528,162.81354
2023-04-06 11:21:00+00:00,162.8,162.8,162.8,7,162.8,451,162.799956
2023-04-06 11:26:00+00:00,162.81,162.81,162.81,23,162.81,1298,162.814884
2023-04-06 11:27:00+00:00,162.79,162.8,162.79,44,162.8,3111,162.798126
2023-04-06 11:28:00+00:00,162.8,162.8,162.75,27,162.8,1374,162.782693
2023-04-06 11:29:00+00:00,162.78,162.78,162.78,9,162.78,316,162.779715
2023-04-06 11:30:00+00:00,162.8,162.8,162.8,15,162.8,860,162.796047
2023-04-06 11:31:00+00:00,162.99,163.0,162.91,103,162.91,2740,162.939124
2023-04-06 11:33:00+00:00,162.9,162.9,162.9,25,162.9,1734,162.901765
2023-04-06 11:34:00+00:00,162.98,162.98,162.96,45,162.97,2284,162.967461
2023-04-06 11:37:00+00:00,162.9,162.9,162.9,58,162.9,1383,162.895228
2023-04-06 11:39:00+00:00,162.87,162.87,162.87,13,162.87,224,162.869196
2023-04-06 11:40:00+00:00,162.85,162.85,162.85,8,162.85,379,162.844723
2023-04-06 11:47:00+00:00,162.89,162.89,162.85,34,162.85,2232,162.881734
2023-04-06 11:48:00+00:00,162.9,162.9,162.9,27,162.9,1541,162.900019
2023-04-06 11:53:00+00:00,162.92,162.92,162.92,9,162.92,198,162.927374
2023-04-06 11:55:00+00:00,162.95,162.95,162.95,99,162.95,761,162.924639
2023-04-06 11:56:00+00:00,162.91,162.92,162.91,20,162.91,1121,162.915138
2023-04-06 11:57:00+00:00,162.91,162.93,162.91,22,162.93,932,162.918476
2023-04-06 12:00:00+00:00,162.9,162.92,162.6317,206,162.7607,11581,162.811843
2023-04-06 12:01:00+00:00,162.94,163.0,162.2315,664,162.9385,43593,162.970483
2023-04-06 12:02:00+00:00,162.99,162.99,162.6,371,162.93,14612,162.849447
2023-04-06 12:03:00+00:00,162.94,162.94,162.85,25,162.88,1450,162.885045
2023-04-06 12:04:00+00:00,162.9,162.9,162.9,18,162.9,599,162.904474
2023-04-06 12:05:00+00:00,162.84,162.84,162.84,18,162.84,576,162.848964
2023-04-06 12:06:00+00:00,162.83,162.85,162.83,29,162.85,855,162.838452
2023-04-06 12:07:00+00:00,162.78,162.85,162.78,61,162.83,1862,162.814333
2023-04-06 12:08:00+00:00,162.78,162.78,162.75,39,162.75,1445,162.763984
2023-04-06 12:09:00+00:00,162.72,162.73,162.71,48,162.73,1915,162.72151
2023-04-06 12:10:00+00:00,162.68,162.78,162.66,59,162.78,1665,162.695387
2023-04-06 12:11:00+00:00,162.78,162.78,162.65,42,162.75,2553,162.742783
2023-04-06 12:12:00+00:00,162.78,162.78,162.75,24,162.78,1281,162.769502
2023-04-06 12:13:00+00:00,162.78,162.78,162.78,13,162.78,1673,162.776402
2023-04-06 12:14:00+00:00,162.75,162.75,162.74,27,162.74,877,162.752685
2023-04-06 12:17:00+00:00,162.78,162.78,162.78,40,162.78,1077,162.773636
2023-04-06 12:18:00+00:00,162.75,162.8,162.7,44,162.791,2752,162.750945
2023-04-06 12:19:00+00:00,162.7,162.7999,162.7,54,162.71,4424,162.724086
2023-04-06 12:20:00+00:00,162.7198,162.74,162.67,36,162.74,1334,162.696462
2023-04-06 12:21:00+00:00,162.62,162.66,162.62,31,162.63,1575,162.633238
2023-04-06 12:22:00+00:00,162.6,162.66,162.6,74,162.66,2483,162.625006
2023-04-06 12:23:00+00:00,162.59,162.59,162.59,31,162.59,1143,162.590998
2023-04-06 12:24:00+00:00,162.56,162.6092,162.56,54,162.6092,1986,162.580516
2023-04-06 12:25:00+00:00,162.55,162.6,162.55,22,162.6,436,162.574232
2023-04-06 12:26:00+00:00,162.55,162.55,162.55,23,162.55,510,162.585252
2023-04-06 12:27:00+00:00,162.6399,162.66,162.6,56,162.6,15191,162.648022
2023-04-06 12:28:00+00:00,162.6,162.66,162.6,75,162.64,10190,162.644633
2023-04-06 12:30:00+00:00,162.48,162.66,162.48,95,162.6,4013,162.540376
2023-04-06 12:31:00+00:00,162.3891,162.59,162.3891,101,162.47,4309,162.459904
2023-04-06 12:32:00+00:00,162.5,162.5,162.45,27,162.45,757,162.504848
2023-04-06 12:33:00+00:00,162.35,162.46,162.35,84,162.4534,10475,162.417227
2023-04-06 12:34:00+00:00,162.5,162.5,162.33,121,162.38,9641,162.413047
2023-04-06 12:35:00+00:00,162.57,162.57,162.5,70,162.5,9118,162.506411
2023-04-06 12:36:00+00:00,162.505,162.505,162.46,30,162.46,965,162.474033
2023-04-06 12:37:00+00:00,162.3,162.4515,162.3,123,162.4515,10609,162.330036
2023-04-06 12:38:00+00:00,162.33,162.33,162.26,58,162.26,4468,162.314883
2023-04-06 12:39:00+00:00,162.36,162.38,162.3301,63,162.3305,2920,162.365719
2023-04-06 12:40:00+00:00,162.3599,162.44,162.35,65,162.4,3453,162.380022
2023-04-06 12:41:00+00:00,162.3306,162.35,162.3306,82,162.35,3997,162.355093
2023-04-06 12:42:00+00:00,162.43,162.43,162.33,105,162.33,4029,162.373984
2023-04-06 12:43:00+00:00,162.4,162.4,162.4,22,162.4,821,162.397809
2023-04-06 12:44:00+00:00,162.4,162.4,162.3999,50,162.3999,2265,162.393542
2023-04-06 12:45:00+00:00,162.37,162.4,162.37,24,162.4,4213,162.398718
2023-04-06 12:46:00+00:00,162.4299,162.43,162.39,65,162.4,2963,162.419357
2023-04-06 12:47:00+00:00,162.36,162.4,162.36,51,162.4,2002,162.397688
2023-04-06 12:48:00+00:00,162.4,162.4,162.36,46,162.36,2119,162.404217
2023-04-06 12:49:00+00:00,162.5,162.56,162.4,131,162.5,11342,162.442096
2023-04-06 12:50:00+00:00,162.5,162.56,162.5,37,162.56,995,162.541211
2023-04-06 12:51:00+00:00,162.41,162.55,162.41,75,162.55,3174,162.491137
2023-04-06 12:52:00+00:00,162.37,162.42,162.37,49,162.42,5972,162.40224
2023-04-06 12:53:00+00:00,162.37,162.37,162.3,56,162.36,8754,162.350568
2023-04-06 12:54:00+00:00,162.35,162.4,162.35,95,162.35,5839,162.358817
2023-04-06 12:55:00+00:00,162.36,162.36,162.35,41,162.35,2564,162.353167
2023-04-06 12:56:00+00:00,162.31,162.36,162.3,103,162.3599,3916,162.343481
2023-04-06 12:57:00+00:00,162.36,162.36,162.31,42,162.32,1445,162.334294
2023-04-06 12:58:00+00:00,162.32,162.36,162.32,31,162.33,2095,162.338449
2023-04-06 12:59:00+00:00,162.36,162.36,162.32,76,162.36,7358,162.353287
2023-04-06 13:00:00+00:00,162.3817,162.3848,162.35,60,162.36,2950,162.361115
2023-04-06 13:01:00+00:00,162.36,162.36,162.27,133,162.36,8647,162.311485
2023-04-06 13:02:00+00:00,162.34,162.3592,162.33,39,162.3592,1728,162.351097
2023-04-06 13:03:00+00:00,162.3,162.36,162.3,49,162.36,3685,162.331682
2023-04-06 13:04:00+00:00,162.21,162.25,162.21,44,162.25,1093,162.233628
2023-04-06 13:05:00+00:00,162.24,162.24,162.23,33,162.23,910,162.238872
2023-04-06 13:06:00+00:00,162.28,162.29,162.23,51,162.27,2289,162.27646
2023-04-06 13:07:00+00:00,162.21,162.23,162.2,71,162.23,2745,162.222669
2023-04-06 13:08:00+00:00,162.16,162.25,162.16,110,162.23,4371,162.207776
2023-04-06 13:09:00+00:00,162.21,162.21,162.19,49,162.19,1039,162.216918
2023-04-06 13:10:00+00:00,162.21,162.24,162.21,40,162.21,1970,162.218169
2023-04-06 13:11:00+00:00,162.17,162.2,162.17,62,162.2,1527,162.185099
2023-04-06 13:12:00+00:00,162.24,162.24,162.17,78,162.17,2910,162.200566
2023-04-06 13:13:00+00:00,162.23,162.23,162.23,24,162.23,399,162.228546
2023-04-06 13:14:00+00:00,162.2298,162.23,162.18,52,162.23,3436,162.218336
2023-04-06 13:15:00+00:00,162.15,162.18,162.15,83,162.18,8021,162.158479
2023-04-06 13:16:00+00:00,162.22,162.22,162.17,75,162.19,7841,162.194138
2023-04-06 13:17:00+00:00,162.23,162.23,162.22,46,162.2297,1390,162.216462
2023-04-06 13:18:00+00:00,162.25,162.25,162.23,187,162.23,5853,162.244783
2023-04-06 13:19:00+00:00,162.25,162.29,162.25,24,162.25,2909,162.260266
2023-04-06 13:20:00+00:00,162.34,162.34,162.25,99,162.25,5854,162.273632
2023-04-06 13:21:00+00:00,162.36,162.36,162.25,43,162.34,908,162.321193
2023-04-06 13:22:00+00:00,162.19,162.33,162.19,113,162.33,6611,162.238564
2023-04-06 13:23:00+00:00,162.15,162.15,162.15,60,162.15,1226,162.164613
2023-04-06 13:24:00+00:00,162.2023,162.2023,162.1,211,162.18,9154,162.167752
2023-04-06 13:25:00+00:00,162.01,162.1,161.92,366,162.03,27355,162.004847
2023-04-06 13:26:00+00:00,162.1,162.12,161.99,76,162.02,7303,162.052761
2023-04-06 13:27:00+00:00,162.09,162.28,162.0,187,162.0,8745,162.136077
2023-04-06 13:28:00+00:00,162.14,162.32,162.11,155,162.2,8738,162.201253
2023-04-06 13:29:00+00:00,162.4,162.48,162.15,136,162.21,5797,162.350763
2023-04-06 13:30:00+00:00,162.73,162.73,162.045,6664,162.4,1631684,162.395181
2023-04-06 13:31:00+00:00,162.45,162.74,162.39,2502,162.72,261930,162.538013
2023-04-06 13:32:00+00:00,162.15,162.49,162.13,3410,162.46,366391,162.318175
2023-04-06 13:33:00+00:00,162.11,162.252,162.09,2564,162.14,286908,162.172573
2023-04-06 13:34:00+00:00,162.06,162.137,162.04,1824,162.1,168758,162.082056
2023-04-06 13:35:00+00:00,162.15,162.165,162.04,2101,162.06,160452,162.083905
2023-04-06 13:36:00+00:00,162.135,162.32,162.09,2384,162.14,205161,162.19338
2023-04-06 13:37:00+00:00,162.307,162.31,162.115,1945,162.135,212170,162.242658
2023-04-06 13:38:00+00:00,162.41,162.415,162.0,3020,162.305,310336,162.252919
2023-04-06 13:39:00+00:00,162.31,162.45,162.3,1580,162.4,161768,162.368344
2023-04-06 13:40:00+00:00,162.1438,162.3203,162.13,1992,162.3,176493,162.234221
2023-04-06 13:41:00+00:00,162.32,162.355,162.145,1594,162.155,154689,162.270921
2023-04-06 13:42:00+00:00,162.355,162.4,162.2901,1283,162.325,106473,162.348491
2023-04-06 13:43:00+00:00,162.33,162.36,162.21,1276,162.355,122854,162.26079
2023-04-06 13:44:00+00:00,162.32,162.38,162.24,1532,162.33,129401,162.317723
2023-04-06 13:45:00+00:00,162.1316,162.3319,162.11,1400,162.3319,130268,162.202313
2023-04-06 13:46:00+00:00,162.12,162.21,162.08,2021,162.135,109120,162.127644
2023-04-06 13:47:00+00:00,162.145,162.28,162.1106,3285,162.12,145898,162.213983
2023-04-06 13:48:00+00:00,162.18,162.23,162.03,3101,162.15,113348,162.138158
2023-04-06 13:49:00+00:00,162.1722,162.2,162.045,3049,162.18,112091,162.116957
2023-04-06 13:50:00+00:00,162.3972,162.5682,162.1794,4344,162.1794,251944,162.419093
2023-04-06 13:51:00+00:00,162.3971,162.4599,162.32,3136,162.39,97487,162.374302
2023-04-06 13:52:00+00:00,162.3149,162.4299,162.28,3037,162.39,94473,162.34601
2023-04-06 13:53:00+00:00,162.3846,162.405,162.26,2812,162.31,70771,162.322135
2023-04-06 13:54:00+00:00,162.42,162.5,162.34,3084,162.393,117119,162.420027
2023-04-06 13:55:00+00:00,162.46,162.49,162.37,2931,162.43,73001,162.427038
2023-04-06 13:56:00+00:00,162.43,162.56,162.41,3475,162.46,159735,162.484116
2023-04-06 13:57:00+00:00,162.3901,162.44,162.26,3361,162.44,125869,162.343994
2023-04-06 13:58:00+00:00,162.62,162.71,162.39,3968,162.4,207431,162.568299
2023-04-06 13:59:00+00:00,162.685,162.695,162.618,2974,162.618,97358,162.662427
2023-04-06 14:00:00+00:00,162.79,162.84,162.54,3569,162.69,143244,162.672997
2023-04-06 14:01:00+00:00,162.84,162.94,162.79,3976,162.8,188744,162.866383
2023-04-06 14:02:00+00:00,162.98,162.9804,162.82,3497,162.85,124381,162.891963
2023-04-06 14:03:00+00:00,162.77,163.04,162.76,3906,162.985,201347,162.944631
2023-04-06 14:04:00+00:00,162.915,162.97,162.76,3212,162.78,159389,162.872704
2023-04-06 14:05:00+00:00,163.1301,163.15,162.905,3594,162.905,202789,163.05758
2023-04-06 14:06:00+00:00,163.05,163.24,163.05,3497,163.135,162904,163.145748
2023-04-06 14:07:00+00:00,163.175,163.175,163.05,2931,163.05,97672,163.090602
2023-04-06 14:08:00+00:00,163.045,163.1818,163.01,3137,163.18,94792,163.076831
2023-04-06 14:09:00+00:00,162.995,163.08,162.96,3264,163.04,115356,163.02511
2023-04-06 14:10:00+00:00,162.96,163.02,162.94,3189,163.0,124285,162.981412
2023-04-06 14:11:00+00:00,163.17,163.2,162.97,3874,162.97,184343,163.093458
2023-04-06 14:12:00+00:00,163.16,163.23,163.06,3320,163.16,120799,163.148933
2023-04-06 14:13:00+00:00,163.13,163.2,163.07,3161,163.17,100714,163.139796
2023-04-06 14:14:00+00:00,163.15,163.205,163.11,3013,163.12,94038,163.162767
2023-04-06 14:15:00+00:00,163.1742,163.2799,163.09,4088,163.155,195314,163.197914
2023-04-06 14:16:00+00:00,163.1701,163.22,163.11,3172,163.17,113009,163.170436
2023-04-06 14:17:00+00:00,163.17,163.21,163.1115,2060,163.1709,68739,163.154376
2023-04-06 14:18:00+00:00,163.11,163.19,163.09,983,163.16,91734,163.140414
2023-04-06 14:19:00+00:00,162.94,163.12,162.93,1074,163.1118,108297,163.00638
2023-04-06 14:20:00+00:00,162.995,163.01,162.905,984,162.93,90411,162.959856
2023-04-06 14:21:00+00:00,163.064,163.08,162.98,877,162.995,87680,163.026498
2023-04-06 14:22:00+00:00,162.955,163.05,162.91,972,163.05,110994,162.957767
2023-04-06 14:23:00+00:00,163.0352,163.08,162.95,802,162.95,73629,163.028524
2023-04-06 14:24:00+00:00,163.0715,163.115,162.984,1382,163.03,118924,163.061253
2023-04-06 14:25:00+00:00,163.135,163.175,163.01,971,163.065,88584,163.094172
2023-04-06 14:26:00+00:00,163.2101,163.24,163.1,915,163.13,80599,163.166428
2023-04-06 14:27:00+00:00,163.2185,163.265,163.09,1592,163.22,138498,163.196799
2023-04-06 14:28:00+00:00,163.13,163.28,163.11,1292,163.21,131719,163.18802
2023-04-06 14:29:00+00:00,163.32,163.33,163.0853,1048,163.125,87852,163.194214
2023-04-06 14:30:00+00:00,163.3357,163.36,163.23,1126,163.3168,116003,163.303116
2023-04-06 14:31:00+00:00,163.361,163.42,163.31,1364,163.335,165541,163.371965
2023-04-06 14:32:00+00:00,163.3108,163.385,163.24,1037,163.36,132596,163.307865
2023-04-06 14:33:00+00:00,163.345,163.4,163.2401,881,163.315,87651,163.331603
2023-04-06 14:34:00+00:00,163.355,163.44,163.35,867,163.35,99686,163.387814
2023-04-06 14:35:00+00:00,163.44,163.45,163.34,926,163.35,83193,163.405023
2023-04-06 14:36:00+00:00,163.485,163.53,163.42,1520,163.44,164902,163.475675
2023-04-06 14:37:00+00:00,163.5,163.52,163.3,1923,163.48,183741,163.415811
2023-04-06 14:38:00+00:00,163.4999,163.58,163.44,1269,163.5,118092,163.515628
2023-04-06 14:39:00+00:00,163.54,163.54,163.43,1197,163.495,124036,163.4692
2023-04-06 14:40:00+00:00,163.52,163.5899,163.48,1002,163.5391,129655,163.542676
2023-04-06 14:41:00+00:00,163.4024,163.58,163.36,1137,163.5175,139467,163.46377
2023-04-06 14:42:00+00:00,163.27,163.4085,163.26,1476,163.4,151760,163.319857
2023-04-06 14:43:00+00:00,163.26,163.28,163.17,1294,163.26,138117,163.231602
2023-04-06 14:44:00+00:00,163.275,163.28,163.2,938,163.26,91156,163.246085
2023-04-06 14:45:00+00:00,163.24,163.28,163.18,781,163.27,90181,163.245661
2023-04-06 14:46:00+00:00,163.5,163.5699,163.25,1211,163.25,147755,163.43937
2023-04-06 14:47:00+00:00,163.569,163.57,163.47,850,163.52,97392,163.513367
2023-04-06 14:48:00+00:00,163.49,163.5799,163.464,765,163.57,79022,163.515256
2023-04-06 14:49:00+00:00,163.38,163.51,163.29,1420,163.48,128648,163.406008
2023-04-06 14:50:00+00:00,163.33,163.4081,163.33,859,163.38,74232,163.369175
2023-04-06 14:51:00+00:00,163.3475,163.41,163.31,752,163.335,73980,163.347867
2023-04-06 14:52:00+00:00,163.2504,163.38,163.2,777,163.35,62606,163.292053
2023-04-06 14:53:00+00:00,163.3,163.38,163.21,861,163.26,72636,163.298299
2023-04-06 14:54:00+00:00,163.33,163.38,163.28,711,163.3,70102,163.327045
2023-04-06 14:55:00+00:00,163.31,163.37,163.25,1016,163.33,116930,163.31247
2023-04-06 14:56:00+00:00,163.35,163.365,163.19,718,163.31,74403,163.288164
2023-04-06 14:57:00+00:00,163.255,163.35,163.24,576,163.35,57918,163.276885
2023-04-06 14:58:00+00:00,163.26,163.29,163.1,1648,163.2556,139032,163.186043
2023-04-06 14:59:00+00:00,163.2739,163.275,163.2201,480,163.26,47425,163.249243
2023-04-06 15:00:00+00:00,163.365,163.4,163.18,1531,163.28,142216,163.311083
2023-04-06 15:01:00+00:00,163.6,163.6086,163.36,1374,163.37,155839,163.486718
2023-04-06 15:02:00+00:00,163.695,163.73,163.5801,1298,163.6,161276,163.676811
2023-04-06 15:03:00+00:00,163.69,163.76,163.6628,1201,163.7,110168,163.709252
2023-04-06 15:04:00+00:00,163.74,163.82,163.7,1268,163.7,134199,163.755682
2023-04-06 15:05:00+00:00,163.82,163.85,163.72,988,163.74,102593,163.782814
2023-04-06 15:06:00+00:00,163.78,163.86,163.75,1159,163.825,123356,163.80975
2023-04-06 15:07:00+00:00,163.9,163.9196,163.73,982,163.79,97039,163.806891
2023-04-06 15:08:00+00:00,163.855,163.94,163.845,1035,163.895,118337,163.895731
2023-04-06 15:09:00+00:00,163.92,163.925,163.81,860,163.855,85845,163.872935
2023-04-06 15:10:00+00:00,163.8701,163.95,163.8501,942,163.9201,84514,163.8996
2023-04-06 15:11:00+00:00,163.825,163.88,163.81,841,163.87,80741,163.843807
2023-04-06 15:12:00+00:00,163.9,163.94,163.8219,895,163.8219,97167,163.897083
2023-04-06 15:13:00+00:00,163.955,164.0,163.895,1593,163.9,145625,163.958821
2023-04-06 15:14:00+00:00,163.89,163.98,163.89,724,163.955,60504,163.938678
2023-04-06 15:15:00+00:00,163.895,163.93,163.87,778,163.9,74425,163.909149
2023-04-06 15:16:00+00:00,163.9841,164.0,163.88,941,163.9,89180,163.950032
2023-04-06 15:17:00+00:00,164.075,164.08,163.94,1753,163.9842,179773,164.013229
2023-04-06 15:18:00+00:00,164.075,164.1071,164.01,934,164.075,136810,163.917121
2023-04-06 15:19:00+00:00,164.08,164.085,163.98,905,164.08,99114,164.022586
2023-04-06 15:20:00+00:00,164.1199,164.12,164.0201,848,164.0701,95108,164.064153
2023-04-06 15:21:00+00:00,164.15,164.2,164.09,1217,164.12,139293,164.146419
2023-04-06 15:22:00+00:00,164.19,164.23,164.14,1052,164.16,120652,164.18053
2023-04-06 15:23:00+00:00,164.19,164.2399,164.1701,744,164.1921,81667,164.20261
2023-04-06 15:24:00+00:00,164.245,164.26,164.18,850,164.1806,94051,164.230227
2023-04-06 15:25:00+00:00,164.19,164.24,164.14,937,164.24,83112,164.180827
2023-04-06 15:26:00+00:00,164.195,164.2301,164.18,765,164.19,79090,164.203996
2023-04-06 15:27:00+00:00,164.13,164.2077,164.1203,1049,164.1901,92126,164.173705
2023-04-06 15:28:00+00:00,164.345,164.35,164.1327,1285,164.14,136629,164.249458
2023-04-06 15:29:00+00:00,164.2318,164.37,164.2199,1147,164.35,122408,164.297424
2023-04-06 15:30:00+00:00,164.195,164.27,164.14,949,164.24,96694,164.195037
2023-04-06 15:31:00+00:00,164.08,164.2,164.08,840,164.2,70204,164.151731
2023-04-06 15:32:00+00:00,164.205,164.2785,164.07,1056,164.0815,111068,164.162978
2023-04-06 15:33:00+00:00,164.19,164.245,164.15,677,164.2,62570,164.191177
2023-04-06 15:34:00+00:00,164.065,164.2,164.06,781,164.195,71914,164.135272
2023-04-06 15:35:00+00:00,164.055,164.065,164.01,940,164.065,95619,164.035795
2023-04-06 15:36:00+00:00,164.14,164.2,164.0501,832,164.0501,75848,164.138483
2023-04-06 15:37:00+00:00,164.24,164.25,164.13,1012,164.1387,141779,164.207014
2023-04-06 15:38:00+00:00,164.25,164.32,164.2,899,164.24,134935,164.261492
2023-04-06 15:39:00+00:00,164.3481,164.3481,164.24,868,164.244,101613,164.304785
2023-04-06 15:40:00+00:00,164.37,164.39,164.28,798,164.35,79545,164.333613
2023-04-06 15:41:00+00:00,164.41,164.43,164.34,904,164.38,89182,164.393001
2023-04-06 15:42:00+00:00,164.48,164.5,164.4,1504,164.4106,143021,164.452847
2023-04-06 15:43:00+00:00,164.5222,164.56,164.47,1101,164.49,127002,164.518045
2023-04-06 15:44:00+00:00,164.52,164.545,164.49,807,164.5215,76135,164.497211
2023-04-06 15:45:00+00:00,164.49,164.535,164.44,936,164.53,101493,164.490421
2023-04-06 15:46:00+00:00,164.49,164.52,164.47,787,164.49,79128,164.493411
2023-04-06 15:47:00+00:00,164.675,164.715,164.49,1962,164.4999,228163,164.626329
2023-04-06 15:48:00+00:00,164.63,164.75,164.59,1794,164.67,137044,164.678349
2023-04-06 15:49:00+00:00,164.571,164.67,164.57,687,164.635,71717,164.61015
2023-04-06 15:50:00+00:00,164.55,164.5783,164.48,988,164.57,99576,164.524803
2023-04-06 15:51:00+00:00,164.52,164.56,164.49,639,164.56,72691,164.523261
2023-04-06 15:52:00+00:00,164.415,164.54,164.41,890,164.52,100984,164.475205
2023-04-06 15:53:00+00:00,164.445,164.49,164.42,739,164.4215,76227,164.460572
2023-04-06 15:54:00+00:00,164.445,164.49,164.42,844,164.445,76871,164.456097
2023-04-06 15:55:00+00:00,164.4688,164.48,164.42,600,164.445,60455,164.453831
2023-04-06 15:56:00+00:00,164.48,164.535,164.465,723,164.465,60557,164.497052
2023-04-06 15:57:00+00:00,164.4832,164.55,164.4589,688,164.48,68667,164.501509
2023-04-06 15:58:00+00:00,164.56,164.6099,164.48,694,164.4899,79014,164.570523
2023-04-06 15:59:00+00:00,164.53,164.5812,164.52,678,164.56,75237,164.548678
2023-04-06 16:00:00+00:00,164.73,164.78,164.5201,1397,164.53,120095,164.65413
2023-04-06 16:01:00+00:00,164.82,164.83,164.72,1627,164.73,236175,164.794361
2023-04-06 16:02:00+00:00,164.8399,164.9,164.82,1052,164.83,104001,164.859056
2023-04-06 16:03:00+00:00,164.88,164.89,164.84,728,164.84,65029,164.862103
2023-04-06 16:04:00+00:00,164.89,164.9584,164.85,1987,164.89,323790,164.909562
2023-04-06 16:05:00+00:00,164.8206,164.89,164.8206,735,164.89,64845,164.859676
2023-04-06 16:06:00+00:00,164.7301,164.88,164.71,934,164.825,105284,164.800715
2023-04-06 16:07:00+00:00,164.68,164.78,164.672,747,164.73,80916,164.74499
2023-04-06 16:08:00+00:00,164.765,164.77,164.67,652,164.69,61414,164.724656
2023-04-06 16:09:00+00:00,164.73,164.789,164.72,625,164.765,59347,164.753446
2023-04-06 16:10:00+00:00,164.67,164.7548,164.67,809,164.72,79557,164.722888
2023-04-06 16:11:00+00:00,164.664,164.7099,164.62,598,164.68,55373,164.656708
2023-04-06 16:12:00+00:00,164.7399,164.74,164.66,459,164.66,42732,164.707587
2023-04-06 16:13:00+00:00,164.7526,164.78,164.69,596,164.73,60015,164.74098
2023-04-06 16:14:00+00:00,164.69,164.78,164.69,503,164.755,57760,164.742163
2023-04-06 16:15:00+00:00,164.615,164.73,164.59,850,164.7,83259,164.656173
2023-04-06 16:16:00+00:00,164.77,164.8064,164.61,599,164.62,56876,164.723592
2023-04-06 16:17:00+00:00,164.7251,164.8099,164.715,682,164.775,65282,164.758901
2023-04-06 16:18:00+00:00,164.655,164.74,164.65,723,164.7203,60585,164.690505
2023-04-06 16:19:00+00:00,164.55,164.665,164.535,757,164.66,68003,164.592141
2023-04-06 16:20:00+00:00,164.52,164.57,164.4707,1031,164.55,119270,164.504088
2023-04-06 16:21:00+00:00,164.435,164.5252,164.42,899,164.52,90278,164.462539
2023-04-06 16:22:00+00:00,164.415,164.48,164.405,868,164.43,60996,164.447632
2023-04-06 16:23:00+00:00,164.455,164.49,164.4102,649,164.4102,61263,164.465703
2023-04-06 16:24:00+00:00,164.5221,164.5556,164.455,757,164.455,58563,164.523297
2023-04-06 16:25:00+00:00,164.5,164.5522,164.48,579,164.52,54148,164.526048
2023-04-06 16:26:00+00:00,164.555,164.56,164.4948,449,164.5,36021,164.523116
2023-04-06 16:27:00+00:00,164.5443,164.58,164.52,567,164.56,47953,164.558638
2023-04-06 16:28:00+00:00,164.61,164.62,164.5059,582,164.5477,45271,164.5748
2023-04-06 16:29:00+00:00,164.58,164.62,164.56,456,164.62,33864,164.588903
2023-04-06 16:30:00+00:00,164.66,164.67,164.58,768,164.58,77346,164.643237
2023-04-06 16:31:00+00:00,164.69,164.73,164.6584,715,164.66,78746,164.690955
2023-04-06 16:32:00+00:00,164.81,164.87,164.7,1015,164.7,101442,164.799592
2023-04-06 16:33:00+00:00,164.81,164.84,164.7599,579,164.8181,61549,164.803654
2023-04-06 16:34:00+00:00,164.755,164.83,164.75,528,164.82,45432,164.783324
2023-04-06 16:35:00+00:00,164.75,164.8,164.73,525,164.755,52934,164.762079
2023-04-06 16:36:00+00:00,164.83,164.84,164.7408,574,164.7408,67663,164.797084
2023-04-06 16:37:00+00:00,164.72,164.85,164.69,743,164.84,86906,164.771628
2023-04-06 16:38:00+00:00,164.63,164.7299,164.61,617,164.72,59440,164.668859
2023-04-06 16:39:00+00:00,164.6101,164.636,164.6,542,164.63,43070,164.617542
2023-04-06 16:40:00+00:00,164.7,164.71,164.6101,583,164.6101,68962,164.663164
2023-04-06 16:41:00+00:00,164.695,164.74,164.6801,558,164.7,71151,164.710045
2023-04-06 16:42:00+00:00,164.725,164.78,164.69,472,164.7,49614,164.73026
2023-04-06 16:43:00+00:00,164.805,164.83,164.72,604,164.7215,58622,164.777983
2023-04-06 16:44:00+00:00,164.78,164.838,164.7625,492,164.81,46876,164.792233
2023-04-06 16:45:00+00:00,164.78,164.81,164.71,689,164.79,50376,164.758755
2023-04-06 16:46:00+00:00,164.77,164.8,164.69,792,164.7804,65765,164.745391
2023-04-06 16:47:00+00:00,164.765,164.79,164.735,852,164.77,104460,164.757296
2023-04-06 16:48:00+00:00,164.73,164.81,164.73,697,164.7691,78117,164.768529
2023-04-06 16:49:00+00:00,164.7804,164.8,164.71,662,164.735,61474,164.759107
2023-04-06 16:50:00+00:00,164.7905,164.82,164.78,544,164.78,51746,164.799115
2023-04-06 16:51:00+00:00,164.7,164.79,164.7,501,164.79,43641,164.748914
2023-04-06 16:52:00+00:00,164.7201,164.74,164.67,608,164.695,54536,164.70364
2023-04-06 16:53:00+00:00,164.6721,164.7799,164.665,475,164.72,32950,164.723789
2023-04-06 16:54:00+00:00,164.6014,164.67,164.6,547,164.67,54160,164.624264
2023-04-06 16:55:00+00:00,164.49,164.6,164.47,947,164.6,80221,164.526483
2023-04-06 16:56:00+00:00,164.515,164.54,164.48,552,164.49,49771,164.506244
2023-04-06 16:57:00+00:00,164.49,164.54,164.46,781,164.515,55078,164.50101
2023-04-06 16:58:00+00:00,164.45,164.495,164.4126,845,164.49,86502,164.452168
2023-04-06 16:59:00+00:00,164.475,164.51,164.44,604,164.445,50334,164.478641
2023-04-06 17:00:00+00:00,164.4,164.49,164.39,858,164.475,72197,164.424201
2023-04-06 17:01:00+00:00,164.38,164.41,164.34,704,164.405,62943,164.378364
2023-04-06 17:02:00+00:00,164.4402,164.4586,164.33,823,164.385,75156,164.388574
2023-04-06 17:03:00+00:00,164.4712,164.51,164.445,667,164.445,78354,164.480337
2023-04-06 17:04:00+00:00,164.42,164.475,164.36,561,164.47,39487,164.412558
2023-04-06 17:05:00+00:00,164.46,164.475,164.415,600,164.415,45279,164.44439
2023-04-06 17:06:00+00:00,164.525,164.55,164.455,663,164.465,58211,164.511192
2023-04-06 17:07:00+00:00,164.51,164.55,164.47,561,164.53,53188,164.518514
2023-04-06 17:08:00+00:00,164.6,164.605,164.5,718,164.505,86022,164.549347
2023-04-06 17:09:00+00:00,164.5101,164.605,164.5101,496,164.59,40280,164.546891
2023-04-06 17:10:00+00:00,164.52,164.57,164.51,520,164.5183,37326,164.542725
2023-04-06 17:11:00+00:00,164.502,164.53,164.485,593,164.5127,50611,164.507869
2023-04-06 17:12:00+00:00,164.4709,164.52,164.44,551,164.505,34634,164.474996
2023-04-06 17:13:00+00:00,164.43,164.47,164.4,506,164.47,41825,164.435961
2023-04-06 17:14:00+00:00,164.4099,164.43,164.365,821,164.43,111440,164.387696
2023-04-06 17:15:00+00:00,164.4895,164.51,164.4,688,164.41,70540,164.450809
2023-04-06 17:16:00+00:00,164.57,164.59,164.505,832,164.505,82693,164.542173
2023-04-06 17:17:00+00:00,164.42,164.57,164.42,524,164.57,58181,164.498943
2023-04-06 17:18:00+00:00,164.43,164.47,164.41,570,164.42,50588,164.446556
2023-04-06 17:19:00+00:00,164.4,164.44,164.3601,498,164.4379,52950,164.402872
2023-04-06 17:20:00+00:00,164.425,164.47,164.395,651,164.395,55699,164.430089
2023-04-06 17:21:00+00:00,164.375,164.44,164.37,601,164.43,51951,164.407639
2023-04-06 17:22:00+00:00,164.49,164.51,164.3799,677,164.3799,70412,164.470349
2023-04-06 17:23:00+00:00,164.49,164.5,164.4403,441,164.485,38038,164.46683
2023-04-06 17:24:00+00:00,164.4,164.54,164.4,640,164.49,60008,164.48093
2023-04-06 17:25:00+00:00,164.3829,164.43,164.36,759,164.4075,61439,164.386423
2023-04-06 17:26:00+00:00,164.375,164.4377,164.36,661,164.385,66732,164.388913
2023-04-06 17:27:00+00:00,164.395,164.41,164.37,509,164.37,32357,164.385073
2023-04-06 17:28:00+00:00,164.33,164.45,164.3201,557,164.3942,42112,164.397064
2023-04-06 17:29:00+00:00,164.34,164.38,164.3,801,164.335,78730,164.34154
2023-04-06 17:30:00+00:00,164.48,164.485,164.34,848,164.34,66719,164.426465
2023-04-06 17:31:00+00:00,164.5499,164.57,164.474,821,164.48,73278,164.532176
2023-04-06 17:32:00+00:00,164.525,164.58,164.5,599,164.54,60156,164.540924
2023-04-06 17:33:00+00:00,164.48,164.5738,164.44,1449,164.53,215412,164.501591
2023-04-06 17:34:00+00:00,164.435,164.53,164.43,935,164.475,94227,164.473861
2023-04-06 17:35:00+00:00,164.515,164.53,164.4329,630,164.4329,56238,164.493104
2023-04-06 17:36:00+00:00,164.6256,164.63,164.52,591,164.52,58148,164.578969
2023-04-06 17:37:00+00:00,164.67,164.71,164.62,782,164.63,86726,164.666828
2023-04-06 17:38:00+00:00,164.7,164.7,164.6301,546,164.6621,55752,164.657057
2023-04-06 17:39:00+00:00,164.6699,164.69,164.65,362,164.688,24118,164.668692
2023-04-06 17:40:00+00:00,164.7097,164.745,164.63,1002,164.67,113449,164.693725
2023-04-06 17:41:00+00:00,164.616,164.7286,164.61,531,164.7101,51103,164.662695
2023-04-06 17:42:00+00:00,164.5628,164.61,164.54,630,164.61,57925,164.580638
2023-04-06 17:43:00+00:00,164.5828,164.61,164.55,475,164.5601,39847,164.578789
2023-04-06 17:44:00+00:00,164.5875,164.66,164.58,516,164.58,48946,164.618045
2023-04-06 17:45:00+00:00,164.5908,164.6099,164.555,503,164.59,43633,164.585018
2023-04-06 17:46:00+00:00,164.5801,164.61,164.58,376,164.595,29794,164.593323
2023-04-06 17:47:00+00:00,164.53,164.591,164.5023,509,164.59,56839,164.543691
2023-04-06 17:48:00+00:00,164.594,164.62,164.52,561,164.5233,54018,164.576884
2023-04-06 17:49:00+00:00,164.65,164.66,164.6,431,164.6,29586,164.628495
2023-04-06 17:50:00+00:00,164.665,164.685,164.61,520,164.655,52774,164.654547
2023-04-06 17:51:00+00:00,164.69,164.71,164.632,489,164.666,50907,164.669906
2023-04-06 17:52:00+00:00,164.67,164.685,164.62,744,164.6849,68175,164.642975
2023-04-06 17:53:00+00:00,164.6591,164.75,164.6,1193,164.6725,108748,164.688866
2023-04-06 17:54:00+00:00,164.69,164.705,164.6336,554,164.6628,68746,164.672096
2023-04-06 17:55:00+00:00,164.64,164.705,164.62,481,164.6988,44269,164.659903
2023-04-06 17:56:00+00:00,164.65,164.66,164.62,391,164.65,38241,164.640174
2023-04-06 17:57:00+00:00,164.64,164.6801,164.615,803,164.655,98569,164.646578
2023-04-06 17:58:00+00:00,164.7801,164.7883,164.635,723,164.6499,81425,164.725254
2023-04-06 17:59:00+00:00,164.81,164.81,164.7501,693,164.785,86834,164.786669
2023-04-06 18:00:00+00:00,164.82,164.87,164.79,815,164.81,104203,164.826251
2023-04-06 18:01:00+00:00,164.79,164.83,164.77,790,164.8286,61765,164.800002
2023-04-06 18:02:00+00:00,164.75,164.83,164.7375,977,164.8,99345,164.793646
2023-04-06 18:03:00+00:00,164.575,164.76,164.57,1005,164.74,86925,164.668391
2023-04-06 18:04:00+00:00,164.61,164.64,164.555,651,164.58,69002,164.59974
2023-04-06 18:05:00+00:00,164.62,164.66,164.6,543,164.605,43170,164.628855
2023-04-06 18:06:00+00:00,164.7055,164.72,164.625,512,164.63,47695,164.671255
2023-04-06 18:07:00+00:00,164.745,164.78,164.7,564,164.7,73803,164.738814
2023-04-06 18:08:00+00:00,164.815,164.825,164.73,635,164.745,64490,164.783087
2023-04-06 18:09:00+00:00,164.75,164.83,164.73,639,164.825,55276,164.777661
2023-04-06 18:10:00+00:00,164.82,164.82,164.735,547,164.75,51991,164.78722
2023-04-06 18:11:00+00:00,164.7101,164.84,164.71,567,164.825,51280,164.79794
2023-04-06 18:12:00+00:00,164.75,164.77,164.7099,480,164.71,35530,164.734944
2023-04-06 18:13:00+00:00,164.739,164.78,164.7201,437,164.75,32301,164.759105
2023-04-06 18:14:00+00:00,164.8,164.8,164.73,556,164.735,47683,164.770589
2023-04-06 18:15:00+00:00,164.805,164.85,164.78,692,164.7977,57471,164.819539
2023-04-06 18:16:00+00:00,164.705,164.845,164.68,648,164.805,76195,164.763809
2023-04-06 18:17:00+00:00,164.706,164.76,164.7,604,164.71,42483,164.731745
2023-04-06 18:18:00+00:00,164.725,164.75,164.6941,426,164.705,26487,164.722499
2023-04-06 18:19:00+00:00,164.78,164.78,164.71,686,164.73,49894,164.74872
2023-04-06 18:20:00+00:00,164.72,164.7861,164.71,469,164.78,39837,164.743919
2023-04-06 18:21:00+00:00,164.67,164.72,164.67,498,164.71,44715,164.691937
2023-04-06 18:22:00+00:00,164.7732,164.78,164.6701,609,164.6786,46433,164.746309
2023-04-06 18:23:00+00:00,164.775,164.8,164.73,661,164.78,57329,164.770783
2023-04-06 18:24:00+00:00,164.7585,164.785,164.73,480,164.78,33199,164.757323
2023-04-06 18:25:00+00:00,164.75,164.8099,164.74,502,164.7568,41227,164.775683
2023-04-06 18:26:00+00:00,164.83,164.84,164.74,645,164.74,55985,164.799377
2023-04-06 18:27:00+00:00,164.7984,164.8347,164.77,428,164.83,31132,164.79985
2023-04-06 18:28:00+00:00,164.8007,164.81,164.775,486,164.795,37780,164.79054
2023-04-06 18:29:00+00:00,164.81,164.82,164.7801,405,164.8,22359,164.801981
2023-04-06 18:30:00+00:00,164.86,164.88,164.81,720,164.81,80278,164.853335
2023-04-06 18:31:00+00:00,164.815,164.88,164.81,536,164.8607,53771,164.846892
2023-04-06 18:32:00+00:00,164.855,164.88,164.81,614,164.815,48924,164.853716
2023-04-06 18:33:00+00:00,164.81,164.9,164.8,849,164.86,74920,164.86384
2023-04-06 18:34:00+00:00,164.87,164.88,164.8,536,164.82,55783,164.840804
2023-04-06 18:35:00+00:00,164.9017,164.91,164.85,649,164.8675,46916,164.87847
2023-04-06 18:36:00+00:00,164.89,164.94,164.8701,689,164.9016,63206,164.910597
2023-04-06 18:37:00+00:00,164.89,164.92,164.87,634,164.89,56254,164.89542
2023-04-06 18:38:00+00:00,164.88,164.8956,164.86,474,164.8956,43763,164.873314
2023-04-06 18:39:00+00:00,164.8,164.8841,164.78,571,164.8841,36576,164.828912
2023-04-06 18:40:00+00:00,164.83,164.8581,164.781,517,164.8,43574,164.821157
2023-04-06 18:41:00+00:00,164.8413,164.87,164.81,741,164.8222,53197,164.829849
2023-04-06 18:42:00+00:00,164.78,164.845,164.76,719,164.84,62977,164.801031
2023-04-06 18:43:00+00:00,164.8,164.83,164.77,507,164.77,36635,164.802833
2023-04-06 18:44:00+00:00,164.79,164.79,164.74,572,164.79,39604,164.764659
2023-04-06 18:45:00+00:00,164.78,164.815,164.74,570,164.8,46216,164.774869
2023-04-06 18:46:00+00:00,164.8122,164.83,164.77,506,164.78,29411,164.796847
2023-04-06 18:47:00+00:00,164.8101,164.86,164.791,551,164.8101,65353,164.826088
2023-04-06 18:48:00+00:00,164.79,164.805,164.77,478,164.8,40305,164.782726
2023-04-06 18:49:00+00:00,164.7516,164.8199,164.75,643,164.78,59492,164.78469
2023-04-06 18:50:00+00:00,164.7401,164.79,164.74,738,164.76,61457,164.765027
2023-04-06 18:51:00+00:00,164.745,164.7665,164.73,917,164.75,70543,164.744568
2023-04-06 18:52:00+00:00,164.74,164.78,164.74,559,164.75,37149,164.757508
2023-04-06 18:53:00+00:00,164.785,164.8181,164.745,715,164.75,61114,164.778511
2023-04-06 18:54:00+00:00,164.78,164.82,164.76,411,164.785,27048,164.791079
2023-04-06 18:55:00+00:00,164.705,164.79,164.69,693,164.785,55499,164.731148
2023-04-06 18:56:00+00:00,164.64,164.72,164.64,810,164.7,72157,164.669742
2023-04-06 18:57:00+00:00,164.62,164.68,164.61,910,164.64,89945,164.637167
2023-04-06 18:58:00+00:00,164.6268,164.635,164.6,759,164.61,64168,164.625312
2023-04-06 18:59:00+00:00,164.65,164.685,164.606,724,164.62,73641,164.658608
2023-04-06 19:00:00+00:00,164.6979,164.745,164.65,699,164.65,70042,164.70133
2023-04-06 19:01:00+00:00,164.78,164.825,164.7,947,164.7,107069,164.7824
2023-04-06 19:02:00+00:00,164.71,164.8,164.67,639,164.7761,70814,164.731924
2023-04-06 19:03:00+00:00,164.71,164.725,164.68,596,164.7,45649,164.699839
2023-04-06 19:04:00+00:00,164.74,164.76,164.685,795,164.7169,91234,164.729909
2023-04-06 19:05:00+00:00,164.755,164.79,164.68,820,164.73,66881,164.739061
2023-04-06 19:06:00+00:00,164.8015,164.81,164.7304,551,164.76,56217,164.771486
2023-04-06 19:07:00+00:00,164.7747,164.81,164.725,694,164.805,67806,164.772388
2023-04-06 19:08:00+00:00,164.72,164.77,164.695,846,164.7684,83323,164.733816
2023-04-06 19:09:00+00:00,164.68,164.73,164.665,607,164.7105,52001,164.699824
2023-04-06 19:10:00+00:00,164.675,164.685,164.64,715,164.68,57308,164.660946
2023-04-06 19:11:00+00:00,164.63,164.68,164.6,638,164.68,52212,164.630282
2023-04-06 19:12:00+00:00,164.66,164.67,164.6328,624,164.64,56297,164.653532
2023-04-06 19:13:00+00:00,164.64,164.68,164.61,754,164.66,80675,164.6351
2023-04-06 19:14:00+00:00,164.67,164.72,164.62,927,164.635,96816,164.659106
2023-04-06 19:15:00+00:00,164.58,164.6721,164.565,798,164.67,79671,164.623746
2023-04-06 19:16:00+00:00,164.58,164.59,164.53,827,164.58,75070,164.564766
2023-04-06 19:17:00+00:00,164.5677,164.58,164.54,653,164.575,58140,164.55584
2023-04-06 19:18:00+00:00,164.54,164.57,164.52,651,164.56,51671,164.544113
2023-04-06 19:19:00+00:00,164.515,164.55,164.48,778,164.535,69531,164.513296
2023-04-06 19:20:00+00:00,164.528,164.56,164.48,864,164.5123,88828,164.507291
2023-04-06 19:21:00+00:00,164.576,164.5984,164.52,913,164.53,83923,164.554659
2023-04-06 19:22:00+00:00,164.59,164.61,164.53,790,164.58,72292,164.573805
2023-04-06 19:23:00+00:00,164.59,164.615,164.56,650,164.595,71724,164.587203
2023-04-06 19:24:00+00:00,164.585,164.61,164.54,916,164.58,108510,164.581456
2023-04-06 19:25:00+00:00,164.6048,164.63,164.575,761,164.585,75329,164.600886
2023-04-06 19:26:00+00:00,164.62,164.63,164.5682,809,164.61,82764,164.606022
2023-04-06 19:27:00+00:00,164.53,164.64,164.52,1111,164.62,97121,164.599693
2023-04-06 19:28:00+00:00,164.51,164.555,164.5,653,164.53,58804,164.528695
2023-04-06 19:29:00+00:00,164.515,164.549,164.47,920,164.51,83752,164.506026
2023-04-06 19:30:00+00:00,164.57,164.61,164.51,1126,164.52,99218,164.56728
2023-04-06 19:31:00+00:00,164.58,164.63,164.57,990,164.575,97812,164.60279
2023-04-06 19:32:00+00:00,164.66,164.66,164.57,932,164.58,75403,164.61604
2023-04-06 19:33:00+00:00,164.735,164.74,164.6691,1180,164.67,138792,164.707365
2023-04-06 19:34:00+00:00,164.725,164.74,164.68,1046,164.73,103694,164.713835
2023-04-06 19:35:00+00:00,164.72,164.7599,164.7001,914,164.725,101071,164.736794
2023-04-06 19:36:00+00:00,164.66,164.73,164.655,850,164.71,66709,164.694811
2023-04-06 19:37:00+00:00,164.72,164.725,164.66,750,164.6601,72423,164.687816
2023-04-06 19:38:00+00:00,164.68,164.725,164.655,791,164.7247,65922,164.68936
2023-04-06 19:39:00+00:00,164.62,164.675,164.605,820,164.675,64800,164.638147
2023-04-06 19:40:00+00:00,164.5775,164.61,164.545,1034,164.61,87222,164.57937
2023-04-06 19:41:00+00:00,164.57,164.5877,164.53,837,164.575,88090,164.558051
2023-04-06 19:42:00+00:00,164.5482,164.575,164.5,1106,164.575,89436,164.535875
2023-04-06 19:43:00+00:00,164.5385,164.58,164.5,1015,164.545,108351,164.533535
2023-04-06 19:44:00+00:00,164.555,164.575,164.5009,994,164.54,96397,164.542035
2023-04-06 19:45:00+00:00,164.434,164.56,164.43,1363,164.555,153403,164.491076
2023-04-06 19:46:00+00:00,164.445,164.47,164.395,1019,164.43,94870,164.431952
2023-04-06 19:47:00+00:00,164.45,164.4799,164.43,884,164.445,67414,164.465879
2023-04-06 19:48:00+00:00,164.43,164.465,164.38,1307,164.45,120508,164.421531
2023-04-06 19:49:00+00:00,164.475,164.5,164.43,989,164.43,96881,164.470835
2023-04-06 19:50:00+00:00,164.435,164.575,164.41,2287,164.51,222857,164.502526
2023-04-06 19:51:00+00:00,164.45,164.48,164.415,1506,164.43,127669,164.447999
2023-04-06 19:52:00+00:00,164.42,164.44,164.36,1840,164.44,170733,164.393675
2023-04-06 19:53:00+00:00,164.37,164.43,164.35,1676,164.42,141920,164.387268
2023-04-06 19:54:00+00:00,164.3801,164.42,164.32,1951,164.375,187523,164.366044
2023-04-06 19:55:00+00:00,164.545,164.555,164.39,3110,164.39,368948,164.454757
2023-04-06 19:56:00+00:00,164.56,164.58,164.49,1812,164.54,167298,164.53376
2023-04-06 19:57:00+00:00,164.59,164.6,164.55,1952,164.5525,213092,164.580494
2023-04-06 19:58:00+00:00,164.63,164.69,164.59,2545,164.59,263650,164.644867
2023-04-06 19:59:00+00:00,164.65,164.67,164.5201,5353,164.63,740503,164.599526
2023-04-06 20:00:00+00:00,164.63,164.66,164.59,158,164.65,11381907,164.659985
2023-04-06 20:01:00+00:00,164.68,164.69,164.65,100,164.67,86402,164.660566
2023-04-06 20:02:00+00:00,164.68,164.7,164.66,62,164.68,285317,164.660407
2023-04-06 20:03:00+00:00,164.66,164.68,164.66,41,164.68,5988,164.674375
2023-04-06 20:04:00+00:00,164.66,164.69,164.66,29,164.67,6041,164.673683
2023-04-06 20:05:00+00:00,164.66,164.66,164.66,33,164.66,2203,164.660268
2023-04-06 20:06:00+00:00,164.67,164.67,164.67,23,164.67,1072,164.669454
2023-04-06 20:07:00+00:00,164.65,164.67,164.65,81,164.66,23029,164.659988
2023-04-06 20:08:00+00:00,164.66,164.66,164.66,26,164.66,69054,164.659998
2023-04-06 20:09:00+00:00,164.66,164.66,164.64,9,164.64,11499,164.658894
2023-04-06 20:10:00+00:00,164.66,164.66,164.65,14,164.65,462,164.652973
2023-04-06 20:11:00+00:00,164.65,164.66,164.65,19,164.66,353,164.61958
2023-04-06 20:12:00+00:00,164.65,164.65,164.65,20,164.65,4388,164.658462
2023-04-06 20:13:00+00:00,164.62,164.66,164.62,40,164.65,4043,164.635988
2023-04-06 20:14:00+00:00,164.66,164.66,164.66,33,164.66,15114,164.659175
2023-04-06 20:15:00+00:00,164.63,164.63,164.63,13,164.63,415,164.619892
2023-04-06 20:16:00+00:00,164.57,164.6,164.57,20,164.6,903,164.587248
2023-04-06 20:18:00+00:00,164.6,164.6,164.59,12,164.59,585,164.591778
2023-04-06 20:19:00+00:00,164.6,164.6,164.6,13,164.6,1040,164.599692
2023-04-06 20:20:00+00:00,164.59,164.6,164.59,32,164.59,4106,164.592519
2023-04-06 20:21:00+00:00,164.62,164.64,164.61,32,164.64,625,164.620168
2023-04-06 20:24:00+00:00,164.62,164.62,164.62,12,164.62,648,164.617809
2023-04-06 20:25:00+00:00,164.58,164.58,164.58,14,164.58,325,164.580462
2023-04-06 20:26:00+00:00,164.61,164.61,164.61,21,164.61,296,164.593841
2023-04-06 20:28:00+00:00,164.62,164.66,164.61,53,164.61,3582,164.61606
2023-04-06 20:30:00+00:00,164.55,164.64,164.55,42,164.64,1546,164.60185
2023-04-06 20:31:00+00:00,164.6,164.6,164.58,16,164.58,347,164.595245
2023-04-06 20:33:00+00:00,164.58,164.59,164.58,15,164.59,3065,164.581126
2023-04-06 20:34:00+00:00,164.62,164.62,164.6,15,164.6,863,164.610463
2023-04-06 20:35:00+00:00,164.63,164.63,164.62,44,164.62,717,164.619819
2023-04-06 20:36:00+00:00,164.61,164.61,164.61,7,164.61,1455,164.610026
2023-04-06 20:38:00+00:00,164.58,164.61,164.58,19,164.61,501,164.59006
2023-04-06 20:39:00+00:00,164.58,164.59,164.58,17,164.59,547,164.585905
2023-04-06 20:43:00+00:00,164.56,164.56,164.56,16,164.56,128,164.5625
2023-04-06 20:44:00+00:00,164.66,164.66,164.58,21,164.58,10288,164.658472
2023-04-06 20:45:00+00:00,164.6,164.6,164.56,24,164.56,1771,164.596448
2023-04-06 20:46:00+00:00,164.61,164.61,164.61,19,164.61,353,164.608399
2023-04-06 20:47:00+00:00,164.61,164.61,164.61,9,164.61,502,164.61011
2023-04-06 20:48:00+00:00,164.61,164.61,164.61,18,164.61,251,164.610837
2023-04-06 20:49:00+00:00,164.58,164.6001,164.58,16,164.6001,598452,164.659957
2023-04-06 20:50:00+00:00,164.6,164.6,164.6,20,164.6,337,164.590623
2023-04-06 20:51:00+00:00,164.59,164.6,164.59,11,164.6,1218,164.591712
2023-04-06 20:54:00+00:00,164.59,164.62,164.59,11,164.62,435,164.605529
2023-04-06 20:55:00+00:00,164.6,164.6,164.6,12,164.6,147,164.598061
2023-04-06 20:56:00+00:00,164.6,164.6,164.6,17,164.6,409,164.59989
2023-04-06 20:59:00+00:00,164.6,164.6,164.6,12,164.6,442,164.595204
2023-04-06 21:01:00+00:00,164.5999,164.5999,164.5999,10,164.5999,225,164.586222
2023-04-06 21:02:00+00:00,164.6,164.66,164.6,16,164.66,12592,164.659055
2023-04-06 21:05:00+00:00,164.61,164.61,164.58,23,164.58,881,164.594926
2023-04-06 21:06:00+00:00,164.62,164.62,164.62,15,164.62,611,166.369394
2023-04-06 21:08:00+00:00,164.64,164.64,164.64,9,164.64,818,164.638991
2023-04-06 21:09:00+00:00,164.59,164.59,164.59,19,164.59,308,164.591656
2023-04-06 21:11:00+00:00,164.62,164.62,164.6,18,164.62,991,164.611675
2023-04-06 21:14:00+00:00,164.61,164.64,164.61,9,164.64,319,164.620125
2023-04-06 21:15:00+00:00,164.59,164.62,164.59,9,164.62,1067,164.598782
2023-04-06 21:19:00+00:00,164.6,164.6,164.6,11,164.6,314,164.600487
2023-04-06 21:20:00+00:00,164.6,164.62,164.6,10,164.62,383,164.61436
2023-04-06 21:21:00+00:00,164.62,164.64,164.62,19,164.62,748,164.622627
2023-04-06 21:22:00+00:00,164.62,164.62,164.62,19,164.62,1980,164.619758
2023-04-06 21:24:00+00:00,164.62,164.62,164.62,16,164.62,519,164.621753
2023-04-06 21:26:00+00:00,164.63,164.63,164.62,7,164.62,631,164.624342
2023-04-06 21:28:00+00:00,164.6,164.6,164.6,17,164.6,328,164.601601
2023-04-06 21:29:00+00:00,164.6,164.6,164.6,14,164.6,217,164.602187
2023-04-06 21:33:00+00:00,164.62,164.62,164.62,12,164.62,451,164.621463
2023-04-06 21:36:00+00:00,164.62,164.62,164.62,10,164.62,1108,164.619549
2023-04-06 21:41:00+00:00,164.62,164.62,164.62,14,164.62,243,164.62177
2023-04-06 21:47:00+00:00,164.62,164.62,164.62,6,164.62,144,164.62
2023-04-06 21:49:00+00:00,164.62,164.62,164.62,11,164.62,306,164.620049
2023-04-06 21:50:00+00:00,164.62,164.62,164.62,15,164.62,362,164.620249
2023-04-06 21:51:00+00:00,164.62,164.62,164.62,9,164.62,827,164.619867
2023-04-06 21:53:00+00:00,164.6,164.62,164.6,27,164.62,1862,164.611713
2023-04-06 21:54:00+00:00,164.58,164.58,164.58,12,164.58,223,164.579552
2023-04-06 21:57:00+00:00,164.6,164.6,164.57,33,164.58,1626,164.588985
2023-04-06 21:58:00+00:00,164.58,164.58,164.58,12,164.58,659,164.579666
2023-04-06 22:00:00+00:00,164.52,164.58,164.52,69,164.5799,5720,164.558757
2023-04-06 22:01:00+00:00,164.54,164.54,164.54,8,164.54,248,164.538407
2023-04-06 22:02:00+00:00,164.55,164.55,164.55,7,164.55,5306,164.55
2023-04-06 22:03:00+00:00,164.5128,164.5128,164.51,9,164.51,519,164.511489
2023-04-06 22:04:00+00:00,164.57,164.57,164.57,12,164.57,274,164.561642
2023-04-06 22:05:00+00:00,164.54,164.54,164.54,3,164.54,102,164.54
2023-04-06 22:11:00+00:00,164.57,164.57,164.53,18,164.53,1332,164.539437
2023-04-06 22:12:00+00:00,164.58,164.58,164.58,12,164.58,966,164.579203
2023-04-06 22:24:00+00:00,164.52,164.59,164.52,25,164.59,2403,164.555984
2023-04-06 22:28:00+00:00,164.59,164.59,164.59,10,164.59,135,164.590222
2023-04-06 22:32:00+00:00,164.54,164.5407,164.54,10,164.54,2965,164.540729
2023-04-06 22:38:00+00:00,164.56,164.56,164.56,3,164.56,106,164.559009
2023-04-06 22:40:00+00:00,164.56,164.56,164.56,3,164.56,302,164.559868
2023-04-06 22:41:00+00:00,164.5432,164.5432,164.5432,2,164.5432,146,164.543349
2023-04-06 22:48:00+00:00,164.5434,164.5434,164.5434,2,164.5434,262,164.542362
2023-04-06 22:49:00+00:00,164.59,164.59,164.59,16,164.59,368,164.580742
2023-04-06 22:50:00+00:00,164.6,164.6,164.6,10,164.6,1111,164.599617
2023-04-06 22:51:00+00:00,164.6,164.6,164.59,11,164.59,684,164.595044
2023-04-06 22:52:00+00:00,164.52,164.52,164.52,8,164.52,320,164.522
2023-04-06 23:00:00+00:00,164.57,164.57,164.57,5,164.57,268,164.573134
2023-04-06 23:05:00+00:00,164.57,164.57,164.57,17,164.57,496,164.565091
2023-04-06 23:13:00+00:00,164.55,164.55,164.55,7,164.55,710,164.551155
2023-04-06 23:14:00+00:00,164.54,164.54,164.54,10,164.54,248,164.546048
2023-04-06 23:16:00+00:00,164.56,164.56,164.53,22,164.54,565,164.54723
2023-04-06 23:17:00+00:00,164.53,164.53,164.53,24,164.53,858,164.530122
2023-04-06 23:19:00+00:00,164.53,164.55,164.51,11,164.55,508,164.536634
2023-04-06 23:20:00+00:00,164.53,164.53,164.53,8,164.53,501,164.527455
2023-04-06 23:24:00+00:00,164.53,164.53,164.53,9,164.53,415,164.530361
2023-04-06 23:28:00+00:00,164.52,164.52,164.52,5,164.52,159,164.521258
2023-04-06 23:30:00+00:00,164.55,164.55,164.55,10,164.55,138,164.546594
2023-04-06 23:32:00+00:00,164.53,164.53,164.5299,10,164.5299,335,164.527463
2023-04-06 23:33:00+00:00,164.52,164.52,164.52,5,164.52,314,164.520191
2023-04-06 23:36:00+00:00,164.52,164.52,164.52,6,164.52,517,164.520116
2023-04-06 23:38:00+00:00,164.53,164.53,164.53,9,164.53,482,164.526712
2023-04-06 23:40:00+00:00,164.55,164.55,164.55,12,164.55,496,164.546119
2023-04-06 23:41:00+00:00,164.52,164.52,164.52,13,164.52,275,164.518255
2023-04-06 23:42:00+00:00,164.5101,164.5101,164.5101,7,164.5101,1714,164.51028
2023-04-06 23:43:00+00:00,164.55,164.55,164.52,26,164.52,3050,164.530059
2023-04-06 23:45:00+00:00,164.54,164.54,164.52,15,164.52,550,164.529727
2023-04-06 23:46:00+00:00,164.54,164.54,164.54,12,164.54,224,164.539442
2023-04-06 23:47:00+00:00,164.55,164.55,164.53,16,164.54,899,164.540756
2023-04-06 23:49:00+00:00,164.5201,164.5201,164.5201,8,164.5201,156,164.529167
2023-04-06 23:51:00+00:00,164.55,164.55,164.55,10,164.55,150,164.548067
2023-04-06 23:54:00+00:00,164.54,164.55,164.54,23,164.55,727,164.545076
2023-04-06 23:56:00+00:00,164.55,164.55,164.55,8,164.55,209,164.549617
2023-04-06 23:57:00+00:00,164.55,164.55,164.55,18,164.55,663,164.548009
2023-04-06 23:59:00+00:00,164.59,164.59,164.59,23,164.59,1046,164.588547
