timestamp,close,high,low,trade_count,open,volume,vwap
2023-07-06 08:00:00+00:00,190.25,190.55,190.25,130,190.53,2608,190.40431
2023-07-06 08:01:00+00:00,190.16,190.38,190.12,73,190.2,2370,190.234911
2023-07-06 08:02:00+00:00,190.13,190.13,190.13,4,190.13,150,190.122733
2023-07-06 08:03:00+00:00,190.2,190.24,190.2,48,190.24,2101,190.221813
2023-07-06 08:04:00+00:00,190.13,190.13,190.13,24,190.13,622,190.081994
2023-07-06 08:07:00+00:00,190.06,190.07,190.03,36,190.07,1494,190.052992
2023-07-06 08:09:00+00:00,190.14,190.15,190.14,26,190.15,810,190.141407
2023-07-06 08:10:00+00:00,190.07,190.08,190.07,28,190.08,1105,190.081964
2023-07-06 08:12:00+00:00,190.12,190.12,190.12,7,190.12,178,190.112135
2023-07-06 08:13:00+00:00,190.07,190.07,190.07,12,190.07,372,190.086344
2023-07-06 08:14:00+00:00,190.08,190.09,190.08,15,190.09,1579,190.08323
2023-07-06 08:15:00+00:00,190.08,190.08,190.07,26,190.07,1902,190.076251
2023-07-06 08:18:00+00:00,190.14,190.14,190.14,12,190.14,601,190.112646
2023-07-06 08:19:00+00:00,190.14,190.14,190.14,26,190.14,775,190.139381
2023-07-06 08:20:00+00:00,190.13,190.13,190.13,12,190.13,130,190.119308
2023-07-06 08:21:00+00:00,190.04,190.07,190.04,20,190.07,648,190.053287
2023-07-06 08:22:00+00:00,190.02,190.04,190.02,30,190.04,1076,190.032574
2023-07-06 08:23:00+00:00,190.03,190.03,190.03,20,190.03,1537,190.031698
2023-07-06 08:24:00+00:00,190.03,190.03,190.03,20,190.03,430,190.056767
2023-07-06 08:26:00+00:00,190.03,190.03,190.03,10,190.03,598,190.031438
2023-07-06 08:27:00+00:00,190.04,190.04,190.04,16,190.04,1810,190.040238
2023-07-06 08:28:00+00:00,190.03,190.03,190.03,21,190.03,336,190.040089
2023-07-06 08:33:00+00:00,190.07,190.07,190.07,8,190.07,263,190.062814
2023-07-06 08:34:00+00:00,190.07,190.07,190.07,11,190.07,298,190.065369
2023-07-06 08:36:00+00:00,190.04,190.04,190.04,38,190.04,868,190.047108
2023-07-06 08:40:00+00:00,190.09,190.1,190.09,9,190.1,380,190.090079
2023-07-06 08:42:00+00:00,190.18,190.18,190.18,36,190.18,847,190.171251
2023-07-06 08:43:00+00:00,190.27,190.27,190.27,14,190.27,635,190.254567
2023-07-06 08:44:00+00:00,190.27,190.27,190.27,17,190.27,656,190.270732
2023-07-06 08:45:00+00:00,190.22,190.22,190.22,22,190.22,567,190.255079
2023-07-06 08:52:00+00:00,190.38,190.38,190.38,17,190.38,995,190.363307
2023-07-06 08:58:00+00:00,190.34,190.35,190.34,36,190.34,1728,190.343247
2023-07-06 08:59:00+00:00,190.34,190.35,190.34,4,190.35,1600,190.349375
2023-07-06 09:00:00+00:00,190.3,190.35,190.3,46,190.35,2419,190.325928
2023-07-06 09:01:00+00:00,190.28,190.28,190.28,10,190.28,551,190.279347
2023-07-06 09:05:00+00:00,190.18,190.24,190.18,38,190.21,1538,190.21288
2023-07-06 09:08:00+00:00,190.21,190.21,190.21,8,190.21,278,190.210144
2023-07-06 09:10:00+00:00,190.34,190.34,190.32,18,190.32,880,190.319693
2023-07-06 09:14:00+00:00,190.39,190.39,190.37,33,190.37,1755,190.384228
2023-07-06 09:18:00+00:00,190.38,190.38,190.38,6,190.38,601,190.3798
2023-07-06 09:24:00+00:00,190.4,190.4,190.35,42,190.35,1432,190.360454
2023-07-06 09:31:00+00:00,190.38,190.38,190.38,33,190.38,1260,190.378714
2023-07-06 09:32:00+00:00,190.38,190.38,190.38,23,190.38,891,190.365679
2023-07-06 09:41:00+00:00,190.25,190.25,190.25,6,190.25,423,190.250426
2023-07-06 09:44:00+00:00,190.21,190.21,190.21,20,190.21,287,190.23122
2023-07-06 09:47:00+00:00,190.25,190.25,190.25,11,190.25,382,190.254817
2023-07-06 09:50:00+00:00,190.29,190.29,190.29,9,190.29,160,190.27075
2023-07-06 09:56:00+00:00,190.23,190.23,190.23,7,190.23,123,190.229756
2023-07-06 10:00:00+00:00,190.25,190.25,190.25,7,190.25,1046,190.250076
2023-07-06 10:01:00+00:00,190.24,190.24,190.24,13,190.24,573,190.242757
2023-07-06 10:05:00+00:00,190.24,190.24,190.24,37,190.24,1039,190.243032
2023-07-06 10:06:00+00:00,190.22,190.22,190.22,22,190.22,564,190.242926
2023-07-06 10:07:00+00:00,190.23,190.24,190.23,9,190.24,470,190.237319
2023-07-06 10:08:00+00:00,190.14,190.18,190.14,81,190.18,2948,190.166333
2023-07-06 10:09:00+00:00,190.11,190.11,190.11,39,190.11,929,190.105457
2023-07-06 10:12:00+00:00,190.11,190.15,190.11,31,190.14,1676,190.134338
2023-07-06 10:16:00+00:00,190.09,190.09,190.09,19,190.09,393,190.091349
2023-07-06 10:18:00+00:00,190.1,190.1,190.1,6,190.1,759,190.100896
2023-07-06 10:20:00+00:00,190.15,190.15,190.15,18,190.15,2197,190.148644
2023-07-06 10:24:00+00:00,190.06,190.1,190.06,25,190.1,1246,190.093523
2023-07-06 10:27:00+00:00,190.09,190.15,190.09,10,190.15,391,190.114655
2023-07-06 10:33:00+00:00,190.08,190.13,190.08,29,190.13,763,190.120498
2023-07-06 10:34:00+00:00,190.05,190.08,190.05,60,190.08,2763,190.071162
2023-07-06 10:38:00+00:00,190.11,190.11,190.11,5,190.11,291,190.11
2023-07-06 10:42:00+00:00,190.17,190.17,190.17,6,190.17,157,190.17
2023-07-06 10:44:00+00:00,190.08,190.08,190.08,21,190.08,373,190.106166
2023-07-06 10:45:00+00:00,190.07,190.1,190.07,20,190.07,848,190.076969
2023-07-06 10:46:00+00:00,190.05,190.05,190.04,33,190.05,1916,190.048319
2023-07-06 10:47:00+00:00,190.05,190.06,190.05,11,190.06,778,190.053316
2023-07-06 10:49:00+00:00,190.05,190.05,190.05,15,190.05,433,190.054781
2023-07-06 10:51:00+00:00,190.2,190.2,190.15,31,190.15,2899,190.17762
2023-07-06 10:54:00+00:00,190.07,190.2,190.07,46,190.2,2429,190.165097
2023-07-06 10:55:00+00:00,190.06,190.1,190.06,32,190.07,1830,190.073137
2023-07-06 10:56:00+00:00,190.06,190.1,190.06,17,190.1,1101,190.075786
2023-07-06 10:57:00+00:00,190.1,190.1,190.05,29,190.05,1282,190.075179
2023-07-06 11:00:00+00:00,190.2,190.24,190.05,322,190.07,11719,190.166321
2023-07-06 11:01:00+00:00,190.28,190.28,190.26,54,190.28,2883,190.247405
2023-07-06 11:02:00+00:00,190.27,190.27,190.13,108,190.13,6436,190.214866
2023-07-06 11:03:00+00:00,190.15,190.17,190.1,85,190.17,3666,190.13793
2023-07-06 11:04:00+00:00,190.15,190.15,190.09,35,190.1,2364,190.106844
2023-07-06 11:05:00+00:00,190.15,190.17,190.15,11,190.17,482,190.1639
2023-07-06 11:06:00+00:00,190.24,190.24,190.19,31,190.19,1750,190.208526
2023-07-06 11:07:00+00:00,190.25,190.25,190.23,52,190.23,2959,190.241717
2023-07-06 11:09:00+00:00,190.14,190.3,190.14,85,190.26,4283,190.219867
2023-07-06 11:10:00+00:00,190.2,190.23,190.2,25,190.23,1081,190.204903
2023-07-06 11:11:00+00:00,190.15,190.17,190.15,36,190.17,1948,190.156463
2023-07-06 11:12:00+00:00,190.15,190.17,190.15,40,190.15,3406,190.155746
2023-07-06 11:13:00+00:00,190.11,190.16,190.09,101,190.13,6961,190.109845
2023-07-06 11:15:00+00:00,190.13,190.19,190.13,19,190.19,630,190.144698
2023-07-06 11:16:00+00:00,190.12,190.13,190.1,23,190.13,1676,190.117273
2023-07-06 11:17:00+00:00,190.15,190.15,190.14,13,190.14,545,190.145633
2023-07-06 11:18:00+00:00,190.24,190.24,190.19,78,190.19,2591,190.23364
2023-07-06 11:19:00+00:00,190.12,190.24,190.12,74,190.24,2233,190.175011
2023-07-06 11:20:00+00:00,190.12,190.13,190.12,20,190.13,892,190.132141
2023-07-06 11:21:00+00:00,190.16,190.16,190.16,15,190.16,857,190.158786
2023-07-06 11:22:00+00:00,190.16,190.16,190.16,37,190.16,1075,190.172874
2023-07-06 11:23:00+00:00,190.18,190.18,190.18,24,190.18,1011,190.184253
2023-07-06 11:24:00+00:00,190.19,190.2,190.19,18,190.19,1478,190.197733
2023-07-06 11:26:00+00:00,190.19,190.2,190.19,21,190.2,1022,190.187877
2023-07-06 11:27:00+00:00,190.2,190.23,190.16,32,190.16,1682,190.196076
2023-07-06 11:30:00+00:00,190.2,190.2,190.2,18,190.2,427,190.20178
2023-07-06 11:31:00+00:00,190.2,190.2,190.2,24,190.2,664,190.184021
2023-07-06 11:32:00+00:00,190.14,190.23,190.14,85,190.16,4803,190.185476
2023-07-06 11:33:00+00:00,190.12,190.13,190.12,54,190.13,1564,190.126873
2023-07-06 11:35:00+00:00,190.1,190.1,190.1,36,190.1,1529,190.102034
2023-07-06 11:36:00+00:00,190.06,190.1,190.05,55,190.1,2781,190.069835
2023-07-06 11:37:00+00:00,190.21,190.23,190.07,129,190.07,5666,190.201285
2023-07-06 11:38:00+00:00,190.16,190.16,190.11,32,190.13,1453,190.13521
2023-07-06 11:39:00+00:00,190.15,190.2,190.15,46,190.19,1728,190.182523
2023-07-06 11:40:00+00:00,190.16,190.16,190.16,32,190.16,526,190.16576
2023-07-06 11:41:00+00:00,190.14,190.15,190.11,33,190.15,2358,190.138355
2023-07-06 11:42:00+00:00,190.15,190.15,190.15,21,190.15,539,190.149499
2023-07-06 11:43:00+00:00,190.09,190.11,190.09,57,190.11,2217,190.104799
2023-07-06 11:44:00+00:00,190.1,190.1,190.08,30,190.1,2052,190.092407
2023-07-06 11:46:00+00:00,190.1,190.13,190.1,28,190.13,1477,190.107129
2023-07-06 11:47:00+00:00,190.06,190.1,190.06,37,190.1,2356,190.080756
2023-07-06 11:48:00+00:00,190.07,190.1,190.05,45,190.05,2179,190.075489
2023-07-06 11:49:00+00:00,190.08,190.08,190.08,7,190.08,486,190.082119
2023-07-06 11:50:00+00:00,190.08,190.09,190.08,6,190.09,573,190.082792
2023-07-06 11:54:00+00:00,190.15,190.15,190.15,31,190.15,1154,190.147912
2023-07-06 11:55:00+00:00,190.155,190.155,190.155,10,190.155,452,190.156195
2023-07-06 11:56:00+00:00,190.2,190.2,190.18,47,190.18,3416,190.194783
2023-07-06 11:57:00+00:00,190.19,190.19,190.15,91,190.17,3607,190.17448
2023-07-06 11:58:00+00:00,190.22,190.22,190.22,5,190.22,370,190.222973
2023-07-06 11:59:00+00:00,190.11,190.18,190.11,82,190.18,2126,190.158547
2023-07-06 12:00:00+00:00,190.1,190.3,190.05,547,190.18,218272,191.079722
2023-07-06 12:01:00+00:00,191.11,191.11,190.0415,733,190.0515,4284,190.356499
2023-07-06 12:02:00+00:00,190.35,190.63,190.1,514,190.23,5516,190.393699
2023-07-06 12:03:00+00:00,190.41,190.5,190.31,430,190.5,3107,190.609192
2023-07-06 12:04:00+00:00,190.17,190.17,190.17,36,190.17,806,190.181477
2023-07-06 12:05:00+00:00,190.05,190.15,190.04,189,190.15,15870,190.073479
2023-07-06 12:06:00+00:00,190.06,190.08,190.04,64,190.08,3971,190.055094
2023-07-06 12:08:00+00:00,190.1,190.1,190.04,49,190.07,2083,190.060197
2023-07-06 12:09:00+00:00,190.05,190.1,190.03,84,190.1,5485,190.062661
2023-07-06 12:10:00+00:00,190.08,190.1,190.0512,40,190.1,1414,190.076671
2023-07-06 12:11:00+00:00,190.03,190.06,190.03,64,190.06,2741,190.044204
2023-07-06 12:12:00+00:00,190.08,190.08,190.03,60,190.04,1930,190.04098
2023-07-06 12:13:00+00:00,190.16,190.16,190.08,62,190.08,2221,190.115424
2023-07-06 12:14:00+00:00,190.19,190.19,190.05,62,190.0584,2779,190.145324
2023-07-06 12:15:00+00:00,190.01,190.05,190.0,689,190.05,19572,190.020493
2023-07-06 12:16:00+00:00,190.0,190.01,189.9,673,190.0,30437,189.97275
2023-07-06 12:17:00+00:00,189.904,189.91,189.81,283,189.91,13438,189.884757
2023-07-06 12:18:00+00:00,189.95,189.9799,189.88,86,189.9799,3796,189.933094
2023-07-06 12:19:00+00:00,190.01,190.01,189.9,119,189.96,8298,189.94407
2023-07-06 12:20:00+00:00,190.01,190.02,190.0,80,190.02,2726,190.01005
2023-07-06 12:21:00+00:00,190.0196,190.02,189.96,72,190.02,1846,189.999977
2023-07-06 12:22:00+00:00,189.88,189.98,189.88,122,189.98,6779,189.923069
2023-07-06 12:23:00+00:00,189.8333,189.8799,189.8333,71,189.87,4576,189.863482
2023-07-06 12:24:00+00:00,189.904,189.93,189.88,88,189.9,3633,189.903043
2023-07-06 12:25:00+00:00,189.8899,189.92,189.84,81,189.92,2402,189.875653
2023-07-06 12:26:00+00:00,189.86,189.86,189.78,164,189.82,8020,189.816553
2023-07-06 12:27:00+00:00,189.84,189.88,189.84,74,189.88,2282,189.86861
2023-07-06 12:28:00+00:00,189.86,189.88,189.83,86,189.83,2935,189.866287
2023-07-06 12:29:00+00:00,189.84,189.96,189.84,95,189.87,2584,189.897895
2023-07-06 12:30:00+00:00,189.91,189.91,189.75,177,189.85,5896,189.787218
2023-07-06 12:31:00+00:00,189.7,189.84,189.56,284,189.76,20462,189.684631
2023-07-06 12:32:00+00:00,189.63,189.74,189.63,93,189.65,4504,189.701108
2023-07-06 12:33:00+00:00,189.6,189.6399,189.54,170,189.6399,14853,189.566962
2023-07-06 12:34:00+00:00,189.61,189.7,189.6,151,189.7,8579,189.627326
2023-07-06 12:35:00+00:00,189.62,189.69,189.61,107,189.61,9722,189.632795
2023-07-06 12:36:00+00:00,189.7413,189.77,189.64,172,189.64,12949,189.725989
2023-07-06 12:37:00+00:00,189.73,189.84,189.73,91,189.78,3693,189.798755
2023-07-06 12:38:00+00:00,189.61,189.73,189.61,161,189.73,8317,189.649639
2023-07-06 12:39:00+00:00,189.69,189.74,189.61,83,189.62,3034,189.656956
2023-07-06 12:40:00+00:00,189.65,189.7,189.61,93,189.68,5768,189.658656
2023-07-06 12:41:00+00:00,189.59,189.66,189.59,158,189.66,9337,189.620697
2023-07-06 12:42:00+00:00,189.62,189.68,189.57,170,189.6,8524,189.602056
2023-07-06 12:43:00+00:00,189.6,189.63,189.59,112,189.61,7396,189.610817
2023-07-06 12:44:00+00:00,189.61,189.61,189.59,87,189.6,4490,189.600459
2023-07-06 12:45:00+00:00,189.55,189.65,189.54,218,189.65,13428,189.581299
2023-07-06 12:46:00+00:00,189.52,189.6,189.51,183,189.58,11431,189.543245
2023-07-06 12:47:00+00:00,189.6,189.6,189.51,125,189.54,5499,189.545752
2023-07-06 12:48:00+00:00,189.55,189.64,189.53,169,189.59,10535,189.591994
2023-07-06 12:49:00+00:00,189.44,189.57,189.41,481,189.57,27543,189.478576
2023-07-06 12:50:00+00:00,189.42,189.53,189.41,223,189.48,16494,189.440131
2023-07-06 12:51:00+00:00,189.26,189.43,189.26,457,189.42,26736,189.379679
2023-07-06 12:52:00+00:00,189.35,189.4,189.3,242,189.3,27186,189.367089
2023-07-06 12:53:00+00:00,189.48,189.5,189.38,200,189.38,8653,189.456974
2023-07-06 12:54:00+00:00,189.55,189.55,189.46,187,189.46,12317,189.502435
2023-07-06 12:55:00+00:00,189.54,189.64,189.53,160,189.54,8518,189.57166
2023-07-06 12:56:00+00:00,189.65,189.65,189.6,124,189.6,10525,189.62499
2023-07-06 12:57:00+00:00,189.62,189.66,189.6,161,189.65,8812,189.643132
2023-07-06 12:58:00+00:00,189.64,189.66,189.59,310,189.6499,16342,189.625397
2023-07-06 12:59:00+00:00,189.61,189.6765,189.6,56,189.64,2456,189.625841
2023-07-06 13:00:00+00:00,189.58,189.64,189.55,112,189.64,5878,189.588915
2023-07-06 13:01:00+00:00,189.55,189.6,189.5301,88,189.58,2958,189.570404
2023-07-06 13:02:00+00:00,189.5905,189.5905,189.54,86,189.54,3736,189.578933
2023-07-06 13:03:00+00:00,189.68,189.7,189.5905,73,189.5905,3090,189.65895
2023-07-06 13:04:00+00:00,189.69,189.69,189.65,104,189.65,3261,189.682125
2023-07-06 13:05:00+00:00,189.7,189.7,189.65,55,189.688,2447,189.678061
2023-07-06 13:06:00+00:00,189.64,189.67,189.64,110,189.67,1780,189.646701
2023-07-06 13:07:00+00:00,189.58,189.61,189.53,158,189.6,7028,189.569174
2023-07-06 13:08:00+00:00,189.53,189.5999,189.53,74,189.57,4664,189.558174
2023-07-06 13:09:00+00:00,189.5446,189.5446,189.5,160,189.53,12197,189.519963
2023-07-06 13:10:00+00:00,189.5,189.5438,189.5,54,189.5438,1155,189.513294
2023-07-06 13:11:00+00:00,189.51,189.52,189.49,111,189.5,5673,189.499712
2023-07-06 13:12:00+00:00,189.52,189.52,189.52,51,189.52,1042,189.520496
2023-07-06 13:13:00+00:00,189.5797,189.5797,189.5483,79,189.5483,1760,189.558814
2023-07-06 13:14:00+00:00,189.49,189.58,189.4695,245,189.57,19509,189.522248
2023-07-06 13:15:00+00:00,189.39,189.46,189.32,442,189.46,26634,189.378377
2023-07-06 13:16:00+00:00,189.47,189.52,189.39,190,189.39,6161,189.471536
2023-07-06 13:17:00+00:00,189.47,189.5098,189.44,73,189.44,2779,189.481771
2023-07-06 13:18:00+00:00,189.58,189.58,189.46,94,189.47,3604,189.506589
2023-07-06 13:19:00+00:00,189.6,189.6,189.58,89,189.58,4670,189.593931
2023-07-06 13:20:00+00:00,189.7,189.7,189.64,130,189.65,7871,189.660046
2023-07-06 13:21:00+00:00,189.6101,189.71,189.61,112,189.69,7466,189.641845
2023-07-06 13:22:00+00:00,189.62,189.64,189.61,72,189.62,4913,189.622605
2023-07-06 13:23:00+00:00,189.56,189.62,189.56,118,189.62,4408,189.610929
2023-07-06 13:24:00+00:00,189.64,189.64,189.5701,65,189.5701,6151,189.594546
2023-07-06 13:25:00+00:00,189.87,189.94,189.69,282,189.7,16301,189.835745
2023-07-06 13:26:00+00:00,189.94,189.94,189.8202,147,189.9,18725,189.889984
2023-07-06 13:27:00+00:00,189.95,189.97,189.66,266,189.94,19028,189.884848
2023-07-06 13:28:00+00:00,189.85,189.92,189.75,114,189.83,5265,189.835176
2023-07-06 13:29:00+00:00,189.91,190.0,189.75,295,189.82,25765,189.88081
2023-07-06 13:30:00+00:00,190.31,190.44,189.77,10620,189.91,1302405,189.98093
2023-07-06 13:31:00+00:00,190.11,190.325,189.96,2763,190.295,241267,190.196791
2023-07-06 13:32:00+00:00,190.23,190.46,190.01,3231,190.06,284931,190.232274
2023-07-06 13:33:00+00:00,190.0738,190.29,189.94,2347,190.23,201825,190.123294
2023-07-06 13:34:00+00:00,189.78,190.09,189.74,2523,190.09,198430,189.902895
2023-07-06 13:35:00+00:00,189.25,189.81,189.21,5623,189.81,418458,189.507387
2023-07-06 13:36:00+00:00,189.46,189.4611,189.2,3875,189.2417,332711,189.351041
2023-07-06 13:37:00+00:00,189.51,189.61,189.445,2813,189.46,222107,189.527235
2023-07-06 13:38:00+00:00,189.4083,189.51,189.32,2364,189.51,177086,189.395212
2023-07-06 13:39:00+00:00,189.62,189.72,189.3501,2480,189.4,187834,189.563994
2023-07-06 13:40:00+00:00,189.72,189.73,189.54,2037,189.63,146981,189.658675
2023-07-06 13:41:00+00:00,189.9686,190.0,189.71,3471,189.71,338049,189.882851
2023-07-06 13:42:00+00:00,190.06,190.09,189.91,2842,189.96,218126,189.986839
2023-07-06 13:43:00+00:00,190.045,190.14,189.99,2581,190.068,198435,190.040403
2023-07-06 13:44:00+00:00,190.0771,190.25,190.0,2247,190.045,183485,190.12919
2023-07-06 13:45:00+00:00,190.36,190.4,189.95,3246,190.08,269977,190.144499
2023-07-06 13:46:00+00:00,190.1874,190.45,190.155,4205,190.35,169546,190.281354
2023-07-06 13:47:00+00:00,190.17,190.24,190.0822,3848,190.2,115985,190.160295
2023-07-06 13:48:00+00:00,190.08,190.27,189.99,4075,190.16,140142,190.126586
2023-07-06 13:49:00+00:00,190.1608,190.18,190.06,3758,190.06,125196,190.13134
2023-07-06 13:50:00+00:00,190.08,190.23,190.06,3715,190.16,102083,190.159592
2023-07-06 13:51:00+00:00,189.975,190.0949,189.97,3922,190.08,177223,190.017939
2023-07-06 13:52:00+00:00,190.085,190.13,189.96,4019,189.985,132925,190.031735
2023-07-06 13:53:00+00:00,189.985,190.1499,189.93,3768,190.09,107651,190.019638
2023-07-06 13:54:00+00:00,189.7588,189.9984,189.69,4663,189.9899,177474,189.811829
2023-07-06 13:55:00+00:00,189.7804,189.81,189.6793,4132,189.76,128333,189.74656
2023-07-06 13:56:00+00:00,189.84,189.9299,189.7801,3483,189.79,114813,189.844146
2023-07-06 13:57:00+00:00,189.79,189.87,189.71,3582,189.85,109753,189.797358
2023-07-06 13:58:00+00:00,189.81,189.86,189.74,3413,189.78,104848,189.807567
2023-07-06 13:59:00+00:00,189.93,189.93,189.755,3540,189.82,87231,189.807804
2023-07-06 14:00:00+00:00,189.7791,189.94,189.72,4337,189.94,134461,189.794389
2023-07-06 14:01:00+00:00,189.6914,189.7999,189.61,4121,189.78,129481,189.719531
2023-07-06 14:02:00+00:00,189.67,189.73,189.615,3445,189.69,86617,189.669102
2023-07-06 14:03:00+00:00,189.706,189.7699,189.62,3535,189.68,100488,189.705297
2023-07-06 14:04:00+00:00,189.695,189.8113,189.68,3777,189.7,119602,189.764311
2023-07-06 14:05:00+00:00,189.665,189.72,189.55,4054,189.685,134390,189.645109
2023-07-06 14:06:00+00:00,189.58,189.7,189.56,3531,189.67,95702,189.650549
2023-07-06 14:07:00+00:00,189.56,189.635,189.54,3692,189.58,130298,189.595566
2023-07-06 14:08:00+00:00,189.65,189.68,189.56,3343,189.57,121718,189.62346
2023-07-06 14:09:00+00:00,189.69,189.75,189.6399,3268,189.675,130768,189.700829
2023-07-06 14:10:00+00:00,189.6396,189.76,189.62,3393,189.69,85089,189.691047
2023-07-06 14:11:00+00:00,189.778,189.83,189.5984,4504,189.6499,168772,189.727182
2023-07-06 14:12:00+00:00,189.77,189.8,189.7,3349,189.78,122326,189.757453
2023-07-06 14:13:00+00:00,189.8189,189.83,189.74,3449,189.76,102683,189.794884
2023-07-06 14:14:00+00:00,189.88,189.92,189.785,3426,189.81,114760,189.824194
2023-07-06 14:15:00+00:00,189.84,189.94,189.82,3492,189.868,126279,189.877449
2023-07-06 14:16:00+00:00,189.94,189.94,189.81,3407,189.835,102077,189.876648
2023-07-06 14:17:00+00:00,189.7602,189.94,189.7538,3440,189.93,111358,189.825763
2023-07-06 14:18:00+00:00,189.755,189.82,189.74,3350,189.765,101922,189.78371
2023-07-06 14:19:00+00:00,189.5943,189.7599,189.54,4018,189.755,214084,189.666458
2023-07-06 14:20:00+00:00,189.595,189.65,189.5446,3071,189.58,85262,189.611817
2023-07-06 14:21:00+00:00,189.67,189.6899,189.57,3169,189.5917,95993,189.638377
2023-07-06 14:22:00+00:00,189.6401,189.68,189.585,3247,189.67,93561,189.620352
2023-07-06 14:23:00+00:00,189.73,189.7483,189.62,3516,189.6412,98386,189.69695
2023-07-06 14:24:00+00:00,189.76,189.77,189.65,2923,189.735,86845,189.716425
2023-07-06 14:25:00+00:00,189.79,189.81,189.72,3409,189.77,99022,189.77469
2023-07-06 14:26:00+00:00,189.715,189.81,189.6939,3062,189.8,70060,189.740693
2023-07-06 14:27:00+00:00,189.7487,189.79,189.71,2915,189.72,61582,189.745457
2023-07-06 14:28:00+00:00,189.73,189.78,189.73,2915,189.7499,52258,189.758725
2023-07-06 14:29:00+00:00,189.94,189.96,189.74,3257,189.745,130270,189.875811
2023-07-06 14:30:00+00:00,190.0277,190.0701,189.9,4077,189.94,171243,189.981971
2023-07-06 14:31:00+00:00,189.9787,190.035,189.91,3659,190.025,118286,189.979519
2023-07-06 14:32:00+00:00,190.005,190.01,189.8803,3729,189.97,140876,189.934276
2023-07-06 14:33:00+00:00,190.0585,190.13,189.995,2004,190.0026,98967,190.06378
2023-07-06 14:34:00+00:00,190.05,190.06,189.96,982,190.03,65334,190.015948
2023-07-06 14:35:00+00:00,190.065,190.08,190.0,832,190.02,54960,190.029987
2023-07-06 14:36:00+00:00,189.96,190.07,189.96,941,190.065,69394,190.010929
2023-07-06 14:37:00+00:00,189.975,190.01,189.9,1252,189.94,75769,189.961723
2023-07-06 14:38:00+00:00,189.985,189.99,189.9,1040,189.97,84478,189.935355
2023-07-06 14:39:00+00:00,190.045,190.06,189.97,935,189.9999,174656,189.960557
2023-07-06 14:40:00+00:00,190.01,190.09,190.01,933,190.05,62989,190.064092
2023-07-06 14:41:00+00:00,190.06,190.09,190.02,883,190.02,70778,190.049105
2023-07-06 14:42:00+00:00,190.0873,190.13,190.055,994,190.055,72247,190.098264
2023-07-06 14:43:00+00:00,190.04,190.085,189.97,1117,190.08,78180,190.03334
2023-07-06 14:44:00+00:00,190.09,190.15,190.025,1018,190.04,76875,190.092637
2023-07-06 14:45:00+00:00,190.11,190.125,190.035,942,190.08,67266,190.078755
2023-07-06 14:46:00+00:00,190.01,190.105,189.98,1026,190.1,74640,190.029189
2023-07-06 14:47:00+00:00,190.035,190.07,190.0037,805,190.01,51711,190.036176
2023-07-06 14:48:00+00:00,189.97,190.0499,189.93,1474,190.03,132779,189.983945
2023-07-06 14:49:00+00:00,190.0399,190.08,189.96,845,189.9699,53314,190.029435
2023-07-06 14:50:00+00:00,189.93,190.18,189.93,1234,190.03,107665,190.087603
2023-07-06 14:51:00+00:00,189.91,189.99,189.91,1076,189.925,78924,189.941501
2023-07-06 14:52:00+00:00,189.79,189.94,189.78,1665,189.94,132757,189.855477
2023-07-06 14:53:00+00:00,189.76,189.8,189.69,1498,189.785,122231,189.739554
2023-07-06 14:54:00+00:00,189.76,189.77,189.6899,881,189.7516,59442,189.736079
2023-07-06 14:55:00+00:00,189.641,189.765,189.63,1170,189.76,81336,189.697448
2023-07-06 14:56:00+00:00,189.6063,189.6781,189.5757,1591,189.65,131620,189.620603
2023-07-06 14:57:00+00:00,189.6,189.62,189.57,1035,189.605,67054,189.597448
2023-07-06 14:58:00+00:00,189.5585,189.63,189.5336,1223,189.6,124485,189.570696
2023-07-06 14:59:00+00:00,189.544,189.56,189.5,1464,189.56,105203,189.527151
2023-07-06 15:00:00+00:00,189.6,189.64,189.54,1162,189.55,84239,189.594986
2023-07-06 15:01:00+00:00,189.575,189.64,189.5701,1118,189.6,82200,189.604555
2023-07-06 15:02:00+00:00,189.6183,189.625,189.53,1089,189.575,77795,189.573434
2023-07-06 15:03:00+00:00,189.715,189.77,189.61,1220,189.6144,119501,189.705545
2023-07-06 15:04:00+00:00,189.84,189.85,189.705,1032,189.715,96740,189.766551
2023-07-06 15:05:00+00:00,189.825,189.85,189.78,893,189.8286,68072,189.812781
2023-07-06 15:06:00+00:00,189.92,189.93,189.81,913,189.825,71235,189.864747
2023-07-06 15:07:00+00:00,189.82,189.9367,189.81,989,189.9199,78211,189.879619
2023-07-06 15:08:00+00:00,189.838,189.8699,189.81,778,189.825,56489,189.838808
2023-07-06 15:09:00+00:00,189.86,189.87,189.8,701,189.84,54624,189.829797
2023-07-06 15:10:00+00:00,189.88,189.94,189.83,1129,189.86,127490,189.872148
2023-07-06 15:11:00+00:00,189.785,189.87,189.75,778,189.87,46082,189.807724
2023-07-06 15:12:00+00:00,189.82,189.82,189.77,814,189.78,64012,189.792484
2023-07-06 15:13:00+00:00,189.825,189.895,189.81,1098,189.835,87418,189.846354
2023-07-06 15:14:00+00:00,189.7542,189.855,189.74,1444,189.82,118422,189.808587
2023-07-06 15:15:00+00:00,189.721,189.815,189.72,1188,189.75,85270,189.754501
2023-07-06 15:16:00+00:00,189.67,189.76,189.67,1365,189.72,116518,189.722828
2023-07-06 15:17:00+00:00,189.76,189.7799,189.6601,843,189.67,60678,189.719416
2023-07-06 15:18:00+00:00,189.71,189.79,189.71,916,189.76,83476,189.763993
2023-07-06 15:19:00+00:00,189.76,189.77,189.7003,711,189.71,41680,189.735178
2023-07-06 15:20:00+00:00,189.88,189.91,189.72,1024,189.7522,81767,189.841184
2023-07-06 15:21:00+00:00,189.9825,189.9825,189.86,838,189.875,60031,189.921335
2023-07-06 15:22:00+00:00,189.985,189.995,189.94,1052,189.98,88380,189.967828
2023-07-06 15:23:00+00:00,190.025,190.05,189.98,1236,189.995,98415,190.012259
2023-07-06 15:24:00+00:00,189.99,190.05,189.95,850,190.0287,74461,190.009024
2023-07-06 15:25:00+00:00,189.9199,190.0196,189.9,1001,189.98,89050,189.939572
2023-07-06 15:26:00+00:00,190.1502,190.1597,189.91,1226,189.915,126760,190.010174
2023-07-06 15:27:00+00:00,190.205,190.21,190.1201,1041,190.16,111100,190.172143
2023-07-06 15:28:00+00:00,190.222,190.26,190.16,1338,190.2051,111194,190.212754
2023-07-06 15:29:00+00:00,190.17,190.24,190.15,961,190.22,85446,190.18229
2023-07-06 15:30:00+00:00,190.205,190.24,190.16,1082,190.1601,82093,190.210913
2023-07-06 15:31:00+00:00,190.38,190.4,190.205,1382,190.205,126873,190.298973
2023-07-06 15:32:00+00:00,190.45,190.46,190.3401,1295,190.37,141075,190.404504
2023-07-06 15:33:00+00:00,190.33,190.49,190.25,1427,190.45,128743,190.349503
2023-07-06 15:34:00+00:00,190.355,190.49,190.325,1109,190.325,124758,190.398997
2023-07-06 15:35:00+00:00,190.435,190.435,190.35,887,190.36,69701,190.392191
2023-07-06 15:36:00+00:00,190.565,190.565,190.41,1269,190.44,113549,190.478254
2023-07-06 15:37:00+00:00,190.515,190.6,190.4819,1498,190.565,124992,190.550289
2023-07-06 15:38:00+00:00,190.495,190.58,190.49,1026,190.51,78034,190.534551
2023-07-06 15:39:00+00:00,190.47,190.5,190.45,964,190.495,67397,190.466194
2023-07-06 15:40:00+00:00,190.58,190.6,190.47,1124,190.47,87007,190.550739
2023-07-06 15:41:00+00:00,190.58,190.59,190.5147,803,190.57,48097,190.552007
2023-07-06 15:42:00+00:00,190.56,190.585,190.54,807,190.58,43490,190.560337
2023-07-06 15:43:00+00:00,190.4806,190.565,190.48,858,190.565,61769,190.506067
2023-07-06 15:44:00+00:00,190.49,190.525,190.48,713,190.48,36738,190.502039
2023-07-06 15:45:00+00:00,190.381,190.61,190.3501,2383,190.49,175176,190.489021
2023-07-06 15:46:00+00:00,190.42,190.55,190.38,1680,190.385,121524,190.466934
2023-07-06 15:47:00+00:00,190.45,190.52,190.4104,983,190.42,78795,190.472006
2023-07-06 15:48:00+00:00,190.52,190.55,190.45,861,190.455,66524,190.509945
2023-07-06 15:49:00+00:00,190.525,190.5352,190.4349,766,190.53,53038,190.481371
2023-07-06 15:50:00+00:00,190.475,190.54,190.47,688,190.525,93918,190.503531
2023-07-06 15:51:00+00:00,190.44,190.5,190.41,1166,190.48,131293,190.463528
2023-07-06 15:52:00+00:00,190.535,190.55,190.4,1671,190.4282,126694,190.475841
2023-07-06 15:53:00+00:00,190.5522,190.56,190.51,756,190.53,41421,190.532376
2023-07-06 15:54:00+00:00,190.4793,190.555,190.4501,564,190.55,37809,190.489442
2023-07-06 15:55:00+00:00,190.4,190.48,190.4,573,190.48,46363,190.445267
2023-07-06 15:56:00+00:00,190.45,190.49,190.36,1210,190.4033,124867,190.415499
2023-07-06 15:57:00+00:00,190.43,190.49,190.4,898,190.45,68575,190.44161
2023-07-06 15:58:00+00:00,190.37,190.43,190.35,584,190.43,37670,190.400075
2023-07-06 15:59:00+00:00,190.495,190.5,190.35,928,190.375,66746,190.418774
2023-07-06 16:00:00+00:00,190.62,190.65,190.49,1256,190.5,99894,190.569356
2023-07-06 16:01:00+00:00,190.731,190.75,190.625,1032,190.63,83243,190.710616
2023-07-06 16:02:00+00:00,190.63,190.757,190.62,981,190.735,78289,190.686828
2023-07-06 16:03:00+00:00,190.6551,190.6599,190.58,677,190.6215,38589,190.626369
2023-07-06 16:04:00+00:00,190.625,190.675,190.555,869,190.655,69401,190.62205
2023-07-06 16:05:00+00:00,190.75,190.77,190.63,855,190.64,56596,190.704453
2023-07-06 16:06:00+00:00,190.69,190.7791,190.67,812,190.7429,66279,190.726343
2023-07-06 16:07:00+00:00,190.775,190.775,190.67,694,190.7,52610,190.707916
2023-07-06 16:08:00+00:00,190.755,190.79,190.7,817,190.7724,51322,190.753281
2023-07-06 16:09:00+00:00,190.85,190.91,190.73,1496,190.755,141205,190.788844
2023-07-06 16:10:00+00:00,190.84,190.86,190.8,888,190.855,70078,190.828885
2023-07-06 16:11:00+00:00,190.77,190.85,190.72,922,190.85,73770,190.777567
2023-07-06 16:12:00+00:00,190.74,190.85,190.71,1276,190.76,106008,190.770121
2023-07-06 16:13:00+00:00,190.715,190.7599,190.7,627,190.74,44874,190.725367
2023-07-06 16:14:00+00:00,190.675,190.715,190.64,884,190.715,73036,190.669872
2023-07-06 16:15:00+00:00,190.735,190.735,190.655,769,190.67,94048,190.698227
2023-07-06 16:16:00+00:00,190.7737,190.7899,190.7284,661,190.7284,54350,190.742997
2023-07-06 16:17:00+00:00,190.8327,190.84,190.77,659,190.78,59934,190.795179
2023-07-06 16:18:00+00:00,190.87,190.9,190.83,839,190.835,89747,190.861221
2023-07-06 16:19:00+00:00,190.9166,190.94,190.84,749,190.8699,55609,190.890496
2023-07-06 16:20:00+00:00,190.8528,190.95,190.85,715,190.915,46515,190.910383
2023-07-06 16:21:00+00:00,190.91,190.9199,190.84,694,190.86,47394,190.882923
2023-07-06 16:22:00+00:00,190.825,190.93,190.815,763,190.9029,57767,190.874316
2023-07-06 16:23:00+00:00,190.8,190.84,190.75,910,190.8001,69114,190.797859
2023-07-06 16:24:00+00:00,190.7965,190.805,190.785,425,190.8,21986,190.795839
2023-07-06 16:25:00+00:00,190.81,190.8506,190.75,737,190.79,53156,190.810727
2023-07-06 16:26:00+00:00,190.9237,190.935,190.815,793,190.815,73961,190.880238
2023-07-06 16:27:00+00:00,190.91,190.935,190.85,676,190.9273,53159,190.891376
2023-07-06 16:28:00+00:00,190.9735,191.01,190.88,1484,190.91,166851,190.984431
2023-07-06 16:29:00+00:00,190.935,190.99,190.92,660,190.9799,56807,190.95286
2023-07-06 16:30:00+00:00,190.99,190.99,190.9,761,190.935,47791,190.940387
2023-07-06 16:31:00+00:00,190.98,190.99,190.9,761,190.97,66685,190.949343
2023-07-06 16:32:00+00:00,190.98,191.0099,190.955,565,190.99,39848,190.986613
2023-07-06 16:33:00+00:00,191.0001,191.01,190.92,804,190.98,324793,190.932485
2023-07-06 16:34:00+00:00,191.07,191.08,190.98,922,191.005,85567,191.032155
2023-07-06 16:35:00+00:00,191.13,191.13,191.07,790,191.08,71273,191.106369
2023-07-06 16:36:00+00:00,191.145,191.16,191.1029,644,191.1216,47508,191.134265
2023-07-06 16:37:00+00:00,191.06,191.17,191.05,874,191.145,75599,191.121574
2023-07-06 16:38:00+00:00,191.0299,191.08,190.96,1131,191.055,90135,191.01661
2023-07-06 16:39:00+00:00,191.05,191.07,190.97,634,191.02,52399,191.024025
2023-07-06 16:40:00+00:00,191.0229,191.065,190.99,581,191.045,53822,191.035607
2023-07-06 16:41:00+00:00,191.05,191.05,191.01,566,191.03,49183,191.034226
2023-07-06 16:42:00+00:00,191.07,191.09,191.05,548,191.06,41841,191.0723
2023-07-06 16:43:00+00:00,191.055,191.0911,191.05,669,191.07,46339,191.069195
2023-07-06 16:44:00+00:00,191.015,191.07,191.0,539,191.05,38027,191.032665
2023-07-06 16:45:00+00:00,190.942,191.05,190.94,1087,191.02,71338,191.000709
2023-07-06 16:46:00+00:00,190.93,190.96,190.905,706,190.9499,44479,190.930156
2023-07-06 16:47:00+00:00,191.015,191.0375,190.94,1017,190.94,95198,191.01019
2023-07-06 16:48:00+00:00,191.065,191.075,190.995,871,191.015,86270,191.039017
2023-07-06 16:49:00+00:00,191.06,191.09,191.02,700,191.0601,66548,191.051691
2023-07-06 16:50:00+00:00,191.04,191.1059,191.03,673,191.065,45764,191.076087
2023-07-06 16:51:00+00:00,191.07,191.0799,191.03,481,191.04,40497,191.048802
2023-07-06 16:52:00+00:00,190.9801,191.07,190.9801,560,191.065,50993,191.016872
2023-07-06 16:53:00+00:00,190.952,190.986,190.95,538,190.98,36981,190.969703
2023-07-06 16:54:00+00:00,190.96,190.97,190.92,527,190.95,42823,190.945098
2023-07-06 16:55:00+00:00,190.9703,190.98,190.945,447,190.95,32497,190.966745
2023-07-06 16:56:00+00:00,190.955,191.03,190.95,762,190.98,54599,190.996304
2023-07-06 16:57:00+00:00,190.94,190.96,190.88,704,190.955,62387,190.919221
2023-07-06 16:58:00+00:00,191.025,191.03,190.93,865,190.935,77923,190.987613
2023-07-06 16:59:00+00:00,190.9722,191.03,190.95,503,191.02,33059,190.983129
2023-07-06 17:00:00+00:00,190.945,190.99,190.882,723,190.975,46769,190.931274
2023-07-06 17:01:00+00:00,191.065,191.07,190.94,580,190.945,42154,190.996651
2023-07-06 17:02:00+00:00,191.055,191.07,191.04,447,191.07,20369,191.051495
2023-07-06 17:03:00+00:00,191.03,191.07,191.015,584,191.06,35182,191.045821
2023-07-06 17:04:00+00:00,190.9973,191.035,190.98,508,191.035,28548,191.001711
2023-07-06 17:05:00+00:00,191.01,191.01,190.96,523,191.0,33397,190.980863
2023-07-06 17:06:00+00:00,190.985,191.0201,190.9701,459,191.0042,37839,190.999458
2023-07-06 17:07:00+00:00,191.04,191.05,190.9766,474,190.98,32460,191.0132
2023-07-06 17:08:00+00:00,191.0444,191.09,191.03,722,191.04,58469,191.058553
2023-07-06 17:09:00+00:00,191.0319,191.08,191.02,520,191.0401,36069,191.052906
2023-07-06 17:10:00+00:00,191.0599,191.0642,191.02,452,191.03,36957,191.03762
2023-07-06 17:11:00+00:00,191.1483,191.15,191.0332,631,191.05,62698,191.087718
2023-07-06 17:12:00+00:00,191.1987,191.23,191.14,958,191.145,90105,191.20669
2023-07-06 17:13:00+00:00,191.19,191.2114,191.15,576,191.19,48275,191.177035
2023-07-06 17:14:00+00:00,191.11,191.195,191.08,715,191.19,49760,191.135144
2023-07-06 17:15:00+00:00,191.115,191.115,191.09,536,191.105,43890,191.100841
2023-07-06 17:16:00+00:00,191.117,191.19,191.11,771,191.12,66410,191.155265
2023-07-06 17:17:00+00:00,191.14,191.14,191.0801,547,191.105,43945,191.108859
2023-07-06 17:18:00+00:00,191.1,191.1241,191.085,564,191.12,36862,191.104495
2023-07-06 17:19:00+00:00,191.11,191.12,191.1,347,191.11,17574,191.11089
2023-07-06 17:20:00+00:00,191.12,191.135,191.08,637,191.11,47017,191.104322
2023-07-06 17:21:00+00:00,191.11,191.1399,191.09,444,191.13,48869,191.115499
2023-07-06 17:22:00+00:00,191.12,191.15,191.1,523,191.11,30055,191.123913
2023-07-06 17:23:00+00:00,191.1,191.14,191.095,519,191.11,31564,191.113994
2023-07-06 17:24:00+00:00,191.155,191.16,191.1,524,191.105,37236,191.135785
2023-07-06 17:25:00+00:00,191.065,191.1599,191.06,642,191.155,70072,191.094439
2023-07-06 17:26:00+00:00,191.075,191.1,191.03,860,191.065,69619,191.063583
2023-07-06 17:27:00+00:00,191.077,191.12,191.06,727,191.07,59304,191.094793
2023-07-06 17:28:00+00:00,191.08,191.1103,191.0717,629,191.08,48143,191.091174
2023-07-06 17:29:00+00:00,191.11,191.125,191.04,745,191.0812,65705,191.082417
2023-07-06 17:30:00+00:00,191.065,191.11,191.05,882,191.1099,46457,191.076224
2023-07-06 17:31:00+00:00,190.98,191.1,190.97,1341,191.0675,78390,191.036378
2023-07-06 17:32:00+00:00,191.0,191.04,190.9512,1330,191.0,91161,190.993213
2023-07-06 17:33:00+00:00,190.88,191.005,190.86,1077,191.005,74999,190.935734
2023-07-06 17:34:00+00:00,190.77,190.95,190.765,1491,190.885,119230,190.838101
2023-07-06 17:35:00+00:00,190.8427,190.86,190.74,1147,190.77,90345,190.805008
2023-07-06 17:36:00+00:00,190.87,190.9,190.83,1223,190.845,92645,190.859095
2023-07-06 17:37:00+00:00,190.9295,190.94,190.86,904,190.865,57658,190.891615
2023-07-06 17:38:00+00:00,190.99,191.0,190.91,823,190.93,56759,190.953266
2023-07-06 17:39:00+00:00,190.96,191.01,190.95,693,190.995,61772,190.983137
2023-07-06 17:40:00+00:00,191.02,191.03,190.965,763,190.965,44411,190.996382
2023-07-06 17:41:00+00:00,191.02,191.04,190.93,795,191.02,49850,190.980489
2023-07-06 17:42:00+00:00,191.095,191.1,191.03,870,191.03,60799,191.068575
2023-07-06 17:43:00+00:00,191.11,191.115,191.05,578,191.0904,31057,191.082482
2023-07-06 17:44:00+00:00,191.15,191.15,191.09,761,191.11,40964,191.119368
2023-07-06 17:45:00+00:00,191.065,191.16,191.065,933,191.15,54249,191.114192
2023-07-06 17:46:00+00:00,191.085,191.09,191.0,844,191.06,71095,191.039374
2023-07-06 17:47:00+00:00,191.19,191.19,191.08,756,191.085,55281,191.143389
2023-07-06 17:48:00+00:00,191.1276,191.2,191.1,830,191.1855,60962,191.148284
2023-07-06 17:49:00+00:00,191.17,191.17,191.12,534,191.125,35817,191.148855
2023-07-06 17:50:00+00:00,191.15,191.175,191.11,709,191.175,44230,191.148002
2023-07-06 17:51:00+00:00,191.2201,191.23,191.16,752,191.16,52834,191.197103
2023-07-06 17:52:00+00:00,191.27,191.27,191.23,1358,191.23,141009,191.249023
2023-07-06 17:53:00+00:00,191.2,191.27,191.16,995,191.265,72244,191.218169
2023-07-06 17:54:00+00:00,191.205,191.2499,191.17,904,191.2,55611,191.203112
2023-07-06 17:55:00+00:00,191.195,191.2501,191.19,768,191.21,72779,191.218865
2023-07-06 17:56:00+00:00,191.19,191.195,191.14,763,191.19,50444,191.169777
2023-07-06 17:57:00+00:00,191.285,191.31,191.18,1316,191.19,94859,191.271025
2023-07-06 17:58:00+00:00,191.34,191.365,191.285,1406,191.29,120820,191.332004
2023-07-06 17:59:00+00:00,191.408,191.41,191.33,1130,191.345,114076,191.370039
2023-07-06 18:00:00+00:00,191.36,191.42,191.32,1138,191.41,78366,191.378974
2023-07-06 18:01:00+00:00,191.325,191.38,191.32,952,191.36,59666,191.345563
2023-07-06 18:02:00+00:00,191.32,191.325,191.28,637,191.32,51534,191.300289
2023-07-06 18:03:00+00:00,191.2814,191.32,191.28,515,191.32,39038,191.293621
2023-07-06 18:04:00+00:00,191.295,191.315,191.26,618,191.28,41663,191.282515
2023-07-06 18:05:00+00:00,191.375,191.38,191.2729,794,191.295,56528,191.326897
2023-07-06 18:06:00+00:00,191.395,191.4,191.36,636,191.375,58946,191.371834
2023-07-06 18:07:00+00:00,191.385,191.44,191.37,751,191.4,65321,191.40669
2023-07-06 18:08:00+00:00,191.345,191.3986,191.34,570,191.385,47738,191.365575
2023-07-06 18:09:00+00:00,191.41,191.41,191.33,601,191.3472,48318,191.358428
2023-07-06 18:10:00+00:00,191.37,191.44,191.37,1106,191.41,90721,191.408914
2023-07-06 18:11:00+00:00,191.3,191.375,191.26,786,191.36,66711,191.301925
2023-07-06 18:12:00+00:00,191.23,191.29,191.23,670,191.29,72499,191.257298
2023-07-06 18:13:00+00:00,191.215,191.2599,191.2,649,191.24,51311,191.232095
2023-07-06 18:14:00+00:00,191.1163,191.225,191.105,803,191.2125,64184,191.170662
2023-07-06 18:15:00+00:00,191.07,191.14,191.07,856,191.12,73793,191.105029
2023-07-06 18:16:00+00:00,191.09,191.1,191.055,567,191.08,50419,191.079197
2023-07-06 18:17:00+00:00,191.106,191.125,191.09,498,191.1,42077,191.107695
2023-07-06 18:18:00+00:00,191.09,191.15,191.07,679,191.1091,47202,191.111136
2023-07-06 18:19:00+00:00,191.065,191.1,191.02,721,191.09,51432,191.058728
2023-07-06 18:20:00+00:00,190.95,191.07,190.95,791,191.06,62677,191.006236
2023-07-06 18:21:00+00:00,190.975,190.995,190.914,1018,190.9575,70672,190.957088
2023-07-06 18:22:00+00:00,191.025,191.04,190.96,600,190.975,47931,191.010254
2023-07-06 18:23:00+00:00,191.0,191.045,190.9725,477,191.02,32711,191.008553
2023-07-06 18:24:00+00:00,191.065,191.068,190.9901,623,191.0,40578,191.030437
2023-07-06 18:25:00+00:00,191.035,191.06,191.03,593,191.0576,47616,191.044213
2023-07-06 18:26:00+00:00,191.0622,191.09,191.01,523,191.035,45683,191.046543
2023-07-06 18:27:00+00:00,191.08,191.0825,191.05,414,191.07,31024,191.068162
2023-07-06 18:28:00+00:00,191.065,191.075,191.03,506,191.075,30766,191.057967
2023-07-06 18:29:00+00:00,191.03,191.06,191.01,415,191.06,23369,191.029576
2023-07-06 18:30:00+00:00,191.07,191.08,190.99,746,191.02,49463,191.038368
2023-07-06 18:31:00+00:00,191.08,191.0877,191.04,537,191.065,32750,191.064322
2023-07-06 18:32:00+00:00,191.08,191.09,191.06,676,191.0808,43480,191.07769
2023-07-06 18:33:00+00:00,191.155,191.16,191.075,764,191.09,64565,191.122452
2023-07-06 18:34:00+00:00,191.2175,191.2175,191.13,665,191.1524,57910,191.172084
2023-07-06 18:35:00+00:00,191.1491,191.225,191.14,594,191.22,38306,191.186999
2023-07-06 18:36:00+00:00,191.1,191.15,191.08,781,191.1485,60674,191.111321
2023-07-06 18:37:00+00:00,191.0599,191.13,191.0509,803,191.095,55717,191.092336
2023-07-06 18:38:00+00:00,191.16,191.16,191.05,697,191.06,48696,191.109441
2023-07-06 18:39:00+00:00,191.1598,191.1681,191.14,530,191.155,43016,191.153535
2023-07-06 18:40:00+00:00,191.16,191.16,191.09,502,191.15,30218,191.127849
2023-07-06 18:41:00+00:00,191.185,191.185,191.155,614,191.16,50069,191.168939
2023-07-06 18:42:00+00:00,191.1859,191.2199,191.1601,606,191.1899,50061,191.190249
2023-07-06 18:43:00+00:00,191.18,191.19,191.12,769,191.18,60009,191.156741
2023-07-06 18:44:00+00:00,191.34,191.345,191.179,1058,191.18,95344,191.266381
2023-07-06 18:45:00+00:00,191.365,191.365,191.31,744,191.345,61128,191.337857
2023-07-06 18:46:00+00:00,191.34,191.3799,191.31,618,191.36,45627,191.350368
2023-07-06 18:47:00+00:00,191.3701,191.3701,191.3174,605,191.335,43383,191.346688
2023-07-06 18:48:00+00:00,191.41,191.43,191.36,877,191.375,79903,191.40693
2023-07-06 18:49:00+00:00,191.4174,191.42,191.36,564,191.4018,52772,191.388434
2023-07-06 18:50:00+00:00,191.45,191.4504,191.41,701,191.4194,54295,191.43187
2023-07-06 18:51:00+00:00,191.3724,191.46,191.355,731,191.46,73151,191.402507
2023-07-06 18:52:00+00:00,191.4,191.435,191.31,901,191.3701,77037,191.400634
2023-07-06 18:53:00+00:00,191.445,191.445,191.37,543,191.4,37513,191.412144
2023-07-06 18:54:00+00:00,191.49,191.51,191.425,1089,191.44,108993,191.481427
2023-07-06 18:55:00+00:00,191.51,191.5299,191.47,992,191.4813,133122,191.467909
2023-07-06 18:56:00+00:00,191.455,191.53,191.45,714,191.52,72728,191.487407
2023-07-06 18:57:00+00:00,191.4533,191.48,191.42,726,191.46,60425,191.45544
2023-07-06 18:58:00+00:00,191.4353,191.475,191.43,518,191.4517,38858,191.452696
2023-07-06 18:59:00+00:00,191.425,191.44,191.41,492,191.43,29604,191.428989
2023-07-06 19:00:00+00:00,191.43,191.45,191.4,712,191.425,49038,191.422455
2023-07-06 19:01:00+00:00,191.43,191.45,191.39,974,191.43,74525,191.422779
2023-07-06 19:02:00+00:00,191.43,191.49,191.42,802,191.435,65528,191.460825
2023-07-06 19:03:00+00:00,191.475,191.48,191.42,680,191.43,46077,191.451167
2023-07-06 19:04:00+00:00,191.46,191.5,191.43,884,191.47,86692,191.464512
2023-07-06 19:05:00+00:00,191.5279,191.55,191.465,885,191.465,90630,191.511361
2023-07-06 19:06:00+00:00,191.5467,191.55,191.48,952,191.53,99178,191.514878
2023-07-06 19:07:00+00:00,191.48,191.54,191.42,716,191.54,65553,191.471257
2023-07-06 19:08:00+00:00,191.48,191.495,191.435,768,191.48,51754,191.465819
2023-07-06 19:09:00+00:00,191.44,191.49,191.4199,581,191.49,44370,191.44772
2023-07-06 19:10:00+00:00,191.39,191.48,191.3895,765,191.45,70702,191.426522
2023-07-06 19:11:00+00:00,191.415,191.46,191.365,721,191.385,50320,191.420406
2023-07-06 19:12:00+00:00,191.4,191.425,191.36,773,191.41,59300,191.389021
2023-07-06 19:13:00+00:00,191.42,191.425,191.37,583,191.395,40563,191.393072
2023-07-06 19:14:00+00:00,191.36,191.42,191.35,743,191.42,55014,191.383025
2023-07-06 19:15:00+00:00,191.38,191.42,191.3222,845,191.36,57158,191.381171
2023-07-06 19:16:00+00:00,191.4,191.41,191.33,758,191.37,111704,191.381794
2023-07-06 19:17:00+00:00,191.41,191.46,191.38,859,191.4,66065,191.419894
2023-07-06 19:18:00+00:00,191.42,191.45,191.4,687,191.4,58141,191.421103
2023-07-06 19:19:00+00:00,191.4826,191.5,191.42,769,191.4201,74882,191.47533
2023-07-06 19:20:00+00:00,191.501,191.51,191.47,751,191.48,62916,191.489303
2023-07-06 19:21:00+00:00,191.64,191.64,191.505,1142,191.51,108819,191.571748
2023-07-06 19:22:00+00:00,191.56,191.6427,191.555,957,191.64,82791,191.598743
2023-07-06 19:23:00+00:00,191.5587,191.63,191.53,942,191.57,79549,191.584784
2023-07-06 19:24:00+00:00,191.5901,191.6,191.545,743,191.56,46139,191.577284
2023-07-06 19:25:00+00:00,191.65,191.65,191.59,846,191.6,82725,191.625278
2023-07-06 19:26:00+00:00,191.6542,191.68,191.615,968,191.64,94449,191.649183
2023-07-06 19:27:00+00:00,191.64,191.66,191.59,1011,191.65,86172,191.62516
2023-07-06 19:28:00+00:00,191.65,191.685,191.639,956,191.64,71211,191.669249
2023-07-06 19:29:00+00:00,191.64,191.66,191.615,775,191.66,57219,191.597662
2023-07-06 19:30:00+00:00,191.555,191.65,191.555,1274,191.65,82072,191.607924
2023-07-06 19:31:00+00:00,191.54,191.58,191.525,1224,191.565,77551,191.551632
2023-07-06 19:32:00+00:00,191.57,191.6099,191.53,1192,191.54,71851,191.568174
2023-07-06 19:33:00+00:00,191.5968,191.6,191.5301,1082,191.57,77526,191.562402
2023-07-06 19:34:00+00:00,191.565,191.62,191.565,868,191.59,70753,191.593044
2023-07-06 19:35:00+00:00,191.58,191.59,191.555,838,191.565,70124,191.571762
2023-07-06 19:36:00+00:00,191.535,191.615,191.52,1215,191.58,102268,191.568633
2023-07-06 19:37:00+00:00,191.53,191.5402,191.47,1185,191.5399,83981,191.505574
2023-07-06 19:38:00+00:00,191.535,191.5673,191.51,972,191.55,74287,191.537067
2023-07-06 19:39:00+00:00,191.5889,191.59,191.52,1024,191.54,79346,191.562281
2023-07-06 19:40:00+00:00,191.5,191.58,191.48,1093,191.58,98722,191.510637
2023-07-06 19:41:00+00:00,191.515,191.545,191.48,960,191.505,79181,191.507939
2023-07-06 19:42:00+00:00,191.535,191.545,191.485,878,191.515,57194,191.515295
2023-07-06 19:43:00+00:00,191.544,191.56,191.52,870,191.535,62090,191.535684
2023-07-06 19:44:00+00:00,191.555,191.58,191.54,810,191.55,58644,191.559926
2023-07-06 19:45:00+00:00,191.485,191.55,191.48,1005,191.55,81891,191.510826
2023-07-06 19:46:00+00:00,191.575,191.59,191.485,1185,191.485,110831,191.551803
2023-07-06 19:47:00+00:00,191.595,191.605,191.55,1209,191.58,91352,191.582043
2023-07-06 19:48:00+00:00,191.605,191.625,191.552,1277,191.595,114604,191.591635
2023-07-06 19:49:00+00:00,191.75,191.75,191.61,1643,191.61,135183,191.686049
2023-07-06 19:50:00+00:00,191.715,191.9169,191.68,3999,191.76,379145,191.815083
2023-07-06 19:51:00+00:00,191.78,191.79,191.695,2286,191.725,179833,191.73839
2023-07-06 19:52:00+00:00,191.64,191.79,191.6321,1951,191.7801,157256,191.721763
2023-07-06 19:53:00+00:00,191.645,191.665,191.56,2820,191.64,224268,191.616514
2023-07-06 19:54:00+00:00,191.65,191.82,191.6,3700,191.64,360986,191.726333
2023-07-06 19:55:00+00:00,191.775,191.79,191.62,2650,191.65,202397,191.716592
2023-07-06 19:56:00+00:00,191.86,191.88,191.775,2662,191.78,241212,191.83329
2023-07-06 19:57:00+00:00,191.935,191.94,191.83,3257,191.855,316620,191.901671
2023-07-06 19:58:00+00:00,191.99,192.01,191.93,3911,191.93,437994,191.964323
2023-07-06 19:59:00+00:00,191.78,192.02,191.755,8891,191.985,971655,191.91231
2023-07-06 20:00:00+00:00,191.89,191.89,191.71,216,191.71,6908261,191.809248
2023-07-06 20:01:00+00:00,191.91,191.9199,191.88,125,191.8898,77836,191.819925
2023-07-06 20:02:00+00:00,191.91,191.94,191.91,115,191.91,186117,191.814051
2023-07-06 20:03:00+00:00,192.01,192.02,191.95,136,191.95,281590,191.817414
2023-07-06 20:04:00+00:00,191.98,192.0491,191.98,130,192.01,12813,192.030434
2023-07-06 20:05:00+00:00,191.95,191.98,191.95,71,191.95,5702,191.940414
2023-07-06 20:06:00+00:00,191.93,191.96,191.93,53,191.95,3509,191.9392
2023-07-06 20:07:00+00:00,191.96,191.96,191.81,59,191.92,13315,191.835801
2023-07-06 20:08:00+00:00,191.99,192.0,191.97,65,191.98,3603,191.990731
2023-07-06 20:09:00+00:00,191.81,192.0,191.81,46,192.0,4999,191.898108
2023-07-06 20:10:00+00:00,191.96,191.99,191.96,47,191.99,2523,191.974789
2023-07-06 20:11:00+00:00,191.99,192.01,191.81,69,191.95,10378,191.900861
2023-07-06 20:12:00+00:00,191.98,192.0,191.98,42,191.99,1533,191.943532
2023-07-06 20:13:00+00:00,191.97,191.99,191.97,47,191.99,7279,191.973045
2023-07-06 20:14:00+00:00,191.93,191.96,191.93,56,191.96,1841,191.946915
2023-07-06 20:15:00+00:00,191.94,191.94,191.94,43,191.94,95309,191.810597
2023-07-06 20:16:00+00:00,191.88,191.93,191.88,32,191.93,1598,191.910623
2023-07-06 20:17:00+00:00,191.89,191.9,191.89,44,191.9,64865,191.811717
2023-07-06 20:18:00+00:00,191.9,191.9,191.89,62,191.89,4219,191.899438
2023-07-06 20:19:00+00:00,191.93,191.93,191.91,28,191.91,262,191.923767
2023-07-06 20:20:00+00:00,191.92,191.92,191.92,34,191.92,293,191.921387
2023-07-06 20:21:00+00:00,191.93,191.93,191.93,25,191.93,524,191.925887
2023-07-06 20:22:00+00:00,191.9,191.92,191.9,42,191.92,3625,191.904821
2023-07-06 20:23:00+00:00,191.89,191.91,191.89,31,191.91,2760,191.908043
2023-07-06 20:24:00+00:00,191.87,191.9,191.87,34,191.9,771,191.885787
2023-07-06 20:25:00+00:00,191.8705,191.9,191.8705,46,191.9,3415,191.877852
2023-07-06 20:26:00+00:00,191.84,191.86,191.84,43,191.86,1164,191.849665
2023-07-06 20:27:00+00:00,191.85,191.85,191.84,44,191.85,985,191.848426
2023-07-06 20:28:00+00:00,191.84,191.85,191.84,38,191.85,41426,191.811035
2023-07-06 20:29:00+00:00,191.85,191.85,191.85,29,191.85,409,191.852127
2023-07-06 20:30:00+00:00,191.86,191.86,191.85,24,191.85,482,191.856191
2023-07-06 20:31:00+00:00,191.87,191.87,191.85,47,191.85,2727,191.857486
2023-07-06 20:32:00+00:00,191.87,191.87,191.87,44,191.87,1249,191.868535
2023-07-06 20:33:00+00:00,191.88,191.88,191.88,20,191.88,560,191.879643
2023-07-06 20:34:00+00:00,191.89,191.89,191.87,24,191.8898,1153,191.886805
2023-07-06 20:35:00+00:00,191.81,191.81,191.81,29,191.81,12148,191.810942
2023-07-06 20:36:00+00:00,191.84,191.87,191.84,57,191.87,3380,191.856891
2023-07-06 20:37:00+00:00,191.83,191.84,191.81,91,191.84,7468,191.823288
2023-07-06 20:38:00+00:00,191.82,191.83,191.82,33,191.83,1336,191.820352
2023-07-06 20:39:00+00:00,191.83,191.83,191.82,44,191.82,1422,191.821933
2023-07-06 20:40:00+00:00,191.81,191.81,191.81,33,191.81,654,191.810581
2023-07-06 20:41:00+00:00,191.8101,191.82,191.8101,30,191.82,1036,191.815265
2023-07-06 20:42:00+00:00,191.83,191.83,191.81,36,191.81,701,191.817696
2023-07-06 20:43:00+00:00,191.81,191.81,191.81,20,191.81,444,191.811509
2023-07-06 20:44:00+00:00,191.81,191.82,191.81,21,191.82,1029,191.812789
2023-07-06 20:45:00+00:00,191.84,191.84,191.83,33,191.83,931,191.83776
2023-07-06 20:46:00+00:00,191.8313,191.8313,191.8313,12,191.8313,226,191.832469
2023-07-06 20:47:00+00:00,191.85,191.86,191.85,21,191.8599,2106,191.852025
2023-07-06 20:49:00+00:00,191.84,191.85,191.84,25,191.85,751,191.846218
2023-07-06 20:50:00+00:00,191.84,191.86,191.84,25,191.86,983,191.854084
2023-07-06 20:51:00+00:00,191.83,191.83,191.83,20,191.83,449,191.830935
2023-07-06 20:52:00+00:00,191.83,191.8301,191.83,31,191.8301,1086,191.833834
2023-07-06 20:53:00+00:00,191.83,191.83,191.83,18,191.83,304,191.831464
2023-07-06 20:54:00+00:00,191.83,191.83,191.83,26,191.83,538,191.83092
2023-07-06 20:57:00+00:00,191.8406,191.86,191.8406,36,191.85,1020,191.856734
2023-07-06 20:58:00+00:00,191.86,191.86,191.85,21,191.85,451,191.859512
2023-07-06 21:00:00+00:00,191.87,191.87,191.86,38,191.86,906,191.83101
2023-07-06 21:03:00+00:00,191.84,191.84,191.84,15,191.84,1966,191.713254
2023-07-06 21:04:00+00:00,191.84,191.84,191.84,31,191.84,693,191.841212
2023-07-06 21:06:00+00:00,191.85,191.85,191.85,28,191.85,376,191.854721
2023-07-06 21:08:00+00:00,191.8502,191.8535,191.8502,24,191.8535,642,191.854112
2023-07-06 21:09:00+00:00,191.8691,191.87,191.8691,26,191.87,596,191.867356
2023-07-06 21:10:00+00:00,191.86,191.87,191.86,34,191.87,1143,191.864864
2023-07-06 21:11:00+00:00,191.86,191.86,191.8501,18,191.8501,364,191.854396
2023-07-06 21:13:00+00:00,191.86,191.86,191.86,13,191.86,432,191.861296
2023-07-06 21:14:00+00:00,191.86,191.86,191.86,24,191.86,296,191.863277
2023-07-06 21:17:00+00:00,191.86,191.86,191.86,20,191.86,306,191.864804
2023-07-06 21:19:00+00:00,191.87,191.87,191.87,15,191.87,121,191.87124
2023-07-06 21:20:00+00:00,191.74,191.86,191.72,126,191.86,5945,191.793565
2023-07-06 21:21:00+00:00,191.7,191.7103,191.69,38,191.71,1033,191.706751
2023-07-06 21:22:00+00:00,191.75,191.75,191.74,21,191.74,560,191.738866
2023-07-06 21:23:00+00:00,191.75,191.75,191.75,31,191.75,654,191.751116
2023-07-06 21:24:00+00:00,191.75,191.75,191.75,19,191.75,996,191.7499
2023-07-06 21:25:00+00:00,191.75,191.75,191.75,18,191.75,595,191.750563
2023-07-06 21:27:00+00:00,191.7527,191.7527,191.7527,22,191.7527,663,191.757775
2023-07-06 21:31:00+00:00,191.75,191.75,191.75,22,191.75,368,191.758922
2023-07-06 21:32:00+00:00,191.73,191.77,191.721,22,191.721,1323,191.751224
2023-07-06 21:33:00+00:00,191.7308,191.75,191.7308,19,191.75,835,191.735928
2023-07-06 21:34:00+00:00,191.73,191.73,191.73,14,191.73,641,191.737356
2023-07-06 21:35:00+00:00,191.76,191.76,191.76,30,191.76,464,191.761061
2023-07-06 21:37:00+00:00,191.77,191.77,191.77,9,191.77,117,191.771068
2023-07-06 21:38:00+00:00,191.78,191.78,191.77,16,191.78,1315,191.778867
2023-07-06 21:40:00+00:00,191.77,191.77,191.77,17,191.77,189,191.770794
2023-07-06 21:41:00+00:00,191.8,191.8,191.8,17,191.8,232,191.780711
2023-07-06 21:44:00+00:00,191.75,191.77,191.75,27,191.77,536,191.761594
2023-07-06 21:45:00+00:00,191.75,191.75,191.73,23,191.73,2549,191.74713
2023-07-06 21:48:00+00:00,191.78,191.78,191.77,26,191.77,873,191.774851
2023-07-06 21:49:00+00:00,191.76,191.76,191.76,23,191.76,124,191.760726
2023-07-06 21:51:00+00:00,191.81,191.81,191.77,35,191.77,2721,191.790759
2023-07-06 21:52:00+00:00,191.8399,191.8399,191.8399,20,191.8399,1052,191.837942
2023-07-06 21:54:00+00:00,191.83,191.83,191.83,11,191.83,226,191.823363
2023-07-06 21:55:00+00:00,191.76,191.76,191.76,19,191.76,238,191.771218
2023-07-06 21:56:00+00:00,191.82,191.82,191.82,15,191.82,444,191.799279
2023-07-06 21:58:00+00:00,191.765,191.765,191.765,9,191.765,208,191.76375
2023-07-06 22:00:00+00:00,191.78,191.78,191.73,79,191.76,1954,191.748887
2023-07-06 22:05:00+00:00,191.76,191.76,191.76,23,191.76,2951,191.760064
2023-07-06 22:06:00+00:00,191.76,191.76,191.76,13,191.76,7106,191.759984
2023-07-06 22:08:00+00:00,191.66,191.7007,191.66,41,191.68,2264,191.690745
2023-07-06 22:09:00+00:00,191.7,191.7,191.65,29,191.7,1667,191.689079
2023-07-06 22:11:00+00:00,191.6732,191.74,191.6732,22,191.74,410,191.705376
2023-07-06 22:13:00+00:00,191.75,191.75,191.75,14,191.75,154,191.746199
2023-07-06 22:14:00+00:00,191.68,191.72,191.68,33,191.72,1295,191.705336
2023-07-06 22:15:00+00:00,191.7335,191.7335,191.7335,17,191.7335,170,191.732441
2023-07-06 22:16:00+00:00,191.71,191.71,191.71,12,191.71,118,191.709576
2023-07-06 22:17:00+00:00,191.68,191.68,191.68,22,191.68,219,191.684521
2023-07-06 22:21:00+00:00,191.71,191.71,191.71,23,191.71,555,191.719928
2023-07-06 22:22:00+00:00,191.7,191.7,191.7,14,191.7,347,191.703516
2023-07-06 22:23:00+00:00,191.7,191.7001,191.7,26,191.7001,1777,191.700325
2023-07-06 22:24:00+00:00,191.7,191.7,191.7,12,191.7,1059,191.700246
2023-07-06 22:25:00+00:00,191.67,191.68,191.67,21,191.68,852,191.678644
2023-07-06 22:26:00+00:00,191.67,191.72,191.67,43,191.71,2238,191.698572
2023-07-06 22:27:00+00:00,191.67,191.67,191.67,16,191.67,1363,191.671009
2023-07-06 22:28:00+00:00,191.69,191.7295,191.69,19,191.7295,576,191.69237
2023-07-06 22:30:00+00:00,191.68,191.68,191.68,16,191.68,378,191.678995
2023-07-06 22:31:00+00:00,191.68,191.69,191.68,14,191.69,314,191.683185
2023-07-06 22:32:00+00:00,191.72,191.72,191.65,29,191.65,1504,191.674508
2023-07-06 22:33:00+00:00,191.6602,191.71,191.6602,26,191.71,791,191.690001
2023-07-06 22:34:00+00:00,191.6702,191.72,191.67,23,191.72,716,191.693499
2023-07-06 22:35:00+00:00,191.67,191.76,191.67,26,191.71,1266,191.747899
2023-07-06 22:36:00+00:00,191.78,191.78,191.78,5,191.78,211,191.769976
2023-07-06 22:40:00+00:00,191.6735,191.6735,191.67,14,191.67,4697,191.671219
2023-07-06 22:41:00+00:00,191.67,191.67,191.67,14,191.67,949,191.675269
2023-07-06 22:43:00+00:00,191.75,191.75,191.75,20,191.75,1122,191.750045
2023-07-06 22:44:00+00:00,191.78,191.78,191.78,25,191.78,430,191.773953
2023-07-06 22:46:00+00:00,191.78,191.78,191.78,37,191.78,680,191.772882
2023-07-06 22:49:00+00:00,191.8,191.8,191.8,15,191.8,181,191.782735
2023-07-06 22:53:00+00:00,191.77,191.77,191.77,13,191.77,231,191.764957
2023-07-06 22:54:00+00:00,191.78,191.78,191.78,18,191.78,760,191.778013
2023-07-06 22:56:00+00:00,191.7599,191.7599,191.7599,14,191.7599,274,191.756023
2023-07-06 23:01:00+00:00,191.79,191.79,191.75,27,191.75,1042,191.774986
2023-07-06 23:02:00+00:00,191.8,191.81,191.77,31,191.77,1343,191.796806
2023-07-06 23:04:00+00:00,191.75,191.75,191.75,13,191.75,144,191.750104
2023-07-06 23:05:00+00:00,191.7501,191.8,191.75,22,191.75,1606,191.765953
2023-07-06 23:06:00+00:00,191.81,191.81,191.81,22,191.81,402,191.788308
2023-07-06 23:07:00+00:00,191.82,191.82,191.8,31,191.82,1818,191.814095
2023-07-06 23:08:00+00:00,191.89,191.89,191.82,46,191.82,2138,191.843674
2023-07-06 23:09:00+00:00,191.85,191.85,191.85,8,191.85,127,191.857402
2023-07-06 23:10:00+00:00,191.86,191.86,191.86,30,191.86,2640,191.859975
2023-07-06 23:12:00+00:00,191.83,191.83,191.83,22,191.83,335,191.831672
2023-07-06 23:13:00+00:00,191.86,191.86,191.82,24,191.83,1422,191.846354
2023-07-06 23:14:00+00:00,191.85,191.85,191.8,28,191.81,1069,191.829818
2023-07-06 23:18:00+00:00,191.82,191.82,191.82,12,191.82,2106,191.819903
2023-07-06 23:21:00+00:00,191.8,191.8,191.8,25,191.8,1329,191.801857
2023-07-06 23:23:00+00:00,191.87,191.87,191.81,39,191.81,2498,191.857954
2023-07-06 23:24:00+00:00,191.77,191.82,191.77,27,191.8,1237,191.792466
2023-07-06 23:25:00+00:00,191.82,191.83,191.82,12,191.83,562,191.825214
2023-07-06 23:26:00+00:00,191.83,191.83,191.83,25,191.83,1828,191.830804
2023-07-06 23:29:00+00:00,191.82,191.82,191.82,12,191.82,1075,191.821395
2023-07-06 23:30:00+00:00,191.81,191.82,191.81,15,191.82,1208,191.817591
2023-07-06 23:31:00+00:00,191.84,191.84,191.84,11,191.84,126,191.841429
2023-07-06 23:32:00+00:00,191.81,191.81,191.81,8,191.81,221,191.809864
2023-07-06 23:34:00+00:00,191.81,191.81,191.81,16,191.81,125,191.812
2023-07-06 23:36:00+00:00,191.81,191.81,191.81,14,191.81,341,191.827273
2023-07-06 23:37:00+00:00,191.83,191.83,191.83,14,191.83,342,191.833421
2023-07-06 23:40:00+00:00,191.81,191.85,191.81,24,191.85,872,191.8416
2023-07-06 23:41:00+00:00,191.86,191.86,191.82,25,191.82,538,191.851589
2023-07-06 23:42:00+00:00,191.84,191.84,191.84,13,191.84,153,191.840131
2023-07-06 23:43:00+00:00,191.82,191.82,191.82,29,191.82,1184,191.81997
2023-07-06 23:45:00+00:00,191.82,191.84,191.82,15,191.84,1825,191.828082
2023-07-06 23:47:00+00:00,191.8,191.81,191.8,23,191.81,528,191.804811
2023-07-06 23:48:00+00:00,191.89,191.89,191.83,69,191.83,2238,191.853499
2023-07-06 23:49:00+00:00,191.85,191.97,191.83,42,191.89,1975,191.909089
2023-07-06 23:50:00+00:00,191.85,191.85,191.85,20,191.85,866,191.850641
2023-07-06 23:51:00+00:00,191.85,191.85,191.85,14,191.85,286,191.849878
2023-07-06 23:52:00+00:00,191.8,191.8,191.8,25,191.8,381,191.801667
2023-07-06 23:54:00+00:00,191.82,191.85,191.79,34,191.79,2222,191.833141
2023-07-06 23:55:00+00:00,191.85,191.85,191.84,24,191.84,592,191.843083
2023-07-06 23:56:00+00:00,191.81,191.85,191.81,28,191.82,1935,191.823065
2023-07-06 23:57:00+00:00,191.85,191.85,191.82,21,191.82,464,191.83931
2023-07-06 23:58:00+00:00,191.85,191.85,191.85,27,191.85,588,191.848087
2023-07-06 23:59:00+00:00,191.83,191.83,191.82,20,191.82,643,191.825855
