timestamp,close,high,low,trade_count,open,volume,vwap
2023-02-14 00:00:00+00:00,153.69,153.7,153.69,14,153.7,425,153.692965
2023-02-14 00:01:00+00:00,153.7,153.7,153.7,8,153.7,255,153.677216
2023-02-14 00:02:00+00:00,153.66,153.66,153.66,7,153.66,124,153.660968
2023-02-14 00:03:00+00:00,153.67,153.67,153.67,10,153.67,185,153.671108
2023-02-14 00:04:00+00:00,153.67,153.67,153.67,9,153.67,4986,153.669994
2023-02-14 00:05:00+00:00,153.66,153.67,153.66,11,153.67,1025,153.666498
2023-02-14 00:06:00+00:00,153.68,153.68,153.66,23,153.66,3986,153.675617
2023-02-14 00:07:00+00:00,153.67,153.67,153.67,14,153.67,131,153.670382
2023-02-14 00:08:00+00:00,153.66,153.67,153.66,11,153.67,540,153.66338
2023-02-14 00:10:00+00:00,153.67,153.67,153.66,12,153.66,898,153.661759
2023-02-14 00:11:00+00:00,153.67,153.67,153.67,6,153.67,229,153.669432
2023-02-14 00:18:00+00:00,153.6101,153.65,153.6101,23,153.65,3461,153.62171
2023-02-14 00:19:00+00:00,153.6101,153.6101,153.6101,11,153.6101,808,153.617475
2023-02-14 00:20:00+00:00,153.6201,153.6201,153.6201,11,153.6201,525,153.620248
2023-02-14 00:21:00+00:00,153.64,153.64,153.64,19,153.64,735,153.639667
2023-02-14 00:25:00+00:00,153.6301,153.6301,153.6301,10,153.6301,1029,153.630544
2023-02-14 00:26:00+00:00,153.65,153.65,153.65,10,153.65,1557,153.650006
2023-02-14 00:29:00+00:00,153.65,153.65,153.65,8,153.65,161,153.650683
2023-02-14 00:30:00+00:00,153.65,153.66,153.65,15,153.66,728,153.652775
2023-02-14 00:31:00+00:00,153.65,153.65,153.65,13,153.65,1334,153.650424
2023-02-14 00:32:00+00:00,153.65,153.66,153.65,21,153.65,4520,153.650872
2023-02-14 00:34:00+00:00,153.65,153.65,153.65,9,153.65,403,153.649367
2023-02-14 00:35:00+00:00,153.66,153.66,153.65,7,153.65,244,153.654098
2023-02-14 00:36:00+00:00,153.65,153.65,153.65,13,153.65,154,153.647532
2023-02-14 00:37:00+00:00,153.66,153.66,153.65,14,153.65,5935,153.65965
2023-02-14 00:38:00+00:00,153.66,153.66,153.66,10,153.66,613,153.660073
2023-02-14 00:40:00+00:00,153.66,153.66,153.65,10,153.65,1152,153.656788
2023-02-14 00:42:00+00:00,153.65,153.65,153.65,23,153.65,533,153.642308
2023-02-14 00:44:00+00:00,153.67,153.67,153.67,7,153.67,398,153.668442
2023-02-14 00:46:00+00:00,153.63,153.65,153.63,20,153.65,613,153.635799
2023-02-14 00:47:00+00:00,153.65,153.65,153.62,10,153.62,469,153.637079
2023-02-14 00:48:00+00:00,153.61,153.64,153.61,19,153.63,1944,153.623022
2023-02-14 00:49:00+00:00,153.63,153.63,153.63,17,153.63,540,153.631981
2023-02-14 00:50:00+00:00,153.64,153.64,153.64,3,153.64,350,153.637429
2023-02-14 00:53:00+00:00,153.66,153.67,153.66,25,153.67,2624,153.667083
2023-02-14 00:54:00+00:00,153.66,153.66,153.66,18,153.66,1717,153.660649
2023-02-14 00:56:00+00:00,153.69,153.7,153.65,24,153.66,1581,153.666328
2023-02-14 00:57:00+00:00,153.64,153.64,153.64,16,153.64,971,153.639712
2023-02-14 00:58:00+00:00,153.64,153.64,153.63,20,153.64,1319,153.636789
2023-02-14 00:59:00+00:00,153.7,153.7,153.6,39,153.63,3970,153.616671
2023-02-14 09:00:00+00:00,153.42,153.75,153.42,55,153.5,1066,153.555535
2023-02-14 09:01:00+00:00,153.4,153.4,153.4,22,153.4,228,153.41943
2023-02-14 09:03:00+00:00,153.71,153.71,153.5,61,153.54,2330,153.637009
2023-02-14 09:04:00+00:00,153.99,153.99,153.94,100,153.94,1471,153.922522
2023-02-14 09:06:00+00:00,153.99,154.05,153.9,24,153.9,1926,153.949974
2023-02-14 09:07:00+00:00,153.82,153.82,153.82,2,153.82,103,153.821165
2023-02-14 09:08:00+00:00,153.72,153.81,153.72,39,153.81,1291,153.748854
2023-02-14 09:09:00+00:00,153.71,153.71,153.71,16,153.71,1075,153.715042
2023-02-14 09:10:00+00:00,153.72,153.72,153.72,8,153.72,468,153.723739
2023-02-14 09:12:00+00:00,153.7,153.7,153.7,24,153.7,568,153.73257
2023-02-14 09:13:00+00:00,153.7,153.7,153.7,41,153.7,1892,153.700698
2023-02-14 09:14:00+00:00,153.7,153.7,153.7,17,153.7,379,153.673245
2023-02-14 09:15:00+00:00,153.63,153.63,153.63,6,153.63,237,153.627173
2023-02-14 09:23:00+00:00,153.63,153.63,153.63,8,153.63,121,153.633058
2023-02-14 09:26:00+00:00,153.77,153.77,153.75,19,153.75,1048,153.753664
2023-02-14 09:28:00+00:00,153.76,153.76,153.76,8,153.76,158,153.741646
2023-02-14 09:39:00+00:00,153.7,153.7,153.7,6,153.7,225,153.706089
2023-02-14 09:40:00+00:00,153.7,153.7,153.7,24,153.7,1125,153.699244
2023-02-14 09:41:00+00:00,153.76,153.76,153.71,18,153.71,757,153.737041
2023-02-14 09:42:00+00:00,153.7,153.7,153.7,13,153.7,1653,153.700811
2023-02-14 09:44:00+00:00,153.75,153.75,153.75,1,153.75,100,153.75
2023-02-14 09:48:00+00:00,153.65,153.65,153.65,13,153.65,429,153.654126
2023-02-14 09:51:00+00:00,153.63,153.63,153.63,25,153.63,781,153.636569
2023-02-14 09:52:00+00:00,153.69,153.69,153.69,11,153.69,594,153.688906
2023-02-14 09:53:00+00:00,153.72,153.72,153.72,6,153.72,319,153.709592
2023-02-14 10:00:00+00:00,153.78,153.78,153.75,26,153.75,926,153.759147
2023-02-14 10:01:00+00:00,153.73,153.73,153.73,10,153.73,493,153.730832
2023-02-14 10:03:00+00:00,153.74,153.74,153.74,9,153.74,359,153.747214
2023-02-14 10:04:00+00:00,153.73,153.73,153.73,3,153.73,138,153.729928
2023-02-14 10:11:00+00:00,153.72,153.72,153.72,9,153.72,305,153.724623
2023-02-14 10:12:00+00:00,153.75,153.75,153.72,12,153.72,804,153.738694
2023-02-14 10:15:00+00:00,153.73,153.73,153.73,5,153.73,113,153.730354
2023-02-14 10:16:00+00:00,153.75,153.75,153.75,19,153.75,619,153.745832
2023-02-14 10:30:00+00:00,153.84,153.9,153.84,43,153.86,1399,153.878134
2023-02-14 10:31:00+00:00,153.92,153.92,153.91,29,153.91,955,153.910838
2023-02-14 10:32:00+00:00,153.91,153.91,153.91,5,153.91,384,153.910677
2023-02-14 10:35:00+00:00,153.97,153.97,153.97,9,153.97,179,153.971061
2023-02-14 10:36:00+00:00,153.97,153.97,153.97,14,153.97,552,153.968696
2023-02-14 10:38:00+00:00,153.97,153.97,153.97,6,153.97,135,153.969778
2023-02-14 10:39:00+00:00,153.95,153.95,153.95,23,153.95,429,153.963753
2023-02-14 10:40:00+00:00,154.2,154.2,153.99,117,153.99,2293,154.070362
2023-02-14 10:44:00+00:00,154.1,154.18,154.1,25,154.18,994,154.157656
2023-02-14 10:45:00+00:00,154.09,154.12,154.09,23,154.1,1072,154.104897
2023-02-14 10:46:00+00:00,154.12,154.12,154.12,11,154.12,355,154.119437
2023-02-14 10:47:00+00:00,154.12,154.12,154.12,11,154.12,462,154.134978
2023-02-14 10:50:00+00:00,154.16,154.16,154.16,11,154.16,245,154.163184
2023-02-14 10:51:00+00:00,154.13,154.13,154.13,14,154.13,594,154.149192
2023-02-14 10:54:00+00:00,154.08,154.08,154.08,9,154.08,250,154.07636
2023-02-14 10:56:00+00:00,154.09,154.09,154.09,5,154.09,110,154.092182
2023-02-14 11:01:00+00:00,154.15,154.15,154.15,28,154.15,1551,154.144952
2023-02-14 11:02:00+00:00,154.15,154.15,154.15,28,154.15,1065,154.159202
2023-02-14 11:04:00+00:00,154.2,154.2,154.19,21,154.19,470,154.194872
2023-02-14 11:05:00+00:00,154.21,154.21,154.21,39,154.21,649,154.220339
2023-02-14 11:07:00+00:00,154.24,154.24,154.24,10,154.24,212,154.23533
2023-02-14 11:09:00+00:00,154.34,154.34,154.34,28,154.34,659,154.314598
2023-02-14 11:10:00+00:00,154.3,154.3,154.3,8,154.3,401,154.289277
2023-02-14 11:19:00+00:00,154.28,154.28,154.28,6,154.28,624,154.280096
2023-02-14 11:21:00+00:00,154.26,154.26,154.26,6,154.26,262,154.260458
2023-02-14 11:22:00+00:00,154.26,154.26,154.26,12,154.26,273,154.259817
2023-02-14 11:23:00+00:00,154.26,154.26,154.26,17,154.26,667,154.261679
2023-02-14 11:24:00+00:00,154.25,154.25,154.25,16,154.25,190,154.248684
2023-02-14 11:26:00+00:00,154.25,154.25,154.25,6,154.25,138,154.253116
2023-02-14 11:27:00+00:00,154.24,154.24,154.24,11,154.24,194,154.240412
2023-02-14 11:28:00+00:00,154.25,154.25,154.24,39,154.25,1785,154.265221
2023-02-14 11:29:00+00:00,154.24,154.24,154.24,16,154.24,556,154.251421
2023-02-14 11:36:00+00:00,154.24,154.24,154.24,22,154.24,684,154.242295
2023-02-14 11:38:00+00:00,154.22,154.22,154.22,8,154.22,1009,154.22005
2023-02-14 11:40:00+00:00,154.26,154.26,154.26,18,154.26,685,154.255109
2023-02-14 11:46:00+00:00,154.23,154.23,154.23,20,154.23,488,154.225492
2023-02-14 11:47:00+00:00,154.2,154.2,154.2,22,154.2,805,154.200398
2023-02-14 11:48:00+00:00,154.2,154.2,154.2,15,154.2,698,154.19265
2023-02-14 11:49:00+00:00,154.15,154.15,154.15,10,154.15,313,154.139265
2023-02-14 11:52:00+00:00,154.11,154.11,154.11,18,154.11,377,154.10191
2023-02-14 11:58:00+00:00,154.01,154.02,154.01,58,154.02,2480,154.015036
2023-02-14 11:59:00+00:00,154.0,154.0,154.0,16,154.0,982,153.998585
2023-02-14 12:00:00+00:00,154.0,154.03,153.99,116,154.0,4844,154.010209
2023-02-14 12:01:00+00:00,153.99,154.01,153.99,36,154.01,1634,153.999296
2023-02-14 12:02:00+00:00,153.97,153.97,153.97,18,153.97,409,153.969511
2023-02-14 12:03:00+00:00,154.0,154.02,154.0,63,154.0,4095,154.006161
2023-02-14 12:04:00+00:00,153.99,154.0,153.97,20,153.99,2774,153.987888
2023-02-14 12:05:00+00:00,154.0,154.01,154.0,25,154.0,4597,154.001331
2023-02-14 12:06:00+00:00,154.05,154.1,154.0,105,154.0,20028,154.053333
2023-02-14 12:07:00+00:00,154.0,154.02,154.0,21,154.02,1179,154.014317
2023-02-14 12:11:00+00:00,154.0,154.0,154.0,34,154.0,597,154.00459
2023-02-14 12:12:00+00:00,154.0,154.0,154.0,11,154.0,279,153.990538
2023-02-14 12:13:00+00:00,153.95,153.95,153.95,62,153.95,1252,153.967404
2023-02-14 12:20:00+00:00,154.04,154.04,154.0,62,154.0,2584,154.019613
2023-02-14 12:21:00+00:00,154.04,154.04,154.04,23,154.04,544,154.033162
2023-02-14 12:22:00+00:00,154.04,154.04,154.04,16,154.04,450,154.043689
2023-02-14 12:23:00+00:00,154.1,154.1,154.1,19,154.1,380,154.089763
2023-02-14 12:26:00+00:00,154.11,154.11,154.11,29,154.11,1161,154.097442
2023-02-14 12:27:00+00:00,154.15,154.15,154.12,39,154.12,3358,154.141423
2023-02-14 12:29:00+00:00,154.08,154.08,154.08,23,154.08,898,154.091704
2023-02-14 12:35:00+00:00,154.09,154.09,154.08,28,154.08,820,154.088098
2023-02-14 12:36:00+00:00,154.09,154.09,154.09,24,154.09,803,154.088157
2023-02-14 12:38:00+00:00,154.09,154.09,154.09,26,154.09,247,154.068057
2023-02-14 12:40:00+00:00,154.05,154.05,154.05,64,154.05,1182,154.050863
2023-02-14 12:41:00+00:00,154.04,154.04,154.04,18,154.04,194,154.032474
2023-02-14 12:42:00+00:00,154.04,154.04,153.98,117,154.02,5252,154.012262
2023-02-14 12:43:00+00:00,154.03,154.03,154.02,36,154.02,825,154.029018
2023-02-14 12:44:00+00:00,154.01,154.01,154.01,20,154.01,810,154.014272
2023-02-14 12:46:00+00:00,154.05,154.05,154.04,15,154.04,522,154.045211
2023-02-14 12:47:00+00:00,154.06,154.06,154.06,17,154.06,647,154.061097
2023-02-14 12:48:00+00:00,154.06,154.07,154.06,22,154.07,952,154.062269
2023-02-14 12:50:00+00:00,154.03,154.03,154.03,34,154.03,927,154.048889
2023-02-14 12:51:00+00:00,154.05,154.05,154.04,25,154.04,1790,154.046754
2023-02-14 12:53:00+00:00,154.05,154.05,154.05,14,154.05,302,154.044702
2023-02-14 12:54:00+00:00,154.09,154.09,154.04,56,154.05,4166,154.055458
2023-02-14 12:55:00+00:00,154.09,154.09,154.09,13,154.09,326,154.079663
2023-02-14 12:56:00+00:00,154.05,154.09,154.05,52,154.08,2594,154.075956
2023-02-14 12:57:00+00:00,154.07,154.07,154.0,63,154.03,2480,154.03621
2023-02-14 12:58:00+00:00,154.04,154.04,154.04,15,154.04,577,154.044038
2023-02-14 13:00:00+00:00,154.07,154.19,153.466,449,153.65,58922,153.99326
2023-02-14 13:01:00+00:00,154.07,154.2515,153.03,1070,153.7015,12618,153.709302
2023-02-14 13:02:00+00:00,154.0,154.01,154.0,125,154.0,1788,154.002384
2023-02-14 13:03:00+00:00,153.95,153.96,153.95,70,153.96,2454,153.953291
2023-02-14 13:04:00+00:00,153.93,153.93,153.92,80,153.93,3565,153.93157
2023-02-14 13:05:00+00:00,153.91,153.95,153.9,86,153.95,3832,153.927104
2023-02-14 13:06:00+00:00,153.9,153.9,153.9,96,153.9,4626,153.900406
2023-02-14 13:07:00+00:00,153.7999,153.85,153.7999,85,153.85,6877,153.806204
2023-02-14 13:08:00+00:00,153.78,153.8,153.78,52,153.79,6236,153.78372
2023-02-14 13:09:00+00:00,153.85,153.85,153.78,55,153.78,1958,153.814407
2023-02-14 13:10:00+00:00,153.88,153.88,153.88,37,153.88,1078,153.877681
2023-02-14 13:11:00+00:00,153.9199,153.9199,153.9199,31,153.9199,465,153.866564
2023-02-14 13:12:00+00:00,153.82,153.86,153.82,34,153.86,1437,153.859055
2023-02-14 13:13:00+00:00,153.8592,153.8592,153.83,25,153.83,806,153.835734
2023-02-14 13:14:00+00:00,153.82,153.86,153.82,54,153.86,1500,153.841433
2023-02-14 13:15:00+00:00,153.86,153.9,153.86,40,153.88,1814,153.890692
2023-02-14 13:16:00+00:00,153.84,153.88,153.8,62,153.88,2794,153.835782
2023-02-14 13:17:00+00:00,153.83,153.87,153.83,26,153.87,546,153.855145
2023-02-14 13:19:00+00:00,153.95,153.96,153.9,73,153.9,4811,153.940523
2023-02-14 13:20:00+00:00,153.96,153.96,153.9,89,153.9,4750,153.930766
2023-02-14 13:21:00+00:00,153.99,153.99,153.9784,39,153.9784,722,153.971937
2023-02-14 13:22:00+00:00,153.95,153.99,153.95,43,153.99,3479,153.962995
2023-02-14 13:23:00+00:00,153.99,153.99,153.95,35,153.95,2812,153.979057
2023-02-14 13:24:00+00:00,154.0,154.0,153.96,114,153.97,6193,153.985167
2023-02-14 13:25:00+00:00,154.08,154.08,154.01,78,154.01,1790,154.026249
2023-02-14 13:26:00+00:00,154.0,154.05,154.0,30,154.05,1044,154.030813
2023-02-14 13:27:00+00:00,154.03,154.05,154.0,72,154.0,12644,154.04507
2023-02-14 13:28:00+00:00,154.06,154.06,154.01,73,154.01,3088,154.03773
2023-02-14 13:29:00+00:00,154.0,154.2471,154.0,202,154.07,5406,154.124253
2023-02-14 13:30:00+00:00,152.82,154.0,152.75,688,154.0,36156,153.115011
2023-02-14 13:31:00+00:00,153.4,153.41,152.98,510,152.98,25797,153.288221
2023-02-14 13:32:00+00:00,154.73,154.73,153.42,930,153.42,52093,154.133629
2023-02-14 13:33:00+00:00,154.5,155.2,154.38,1200,154.72,72876,154.932697
2023-02-14 13:34:00+00:00,154.42,154.8,154.0811,379,154.38,43377,154.430037
2023-02-14 13:35:00+00:00,154.3232,154.4763,154.0,249,154.3,15379,154.17252
2023-02-14 13:36:00+00:00,154.02,154.35,154.0,419,154.33,18287,154.192383
2023-02-14 13:37:00+00:00,153.86,154.22,153.8,288,154.029,16979,154.016587
2023-02-14 13:38:00+00:00,153.5,153.8,153.29,442,153.8,31242,153.550484
2023-02-14 13:39:00+00:00,153.12,153.52,153.11,491,153.46,37565,153.360147
2023-02-14 13:40:00+00:00,153.06,153.31,153.06,383,153.14,35577,153.162252
2023-02-14 13:41:00+00:00,153.15,153.3,153.06,337,153.06,22474,153.155846
2023-02-14 13:42:00+00:00,153.12,153.25,153.07,547,153.14,48423,153.160379
2023-02-14 13:43:00+00:00,153.26,153.26,153.0,331,153.14,16877,153.093769
2023-02-14 13:44:00+00:00,153.2,153.5,153.2,192,153.29,8982,153.331552
2023-02-14 13:45:00+00:00,153.19,153.2,152.91,294,153.2,15736,153.042479
2023-02-14 13:46:00+00:00,153.3,153.49,153.18,304,153.19,23388,153.361969
2023-02-14 13:47:00+00:00,153.4,153.4,153.25,240,153.37,15060,153.359466
2023-02-14 13:48:00+00:00,153.5,153.54,153.34,238,153.34,14144,153.462551
2023-02-14 13:49:00+00:00,153.5,153.55,153.4,230,153.49,16104,153.500146
2023-02-14 13:50:00+00:00,153.69,153.75,153.5,322,153.5,17782,153.683706
2023-02-14 13:51:00+00:00,153.51,153.73,153.5,228,153.69,20049,153.591811
2023-02-14 13:52:00+00:00,153.34,153.54,153.25,216,153.54,12266,153.355246
2023-02-14 13:53:00+00:00,153.37,153.39,153.2,227,153.31,11639,153.303321
2023-02-14 13:54:00+00:00,152.9711,153.4,152.9711,318,153.3899,21717,153.17173
2023-02-14 13:55:00+00:00,153.24,153.24,153.02,103,153.02,3369,153.177835
2023-02-14 13:56:00+00:00,153.23,153.25,153.18,153,153.2072,11531,153.231389
2023-02-14 13:57:00+00:00,153.21,153.3,153.18,170,153.25,9842,153.217811
2023-02-14 13:58:00+00:00,153.11,153.2,153.11,133,153.1104,6769,153.181326
2023-02-14 13:59:00+00:00,153.07,153.15,152.94,278,153.11,15058,153.040948
2023-02-14 14:00:00+00:00,153.19,153.24,153.0515,327,153.09,18267,153.11647
2023-02-14 14:01:00+00:00,153.0601,153.2243,153.0601,201,153.2087,15406,153.136718
2023-02-14 14:02:00+00:00,152.98,153.1,152.98,165,153.06,8900,153.041683
2023-02-14 14:03:00+00:00,153.02,153.02,152.9,193,152.99,7004,152.959196
2023-02-14 14:04:00+00:00,152.87,152.99,152.83,241,152.99,13309,152.891447
2023-02-14 14:05:00+00:00,152.87,152.9,152.82,170,152.87,8137,152.861945
2023-02-14 14:06:00+00:00,153.0,153.0,152.82,129,152.89,4678,152.902888
2023-02-14 14:07:00+00:00,153.02,153.08,152.95,125,153.0,11573,152.999772
2023-02-14 14:08:00+00:00,152.9,153.02,152.9,100,152.99,7362,152.950856
2023-02-14 14:09:00+00:00,152.95,152.98,152.9,223,152.9,16055,152.914315
2023-02-14 14:10:00+00:00,152.78,152.92,152.69,279,152.91,16125,152.809987
2023-02-14 14:11:00+00:00,152.72,152.77,152.6521,179,152.71,12688,152.732359
2023-02-14 14:12:00+00:00,152.8,152.8,152.6,222,152.73,10910,152.71073
2023-02-14 14:13:00+00:00,152.72,152.8927,152.7,113,152.86,8933,152.807175
2023-02-14 14:14:00+00:00,152.62,152.75,152.55,185,152.75,14703,152.657271
2023-02-14 14:15:00+00:00,152.5,152.69,152.5,212,152.62,12386,152.615151
2023-02-14 14:16:00+00:00,152.67,152.73,152.5,180,152.5,11961,152.619568
2023-02-14 14:17:00+00:00,152.66,152.78,152.6508,169,152.67,12313,152.722152
2023-02-14 14:18:00+00:00,152.71,152.73,152.65,101,152.66,5054,152.680409
2023-02-14 14:19:00+00:00,152.81,152.9,152.74,213,152.75,17116,152.790483
2023-02-14 14:20:00+00:00,152.8,152.9,152.8,130,152.8495,7118,152.834131
2023-02-14 14:21:00+00:00,152.84,152.8595,152.75,88,152.75,7491,152.773647
2023-02-14 14:22:00+00:00,152.72,152.84,152.72,143,152.8399,5844,152.790743
2023-02-14 14:23:00+00:00,152.6,152.71,152.6,150,152.7,9377,152.664832
2023-02-14 14:24:00+00:00,152.73,152.73,152.64,157,152.65,9566,152.690186
2023-02-14 14:25:00+00:00,152.63,152.8056,152.57,158,152.6,10026,152.642528
2023-02-14 14:26:00+00:00,152.55,152.59,152.5,244,152.5805,15960,152.534569
2023-02-14 14:27:00+00:00,152.46,152.68,152.18,569,152.55,37493,152.397751
2023-02-14 14:28:00+00:00,152.23,152.46,152.04,667,152.28,66584,152.19825
2023-02-14 14:29:00+00:00,152.07,152.3,152.07,396,152.24,39301,152.185897
2023-02-14 14:30:00+00:00,151.38,152.25,151.31,12998,152.12,2208052,151.897551
2023-02-14 14:31:00+00:00,151.22,151.5,151.0,9941,151.39,403879,151.261605
2023-02-14 14:32:00+00:00,151.215,151.46,151.0,9013,151.16,344923,151.195733
2023-02-14 14:33:00+00:00,151.11,151.4,151.06,8544,151.23,286379,151.251869
2023-02-14 14:34:00+00:00,151.35,151.44,151.12,3539,151.12,314525,151.319396
2023-02-14 14:35:00+00:00,151.274,151.555,151.19,3100,151.36,315152,151.34498
2023-02-14 14:36:00+00:00,151.405,151.4808,151.25,3134,151.28,290698,151.334602
2023-02-14 14:37:00+00:00,151.5,151.65,151.39,4037,151.39,363609,151.546394
2023-02-14 14:38:00+00:00,151.49,151.72,151.29,3814,151.5,357747,151.487751
2023-02-14 14:39:00+00:00,151.66,151.78,151.36,3194,151.492,285686,151.576031
2023-02-14 14:40:00+00:00,151.66,151.87,151.625,4300,151.635,378078,151.741901
2023-02-14 14:41:00+00:00,152.1,152.23,151.67,4007,151.67,471136,152.006516
2023-02-14 14:42:00+00:00,151.98,152.1,151.86,3338,152.09,349393,152.000986
2023-02-14 14:43:00+00:00,151.9501,152.09,151.82,2723,151.97,258083,151.935085
2023-02-14 14:44:00+00:00,152.025,152.25,151.92,3020,151.96,341203,152.095525
2023-02-14 14:45:00+00:00,152.3142,152.46,152.04,3206,152.05,346003,152.269816
2023-02-14 14:46:00+00:00,152.3914,152.3914,152.08,2635,152.31,264595,152.263134
2023-02-14 14:47:00+00:00,152.4799,152.6,152.381,3100,152.39,327074,152.499177
2023-02-14 14:48:00+00:00,152.305,152.57,152.3,2675,152.4766,293310,152.472614
2023-02-14 14:49:00+00:00,152.305,152.47,152.21,2195,152.31,232502,152.337977
2023-02-14 14:50:00+00:00,152.4601,152.53,152.1532,2144,152.315,234974,152.346981
2023-02-14 14:51:00+00:00,152.215,152.4791,152.16,2189,152.47,236739,152.280653
2023-02-14 14:52:00+00:00,152.225,152.305,152.04,2163,152.215,243206,152.180071
2023-02-14 14:53:00+00:00,152.075,152.238,152.0,2474,152.22,245555,152.070297
2023-02-14 14:54:00+00:00,152.33,152.35,152.0,1640,152.06,176552,152.215157
2023-02-14 14:55:00+00:00,152.78,152.78,152.335,2791,152.335,326456,152.567526
2023-02-14 14:56:00+00:00,152.695,152.82,152.61,1855,152.79,203927,152.712757
2023-02-14 14:57:00+00:00,152.8723,152.89,152.69,1862,152.7,212566,152.812255
2023-02-14 14:58:00+00:00,152.865,153.0,152.8148,2005,152.88,194902,152.905092
2023-02-14 14:59:00+00:00,152.8399,152.99,152.8,1624,152.8726,186908,152.884538
2023-02-14 15:00:00+00:00,152.86,153.03,152.8,2297,152.84,223824,152.91043
2023-02-14 15:01:00+00:00,153.15,153.17,152.85,2272,152.85,231401,153.00833
2023-02-14 15:02:00+00:00,153.18,153.29,153.1,1751,153.1533,173630,153.198191
2023-02-14 15:03:00+00:00,153.4401,153.59,153.17,2906,153.17,288164,153.428089
2023-02-14 15:04:00+00:00,153.3802,153.51,153.3663,2197,153.445,234100,153.424098
2023-02-14 15:05:00+00:00,153.4001,153.49,153.28,2095,153.39,224590,153.388045
2023-02-14 15:06:00+00:00,153.4402,153.52,153.33,1850,153.3913,182771,153.42366
2023-02-14 15:07:00+00:00,153.56,153.61,153.37,1446,153.4462,175630,153.484572
2023-02-14 15:08:00+00:00,153.44,153.6578,153.42,1544,153.58,169966,153.522425
2023-02-14 15:09:00+00:00,153.5,153.5,153.35,1481,153.43,151292,153.453513
2023-02-14 15:10:00+00:00,153.4399,153.5,153.33,1895,153.495,177041,153.445174
2023-02-14 15:11:00+00:00,153.63,153.77,153.41,2884,153.45,314800,153.599876
2023-02-14 15:12:00+00:00,153.43,153.65,153.42,1527,153.64,185146,153.5706
2023-02-14 15:13:00+00:00,153.35,153.4399,153.21,1732,153.43,196884,153.304942
2023-02-14 15:14:00+00:00,153.2671,153.3699,153.2264,1799,153.36,161858,153.275067
2023-02-14 15:15:00+00:00,153.4491,153.46,153.24,1509,153.275,230350,153.336829
2023-02-14 15:16:00+00:00,153.47,153.51,153.26,1185,153.46,123182,153.381375
2023-02-14 15:17:00+00:00,153.44,153.63,153.4201,2035,153.47,224793,153.543793
2023-02-14 15:18:00+00:00,153.3201,153.485,153.2,1415,153.46,146803,153.328321
2023-02-14 15:19:00+00:00,153.16,153.36,153.04,1724,153.34,183467,153.157652
2023-02-14 15:20:00+00:00,153.1983,153.323,153.12,1329,153.18,134598,153.205905
2023-02-14 15:21:00+00:00,153.33,153.45,153.14,1280,153.19,138112,153.318765
2023-02-14 15:22:00+00:00,153.3,153.37,153.16,1274,153.35,143224,153.255817
2023-02-14 15:23:00+00:00,153.37,153.44,153.302,988,153.3068,87120,153.372333
2023-02-14 15:24:00+00:00,153.37,153.4245,153.27,1030,153.38,109473,153.340749
2023-02-14 15:25:00+00:00,153.4,153.46,153.3,1137,153.38,111965,153.382868
2023-02-14 15:26:00+00:00,153.3599,153.5,153.32,1122,153.4154,110061,153.405881
2023-02-14 15:27:00+00:00,153.35,153.41,153.25,1100,153.34,106362,153.325116
2023-02-14 15:28:00+00:00,153.08,153.3732,153.01,1747,153.35,182110,153.151697
2023-02-14 15:29:00+00:00,152.94,153.1755,152.8801,2161,153.08,221837,153.026909
2023-02-14 15:30:00+00:00,152.923,153.08,152.88,1382,152.94,139007,152.969764
2023-02-14 15:31:00+00:00,152.72,152.9394,152.6609,1922,152.93,199987,152.767291
2023-02-14 15:32:00+00:00,152.63,152.75,152.572,1616,152.72,149791,152.654509
2023-02-14 15:33:00+00:00,152.6,152.73,152.55,1307,152.625,127412,152.640418
2023-02-14 15:34:00+00:00,152.55,152.7,152.51,1085,152.6,102912,152.614242
2023-02-14 15:35:00+00:00,152.19,152.54,152.14,2571,152.54,270581,152.285988
2023-02-14 15:36:00+00:00,152.1718,152.21,151.99,2387,152.18,283665,152.079548
2023-02-14 15:37:00+00:00,151.9,152.19,151.87,2021,152.175,210393,152.005193
2023-02-14 15:38:00+00:00,151.77,151.99,151.71,2047,151.9,204350,151.868893
2023-02-14 15:39:00+00:00,151.63,151.9,151.6,2009,151.78,218485,151.779718
2023-02-14 15:40:00+00:00,151.48,151.74,151.46,1972,151.635,208915,151.599176
2023-02-14 15:41:00+00:00,151.41,151.56,151.23,2376,151.46,283489,151.40215
2023-02-14 15:42:00+00:00,151.42,151.48,151.24,1777,151.415,247752,151.369014
2023-02-14 15:43:00+00:00,151.495,151.5,151.35,1464,151.4,134346,151.413351
2023-02-14 15:44:00+00:00,151.535,151.64,151.3919,1619,151.5,154075,151.540144
2023-02-14 15:45:00+00:00,151.1842,151.55,151.12,2343,151.55,267844,151.344142
2023-02-14 15:46:00+00:00,151.21,151.21,150.86,3746,151.18,360680,151.040013
2023-02-14 15:47:00+00:00,151.43,151.44,151.19,1706,151.21,205716,151.280675
2023-02-14 15:48:00+00:00,151.63,151.68,151.42,1841,151.42,232967,151.587762
2023-02-14 15:49:00+00:00,151.73,151.78,151.63,1468,151.64,175262,151.7211
2023-02-14 15:50:00+00:00,151.609,151.74,151.54,1590,151.74,144980,151.643002
2023-02-14 15:51:00+00:00,151.546,151.6387,151.43,1674,151.605,175850,151.533503
2023-02-14 15:52:00+00:00,151.56,151.5991,151.38,1233,151.53,146780,151.47498
2023-02-14 15:53:00+00:00,151.485,151.59,151.43,961,151.56,95548,151.509329
2023-02-14 15:54:00+00:00,151.49,151.505,151.27,1401,151.505,138375,151.37743
2023-02-14 15:55:00+00:00,151.49,151.5,151.32,973,151.487,87058,151.403113
2023-02-14 15:56:00+00:00,151.61,151.6487,151.48,1318,151.4945,115587,151.577959
2023-02-14 15:57:00+00:00,151.64,151.74,151.58,1364,151.61,138501,151.646569
2023-02-14 15:58:00+00:00,151.85,151.9,151.595,1658,151.67,164353,151.753997
2023-02-14 15:59:00+00:00,151.87,151.97,151.79,1683,151.84,178252,151.87398
2023-02-14 16:00:00+00:00,152.18,152.26,151.82,2642,151.88,274210,152.077839
2023-02-14 16:01:00+00:00,152.41,152.495,152.18,1788,152.18,206121,152.372376
2023-02-14 16:02:00+00:00,152.32,152.4,152.185,1660,152.39,170770,152.273921
2023-02-14 16:03:00+00:00,152.26,152.33,152.12,1068,152.32,112721,152.243659
2023-02-14 16:04:00+00:00,152.18,152.36,152.15,898,152.2622,105918,152.254115
2023-02-14 16:05:00+00:00,152.21,152.23,152.1,1023,152.17,118111,152.157797
2023-02-14 16:06:00+00:00,152.276,152.3,152.12,869,152.2,110797,152.218616
2023-02-14 16:07:00+00:00,152.39,152.46,152.27,1266,152.28,148111,152.366036
2023-02-14 16:08:00+00:00,152.265,152.41,152.22,912,152.3844,105223,152.288041
2023-02-14 16:09:00+00:00,151.99,152.35,151.9888,1492,152.27,170099,152.142093
2023-02-14 16:10:00+00:00,152.13,152.16,152.005,811,152.01,107578,152.107045
2023-02-14 16:11:00+00:00,152.12,152.155,151.97,1154,152.12,110173,152.092152
2023-02-14 16:12:00+00:00,152.0499,152.19,152.03,944,152.12,97107,152.111734
2023-02-14 16:13:00+00:00,151.965,152.086,151.91,1127,152.04,119618,151.988494
2023-02-14 16:14:00+00:00,152.04,152.07,151.9,714,151.97,85284,151.98847
2023-02-14 16:15:00+00:00,152.07,152.0753,151.95,780,152.03,97998,152.012987
2023-02-14 16:16:00+00:00,152.03,152.2016,152.01,921,152.07,110858,152.133491
2023-02-14 16:17:00+00:00,152.08,152.16,151.96,991,152.025,97609,152.055394
2023-02-14 16:18:00+00:00,152.29,152.35,152.0701,1142,152.0803,147976,152.261342
2023-02-14 16:19:00+00:00,152.3001,152.39,152.24,947,152.3,105841,152.31884
2023-02-14 16:20:00+00:00,152.24,152.32,152.16,760,152.305,64521,152.239557
2023-02-14 16:21:00+00:00,152.31,152.36,152.18,816,152.25,68330,152.282159
2023-02-14 16:22:00+00:00,152.29,152.39,152.14,1034,152.32,95285,152.273684
2023-02-14 16:23:00+00:00,152.42,152.43,152.2601,800,152.2601,91865,152.347759
2023-02-14 16:24:00+00:00,152.5,152.53,152.31,919,152.4184,88150,152.422587
2023-02-14 16:25:00+00:00,152.37,152.59,152.3248,1419,152.51,159834,152.497986
2023-02-14 16:26:00+00:00,152.035,152.3884,151.92,2080,152.3793,244571,152.124821
2023-02-14 16:27:00+00:00,152.07,152.1118,151.91,1388,152.0327,157851,152.010687
2023-02-14 16:28:00+00:00,151.6132,152.105,151.5884,1952,152.08,213795,151.822245
2023-02-14 16:29:00+00:00,151.5418,151.61,151.44,1663,151.6099,207381,151.529967
2023-02-14 16:30:00+00:00,151.34,151.56,151.24,2915,151.55,279404,151.361771
2023-02-14 16:31:00+00:00,151.32,151.515,151.28,1819,151.34,188061,151.398974
2023-02-14 16:32:00+00:00,151.31,151.48,151.26,1714,151.32,153595,151.356149
2023-02-14 16:33:00+00:00,151.21,151.44,151.21,1180,151.32,106175,151.348697
2023-02-14 16:34:00+00:00,151.21,151.28,151.12,1375,151.21,152239,151.204951
2023-02-14 16:35:00+00:00,151.4651,151.485,151.14,1186,151.21,131680,151.357907
2023-02-14 16:36:00+00:00,151.46,151.47,151.33,1099,151.46,117252,151.405316
2023-02-14 16:37:00+00:00,151.39,151.56,151.34,1273,151.46,148876,151.458342
2023-02-14 16:38:00+00:00,151.31,151.49,151.25,1339,151.415,138867,151.348259
2023-02-14 16:39:00+00:00,151.33,151.44,151.27,832,151.3,93855,151.362616
2023-02-14 16:40:00+00:00,151.25,151.386,151.16,901,151.35,88649,151.252156
2023-02-14 16:41:00+00:00,151.29,151.38,151.2301,786,151.24,83242,151.29906
2023-02-14 16:42:00+00:00,151.23,151.3344,151.09,1198,151.28,127059,151.21654
2023-02-14 16:43:00+00:00,151.04,151.28,151.04,1140,151.22,112290,151.154077
2023-02-14 16:44:00+00:00,151.14,151.175,151.04,860,151.04,79703,151.12633
2023-02-14 16:45:00+00:00,151.22,151.26,151.1,1018,151.13,92156,151.184001
2023-02-14 16:46:00+00:00,151.345,151.4133,151.18,1079,151.23,101047,151.317425
2023-02-14 16:47:00+00:00,151.2985,151.4397,151.24,1047,151.3486,93174,151.326675
2023-02-14 16:48:00+00:00,151.47,151.4886,151.28,733,151.3,66644,151.392253
2023-02-14 16:49:00+00:00,151.54,151.72,151.46,1232,151.4774,141124,151.585989
2023-02-14 16:50:00+00:00,151.47,151.57,151.36,1032,151.53,109652,151.464474
2023-02-14 16:51:00+00:00,151.43,151.495,151.3329,796,151.46,69995,151.408476
2023-02-14 16:52:00+00:00,151.44,151.4975,151.4,558,151.46,55966,151.446856
2023-02-14 16:53:00+00:00,151.255,151.4923,151.17,1499,151.4386,167003,151.299953
2023-02-14 16:54:00+00:00,151.55,151.6,151.19,843,151.25,93840,151.37401
2023-02-14 16:55:00+00:00,151.5444,151.57,151.44,565,151.56,50501,151.520117
2023-02-14 16:56:00+00:00,151.54,151.7,151.49,1097,151.49,117109,151.620949
2023-02-14 16:57:00+00:00,151.4249,151.54,151.38,1018,151.5,110762,151.454556
2023-02-14 16:58:00+00:00,151.55,151.55,151.36,654,151.43,72528,151.464175
2023-02-14 16:59:00+00:00,151.7,151.83,151.53,1234,151.53,167982,151.686686
2023-02-14 17:00:00+00:00,151.627,151.7299,151.57,840,151.695,116377,151.65126
2023-02-14 17:01:00+00:00,151.89,151.91,151.58,1553,151.63,126034,151.737109
2023-02-14 17:02:00+00:00,151.69,151.88,151.67,1481,151.88,118908,151.768911
2023-02-14 17:03:00+00:00,151.78,151.81,151.65,1071,151.69,83305,151.743143
2023-02-14 17:04:00+00:00,151.68,151.78,151.67,598,151.78,57420,151.743739
2023-02-14 17:05:00+00:00,151.72,151.73,151.58,750,151.68,71012,151.648942
2023-02-14 17:06:00+00:00,151.64,151.785,151.63,713,151.73,56204,151.691808
2023-02-14 17:07:00+00:00,151.76,151.78,151.62,660,151.6251,70964,151.722618
2023-02-14 17:08:00+00:00,151.8202,151.8207,151.74,744,151.76,74962,151.774297
2023-02-14 17:09:00+00:00,151.83,151.87,151.725,693,151.81,62093,151.808987
2023-02-14 17:10:00+00:00,152.08,152.12,151.788,1556,151.83,162334,151.99796
2023-02-14 17:11:00+00:00,151.96,152.12,151.94,858,152.0735,92046,152.029479
2023-02-14 17:12:00+00:00,152.01,152.0399,151.9312,667,151.98,76164,151.979509
2023-02-14 17:13:00+00:00,151.98,152.1,151.95,787,152.03,76700,152.022052
2023-02-14 17:14:00+00:00,151.97,152.01,151.92,697,151.99,93153,151.960053
2023-02-14 17:15:00+00:00,152.0488,152.075,151.9488,616,151.96,74019,152.028375
2023-02-14 17:16:00+00:00,152.02,152.075,151.9,690,152.05,79443,151.977409
2023-02-14 17:17:00+00:00,151.94,152.095,151.88,1219,152.02,136250,151.989466
2023-02-14 17:18:00+00:00,151.915,152.06,151.89,1108,151.95,133899,151.975674
2023-02-14 17:19:00+00:00,152.02,152.05,151.9101,516,151.9114,59231,151.98248
2023-02-14 17:20:00+00:00,152.11,152.11,151.98,627,152.025,79554,152.037374
2023-02-14 17:21:00+00:00,151.99,152.23,151.956,1091,152.1,105617,152.092367
2023-02-14 17:22:00+00:00,151.963,152.04,151.89,759,152.0,93139,151.967154
2023-02-14 17:23:00+00:00,151.9101,152.03,151.9,564,151.97,47157,151.970084
2023-02-14 17:24:00+00:00,151.81,151.94,151.81,703,151.92,63293,151.88023
2023-02-14 17:25:00+00:00,151.94,151.99,151.8,693,151.81,87346,151.898553
2023-02-14 17:26:00+00:00,151.96,152.01,151.91,814,151.93,84051,151.963277
2023-02-14 17:27:00+00:00,152.055,152.11,151.95,591,151.95,66857,152.046472
2023-02-14 17:28:00+00:00,151.9435,152.09,151.93,647,152.045,51947,152.018322
2023-02-14 17:29:00+00:00,151.8899,151.9846,151.86,603,151.94,61827,151.925831
2023-02-14 17:30:00+00:00,151.91,151.965,151.82,706,151.8853,68857,151.902404
2023-02-14 17:31:00+00:00,152.0333,152.0372,151.86,563,151.9001,52195,151.972676
2023-02-14 17:32:00+00:00,151.98,152.115,151.96,820,152.03,79446,152.018534
2023-02-14 17:33:00+00:00,152.27,152.28,151.9866,785,151.99,77617,152.175072
2023-02-14 17:34:00+00:00,152.29,152.34,152.2362,707,152.26,77818,152.285255
2023-02-14 17:35:00+00:00,152.17,152.29,152.17,617,152.29,55830,152.222055
2023-02-14 17:36:00+00:00,152.11,152.205,152.04,682,152.1716,65902,152.107827
2023-02-14 17:37:00+00:00,151.97,152.11,151.9301,733,152.1,82410,152.004173
2023-02-14 17:38:00+00:00,151.8804,151.9891,151.8799,652,151.96,63952,151.941876
2023-02-14 17:39:00+00:00,151.955,151.96,151.876,497,151.89,57441,151.922534
2023-02-14 17:40:00+00:00,152.0199,152.05,151.88,659,151.95,81218,151.976724
2023-02-14 17:41:00+00:00,151.93,152.0359,151.9101,608,152.02,69277,151.997975
2023-02-14 17:42:00+00:00,152.1201,152.13,151.8936,622,151.935,82345,152.020206
2023-02-14 17:43:00+00:00,151.93,152.16,151.91,610,152.13,59901,152.038561
2023-02-14 17:44:00+00:00,151.9553,152.0,151.89,629,151.93,73591,151.932568
2023-02-14 17:45:00+00:00,152.0,152.01,151.89,684,151.96,70109,151.961685
2023-02-14 17:46:00+00:00,152.03,152.06,151.96,476,152.0,58382,152.002677
2023-02-14 17:47:00+00:00,152.03,152.0999,152.0001,469,152.02,48423,152.041834
2023-02-14 17:48:00+00:00,152.005,152.028,151.9,575,152.025,68434,151.95132
2023-02-14 17:49:00+00:00,152.02,152.09,151.97,493,152.01,55566,152.043737
2023-02-14 17:50:00+00:00,151.9,152.02,151.87,669,152.02,54999,151.920988
2023-02-14 17:51:00+00:00,151.92,151.9221,151.83,629,151.9083,52076,151.873857
2023-02-14 17:52:00+00:00,151.9,151.977,151.84,526,151.93,40588,151.913653
2023-02-14 17:53:00+00:00,151.83,151.88,151.75,829,151.88,118710,151.797136
2023-02-14 17:54:00+00:00,151.92,151.9219,151.835,587,151.835,78218,151.881655
2023-02-14 17:55:00+00:00,151.955,152.0,151.9116,595,151.92,52580,151.96003
2023-02-14 17:56:00+00:00,152.105,152.2,151.9224,1105,151.95,129156,152.091344
2023-02-14 17:57:00+00:00,152.17,152.2199,152.11,661,152.12,71732,152.16684
2023-02-14 17:58:00+00:00,152.15,152.18,152.05,635,152.169,64045,152.126092
2023-02-14 17:59:00+00:00,152.105,152.18,152.1,445,152.15,46016,152.139966
2023-02-14 18:00:00+00:00,152.3,152.34,152.06,1072,152.11,101208,152.204019
2023-02-14 18:01:00+00:00,152.64,152.65,152.2101,2041,152.305,211387,152.443683
2023-02-14 18:02:00+00:00,152.8,152.9,152.61,2622,152.66,249173,152.770197
2023-02-14 18:03:00+00:00,152.72,152.82,152.6974,844,152.79,79474,152.748907
2023-02-14 18:04:00+00:00,152.79,152.89,152.71,904,152.7111,88293,152.823482
2023-02-14 18:05:00+00:00,152.9,152.96,152.78,935,152.78,111798,152.873302
2023-02-14 18:06:00+00:00,152.99,153.02,152.87,1564,152.905,187808,152.962889
2023-02-14 18:07:00+00:00,152.88,153.11,152.8395,1241,152.9837,154544,152.973821
2023-02-14 18:08:00+00:00,152.91,152.9379,152.86,788,152.89,79180,152.892093
2023-02-14 18:09:00+00:00,152.8699,152.9849,152.86,866,152.905,92918,152.916604
2023-02-14 18:10:00+00:00,152.8001,152.9286,152.75,1104,152.87,140230,152.843694
2023-02-14 18:11:00+00:00,152.72,152.84,152.67,746,152.8,78740,152.738617
2023-02-14 18:12:00+00:00,152.74,152.76,152.64,627,152.74,56594,152.694451
2023-02-14 18:13:00+00:00,152.77,152.79,152.7,717,152.73,74668,152.751812
2023-02-14 18:14:00+00:00,152.765,152.81,152.7085,768,152.765,71723,152.762822
2023-02-14 18:15:00+00:00,152.78,152.88,152.7301,875,152.79,88653,152.799504
2023-02-14 18:16:00+00:00,152.8358,152.88,152.68,729,152.77,64449,152.769265
2023-02-14 18:17:00+00:00,153.1,153.15,152.78,1983,152.83,180767,152.96172
2023-02-14 18:18:00+00:00,152.95,153.22,152.94,1371,153.11,151930,153.066681
2023-02-14 18:19:00+00:00,152.89,153.0,152.85,904,152.95,99083,152.910532
2023-02-14 18:20:00+00:00,152.94,153.0,152.84,793,152.895,84968,152.953417
2023-02-14 18:21:00+00:00,152.895,153.065,152.87,960,152.945,106186,152.974068
2023-02-14 18:22:00+00:00,152.9397,152.9599,152.825,577,152.9,77446,152.894277
2023-02-14 18:23:00+00:00,152.8789,152.96,152.845,675,152.9359,86184,152.908014
2023-02-14 18:24:00+00:00,152.83,152.92,152.74,1032,152.88,98135,152.817635
2023-02-14 18:25:00+00:00,152.79,152.86,152.77,584,152.8201,64543,152.805107
2023-02-14 18:26:00+00:00,152.715,152.815,152.68,900,152.815,82752,152.730617
2023-02-14 18:27:00+00:00,152.609,152.7399,152.59,1011,152.71,124161,152.640694
2023-02-14 18:28:00+00:00,152.8004,152.81,152.6299,686,152.6299,85663,152.736166
2023-02-14 18:29:00+00:00,152.75,152.82,152.73,403,152.8,28932,152.770856
2023-02-14 18:30:00+00:00,152.78,152.87,152.77,939,152.77,63398,152.825947
2023-02-14 18:31:00+00:00,152.8,152.84,152.7,591,152.775,55322,152.78762
2023-02-14 18:32:00+00:00,152.83,152.87,152.72,546,152.804,55620,152.79602
2023-02-14 18:33:00+00:00,152.81,152.85,152.71,635,152.83,64725,152.78258
2023-02-14 18:34:00+00:00,152.82,152.8779,152.8,519,152.82,59923,152.837526
2023-02-14 18:35:00+00:00,152.9188,153.0,152.825,675,152.825,73011,152.921276
2023-02-14 18:36:00+00:00,152.99,152.99,152.86,594,152.9186,51913,152.93
2023-02-14 18:37:00+00:00,152.83,152.9739,152.78,668,152.972,65765,152.870128
2023-02-14 18:38:00+00:00,152.9084,152.92,152.83,628,152.83,64270,152.875677
2023-02-14 18:39:00+00:00,152.95,153.01,152.91,765,152.91,71099,152.97431
2023-02-14 18:40:00+00:00,153.0,153.0559,152.95,711,152.97,77191,153.00375
2023-02-14 18:41:00+00:00,152.78,152.995,152.735,964,152.995,118706,152.847819
2023-02-14 18:42:00+00:00,152.83,152.9,152.7501,567,152.77,56547,152.816389
2023-02-14 18:43:00+00:00,152.8124,152.8975,152.76,515,152.835,34063,152.833331
2023-02-14 18:44:00+00:00,152.55,152.84,152.53,1235,152.82,120044,152.660204
2023-02-14 18:45:00+00:00,152.62,152.6745,152.55,924,152.57,83917,152.61375
2023-02-14 18:46:00+00:00,152.87,152.87,152.615,666,152.62,72344,152.764583
2023-02-14 18:47:00+00:00,152.875,152.9299,152.8201,598,152.85,59875,152.881302
2023-02-14 18:48:00+00:00,152.88,152.96,152.845,580,152.8601,62327,152.915935
2023-02-14 18:49:00+00:00,152.87,152.95,152.8501,488,152.87,58351,152.893632
2023-02-14 18:50:00+00:00,152.94,152.9603,152.86,554,152.875,61614,152.924757
2023-02-14 18:51:00+00:00,152.85,152.93,152.78,610,152.93,95190,152.594494
2023-02-14 18:52:00+00:00,152.93,152.96,152.85,445,152.86,48351,152.914022
2023-02-14 18:53:00+00:00,152.9775,153.015,152.88,545,152.92,51089,152.952747
2023-02-14 18:54:00+00:00,152.9799,152.98,152.9215,432,152.975,39639,152.954782
2023-02-14 18:55:00+00:00,153.13,153.155,152.98,827,152.98,105379,153.093383
2023-02-14 18:56:00+00:00,153.0934,153.21,153.06,599,153.12,70618,153.136572
2023-02-14 18:57:00+00:00,153.01,153.0999,153.01,526,153.09,56397,153.065518
2023-02-14 18:58:00+00:00,152.9074,153.02,152.88,769,153.0,86814,152.939648
2023-02-14 18:59:00+00:00,153.04,153.045,152.84,1027,152.89,100631,152.958431
2023-02-14 19:00:00+00:00,152.8957,153.0599,152.815,932,153.04,84680,152.934016
2023-02-14 19:01:00+00:00,152.97,153.05,152.85,948,152.89,103682,152.959157
2023-02-14 19:02:00+00:00,153.096,153.1209,152.975,1206,152.9858,115072,153.080372
2023-02-14 19:03:00+00:00,153.19,153.3,153.0901,1572,153.11,173236,153.217358
2023-02-14 19:04:00+00:00,153.12,153.25,153.095,731,153.1801,76679,153.17074
2023-02-14 19:05:00+00:00,152.81,153.122,152.58,2744,153.12,250846,152.781325
2023-02-14 19:06:00+00:00,152.74,152.82,152.63,897,152.82,75031,152.733288
2023-02-14 19:07:00+00:00,152.4679,152.77,152.43,1296,152.75,151088,152.57606
2023-02-14 19:08:00+00:00,152.66,152.69,152.48,809,152.48,99295,152.598636
2023-02-14 19:09:00+00:00,152.6802,152.75,152.64,802,152.6574,80507,152.694092
2023-02-14 19:10:00+00:00,152.77,152.86,152.7,636,152.7,72303,152.795372
2023-02-14 19:11:00+00:00,152.81,152.83,152.7,553,152.78,63410,152.772703
2023-02-14 19:12:00+00:00,152.8,152.85,152.75,603,152.79,62261,152.804366
2023-02-14 19:13:00+00:00,152.77,152.85,152.73,468,152.8,44209,152.789917
2023-02-14 19:14:00+00:00,152.81,152.84,152.76,405,152.76,39277,152.802209
2023-02-14 19:15:00+00:00,152.89,152.93,152.79,688,152.8,75420,152.876868
2023-02-14 19:16:00+00:00,152.94,152.9656,152.8701,526,152.8798,63825,152.921997
2023-02-14 19:17:00+00:00,152.96,152.97,152.8642,606,152.93,70675,152.923072
2023-02-14 19:18:00+00:00,153.07,153.095,152.92,781,152.95,93883,153.03374
2023-02-14 19:19:00+00:00,153.02,153.094,152.99,584,153.07,57952,153.053477
2023-02-14 19:20:00+00:00,153.08,153.12,152.96,602,153.01,55460,153.052715
2023-02-14 19:21:00+00:00,153.13,153.17,153.06,553,153.0799,60892,153.121578
2023-02-14 19:22:00+00:00,153.03,153.13,153.02,579,153.13,64450,153.074446
2023-02-14 19:23:00+00:00,153.122,153.1346,153.015,454,153.04,39940,153.075064
2023-02-14 19:24:00+00:00,153.1375,153.2,153.115,606,153.13,64693,153.153553
2023-02-14 19:25:00+00:00,153.082,153.2,153.07,554,153.14,49082,153.127854
2023-02-14 19:26:00+00:00,153.05,153.13,152.95,733,153.09,112647,153.045925
2023-02-14 19:27:00+00:00,153.0441,153.12,153.04,464,153.06,41612,153.077431
2023-02-14 19:28:00+00:00,153.12,153.158,153.05,650,153.0591,55796,153.098222
2023-02-14 19:29:00+00:00,153.135,153.19,153.09,481,153.13,51742,153.143562
2023-02-14 19:30:00+00:00,153.2,153.218,153.125,542,153.13,54998,153.171497
2023-02-14 19:31:00+00:00,153.3,153.39,153.18,1389,153.21,149439,153.301725
2023-02-14 19:32:00+00:00,153.375,153.3874,153.29,786,153.29,96262,153.33641
2023-02-14 19:33:00+00:00,153.289,153.38,153.2511,579,153.37,54328,153.313462
2023-02-14 19:34:00+00:00,153.4378,153.44,153.28,1067,153.28,91373,153.38117
2023-02-14 19:35:00+00:00,153.405,153.52,153.3801,1330,153.4446,132809,153.468553
2023-02-14 19:36:00+00:00,153.5099,153.53,153.34,693,153.41,69499,153.430472
2023-02-14 19:37:00+00:00,153.51,153.57,153.45,798,153.5,86592,153.512856
2023-02-14 19:38:00+00:00,153.385,153.52,153.3791,675,153.505,83896,153.468389
2023-02-14 19:39:00+00:00,153.3399,153.3999,153.3,767,153.382,61367,153.356594
2023-02-14 19:40:00+00:00,153.398,153.398,153.3229,533,153.335,43313,153.35939
2023-02-14 19:41:00+00:00,153.39,153.47,153.35,597,153.39,60950,153.415893
2023-02-14 19:42:00+00:00,153.42,153.44,153.3643,481,153.3815,34439,153.412187
2023-02-14 19:43:00+00:00,153.365,153.44,153.31,710,153.41,59699,153.380861
2023-02-14 19:44:00+00:00,153.36,153.4035,153.32,512,153.36,44788,153.361329
2023-02-14 19:45:00+00:00,153.3599,153.46,153.3301,780,153.36,71444,153.391377
2023-02-14 19:46:00+00:00,153.355,153.3955,153.3,574,153.36,40528,153.349162
2023-02-14 19:47:00+00:00,153.48,153.52,153.36,918,153.36,84863,153.463838
2023-02-14 19:48:00+00:00,153.44,153.5,153.42,498,153.4801,46425,153.454862
2023-02-14 19:49:00+00:00,153.45,153.5,153.39,514,153.44,51738,153.453313
2023-02-14 19:50:00+00:00,153.5203,153.54,153.43,718,153.46,77656,153.491016
2023-02-14 19:51:00+00:00,153.3697,153.53,153.36,713,153.52,82560,153.454953
2023-02-14 19:52:00+00:00,153.325,153.37,153.26,821,153.36,83451,153.312362
2023-02-14 19:53:00+00:00,153.245,153.31,153.181,719,153.31,70896,153.23465
2023-02-14 19:54:00+00:00,153.2722,153.3039,153.25,446,153.25,42666,153.282257
2023-02-14 19:55:00+00:00,153.22,153.295,153.22,622,153.2839,73748,153.261562
2023-02-14 19:56:00+00:00,153.28,153.31,153.1601,804,153.22,79781,153.240629
2023-02-14 19:57:00+00:00,153.265,153.37,153.2521,526,153.28,51376,153.316735
2023-02-14 19:58:00+00:00,153.258,153.3,153.23,538,153.265,53056,153.268405
2023-02-14 19:59:00+00:00,153.24,153.289,153.214,424,153.25,31977,153.254029
2023-02-14 20:00:00+00:00,153.27,153.328,153.225,532,153.245,45731,153.27393
2023-02-14 20:01:00+00:00,153.4,153.42,153.27,713,153.3,67112,153.352851
2023-02-14 20:02:00+00:00,153.33,153.47,153.33,790,153.4,103742,153.423629
2023-02-14 20:03:00+00:00,153.27,153.37,153.26,696,153.3424,68408,153.310684
2023-02-14 20:04:00+00:00,153.2922,153.33,153.2445,667,153.28,58357,153.28616
2023-02-14 20:05:00+00:00,153.19,153.3091,153.19,726,153.3,57634,153.24651
2023-02-14 20:06:00+00:00,153.28,153.3299,153.15,740,153.185,61477,153.258785
2023-02-14 20:07:00+00:00,153.27,153.31,153.24,668,153.28,42401,153.26583
2023-02-14 20:08:00+00:00,153.245,153.28,153.2087,708,153.27,53376,153.255627
2023-02-14 20:09:00+00:00,153.21,153.25,153.15,785,153.24,70847,153.202661
2023-02-14 20:10:00+00:00,153.01,153.2059,152.9499,1402,153.2059,136896,153.034522
2023-02-14 20:11:00+00:00,153.18,153.18,153.02,716,153.02,84019,153.089359
2023-02-14 20:12:00+00:00,153.225,153.23,153.11,750,153.1799,68844,153.177843
2023-02-14 20:13:00+00:00,153.305,153.33,153.22,844,153.23,102059,153.290349
2023-02-14 20:14:00+00:00,153.28,153.33,153.27,596,153.31,57480,153.30238
2023-02-14 20:15:00+00:00,153.255,153.34,153.2,777,153.3,64792,153.2457
2023-02-14 20:16:00+00:00,153.24,153.31,153.22,620,153.2601,64569,153.256151
2023-02-14 20:17:00+00:00,153.2187,153.28,153.18,749,153.24,63447,153.227632
2023-02-14 20:18:00+00:00,153.33,153.38,153.2001,1038,153.225,87449,153.29107
2023-02-14 20:19:00+00:00,153.255,153.345,153.2139,856,153.33,69453,153.29474
2023-02-14 20:20:00+00:00,153.175,153.3,153.15,1224,153.249,100757,153.230514
2023-02-14 20:21:00+00:00,153.26,153.295,153.18,883,153.18,70752,153.24398
2023-02-14 20:22:00+00:00,153.2741,153.305,153.22,917,153.25,85434,153.283394
2023-02-14 20:23:00+00:00,153.28,153.3101,153.25,859,153.28,76483,153.285902
2023-02-14 20:24:00+00:00,153.315,153.325,153.275,871,153.28,74404,153.308779
2023-02-14 20:25:00+00:00,153.32,153.35,153.28,1024,153.31,101141,153.326775
2023-02-14 20:26:00+00:00,153.33,153.34,153.24,965,153.32,63213,153.292208
2023-02-14 20:27:00+00:00,153.29,153.39,153.23,1000,153.34,86092,153.311243
2023-02-14 20:28:00+00:00,153.23,153.29,153.21,847,153.285,68961,153.255193
2023-02-14 20:29:00+00:00,153.265,153.29,153.19,771,153.22,67592,153.248028
2023-02-14 20:30:00+00:00,153.27,153.28,153.16,897,153.27,85169,153.221101
2023-02-14 20:31:00+00:00,153.3822,153.41,153.27,1145,153.28,115347,153.365249
2023-02-14 20:32:00+00:00,153.2365,153.38,153.23,968,153.38,76173,153.305047
2023-02-14 20:33:00+00:00,153.21,153.235,153.15,931,153.235,78486,153.189108
2023-02-14 20:34:00+00:00,153.24,153.26,153.1701,835,153.215,78946,153.224126
2023-02-14 20:35:00+00:00,153.23,153.29,153.23,688,153.26,67553,153.261647
2023-02-14 20:36:00+00:00,153.165,153.265,153.14,817,153.2517,68946,153.216329
2023-02-14 20:37:00+00:00,153.27,153.29,153.162,830,153.175,75969,153.245866
2023-02-14 20:38:00+00:00,153.32,153.39,153.27,1069,153.2742,100942,153.329821
2023-02-14 20:39:00+00:00,153.32,153.37,153.15,1731,153.31,142067,153.27636
2023-02-14 20:40:00+00:00,153.345,153.37,153.275,929,153.31,74497,153.33185
2023-02-14 20:41:00+00:00,153.36,153.37,153.27,885,153.355,76482,153.326132
2023-02-14 20:42:00+00:00,153.3884,153.4,153.3152,961,153.36,89577,153.37008
2023-02-14 20:43:00+00:00,153.3897,153.41,153.36,779,153.3813,78803,153.38539
2023-02-14 20:44:00+00:00,153.43,153.49,153.36,1263,153.38,142511,153.436141
2023-02-14 20:45:00+00:00,153.51,153.53,153.3801,1408,153.42,160361,153.466155
2023-02-14 20:46:00+00:00,153.49,153.5231,153.41,1118,153.51,114719,153.485021
2023-02-14 20:47:00+00:00,153.44,153.5,153.386,1048,153.495,100910,153.431415
2023-02-14 20:48:00+00:00,153.48,153.49,153.375,928,153.43,87014,153.440648
2023-02-14 20:49:00+00:00,153.47,153.565,153.45,1030,153.48,108334,153.504945
2023-02-14 20:50:00+00:00,153.41,153.465,153.22,2328,153.465,197813,153.320041
2023-02-14 20:51:00+00:00,153.3717,153.48,153.31,1605,153.4016,154139,153.400294
2023-02-14 20:52:00+00:00,153.37,153.45,153.32,1319,153.37,113917,153.383523
2023-02-14 20:53:00+00:00,153.47,153.53,153.37,1302,153.38,116112,153.461653
2023-02-14 20:54:00+00:00,153.51,153.52,153.3,2350,153.465,206480,153.427844
2023-02-14 20:55:00+00:00,153.65,153.73,153.52,3570,153.52,358642,153.633236
2023-02-14 20:56:00+00:00,153.42,153.665,153.42,2148,153.655,228117,153.550489
2023-02-14 20:57:00+00:00,153.38,153.45,153.31,2392,153.43,260251,153.376727
2023-02-14 20:58:00+00:00,153.28,153.38,153.18,3776,153.38,425893,153.281121
2023-02-14 20:59:00+00:00,153.1,153.32,153.08,7085,153.28,1127257,153.233153
2023-02-14 21:00:00+00:00,153.06,153.2,153.04,267,153.1399,14487631,153.200501
2023-02-14 21:01:00+00:00,153.09,153.2,153.05,153,153.2,39494,153.154117
2023-02-14 21:02:00+00:00,153.0,153.2,153.0,113,153.09,129473,153.188164
2023-02-14 21:03:00+00:00,152.94,152.96,152.94,82,152.95,5291,152.949151
2023-02-14 21:04:00+00:00,152.85,152.96,152.85,102,152.94,7116,152.925965
2023-02-14 21:05:00+00:00,152.92,152.96,152.85,65,152.85,3613,152.923901
2023-02-14 21:06:00+00:00,152.95,153.2,152.91,67,152.93,16812,153.08061
2023-02-14 21:07:00+00:00,152.93,153.0,152.93,110,152.97,13740,152.973652
2023-02-14 21:08:00+00:00,152.98,152.98,152.93,67,152.94,6011,152.946643
2023-02-14 21:09:00+00:00,152.99,153.0,152.97,68,152.97,4353,152.992571
2023-02-14 21:10:00+00:00,152.95,152.99,152.94,61,152.98,14403,153.125326
2023-02-14 21:11:00+00:00,153.0,153.2,152.99,61,152.99,16457,153.15994
2023-02-14 21:12:00+00:00,153.0,153.0,152.98,34,152.98,2921,152.985991
2023-02-14 21:13:00+00:00,153.0,153.0,153.0,36,153.0,1277,152.999468
2023-02-14 21:14:00+00:00,153.0,153.0,152.99,73,153.0,7067,152.999482
2023-02-14 21:15:00+00:00,152.98,152.99,152.98,44,152.99,955,152.986276
2023-02-14 21:16:00+00:00,152.97,152.97,152.96,24,152.97,1273,152.970664
2023-02-14 21:17:00+00:00,152.99,152.99,152.96,25,152.96,5709,152.967631
2023-02-14 21:18:00+00:00,153.0,153.0,152.99,40,152.99,6751,152.997943
2023-02-14 21:19:00+00:00,153.0,153.0,152.99,27,152.99,643,152.994738
2023-02-14 21:20:00+00:00,153.0,153.0,152.95,75,152.98,5576,152.989561
2023-02-14 21:21:00+00:00,152.99,153.0,152.99,18,153.0,2831,152.998818
2023-02-14 21:22:00+00:00,153.13,153.13,153.0,80,153.0,7574,153.022293
2023-02-14 21:23:00+00:00,153.14,153.15,153.11,44,153.12,1792,153.130279
2023-02-14 21:24:00+00:00,153.13,153.14,153.13,28,153.14,1510,153.133354
2023-02-14 21:25:00+00:00,153.11,153.13,153.11,36,153.13,2174,153.123977
2023-02-14 21:26:00+00:00,153.14,153.14,153.11,36,153.13,1996,153.129577
2023-02-14 21:27:00+00:00,153.14,153.14,153.1382,26,153.1382,1192,153.135378
2023-02-14 21:28:00+00:00,153.16,153.17,153.12,44,153.15,3657,153.137105
2023-02-14 21:29:00+00:00,153.15,153.15,153.15,20,153.15,411,153.15753
2023-02-14 21:30:00+00:00,153.2,153.2,153.2,38,153.2,33374,153.199454
2023-02-14 21:35:00+00:00,153.11,153.15,153.11,35,153.15,912,153.122648
2023-02-14 21:36:00+00:00,153.12,153.13,153.12,17,153.13,641,153.127683
2023-02-14 21:38:00+00:00,153.14,153.2,153.14,46,153.2,9203,153.190997
2023-02-14 21:39:00+00:00,153.1,153.13,153.1,31,153.13,907,153.117749
2023-02-14 21:40:00+00:00,153.17,153.17,153.1,16,153.1,16332,153.18537
2023-02-14 21:41:00+00:00,153.09,153.09,153.09,8,153.09,218,153.093463
2023-02-14 21:42:00+00:00,153.1,153.1582,153.1,25,153.1582,838,153.112047
2023-02-14 21:43:00+00:00,153.07,153.09,153.07,8,153.09,342,153.077485
2023-02-14 21:44:00+00:00,153.1,153.13,153.07,27,153.13,637,153.102653
2023-02-14 21:45:00+00:00,153.07,153.08,153.07,20,153.08,570,153.078454
2023-02-14 21:46:00+00:00,153.14,153.14,153.1385,16,153.1385,628,153.136468
2023-02-14 21:47:00+00:00,153.12,153.12,153.11,19,153.11,722,153.113908
2023-02-14 21:48:00+00:00,153.14,153.14,153.11,9,153.12,1175,153.134773
2023-02-14 21:51:00+00:00,153.14,153.14,153.14,24,153.14,380,153.139382
2023-02-14 21:52:00+00:00,153.14,153.14,153.1399,13,153.1399,253,153.135692
2023-02-14 21:54:00+00:00,153.1134,153.1134,153.1134,9,153.1134,340,152.43103
2023-02-14 21:55:00+00:00,153.15,153.15,153.1496,13,153.1496,252,153.147575
2023-02-14 21:56:00+00:00,153.13,153.13,153.11,23,153.12,2713,153.120745
2023-02-14 21:57:00+00:00,153.1,153.13,153.1,9,153.13,998,153.119028
2023-02-14 21:58:00+00:00,153.09,153.12,153.0717,25,153.0717,2039,153.09987
2023-02-14 22:01:00+00:00,153.1,153.1,153.08,22,153.08,214941,153.199693
2023-02-14 22:02:00+00:00,153.02,153.02,153.02,21,153.02,417,153.039125
2023-02-14 22:03:00+00:00,153.0166,153.08,153.0166,14,153.068,2282,153.075145
2023-02-14 22:05:00+00:00,153.04,153.04,153.04,10,153.04,319,153.041505
2023-02-14 22:06:00+00:00,153.06,153.06,153.06,18,153.06,365,153.061534
2023-02-14 22:08:00+00:00,153.03,153.07,153.03,11,153.07,1330,153.060782
2023-02-14 22:10:00+00:00,153.03,153.03,153.03,16,153.03,325,153.04
2023-02-14 22:12:00+00:00,153.06,153.06,153.06,14,153.06,329,153.057167
2023-02-14 22:13:00+00:00,153.06,153.06,153.06,14,153.06,268,153.063358
2023-02-14 22:14:00+00:00,153.06,153.06,153.06,11,153.06,162,153.060617
2023-02-14 22:15:00+00:00,153.0892,153.0892,153.07,13,153.07,362,153.075552
2023-02-14 22:17:00+00:00,153.07,153.07,153.07,25,153.07,456,153.07136
2023-02-14 22:18:00+00:00,153.05,153.07,153.05,24,153.07,1982,153.06334
2023-02-14 22:19:00+00:00,153.09,153.09,153.09,13,153.09,274,153.081478
2023-02-14 22:20:00+00:00,153.1,153.1,153.1,11,153.1,131,153.099695
2023-02-14 22:21:00+00:00,153.09,153.0984,153.09,24,153.0984,4784,153.090021
2023-02-14 22:22:00+00:00,153.11,153.11,153.1032,15,153.1032,471,153.104926
2023-02-14 22:23:00+00:00,153.11,153.11,153.0914,20,153.11,551,153.107012
2023-02-14 22:24:00+00:00,153.12,153.12,153.08,16,153.1,527,153.09871
2023-02-14 22:25:00+00:00,153.05,153.12,153.05,12,153.055,337,153.076571
2023-02-14 22:26:00+00:00,153.1,153.1,153.07,13,153.07,443,153.084289
2023-02-14 22:29:00+00:00,153.11,153.11,153.11,8,153.11,222,153.113333
2023-02-14 22:30:00+00:00,153.1,153.1,153.1,22,153.1,384,153.102734
2023-02-14 22:32:00+00:00,153.03,153.03,153.03,24,153.03,2166,153.035338
2023-02-14 22:34:00+00:00,153.0461,153.0461,153.0461,23,153.0461,277,153.045993
2023-02-14 22:37:00+00:00,153.08,153.08,153.08,12,153.08,419,153.084156
2023-02-14 22:41:00+00:00,153.13,153.13,153.12,13,153.12,1278,153.123255
2023-02-14 22:44:00+00:00,153.12,153.12,153.12,16,153.12,329,153.116793
2023-02-14 22:45:00+00:00,153.12,153.12,153.12,11,153.12,898,153.120045
2023-02-14 22:46:00+00:00,153.13,153.13,153.12,16,153.12,1332,153.12756
2023-02-14 22:47:00+00:00,153.13,153.13,153.13,26,153.13,4138,153.129877
2023-02-14 22:48:00+00:00,153.12,153.12,153.12,12,153.12,808,153.120625
2023-02-14 22:49:00+00:00,153.13,153.13,153.13,32,153.13,1304,153.129804
2023-02-14 22:50:00+00:00,153.13,153.13,153.13,26,153.13,3860,153.129996
2023-02-14 22:52:00+00:00,153.15,153.15,153.15,22,153.15,1069,153.149785
2023-02-14 22:53:00+00:00,153.17,153.17,153.17,18,153.17,1137,153.170515
2023-02-14 22:54:00+00:00,153.19,153.2,153.17,56,153.1763,5631,153.193886
2023-02-14 22:55:00+00:00,153.19,153.19,153.19,16,153.19,390,153.185474
2023-02-14 22:56:00+00:00,153.18,153.19,153.18,15,153.18,658,153.181611
2023-02-14 22:58:00+00:00,153.18,153.18,153.18,9,153.18,413,153.180097
2023-02-14 22:59:00+00:00,153.18,153.18,153.18,19,153.18,2001,153.18032
2023-02-14 23:00:00+00:00,153.12,153.2,153.12,28,153.2,2123,153.16276
2023-02-14 23:01:00+00:00,153.1799,153.1799,153.12,17,153.14,2862,153.130038
2023-02-14 23:02:00+00:00,153.17,153.17,153.15,27,153.15,1303,153.152832
2023-02-14 23:05:00+00:00,153.13,153.16,153.13,32,153.16,1429,153.139521
2023-02-14 23:07:00+00:00,153.19,153.19,153.19,11,153.19,339,153.169617
2023-02-14 23:09:00+00:00,153.15,153.15,153.14,13,153.14,253,153.144545
2023-02-14 23:10:00+00:00,153.19,153.19,153.15,21,153.15,852,153.163146
2023-02-14 23:11:00+00:00,153.19,153.19,153.19,13,153.19,338,153.187441
2023-02-14 23:12:00+00:00,153.13,153.14,153.13,21,153.14,1717,153.13461
2023-02-14 23:13:00+00:00,153.12,153.12,153.12,22,153.12,526,153.12884
2023-02-14 23:15:00+00:00,153.14,153.14,153.12,26,153.13,1603,153.130153
2023-02-14 23:16:00+00:00,153.13,153.13,153.1,35,153.12,1701,153.121188
2023-02-14 23:17:00+00:00,153.13,153.13,153.13,22,153.13,1781,153.129921
2023-02-14 23:18:00+00:00,153.08,153.1,153.08,13,153.08,2007,153.083911
2023-02-14 23:19:00+00:00,153.08,153.08,153.08,14,153.08,381,153.078491
2023-02-14 23:20:00+00:00,153.07,153.08,153.06,22,153.06,3666,153.075522
2023-02-14 23:21:00+00:00,153.09,153.12,153.09,11,153.12,270,153.097816
2023-02-14 23:22:00+00:00,153.15,153.15,153.12,6,153.12,223,153.134215
2023-02-14 23:24:00+00:00,153.12,153.12,153.12,9,153.12,2616,153.119688
2023-02-14 23:26:00+00:00,153.13,153.13,153.12,24,153.12,2455,153.122024
2023-02-14 23:27:00+00:00,153.13,153.13,153.13,10,153.13,315,153.130413
2023-02-14 23:28:00+00:00,153.09,153.14,153.09,21,153.14,942,153.106093
2023-02-14 23:30:00+00:00,153.09,153.09,153.08,15,153.09,835,153.088413
2023-02-14 23:31:00+00:00,153.09,153.09,153.09,14,153.09,446,153.087085
2023-02-14 23:34:00+00:00,153.09,153.09,153.09,21,153.09,1301,153.089973
2023-02-14 23:35:00+00:00,153.09,153.09,153.09,21,153.09,1794,153.089705
2023-02-14 23:36:00+00:00,153.09,153.09,153.08,10,153.08,315,153.086746
2023-02-14 23:37:00+00:00,153.08,153.08,153.08,7,153.08,198,153.084621
2023-02-14 23:40:00+00:00,153.08,153.08,153.08,10,153.08,638,153.080204
2023-02-14 23:41:00+00:00,153.08,153.08,153.08,17,153.08,3060,153.080025
2023-02-14 23:42:00+00:00,153.08,153.09,153.08,5,153.09,260,153.084038
2023-02-14 23:43:00+00:00,153.09,153.09,153.09,10,153.09,217,153.089447
2023-02-14 23:45:00+00:00,153.08,153.08,153.08,9,153.08,131,153.080153
2023-02-14 23:46:00+00:00,153.08,153.08,153.08,10,153.08,158,153.081013
2023-02-14 23:49:00+00:00,153.07,153.08,153.07,20,153.08,682,153.079934
2023-02-14 23:58:00+00:00,153.09,153.09,153.09,11,153.09,438,153.087945
2023-02-15 00:01:00+00:00,153.08,153.09,153.08,21,153.08,1838,153.084418
2023-02-15 00:02:00+00:00,153.04,153.08,153.04,21,153.08,807,153.048364
2023-02-15 00:03:00+00:00,153.01,153.01,153.01,16,153.01,471,153.010902
2023-02-15 00:06:00+00:00,153.02,153.02,153.02,15,153.02,1104,153.023415
2023-02-15 00:09:00+00:00,153.05,153.05,153.05,6,153.05,238,153.050294
2023-02-15 00:10:00+00:00,153.05,153.05,153.05,13,153.05,733,153.051733
2023-02-15 00:11:00+00:00,153.02,153.02,153.02,17,153.02,689,153.019768
2023-02-15 00:13:00+00:00,153.0,153.0,153.0,28,153.0,462,153.001255
2023-02-15 00:14:00+00:00,152.84,153.0,152.84,73,153.0,3279,152.947789
2023-02-15 00:15:00+00:00,152.82,152.9,152.82,30,152.85,1813,152.846997
2023-02-15 00:16:00+00:00,152.9,152.9,152.84,13,152.84,524,152.868578
2023-02-15 00:17:00+00:00,152.9,152.9,152.9,8,152.9,201,152.899527
2023-02-15 00:18:00+00:00,152.91,152.91,152.85,31,152.85,1804,152.87633
2023-02-15 00:19:00+00:00,152.98,152.98,152.91,16,152.91,964,152.940628
2023-02-15 00:20:00+00:00,153.0,153.0,153.0,13,153.0,223,152.995381
2023-02-15 00:22:00+00:00,153.0,153.0,152.99,17,152.99,2494,152.991293
2023-02-15 00:23:00+00:00,153.0,153.0,153.0,4,153.0,103,152.999029
2023-02-15 00:24:00+00:00,153.0,153.0,153.0,15,153.0,480,153.000921
2023-02-15 00:25:00+00:00,153.0,153.0,153.0,14,153.0,456,152.999671
2023-02-15 00:27:00+00:00,153.03,153.03,152.99,18,152.99,1026,153.006423
2023-02-15 00:28:00+00:00,153.03,153.03,153.03,13,153.03,372,153.027285
2023-02-15 00:30:00+00:00,153.02,153.02,153.01,10,153.01,293,153.014044
2023-02-15 00:31:00+00:00,152.98,153.0,152.98,9,153.0,3735,152.998212
2023-02-15 00:32:00+00:00,153.0,153.0,152.98,29,152.98,529,152.984008
2023-02-15 00:33:00+00:00,153.02,153.02,153.02,18,153.02,586,153.013652
2023-02-15 00:34:00+00:00,152.83,152.95,152.83,27,152.95,716,152.925992
2023-02-15 00:36:00+00:00,152.87,152.87,152.87,12,152.87,228,152.89182
2023-02-15 00:37:00+00:00,152.84,152.85,152.84,15,152.85,730,152.859932
2023-02-15 00:39:00+00:00,152.84,152.84,152.84,12,152.84,837,152.842485
2023-02-15 00:40:00+00:00,152.8,152.87,152.8,26,152.84,2687,152.842097
2023-02-15 00:41:00+00:00,152.75,152.87,152.75,37,152.87,2137,152.796659
2023-02-15 00:42:00+00:00,152.77,152.85,152.77,21,152.85,753,152.791076
2023-02-15 00:43:00+00:00,152.81,152.81,152.81,15,152.81,554,152.813105
2023-02-15 00:44:00+00:00,152.76,152.8,152.76,25,152.8,1248,152.789515
2023-02-15 00:45:00+00:00,152.75,152.75,152.75,20,152.75,1424,152.75066
2023-02-15 00:46:00+00:00,152.73,152.73,152.73,15,152.73,354,152.737189
2023-02-15 00:47:00+00:00,152.72,152.72,152.72,13,152.72,602,152.728156
2023-02-15 00:48:00+00:00,152.72,152.76,152.72,28,152.72,1743,152.723494
2023-02-15 00:49:00+00:00,152.71,152.71,152.7,34,152.71,647,152.70949
2023-02-15 00:50:00+00:00,152.75,152.75,152.75,33,152.75,340,152.739794
2023-02-15 00:51:00+00:00,152.75,152.75,152.74,27,152.74,1011,152.746118
2023-02-15 00:52:00+00:00,152.76,152.76,152.75,31,152.75,629,152.767114
2023-02-15 00:54:00+00:00,152.77,152.77,152.73,34,152.73,1616,152.756621
2023-02-15 00:56:00+00:00,152.77,152.79,152.77,22,152.79,1438,152.788467
2023-02-15 00:57:00+00:00,152.8,152.8,152.76,26,152.79,1147,152.779917
2023-02-15 00:58:00+00:00,152.8,152.8,152.79,24,152.8,1037,152.798674
2023-02-15 00:59:00+00:00,152.84,152.85,152.79,38,152.8,5807,152.80004
