timestamp,close,high,low,trade_count,open,volume,vwap
2023-09-26 08:00:00+00:00,175.2,175.2,175.14,72,175.19,4226,175.193412
2023-09-26 08:01:00+00:00,175.19,175.28,175.19,35,175.28,1477,175.20589
2023-09-26 08:02:00+00:00,175.17,175.17,175.09,21,175.15,979,175.140511
2023-09-26 08:05:00+00:00,175.17,175.17,175.17,23,175.17,926,175.170778
2023-09-26 08:07:00+00:00,175.06,175.06,175.06,28,175.06,913,175.06046
2023-09-26 08:09:00+00:00,175.06,175.06,175.06,9,175.06,278,175.052122
2023-09-26 08:10:00+00:00,175.1,175.1,175.1,7,175.1,476,175.09895
2023-09-26 08:13:00+00:00,175.14,175.14,175.14,29,175.14,1397,175.137266
2023-09-26 08:14:00+00:00,175.2,175.2,175.14,39,175.17,2094,175.17724
2023-09-26 08:16:00+00:00,175.25,175.25,175.25,3,175.25,292,175.25
2023-09-26 08:17:00+00:00,175.25,175.25,175.25,4,175.25,291,175.256254
2023-09-26 08:20:00+00:00,175.29,175.29,175.25,43,175.28,2664,175.279992
2023-09-26 08:22:00+00:00,175.34,175.34,175.28,26,175.29,2199,175.29809
2023-09-26 08:26:00+00:00,175.28,175.28,175.27,32,175.27,1035,175.262425
2023-09-26 08:27:00+00:00,175.21,175.21,175.21,16,175.21,1062,175.216911
2023-09-26 08:29:00+00:00,175.2,175.21,175.2,16,175.21,946,175.206522
2023-09-26 08:30:00+00:00,175.21,175.21,175.2,21,175.2,596,175.192148
2023-09-26 08:31:00+00:00,175.14,175.14,175.14,16,175.14,523,175.123939
2023-09-26 08:32:00+00:00,175.14,175.14,175.14,12,175.14,914,175.143271
2023-09-26 08:34:00+00:00,175.15,175.15,175.15,4,175.15,269,175.151561
2023-09-26 08:35:00+00:00,175.18,175.18,175.18,3,175.18,170,175.182941
2023-09-26 08:36:00+00:00,175.12,175.12,175.12,10,175.12,566,175.138657
2023-09-26 08:39:00+00:00,175.14,175.14,175.11,16,175.12,1076,175.126283
2023-09-26 08:44:00+00:00,175.04,175.04,175.04,10,175.04,377,175.053263
2023-09-26 08:47:00+00:00,175.02,175.03,175.02,21,175.02,2326,175.024407
2023-09-26 08:48:00+00:00,175.0,175.01,175.0,42,175.01,1263,175.000396
2023-09-26 08:50:00+00:00,175.02,175.02,175.02,21,175.02,736,175.016291
2023-09-26 08:54:00+00:00,175.02,175.02,175.02,5,175.02,530,175.015264
2023-09-26 08:56:00+00:00,174.98,175.02,174.98,5,175.02,622,175.013376
2023-09-26 09:08:00+00:00,174.96,175.01,174.96,19,175.01,1265,174.999644
2023-09-26 09:24:00+00:00,175.08,175.08,175.04,14,175.04,619,175.068982
2023-09-26 09:25:00+00:00,175.1,175.1,175.1,16,175.1,780,175.100808
2023-09-26 09:27:00+00:00,175.06,175.06,175.06,3,175.06,103,175.06
2023-09-26 09:29:00+00:00,175.05,175.05,175.05,12,175.05,619,175.04958
2023-09-26 09:31:00+00:00,175.1,175.1,175.1,11,175.1,1017,175.094523
2023-09-26 09:32:00+00:00,175.14,175.14,175.14,9,175.14,130,175.138077
2023-09-26 09:37:00+00:00,175.14,175.14,175.14,1,175.14,100,175.14
2023-09-26 09:40:00+00:00,175.09,175.1,175.09,14,175.1,741,175.089123
2023-09-26 09:45:00+00:00,175.02,175.02,175.02,7,175.02,259,175.021158
2023-09-26 09:47:00+00:00,175.02,175.02,175.02,18,175.02,524,175.027634
2023-09-26 09:48:00+00:00,175.01,175.01,175.01,7,175.01,489,175.011084
2023-09-26 09:53:00+00:00,174.96,175.01,174.96,49,175.01,2494,174.987466
2023-09-26 09:55:00+00:00,174.93,174.95,174.93,28,174.95,859,174.948731
2023-09-26 09:56:00+00:00,174.95,174.95,174.95,1,174.95,100,174.95
2023-09-26 10:03:00+00:00,175.1,175.1,175.1,8,175.1,315,175.087905
2023-09-26 10:06:00+00:00,175.08,175.08,175.08,15,175.08,821,175.065006
2023-09-26 10:11:00+00:00,175.0,175.01,175.0,32,175.01,1735,174.990346
2023-09-26 10:15:00+00:00,175.15,175.15,175.15,17,175.15,518,175.108707
2023-09-26 10:16:00+00:00,175.06,175.06,175.06,3,175.06,202,175.060099
2023-09-26 10:17:00+00:00,175.22,175.22,175.09,47,175.09,1635,175.136208
2023-09-26 10:19:00+00:00,175.19,175.19,175.18,9,175.18,721,175.183648
2023-09-26 10:38:00+00:00,175.1,175.1,175.1,12,175.1,418,175.10555
2023-09-26 10:39:00+00:00,175.16,175.18,175.16,36,175.18,1084,175.174124
2023-09-26 10:47:00+00:00,175.13,175.13,175.13,4,175.13,127,175.130236
2023-09-26 10:58:00+00:00,175.29,175.29,175.24,60,175.24,2698,175.266323
2023-09-26 11:00:00+00:00,175.34,175.34,175.32,70,175.32,2587,175.31126
2023-09-26 11:01:00+00:00,175.26,175.26,175.26,17,175.26,601,175.281115
2023-09-26 11:03:00+00:00,175.25,175.25,175.25,7,175.25,455,175.249912
2023-09-26 11:04:00+00:00,175.25,175.25,175.24,16,175.24,582,175.238935
2023-09-26 11:06:00+00:00,175.09,175.2,175.09,117,175.2,4904,175.137029
2023-09-26 11:07:00+00:00,175.11,175.11,175.04,32,175.06,3123,175.071998
2023-09-26 11:08:00+00:00,175.12,175.12,175.12,11,175.12,762,175.119423
2023-09-26 11:09:00+00:00,175.08,175.08,175.08,7,175.08,168,175.083929
2023-09-26 11:13:00+00:00,175.08,175.08,175.08,23,175.08,751,175.076059
2023-09-26 11:14:00+00:00,175.07,175.08,175.06,14,175.07,1008,175.073919
2023-09-26 11:15:00+00:00,175.11,175.11,175.11,8,175.11,216,175.102731
2023-09-26 11:18:00+00:00,175.17,175.17,175.16,22,175.16,1673,175.166695
2023-09-26 11:20:00+00:00,175.2,175.2,175.2,23,175.2,1516,175.202909
2023-09-26 11:21:00+00:00,175.2,175.2,175.2,13,175.2,621,175.195137
2023-09-26 11:24:00+00:00,175.2,175.2,175.2,17,175.2,573,175.196387
2023-09-26 11:26:00+00:00,175.36,175.37,175.25,46,175.25,2499,175.321521
2023-09-26 11:30:00+00:00,175.3,175.34,175.3,13,175.34,937,175.329264
2023-09-26 11:31:00+00:00,175.37,175.37,175.36,32,175.37,1541,175.359676
2023-09-26 11:35:00+00:00,175.44,175.44,175.43,22,175.43,794,175.417494
2023-09-26 11:37:00+00:00,175.5,175.5,175.5,22,175.5,674,175.533947
2023-09-26 11:38:00+00:00,175.51,175.51,175.51,18,175.51,588,175.531105
2023-09-26 11:41:00+00:00,175.48,175.48,175.48,14,175.48,440,175.487273
2023-09-26 11:44:00+00:00,175.45,175.45,175.45,12,175.45,582,175.451409
2023-09-26 11:45:00+00:00,175.36,175.45,175.36,34,175.45,1796,175.394944
2023-09-26 11:50:00+00:00,175.35,175.35,175.35,49,175.35,2019,175.339733
2023-09-26 11:51:00+00:00,175.4,175.4,175.4,6,175.4,136,175.392941
2023-09-26 11:52:00+00:00,175.4,175.4,175.4,9,175.4,1098,175.397495
2023-09-26 11:55:00+00:00,175.43,175.43,175.43,12,175.43,332,175.427139
2023-09-26 11:57:00+00:00,175.42,175.42,175.42,8,175.42,176,175.417784
2023-09-26 12:00:00+00:00,175.42,175.5927,175.0411,370,175.2,38114,175.321336
2023-09-26 12:01:00+00:00,174.91,175.5,174.91,377,175.145,2643,175.236305
2023-09-26 12:02:00+00:00,175.3,175.5,174.91,369,175.3502,3769,175.182883
2023-09-26 12:03:00+00:00,174.9,175.35,174.85,379,175.28,5514,175.120251
2023-09-26 12:04:00+00:00,175.47,175.47,175.47,17,175.47,550,175.464582
2023-09-26 12:05:00+00:00,175.4,175.44,175.35,27,175.44,3023,175.410835
2023-09-26 12:06:00+00:00,175.45,175.45,175.4,19,175.4,527,175.418666
2023-09-26 12:07:00+00:00,175.36,175.45,175.36,11,175.4496,1113,175.433199
2023-09-26 12:08:00+00:00,175.4,175.4,175.35,14,175.3543,1206,175.36374
2023-09-26 12:11:00+00:00,175.36,175.36,175.36,40,175.36,1001,175.383247
2023-09-26 12:13:00+00:00,175.36,175.36,175.35,13,175.3501,588,175.375561
2023-09-26 12:14:00+00:00,175.3,175.35,175.3,40,175.35,1457,175.331095
2023-09-26 12:15:00+00:00,175.3,175.3005,175.3,16,175.3005,655,175.317168
2023-09-26 12:16:00+00:00,175.35,175.35,175.35,15,175.35,211,175.367123
2023-09-26 12:17:00+00:00,175.41,175.41,175.35,17,175.35,860,175.370302
2023-09-26 12:19:00+00:00,175.47,175.48,175.45,26,175.45,3790,175.475916
2023-09-26 12:20:00+00:00,175.43,175.48,175.43,19,175.47,742,175.461974
2023-09-26 12:21:00+00:00,175.43,175.47,175.43,24,175.44,1412,175.433329
2023-09-26 12:22:00+00:00,175.44,175.44,175.4,45,175.4,2453,175.41577
2023-09-26 12:23:00+00:00,175.38,175.4,175.38,40,175.4,1128,175.396973
2023-09-26 12:24:00+00:00,175.35,175.35,175.35,41,175.35,1379,175.343216
2023-09-26 12:25:00+00:00,175.2,175.3,175.2,75,175.3,2640,175.263705
2023-09-26 12:26:00+00:00,175.21,175.28,175.2,16,175.2,3342,175.215223
2023-09-26 12:28:00+00:00,175.25,175.28,175.2,67,175.276,3574,175.248583
2023-09-26 12:29:00+00:00,175.31,175.31,175.21,55,175.21,4256,175.300598
2023-09-26 12:30:00+00:00,175.3,175.31,175.3,31,175.31,956,175.313332
2023-09-26 12:31:00+00:00,175.2,175.35,175.2,90,175.3,4888,175.271135
2023-09-26 12:32:00+00:00,175.2,175.2001,175.2,50,175.2001,3058,175.201491
2023-09-26 12:33:00+00:00,175.15,175.23,175.15,82,175.22,4477,175.198521
2023-09-26 12:34:00+00:00,175.1,175.1075,175.1,14,175.1075,440,175.107295
2023-09-26 12:35:00+00:00,175.2,175.2,175.1,30,175.15,1273,175.134237
2023-09-26 12:36:00+00:00,175.2,175.2166,175.2,41,175.2166,1324,175.206965
2023-09-26 12:37:00+00:00,175.11,175.25,175.11,62,175.21,2815,175.170174
2023-09-26 12:38:00+00:00,175.1,175.25,175.1,68,175.11,1782,175.12381
2023-09-26 12:39:00+00:00,175.1505,175.175,175.1505,29,175.175,811,175.159634
2023-09-26 12:40:00+00:00,175.08,175.15,175.075,38,175.15,1805,175.103967
2023-09-26 12:41:00+00:00,175.09,175.1999,175.09,35,175.1999,1496,175.126798
2023-09-26 12:42:00+00:00,175.06,175.12,175.06,35,175.12,2315,175.105076
2023-09-26 12:43:00+00:00,175.17,175.17,175.1,36,175.135,3886,175.152688
2023-09-26 12:44:00+00:00,175.23,175.23,175.1105,37,175.1105,6523,175.12806
2023-09-26 12:45:00+00:00,175.1145,175.2,175.1145,32,175.2,1191,175.171272
2023-09-26 12:46:00+00:00,175.15,175.2,175.15,29,175.2,802,175.16586
2023-09-26 12:47:00+00:00,175.11,175.11,175.11,23,175.11,2104,175.115777
2023-09-26 12:48:00+00:00,175.06,175.15,175.05,76,175.15,4548,175.095063
2023-09-26 12:49:00+00:00,175.05,175.13,175.04,59,175.06,3625,175.05677
2023-09-26 12:50:00+00:00,175.03,175.05,175.03,53,175.05,5275,175.035695
2023-09-26 12:51:00+00:00,175.12,175.12,175.0456,15,175.0456,691,175.12013
2023-09-26 12:52:00+00:00,175.0504,175.12,175.0504,32,175.116,1522,175.107804
2023-09-26 12:53:00+00:00,175.15,175.15,175.11,31,175.11,1682,175.135339
2023-09-26 12:54:00+00:00,175.15,175.15,175.0918,20,175.15,795,175.117101
2023-09-26 12:55:00+00:00,175.1,175.15,175.1,15,175.15,623,175.123055
2023-09-26 12:56:00+00:00,175.1,175.15,175.1,37,175.15,1465,175.129922
2023-09-26 12:57:00+00:00,175.07,175.15,175.07,39,175.08,2107,175.094008
2023-09-26 12:58:00+00:00,175.03,175.04,175.03,39,175.04,1244,175.049887
2023-09-26 12:59:00+00:00,175.15,175.15,175.09,29,175.09,670,175.104813
2023-09-26 13:00:00+00:00,175.1,175.1,175.03,17,175.0322,1687,175.053696
2023-09-26 13:01:00+00:00,175.0503,175.0503,175.02,85,175.05,3788,175.039475
2023-09-26 13:02:00+00:00,175.08,175.08,175.08,45,175.08,1187,175.084132
2023-09-26 13:05:00+00:00,175.1213,175.1213,175.04,44,175.04,1021,175.074104
2023-09-26 13:06:00+00:00,175.0,175.05,175.0,200,175.03,10132,175.017943
2023-09-26 13:07:00+00:00,174.99,175.0,174.93,172,175.0,8958,174.960655
2023-09-26 13:08:00+00:00,174.9989,175.01,174.9989,30,175.01,3304,174.998758
2023-09-26 13:09:00+00:00,174.95,174.97,174.9384,71,174.97,3109,174.951002
2023-09-26 13:10:00+00:00,174.91,174.9497,174.89,134,174.94,6319,174.905148
2023-09-26 13:11:00+00:00,174.8701,174.93,174.8701,58,174.93,3757,174.8884
2023-09-26 13:12:00+00:00,174.87,174.88,174.87,67,174.8701,2363,174.878752
2023-09-26 13:13:00+00:00,174.88,174.91,174.88,54,174.91,2234,174.908852
2023-09-26 13:14:00+00:00,174.93,174.95,174.89,51,174.89,1196,174.916597
2023-09-26 13:15:00+00:00,174.8985,174.9,174.87,58,174.9,2545,174.883173
2023-09-26 13:16:00+00:00,174.89,174.95,174.89,43,174.95,1179,174.930573
2023-09-26 13:17:00+00:00,174.88,174.96,174.88,22,174.96,878,174.923955
2023-09-26 13:18:00+00:00,175.0,175.0,174.99,73,174.99,2642,174.992445
2023-09-26 13:19:00+00:00,174.85,175.0,174.85,106,175.0,2228,174.909946
2023-09-26 13:20:00+00:00,174.8,174.83,174.8,49,174.83,1366,174.82098
2023-09-26 13:21:00+00:00,174.91,174.91,174.83,36,174.83,753,174.856197
2023-09-26 13:22:00+00:00,174.89,174.89,174.8,62,174.82,2114,174.842183
2023-09-26 13:23:00+00:00,174.8992,174.8992,174.82,62,174.8899,2474,174.873751
2023-09-26 13:24:00+00:00,174.9,174.9,174.85,44,174.8999,3834,174.891137
2023-09-26 13:25:00+00:00,174.66,174.84,174.65,302,174.84,13268,174.697334
2023-09-26 13:26:00+00:00,174.6999,174.7026,174.59,157,174.65,7976,174.632716
2023-09-26 13:27:00+00:00,174.71,174.71,174.61,93,174.65,6100,174.682
2023-09-26 13:28:00+00:00,174.75,174.817,174.7,124,174.75,10141,174.744265
2023-09-26 13:29:00+00:00,174.82,174.99,174.72,177,174.75,15293,174.826047
2023-09-26 13:30:00+00:00,174.7399,175.2,174.72,6169,174.82,723831,174.865307
2023-09-26 13:31:00+00:00,174.56,174.79,174.37,3184,174.75,313948,174.554499
2023-09-26 13:32:00+00:00,174.51,174.59,174.41,2341,174.55,184560,174.511827
2023-09-26 13:33:00+00:00,174.53,174.64,174.32,2788,174.51,248588,174.490731
2023-09-26 13:34:00+00:00,174.42,174.695,174.4,2189,174.54,193773,174.592736
2023-09-26 13:35:00+00:00,174.455,174.6,174.37,1985,174.43,177527,174.464551
2023-09-26 13:36:00+00:00,174.36,174.62,174.28,2731,174.4311,288474,174.408977
2023-09-26 13:37:00+00:00,174.3515,174.46,174.25,2122,174.35,222686,174.341143
2023-09-26 13:38:00+00:00,174.55,174.68,174.3,2969,174.369,335686,174.475969
2023-09-26 13:39:00+00:00,174.575,174.59,174.355,2363,174.55,265710,174.448227
2023-09-26 13:40:00+00:00,174.43,174.69,174.41,2494,174.57,269882,174.556384
2023-09-26 13:41:00+00:00,174.38,174.57,174.35,1890,174.43,185903,174.41367
2023-09-26 13:42:00+00:00,174.5,174.6,174.36,2155,174.38,239320,174.470453
2023-09-26 13:43:00+00:00,174.415,174.52,174.38,1682,174.5,150632,174.427314
2023-09-26 13:44:00+00:00,174.46,174.548,174.31,2343,174.42,278719,174.418524
2023-09-26 13:45:00+00:00,174.31,174.48,174.28,3426,174.47,280905,174.36585
2023-09-26 13:46:00+00:00,174.335,174.5,174.3,3589,174.3101,194083,174.402943
2023-09-26 13:47:00+00:00,174.07,174.3321,174.02,4990,174.322,302614,174.136787
2023-09-26 13:48:00+00:00,174.15,174.21,174.05,4095,174.055,201780,174.131128
2023-09-26 13:49:00+00:00,173.88,174.15,173.84,7263,174.14,445932,173.981216
2023-09-26 13:50:00+00:00,173.49,173.88,173.451,8026,173.87,530857,173.640536
2023-09-26 13:51:00+00:00,173.67,173.73,173.46,4347,173.48,319332,173.603023
2023-09-26 13:52:00+00:00,173.33,173.6781,173.33,5427,173.66,323679,173.508635
2023-09-26 13:53:00+00:00,173.445,173.53,173.32,4046,173.33,218430,173.444105
2023-09-26 13:54:00+00:00,173.435,173.5,173.31,4486,173.4401,233588,173.396375
2023-09-26 13:55:00+00:00,173.37,173.49,173.3,4814,173.44,228238,173.391169
2023-09-26 13:56:00+00:00,173.46,173.47,173.2699,4602,173.37,210849,173.380459
2023-09-26 13:57:00+00:00,173.26,173.4648,173.23,4249,173.46,166867,173.305741
2023-09-26 13:58:00+00:00,173.05,173.26,172.93,9915,173.24,654361,173.054761
2023-09-26 13:59:00+00:00,173.04,173.21,173.03,5009,173.06,337738,173.112163
2023-09-26 14:00:00+00:00,173.185,173.28,172.97,5526,173.04,387955,173.104458
2023-09-26 14:01:00+00:00,173.27,173.35,173.1501,4697,173.17,335618,173.259999
2023-09-26 14:02:00+00:00,173.32,173.33,173.15,3956,173.26,196291,173.214947
2023-09-26 14:03:00+00:00,173.2394,173.35,173.19,4351,173.32,193796,173.248633
2023-09-26 14:04:00+00:00,172.95,173.24,172.94,5765,173.23,289797,173.089599
2023-09-26 14:05:00+00:00,173.1153,173.24,172.94,5958,172.94,358628,173.117351
2023-09-26 14:06:00+00:00,173.26,173.27,173.12,4683,173.12,213513,173.22154
2023-09-26 14:07:00+00:00,173.31,173.38,173.2401,4412,173.25,177530,173.314688
2023-09-26 14:08:00+00:00,173.38,173.39,173.2501,3984,173.3101,117953,173.327222
2023-09-26 14:09:00+00:00,173.2665,173.46,173.23,4623,173.38,217701,173.371043
2023-09-26 14:10:00+00:00,173.27,173.3,173.2,3641,173.27,121925,173.248469
2023-09-26 14:11:00+00:00,173.2012,173.38,173.2,3828,173.26,163274,173.301199
2023-09-26 14:12:00+00:00,173.0229,173.2,172.98,4673,173.2,233151,173.09269
2023-09-26 14:13:00+00:00,172.975,173.125,172.97,3283,173.015,166640,173.047796
2023-09-26 14:14:00+00:00,172.75,173.03,172.71,5553,172.98,360825,172.830213
2023-09-26 14:15:00+00:00,172.7,172.85,172.69,3888,172.76,231959,172.779856
2023-09-26 14:16:00+00:00,172.612,172.72,172.555,5076,172.7,277891,172.627458
2023-09-26 14:17:00+00:00,172.57,172.71,172.55,4672,172.6101,220839,172.627366
2023-09-26 14:18:00+00:00,172.55,172.63,172.48,5882,172.58,309288,172.545294
2023-09-26 14:19:00+00:00,172.61,172.69,172.54,4217,172.545,219709,172.624398
2023-09-26 14:20:00+00:00,172.62,172.69,172.54,4382,172.6197,232628,172.602535
2023-09-26 14:21:00+00:00,172.75,172.76,172.61,4010,172.625,176935,172.673677
2023-09-26 14:22:00+00:00,172.7681,172.88,172.71,5043,172.75,301205,172.797953
2023-09-26 14:23:00+00:00,172.8306,172.85,172.74,3437,172.76,113753,172.812423
2023-09-26 14:24:00+00:00,172.9399,172.96,172.8089,3983,172.83,162728,172.900522
2023-09-26 14:25:00+00:00,172.8861,172.96,172.88,3578,172.9306,246314,172.852854
2023-09-26 14:26:00+00:00,172.88,172.94,172.842,3374,172.8899,86990,172.886517
2023-09-26 14:27:00+00:00,172.985,172.99,172.8,3818,172.88,178728,172.892377
2023-09-26 14:28:00+00:00,173.16,173.18,172.98,4315,172.98,266283,173.062758
2023-09-26 14:29:00+00:00,173.1,173.18,173.0448,3482,173.175,123550,173.09087
2023-09-26 14:30:00+00:00,173.019,173.095,172.94,4540,173.09,200097,173.003537
2023-09-26 14:31:00+00:00,172.92,173.079,172.92,3731,173.02,150371,173.00536
2023-09-26 14:32:00+00:00,172.76,172.92,172.76,4428,172.91,173117,172.844682
2023-09-26 14:33:00+00:00,172.91,172.92,172.69,3672,172.7591,244312,172.769549
2023-09-26 14:34:00+00:00,172.83,172.9091,172.83,3105,172.9091,102135,172.878463
2023-09-26 14:35:00+00:00,172.785,172.88,172.75,2929,172.83,101036,172.825951
2023-09-26 14:36:00+00:00,172.78,172.88,172.72,2979,172.785,161927,172.801889
2023-09-26 14:37:00+00:00,172.8391,172.865,172.72,2930,172.795,370680,172.867631
2023-09-26 14:38:00+00:00,172.935,172.94,172.83,1163,172.85,93318,172.892711
2023-09-26 14:39:00+00:00,173.0683,173.0911,172.92,1241,172.9303,126349,173.014925
2023-09-26 14:40:00+00:00,173.09,173.15,173.01,1334,173.06,132987,173.067314
2023-09-26 14:41:00+00:00,173.12,173.1781,173.09,1169,173.0996,91364,173.114944
2023-09-26 14:42:00+00:00,173.23,173.2448,173.0785,1256,173.1125,116607,173.161114
2023-09-26 14:43:00+00:00,173.38,173.39,173.21,1967,173.239,194787,173.318415
2023-09-26 14:44:00+00:00,173.43,173.45,173.3036,1344,173.3899,132936,173.364197
2023-09-26 14:45:00+00:00,173.6188,173.65,173.38,2051,173.438,235795,173.520859
2023-09-26 14:46:00+00:00,173.33,173.6299,173.3201,2196,173.62,217652,173.523863
2023-09-26 14:47:00+00:00,173.39,173.4395,173.23,1331,173.3278,132336,173.332262
2023-09-26 14:48:00+00:00,173.21,173.4195,173.16,1291,173.3999,128265,173.290677
2023-09-26 14:49:00+00:00,172.88,173.2297,172.88,3001,173.21,261815,173.055025
2023-09-26 14:50:00+00:00,172.9512,173.05,172.83,1634,172.885,199345,172.93545
2023-09-26 14:51:00+00:00,172.745,172.96,172.72,1768,172.96,169627,172.810541
2023-09-26 14:52:00+00:00,172.89,172.9,172.73,1061,172.74,97260,172.822236
2023-09-26 14:53:00+00:00,172.96,172.9877,172.871,956,172.89,100384,172.919214
2023-09-26 14:54:00+00:00,172.8,172.96,172.76,1214,172.9595,116386,172.87204
2023-09-26 14:55:00+00:00,172.8418,172.89,172.79,982,172.81,68897,172.827108
2023-09-26 14:56:00+00:00,172.96,172.96,172.8399,883,172.8399,96757,172.90363
2023-09-26 14:57:00+00:00,172.745,173.0001,172.74,1574,172.95,142550,172.890333
2023-09-26 14:58:00+00:00,172.77,172.81,172.73,959,172.76,78990,172.770207
2023-09-26 14:59:00+00:00,172.77,172.97,172.76,2495,172.765,222591,172.847792
2023-09-26 15:00:00+00:00,172.79,172.86,172.75,1379,172.77,109874,172.80775
2023-09-26 15:01:00+00:00,172.81,172.84,172.75,822,172.7926,62568,172.789721
2023-09-26 15:02:00+00:00,172.7,172.83,172.661,1519,172.8142,121050,172.721952
2023-09-26 15:03:00+00:00,172.75,172.78,172.7043,888,172.72,62774,172.739924
2023-09-26 15:04:00+00:00,172.86,172.91,172.71,965,172.74,86016,172.835821
2023-09-26 15:05:00+00:00,172.77,172.9,172.73,1222,172.86,121626,172.793261
2023-09-26 15:06:00+00:00,172.81,172.84,172.7599,882,172.76,74530,172.799093
2023-09-26 15:07:00+00:00,172.635,172.8165,172.625,1279,172.8,83609,172.730286
2023-09-26 15:08:00+00:00,172.67,172.75,172.6,1888,172.63,172060,172.668989
2023-09-26 15:09:00+00:00,172.615,172.71,172.61,878,172.66,99134,172.666834
2023-09-26 15:10:00+00:00,172.57,172.63,172.53,1565,172.615,180368,172.576676
2023-09-26 15:11:00+00:00,172.5201,172.62,172.5,1138,172.58,89253,172.555565
2023-09-26 15:12:00+00:00,172.48,172.521,172.415,3126,172.521,249233,172.461204
2023-09-26 15:13:00+00:00,172.45,172.535,172.44,1060,172.479,102685,172.486576
2023-09-26 15:14:00+00:00,172.5,172.53,172.43,881,172.44,78034,172.463908
2023-09-26 15:15:00+00:00,172.46,172.55,172.46,954,172.4999,74262,172.516706
2023-09-26 15:16:00+00:00,172.555,172.56,172.44,1559,172.46,156399,172.495033
2023-09-26 15:17:00+00:00,172.61,172.61,172.48,1271,172.555,111621,172.549118
2023-09-26 15:18:00+00:00,172.61,172.7,172.58,1083,172.59,100409,172.627433
2023-09-26 15:19:00+00:00,172.64,172.67,172.6,1043,172.62,98180,172.630164
2023-09-26 15:20:00+00:00,172.61,172.725,172.6,1106,172.64,84135,172.653771
2023-09-26 15:21:00+00:00,172.675,172.73,172.54,1227,172.6,119167,172.629766
2023-09-26 15:22:00+00:00,172.79,172.82,172.63,1768,172.6757,175979,172.748384
2023-09-26 15:23:00+00:00,172.73,172.81,172.72,1058,172.8,101030,172.76
2023-09-26 15:24:00+00:00,172.67,172.76,172.6601,1366,172.73,115446,172.723893
2023-09-26 15:25:00+00:00,172.59,172.7,172.58,1111,172.68,103624,172.637141
2023-09-26 15:26:00+00:00,172.69,172.71,172.58,837,172.591,60635,172.644103
2023-09-26 15:27:00+00:00,172.72,172.74,172.675,733,172.69,51711,172.703984
2023-09-26 15:28:00+00:00,172.69,172.78,172.688,1157,172.72,102952,172.717129
2023-09-26 15:29:00+00:00,172.57,172.6966,172.5601,1089,172.68,95325,172.636696
2023-09-26 15:30:00+00:00,172.69,172.7,172.53,1284,172.58,133167,172.629568
2023-09-26 15:31:00+00:00,172.7001,172.75,172.655,1313,172.68,187212,172.714709
2023-09-26 15:32:00+00:00,172.89,172.9019,172.64,2183,172.705,180530,172.796001
2023-09-26 15:33:00+00:00,172.83,172.905,172.77,1283,172.9,118702,172.837501
2023-09-26 15:34:00+00:00,172.8089,172.83,172.73,1127,172.83,99085,172.780388
2023-09-26 15:35:00+00:00,172.92,172.94,172.78,1032,172.79,103995,172.874342
2023-09-26 15:36:00+00:00,173.0199,173.03,172.88,1345,172.92,151338,172.948789
2023-09-26 15:37:00+00:00,173.09,173.12,173.01,1369,173.0199,134764,173.066922
2023-09-26 15:38:00+00:00,173.03,173.091,173.01,765,173.0842,72896,173.055815
2023-09-26 15:39:00+00:00,172.97,173.08,172.962,835,173.025,65863,173.030178
2023-09-26 15:40:00+00:00,172.95,172.9799,172.895,1134,172.97,117568,172.925777
2023-09-26 15:41:00+00:00,172.93,173.0,172.93,741,172.95,79761,172.969553
2023-09-26 15:42:00+00:00,173.0,173.02,172.86,1153,172.92,151098,172.93147
2023-09-26 15:43:00+00:00,173.0901,173.12,172.9701,923,172.9999,85323,173.078985
2023-09-26 15:44:00+00:00,173.031,173.1,173.0251,817,173.1,76459,173.072298
2023-09-26 15:45:00+00:00,173.1699,173.19,173.03,961,173.03,94091,173.129139
2023-09-26 15:46:00+00:00,173.025,173.18,173.0,1181,173.1619,92247,173.050512
2023-09-26 15:47:00+00:00,173.01,173.0799,172.97,860,173.02,70693,173.017527
2023-09-26 15:48:00+00:00,172.95,173.0,172.88,1027,173.0,92385,172.938413
2023-09-26 15:49:00+00:00,173.005,173.09,172.94,1514,172.951,119269,172.996975
2023-09-26 15:50:00+00:00,172.89,173.0238,172.86,1266,173.0038,92030,172.957388
2023-09-26 15:51:00+00:00,172.8299,172.905,172.805,936,172.8809,83749,172.856374
2023-09-26 15:52:00+00:00,172.88,172.95,172.78,2145,172.82,166240,172.848347
2023-09-26 15:53:00+00:00,172.86,172.92,172.81,953,172.89,79434,172.875658
2023-09-26 15:54:00+00:00,172.7774,172.85,172.76,737,172.85,54401,172.796768
2023-09-26 15:55:00+00:00,172.72,172.81,172.7102,878,172.77,68495,172.759743
2023-09-26 15:56:00+00:00,172.74,172.76,172.71,687,172.73,56450,172.73808
2023-09-26 15:57:00+00:00,172.84,172.85,172.73,880,172.74,65995,172.782657
2023-09-26 15:58:00+00:00,172.8,172.87,172.79,660,172.84,56267,172.822123
2023-09-26 15:59:00+00:00,172.86,172.91,172.79,665,172.8,55183,172.861259
2023-09-26 16:00:00+00:00,172.9132,172.9399,172.84,791,172.8599,63511,172.885583
2023-09-26 16:01:00+00:00,172.8701,172.9699,172.86,727,172.91,47944,172.918836
2023-09-26 16:02:00+00:00,172.895,172.9118,172.86,640,172.87,31465,172.88923
2023-09-26 16:03:00+00:00,172.725,172.89,172.7,1040,172.89,83632,172.775045
2023-09-26 16:04:00+00:00,172.7209,172.7999,172.7101,767,172.73,48216,172.745721
2023-09-26 16:05:00+00:00,172.71,172.7209,172.605,1278,172.7209,92335,172.664636
2023-09-26 16:06:00+00:00,172.77,172.83,172.7,1442,172.72,132174,172.755293
2023-09-26 16:07:00+00:00,172.79,172.81,172.73,716,172.77,57521,172.771304
2023-09-26 16:08:00+00:00,172.865,172.9,172.72,907,172.785,71260,172.802269
2023-09-26 16:09:00+00:00,172.9199,172.935,172.83,867,172.8697,77062,172.875115
2023-09-26 16:10:00+00:00,172.9064,172.94,172.88,714,172.9,61289,172.901727
2023-09-26 16:11:00+00:00,172.9388,172.94,172.84,962,172.905,79866,172.886119
2023-09-26 16:12:00+00:00,172.93,172.98,172.92,646,172.935,52270,172.944137
2023-09-26 16:13:00+00:00,172.98,172.98,172.9,742,172.92,56807,172.928086
2023-09-26 16:14:00+00:00,172.8647,172.9852,172.85,797,172.9799,73775,172.913971
2023-09-26 16:15:00+00:00,172.86,172.91,172.83,729,172.85,71534,172.869005
2023-09-26 16:16:00+00:00,173.02,173.04,172.86,893,172.86,83298,172.971387
2023-09-26 16:17:00+00:00,172.9212,173.04,172.9,740,173.01,53646,172.946477
2023-09-26 16:18:00+00:00,172.6902,172.93,172.68,1277,172.92,114637,172.81745
2023-09-26 16:19:00+00:00,172.69,172.77,172.68,998,172.6853,96302,172.716764
2023-09-26 16:20:00+00:00,172.65,172.695,172.61,1144,172.695,128871,172.657753
2023-09-26 16:21:00+00:00,172.59,172.65,172.54,1670,172.645,145211,172.594278
2023-09-26 16:22:00+00:00,172.58,172.61,172.52,1265,172.59,108023,172.567037
2023-09-26 16:23:00+00:00,172.72,172.7201,172.57,1322,172.5799,106788,172.641931
2023-09-26 16:24:00+00:00,172.935,172.94,172.68,1038,172.7292,94345,172.780452
2023-09-26 16:25:00+00:00,172.975,173.001,172.88,940,172.9399,96950,172.957685
2023-09-26 16:26:00+00:00,172.955,173.02,172.94,931,172.97,89098,172.974139
2023-09-26 16:27:00+00:00,172.9799,172.98,172.92,615,172.95,42503,172.946205
2023-09-26 16:28:00+00:00,172.935,172.975,172.9,640,172.975,53247,172.931052
2023-09-26 16:29:00+00:00,173.01,173.02,172.88,703,172.9347,60727,172.943515
2023-09-26 16:30:00+00:00,172.96,173.01,172.9,719,173.01,48310,172.944545
2023-09-26 16:31:00+00:00,172.94,172.96,172.92,550,172.96,34151,172.9408
2023-09-26 16:32:00+00:00,173.015,173.04,172.9314,602,172.9326,50498,172.988361
2023-09-26 16:33:00+00:00,173.1101,173.18,172.9932,1141,173.02,120246,173.104922
2023-09-26 16:34:00+00:00,173.011,173.14,173.01,704,173.11,66816,173.058161
2023-09-26 16:35:00+00:00,173.15,173.1963,173.0,617,173.01,63054,173.13385
2023-09-26 16:36:00+00:00,173.0845,173.14,173.045,526,173.14,36904,173.08656
2023-09-26 16:37:00+00:00,173.11,173.17,173.09,542,173.095,41220,173.121259
2023-09-26 16:38:00+00:00,173.16,173.21,173.1199,687,173.1199,44403,173.178192
2023-09-26 16:39:00+00:00,173.2109,173.2299,173.15,614,173.17,50881,173.188006
2023-09-26 16:40:00+00:00,173.23,173.2667,173.18,727,173.21,63679,173.224021
2023-09-26 16:41:00+00:00,173.24,173.265,173.21,674,173.23,41450,173.240599
2023-09-26 16:42:00+00:00,173.1602,173.2399,173.1299,937,173.235,85045,173.171897
2023-09-26 16:43:00+00:00,173.05,173.16,173.05,843,173.16,79741,173.080493
2023-09-26 16:44:00+00:00,173.095,173.11,173.04,617,173.06,39861,173.071523
2023-09-26 16:45:00+00:00,173.02,173.09,173.0,977,173.09,79735,173.043131
2023-09-26 16:46:00+00:00,173.18,173.18,173.02,749,173.02,74872,173.099153
2023-09-26 16:47:00+00:00,173.1471,173.19,173.08,464,173.19,54770,173.129033
2023-09-26 16:48:00+00:00,173.0916,173.145,173.07,474,173.145,39507,173.105496
2023-09-26 16:49:00+00:00,173.185,173.21,173.07,701,173.0906,52678,173.152297
2023-09-26 16:50:00+00:00,173.25,173.25,173.1501,623,173.18,44326,173.213221
2023-09-26 16:51:00+00:00,173.245,173.2557,173.22,510,173.24,34093,173.240286
2023-09-26 16:52:00+00:00,173.33,173.36,173.21,900,173.2301,96088,173.293686
2023-09-26 16:53:00+00:00,173.2255,173.3399,173.225,654,173.33,54769,173.275153
2023-09-26 16:54:00+00:00,173.305,173.3142,173.23,529,173.23,42991,173.280636
2023-09-26 16:55:00+00:00,173.285,173.3,173.2599,482,173.3,29641,173.275347
2023-09-26 16:56:00+00:00,173.26,173.31,173.26,527,173.27,31516,173.28473
2023-09-26 16:57:00+00:00,173.3,173.32,173.25,602,173.255,47631,173.287706
2023-09-26 16:58:00+00:00,173.3028,173.35,173.295,552,173.31,49512,173.320843
2023-09-26 16:59:00+00:00,173.21,173.32,173.1813,940,173.31,69746,173.249099
2023-09-26 17:00:00+00:00,173.22,173.2889,173.1801,775,173.21,67005,173.227705
2023-09-26 17:01:00+00:00,173.24,173.27,173.19,610,173.23,47783,173.224291
2023-09-26 17:02:00+00:00,173.3235,173.41,173.17,1476,173.2318,127508,173.301455
2023-09-26 17:03:00+00:00,173.48,173.49,173.31,1099,173.3151,106356,173.425052
2023-09-26 17:04:00+00:00,173.375,173.52,173.35,869,173.485,95109,173.444546
2023-09-26 17:05:00+00:00,173.2801,173.38,173.27,677,173.38,58314,173.326123
2023-09-26 17:06:00+00:00,173.09,173.295,173.0712,1214,173.275,136789,173.149703
2023-09-26 17:07:00+00:00,172.98,173.13,172.9601,1050,173.105,81256,173.031106
2023-09-26 17:08:00+00:00,173.35,173.35,172.98,2625,172.98,249014,173.186892
2023-09-26 17:09:00+00:00,173.35,173.3899,173.285,1074,173.35,103348,173.335635
2023-09-26 17:10:00+00:00,173.43,173.44,173.32,643,173.35,50642,173.367136
2023-09-26 17:11:00+00:00,173.5,173.52,173.4,948,173.425,85530,173.467476
2023-09-26 17:12:00+00:00,173.4359,173.5,173.4151,739,173.5,66720,173.457864
2023-09-26 17:13:00+00:00,173.505,173.52,173.43,473,173.4307,46841,173.480973
2023-09-26 17:14:00+00:00,173.45,173.53,173.45,664,173.5092,72357,173.481367
2023-09-26 17:15:00+00:00,173.4521,173.51,173.43,497,173.45,52470,173.477842
2023-09-26 17:16:00+00:00,173.4,173.46,173.36,656,173.455,52550,173.399558
2023-09-26 17:17:00+00:00,173.3399,173.41,173.3,712,173.4,65344,173.355962
2023-09-26 17:18:00+00:00,173.2599,173.39,173.25,768,173.33,67605,173.320129
2023-09-26 17:19:00+00:00,173.2,173.26,173.1897,775,173.26,78705,173.220305
2023-09-26 17:20:00+00:00,173.205,173.26,173.18,683,173.2,59896,173.210418
2023-09-26 17:21:00+00:00,173.08,173.195,173.08,893,173.19,103621,173.146654
2023-09-26 17:22:00+00:00,173.14,173.16,173.08,606,173.08,60465,173.131303
2023-09-26 17:23:00+00:00,173.1164,173.23,173.1,794,173.14,92336,173.164892
2023-09-26 17:24:00+00:00,173.079,173.1799,173.075,523,173.13,56290,173.147005
2023-09-26 17:25:00+00:00,172.99,173.085,172.96,1210,173.08,112623,173.00163
2023-09-26 17:26:00+00:00,173.0462,173.139,172.985,852,172.99,85467,173.061768
2023-09-26 17:27:00+00:00,173.0,173.08,172.97,776,173.05,79331,173.033058
2023-09-26 17:28:00+00:00,172.985,173.0299,172.96,565,173.01,47624,172.99604
2023-09-26 17:29:00+00:00,172.845,172.9819,172.845,1174,172.98,117772,172.911446
2023-09-26 17:30:00+00:00,172.91,172.93,172.81,962,172.855,94426,172.879501
2023-09-26 17:31:00+00:00,172.95,172.99,172.885,941,172.91,60272,172.944372
2023-09-26 17:32:00+00:00,172.98,173.005,172.94,963,172.955,72477,172.960725
2023-09-26 17:33:00+00:00,172.9513,173.005,172.93,746,172.98,75399,172.973386
2023-09-26 17:34:00+00:00,172.885,172.96,172.88,617,172.96,49863,172.924144
2023-09-26 17:35:00+00:00,172.87,172.94,172.83,795,172.885,71243,172.894963
2023-09-26 17:36:00+00:00,172.8301,172.9047,172.82,658,172.86,66157,172.85702
2023-09-26 17:37:00+00:00,172.78,172.83,172.68,1547,172.83,123333,172.738658
2023-09-26 17:38:00+00:00,172.645,172.808,172.645,919,172.78,66820,172.706773
2023-09-26 17:39:00+00:00,172.69,172.73,172.6601,693,172.67,48538,172.696492
2023-09-26 17:40:00+00:00,172.61,172.71,172.6,955,172.69,67576,172.653919
2023-09-26 17:41:00+00:00,172.65,172.66,172.56,828,172.615,69763,172.61418
2023-09-26 17:42:00+00:00,172.65,172.68,172.61,744,172.65,57924,172.647331
2023-09-26 17:43:00+00:00,172.59,172.66,172.5801,808,172.64,73562,172.618601
2023-09-26 17:44:00+00:00,172.63,172.669,172.5623,764,172.6,74384,172.606166
2023-09-26 17:45:00+00:00,172.6301,172.6499,172.6046,604,172.6351,37606,172.624542
2023-09-26 17:46:00+00:00,172.61,172.66,172.56,823,172.64,85521,172.60883
2023-09-26 17:47:00+00:00,172.6415,172.7,172.6,818,172.62,74461,172.645021
2023-09-26 17:48:00+00:00,172.615,172.65,172.585,736,172.64,58098,172.617495
2023-09-26 17:49:00+00:00,172.59,172.65,172.56,786,172.6123,74064,172.598446
2023-09-26 17:50:00+00:00,172.745,172.77,172.57,1068,172.58,111170,172.675861
2023-09-26 17:51:00+00:00,172.895,172.92,172.6817,1588,172.74,165722,172.806366
2023-09-26 17:52:00+00:00,172.6953,172.91,172.69,1122,172.895,121014,172.811904
2023-09-26 17:53:00+00:00,172.73,172.77,172.67,963,172.6995,95242,172.71487
2023-09-26 17:54:00+00:00,172.795,172.8,172.72,629,172.74,58351,172.760964
2023-09-26 17:55:00+00:00,172.75,172.8,172.75,659,172.79,47296,172.779421
2023-09-26 17:56:00+00:00,172.755,172.81,172.73,840,172.76,80336,172.77934
2023-09-26 17:57:00+00:00,172.79,172.805,172.71,832,172.735,73329,172.757511
2023-09-26 17:58:00+00:00,172.76,172.81,172.755,691,172.8,67869,172.778978
2023-09-26 17:59:00+00:00,172.8,172.83,172.74,1086,172.765,113756,172.772588
2023-09-26 18:00:00+00:00,172.78,172.8,172.74,647,172.795,52401,172.777047
2023-09-26 18:01:00+00:00,172.64,172.78,172.63,933,172.78,89744,172.698612
2023-09-26 18:02:00+00:00,172.67,172.74,172.64,646,172.65,66670,172.679541
2023-09-26 18:03:00+00:00,172.7099,172.8048,172.67,763,172.675,72358,172.738764
2023-09-26 18:04:00+00:00,172.69,172.73,172.67,895,172.71,91449,172.707997
2023-09-26 18:05:00+00:00,172.8014,172.87,172.69,917,172.695,90689,172.779023
2023-09-26 18:06:00+00:00,172.75,172.8283,172.75,704,172.8,64559,172.795341
2023-09-26 18:07:00+00:00,172.74,172.77,172.7,832,172.75,76117,172.738536
2023-09-26 18:08:00+00:00,172.75,172.765,172.7214,886,172.74,58327,172.748695
2023-09-26 18:09:00+00:00,172.72,172.81,172.7014,710,172.745,56188,172.76127
2023-09-26 18:10:00+00:00,172.76,172.83,172.705,773,172.71,77153,172.768179
2023-09-26 18:11:00+00:00,172.72,172.77,172.72,570,172.77,39112,172.743076
2023-09-26 18:12:00+00:00,172.7001,172.7399,172.695,963,172.7299,100172,172.711784
2023-09-26 18:13:00+00:00,172.6179,172.715,172.5701,1101,172.705,115300,172.64916
2023-09-26 18:14:00+00:00,172.63,172.66,172.54,1236,172.61,128865,172.590846
2023-09-26 18:15:00+00:00,172.565,172.66,172.56,740,172.62,94675,172.610487
2023-09-26 18:16:00+00:00,172.66,172.67,172.565,1071,172.57,156119,172.625832
2023-09-26 18:17:00+00:00,172.59,172.665,172.57,684,172.665,54535,172.612831
2023-09-26 18:18:00+00:00,172.57,172.6,172.53,750,172.59,84337,172.566418
2023-09-26 18:19:00+00:00,172.4808,172.572,172.475,2622,172.572,236030,172.507934
2023-09-26 18:20:00+00:00,172.4796,172.5399,172.45,1037,172.48,110596,172.488109
2023-09-26 18:21:00+00:00,172.47,172.5,172.43,993,172.475,92700,172.468344
2023-09-26 18:22:00+00:00,172.56,172.565,172.475,1013,172.4799,93926,172.505623
2023-09-26 18:23:00+00:00,172.53,172.61,172.5,1868,172.565,203769,172.546378
2023-09-26 18:24:00+00:00,172.56,172.6299,172.51,947,172.535,94967,172.582298
2023-09-26 18:25:00+00:00,172.56,172.59,172.54,722,172.5599,63144,172.57191
2023-09-26 18:26:00+00:00,172.4834,172.5954,172.4834,749,172.57,63122,172.526936
2023-09-26 18:27:00+00:00,172.38,172.5053,172.37,1586,172.49,95068,172.439966
2023-09-26 18:28:00+00:00,172.325,172.38,172.29,1853,172.37,169598,172.324841
2023-09-26 18:29:00+00:00,172.305,172.33,172.22,1626,172.325,149975,172.274252
2023-09-26 18:30:00+00:00,172.225,172.31,172.21,1012,172.3,92995,172.278241
2023-09-26 18:31:00+00:00,172.345,172.41,172.22,1383,172.22,156380,172.312119
2023-09-26 18:32:00+00:00,172.34,172.39,172.26,1418,172.35,130529,172.302148
2023-09-26 18:33:00+00:00,172.37,172.44,172.3301,895,172.3301,107323,172.400601
2023-09-26 18:34:00+00:00,172.3601,172.42,172.35,742,172.38,62113,172.389705
2023-09-26 18:35:00+00:00,172.29,172.405,172.28,940,172.365,81185,172.33492
2023-09-26 18:36:00+00:00,172.2629,172.3,172.24,869,172.29,83145,172.266566
2023-09-26 18:37:00+00:00,172.3011,172.3488,172.24,901,172.2675,88008,172.290965
2023-09-26 18:38:00+00:00,172.31,172.35,172.31,622,172.31,59269,172.324675
2023-09-26 18:39:00+00:00,172.2411,172.305,172.19,1358,172.3041,117729,172.247549
2023-09-26 18:40:00+00:00,172.172,172.25,172.17,908,172.242,65537,172.22021
2023-09-26 18:41:00+00:00,172.275,172.3084,172.17,1134,172.172,125517,172.241285
2023-09-26 18:42:00+00:00,172.1895,172.28,172.16,1144,172.28,105497,172.204792
2023-09-26 18:43:00+00:00,172.095,172.198,172.095,1684,172.18,150219,172.148902
2023-09-26 18:44:00+00:00,172.145,172.17,172.09,904,172.095,87292,172.138133
2023-09-26 18:45:00+00:00,172.1301,172.18,172.11,847,172.14,78208,172.152758
2023-09-26 18:46:00+00:00,172.13,172.17,172.12,771,172.135,64752,172.146372
2023-09-26 18:47:00+00:00,172.12,172.23,172.11,1180,172.1305,105526,172.175559
2023-09-26 18:48:00+00:00,172.095,172.13,172.08,1163,172.125,118296,172.097217
2023-09-26 18:49:00+00:00,172.195,172.24,172.0938,1012,172.0988,96822,172.192737
2023-09-26 18:50:00+00:00,172.2289,172.24,172.18,1028,172.2,91941,172.209654
2023-09-26 18:51:00+00:00,172.1,172.225,172.08,1042,172.225,90786,172.146284
2023-09-26 18:52:00+00:00,172.15,172.185,172.06,1116,172.0909,102416,172.113288
2023-09-26 18:53:00+00:00,172.065,172.16,172.065,957,172.1499,87938,172.122751
2023-09-26 18:54:00+00:00,172.1,172.13,172.07,933,172.07,97654,172.106285
2023-09-26 18:55:00+00:00,172.2,172.205,172.03,1956,172.1,243255,172.093333
2023-09-26 18:56:00+00:00,172.0814,172.23,172.0728,1241,172.205,134435,172.153945
2023-09-26 18:57:00+00:00,172.079,172.115,172.07,864,172.085,74324,172.094564
2023-09-26 18:58:00+00:00,172.14,172.16,172.07,893,172.075,84362,172.121612
2023-09-26 18:59:00+00:00,172.26,172.27,172.1,1163,172.145,115195,172.210486
2023-09-26 19:00:00+00:00,172.195,172.265,172.18,925,172.2579,101518,172.224808
2023-09-26 19:01:00+00:00,172.2111,172.22,172.16,760,172.1961,69129,172.199749
2023-09-26 19:02:00+00:00,172.08,172.215,172.0601,1132,172.21,99861,172.156418
2023-09-26 19:03:00+00:00,172.2101,172.22,172.04,1254,172.09,141956,172.119135
2023-09-26 19:04:00+00:00,172.13,172.27,172.11,1003,172.22,110429,172.206539
2023-09-26 19:05:00+00:00,172.1,172.205,172.09,1157,172.125,121229,172.160904
2023-09-26 19:06:00+00:00,172.088,172.13,172.05,1353,172.1,118581,172.092985
2023-09-26 19:07:00+00:00,172.259,172.26,172.07,1260,172.08,107791,172.138957
2023-09-26 19:08:00+00:00,172.245,172.2577,172.18,1233,172.25,148793,172.217266
2023-09-26 19:09:00+00:00,172.305,172.32,172.2,1025,172.245,118651,172.24259
2023-09-26 19:10:00+00:00,172.2252,172.32,172.2,1180,172.3,111828,172.262594
2023-09-26 19:11:00+00:00,172.275,172.3,172.21,1245,172.22,123632,172.260698
2023-09-26 19:12:00+00:00,172.2685,172.29,172.24,1052,172.27,96095,172.259832
2023-09-26 19:13:00+00:00,172.23,172.35,172.21,1167,172.265,96124,172.292854
2023-09-26 19:14:00+00:00,172.105,172.22,172.09,1194,172.22,133036,172.133618
2023-09-26 19:15:00+00:00,172.05,172.14,172.03,1329,172.11,112072,172.080637
2023-09-26 19:16:00+00:00,171.93,172.08,171.91,9426,172.055,480142,171.992719
2023-09-26 19:17:00+00:00,171.8906,171.96,171.84,2090,171.93,226803,171.895333
2023-09-26 19:18:00+00:00,171.8599,171.94,171.82,1539,171.8962,129773,171.867855
2023-09-26 19:19:00+00:00,171.92,172.0,171.86,1487,171.86,134924,171.947886
2023-09-26 19:20:00+00:00,171.84,171.925,171.84,1495,171.925,175036,171.883687
2023-09-26 19:21:00+00:00,171.8,171.91,171.8,1768,171.845,149904,171.861805
2023-09-26 19:22:00+00:00,171.84,171.8799,171.8,1646,171.81,144460,171.834648
2023-09-26 19:23:00+00:00,171.785,171.8575,171.77,1483,171.83,130865,171.810926
2023-09-26 19:24:00+00:00,171.79,171.8009,171.71,1997,171.785,176032,171.756564
2023-09-26 19:25:00+00:00,171.6701,171.79,171.66,1661,171.79,126947,171.72956
2023-09-26 19:26:00+00:00,171.75,171.78,171.66,1732,171.6701,195000,171.700092
2023-09-26 19:27:00+00:00,171.705,171.74,171.67,1312,171.74,115766,171.700605
2023-09-26 19:28:00+00:00,171.77,171.84,171.705,1454,171.705,159830,171.793176
2023-09-26 19:29:00+00:00,171.74,171.7799,171.68,1260,171.765,115011,171.724428
2023-09-26 19:30:00+00:00,171.7868,171.86,171.735,1468,171.74,148048,171.798897
2023-09-26 19:31:00+00:00,171.835,171.89,171.79,1262,171.79,114888,171.837913
2023-09-26 19:32:00+00:00,171.8548,171.9087,171.8219,1492,171.84,118401,171.872073
2023-09-26 19:33:00+00:00,171.83,171.86,171.78,1219,171.85,92353,171.816287
2023-09-26 19:34:00+00:00,171.7574,171.825,171.72,1390,171.82,144562,171.757869
2023-09-26 19:35:00+00:00,171.77,171.81,171.74,1316,171.76,104393,171.76435
2023-09-26 19:36:00+00:00,171.94,171.9457,171.765,1367,171.77,129811,171.871833
2023-09-26 19:37:00+00:00,171.9485,172.0,171.9127,1496,171.9479,133873,171.96111
2023-09-26 19:38:00+00:00,171.99,172.03,171.93,1254,171.945,107159,171.989911
2023-09-26 19:39:00+00:00,172.06,172.0665,171.9915,1320,171.995,142209,172.02683
2023-09-26 19:40:00+00:00,172.0421,172.095,172.03,1541,172.06,153976,172.053239
2023-09-26 19:41:00+00:00,172.09,172.1,172.03,1425,172.0401,121654,172.061425
2023-09-26 19:42:00+00:00,172.075,172.12,172.05,1283,172.0908,103893,172.086406
2023-09-26 19:43:00+00:00,172.165,172.19,172.04,1982,172.075,220305,172.083884
2023-09-26 19:44:00+00:00,172.2676,172.28,172.13,1807,172.17,183732,172.227927
2023-09-26 19:45:00+00:00,172.2301,172.33,172.14,2196,172.265,216854,172.234328
2023-09-26 19:46:00+00:00,172.215,172.31,172.2,1832,172.235,166677,172.244282
2023-09-26 19:47:00+00:00,172.135,172.26,172.13,2110,172.215,190188,172.191814
2023-09-26 19:48:00+00:00,172.0818,172.16,172.0303,2596,172.13,205680,172.09276
2023-09-26 19:49:00+00:00,171.9632,172.085,171.95,2561,172.08,177874,172.025096
2023-09-26 19:50:00+00:00,171.91,172.005,171.81,3817,171.97,344728,171.915302
2023-09-26 19:51:00+00:00,171.99,172.005,171.895,2800,171.9,267626,171.965937
2023-09-26 19:52:00+00:00,172.03,172.05,171.96,2223,171.985,260440,172.009003
2023-09-26 19:53:00+00:00,171.9679,172.04,171.94,2258,172.03,207823,171.983789
2023-09-26 19:54:00+00:00,172.1,172.2175,171.925,5197,171.96,542768,172.075322
2023-09-26 19:55:00+00:00,172.135,172.215,172.032,5426,172.09,572930,172.127277
2023-09-26 19:56:00+00:00,172.19,172.225,172.13,3898,172.13,447874,172.181838
2023-09-26 19:57:00+00:00,172.12,172.21,172.11,3979,172.1975,447142,172.151311
2023-09-26 19:58:00+00:00,172.1116,172.16,172.1,4626,172.13,522489,172.135438
2023-09-26 19:59:00+00:00,171.9,172.31,171.89,12746,172.115,1964275,172.104456
2023-09-26 20:00:00+00:00,171.96,172.01,171.89,257,171.89,7470976,171.959974
2023-09-26 20:01:00+00:00,171.97,171.99,171.97,145,171.97,15902,171.965616
2023-09-26 20:02:00+00:00,171.96,171.987,171.96,110,171.96,1702793,171.960018
2023-09-26 20:03:00+00:00,171.98,171.99,171.96,69,171.96,1758,171.983323
2023-09-26 20:04:00+00:00,171.96,171.985,171.96,111,171.985,9560,171.962486
2023-09-26 20:05:00+00:00,171.92,171.97,171.92,96,171.97,307274,171.959731
2023-09-26 20:06:00+00:00,171.97,171.97,171.94,58,171.94,9084,171.957929
2023-09-26 20:07:00+00:00,172.04,172.0593,171.98,62,171.98,3118,172.008157
2023-09-26 20:08:00+00:00,172.08,172.08,171.96,78,172.01,28569,171.969933
2023-09-26 20:09:00+00:00,172.2,172.21,171.97,119,172.06,9968,172.135218
2023-09-26 20:10:00+00:00,172.25,172.29,172.18,84,172.18,15460,172.059966
2023-09-26 20:11:00+00:00,172.25,172.25,172.2,63,172.25,3152,172.233715
2023-09-26 20:12:00+00:00,172.25,172.25,172.21,50,172.21,1276,172.22469
2023-09-26 20:13:00+00:00,172.15,172.23,172.15,52,172.21,2482,172.160074
2023-09-26 20:14:00+00:00,172.15,172.15,172.11,76,172.13,3217,172.128709
2023-09-26 20:15:00+00:00,172.1,172.15,172.05,83,172.15,4910,172.11209
2023-09-26 20:16:00+00:00,172.11,172.13,172.1,49,172.13,959,172.120846
2023-09-26 20:17:00+00:00,172.14,172.14,172.1,35,172.14,550,172.129855
2023-09-26 20:18:00+00:00,172.08,172.1,172.08,48,172.1,1554,172.08404
2023-09-26 20:19:00+00:00,172.04,172.06,172.04,54,172.06,3734,172.047089
2023-09-26 20:20:00+00:00,172.12,172.12,171.96,40,172.05,48937,171.962742
2023-09-26 20:21:00+00:00,172.16,172.16,172.06,97,172.12,5029,172.14053
2023-09-26 20:22:00+00:00,172.15,172.15,172.15,50,172.15,94466,171.962588
2023-09-26 20:23:00+00:00,172.19,172.2,172.16,56,172.16,5000,172.181936
2023-09-26 20:24:00+00:00,172.16,172.1601,172.16,35,172.1601,1393,172.162634
2023-09-26 20:25:00+00:00,172.15,172.17,172.15,62,172.16,4948,172.164172
2023-09-26 20:26:00+00:00,172.16,172.17,172.16,26,172.17,778,172.167121
2023-09-26 20:27:00+00:00,172.16,172.17,172.16,44,172.17,5542,172.161059
2023-09-26 20:29:00+00:00,172.16,172.18,172.16,42,172.18,720,172.168728
2023-09-26 20:31:00+00:00,172.17,172.19,172.17,61,172.18,2991,172.185859
2023-09-26 20:32:00+00:00,172.16,172.18,172.16,50,172.18,1003,172.166925
2023-09-26 20:33:00+00:00,172.17,172.17,172.17,29,172.17,427,172.168837
2023-09-26 20:34:00+00:00,172.15,172.15,172.15,33,172.15,420,172.156143
2023-09-26 20:35:00+00:00,172.17,172.17,171.96,35,172.15,109968,171.962807
2023-09-26 20:36:00+00:00,172.17,172.17,172.17,32,172.17,676,172.168967
2023-09-26 20:37:00+00:00,172.16,172.19,172.16,23,172.19,567,172.176423
2023-09-26 20:39:00+00:00,172.2,172.2,172.1897,29,172.1897,1316,172.193606
2023-09-26 20:41:00+00:00,172.19,172.19,172.18,39,172.18,951,172.184769
2023-09-26 20:42:00+00:00,172.2,172.2,172.2,32,172.2,444,172.203119
2023-09-26 20:43:00+00:00,172.21,172.3,172.21,84,172.23,7628,172.262602
2023-09-26 20:44:00+00:00,172.21,172.24,172.2,33,172.2,1389,172.222333
2023-09-26 20:45:00+00:00,172.21,172.21,172.21,35,172.21,563,172.21384
2023-09-26 20:46:00+00:00,172.22,172.22,172.21,21,172.21,610,172.190216
2023-09-26 20:47:00+00:00,172.22,172.22,172.22,35,172.22,321,172.214512
2023-09-26 20:48:00+00:00,172.2,172.2,172.2,33,172.2,212,172.202288
2023-09-26 20:49:00+00:00,171.96,171.96,171.96,24,171.96,45805,171.960311
2023-09-26 20:50:00+00:00,172.2098,172.2098,172.2098,33,172.2098,729,172.203633
2023-09-26 20:51:00+00:00,172.21,172.21,172.21,28,172.21,435,172.209149
2023-09-26 20:52:00+00:00,172.2,172.21,172.2,47,172.21,969,172.204549
2023-09-26 20:54:00+00:00,172.2,172.2,172.2,22,172.2,593,172.196922
2023-09-26 20:55:00+00:00,172.1915,172.21,172.1825,50,172.2,3634,172.197245
2023-09-26 20:56:00+00:00,172.22,172.22,172.22,16,172.22,236,172.215466
2023-09-26 20:59:00+00:00,172.2,172.2,172.2,29,172.2,568,172.199424
2023-09-26 21:01:00+00:00,172.1995,172.1999,172.1995,31,172.1999,2160,172.199608
2023-09-26 21:02:00+00:00,172.16,172.19,172.16,53,172.19,745,172.175407
2023-09-26 21:04:00+00:00,172.17,172.17,172.17,20,172.17,856,172.170397
2023-09-26 21:05:00+00:00,172.13,172.16,172.13,77,172.16,2527,172.14388
2023-09-26 21:06:00+00:00,172.2,172.21,172.18,65,172.18,3626,172.190647
2023-09-26 21:07:00+00:00,172.1722,172.23,172.1722,59,172.2,8062,172.223834
2023-09-26 21:08:00+00:00,172.22,172.22,172.19,30,172.21,949,172.198567
2023-09-26 21:10:00+00:00,172.23,172.23,172.2,26,172.2,582,172.209837
2023-09-26 21:11:00+00:00,172.23,172.23,172.18,20,172.18,402,172.211882
2023-09-26 21:12:00+00:00,172.18,172.2,172.18,31,172.2,829,172.195947
2023-09-26 21:13:00+00:00,172.2099,172.2099,172.2099,17,172.2099,166,172.208946
2023-09-26 21:16:00+00:00,172.21,172.21,172.21,32,172.21,706,172.203562
2023-09-26 21:17:00+00:00,172.21,172.21,172.21,20,172.21,310,170.203387
2023-09-26 21:18:00+00:00,172.18,172.186,172.18,15,172.186,394,172.185918
2023-09-26 21:19:00+00:00,172.2,172.2,172.18,47,172.19,2326,172.186734
2023-09-26 21:20:00+00:00,172.18,172.2,172.18,27,172.2,14835,165.297255
2023-09-26 21:23:00+00:00,172.2,172.2,172.2,18,172.2,279,172.201894
2023-09-26 21:29:00+00:00,172.21,172.21,172.21,23,172.21,1025,172.209505
2023-09-26 21:30:00+00:00,172.2,172.2,172.2,19,172.2,433,172.204238
2023-09-26 21:33:00+00:00,172.2096,172.2096,172.2096,15,172.2096,323,172.2131
2023-09-26 21:35:00+00:00,172.0,172.2,171.99,262,172.2,35318,172.032406
2023-09-26 21:36:00+00:00,172.05,172.1,172.05,24,172.1,1279,172.094629
2023-09-26 21:37:00+00:00,172.1,172.1,172.1,28,172.1,932,172.096336
2023-09-26 21:38:00+00:00,172.1016,172.1016,172.09,19,172.09,1865,172.097746
2023-09-26 21:39:00+00:00,172.15,172.15,172.15,22,172.15,202,172.133713
2023-09-26 21:40:00+00:00,172.14,172.14,172.14,29,172.14,1219,172.140041
2023-09-26 21:41:00+00:00,172.1,172.12,172.1,22,172.12,628,172.114201
2023-09-26 21:42:00+00:00,172.12,172.12,172.1,16,172.1,448,172.104308
2023-09-26 21:45:00+00:00,172.1185,172.1185,172.1185,19,172.1185,173,172.101049
2023-09-26 21:46:00+00:00,172.12,172.12,172.12,22,172.12,327,172.11445
2023-09-26 21:47:00+00:00,172.11,172.11,172.11,19,172.11,171,172.101725
2023-09-26 21:48:00+00:00,172.07,172.07,172.07,34,172.07,737,172.072809
2023-09-26 21:50:00+00:00,172.07,172.07,172.07,30,172.07,498,172.069046
2023-09-26 21:55:00+00:00,172.12,172.12,172.12,26,172.12,584,172.113185
2023-09-26 21:58:00+00:00,172.11,172.11,172.11,23,172.11,824,172.115049
2023-09-26 21:59:00+00:00,172.11,172.11,172.11,27,172.11,975,172.113735
2023-09-26 22:00:00+00:00,172.17,172.17,172.11,27,172.11,2644,172.1208
2023-09-26 22:01:00+00:00,172.13,172.13,172.13,8,172.13,273,172.139689
2023-09-26 22:03:00+00:00,172.13,172.13,172.13,15,172.13,344,172.133866
2023-09-26 22:04:00+00:00,172.1,172.11,172.1,35,172.11,610,172.109311
2023-09-26 22:06:00+00:00,172.0,172.07,172.0,148,172.07,6936,172.028976
2023-09-26 22:07:00+00:00,172.08,172.08,172.06,34,172.06,792,172.086086
2023-09-26 22:09:00+00:00,172.0101,172.0101,172.0101,22,172.0101,333,172.017185
2023-09-26 22:10:00+00:00,172.08,172.08,172.08,25,172.08,790,172.076703
2023-09-26 22:12:00+00:00,172.05,172.06,172.05,23,172.06,608,172.054745
2023-09-26 22:13:00+00:00,172.1,172.1,172.07,34,172.07,2001,172.090365
2023-09-26 22:19:00+00:00,172.06,172.06,172.06,29,172.06,510,172.054314
2023-09-26 22:20:00+00:00,172.0243,172.0243,172.0243,15,172.0243,256,172.028809
2023-09-26 22:21:00+00:00,172.05,172.05,172.05,23,172.05,908,172.049679
2023-09-26 22:27:00+00:00,172.07,172.07,172.07,24,172.07,277,172.062816
2023-09-26 22:29:00+00:00,172.0687,172.0687,172.0687,19,172.0687,349,172.067393
2023-09-26 22:30:00+00:00,172.1,172.1,172.07,26,172.07,1045,172.087234
2023-09-26 22:31:00+00:00,172.15,172.15,172.1,36,172.1,2705,172.124506
2023-09-26 22:32:00+00:00,172.19,172.19,172.1009,30,172.1009,3733,172.152035
2023-09-26 22:33:00+00:00,172.19,172.19,172.1899,15,172.1899,3154,172.189299
2023-09-26 22:34:00+00:00,172.18,172.19,172.17,25,172.17,3360,172.179388
2023-09-26 22:36:00+00:00,172.12,172.13,172.12,23,172.13,922,172.122082
2023-09-26 22:37:00+00:00,172.0934,172.11,172.0934,21,172.1,1569,172.105904
2023-09-26 22:41:00+00:00,172.1,172.1,172.06,22,172.06,1471,172.069647
2023-09-26 22:43:00+00:00,172.1,172.1,172.1,10,172.1,175,172.102
2023-09-26 22:44:00+00:00,172.1322,172.1322,172.07,12,172.0703,332,172.089789
2023-09-26 22:45:00+00:00,172.14,172.14,172.14,24,172.14,261,172.11087
2023-09-26 22:48:00+00:00,172.1,172.1,172.1,18,172.1,332,172.09863
2023-09-26 22:49:00+00:00,172.05,172.05,172.05,12,172.05,345,172.056928
2023-09-26 22:51:00+00:00,172.05,172.07,172.05,19,172.07,783,172.059246
2023-09-26 22:52:00+00:00,172.07,172.07,172.07,18,172.07,816,172.069332
2023-09-26 22:53:00+00:00,172.05,172.05,172.05,20,172.05,244,172.057582
2023-09-26 22:54:00+00:00,172.0604,172.0604,172.04,20,172.04,424,172.054141
2023-09-26 22:55:00+00:00,172.05,172.07,172.05,25,172.07,1255,172.060363
2023-09-26 22:57:00+00:00,172.05,172.05,172.05,23,172.05,799,172.051871
2023-09-26 22:58:00+00:00,172.02,172.04,172.02,44,172.04,1220,172.030508
2023-09-26 23:03:00+00:00,172.06,172.06,172.06,9,172.06,303,172.061386
2023-09-26 23:05:00+00:00,172.07,172.07,172.07,10,172.07,726,172.070558
2023-09-26 23:06:00+00:00,172.04,172.04,172.04,27,172.04,293,172.04442
2023-09-26 23:11:00+00:00,172.06,172.06,172.06,16,172.06,465,172.073538
2023-09-26 23:12:00+00:00,172.1,172.1,172.1,22,172.1,768,172.094525
2023-09-26 23:13:00+00:00,172.1,172.15,172.1,24,172.14,4882,172.10511
2023-09-26 23:14:00+00:00,172.0401,172.15,172.0401,23,172.06,1085,172.075417
2023-09-26 23:15:00+00:00,172.19,172.19,172.1,32,172.15,1828,172.158772
2023-09-26 23:16:00+00:00,172.28,172.28,172.18,38,172.18,1509,172.241865
2023-09-26 23:17:00+00:00,172.28,172.28,172.26,31,172.27,1259,172.271398
2023-09-26 23:18:00+00:00,172.28,172.28,172.28,15,172.28,353,172.270779
2023-09-26 23:23:00+00:00,172.11,172.11,172.11,20,172.11,477,172.148428
2023-09-26 23:25:00+00:00,172.17,172.18,172.11,30,172.12,1600,172.134556
2023-09-26 23:27:00+00:00,172.13,172.13,172.13,24,172.13,408,172.148125
2023-09-26 23:28:00+00:00,172.19,172.19,172.17,22,172.17,583,172.175918
2023-09-26 23:33:00+00:00,172.23,172.28,172.23,20,172.28,761,172.245506
2023-09-26 23:35:00+00:00,172.26,172.26,172.21,14,172.21,711,172.229093
2023-09-26 23:37:00+00:00,172.22,172.22,172.22,15,172.22,1041,172.221955
2023-09-26 23:38:00+00:00,172.32,172.32,172.28,25,172.28,524,172.288989
2023-09-26 23:40:00+00:00,172.29,172.29,172.29,13,172.29,225,172.2854
2023-09-26 23:42:00+00:00,172.25,172.25,172.25,13,172.25,141,172.248369
2023-09-26 23:43:00+00:00,172.2,172.2,172.2,23,172.2,503,172.212624
2023-09-26 23:45:00+00:00,172.2499,172.2499,172.2499,26,172.2499,336,172.222098
2023-09-26 23:46:00+00:00,172.29,172.29,172.25,24,172.25,868,172.257702
2023-09-26 23:47:00+00:00,172.29,172.29,172.21,18,172.23,859,172.228155
2023-09-26 23:49:00+00:00,172.29,172.29,172.28,20,172.28,516,172.281105
2023-09-26 23:50:00+00:00,172.25,172.25,172.25,12,172.25,176,172.259233
2023-09-26 23:52:00+00:00,172.25,172.26,172.25,21,172.26,603,172.260688
2023-09-26 23:53:00+00:00,172.21,172.21,172.21,21,172.21,424,172.218998
2023-09-26 23:54:00+00:00,172.17,172.25,172.16,39,172.24,2557,172.213715
2023-09-26 23:55:00+00:00,172.24,172.24,172.17,52,172.2,2947,172.208897
2023-09-26 23:56:00+00:00,172.25,172.25,172.25,34,172.25,3049,172.247965
2023-09-26 23:57:00+00:00,172.25,172.25,172.2499,18,172.25,670,172.250963
2023-09-26 23:58:00+00:00,172.3,172.3,172.3,43,172.3,2556,172.296862
2023-09-26 23:59:00+00:00,172.36,172.4,172.3,48,172.3,4993,172.353974
