timestamp,close,high,low,trade_count,open,volume,vwap
2023-10-18 08:06:00+00:00,176.66,176.66,176.66,16,176.66,1023,176.660997
2023-10-18 08:12:00+00:00,176.64,176.65,176.64,18,176.65,865,176.646578
2023-10-18 08:28:00+00:00,176.62,176.62,176.62,5,176.62,406,176.619409
2023-10-18 08:34:00+00:00,176.6,176.6,176.6,20,176.6,1272,176.600267
2023-10-18 08:48:00+00:00,176.72,176.72,176.72,18,176.72,1117,176.706526
2023-10-18 08:49:00+00:00,176.73,176.73,176.72,27,176.72,1806,176.730587
2023-10-18 09:04:00+00:00,176.61,176.61,176.61,9,176.61,654,176.613089
2023-10-18 09:13:00+00:00,176.73,176.73,176.7,8,176.7,576,176.711667
2023-10-18 09:24:00+00:00,176.6,176.61,176.6,32,176.6,1224,176.60781
2023-10-18 09:28:00+00:00,176.38,176.43,176.38,43,176.43,2228,176.421248
2023-10-18 09:29:00+00:00,176.38,176.38,176.38,5,176.38,231,176.383247
2023-10-18 09:30:00+00:00,176.32,176.38,176.32,37,176.38,783,176.343091
2023-10-18 09:31:00+00:00,176.18,176.25,176.18,51,176.25,5239,176.190485
2023-10-18 09:32:00+00:00,176.13,176.13,176.13,11,176.13,621,176.13351
2023-10-18 09:33:00+00:00,176.1,176.13,176.1,19,176.13,475,176.1004
2023-10-18 09:34:00+00:00,175.8,176.0,175.8,108,176.0,3490,175.932155
2023-10-18 09:37:00+00:00,176.11,176.11,176.11,19,176.11,897,176.100368
2023-10-18 09:39:00+00:00,176.0,176.02,176.0,8,176.02,416,176.00899
2023-10-18 09:40:00+00:00,175.81,175.91,175.81,26,175.91,670,175.892045
2023-10-18 09:42:00+00:00,175.83,175.83,175.83,6,175.83,220,175.837682
2023-10-18 09:44:00+00:00,175.89,175.9,175.89,15,175.9,902,175.898891
2023-10-18 09:45:00+00:00,175.9,175.9,175.9,11,175.9,1723,175.899692
2023-10-18 09:46:00+00:00,175.89,175.89,175.89,6,175.89,377,175.89252
2023-10-18 09:47:00+00:00,175.9,175.9,175.9,10,175.9,232,175.904224
2023-10-18 09:50:00+00:00,175.93,175.93,175.93,7,175.93,253,175.928538
2023-10-18 09:54:00+00:00,176.04,176.04,176.04,3,176.04,152,176.04
2023-10-18 09:59:00+00:00,176.02,176.02,176.02,5,176.02,302,176.020199
2023-10-18 10:00:00+00:00,176.1,176.1,176.1,32,176.1,1201,176.076436
2023-10-18 10:02:00+00:00,176.08,176.08,176.08,12,176.08,316,176.055981
2023-10-18 10:03:00+00:00,176.1,176.1,176.1,29,176.1,788,176.125901
2023-10-18 10:06:00+00:00,176.12,176.12,176.12,4,176.12,520,176.125769
2023-10-18 10:12:00+00:00,176.12,176.12,176.12,10,176.12,691,176.120072
2023-10-18 10:17:00+00:00,176.1,176.1,176.1,2,176.1,565,176.1
2023-10-18 10:21:00+00:00,176.02,176.03,176.02,26,176.03,1258,176.027734
2023-10-18 10:23:00+00:00,176.02,176.02,176.02,25,176.02,2229,176.02118
2023-10-18 10:27:00+00:00,175.97,176.01,175.97,46,176.01,1549,175.989839
2023-10-18 10:32:00+00:00,175.95,175.95,175.95,24,175.95,2818,175.948953
2023-10-18 10:39:00+00:00,175.9,175.9,175.9,35,175.9,1376,175.900451
2023-10-18 10:40:00+00:00,175.82,175.82,175.82,53,175.82,1782,175.837918
2023-10-18 10:41:00+00:00,175.89,175.89,175.89,25,175.89,1300,175.867646
2023-10-18 10:42:00+00:00,175.85,175.85,175.85,3,175.85,349,175.850315
2023-10-18 10:43:00+00:00,175.82,175.82,175.82,13,175.82,501,175.850798
2023-10-18 10:46:00+00:00,175.9,175.9,175.89,12,175.89,2180,175.899275
2023-10-18 10:48:00+00:00,175.8,175.82,175.8,68,175.82,1405,175.776285
2023-10-18 10:49:00+00:00,175.7,175.7,175.7,4,175.7,277,175.70083
2023-10-18 10:51:00+00:00,175.79,175.79,175.79,21,175.79,548,175.783047
2023-10-18 10:54:00+00:00,175.77,175.78,175.77,17,175.78,718,175.7789
2023-10-18 10:57:00+00:00,175.84,175.84,175.83,13,175.84,2153,175.839382
2023-10-18 10:58:00+00:00,175.84,175.84,175.83,11,175.83,925,175.838227
2023-10-18 11:00:00+00:00,175.85,175.99,175.84,148,175.98,7182,175.907439
2023-10-18 11:01:00+00:00,175.85,175.85,175.78,54,175.8,3191,175.835873
2023-10-18 11:02:00+00:00,175.94,175.94,175.94,23,175.94,809,175.919938
2023-10-18 11:04:00+00:00,176.01,176.01,175.99,52,175.99,3183,176.000848
2023-10-18 11:05:00+00:00,176.01,176.01,176.01,13,176.01,714,176.008459
2023-10-18 11:08:00+00:00,176.07,176.07,176.06,16,176.07,1124,176.070418
2023-10-18 11:09:00+00:00,176.0,176.1,175.99,55,176.02,2862,176.03282
2023-10-18 11:10:00+00:00,175.99,176.0,175.99,17,176.0,992,176.000958
2023-10-18 11:11:00+00:00,175.95,175.99,175.95,20,175.99,1588,175.975586
2023-10-18 11:12:00+00:00,175.92,176.0,175.92,29,176.0,3128,175.928955
2023-10-18 11:13:00+00:00,175.88,175.92,175.88,9,175.92,1197,175.888989
2023-10-18 11:14:00+00:00,175.84,175.84,175.84,25,175.84,747,175.855422
2023-10-18 11:16:00+00:00,175.88,175.88,175.88,10,175.88,989,175.88456
2023-10-18 11:18:00+00:00,175.86,175.86,175.86,15,175.86,300,175.873367
2023-10-18 11:20:00+00:00,175.87,175.87,175.87,7,175.87,241,175.874855
2023-10-18 11:21:00+00:00,175.76,175.84,175.75,73,175.84,5308,175.796784
2023-10-18 11:22:00+00:00,175.8,175.8,175.8,15,175.8,427,175.777728
2023-10-18 11:23:00+00:00,175.77,175.77,175.77,5,175.77,190,175.775263
2023-10-18 11:24:00+00:00,175.71,175.77,175.71,44,175.77,3764,175.723464
2023-10-18 11:25:00+00:00,175.74,175.74,175.74,14,175.74,586,175.766911
2023-10-18 11:26:00+00:00,175.8,175.8,175.8,18,175.8,395,175.772253
2023-10-18 11:29:00+00:00,175.88,175.88,175.82,17,175.82,1034,175.835106
2023-10-18 11:30:00+00:00,175.8,175.85,175.8,22,175.85,931,175.830816
2023-10-18 11:31:00+00:00,175.79,175.8,175.79,32,175.8,2301,175.795463
2023-10-18 11:32:00+00:00,175.8,175.8,175.8,16,175.8,752,175.797593
2023-10-18 11:33:00+00:00,175.74,175.8,175.74,73,175.8,7194,175.791482
2023-10-18 11:34:00+00:00,175.79,175.79,175.78,44,175.78,2722,175.782439
2023-10-18 11:36:00+00:00,175.8,175.8,175.79,27,175.8,2247,175.795065
2023-10-18 11:37:00+00:00,175.76,175.8,175.76,39,175.8,1515,175.775657
2023-10-18 11:38:00+00:00,175.71,175.8,175.71,62,175.78,4460,175.757522
2023-10-18 11:40:00+00:00,175.69,175.69,175.69,21,175.69,425,175.716706
2023-10-18 11:41:00+00:00,175.76,175.76,175.76,18,175.76,1156,175.750026
2023-10-18 11:43:00+00:00,175.65,175.65,175.65,60,175.65,1171,175.65661
2023-10-18 11:44:00+00:00,175.6,175.61,175.6,70,175.61,1555,175.599801
2023-10-18 11:45:00+00:00,175.65,175.65,175.65,69,175.65,4064,175.642244
2023-10-18 11:46:00+00:00,175.61,175.61,175.61,5,175.61,241,175.628548
2023-10-18 11:47:00+00:00,175.66,175.66,175.66,12,175.66,756,175.641217
2023-10-18 11:48:00+00:00,175.55,175.55,175.55,64,175.55,1450,175.598862
2023-10-18 11:49:00+00:00,175.45,175.52,175.45,130,175.52,5332,175.501896
2023-10-18 11:50:00+00:00,175.5,175.5,175.45,22,175.45,686,175.508455
2023-10-18 11:51:00+00:00,175.58,175.58,175.58,5,175.58,250,175.5748
2023-10-18 11:52:00+00:00,175.58,175.58,175.58,8,175.58,181,175.586906
2023-10-18 11:53:00+00:00,175.61,175.61,175.61,5,175.61,257,175.618872
2023-10-18 12:00:00+00:00,175.61,176.05,175.47,485,175.99,27107,175.733545
2023-10-18 12:01:00+00:00,176.76,176.78,175.61,855,175.61,6015,176.205452
2023-10-18 12:02:00+00:00,175.5,176.8,175.5,335,175.66,8797,175.893026
2023-10-18 12:03:00+00:00,175.5861,175.5861,175.45,76,175.5,4174,175.476523
2023-10-18 12:04:00+00:00,175.41,175.5,175.41,70,175.5,1682,175.453838
2023-10-18 12:05:00+00:00,175.49,175.49,175.46,36,175.46,1262,175.477718
2023-10-18 12:06:00+00:00,175.48,175.49,175.48,23,175.49,436,175.480883
2023-10-18 12:07:00+00:00,175.64,175.64,175.49,90,175.49,3877,175.575348
2023-10-18 12:08:00+00:00,175.77,175.77,175.63,50,175.63,2252,175.662882
2023-10-18 12:09:00+00:00,175.78,175.83,175.77,77,175.77,4725,175.793372
2023-10-18 12:10:00+00:00,175.74,175.8,175.74,27,175.8,1246,175.762163
2023-10-18 12:11:00+00:00,175.8,175.8,175.73,30,175.73,2989,175.781299
2023-10-18 12:12:00+00:00,175.7,175.8,175.7,34,175.8,1450,175.74293
2023-10-18 12:13:00+00:00,175.69,175.73,175.69,30,175.7,3206,175.702001
2023-10-18 12:14:00+00:00,175.69,175.69,175.69,24,175.69,675,175.68403
2023-10-18 12:16:00+00:00,175.6575,175.7,175.6575,23,175.7,454,175.706762
2023-10-18 12:19:00+00:00,175.8,175.8,175.75,33,175.75,1569,175.764446
2023-10-18 12:20:00+00:00,175.75,175.75,175.75,29,175.75,648,175.752477
2023-10-18 12:21:00+00:00,175.8,175.8,175.8,44,175.8,3236,175.799147
2023-10-18 12:22:00+00:00,175.8,175.8,175.8,26,175.8,642,175.799206
2023-10-18 12:23:00+00:00,175.8,175.8,175.8,45,175.8,2031,175.792934
2023-10-18 12:24:00+00:00,175.75,175.75,175.75,31,175.75,565,175.762935
2023-10-18 12:25:00+00:00,175.8,175.8,175.8,27,175.8,755,175.79015
2023-10-18 12:26:00+00:00,175.75,175.8,175.75,33,175.75,3309,175.773242
2023-10-18 12:27:00+00:00,175.76,175.76,175.76,16,175.76,329,175.76193
2023-10-18 12:28:00+00:00,175.77,175.77,175.77,22,175.77,199,175.765125
2023-10-18 12:29:00+00:00,175.75,175.75,175.75,52,175.75,4142,175.749444
2023-10-18 12:30:00+00:00,175.77,175.78,175.76,42,175.76,1552,175.770661
2023-10-18 12:31:00+00:00,175.8,175.8,175.79,52,175.8,2895,175.796444
2023-10-18 12:32:00+00:00,175.75,175.77,175.75,51,175.75,3667,175.752758
2023-10-18 12:33:00+00:00,175.79,175.79,175.75,55,175.75,3847,175.764427
2023-10-18 12:34:00+00:00,175.7,175.7,175.7,16,175.7,1047,175.700888
2023-10-18 12:35:00+00:00,175.7985,175.7985,175.7,37,175.7,4545,175.703879
2023-10-18 12:36:00+00:00,175.8,175.8,175.7,27,175.7,1783,175.708791
2023-10-18 12:37:00+00:00,175.8,175.8,175.78,45,175.78,2197,175.780817
2023-10-18 12:39:00+00:00,175.8,175.8,175.7,32,175.71,1392,175.746677
2023-10-18 12:40:00+00:00,175.74,175.75,175.74,54,175.75,4044,175.746598
2023-10-18 12:41:00+00:00,175.73,175.73,175.7,58,175.73,3183,175.711872
2023-10-18 12:42:00+00:00,175.75,175.75,175.75,32,175.75,1167,175.719717
2023-10-18 12:43:00+00:00,175.72,175.72,175.65,31,175.65,1347,175.667806
2023-10-18 12:45:00+00:00,175.65,175.67,175.65,46,175.65,4380,175.652598
2023-10-18 12:46:00+00:00,175.65,175.65,175.65,26,175.65,1215,175.652432
2023-10-18 12:47:00+00:00,175.65,175.65,175.65,18,175.65,254,175.651378
2023-10-18 12:48:00+00:00,175.7,175.7,175.65,45,175.65,1552,175.688421
2023-10-18 12:49:00+00:00,175.69,175.69,175.69,43,175.69,1391,175.685917
2023-10-18 12:50:00+00:00,175.65,175.66,175.65,36,175.66,749,175.66107
2023-10-18 12:51:00+00:00,175.65,175.65,175.65,42,175.65,949,175.653351
2023-10-18 12:52:00+00:00,175.6,175.65,175.6,47,175.64,4558,175.612804
2023-10-18 12:53:00+00:00,175.6,175.65,175.6,63,175.61,4753,175.625808
2023-10-18 12:54:00+00:00,175.6,175.605,175.6,43,175.6,2337,175.602516
2023-10-18 12:55:00+00:00,175.6,175.65,175.6,44,175.64,1586,175.638762
2023-10-18 12:56:00+00:00,175.7,175.73,175.66,103,175.7,5141,175.70039
2023-10-18 12:57:00+00:00,175.6,175.75,175.6,275,175.7,50476,175.734124
2023-10-18 12:58:00+00:00,175.72,175.75,175.69,91,175.7,6164,175.72922
2023-10-18 12:59:00+00:00,175.66,175.72,175.64,52,175.72,1982,175.687558
2023-10-18 13:00:00+00:00,175.66,175.66,175.66,45,175.66,1614,175.655359
2023-10-18 13:01:00+00:00,175.65,175.65,175.65,56,175.65,1828,175.653362
2023-10-18 13:03:00+00:00,175.75,175.75,175.75,45,175.75,1361,175.732864
2023-10-18 13:04:00+00:00,175.73,175.75,175.73,62,175.75,4403,175.742539
2023-10-18 13:05:00+00:00,175.75,175.75,175.75,40,175.75,2151,175.747961
2023-10-18 13:06:00+00:00,175.75,175.75,175.73,66,175.75,6992,175.749146
2023-10-18 13:07:00+00:00,175.71,175.7499,175.7,51,175.7499,3497,175.709631
2023-10-18 13:08:00+00:00,175.72,175.73,175.7,32,175.7,3492,175.702245
2023-10-18 13:10:00+00:00,175.73,175.73,175.73,34,175.73,1057,175.731254
2023-10-18 13:11:00+00:00,175.7,175.7,175.7,31,175.7,393,175.718706
2023-10-18 13:12:00+00:00,175.7,175.71,175.7,57,175.71,1889,175.703507
2023-10-18 13:13:00+00:00,175.71,175.71,175.7,53,175.7,7814,175.701525
2023-10-18 13:14:00+00:00,175.73,175.74,175.68,58,175.71,3598,175.70721
2023-10-18 13:15:00+00:00,175.59,175.7,175.59,83,175.7,5352,175.600074
2023-10-18 13:16:00+00:00,175.55,175.6,175.55,67,175.6,4287,175.556419
2023-10-18 13:17:00+00:00,175.55,175.57,175.55,39,175.55,1154,175.556846
2023-10-18 13:18:00+00:00,175.63,175.63,175.56,64,175.58,7439,175.598216
2023-10-18 13:19:00+00:00,175.69,175.69,175.64,28,175.64,1560,175.673272
2023-10-18 13:20:00+00:00,175.69,175.69,175.65,87,175.65,4352,175.667904
2023-10-18 13:21:00+00:00,175.69,175.69,175.66,60,175.66,4064,175.667518
2023-10-18 13:22:00+00:00,175.71,175.7199,175.71,38,175.7199,814,175.707893
2023-10-18 13:23:00+00:00,175.66,175.72,175.66,99,175.72,7663,175.686547
2023-10-18 13:24:00+00:00,175.65,175.65,175.6,59,175.6,3507,175.631876
2023-10-18 13:25:00+00:00,175.38,175.65,175.35,453,175.65,27837,175.493721
2023-10-18 13:26:00+00:00,175.45,175.54,175.35,216,175.36,26195,175.440187
2023-10-18 13:27:00+00:00,175.62,175.66,175.35,215,175.37,14393,175.540516
2023-10-18 13:28:00+00:00,175.4,175.52,175.4,183,175.52,14382,175.469424
2023-10-18 13:29:00+00:00,175.59,175.59,175.35,190,175.45,24418,175.415936
2023-10-18 13:30:00+00:00,175.65,175.76,175.42,6602,175.57,1025713,175.598135
2023-10-18 13:31:00+00:00,175.568,175.75,175.523,1922,175.63,211936,175.673461
2023-10-18 13:32:00+00:00,175.8,175.85,175.577,2190,175.577,213852,175.725179
2023-10-18 13:33:00+00:00,176.19,176.23,175.7,2758,175.81,333028,175.983704
2023-10-18 13:34:00+00:00,176.41,176.475,176.14,2122,176.19,205545,176.317558
2023-10-18 13:35:00+00:00,176.45,176.65,176.37,2456,176.41,219930,176.499343
2023-10-18 13:36:00+00:00,176.37,176.485,176.22,2375,176.44,244238,176.353507
2023-10-18 13:37:00+00:00,176.06,176.39,175.98,2179,176.36,231605,176.133151
2023-10-18 13:38:00+00:00,176.28,176.29,176.0612,1518,176.07,149401,176.16856
2023-10-18 13:39:00+00:00,176.1891,176.451,176.09,2067,176.31,207786,176.321858
2023-10-18 13:40:00+00:00,176.265,176.37,176.0,2062,176.185,212256,176.148171
2023-10-18 13:41:00+00:00,176.41,176.52,176.22,1469,176.27,167280,176.39888
2023-10-18 13:42:00+00:00,176.2199,176.41,176.1925,1483,176.4,158585,176.281617
2023-10-18 13:43:00+00:00,176.085,176.28,176.08,2258,176.2,219937,176.203509
2023-10-18 13:44:00+00:00,175.905,176.24,175.89,1646,176.07,137677,176.053582
2023-10-18 13:45:00+00:00,176.0,176.04,175.69,2300,175.905,182330,175.838138
2023-10-18 13:46:00+00:00,176.17,176.235,175.97,3084,175.99,132368,176.138027
2023-10-18 13:47:00+00:00,176.355,176.37,176.105,3384,176.16,155238,176.237182
2023-10-18 13:48:00+00:00,176.175,176.37,176.11,3674,176.35,166107,176.250773
2023-10-18 13:49:00+00:00,176.0,176.17,175.97,3912,176.17,139843,176.062386
2023-10-18 13:50:00+00:00,176.02,176.12,175.98,3919,176.03,139713,176.049647
2023-10-18 13:51:00+00:00,175.95,176.1,175.88,3734,176.02,141890,175.966761
2023-10-18 13:52:00+00:00,176.315,176.375,175.96,3946,175.96,167855,176.204486
2023-10-18 13:53:00+00:00,176.34,176.46,176.31,3619,176.32,177528,176.38736
2023-10-18 13:54:00+00:00,176.5396,176.58,176.29,3663,176.355,201799,176.461733
2023-10-18 13:55:00+00:00,176.5,176.58,176.43,3510,176.535,198625,176.523296
2023-10-18 13:56:00+00:00,176.42,176.5066,176.36,3205,176.5,143931,176.439199
2023-10-18 13:57:00+00:00,176.5,176.535,176.4082,2945,176.42,142624,176.483548
2023-10-18 13:58:00+00:00,176.52,176.538,176.42,2664,176.5,99930,176.49069
2023-10-18 13:59:00+00:00,176.58,176.615,176.46,3284,176.525,169233,176.531522
2023-10-18 14:00:00+00:00,176.58,176.71,176.42,4273,176.585,201740,176.598301
2023-10-18 14:01:00+00:00,176.32,176.6,176.15,4509,176.58,228403,176.347858
2023-10-18 14:02:00+00:00,176.49,176.54,176.33,3690,176.33,119326,176.469528
2023-10-18 14:03:00+00:00,176.57,176.6101,176.4201,3683,176.48,117434,176.540516
2023-10-18 14:04:00+00:00,176.65,176.7362,176.5501,3977,176.5874,154701,176.655866
2023-10-18 14:05:00+00:00,176.71,176.72,176.59,3866,176.65,143443,176.670458
2023-10-18 14:06:00+00:00,176.875,176.89,176.595,4190,176.71,204082,176.751374
2023-10-18 14:07:00+00:00,176.81,177.0272,176.79,4244,176.88,236660,176.940042
2023-10-18 14:08:00+00:00,176.8914,176.91,176.68,3133,176.83,98860,176.790308
2023-10-18 14:09:00+00:00,176.8,176.92,176.78,2697,176.89,69871,176.844736
2023-10-18 14:10:00+00:00,176.74,176.85,176.71,2634,176.81,94106,176.784272
2023-10-18 14:11:00+00:00,176.805,176.805,176.625,2775,176.745,122984,176.732725
2023-10-18 14:12:00+00:00,176.765,176.8496,176.72,2898,176.8006,84762,176.786206
2023-10-18 14:13:00+00:00,176.8901,176.945,176.741,3333,176.77,117195,176.862576
2023-10-18 14:14:00+00:00,176.905,176.94,176.84,3300,176.88,98383,176.879294
2023-10-18 14:15:00+00:00,176.775,176.94,176.745,3982,176.9,203918,176.847062
2023-10-18 14:16:00+00:00,176.91,176.93,176.77,3286,176.775,95075,176.861161
2023-10-18 14:17:00+00:00,177.05,177.08,176.87,3678,176.9,158332,177.006162
2023-10-18 14:18:00+00:00,177.175,177.175,176.93,3476,177.05,142272,177.071238
2023-10-18 14:19:00+00:00,177.3509,177.42,177.17,4896,177.17,343347,177.306444
2023-10-18 14:20:00+00:00,177.415,177.53,177.33,4490,177.355,261660,177.441537
2023-10-18 14:21:00+00:00,177.46,177.46,177.275,4097,177.41,208143,177.363089
2023-10-18 14:22:00+00:00,177.5286,177.53,177.45,3531,177.47,166500,177.489708
2023-10-18 14:23:00+00:00,177.52,177.575,177.41,3544,177.53,194427,177.511343
2023-10-18 14:24:00+00:00,177.31,177.53,177.31,3530,177.53,158349,177.430556
2023-10-18 14:25:00+00:00,177.07,177.3314,176.97,4292,177.32,243152,177.11931
2023-10-18 14:26:00+00:00,176.84,177.0805,176.81,4012,177.08,186389,176.952759
2023-10-18 14:27:00+00:00,176.9,177.0,176.835,3360,176.835,128168,176.924219
2023-10-18 14:28:00+00:00,176.7882,176.9042,176.76,3245,176.9,123023,176.835828
2023-10-18 14:29:00+00:00,176.62,176.8,176.59,3315,176.79,147919,176.715563
2023-10-18 14:30:00+00:00,176.365,176.61,176.36,4267,176.605,254113,176.498369
2023-10-18 14:31:00+00:00,176.3799,176.4591,176.29,3397,176.36,189114,176.375502
2023-10-18 14:32:00+00:00,176.0799,176.38,176.07,3331,176.38,227057,176.207171
2023-10-18 14:33:00+00:00,176.0901,176.185,176.05,2750,176.07,131431,176.119674
2023-10-18 14:34:00+00:00,176.0699,176.16,176.01,2671,176.1,160793,176.079945
2023-10-18 14:35:00+00:00,176.05,176.14,175.99,4128,176.06,253351,176.068479
2023-10-18 14:36:00+00:00,175.82,176.07,175.755,4325,176.06,311184,175.861849
2023-10-18 14:37:00+00:00,175.9183,175.98,175.775,3258,175.815,154348,175.870054
2023-10-18 14:38:00+00:00,176.0712,176.08,175.9,2045,175.91,155294,176.019935
2023-10-18 14:39:00+00:00,176.135,176.14,175.98,1189,176.08,111294,176.040973
2023-10-18 14:40:00+00:00,176.06,176.14,176.04,1107,176.14,103220,176.086401
2023-10-18 14:41:00+00:00,176.13,176.1747,176.0501,979,176.0501,122111,176.136751
2023-10-18 14:42:00+00:00,176.26,176.31,176.115,1195,176.12,136548,176.216023
2023-10-18 14:43:00+00:00,176.4201,176.4299,176.25,1323,176.26,141739,176.346494
2023-10-18 14:44:00+00:00,176.3301,176.4265,176.3301,849,176.42,89510,176.379952
2023-10-18 14:45:00+00:00,176.42,176.5,176.33,880,176.355,92422,176.428126
2023-10-18 14:46:00+00:00,176.44,176.5288,176.41,1097,176.415,120343,176.482881
2023-10-18 14:47:00+00:00,176.52,176.52,176.41,805,176.42,84456,176.47148
2023-10-18 14:48:00+00:00,176.6276,176.64,176.4801,1479,176.515,175951,176.554118
2023-10-18 14:49:00+00:00,176.48,176.62,176.42,1016,176.62,121905,176.509264
2023-10-18 14:50:00+00:00,176.425,176.495,176.38,932,176.48,106131,176.435781
2023-10-18 14:51:00+00:00,176.24,176.42,176.12,1552,176.42,168756,176.232454
2023-10-18 14:52:00+00:00,176.31,176.37,176.24,834,176.24,82435,176.324692
2023-10-18 14:53:00+00:00,176.2571,176.32,176.1501,1084,176.32,125862,176.24402
2023-10-18 14:54:00+00:00,176.1799,176.2881,176.16,691,176.2695,78066,176.246617
2023-10-18 14:55:00+00:00,176.145,176.25,176.14,837,176.17,88484,176.182351
2023-10-18 14:56:00+00:00,176.2001,176.25,176.1,774,176.14,79238,176.178969
2023-10-18 14:57:00+00:00,176.27,176.27,176.13,584,176.2,57492,176.184492
2023-10-18 14:58:00+00:00,176.32,176.3513,176.23,811,176.265,101832,176.29159
2023-10-18 14:59:00+00:00,176.14,176.33,176.1,1119,176.32,125326,176.200339
2023-10-18 15:00:00+00:00,176.4,176.44,176.12,1017,176.14,121600,176.289366
2023-10-18 15:01:00+00:00,176.54,176.57,176.39,1033,176.41,122662,176.473176
2023-10-18 15:02:00+00:00,176.6489,176.69,176.52,966,176.525,132837,176.615709
2023-10-18 15:03:00+00:00,176.71,176.75,176.6032,931,176.64,133979,176.670144
2023-10-18 15:04:00+00:00,176.69,176.705,176.6031,790,176.7,87201,176.65136
2023-10-18 15:05:00+00:00,176.57,176.72,176.56,761,176.7,90999,176.649797
2023-10-18 15:06:00+00:00,176.5902,176.64,176.46,1475,176.555,136712,176.542283
2023-10-18 15:07:00+00:00,176.525,176.65,176.4827,798,176.605,72162,176.58737
2023-10-18 15:08:00+00:00,176.39,176.5301,176.34,1088,176.52,113678,176.430116
2023-10-18 15:09:00+00:00,176.34,176.48,176.33,638,176.3911,66443,176.402255
2023-10-18 15:10:00+00:00,176.3999,176.41,176.33,526,176.34,47026,176.378181
2023-10-18 15:11:00+00:00,176.44,176.59,176.4,912,176.4,102899,176.507191
2023-10-18 15:12:00+00:00,176.665,176.67,176.4101,1246,176.4373,118917,176.491121
2023-10-18 15:13:00+00:00,176.6,176.65,176.48,1159,176.65,119846,176.572178
2023-10-18 15:14:00+00:00,176.53,176.6,176.51,925,176.595,91211,176.553724
2023-10-18 15:15:00+00:00,176.5699,176.6,176.525,626,176.525,74174,176.565778
2023-10-18 15:16:00+00:00,176.55,176.62,176.48,764,176.58,73028,176.545851
2023-10-18 15:17:00+00:00,176.73,176.7399,176.5415,836,176.55,83770,176.65888
2023-10-18 15:18:00+00:00,176.93,176.93,176.72,1119,176.72,142847,176.863983
2023-10-18 15:19:00+00:00,176.82,176.93,176.77,792,176.92,88278,176.846909
2023-10-18 15:20:00+00:00,176.8389,176.85,176.705,891,176.825,105827,176.780529
2023-10-18 15:21:00+00:00,176.89,176.97,176.82,1102,176.83,108119,176.917664
2023-10-18 15:22:00+00:00,176.8379,176.92,176.83,803,176.895,88562,176.869309
2023-10-18 15:23:00+00:00,176.78,176.8413,176.71,907,176.83,89554,176.778376
2023-10-18 15:24:00+00:00,176.775,176.78,176.725,593,176.77,53803,176.750743
2023-10-18 15:25:00+00:00,177.04,177.04,176.78,1080,176.78,135447,176.906834
2023-10-18 15:26:00+00:00,176.9,177.12,176.88,1357,177.03,146555,176.99934
2023-10-18 15:27:00+00:00,176.856,176.97,176.82,732,176.9,76338,176.892796
2023-10-18 15:28:00+00:00,176.72,176.85,176.715,650,176.84,66453,176.788847
2023-10-18 15:29:00+00:00,176.73,176.74,176.7,659,176.72,56473,176.727518
2023-10-18 15:30:00+00:00,176.77,176.79,176.6301,1004,176.73,127918,176.689404
2023-10-18 15:31:00+00:00,176.9199,176.95,176.74,844,176.77,93971,176.856678
2023-10-18 15:32:00+00:00,176.88,176.935,176.88,694,176.93,63673,176.904161
2023-10-18 15:33:00+00:00,176.885,176.96,176.85,586,176.88,70800,176.918015
2023-10-18 15:34:00+00:00,176.91,176.9385,176.84,488,176.885,44231,176.889927
2023-10-18 15:35:00+00:00,177.03,177.08,176.83,1187,176.915,134711,176.976191
2023-10-18 15:36:00+00:00,177.0529,177.11,177.02,698,177.05,70600,177.068821
2023-10-18 15:37:00+00:00,177.14,177.18,177.03,858,177.06,91916,177.11818
2023-10-18 15:38:00+00:00,177.235,177.258,177.1401,937,177.15,129083,177.200341
2023-10-18 15:39:00+00:00,177.256,177.36,177.21,1082,177.235,124417,177.298021
2023-10-18 15:40:00+00:00,177.21,177.275,177.1,1030,177.265,117862,177.207402
2023-10-18 15:41:00+00:00,177.1101,177.22,177.08,725,177.22,83428,177.141324
2023-10-18 15:42:00+00:00,177.21,177.26,177.1156,675,177.1156,77466,177.205621
2023-10-18 15:43:00+00:00,176.94,177.22,176.94,829,177.21,86442,177.094444
2023-10-18 15:44:00+00:00,176.9215,176.9599,176.8669,646,176.94,66354,176.920784
2023-10-18 15:45:00+00:00,176.82,176.9899,176.76,838,176.92,98697,176.88321
2023-10-18 15:46:00+00:00,176.93,176.93,176.8,727,176.81,75649,176.832723
2023-10-18 15:47:00+00:00,176.989,177.0509,176.88,724,176.93,89547,176.971231
2023-10-18 15:48:00+00:00,176.9888,177.02,176.89,487,176.985,53243,176.949037
2023-10-18 15:49:00+00:00,177.02,177.035,176.905,621,176.99,66964,176.984767
2023-10-18 15:50:00+00:00,177.24,177.28,177.02,903,177.02,105769,177.191476
2023-10-18 15:51:00+00:00,177.1101,177.24,177.11,618,177.235,68762,177.173019
2023-10-18 15:52:00+00:00,177.23,177.23,177.1199,757,177.1199,113544,177.176651
2023-10-18 15:53:00+00:00,177.265,177.3,177.2012,676,177.225,61308,177.256793
2023-10-18 15:54:00+00:00,177.2,177.2704,177.16,666,177.27,61553,177.200134
2023-10-18 15:55:00+00:00,177.322,177.38,177.18,1000,177.2,124545,177.275397
2023-10-18 15:56:00+00:00,177.39,177.4,177.2288,842,177.32,84141,177.328194
2023-10-18 15:57:00+00:00,177.2701,177.4,177.2701,593,177.3891,53011,177.339905
2023-10-18 15:58:00+00:00,177.17,177.2999,177.17,677,177.271,65950,177.235952
2023-10-18 15:59:00+00:00,177.02,177.18,176.99,1182,177.17,157359,177.08519
2023-10-18 16:00:00+00:00,177.02,177.15,177.015,898,177.015,90145,177.079126
2023-10-18 16:01:00+00:00,176.88,177.01,176.83,1011,177.01,126462,176.957636
2023-10-18 16:02:00+00:00,176.9144,176.96,176.87,677,176.88,64975,176.908565
2023-10-18 16:03:00+00:00,177.11,177.15,176.915,814,176.915,76942,177.054128
2023-10-18 16:04:00+00:00,177.41,177.49,177.0749,1926,177.1,200744,177.282577
2023-10-18 16:05:00+00:00,177.2375,177.47,177.2,932,177.425,102294,177.369227
2023-10-18 16:06:00+00:00,177.28,177.339,177.18,674,177.22,67744,177.271028
2023-10-18 16:07:00+00:00,177.34,177.3505,177.2601,561,177.28,56760,177.307515
2023-10-18 16:08:00+00:00,177.45,177.49,177.34,731,177.34,79162,177.429939
2023-10-18 16:09:00+00:00,177.425,177.49,177.42,707,177.45,75582,177.465938
2023-10-18 16:10:00+00:00,177.4,177.53,177.3991,1127,177.45,113395,177.461627
2023-10-18 16:11:00+00:00,177.38,177.4454,177.28,845,177.4,91536,177.375738
2023-10-18 16:12:00+00:00,177.36,177.375,177.29,1079,177.37,107619,177.339353
2023-10-18 16:13:00+00:00,177.4151,177.45,177.3614,729,177.37,71268,177.405561
2023-10-18 16:14:00+00:00,177.33,177.46,177.28,1103,177.42,99604,177.378458
2023-10-18 16:15:00+00:00,177.3317,177.42,177.3,741,177.3253,64459,177.350964
2023-10-18 16:16:00+00:00,177.2178,177.355,177.19,837,177.33,86314,177.265888
2023-10-18 16:17:00+00:00,177.12,177.2579,177.11,857,177.215,77675,177.192344
2023-10-18 16:18:00+00:00,177.1302,177.16,177.07,818,177.12,92590,177.118329
2023-10-18 16:19:00+00:00,177.04,177.19,177.03,776,177.13,78976,177.102655
2023-10-18 16:20:00+00:00,177.06,177.08,177.01,846,177.04,87785,177.052437
2023-10-18 16:21:00+00:00,176.985,177.105,176.87,1142,177.045,112805,176.992329
2023-10-18 16:22:00+00:00,176.8752,176.99,176.8425,1053,176.98,116635,176.899553
2023-10-18 16:23:00+00:00,176.98,176.98,176.86,767,176.875,80666,176.921106
2023-10-18 16:24:00+00:00,176.825,176.975,176.81,983,176.975,91219,176.90023
2023-10-18 16:25:00+00:00,176.75,176.8384,176.72,1141,176.825,131641,176.783209
2023-10-18 16:26:00+00:00,176.8863,176.9066,176.73,754,176.7409,77228,176.83011
2023-10-18 16:27:00+00:00,176.9311,176.9399,176.8043,664,176.88,59689,176.872386
2023-10-18 16:28:00+00:00,176.84,176.98,176.81,645,176.93,66199,176.893111
2023-10-18 16:29:00+00:00,176.82,176.8566,176.772,506,176.83,37579,176.820119
2023-10-18 16:30:00+00:00,176.885,176.89,176.81,580,176.82,60616,176.835574
2023-10-18 16:31:00+00:00,176.925,176.945,176.87,561,176.89,55095,176.915066
2023-10-18 16:32:00+00:00,176.8735,176.9304,176.84,532,176.925,54515,176.889097
2023-10-18 16:33:00+00:00,176.86,176.88,176.76,615,176.86,54071,176.810139
2023-10-18 16:34:00+00:00,176.76,176.86,176.76,545,176.85,45564,176.811809
2023-10-18 16:35:00+00:00,176.8187,176.83,176.68,1034,176.77,99068,176.741348
2023-10-18 16:36:00+00:00,176.845,176.869,176.77,664,176.8187,52697,176.816359
2023-10-18 16:37:00+00:00,176.695,176.86,176.67,694,176.8489,59271,176.759694
2023-10-18 16:38:00+00:00,176.6894,176.7491,176.6318,582,176.695,40464,176.687998
2023-10-18 16:39:00+00:00,176.66,176.725,176.6397,692,176.69,61072,176.678145
2023-10-18 16:40:00+00:00,176.67,176.73,176.66,505,176.665,38961,176.69676
2023-10-18 16:41:00+00:00,176.7387,176.74,176.67,683,176.69,66132,176.701933
2023-10-18 16:42:00+00:00,176.775,176.82,176.73,726,176.73,68794,176.774064
2023-10-18 16:43:00+00:00,176.82,176.9,176.7601,829,176.78,94080,176.837339
2023-10-18 16:44:00+00:00,176.765,176.8565,176.7335,555,176.82,48813,176.78725
2023-10-18 16:45:00+00:00,176.74,176.8252,176.71,622,176.76,56430,176.762384
2023-10-18 16:46:00+00:00,176.71,176.7395,176.672,589,176.73,47270,176.712967
2023-10-18 16:47:00+00:00,176.71,176.74,176.7,675,176.7,56346,176.715252
2023-10-18 16:48:00+00:00,176.69,176.74,176.685,1094,176.71,107432,176.70798
2023-10-18 16:49:00+00:00,176.63,176.7,176.61,662,176.695,55372,176.640906
2023-10-18 16:50:00+00:00,176.5101,176.625,176.5,797,176.625,83325,176.543828
2023-10-18 16:51:00+00:00,176.57,176.58,176.49,823,176.52,86060,176.528935
2023-10-18 16:52:00+00:00,176.5,176.62,176.49,678,176.57,63948,176.539372
2023-10-18 16:53:00+00:00,176.365,176.5,176.33,1478,176.5,191280,176.422328
2023-10-18 16:54:00+00:00,176.3308,176.44,176.31,1078,176.37,146638,176.357811
2023-10-18 16:55:00+00:00,176.3012,176.38,176.26,728,176.34,97371,176.328944
2023-10-18 16:56:00+00:00,176.35,176.35,176.29,600,176.31,58289,176.321209
2023-10-18 16:57:00+00:00,176.36,176.38,176.305,773,176.355,67265,176.331871
2023-10-18 16:58:00+00:00,176.4483,176.45,176.335,661,176.365,74863,176.387461
2023-10-18 16:59:00+00:00,176.38,176.46,176.38,615,176.44,55320,176.4306
2023-10-18 17:00:00+00:00,176.3,176.44,176.225,1122,176.3709,109797,176.308538
2023-10-18 17:01:00+00:00,176.49,176.6,176.26,1751,176.3,187835,176.409948
2023-10-18 17:02:00+00:00,176.6673,176.7,176.46,1192,176.5,121327,176.594828
2023-10-18 17:03:00+00:00,176.69,176.74,176.62,1202,176.665,114564,176.680229
2023-10-18 17:04:00+00:00,176.92,176.93,176.68,1289,176.7,138937,176.808028
2023-10-18 17:05:00+00:00,176.7995,176.9473,176.79,902,176.915,99393,176.86872
2023-10-18 17:06:00+00:00,176.844,176.9011,176.79,746,176.795,89186,176.85122
2023-10-18 17:07:00+00:00,176.87,176.92,176.74,857,176.8401,93804,176.814713
2023-10-18 17:08:00+00:00,177.03,177.08,176.83,1401,176.879,197723,176.988188
2023-10-18 17:09:00+00:00,177.01,177.09,177.0,707,177.04,67651,177.043241
2023-10-18 17:10:00+00:00,176.94,177.02,176.86,916,177.02,113709,176.941815
2023-10-18 17:11:00+00:00,177.14,177.14,176.935,900,176.95,103340,177.043324
2023-10-18 17:12:00+00:00,177.1685,177.2768,177.12,1248,177.14,156749,177.192484
2023-10-18 17:13:00+00:00,177.205,177.22,177.13,995,177.15,133580,177.158436
2023-10-18 17:14:00+00:00,177.17,177.25,177.16,672,177.205,90836,177.204808
2023-10-18 17:15:00+00:00,177.18,177.37,177.16,1053,177.16,610447,177.155208
2023-10-18 17:16:00+00:00,177.27,177.28,177.13,645,177.17,79741,177.211732
2023-10-18 17:17:00+00:00,177.14,177.31,177.14,625,177.27,55918,177.239055
2023-10-18 17:18:00+00:00,177.08,177.2077,177.05,795,177.155,88964,177.122683
2023-10-18 17:19:00+00:00,177.1,177.1,177.01,633,177.09,71493,177.06274
2023-10-18 17:20:00+00:00,177.1485,177.15,177.04,523,177.08,47966,177.100646
2023-10-18 17:21:00+00:00,176.99,177.15,176.99,556,177.1467,46366,177.067094
2023-10-18 17:22:00+00:00,177.13,177.16,176.99,539,176.99,53810,177.098538
2023-10-18 17:23:00+00:00,177.05,177.1207,177.01,513,177.11,41321,177.067929
2023-10-18 17:24:00+00:00,177.06,177.095,177.0199,447,177.07,36619,177.058783
2023-10-18 17:25:00+00:00,177.13,177.15,177.05,576,177.07,54209,177.095777
2023-10-18 17:26:00+00:00,177.15,177.21,177.13,543,177.13,53968,177.172482
2023-10-18 17:27:00+00:00,177.02,177.14,176.99,666,177.14,61988,177.055623
2023-10-18 17:28:00+00:00,177.13,177.16,177.02,500,177.02,43363,177.104534
2023-10-18 17:29:00+00:00,177.12,177.15,177.07,532,177.13,44089,177.102937
2023-10-18 17:30:00+00:00,176.96,177.12,176.96,749,177.12,49641,177.05044
2023-10-18 17:31:00+00:00,176.9,176.9664,176.88,899,176.95,92145,176.922391
2023-10-18 17:32:00+00:00,176.79,176.94,176.78,871,176.893,80361,176.850725
2023-10-18 17:33:00+00:00,176.73,176.88,176.67,1063,176.8,112803,176.770653
2023-10-18 17:34:00+00:00,176.72,176.78,176.68,697,176.75,77746,176.719424
2023-10-18 17:35:00+00:00,176.5759,176.7,176.55,996,176.7,125366,176.618145
2023-10-18 17:36:00+00:00,176.5,176.61,176.48,1251,176.57,130531,176.555247
2023-10-18 17:37:00+00:00,176.51,176.54,176.4198,957,176.5165,102816,176.471022
2023-10-18 17:38:00+00:00,176.45,176.5264,176.42,587,176.51,52054,176.476158
2023-10-18 17:39:00+00:00,176.437,176.49,176.39,803,176.44,92171,176.434196
2023-10-18 17:40:00+00:00,176.41,176.518,176.4031,677,176.43,81724,176.468332
2023-10-18 17:41:00+00:00,176.44,176.53,176.4,698,176.41,67619,176.477184
2023-10-18 17:42:00+00:00,176.5,176.53,176.43,656,176.44,67570,176.480834
2023-10-18 17:43:00+00:00,176.395,176.51,176.37,646,176.5,62575,176.421662
2023-10-18 17:44:00+00:00,176.455,176.48,176.385,774,176.4,71990,176.422016
2023-10-18 17:45:00+00:00,176.3,176.45,176.24,915,176.45,99234,176.327945
2023-10-18 17:46:00+00:00,176.2658,176.33,176.24,698,176.3,60586,176.291354
2023-10-18 17:47:00+00:00,176.2599,176.3,176.23,759,176.2699,73303,176.263472
2023-10-18 17:48:00+00:00,176.2992,176.349,176.22,541,176.25,52684,176.296297
2023-10-18 17:49:00+00:00,176.3785,176.39,176.28,574,176.3,59578,176.33561
2023-10-18 17:50:00+00:00,176.5221,176.53,176.35,883,176.379,98146,176.456854
2023-10-18 17:51:00+00:00,176.59,176.59,176.51,606,176.51,87425,176.55808
2023-10-18 17:52:00+00:00,176.46,176.61,176.46,608,176.59,69351,176.52532
2023-10-18 17:53:00+00:00,176.5101,176.54,176.45,585,176.465,51612,176.490048
2023-10-18 17:54:00+00:00,176.6,176.6599,176.5108,593,176.52,76921,176.597202
2023-10-18 17:55:00+00:00,176.5963,176.6,176.51,453,176.59,50094,176.557429
2023-10-18 17:56:00+00:00,176.57,176.6273,176.5505,444,176.59,42738,176.593327
2023-10-18 17:57:00+00:00,176.72,176.75,176.57,850,176.57,100703,176.688634
2023-10-18 17:58:00+00:00,176.72,176.79,176.7,695,176.74,77151,176.729738
2023-10-18 17:59:00+00:00,176.76,176.775,176.7101,547,176.72,51919,176.750157
2023-10-18 18:00:00+00:00,176.7111,176.79,176.6377,756,176.751,77742,176.701125
2023-10-18 18:01:00+00:00,176.7,176.775,176.64,590,176.72,58489,176.706128
2023-10-18 18:02:00+00:00,176.66,176.73,176.62,726,176.72,87062,176.655773
2023-10-18 18:03:00+00:00,176.7498,176.77,176.62,731,176.645,102266,176.70692
2023-10-18 18:04:00+00:00,176.8,176.82,176.73,936,176.74,90952,176.777665
2023-10-18 18:05:00+00:00,176.8,176.88,176.77,765,176.8,85437,176.824579
2023-10-18 18:06:00+00:00,176.69,176.8,176.65,797,176.79,75100,176.726533
2023-10-18 18:07:00+00:00,176.84,176.84,176.705,646,176.71,68479,176.770855
2023-10-18 18:08:00+00:00,177.09,177.13,176.84,1392,176.84,154802,176.983106
2023-10-18 18:09:00+00:00,177.02,177.13,177.0,884,177.1001,78807,177.066793
2023-10-18 18:10:00+00:00,176.91,177.0201,176.86,665,177.02,84980,176.92264
2023-10-18 18:11:00+00:00,176.77,176.91,176.76,548,176.89,49262,176.839112
2023-10-18 18:12:00+00:00,176.7509,176.84,176.73,505,176.76,56659,176.797011
2023-10-18 18:13:00+00:00,176.71,176.8101,176.7,447,176.76,49121,176.770463
2023-10-18 18:14:00+00:00,176.685,176.72,176.65,721,176.709,59055,176.690488
2023-10-18 18:15:00+00:00,176.5999,176.69,176.585,845,176.68,85945,176.639314
2023-10-18 18:16:00+00:00,176.48,176.6299,176.475,969,176.6,106714,176.532401
2023-10-18 18:17:00+00:00,176.67,176.72,176.49,826,176.49,77957,176.627088
2023-10-18 18:18:00+00:00,176.5864,176.71,176.57,588,176.6686,56639,176.642842
2023-10-18 18:19:00+00:00,176.59,176.67,176.57,503,176.59,44349,176.620205
2023-10-18 18:20:00+00:00,176.66,176.68,176.55,561,176.58,47762,176.626084
2023-10-18 18:21:00+00:00,176.58,176.67,176.5701,717,176.67,90626,176.611656
2023-10-18 18:22:00+00:00,176.69,176.7201,176.59,668,176.59,64713,176.677925
2023-10-18 18:23:00+00:00,176.764,176.79,176.655,899,176.7017,111684,176.700122
2023-10-18 18:24:00+00:00,176.705,176.79,176.66,850,176.7785,72642,176.722362
2023-10-18 18:25:00+00:00,176.64,176.755,176.61,706,176.71,65503,176.683718
2023-10-18 18:26:00+00:00,176.68,176.6872,176.61,447,176.64,41195,176.651485
2023-10-18 18:27:00+00:00,176.66,176.73,176.6199,633,176.69,60225,176.682933
2023-10-18 18:28:00+00:00,176.64,176.74,176.62,689,176.67,62480,176.680162
2023-10-18 18:29:00+00:00,176.695,176.73,176.63,540,176.635,48065,176.684312
2023-10-18 18:30:00+00:00,176.87,176.897,176.64,1087,176.685,106664,176.784352
2023-10-18 18:31:00+00:00,176.855,176.89,176.8,669,176.87,65419,176.830864
2023-10-18 18:32:00+00:00,176.7562,176.915,176.74,669,176.855,62460,176.844199
2023-10-18 18:33:00+00:00,176.68,176.77,176.64,644,176.76,43708,176.696654
2023-10-18 18:34:00+00:00,176.66,176.72,176.64,504,176.6801,40076,176.680725
2023-10-18 18:35:00+00:00,176.63,176.67,176.5509,652,176.6577,62062,176.605619
2023-10-18 18:36:00+00:00,176.6,176.65,176.5201,614,176.63,46894,176.60009
2023-10-18 18:37:00+00:00,176.655,176.7099,176.5937,462,176.5937,40304,176.664557
2023-10-18 18:38:00+00:00,176.6332,176.71,176.615,539,176.66,35742,176.657935
2023-10-18 18:39:00+00:00,176.52,176.64,176.51,597,176.64,59123,176.563414
2023-10-18 18:40:00+00:00,176.52,176.57,176.48,662,176.51,51660,176.514818
2023-10-18 18:41:00+00:00,176.52,176.5399,176.3909,990,176.51,194056,176.642431
2023-10-18 18:42:00+00:00,176.48,176.53,176.41,654,176.51,55358,176.4659
2023-10-18 18:43:00+00:00,176.4283,176.49,176.4,489,176.47,40675,176.445329
2023-10-18 18:44:00+00:00,176.5012,176.51,176.38,540,176.43,44909,176.4353
2023-10-18 18:45:00+00:00,176.45,176.56,176.44,734,176.51,71344,176.489644
2023-10-18 18:46:00+00:00,176.4,176.48,176.36,775,176.44,71053,176.419619
2023-10-18 18:47:00+00:00,176.58,176.595,176.41,691,176.41,61350,176.506924
2023-10-18 18:48:00+00:00,176.49,176.575,176.4804,408,176.55,38494,176.530795
2023-10-18 18:49:00+00:00,176.39,176.53,176.38,610,176.49,55898,176.466054
2023-10-18 18:50:00+00:00,176.38,176.42,176.37,676,176.4,54198,176.395361
2023-10-18 18:51:00+00:00,176.27,176.3799,176.23,1016,176.37,105820,176.29672
2023-10-18 18:52:00+00:00,176.28,176.39,176.28,698,176.28,51654,176.334684
2023-10-18 18:53:00+00:00,176.33,176.35,176.28,621,176.28,51914,176.325977
2023-10-18 18:54:00+00:00,176.29,176.35,176.26,549,176.33,42936,176.301642
2023-10-18 18:55:00+00:00,176.34,176.37,176.2999,775,176.3,64263,176.346097
2023-10-18 18:56:00+00:00,176.48,176.535,176.345,1570,176.35,179596,176.426924
2023-10-18 18:57:00+00:00,176.41,176.49,176.37,705,176.48,50074,176.424745
2023-10-18 18:58:00+00:00,176.3825,176.45,176.38,612,176.42,46825,176.415072
2023-10-18 18:59:00+00:00,176.42,176.44,176.37,654,176.39,494286,176.418778
2023-10-18 19:00:00+00:00,176.32,176.44,176.29,828,176.42,75349,176.348695
2023-10-18 19:01:00+00:00,176.245,176.315,176.22,814,176.315,75974,176.254948
2023-10-18 19:02:00+00:00,176.26,176.2678,176.19,761,176.23,75468,176.224244
2023-10-18 19:03:00+00:00,176.2415,176.33,176.2,673,176.25,68817,176.262735
2023-10-18 19:04:00+00:00,176.28,176.33,176.2392,800,176.24,87511,176.279736
2023-10-18 19:05:00+00:00,176.2701,176.32,176.26,659,176.28,54711,176.29122
2023-10-18 19:06:00+00:00,176.1301,176.28,176.125,898,176.28,104325,176.18553
2023-10-18 19:07:00+00:00,176.14,176.16,176.04,1122,176.13,121406,176.112767
2023-10-18 19:08:00+00:00,176.07,176.19,176.06,707,176.15,63266,176.121825
2023-10-18 19:09:00+00:00,176.1,176.13,176.06,645,176.065,69198,176.094163
2023-10-18 19:10:00+00:00,176.0782,176.135,176.07,1075,176.1,100171,176.107786
2023-10-18 19:11:00+00:00,176.1688,176.17,176.07,783,176.07,75889,176.124137
2023-10-18 19:12:00+00:00,176.1427,176.18,176.115,739,176.17,78791,176.148686
2023-10-18 19:13:00+00:00,176.1303,176.16,176.0543,901,176.145,83970,176.102991
2023-10-18 19:14:00+00:00,176.055,176.145,176.033,800,176.13,90068,176.086272
2023-10-18 19:15:00+00:00,175.99,176.1,175.97,1415,176.06,153766,176.012399
2023-10-18 19:16:00+00:00,176.17,176.18,176.0,880,176.0,74007,176.07242
2023-10-18 19:17:00+00:00,176.21,176.25,176.16,878,176.17,98854,176.20923
2023-10-18 19:18:00+00:00,176.18,176.22,176.1,856,176.21,86864,176.156499
2023-10-18 19:19:00+00:00,176.24,176.24,176.15,792,176.175,74035,176.201676
2023-10-18 19:20:00+00:00,176.275,176.2906,176.22,835,176.235,98199,176.252185
2023-10-18 19:21:00+00:00,176.1199,176.29,176.075,1109,176.28,128266,176.14986
2023-10-18 19:22:00+00:00,176.15,176.19,176.0701,1226,176.11,126986,176.121502
2023-10-18 19:23:00+00:00,176.09,176.19,176.075,853,176.16,88173,176.132675
2023-10-18 19:24:00+00:00,176.0396,176.11,175.99,986,176.08,109723,176.044226
2023-10-18 19:25:00+00:00,175.89,176.08,175.87,1266,176.0301,150607,175.961212
2023-10-18 19:26:00+00:00,175.89,175.92,175.83,1121,175.88,122831,175.881301
2023-10-18 19:27:00+00:00,175.84,175.89,175.81,1043,175.885,129603,175.856573
2023-10-18 19:28:00+00:00,175.78,175.86,175.78,1049,175.85,115126,175.810561
2023-10-18 19:29:00+00:00,175.8799,175.88,175.785,776,175.785,79446,175.843623
2023-10-18 19:30:00+00:00,175.96,175.97,175.86,1406,175.88,156415,175.906578
2023-10-18 19:31:00+00:00,175.8,175.96,175.78,1195,175.96,121423,175.89127
2023-10-18 19:32:00+00:00,175.93,175.97,175.8,913,175.81,101363,175.89092
2023-10-18 19:33:00+00:00,176.0101,176.0284,175.89,989,175.935,122321,175.956483
2023-10-18 19:34:00+00:00,176.065,176.07,175.99,739,176.0119,68671,176.021269
2023-10-18 19:35:00+00:00,175.92,176.09,175.91,1094,176.06,118039,176.006087
2023-10-18 19:36:00+00:00,176.0472,176.06,175.92,806,175.9265,90849,175.986627
2023-10-18 19:37:00+00:00,176.04,176.09,175.98,914,176.0499,98519,176.040539
2023-10-18 19:38:00+00:00,176.03,176.09,176.0,816,176.035,81789,176.042658
2023-10-18 19:39:00+00:00,175.82,176.04,175.82,1090,176.04,98693,175.901616
2023-10-18 19:40:00+00:00,175.79,175.89,175.79,1238,175.825,112809,175.839622
2023-10-18 19:41:00+00:00,175.7899,175.81,175.7597,1164,175.795,107674,175.78434
2023-10-18 19:42:00+00:00,175.645,175.825,175.645,2121,175.79,205883,175.723472
2023-10-18 19:43:00+00:00,175.65,175.695,175.58,1773,175.64,185904,175.63428
2023-10-18 19:44:00+00:00,175.58,175.66,175.575,1425,175.65,146632,175.628175
2023-10-18 19:45:00+00:00,175.36,175.59,175.21,4984,175.59,481068,175.373859
2023-10-18 19:46:00+00:00,175.3,175.4,175.29,1933,175.35,192860,175.340985
2023-10-18 19:47:00+00:00,175.14,175.32,175.1301,1997,175.3025,206032,175.22539
2023-10-18 19:48:00+00:00,175.19,175.2,175.11,1586,175.1401,147628,175.147233
2023-10-18 19:49:00+00:00,175.255,175.29,175.175,1481,175.18,135370,175.234221
2023-10-18 19:50:00+00:00,175.46,175.47,175.25,2787,175.25,246319,175.397477
2023-10-18 19:51:00+00:00,175.54,175.54,175.4217,1682,175.46,162027,175.497282
2023-10-18 19:52:00+00:00,175.4381,175.625,175.43,2369,175.55,257162,175.520557
2023-10-18 19:53:00+00:00,175.47,175.52,175.4,1806,175.44,174809,175.486469
2023-10-18 19:54:00+00:00,175.701,175.72,175.385,2987,175.48,269603,175.533826
2023-10-18 19:55:00+00:00,175.695,175.89,175.69,3187,175.71,321224,175.80197
2023-10-18 19:56:00+00:00,175.615,175.75,175.615,2400,175.6924,236373,175.68123
2023-10-18 19:57:00+00:00,175.7,175.71,175.59,2440,175.625,277054,175.670118
2023-10-18 19:58:00+00:00,175.815,175.83,175.69,3743,175.7,484845,175.767133
2023-10-18 19:59:00+00:00,175.84,175.91,175.69,7304,175.815,1041294,175.798664
2023-10-18 20:00:00+00:00,175.67,175.84,175.5,342,175.81,8295270,175.839478
2023-10-18 20:01:00+00:00,175.54,175.82,175.54,168,175.78,66074,175.82899
2023-10-18 20:02:00+00:00,175.79,175.79,175.65,83,175.79,7340,175.70686
2023-10-18 20:03:00+00:00,175.66,175.78,175.66,137,175.73,11773,175.72729
2023-10-18 20:04:00+00:00,175.77,175.77,175.7,100,175.74,6716,175.738563
2023-10-18 20:05:00+00:00,175.65,175.79,175.65,90,175.78,6795,175.727332
2023-10-18 20:06:00+00:00,175.8,175.84,175.65,87,175.65,104953,175.83597
2023-10-18 20:07:00+00:00,175.78,175.78,175.65,117,175.74,12746,175.730558
2023-10-18 20:08:00+00:00,175.805,175.84,175.8,145,175.8,12317,175.818772
2023-10-18 20:09:00+00:00,175.84,175.84,175.8,94,175.81,19321,175.835286
2023-10-18 20:10:00+00:00,175.79,175.86,175.78,100,175.86,8659,175.811947
2023-10-18 20:11:00+00:00,175.79,175.79,175.68,62,175.79,15069,175.822801
2023-10-18 20:12:00+00:00,175.76,175.8,175.75,107,175.79,7101,175.784834
2023-10-18 20:13:00+00:00,175.74,175.8,175.72,93,175.76,4944,175.756833
2023-10-18 20:14:00+00:00,175.75,175.75,175.71,90,175.74,7981,175.743055
2023-10-18 20:15:00+00:00,175.77,175.77,175.77,44,175.77,861,175.770616
2023-10-18 20:16:00+00:00,175.77,175.79,175.77,38,175.77,2447,175.772329
2023-10-18 20:18:00+00:00,175.73,175.78,175.73,40,175.7783,1055,175.75647
2023-10-18 20:19:00+00:00,175.74,175.74,175.7005,40,175.7005,1237,175.723116
2023-10-18 20:20:00+00:00,175.7,175.84,175.7,34,175.84,149660,175.83855
2023-10-18 20:21:00+00:00,175.7,175.7,175.7,34,175.7,857,175.704061
2023-10-18 20:22:00+00:00,175.78,175.78,175.71,66,175.72,3771,175.725689
2023-10-18 20:23:00+00:00,175.75,175.79,175.75,24,175.78,1020,175.774704
2023-10-18 20:24:00+00:00,175.76,175.8,175.76,51,175.77,4161,175.780186
2023-10-18 20:25:00+00:00,175.73,175.79,175.73,40,175.79,2283,175.762286
2023-10-18 20:26:00+00:00,175.71,175.75,175.71,29,175.75,1266,175.731461
2023-10-18 20:27:00+00:00,175.75,175.75,175.73,28,175.73,979,175.733992
2023-10-18 20:28:00+00:00,175.74,175.74,175.7102,23,175.7102,671,175.738666
2023-10-18 20:29:00+00:00,175.77,175.77,175.76,30,175.77,1472,175.761609
2023-10-18 20:32:00+00:00,175.77,175.77,175.75,37,175.77,4527,175.76085
2023-10-18 20:33:00+00:00,175.83,175.83,175.75,107,175.75,6954,175.799338
2023-10-18 20:34:00+00:00,175.8416,175.92,175.83,78,175.83,5166,175.852764
2023-10-18 20:35:00+00:00,175.86,175.89,175.86,55,175.86,6087,175.876651
2023-10-18 20:36:00+00:00,175.88,175.88,175.82,64,175.88,39994,175.842853
2023-10-18 20:37:00+00:00,175.88,175.88,175.87,36,175.87,2605,175.875226
2023-10-18 20:38:00+00:00,175.84,175.87,175.84,29,175.87,2281,175.859898
2023-10-18 20:39:00+00:00,175.84,175.86,175.84,37,175.86,2290,175.850166
2023-10-18 20:40:00+00:00,175.86,175.86,175.85,27,175.85,2567,175.858116
2023-10-18 20:41:00+00:00,175.81,175.85,175.81,40,175.84,2579,175.832555
2023-10-18 20:42:00+00:00,175.84,175.84,175.79,34,175.8,4813,175.80229
2023-10-18 20:43:00+00:00,175.78,175.8,175.76,48,175.8,5149,175.790969
2023-10-18 20:44:00+00:00,175.77,175.78,175.77,25,175.78,939,175.776629
2023-10-18 20:45:00+00:00,175.77,175.78,175.77,41,175.77,1449,175.771325
2023-10-18 20:46:00+00:00,175.75,175.78,175.74,39,175.78,1551,175.752099
2023-10-18 20:47:00+00:00,175.75,175.76,175.75,27,175.75,1256,175.751222
2023-10-18 20:48:00+00:00,175.7156,175.73,175.7156,17,175.73,874,175.730565
2023-10-18 20:49:00+00:00,175.75,175.75,175.75,18,175.75,478,175.74545
2023-10-18 20:50:00+00:00,175.74,175.76,175.74,32,175.76,645,175.743992
2023-10-18 20:51:00+00:00,175.75,175.75,175.75,21,175.75,369,175.736396
2023-10-18 20:54:00+00:00,175.75,175.75,175.71,26,175.71,934,175.729616
2023-10-18 20:55:00+00:00,175.7,175.74,175.7,44,175.74,1437,175.714874
2023-10-18 20:56:00+00:00,175.73,175.73,175.71,22,175.71,927,175.722873
2023-10-18 20:57:00+00:00,175.7,175.71,175.7,30,175.71,1295,175.706212
2023-10-18 20:58:00+00:00,175.7,175.7,175.7,16,175.7,542,175.701255
2023-10-18 20:59:00+00:00,175.68,175.69,175.67,35,175.69,1301,175.682697
2023-10-18 21:00:00+00:00,175.71,175.71,175.71,18,175.71,363,175.705041
2023-10-18 21:02:00+00:00,175.68,175.7,175.67,27,175.7,1381,175.682413
2023-10-18 21:03:00+00:00,175.6515,175.67,175.65,34,175.67,1930,175.656466
2023-10-18 21:04:00+00:00,175.65,175.68,175.65,35,175.68,707,175.660238
2023-10-18 21:05:00+00:00,175.69,175.7,175.68,29,175.69,1334,175.686289
2023-10-18 21:06:00+00:00,175.73,175.73,175.7,37,175.7,799,175.707453
2023-10-18 21:07:00+00:00,175.69,175.69,175.69,29,175.69,449,175.695297
2023-10-18 21:08:00+00:00,175.71,175.7291,175.71,34,175.7291,664,175.717942
2023-10-18 21:09:00+00:00,175.72,175.72,175.72,24,175.72,296,175.71849
2023-10-18 21:11:00+00:00,175.73,175.73,175.73,21,175.73,559,173.775402
2023-10-18 21:12:00+00:00,175.71,175.71,175.71,21,175.71,1069,175.711169
2023-10-18 21:13:00+00:00,175.73,175.73,175.73,32,175.73,717,175.72348
2023-10-18 21:14:00+00:00,175.71,175.72,175.71,24,175.72,2336,175.719461
2023-10-18 21:15:00+00:00,175.7,175.72,175.7,25,175.7,1298,175.700487
2023-10-18 21:16:00+00:00,175.67,175.7,175.67,24,175.7,1027,175.684576
2023-10-18 21:17:00+00:00,175.7,175.7,175.68,17,175.68,814,175.684912
2023-10-18 21:18:00+00:00,175.76,175.76,175.7,26,175.7,5008,175.750648
2023-10-18 21:19:00+00:00,175.68,175.68,175.68,15,175.68,585,175.68212
2023-10-18 21:20:00+00:00,175.66,175.7,175.65,68,175.7,4030,175.672355
2023-10-18 21:21:00+00:00,175.7,175.71,175.65,26,175.65,1518,175.68168
2023-10-18 21:22:00+00:00,175.7,175.72,175.7,15,175.72,1108,175.70209
2023-10-18 21:23:00+00:00,175.75,175.75,175.75,22,175.75,647,175.737553
2023-10-18 21:24:00+00:00,175.7,175.84,175.7,22,175.71,22164,175.835645
2023-10-18 21:25:00+00:00,175.75,175.75,175.7,11,175.7,318,175.71827
2023-10-18 21:26:00+00:00,175.7201,175.75,175.7201,17,175.75,614,175.730604
2023-10-18 21:27:00+00:00,175.76,175.76,175.76,19,175.76,507,175.755588
2023-10-18 21:28:00+00:00,175.71,175.76,175.71,25,175.76,1973,175.742039
2023-10-18 21:29:00+00:00,175.71,175.71,175.71,21,175.71,451,175.716497
2023-10-18 21:30:00+00:00,175.7,175.7,175.7,20,175.7,4930,175.700094
2023-10-18 21:31:00+00:00,175.7,175.7,175.7,16,175.7,197,175.702741
2023-10-18 21:32:00+00:00,175.7,175.7,175.7,20,175.7,1266,175.700561
2023-10-18 21:34:00+00:00,175.74,175.74,175.74,24,175.74,639,175.723097
2023-10-18 21:35:00+00:00,175.68,175.68,175.68,14,175.68,566,175.681334
2023-10-18 21:36:00+00:00,175.7,175.7,175.65,34,175.67,2666,175.658089
2023-10-18 21:37:00+00:00,175.6,175.6549,175.6,51,175.6549,19532,175.646868
2023-10-18 21:39:00+00:00,175.6,175.6,175.59,24,175.59,1285,175.596883
2023-10-18 21:42:00+00:00,175.59,175.63,175.59,26,175.62,2413,175.613991
2023-10-18 21:43:00+00:00,175.62,175.62,175.62,24,175.62,568,175.615044
2023-10-18 21:44:00+00:00,175.84,175.84,175.6,15,175.6,3491,175.806249
2023-10-18 21:45:00+00:00,175.6,175.6,175.6,15,175.6,217,175.603111
2023-10-18 21:46:00+00:00,175.6,175.62,175.6,15,175.62,608,175.614935
2023-10-18 21:48:00+00:00,175.84,175.84,175.84,16,175.84,3087,175.833351
2023-10-18 21:49:00+00:00,175.62,175.62,175.6,19,175.6,872,175.604914
2023-10-18 21:50:00+00:00,175.59,175.67,175.58,47,175.63,2270,175.631491
2023-10-18 21:51:00+00:00,175.7,175.7,175.65,37,175.66,2933,175.665605
2023-10-18 21:52:00+00:00,175.58,175.58,175.58,17,175.58,289,175.591472
2023-10-18 21:53:00+00:00,175.56,175.56,175.56,17,175.56,343,175.590845
2023-10-18 21:55:00+00:00,175.62,175.62,175.6,18,175.6,454,175.610848
2023-10-18 21:56:00+00:00,175.6,175.6,175.6,32,175.6,331,175.597085
2023-10-18 21:59:00+00:00,175.62,175.62,175.62,11,175.62,255,175.612765
2023-10-18 22:00:00+00:00,175.59,175.6,175.59,24,175.6,354,175.591766
2023-10-18 22:01:00+00:00,175.56,175.59,175.56,36,175.57,1491,175.571076
2023-10-18 22:02:00+00:00,175.5,175.54,175.5,30,175.54,601,175.524226
2023-10-18 22:03:00+00:00,175.59,175.59,175.5,82,175.5,3945,175.520369
2023-10-18 22:04:00+00:00,175.65,175.65,175.59,24,175.59,594,175.606389
2023-10-18 22:05:00+00:00,175.57,175.57,175.57,9,175.57,127,175.575002
2023-10-18 22:06:00+00:00,175.58,175.64,175.58,37,175.58,3931,175.584767
2023-10-18 22:07:00+00:00,175.6455,175.6455,175.52,20,175.53,2086,175.571616
2023-10-18 22:08:00+00:00,175.58,175.65,175.58,43,175.58,4071,175.590613
2023-10-18 22:09:00+00:00,175.67,175.79,175.67,34,175.67,784,175.70882
2023-10-18 22:10:00+00:00,175.54,175.72,175.54,17,175.7,867,175.659729
2023-10-18 22:12:00+00:00,175.6,175.65,175.6,30,175.62,978,175.627474
2023-10-18 22:14:00+00:00,175.59,175.59,175.59,21,175.59,364,175.638022
2023-10-18 22:15:00+00:00,175.6052,175.6052,175.6052,11,175.6052,376,175.608271
2023-10-18 22:17:00+00:00,175.6,175.7,175.6,32,175.69,2124,175.63515
2023-10-18 22:18:00+00:00,175.56,175.56,175.56,21,175.56,335,175.556836
2023-10-18 22:21:00+00:00,175.56,175.56,175.56,30,175.56,269,175.533197
2023-10-18 22:22:00+00:00,175.58,175.58,175.52,37,175.52,1069,175.536997
2023-10-18 22:24:00+00:00,175.54,175.54,175.51,15,175.51,721,175.516512
2023-10-18 22:25:00+00:00,175.58,175.58,175.58,16,175.58,401,175.574788
2023-10-18 22:27:00+00:00,175.57,175.57,175.57,27,175.57,475,175.557928
2023-10-18 22:29:00+00:00,175.51,175.51,175.51,25,175.51,1412,175.510251
2023-10-18 22:30:00+00:00,175.7,175.7,175.56,75,175.56,6535,175.625992
2023-10-18 22:31:00+00:00,175.75,175.75,175.62,55,175.71,5789,175.733207
2023-10-18 22:32:00+00:00,175.65,175.78,175.65,51,175.78,1486,175.702655
2023-10-18 22:33:00+00:00,175.62,175.62,175.62,26,175.62,750,175.632267
2023-10-18 22:35:00+00:00,175.605,175.605,175.605,11,175.605,213,175.608427
2023-10-18 22:41:00+00:00,175.57,175.57,175.57,17,175.57,508,175.571427
2023-10-18 22:45:00+00:00,175.58,175.58,175.57,31,175.57,1280,175.592125
2023-10-18 22:46:00+00:00,175.61,175.61,175.61,10,175.61,553,175.607758
2023-10-18 22:47:00+00:00,175.6,175.6,175.6,30,175.6,915,175.602
2023-10-18 22:48:00+00:00,175.531,175.6,175.531,13,175.57,1041,175.569231
2023-10-18 22:49:00+00:00,175.56,175.56,175.56,13,175.56,230,175.546609
2023-10-18 22:50:00+00:00,175.59,175.59,175.54,14,175.57,2874,175.568954
2023-10-18 22:53:00+00:00,175.5881,175.5881,175.5881,13,175.5881,344,175.569186
2023-10-18 22:56:00+00:00,175.52,175.52,175.52,14,175.52,300,175.5311
2023-10-18 22:57:00+00:00,175.55,175.55,175.55,10,175.55,134,175.550784
2023-10-18 22:59:00+00:00,175.56,175.56,175.56,12,175.56,941,175.560866
2023-10-18 23:00:00+00:00,175.64,175.64,175.56,21,175.56,1152,175.588945
2023-10-18 23:02:00+00:00,175.61,175.61,175.61,12,175.61,330,175.615606
2023-10-18 23:08:00+00:00,175.55,175.55,175.55,11,175.55,212,175.547524
2023-10-18 23:09:00+00:00,175.57,175.57,175.57,10,175.57,157,175.570955
2023-10-18 23:10:00+00:00,175.65,175.65,175.57,25,175.57,1155,175.593221
2023-10-18 23:11:00+00:00,175.64,175.65,175.62,17,175.62,984,175.638516
2023-10-18 23:13:00+00:00,175.58,175.58,175.58,22,175.58,753,175.580239
2023-10-18 23:14:00+00:00,175.65,175.65,175.6,27,175.6,759,175.616107
2023-10-18 23:16:00+00:00,175.65,175.65,175.61,23,175.65,646,175.625604
2023-10-18 23:17:00+00:00,175.68,175.69,175.6,32,175.6,1923,175.65423
2023-10-18 23:18:00+00:00,175.65,175.65,175.63,20,175.63,1965,175.647499
2023-10-18 23:20:00+00:00,175.63,175.63,175.63,12,175.63,358,175.62824
2023-10-18 23:23:00+00:00,175.55,175.55,175.55,22,175.55,425,175.552506
2023-10-18 23:24:00+00:00,175.55,175.55,175.55,27,175.55,694,175.556729
2023-10-18 23:25:00+00:00,175.54,175.55,175.54,20,175.55,562,175.546842
2023-10-18 23:26:00+00:00,175.54,175.54,175.54,15,175.54,845,175.540071
2023-10-18 23:27:00+00:00,175.51,175.52,175.51,23,175.52,723,175.520913
2023-10-18 23:28:00+00:00,175.53,175.53,175.53,27,175.53,512,175.523281
2023-10-18 23:29:00+00:00,175.54,175.54,175.51,24,175.51,633,175.524961
2023-10-18 23:31:00+00:00,175.55,175.55,175.52,34,175.52,2770,175.526323
2023-10-18 23:35:00+00:00,175.55,175.55,175.55,9,175.55,460,175.572076
2023-10-18 23:36:00+00:00,175.59,175.59,175.59,8,175.59,206,175.583325
2023-10-18 23:37:00+00:00,175.56,175.56,175.56,9,175.56,505,175.560416
2023-10-18 23:39:00+00:00,175.56,175.56,175.55,22,175.55,1157,175.554628
2023-10-18 23:43:00+00:00,175.58,175.58,175.58,15,175.58,433,175.57642
2023-10-18 23:48:00+00:00,175.59,175.59,175.59,10,175.59,148,175.583311
2023-10-18 23:54:00+00:00,175.57,175.57,175.52,15,175.52,4176,175.521812
2023-10-18 23:55:00+00:00,175.52,175.53,175.52,33,175.53,638,175.521285
2023-10-18 23:56:00+00:00,175.51,175.51,175.51,27,175.51,750,175.511293
2023-10-18 23:57:00+00:00,175.51,175.51,175.5,39,175.5,542,175.505464
2023-10-18 23:58:00+00:00,175.52,175.54,175.51,24,175.51,1078,175.519569
2023-10-18 23:59:00+00:00,175.5,175.58,175.4987,47,175.5,1891,175.513585
