timestamp,close,high,low,trade_count,open,volume,vwap
2023-02-10 00:02:00+00:00,151.0,151.0,151.0,34,151.0,1740,150.999379
2023-02-10 00:03:00+00:00,150.93,150.93,150.93,13,150.93,525,150.930343
2023-02-10 00:04:00+00:00,150.9,150.9,150.9,39,150.9,393,150.89458
2023-02-10 00:05:00+00:00,150.81,150.87,150.81,69,150.87,3408,150.843317
2023-02-10 00:06:00+00:00,150.85,150.85,150.85,8,150.85,265,150.849132
2023-02-10 00:07:00+00:00,150.7,150.85,150.7,73,150.85,2888,150.734434
2023-02-10 00:08:00+00:00,150.79,150.79,150.79,18,150.79,619,150.784927
2023-02-10 00:09:00+00:00,150.75,150.75,150.75,18,150.75,1456,150.754021
2023-02-10 00:10:00+00:00,150.77,150.77,150.77,10,150.77,486,150.773148
2023-02-10 00:13:00+00:00,150.8,150.8,150.75,11,150.75,390,150.7725
2023-02-10 00:15:00+00:00,150.77,150.77,150.77,15,150.77,940,150.773574
2023-02-10 00:17:00+00:00,150.76,150.76,150.76,18,150.76,405,150.766753
2023-02-10 00:18:00+00:00,150.73,150.75,150.73,20,150.75,2071,150.742298
2023-02-10 00:19:00+00:00,150.71,150.73,150.71,19,150.73,634,150.723691
2023-02-10 00:24:00+00:00,150.7,150.79,150.7,21,150.79,625,150.719096
2023-02-10 00:26:00+00:00,150.75,150.75,150.75,11,150.75,247,150.750243
2023-02-10 00:27:00+00:00,150.71,150.71,150.71,16,150.71,1358,150.710644
2023-02-10 00:28:00+00:00,150.73,150.73,150.69,17,150.71,1134,150.703399
2023-02-10 00:29:00+00:00,150.6,150.6,150.6,22,150.6,440,150.605386
2023-02-10 00:30:00+00:00,150.6,150.6,150.6,15,150.6,645,150.593946
2023-02-10 00:32:00+00:00,150.7,150.7,150.7,33,150.7,478,150.611663
2023-02-10 00:33:00+00:00,150.65,150.65,150.55,24,150.55,1387,150.599993
2023-02-10 00:34:00+00:00,150.62,150.65,150.62,16,150.65,1385,150.630845
2023-02-10 00:35:00+00:00,150.65,150.65,150.65,15,150.65,314,150.624904
2023-02-10 00:37:00+00:00,150.63,150.63,150.61,14,150.61,475,150.615768
2023-02-10 00:38:00+00:00,150.65,150.65,150.64,17,150.64,2008,150.649407
2023-02-10 00:40:00+00:00,150.61,150.67,150.61,24,150.67,936,150.64219
2023-02-10 00:41:00+00:00,150.7,150.7,150.55,54,150.57,3680,150.59031
2023-02-10 00:42:00+00:00,150.68,150.68,150.68,11,150.68,370,150.672865
2023-02-10 00:43:00+00:00,150.6,150.6,150.6,4,150.6,352,150.603011
2023-02-10 00:44:00+00:00,150.7,150.7,150.68,28,150.68,1683,150.68284
2023-02-10 00:46:00+00:00,150.6,150.7,150.6,34,150.61,1557,150.650761
2023-02-10 00:47:00+00:00,150.69,150.69,150.6,39,150.6,1331,150.638456
2023-02-10 00:49:00+00:00,150.79,150.8,150.68,48,150.68,2849,150.751486
2023-02-10 00:50:00+00:00,150.72,150.72,150.72,12,150.72,176,150.719972
2023-02-10 00:51:00+00:00,150.79,150.83,150.78,23,150.78,1799,150.791668
2023-02-10 00:52:00+00:00,150.8,150.8,150.79,26,150.79,987,150.795274
2023-02-10 00:53:00+00:00,150.7,150.8,150.7,43,150.8,1733,150.739469
2023-02-10 00:54:00+00:00,150.75,150.8,150.68,24,150.68,1772,150.718378
2023-02-10 00:55:00+00:00,150.7,150.7,150.65,9,150.65,1121,150.655674
2023-02-10 00:56:00+00:00,150.62,150.65,150.62,24,150.65,1070,150.63978
2023-02-10 00:57:00+00:00,150.63,150.63,150.6,35,150.6,695,150.601712
2023-02-10 00:58:00+00:00,150.63,150.63,150.62,42,150.62,2605,150.624089
2023-02-10 00:59:00+00:00,150.75,150.75,150.63,40,150.63,3598,150.710503
2023-02-10 09:00:00+00:00,150.39,150.75,150.39,43,150.4,1945,150.420252
2023-02-10 09:01:00+00:00,150.4,150.4,150.24,35,150.24,1486,150.358748
2023-02-10 09:02:00+00:00,150.27,150.31,150.25,39,150.31,1889,150.287607
2023-02-10 09:04:00+00:00,150.3,150.3,150.26,25,150.3,822,150.296873
2023-02-10 09:06:00+00:00,150.11,150.38,150.0,172,150.38,5461,150.217733
2023-02-10 09:08:00+00:00,150.19,150.19,150.19,17,150.19,256,150.168984
2023-02-10 09:11:00+00:00,150.15,150.25,150.05,28,150.25,1353,150.157576
2023-02-10 09:12:00+00:00,150.11,150.11,150.05,75,150.07,1910,150.107634
2023-02-10 09:15:00+00:00,150.0,150.13,150.0,70,150.13,1622,150.05651
2023-02-10 09:16:00+00:00,150.0,150.0,150.0,94,150.0,2171,149.990843
2023-02-10 09:17:00+00:00,149.81,149.9,149.78,38,149.81,2515,149.807105
2023-02-10 09:18:00+00:00,149.86,149.86,149.81,25,149.81,1408,149.828679
2023-02-10 09:20:00+00:00,150.11,150.12,150.0,66,150.0,4289,150.07959
2023-02-10 09:21:00+00:00,150.1,150.11,150.1,14,150.11,510,150.100255
2023-02-10 09:22:00+00:00,150.14,150.14,150.14,28,150.14,1030,150.146573
2023-02-10 09:25:00+00:00,149.99,149.99,149.99,26,149.99,774,149.995013
2023-02-10 09:26:00+00:00,149.99,149.99,149.99,9,149.99,144,149.992222
2023-02-10 09:28:00+00:00,149.99,149.99,149.99,9,149.99,166,149.97753
2023-02-10 09:29:00+00:00,149.91,149.95,149.91,48,149.95,2371,149.935706
2023-02-10 09:31:00+00:00,149.93,149.93,149.9,31,149.9,1161,149.907769
2023-02-10 09:32:00+00:00,149.9,149.9,149.9,21,149.9,610,149.924902
2023-02-10 09:33:00+00:00,149.95,149.95,149.95,17,149.95,660,149.945379
2023-02-10 09:37:00+00:00,149.94,149.94,149.91,22,149.91,438,149.925137
2023-02-10 09:38:00+00:00,149.85,149.85,149.85,19,149.85,356,149.874017
2023-02-10 09:40:00+00:00,149.91,149.91,149.83,30,149.83,2542,149.86967
2023-02-10 09:41:00+00:00,149.91,149.91,149.91,25,149.91,699,149.933147
2023-02-10 09:45:00+00:00,149.85,149.85,149.85,32,149.85,611,149.864746
2023-02-10 09:46:00+00:00,149.9,149.9,149.9,24,149.9,690,149.895203
2023-02-10 09:47:00+00:00,149.92,149.92,149.92,30,149.92,860,149.925105
2023-02-10 09:48:00+00:00,149.7,149.83,149.7,72,149.83,2609,149.779586
2023-02-10 09:49:00+00:00,149.51,149.7,149.51,119,149.7,4121,149.611162
2023-02-10 09:50:00+00:00,149.5,149.52,149.5,22,149.52,1017,149.528614
2023-02-10 09:51:00+00:00,149.41,149.41,149.41,50,149.41,1136,149.436699
2023-02-10 09:52:00+00:00,149.62,149.62,149.62,29,149.62,928,149.591013
2023-02-10 09:53:00+00:00,149.66,149.66,149.66,28,149.66,561,149.662799
2023-02-10 09:54:00+00:00,149.61,149.61,149.61,25,149.61,499,149.644649
2023-02-10 09:55:00+00:00,149.65,149.65,149.62,27,149.62,689,149.634499
2023-02-10 09:56:00+00:00,149.53,149.53,149.45,44,149.49,1659,149.512049
2023-02-10 09:57:00+00:00,149.42,149.5,149.4,52,149.5,1913,149.441594
2023-02-10 09:58:00+00:00,149.34,149.36,149.34,63,149.34,3237,149.360843
2023-02-10 10:00:00+00:00,149.31,149.42,149.31,55,149.39,3157,149.37618
2023-02-10 10:01:00+00:00,149.18,149.3,149.18,46,149.3,1730,149.25878
2023-02-10 10:03:00+00:00,149.33,149.33,149.3,38,149.32,1445,149.296388
2023-02-10 10:04:00+00:00,149.48,149.48,149.48,31,149.48,828,149.455459
2023-02-10 10:06:00+00:00,149.3,149.41,149.3,38,149.31,1712,149.347471
2023-02-10 10:07:00+00:00,149.31,149.31,149.31,32,149.31,848,149.30888
2023-02-10 10:08:00+00:00,149.27,149.27,149.22,33,149.22,1904,149.255987
2023-02-10 10:09:00+00:00,149.27,149.27,149.27,8,149.27,549,149.271967
2023-02-10 10:10:00+00:00,149.2,149.27,149.2,18,149.27,2140,149.208187
2023-02-10 10:11:00+00:00,149.21,149.21,149.21,26,149.21,236,149.192246
2023-02-10 10:15:00+00:00,149.11,149.12,149.11,61,149.11,1587,149.111544
2023-02-10 10:16:00+00:00,149.06,149.08,149.06,35,149.08,1234,149.070543
2023-02-10 10:18:00+00:00,149.04,149.05,149.03,33,149.03,1683,149.041474
2023-02-10 10:23:00+00:00,149.01,149.01,149.01,18,149.01,512,149.02377
2023-02-10 10:24:00+00:00,149.03,149.03,149.03,15,149.03,685,149.029547
2023-02-10 10:26:00+00:00,149.01,149.01,149.0,96,149.01,2643,149.003451
2023-02-10 10:28:00+00:00,149.07,149.07,149.03,32,149.03,1391,149.051524
2023-02-10 10:30:00+00:00,149.19,149.19,149.19,22,149.19,796,149.171256
2023-02-10 10:32:00+00:00,149.1,149.12,149.09,30,149.12,1816,149.096624
2023-02-10 10:35:00+00:00,149.12,149.12,149.12,23,149.12,684,149.129795
2023-02-10 10:38:00+00:00,149.24,149.24,149.16,39,149.17,1305,149.190889
2023-02-10 10:40:00+00:00,149.23,149.3,149.23,39,149.23,2878,149.255865
2023-02-10 10:41:00+00:00,149.27,149.3,149.26,17,149.3,895,149.27838
2023-02-10 10:42:00+00:00,149.24,149.27,149.24,33,149.26,1501,149.254304
2023-02-10 10:43:00+00:00,149.15,149.15,149.15,23,149.15,612,149.158775
2023-02-10 10:45:00+00:00,149.19,149.19,149.19,17,149.19,435,149.190046
2023-02-10 10:46:00+00:00,149.24,149.24,149.19,12,149.19,555,149.217712
2023-02-10 10:48:00+00:00,149.29,149.29,149.29,14,149.29,521,149.283033
2023-02-10 10:49:00+00:00,149.3,149.3,149.3,17,149.3,817,149.298421
2023-02-10 10:51:00+00:00,149.25,149.25,149.25,26,149.25,663,149.264329
2023-02-10 10:52:00+00:00,149.25,149.25,149.25,19,149.25,709,149.255444
2023-02-10 10:57:00+00:00,149.3,149.3,149.3,29,149.3,607,149.302488
2023-02-10 10:58:00+00:00,149.37,149.37,149.33,34,149.34,1634,149.342344
2023-02-10 10:59:00+00:00,149.37,149.37,149.37,12,149.37,466,149.37
2023-02-10 11:02:00+00:00,149.25,149.25,149.25,29,149.25,660,149.258939
2023-02-10 11:03:00+00:00,149.16,149.16,149.12,39,149.15,1407,149.170967
2023-02-10 11:04:00+00:00,149.16,149.16,149.14,17,149.14,507,149.161479
2023-02-10 11:05:00+00:00,149.16,149.16,149.16,20,149.16,210,149.159619
2023-02-10 11:06:00+00:00,149.1,149.11,149.1,110,149.11,2306,149.083534
2023-02-10 11:07:00+00:00,149.01,149.01,149.01,12,149.01,328,149.022165
2023-02-10 11:08:00+00:00,149.0,149.01,149.0,51,149.01,2192,149.007304
2023-02-10 11:09:00+00:00,149.0,149.01,149.0,26,149.01,632,149.003576
2023-02-10 11:10:00+00:00,149.01,149.02,149.01,15,149.02,688,149.022965
2023-02-10 11:11:00+00:00,149.0,149.01,149.0,33,149.01,1877,149.006681
2023-02-10 11:12:00+00:00,148.9,149.0,148.9,106,149.0,8189,148.988244
2023-02-10 11:14:00+00:00,148.9,148.92,148.9,12,148.92,527,148.916698
2023-02-10 11:16:00+00:00,148.88,148.88,148.88,38,148.88,664,148.88256
2023-02-10 11:18:00+00:00,148.91,148.94,148.91,33,148.94,1595,148.921216
2023-02-10 11:19:00+00:00,148.88,148.92,148.88,36,148.92,922,148.889458
2023-02-10 11:22:00+00:00,148.88,148.88,148.87,39,148.88,2140,148.870841
2023-02-10 11:29:00+00:00,148.84,148.84,148.8,35,148.8,739,148.807727
2023-02-10 11:30:00+00:00,148.81,148.81,148.81,19,148.81,441,148.804218
2023-02-10 11:32:00+00:00,148.84,148.84,148.82,28,148.82,1329,148.823815
2023-02-10 11:34:00+00:00,148.82,148.82,148.82,21,148.82,362,148.823315
2023-02-10 11:35:00+00:00,148.79,148.8,148.79,81,148.8,4544,148.790301
2023-02-10 11:37:00+00:00,148.79,148.79,148.79,30,148.79,1144,148.787552
2023-02-10 11:38:00+00:00,148.7,148.7,148.7,17,148.7,351,148.709345
2023-02-10 11:39:00+00:00,148.73,148.73,148.73,12,148.73,376,148.730372
2023-02-10 11:40:00+00:00,148.75,148.75,148.75,34,148.75,561,148.782014
2023-02-10 11:41:00+00:00,148.84,148.84,148.84,16,148.84,589,148.819762
2023-02-10 11:43:00+00:00,148.86,148.86,148.85,27,148.85,1957,148.856091
2023-02-10 11:44:00+00:00,148.85,148.85,148.85,24,148.85,442,148.83767
2023-02-10 11:45:00+00:00,148.89,148.89,148.89,16,148.89,783,148.87811
2023-02-10 11:48:00+00:00,148.74,148.74,148.73,13,148.73,442,148.73138
2023-02-10 11:49:00+00:00,148.74,148.74,148.74,45,148.74,1202,148.753311
2023-02-10 11:50:00+00:00,148.74,148.74,148.74,56,148.74,9668,148.740796
2023-02-10 11:51:00+00:00,148.73,148.73,148.73,32,148.73,1021,148.732165
2023-02-10 12:00:00+00:00,148.99,149.0,148.86,478,148.86,31964,148.969918
2023-02-10 12:01:00+00:00,148.97,148.98,148.95,57,148.98,2528,148.959972
2023-02-10 12:02:00+00:00,149.0,149.0,148.96,55,149.0,8946,148.988518
2023-02-10 12:03:00+00:00,148.99,149.03,148.98,71,149.0,7722,148.998179
2023-02-10 12:04:00+00:00,148.9,149.0,148.9,62,148.96,5717,148.957534
2023-02-10 12:05:00+00:00,148.87,148.91,148.87,47,148.91,2864,148.899113
2023-02-10 12:06:00+00:00,148.86,148.86,148.86,26,148.86,613,148.858108
2023-02-10 12:08:00+00:00,148.8,148.85,148.8,83,148.83,9574,148.805896
2023-02-10 12:09:00+00:00,148.77,148.78,148.77,74,148.78,6008,148.769799
2023-02-10 12:10:00+00:00,148.77,148.77,148.75,65,148.75,2733,148.765196
2023-02-10 12:11:00+00:00,148.9,148.9,148.88,50,148.88,1352,148.859556
2023-02-10 12:13:00+00:00,148.96,148.96,148.96,37,148.96,1305,148.954621
2023-02-10 12:14:00+00:00,148.95,148.95,148.95,21,148.95,682,148.933739
2023-02-10 12:15:00+00:00,148.89,148.89,148.89,18,148.89,666,148.878949
2023-02-10 12:16:00+00:00,148.96,148.96,148.9,43,148.92,1436,148.922563
2023-02-10 12:20:00+00:00,148.9,148.9,148.9,37,148.9,840,148.909429
2023-02-10 12:24:00+00:00,149.0,149.0,148.99,30,148.99,1258,148.992075
2023-02-10 12:25:00+00:00,148.95,148.99,148.94,63,148.99,2088,148.974751
2023-02-10 12:26:00+00:00,148.99,148.99,148.99,18,148.99,676,148.990784
2023-02-10 12:28:00+00:00,149.02,149.06,149.02,25,149.06,895,149.037709
2023-02-10 12:29:00+00:00,149.07,149.07,149.01,83,149.02,4554,149.049398
2023-02-10 12:30:00+00:00,148.95,149.01,148.95,75,149.01,2849,148.992534
2023-02-10 12:31:00+00:00,148.9,148.94,148.9,60,148.94,2046,148.927972
2023-02-10 12:32:00+00:00,148.99,149.0,148.98,61,148.98,4798,148.986346
2023-02-10 12:33:00+00:00,149.0,149.0,148.99,34,148.99,1919,148.997879
2023-02-10 12:35:00+00:00,149.09,149.09,149.02,66,149.02,3061,149.075933
2023-02-10 12:36:00+00:00,148.99,149.02,148.99,50,149.02,1813,149.009327
2023-02-10 12:38:00+00:00,148.95,148.97,148.95,43,148.97,1275,148.959506
2023-02-10 12:39:00+00:00,148.96,148.96,148.96,36,148.96,1129,148.975013
2023-02-10 12:41:00+00:00,149.0,149.0,148.97,34,148.97,1895,149.006332
2023-02-10 12:44:00+00:00,148.94,148.94,148.94,98,148.94,3051,148.95626
2023-02-10 12:46:00+00:00,149.02,149.02,149.02,63,149.02,2136,149.016854
2023-02-10 12:48:00+00:00,148.96,149.0,148.93,52,149.0,1858,148.9557
2023-02-10 12:49:00+00:00,148.93,148.93,148.93,60,148.93,2027,148.946251
2023-02-10 12:50:00+00:00,149.03,149.03,148.94,68,148.94,3607,148.995032
2023-02-10 12:51:00+00:00,148.97,149.0,148.97,24,149.0,1222,148.993388
2023-02-10 12:52:00+00:00,148.95,148.96,148.95,20,148.96,517,148.95764
2023-02-10 12:53:00+00:00,148.9,148.97,148.9,68,148.97,5137,148.913321
2023-02-10 12:54:00+00:00,148.9,148.93,148.9,39,148.93,4218,148.904462
2023-02-10 12:56:00+00:00,148.92,148.93,148.92,46,148.93,2061,148.93099
2023-02-10 12:57:00+00:00,148.92,148.92,148.92,25,148.92,583,148.92187
2023-02-10 12:58:00+00:00,148.92,148.92,148.9,21,148.91,822,148.911241
2023-02-10 12:59:00+00:00,148.93,148.93,148.93,36,148.93,1020,148.923196
2023-02-10 13:00:00+00:00,150.264,150.264,148.73,769,148.8588,83986,148.962425
2023-02-10 13:01:00+00:00,149.0,150.3,148.7915,941,148.9,10196,149.555538
2023-02-10 13:02:00+00:00,149.0,149.0685,148.99,182,149.0685,2052,149.092503
2023-02-10 13:03:00+00:00,149.0,149.0,149.0,33,149.0,2237,149.000235
2023-02-10 13:04:00+00:00,149.04,149.04,148.9997,49,149.0,3484,149.007207
2023-02-10 13:05:00+00:00,149.0,149.0,148.98,51,149.0,7772,148.999961
2023-02-10 13:06:00+00:00,149.0,149.05,149.0,53,149.05,2382,149.027923
2023-02-10 13:07:00+00:00,148.97,149.0199,148.97,54,149.0199,1665,148.988538
2023-02-10 13:08:00+00:00,149.07,149.07,149.01,61,149.02,2731,149.027479
2023-02-10 13:09:00+00:00,149.1399,149.1399,149.07,64,149.07,2500,149.110598
2023-02-10 13:10:00+00:00,149.15,149.15,149.1117,58,149.1117,4718,149.124449
2023-02-10 13:11:00+00:00,149.27,149.28,149.15,76,149.15,2480,149.230707
2023-02-10 13:12:00+00:00,149.3,149.3,149.27,44,149.27,7912,149.291619
2023-02-10 13:13:00+00:00,149.35,149.38,149.29,113,149.29,12929,149.331738
2023-02-10 13:14:00+00:00,149.35,149.39,149.3003,74,149.36,5920,149.356648
2023-02-10 13:15:00+00:00,149.47,149.4895,149.36,77,149.38,6985,149.425488
2023-02-10 13:16:00+00:00,149.4889,149.49,149.42,58,149.4895,5631,149.463525
2023-02-10 13:17:00+00:00,149.45,149.52,149.45,82,149.5,1432,149.496305
2023-02-10 13:18:00+00:00,149.4,149.43,149.4,113,149.43,13691,149.410789
2023-02-10 13:19:00+00:00,149.42,149.42,149.42,39,149.42,913,149.432897
2023-02-10 13:20:00+00:00,149.44,149.44,149.4,63,149.42,3557,149.421219
2023-02-10 13:21:00+00:00,149.4,149.45,149.36,65,149.45,3779,149.392587
2023-02-10 13:22:00+00:00,149.3,149.3973,149.3,78,149.3973,4435,149.350793
2023-02-10 13:23:00+00:00,149.3,149.3,149.26,58,149.27,3165,149.282174
2023-02-10 13:24:00+00:00,149.35,149.35,149.28,84,149.3,5824,149.323606
2023-02-10 13:25:00+00:00,149.37,149.37,149.36,53,149.36,4432,149.366933
2023-02-10 13:26:00+00:00,149.3899,149.3899,149.3899,60,149.3899,2700,149.385809
2023-02-10 13:27:00+00:00,149.41,149.41,149.41,53,149.41,891,149.376777
2023-02-10 13:28:00+00:00,149.44,149.46,149.4002,44,149.44,3109,149.442013
2023-02-10 13:29:00+00:00,149.36,149.36,149.36,57,149.36,2366,149.375242
2023-02-10 13:30:00+00:00,149.2511,149.37,149.2511,103,149.37,3755,149.316141
2023-02-10 13:31:00+00:00,149.26,149.3,149.25,58,149.25,1788,149.271292
2023-02-10 13:32:00+00:00,149.26,149.26,149.25,41,149.25,1235,149.259757
2023-02-10 13:33:00+00:00,149.34,149.34,149.33,64,149.33,1415,149.334401
2023-02-10 13:34:00+00:00,149.33,149.4,149.33,83,149.4,3934,149.386702
2023-02-10 13:35:00+00:00,149.3,149.33,149.3,32,149.33,960,149.310186
2023-02-10 13:36:00+00:00,149.3551,149.3551,149.29,65,149.29,3457,149.308647
2023-02-10 13:37:00+00:00,149.37,149.37,149.37,50,149.37,1142,149.365195
2023-02-10 13:38:00+00:00,149.35,149.37,149.35,46,149.37,1498,149.354992
2023-02-10 13:39:00+00:00,149.33,149.3571,149.3,48,149.32,2305,149.334138
2023-02-10 13:40:00+00:00,149.37,149.37,149.33,42,149.33,1388,149.330476
2023-02-10 13:41:00+00:00,149.39,149.39,149.38,49,149.38,1152,149.384337
2023-02-10 13:43:00+00:00,149.5,149.5,149.44,95,149.44,4915,149.492832
2023-02-10 13:44:00+00:00,149.55,149.57,149.55,56,149.5642,1644,149.561856
2023-02-10 13:45:00+00:00,149.53,149.56,149.5002,93,149.56,4119,149.537849
2023-02-10 13:46:00+00:00,149.52,149.52,149.52,54,149.52,1370,149.508556
2023-02-10 13:47:00+00:00,149.37,149.52,149.37,65,149.52,5894,149.432789
2023-02-10 13:48:00+00:00,149.48,149.48,149.4281,44,149.4281,1737,149.443314
2023-02-10 13:49:00+00:00,149.56,149.56,149.48,65,149.5,2742,149.503864
2023-02-10 13:50:00+00:00,149.56,149.56,149.5147,40,149.5147,1228,149.545314
2023-02-10 13:51:00+00:00,149.63,149.67,149.56,73,149.57,5326,149.627766
2023-02-10 13:52:00+00:00,149.7,149.72,149.66,78,149.66,4133,149.707472
2023-02-10 13:53:00+00:00,149.7,149.72,149.64,50,149.68,3650,149.659983
2023-02-10 13:54:00+00:00,149.69,149.72,149.67,73,149.7,2059,149.6874
2023-02-10 13:55:00+00:00,149.53,149.7,149.53,121,149.69,7375,149.636159
2023-02-10 13:56:00+00:00,149.5284,149.54,149.48,124,149.54,15281,149.517022
2023-02-10 13:57:00+00:00,149.44,149.5,149.44,47,149.5,4929,149.496216
2023-02-10 13:58:00+00:00,149.48,149.48,149.44,62,149.44,4832,149.46482
2023-02-10 13:59:00+00:00,149.46,149.5,149.46,44,149.5,1258,149.486489
2023-02-10 14:00:00+00:00,149.46,149.46,149.44,48,149.44,1142,149.442542
2023-02-10 14:02:00+00:00,149.5,149.5,149.5,70,149.5,2377,149.489157
2023-02-10 14:03:00+00:00,149.31,149.46,149.31,142,149.45,5561,149.407358
2023-02-10 14:04:00+00:00,149.3513,149.3513,149.29,76,149.35,2821,149.323617
2023-02-10 14:06:00+00:00,149.4,149.4,149.33,62,149.33,4052,149.360791
2023-02-10 14:07:00+00:00,149.44,149.44,149.4,69,149.4,2557,149.414428
2023-02-10 14:08:00+00:00,149.3,149.37,149.3,94,149.37,2310,149.333783
2023-02-10 14:09:00+00:00,149.32,149.35,149.28,53,149.28,3230,149.333221
2023-02-10 14:10:00+00:00,149.35,149.35,149.35,42,149.35,782,149.342546
2023-02-10 14:11:00+00:00,149.32,149.37,149.26,158,149.37,9429,149.310893
2023-02-10 14:12:00+00:00,149.3,149.34,149.3,60,149.32,5706,149.319364
2023-02-10 14:13:00+00:00,149.43,149.43,149.32,69,149.35,3657,149.362783
2023-02-10 14:14:00+00:00,149.5,149.5,149.47,65,149.47,2101,149.485582
2023-02-10 14:15:00+00:00,149.4999,149.53,149.47,61,149.53,5415,149.511351
2023-02-10 14:16:00+00:00,149.5,149.5,149.47,34,149.5,897,149.492436
2023-02-10 14:17:00+00:00,149.42,149.4407,149.4,68,149.4407,2351,149.426706
2023-02-10 14:18:00+00:00,149.45,149.45,149.42,49,149.42,1888,149.438889
2023-02-10 14:19:00+00:00,149.44,149.47,149.42,54,149.42,1343,149.453992
2023-02-10 14:20:00+00:00,149.44,149.44,149.44,36,149.44,690,149.443109
2023-02-10 14:22:00+00:00,149.38,149.38,149.31,51,149.3192,976,149.363768
2023-02-10 14:23:00+00:00,149.37,149.37,149.31,47,149.35,934,149.338822
2023-02-10 14:24:00+00:00,149.36,149.36,149.36,39,149.36,608,149.354621
2023-02-10 14:25:00+00:00,149.47,149.5,149.35,108,149.35,4159,149.419917
2023-02-10 14:26:00+00:00,149.5,149.5,149.45,61,149.4626,2241,149.483786
2023-02-10 14:27:00+00:00,149.2,149.54,149.1,408,149.49,23138,149.331402
2023-02-10 14:28:00+00:00,149.25,149.44,149.2,76,149.2,4301,149.312049
2023-02-10 14:29:00+00:00,149.42,149.42,149.26,87,149.26,6760,149.365766
2023-02-10 14:30:00+00:00,150.17,150.26,149.22,10873,149.49,1655375,149.465011
2023-02-10 14:31:00+00:00,150.31,150.4,149.98,8212,150.12,289512,150.172786
2023-02-10 14:32:00+00:00,149.9699,150.36,149.9405,7994,150.305,236794,150.132858
2023-02-10 14:33:00+00:00,150.05,150.24,149.915,4608,149.95,214259,150.064708
2023-02-10 14:34:00+00:00,150.0599,150.23,149.93,1719,150.03,178793,150.059077
2023-02-10 14:35:00+00:00,150.342,150.35,149.96,2077,150.0515,224963,150.170222
2023-02-10 14:36:00+00:00,150.17,150.43,150.1,1993,150.3484,252067,150.252394
2023-02-10 14:37:00+00:00,150.205,150.3,150.12,1618,150.17,140729,150.197113
2023-02-10 14:38:00+00:00,150.034,150.22,149.94,1918,150.21,258542,150.061278
2023-02-10 14:39:00+00:00,150.13,150.22,149.911,1674,150.02,174336,150.0344
2023-02-10 14:40:00+00:00,149.69,150.19,149.62,2913,150.1381,344849,149.808667
2023-02-10 14:41:00+00:00,150.05,150.0801,149.65,2040,149.69,248067,149.932334
2023-02-10 14:42:00+00:00,149.77,150.05,149.7,1813,150.05,244737,149.83928
2023-02-10 14:43:00+00:00,149.91,149.91,149.6,1851,149.78,226673,149.74657
2023-02-10 14:44:00+00:00,149.9302,150.04,149.884,1866,149.9081,174226,149.950235
2023-02-10 14:45:00+00:00,150.32,150.36,149.81,2703,149.95,318755,150.13953
2023-02-10 14:46:00+00:00,150.39,150.5295,150.25,2230,150.32,220010,150.384027
2023-02-10 14:47:00+00:00,150.1883,150.4,149.97,2321,150.4,231972,150.147374
2023-02-10 14:48:00+00:00,150.305,150.34,149.98,1300,150.18,126318,150.150599
2023-02-10 14:49:00+00:00,150.4202,150.47,150.24,1444,150.28,177425,150.362915
2023-02-10 14:50:00+00:00,150.44,150.465,150.0401,1574,150.43,193480,150.257308
2023-02-10 14:51:00+00:00,150.4201,150.56,150.3,1551,150.4399,170621,150.438676
2023-02-10 14:52:00+00:00,149.881,150.45,149.87,1648,150.43,168484,150.111366
2023-02-10 14:53:00+00:00,150.01,150.03,149.81,1574,149.875,177716,149.907251
2023-02-10 14:54:00+00:00,149.87,150.03,149.73,1339,150.01,147122,149.861225
2023-02-10 14:55:00+00:00,149.93,150.01,149.7706,1189,149.87,152931,149.874202
2023-02-10 14:56:00+00:00,150.06,150.15,149.89,1339,149.9385,140206,150.024828
2023-02-10 14:57:00+00:00,150.1499,150.1499,149.87,1286,150.07,116292,149.99045
2023-02-10 14:58:00+00:00,149.86,150.22,149.86,1177,150.1401,110017,150.020903
2023-02-10 14:59:00+00:00,149.93,149.94,149.7003,1398,149.86,168353,149.804515
2023-02-10 15:00:00+00:00,149.6,149.97,149.39,4214,149.935,454200,149.580644
2023-02-10 15:01:00+00:00,149.68,149.79,149.5501,1565,149.58,161612,149.661295
2023-02-10 15:02:00+00:00,149.45,149.75,149.39,1538,149.69,134015,149.482948
2023-02-10 15:03:00+00:00,149.415,149.4499,149.35,2524,149.44,247678,149.39201
2023-02-10 15:04:00+00:00,149.63,149.635,149.39,1449,149.419,159745,149.501742
2023-02-10 15:05:00+00:00,149.79,150.0,149.63,1983,149.63,182578,149.808898
2023-02-10 15:06:00+00:00,149.5802,149.89,149.57,1354,149.7799,121064,149.71859
2023-02-10 15:07:00+00:00,149.835,149.84,149.51,1246,149.592,130114,149.665293
2023-02-10 15:08:00+00:00,150.11,150.19,149.78,2276,149.83,214431,149.989553
2023-02-10 15:09:00+00:00,149.955,150.12,149.91,2319,150.12,225120,149.996021
2023-02-10 15:10:00+00:00,150.46,150.47,149.9575,2352,149.96,280725,150.261827
2023-02-10 15:11:00+00:00,150.84,150.87,150.45,2816,150.47,275485,150.680583
2023-02-10 15:12:00+00:00,150.67,150.86,150.57,1660,150.84,204539,150.726524
2023-02-10 15:13:00+00:00,150.71,150.8176,150.45,1845,150.675,200503,150.631147
2023-02-10 15:14:00+00:00,150.71,150.8199,150.64,1446,150.71,152765,150.735773
2023-02-10 15:15:00+00:00,150.5701,150.7899,150.56,1175,150.72,106209,150.666119
2023-02-10 15:16:00+00:00,150.8224,150.83,150.47,1723,150.59,166231,150.638789
2023-02-10 15:17:00+00:00,150.71,151.115,150.69,2856,150.84,282843,150.936748
2023-02-10 15:18:00+00:00,150.98,150.98,150.61,1433,150.71,131390,150.791393
2023-02-10 15:19:00+00:00,151.0597,151.09,150.89,2013,150.985,210443,151.016779
2023-02-10 15:20:00+00:00,151.0476,151.13,150.98,1359,151.0374,127711,151.060783
2023-02-10 15:21:00+00:00,150.9889,151.1201,150.94,1194,151.07,97149,151.033382
2023-02-10 15:22:00+00:00,151.225,151.3401,150.9,1968,150.995,236503,151.164681
2023-02-10 15:23:00+00:00,151.085,151.2385,151.0,1458,151.2244,152481,151.134536
2023-02-10 15:24:00+00:00,151.05,151.1099,150.87,1167,151.09,121514,151.003238
2023-02-10 15:25:00+00:00,150.82,151.0999,150.75,1465,151.04,162037,150.938128
2023-02-10 15:26:00+00:00,150.809,150.93,150.73,1277,150.8193,140652,150.83553
2023-02-10 15:27:00+00:00,150.895,150.97,150.7801,1012,150.8188,101830,150.826601
2023-02-10 15:28:00+00:00,150.67,150.895,150.6101,1066,150.895,96632,150.741669
2023-02-10 15:29:00+00:00,150.78,150.78,150.6401,969,150.67,182398,150.724923
2023-02-10 15:30:00+00:00,150.76,150.91,150.68,1352,150.78,124155,150.790378
2023-02-10 15:31:00+00:00,150.615,150.825,150.52,1490,150.76,135111,150.638597
2023-02-10 15:32:00+00:00,150.5,150.6499,150.5,1451,150.62,146486,150.56315
2023-02-10 15:33:00+00:00,150.49,150.59,150.42,1262,150.485,128490,150.493803
2023-02-10 15:34:00+00:00,150.6,150.6,150.44,1010,150.4801,92857,150.525425
2023-02-10 15:35:00+00:00,150.59,150.65,150.5,1214,150.59,99942,150.578503
2023-02-10 15:36:00+00:00,150.67,150.76,150.475,1365,150.595,134955,150.624073
2023-02-10 15:37:00+00:00,150.5736,150.7488,150.52,1243,150.67,133580,150.649351
2023-02-10 15:38:00+00:00,150.45,150.61,150.45,992,150.59,94818,150.509921
2023-02-10 15:39:00+00:00,150.45,150.4744,150.34,1331,150.4681,123315,150.39897
2023-02-10 15:40:00+00:00,150.395,150.47,150.32,1406,150.42,119737,150.374078
2023-02-10 15:41:00+00:00,150.465,150.52,150.35,1289,150.4,195533,150.456823
2023-02-10 15:42:00+00:00,150.3,150.47,150.27,1522,150.445,137401,150.357955
2023-02-10 15:43:00+00:00,150.4057,150.47,150.27,1580,150.29,187314,150.374994
2023-02-10 15:44:00+00:00,150.4779,150.57,150.39,1189,150.41,109807,150.481285
2023-02-10 15:45:00+00:00,150.38,150.475,150.34,1043,150.46,95445,150.402234
2023-02-10 15:46:00+00:00,150.49,150.5467,150.35,1361,150.38,120734,150.462141
2023-02-10 15:47:00+00:00,150.29,150.55,150.2699,1784,150.47,188294,150.41679
2023-02-10 15:48:00+00:00,150.4345,150.465,150.22,1158,150.28,144075,150.342241
2023-02-10 15:49:00+00:00,150.5,150.53,150.4,1108,150.43,97804,150.475551
2023-02-10 15:50:00+00:00,150.39,150.515,150.35,1038,150.49,97393,150.453494
2023-02-10 15:51:00+00:00,150.32,150.4,150.22,1332,150.39,118692,150.306569
2023-02-10 15:52:00+00:00,150.285,150.325,150.24,1051,150.325,108976,150.281719
2023-02-10 15:53:00+00:00,150.065,150.305,150.015,1654,150.29,188815,150.112027
2023-02-10 15:54:00+00:00,150.38,150.39,150.0,1969,150.065,195525,150.160983
2023-02-10 15:55:00+00:00,150.29,150.438,150.2253,1308,150.36,131823,150.343035
2023-02-10 15:56:00+00:00,150.46,150.5,150.3,1090,150.3,113286,150.413825
2023-02-10 15:57:00+00:00,150.4468,150.4999,150.38,876,150.4464,100887,150.44417
2023-02-10 15:58:00+00:00,150.54,150.605,150.36,1391,150.45,151345,150.504465
2023-02-10 15:59:00+00:00,150.37,150.5913,150.36,887,150.55,77938,150.476386
2023-02-10 16:00:00+00:00,150.37,150.48,150.252,1345,150.35,129369,150.343806
2023-02-10 16:01:00+00:00,150.445,150.49,150.36,927,150.385,75053,150.433067
2023-02-10 16:02:00+00:00,150.4603,150.57,150.36,901,150.44,89834,150.462605
2023-02-10 16:03:00+00:00,150.3017,150.48,150.3017,601,150.46,48653,150.390023
2023-02-10 16:04:00+00:00,150.3749,150.42,150.3,694,150.3001,57498,150.354026
2023-02-10 16:05:00+00:00,150.2,150.41,150.191,1094,150.36,99820,150.290573
2023-02-10 16:06:00+00:00,150.42,150.48,150.17,1081,150.19,101216,150.333928
2023-02-10 16:07:00+00:00,150.7129,150.78,150.38,1633,150.41,158480,150.63021
2023-02-10 16:08:00+00:00,150.65,150.91,150.65,1630,150.72,187278,150.788168
2023-02-10 16:09:00+00:00,150.62,150.69,150.55,1236,150.6534,112980,150.624999
2023-02-10 16:10:00+00:00,150.6323,150.73,150.59,898,150.61,79715,150.660956
2023-02-10 16:11:00+00:00,150.7,150.765,150.6101,710,150.64,56812,150.714693
2023-02-10 16:12:00+00:00,150.4737,150.71,150.4712,1079,150.7,124350,150.607742
2023-02-10 16:13:00+00:00,150.34,150.54,150.3,1181,150.47,118006,150.432114
2023-02-10 16:14:00+00:00,150.48,150.48,150.22,949,150.33,92188,150.348805
2023-02-10 16:15:00+00:00,150.44,150.6,150.42,732,150.49,92102,150.527413
2023-02-10 16:16:00+00:00,150.4721,150.51,150.375,705,150.44,67008,150.444456
2023-02-10 16:17:00+00:00,150.56,150.595,150.4521,647,150.48,51216,150.535205
2023-02-10 16:18:00+00:00,150.48,150.58,150.46,609,150.56,59755,150.528502
2023-02-10 16:19:00+00:00,150.555,150.63,150.47,796,150.4812,76214,150.559946
2023-02-10 16:20:00+00:00,150.5499,150.555,150.4127,622,150.55,61687,150.477331
2023-02-10 16:21:00+00:00,150.45,150.5699,150.375,746,150.53,57233,150.464426
2023-02-10 16:22:00+00:00,150.55,150.57,150.45,734,150.455,66673,150.524029
2023-02-10 16:23:00+00:00,150.6382,150.6616,150.49,786,150.54,71031,150.583454
2023-02-10 16:24:00+00:00,150.69,150.71,150.6009,838,150.64,94362,150.660659
2023-02-10 16:25:00+00:00,150.56,150.695,150.51,1123,150.685,101994,150.58468
2023-02-10 16:26:00+00:00,150.32,150.57,150.3,936,150.57,108975,150.407419
2023-02-10 16:27:00+00:00,150.365,150.47,150.28,713,150.31,61910,150.39473
2023-02-10 16:28:00+00:00,150.36,150.42,150.295,757,150.36,88144,150.346498
2023-02-10 16:29:00+00:00,150.2854,150.3715,150.2657,634,150.35,60526,150.313983
2023-02-10 16:30:00+00:00,150.28,150.3499,150.25,821,150.3,74821,150.305314
2023-02-10 16:31:00+00:00,150.1708,150.315,150.15,1083,150.282,91167,150.204121
2023-02-10 16:32:00+00:00,150.1578,150.171,150.05,933,150.171,88038,150.101595
2023-02-10 16:33:00+00:00,150.06,150.16,150.04,654,150.16,55556,150.103896
2023-02-10 16:34:00+00:00,150.12,150.18,150.015,913,150.07,96765,150.101072
2023-02-10 16:35:00+00:00,150.225,150.2699,150.1,924,150.11,99082,150.197821
2023-02-10 16:36:00+00:00,150.2699,150.28,150.174,648,150.23,67479,150.229508
2023-02-10 16:37:00+00:00,150.2344,150.28,150.1691,767,150.27,74908,150.214001
2023-02-10 16:38:00+00:00,150.15,150.25,150.12,796,150.2242,62550,150.162362
2023-02-10 16:39:00+00:00,150.22,150.22,150.11,674,150.1499,47640,150.160538
2023-02-10 16:40:00+00:00,150.2,150.24,150.13,737,150.21,50623,150.177545
2023-02-10 16:41:00+00:00,150.16,150.21,150.1385,565,150.205,40122,150.174143
2023-02-10 16:42:00+00:00,150.26,150.2835,150.15,686,150.1621,67862,150.236805
2023-02-10 16:43:00+00:00,150.135,150.3,150.13,640,150.265,47287,150.227246
2023-02-10 16:44:00+00:00,150.11,150.1645,150.08,798,150.12,86082,150.116464
2023-02-10 16:45:00+00:00,150.0699,150.16,150.05,670,150.11,63330,150.107046
2023-02-10 16:46:00+00:00,149.925,150.105,149.92,1732,150.0601,146957,150.013201
2023-02-10 16:47:00+00:00,149.9111,149.975,149.89,1055,149.93,98777,149.930601
2023-02-10 16:48:00+00:00,149.87,149.93,149.78,1172,149.91,108007,149.843428
2023-02-10 16:49:00+00:00,149.96,149.97,149.81,968,149.8599,100858,149.915299
2023-02-10 16:50:00+00:00,149.87,149.965,149.845,686,149.9612,58655,149.912895
2023-02-10 16:51:00+00:00,149.955,149.975,149.88,651,149.88,56798,149.937539
2023-02-10 16:52:00+00:00,149.91,149.95,149.87,617,149.95,41709,149.906451
2023-02-10 16:53:00+00:00,149.955,149.97,149.87,595,149.8901,42341,149.916528
2023-02-10 16:54:00+00:00,149.99,150.03,149.94,956,149.96,76937,149.980463
2023-02-10 16:55:00+00:00,150.05,150.0592,149.96,556,149.99,43688,150.002552
2023-02-10 16:56:00+00:00,149.995,150.1,149.95,723,150.05,67197,150.015806
2023-02-10 16:57:00+00:00,149.8944,150.035,149.8801,1059,150.0,92455,149.9606
2023-02-10 16:58:00+00:00,149.7586,149.904,149.7,1183,149.895,766639,149.98688
2023-02-10 16:59:00+00:00,149.82,149.8585,149.75,636,149.76,57267,149.819729
2023-02-10 17:00:00+00:00,149.77,149.85,149.74,777,149.81,68512,149.78176
2023-02-10 17:01:00+00:00,149.7899,149.9,149.78,640,149.78,67203,149.84557
2023-02-10 17:02:00+00:00,149.74,149.82,149.73,718,149.78,61986,149.769324
2023-02-10 17:03:00+00:00,149.62,149.77,149.6199,841,149.74,71937,149.698053
2023-02-10 17:04:00+00:00,149.5909,149.64,149.53,1118,149.62,102159,149.586093
2023-02-10 17:05:00+00:00,149.7201,149.75,149.575,878,149.595,68269,149.68222
2023-02-10 17:06:00+00:00,149.74,149.7873,149.62,995,149.73,96652,149.69811
2023-02-10 17:07:00+00:00,149.71,149.74,149.6701,871,149.735,83726,149.711113
2023-02-10 17:08:00+00:00,149.58,149.71,149.56,646,149.71,51018,149.625272
2023-02-10 17:09:00+00:00,149.64,149.66,149.56,642,149.59,57013,149.605221
2023-02-10 17:10:00+00:00,149.7401,149.77,149.616,701,149.63,64710,149.706177
2023-02-10 17:11:00+00:00,149.6887,149.775,149.68,712,149.74,52783,149.71727
2023-02-10 17:12:00+00:00,149.715,149.75,149.66,619,149.68,52754,149.708742
2023-02-10 17:13:00+00:00,149.59,149.7448,149.56,980,149.715,152762,149.753383
2023-02-10 17:14:00+00:00,149.65,149.66,149.56,741,149.5924,62420,149.609597
2023-02-10 17:15:00+00:00,149.4605,149.66,149.43,1285,149.64,128623,149.524303
2023-02-10 17:16:00+00:00,149.5017,149.5639,149.45,777,149.4607,82098,149.513232
2023-02-10 17:17:00+00:00,149.53,149.55,149.46,645,149.5,75514,149.499582
2023-02-10 17:18:00+00:00,149.53,149.63,149.52,770,149.53,75602,149.563502
2023-02-10 17:19:00+00:00,149.484,149.565,149.455,724,149.52,66449,149.513535
2023-02-10 17:20:00+00:00,149.625,149.66,149.47,901,149.48,122893,149.577895
2023-02-10 17:21:00+00:00,149.7157,149.74,149.62,799,149.635,80021,149.694116
2023-02-10 17:22:00+00:00,149.725,149.7465,149.6901,724,149.7182,63120,149.720786
2023-02-10 17:23:00+00:00,149.77,149.79,149.67,717,149.729,76739,149.750714
2023-02-10 17:24:00+00:00,149.88,149.885,149.7619,792,149.77,119659,149.838696
2023-02-10 17:25:00+00:00,149.83,149.895,149.77,655,149.8728,77317,149.837724
2023-02-10 17:26:00+00:00,149.7601,149.83,149.73,542,149.8299,49805,149.776363
2023-02-10 17:27:00+00:00,149.6563,149.795,149.6311,712,149.78,77490,149.684018
2023-02-10 17:28:00+00:00,149.63,149.69,149.62,816,149.66,100832,149.64991
2023-02-10 17:29:00+00:00,149.763,149.78,149.63,560,149.64,58137,149.709293
2023-02-10 17:30:00+00:00,149.75,149.773,149.7,510,149.76,37703,149.742222
2023-02-10 17:31:00+00:00,149.955,150.08,149.74,1524,149.75,179822,149.956336
2023-02-10 17:32:00+00:00,149.85,149.98,149.85,597,149.956,73224,149.925258
2023-02-10 17:33:00+00:00,149.77,149.86,149.7657,597,149.86,69723,149.815367
2023-02-10 17:34:00+00:00,149.82,149.83,149.75,591,149.77,68064,149.782273
2023-02-10 17:35:00+00:00,149.86,149.935,149.8001,708,149.83,58219,149.878934
2023-02-10 17:36:00+00:00,149.8697,149.96,149.85,714,149.8507,68132,149.898144
2023-02-10 17:37:00+00:00,149.89,149.9499,149.8532,588,149.86,67324,149.915486
2023-02-10 17:38:00+00:00,149.82,149.89,149.785,725,149.889,65674,149.826866
2023-02-10 17:39:00+00:00,149.767,149.83,149.75,574,149.81,49734,149.786716
2023-02-10 17:40:00+00:00,149.85,149.89,149.7501,681,149.76,52648,149.830964
2023-02-10 17:41:00+00:00,149.87,149.945,149.8332,600,149.8332,68150,149.905831
2023-02-10 17:42:00+00:00,149.96,150.03,149.875,926,149.8799,105869,149.970153
2023-02-10 17:43:00+00:00,149.93,149.99,149.9,612,149.96,82779,149.945982
2023-02-10 17:44:00+00:00,149.8999,150.01,149.88,616,149.92,76198,149.940753
2023-02-10 17:45:00+00:00,149.85,149.92,149.79,665,149.89,76817,149.850292
2023-02-10 17:46:00+00:00,149.8783,149.92,149.8063,528,149.8499,42296,149.856913
2023-02-10 17:47:00+00:00,149.965,149.995,149.87,569,149.875,52204,149.949531
2023-02-10 17:48:00+00:00,149.91,150.03,149.88,675,149.96,66427,149.965929
2023-02-10 17:49:00+00:00,149.84,149.905,149.82,456,149.89,43271,149.870685
2023-02-10 17:50:00+00:00,149.8362,149.885,149.8,568,149.85,47200,149.844495
2023-02-10 17:51:00+00:00,149.96,149.98,149.845,609,149.85,50761,149.916524
2023-02-10 17:52:00+00:00,149.98,149.9999,149.89,496,149.96,38487,149.936497
2023-02-10 17:53:00+00:00,149.91,150.01,149.88,611,149.98,53632,149.963987
2023-02-10 17:54:00+00:00,149.97,150.03,149.92,522,149.92,41955,149.972897
2023-02-10 17:55:00+00:00,150.07,150.08,149.93,739,149.965,94027,150.012575
2023-02-10 17:56:00+00:00,150.0257,150.19,150.02,1020,150.071,105463,150.084889
2023-02-10 17:57:00+00:00,150.0808,150.0808,149.94,573,150.03,71820,149.994313
2023-02-10 17:58:00+00:00,150.03,150.125,150.02,576,150.0772,46258,150.071814
2023-02-10 17:59:00+00:00,150.155,150.1611,150.025,656,150.03,85154,150.106394
2023-02-10 18:00:00+00:00,150.148,150.26,150.13,1212,150.155,126793,150.197418
2023-02-10 18:01:00+00:00,150.27,150.29,150.13,846,150.14,99276,150.223725
2023-02-10 18:02:00+00:00,150.3099,150.3237,150.25,820,150.265,86481,150.28831
2023-02-10 18:03:00+00:00,150.2355,150.34,150.17,655,150.3069,91632,150.237431
2023-02-10 18:04:00+00:00,150.21,150.265,150.15,601,150.225,60946,150.204616
2023-02-10 18:05:00+00:00,150.145,150.21,150.0699,735,150.21,88338,150.130834
2023-02-10 18:06:00+00:00,150.19,150.26,150.15,611,150.15,64658,150.222376
2023-02-10 18:07:00+00:00,150.2599,150.32,150.21,592,150.22,62209,150.275624
2023-02-10 18:08:00+00:00,150.3,150.34,150.24,545,150.2671,55408,150.29648
2023-02-10 18:09:00+00:00,150.2201,150.29,150.18,485,150.29,36173,150.229483
2023-02-10 18:10:00+00:00,150.25,150.2699,150.17,712,150.225,64540,150.222358
2023-02-10 18:11:00+00:00,150.36,150.37,150.2544,726,150.2544,77747,150.322765
2023-02-10 18:12:00+00:00,150.355,150.39,150.34,514,150.3516,63830,150.362633
2023-02-10 18:13:00+00:00,150.31,150.36,150.235,865,150.36,106931,150.286292
2023-02-10 18:14:00+00:00,150.335,150.36,150.27,523,150.31,48897,150.31072
2023-02-10 18:15:00+00:00,150.49,150.55,150.3399,1023,150.3399,140477,150.44739
2023-02-10 18:16:00+00:00,150.6102,150.655,150.49,843,150.5,93092,150.583508
2023-02-10 18:17:00+00:00,150.575,150.6309,150.56,628,150.625,58763,150.587456
2023-02-10 18:18:00+00:00,150.55,150.6,150.5221,640,150.5722,63589,150.565372
2023-02-10 18:19:00+00:00,150.8086,150.84,150.5401,1268,150.5401,177487,150.725921
2023-02-10 18:20:00+00:00,151.02,151.115,150.79,2537,150.8099,277196,150.959875
2023-02-10 18:21:00+00:00,150.92,151.08,150.91,896,151.025,127855,151.006761
2023-02-10 18:22:00+00:00,150.9214,151.03,150.89,1011,150.92,131733,150.931305
2023-02-10 18:23:00+00:00,150.9717,151.005,150.87,834,150.92,107366,150.947955
2023-02-10 18:24:00+00:00,150.91,151.04,150.905,730,150.9703,104840,150.985896
2023-02-10 18:25:00+00:00,150.91,150.925,150.83,750,150.91,93549,150.878477
2023-02-10 18:26:00+00:00,150.995,151.0099,150.87,729,150.905,77851,150.953445
2023-02-10 18:27:00+00:00,150.87,151.0,150.8401,685,150.9985,66062,150.894333
2023-02-10 18:28:00+00:00,150.78,150.89,150.76,865,150.86,86218,150.826979
2023-02-10 18:29:00+00:00,150.76,150.815,150.73,740,150.78,74703,150.760698
2023-02-10 18:30:00+00:00,150.63,150.7701,150.61,1129,150.77,97369,150.676218
2023-02-10 18:31:00+00:00,150.695,150.6999,150.58,871,150.64,84137,150.652506
2023-02-10 18:32:00+00:00,150.615,150.6962,150.6,669,150.6901,56455,150.639662
2023-02-10 18:33:00+00:00,150.7558,150.7799,150.62,707,150.63,69079,150.709205
2023-02-10 18:34:00+00:00,150.77,150.7899,150.65,571,150.755,54944,150.731119
2023-02-10 18:35:00+00:00,150.76,150.8224,150.73,649,150.77,74653,150.782656
2023-02-10 18:36:00+00:00,150.71,150.76,150.66,593,150.7516,71917,150.710827
2023-02-10 18:37:00+00:00,150.69,150.735,150.6409,565,150.71,58473,150.683721
2023-02-10 18:38:00+00:00,150.735,150.76,150.6501,538,150.7,56503,150.700878
2023-02-10 18:39:00+00:00,150.73,150.76,150.68,649,150.7316,72709,150.72112
2023-02-10 18:40:00+00:00,150.685,150.745,150.67,573,150.725,43853,150.716011
2023-02-10 18:41:00+00:00,150.5506,150.69,150.54,732,150.686,91072,150.624123
2023-02-10 18:42:00+00:00,150.39,150.5499,150.38,1265,150.54,209992,150.505308
2023-02-10 18:43:00+00:00,150.4039,150.4818,150.3954,596,150.3954,95672,150.393415
2023-02-10 18:44:00+00:00,150.465,150.471,150.415,580,150.4173,49695,150.448552
2023-02-10 18:45:00+00:00,150.45,150.47,150.39,551,150.4617,61922,150.427281
2023-02-10 18:46:00+00:00,150.465,150.5,150.415,557,150.44,63518,150.466443
2023-02-10 18:47:00+00:00,150.5601,150.57,150.455,630,150.4601,73510,150.514273
2023-02-10 18:48:00+00:00,150.605,150.64,150.545,651,150.5601,72756,150.59547
2023-02-10 18:49:00+00:00,150.65,150.65,150.59,485,150.6,47195,150.625535
2023-02-10 18:50:00+00:00,150.64,150.65,150.5601,619,150.6408,71507,150.610409
2023-02-10 18:51:00+00:00,150.63,150.69,150.63,695,150.6472,61899,150.663059
2023-02-10 18:52:00+00:00,150.68,150.68,150.57,662,150.6376,193781,150.717178
2023-02-10 18:53:00+00:00,150.66,150.68,150.5895,565,150.68,51247,150.632059
2023-02-10 18:54:00+00:00,150.6,150.7,150.6,624,150.65,47217,150.650456
2023-02-10 18:55:00+00:00,150.555,150.6,150.505,571,150.59,60418,150.546169
2023-02-10 18:56:00+00:00,150.505,150.56,150.44,720,150.5528,131497,150.485089
2023-02-10 18:57:00+00:00,150.45,150.51,150.4,759,150.505,78781,150.466677
2023-02-10 18:58:00+00:00,150.52,150.588,150.4501,500,150.4599,53867,150.535981
2023-02-10 18:59:00+00:00,150.46,150.555,150.45,505,150.53,43897,150.503138
2023-02-10 19:00:00+00:00,150.5708,150.5799,150.45,842,150.465,95160,150.504877
2023-02-10 19:01:00+00:00,150.48,150.59,150.43,731,150.58,73617,150.513479
2023-02-10 19:02:00+00:00,150.401,150.515,150.36,833,150.49,111519,150.435949
2023-02-10 19:03:00+00:00,150.44,150.445,150.36,518,150.39,56544,150.400049
2023-02-10 19:04:00+00:00,150.4,150.4799,150.341,673,150.45,72472,150.394023
2023-02-10 19:05:00+00:00,150.355,150.42,150.32,626,150.4,59092,150.366656
2023-02-10 19:06:00+00:00,150.33,150.395,150.3202,661,150.35,66657,150.36127
2023-02-10 19:07:00+00:00,150.385,150.3901,150.285,740,150.3315,72122,150.335336
2023-02-10 19:08:00+00:00,150.4,150.415,150.36,464,150.39,40630,150.391304
2023-02-10 19:09:00+00:00,150.3801,150.45,150.36,618,150.4,45610,150.409888
2023-02-10 19:10:00+00:00,150.4827,150.488,150.38,611,150.39,113565,150.365654
2023-02-10 19:11:00+00:00,150.4,150.495,150.4,652,150.485,60617,150.456175
2023-02-10 19:12:00+00:00,150.48,150.48,150.41,614,150.4101,355421,150.397691
2023-02-10 19:13:00+00:00,150.5431,150.57,150.4412,672,150.47,50333,150.491615
2023-02-10 19:14:00+00:00,150.4872,150.565,150.4557,647,150.55,65496,150.518209
2023-02-10 19:15:00+00:00,150.47,150.56,150.4499,754,150.48,67234,150.508267
2023-02-10 19:16:00+00:00,150.5,150.55,150.46,554,150.4601,54115,150.502545
2023-02-10 19:17:00+00:00,150.39,150.51,150.36,642,150.5,58211,150.421466
2023-02-10 19:18:00+00:00,150.285,150.39,150.2601,854,150.39,119408,150.314218
2023-02-10 19:19:00+00:00,150.37,150.4,150.26,701,150.2835,58061,150.327536
2023-02-10 19:20:00+00:00,150.4499,150.4499,150.34,577,150.3731,81783,150.416995
2023-02-10 19:21:00+00:00,150.53,150.5579,150.4402,703,150.445,63730,150.496103
2023-02-10 19:22:00+00:00,150.5701,150.5701,150.46,540,150.5209,51690,150.526623
2023-02-10 19:23:00+00:00,150.5401,150.5899,150.52,516,150.57,52057,150.628788
2023-02-10 19:24:00+00:00,150.5,150.55,150.44,625,150.55,57750,150.496953
2023-02-10 19:25:00+00:00,150.4914,150.51,150.42,619,150.5013,55015,150.472073
2023-02-10 19:26:00+00:00,150.416,150.53,150.3801,634,150.49,52819,150.452938
2023-02-10 19:27:00+00:00,150.395,150.52,150.38,601,150.42,57308,150.437627
2023-02-10 19:28:00+00:00,150.2702,150.4,150.25,871,150.4,118518,150.298023
2023-02-10 19:29:00+00:00,150.235,150.33,150.23,681,150.27,111087,150.268066
2023-02-10 19:30:00+00:00,150.11,150.2459,150.1,1130,150.24,151079,150.171372
2023-02-10 19:31:00+00:00,150.21,150.2454,150.12,836,150.12,103747,150.173033
2023-02-10 19:32:00+00:00,150.37,150.37,150.2069,807,150.2069,78240,150.299375
2023-02-10 19:33:00+00:00,150.42,150.445,150.36,752,150.37,93514,150.34374
2023-02-10 19:34:00+00:00,150.38,150.465,150.34,802,150.42,71820,150.410057
2023-02-10 19:35:00+00:00,150.42,150.4399,150.35,723,150.38,68072,150.38446
2023-02-10 19:36:00+00:00,150.3123,150.43,150.3006,576,150.4199,55333,150.364327
2023-02-10 19:37:00+00:00,150.205,150.32,150.194,802,150.32,78400,150.258841
2023-02-10 19:38:00+00:00,150.185,150.23,150.175,1063,150.205,89617,150.200901
2023-02-10 19:39:00+00:00,150.28,150.32,150.174,657,150.18,71057,150.270104
2023-02-10 19:40:00+00:00,150.27,150.312,150.2124,677,150.2801,50224,150.270423
2023-02-10 19:41:00+00:00,150.185,150.29,150.16,766,150.27,2564902,150.208723
2023-02-10 19:42:00+00:00,150.165,150.21,150.05,1005,150.18,98020,150.134051
2023-02-10 19:43:00+00:00,150.155,150.18,150.0802,679,150.16,64131,150.139539
2023-02-10 19:44:00+00:00,150.19,150.22,150.125,736,150.16,63071,150.173392
2023-02-10 19:45:00+00:00,150.155,150.23,150.13,636,150.19,58686,150.185385
2023-02-10 19:46:00+00:00,150.09,150.1735,150.07,674,150.16,2070983,150.148738
2023-02-10 19:47:00+00:00,150.0155,150.105,150.0155,859,150.085,101003,150.073286
2023-02-10 19:48:00+00:00,150.26,150.26,150.0101,1082,150.023,115406,150.160117
2023-02-10 19:49:00+00:00,150.2723,150.3002,150.2303,727,150.25,71767,150.27519
2023-02-10 19:50:00+00:00,150.31,150.34,150.25,666,150.276,57404,150.297069
2023-02-10 19:51:00+00:00,150.2878,150.32,150.23,643,150.3193,59789,150.276512
2023-02-10 19:52:00+00:00,150.335,150.335,150.234,750,150.28,73641,150.287235
2023-02-10 19:53:00+00:00,150.46,150.47,150.33,1034,150.335,123799,150.373873
2023-02-10 19:54:00+00:00,150.49,150.59,150.42,1033,150.45,126400,150.513849
2023-02-10 19:55:00+00:00,150.53,150.575,150.4701,724,150.49,570526,150.547185
2023-02-10 19:56:00+00:00,150.56,150.6,150.53,726,150.53,66236,150.566354
2023-02-10 19:57:00+00:00,150.59,150.59,150.49,790,150.5682,78841,150.542817
2023-02-10 19:58:00+00:00,150.53,150.6,150.51,741,150.581,74160,150.545038
2023-02-10 19:59:00+00:00,150.65,150.6501,150.5346,789,150.5346,97304,150.592014
2023-02-10 20:00:00+00:00,150.73,150.74,150.635,1000,150.66,127387,150.681418
2023-02-10 20:01:00+00:00,150.71,150.77,150.67,856,150.73,115907,150.722107
2023-02-10 20:02:00+00:00,150.74,150.82,150.7,848,150.71,118633,150.762583
2023-02-10 20:03:00+00:00,150.59,150.75,150.55,1034,150.74,133835,150.639213
2023-02-10 20:04:00+00:00,150.52,150.5899,150.475,810,150.58,122119,150.538503
2023-02-10 20:05:00+00:00,150.6,150.62,150.525,779,150.525,98204,150.56762
2023-02-10 20:06:00+00:00,150.63,150.68,150.56,663,150.6,80929,150.631166
2023-02-10 20:07:00+00:00,150.6272,150.731,150.625,649,150.64,91847,150.678152
2023-02-10 20:08:00+00:00,150.555,150.6799,150.55,728,150.6222,82179,150.614655
2023-02-10 20:09:00+00:00,150.66,150.675,150.5501,594,150.56,69361,150.615386
2023-02-10 20:10:00+00:00,150.6422,150.69,150.56,812,150.67,107624,150.6136
2023-02-10 20:11:00+00:00,150.735,150.735,150.635,735,150.645,87491,150.680433
2023-02-10 20:12:00+00:00,150.73,150.7475,150.6801,611,150.714,74633,150.70916
2023-02-10 20:13:00+00:00,150.6506,150.76,150.63,759,150.74,96680,150.684519
2023-02-10 20:14:00+00:00,150.695,150.7,150.62,872,150.6571,100290,150.646284
2023-02-10 20:15:00+00:00,150.496,150.7301,150.47,955,150.69,123272,150.580427
2023-02-10 20:16:00+00:00,150.4299,150.54,150.3901,856,150.5066,127967,150.4969
2023-02-10 20:17:00+00:00,150.4001,150.47,150.3801,527,150.42,55439,150.426197
2023-02-10 20:18:00+00:00,150.434,150.45,150.37,548,150.41,45500,150.419075
2023-02-10 20:19:00+00:00,150.3643,150.485,150.36,756,150.44,75244,150.428399
2023-02-10 20:20:00+00:00,150.33,150.4,150.305,875,150.37,95245,150.344729
2023-02-10 20:21:00+00:00,150.37,150.405,150.31,639,150.33,59975,150.356961
2023-02-10 20:22:00+00:00,150.35,150.45,150.33,717,150.37,73927,150.395756
2023-02-10 20:23:00+00:00,150.385,150.405,150.325,635,150.34,47908,150.36679
2023-02-10 20:24:00+00:00,150.302,150.424,150.3,663,150.39,68021,150.373532
2023-02-10 20:25:00+00:00,150.39,150.39,150.29,771,150.2901,73739,150.342179
2023-02-10 20:26:00+00:00,150.42,150.48,150.38,729,150.39,79048,150.434589
2023-02-10 20:27:00+00:00,150.38,150.43,150.335,595,150.424,51467,150.386423
2023-02-10 20:28:00+00:00,150.42,150.4499,150.3,806,150.37,81563,150.372195
2023-02-10 20:29:00+00:00,150.47,150.48,150.4,759,150.4159,82229,150.439723
2023-02-10 20:30:00+00:00,150.537,150.585,150.465,962,150.47,148135,150.509078
2023-02-10 20:31:00+00:00,150.54,150.61,150.46,920,150.5301,102649,150.534944
2023-02-10 20:32:00+00:00,150.545,150.61,150.51,794,150.55,80237,150.556719
2023-02-10 20:33:00+00:00,150.585,150.62,150.52,1092,150.54,116686,150.565601
2023-02-10 20:34:00+00:00,150.56,150.5866,150.462,920,150.58,111063,150.526168
2023-02-10 20:35:00+00:00,150.625,150.67,150.5225,914,150.56,111421,150.613111
2023-02-10 20:36:00+00:00,150.65,150.66,150.58,816,150.63,84534,150.623268
2023-02-10 20:37:00+00:00,150.72,150.77,150.65,1295,150.65,142294,150.715722
2023-02-10 20:38:00+00:00,150.78,150.7938,150.66,1183,150.72,125530,150.715182
2023-02-10 20:39:00+00:00,150.83,150.83,150.705,945,150.78,116400,150.775711
2023-02-10 20:40:00+00:00,150.6899,150.83,150.6899,1153,150.82,115502,150.770248
2023-02-10 20:41:00+00:00,150.7,150.775,150.67,1076,150.68,139824,150.718341
2023-02-10 20:42:00+00:00,150.6143,150.7,150.575,1000,150.7,98135,150.625938
2023-02-10 20:43:00+00:00,150.69,150.7253,150.59,895,150.62,88423,150.670275
2023-02-10 20:44:00+00:00,150.8101,150.87,150.69,1484,150.69,171508,150.811269
2023-02-10 20:45:00+00:00,150.93,150.97,150.79,1476,150.815,172887,150.888356
2023-02-10 20:46:00+00:00,150.95,150.96,150.83,1601,150.9312,171263,150.904756
2023-02-10 20:47:00+00:00,150.7501,150.95,150.73,1391,150.95,156586,150.809131
2023-02-10 20:48:00+00:00,150.91,150.97,150.75,1706,150.7699,211236,150.869374
2023-02-10 20:49:00+00:00,150.97,150.99,150.92,1393,150.92,122785,150.960929
2023-02-10 20:50:00+00:00,150.935,150.98,150.78,2399,150.97,243695,150.898257
2023-02-10 20:51:00+00:00,150.8101,150.935,150.7501,1967,150.93,206853,150.831147
2023-02-10 20:52:00+00:00,150.8901,150.91,150.77,1654,150.8101,168487,150.837165
2023-02-10 20:53:00+00:00,151.06,151.085,150.87,2164,150.89,257607,150.986173
2023-02-10 20:54:00+00:00,151.04,151.12,151.0,2625,151.06,311604,151.055569
2023-02-10 20:55:00+00:00,151.03,151.1299,151.0,2381,151.04,252635,151.054704
2023-02-10 20:56:00+00:00,150.874,151.06,150.86,2717,151.02,275305,150.943659
2023-02-10 20:57:00+00:00,151.105,151.1099,150.875,2998,150.875,341901,151.006045
2023-02-10 20:58:00+00:00,151.08,151.155,150.99,3293,151.105,341628,151.07914
2023-02-10 20:59:00+00:00,151.02,151.14,150.96,4172,151.08,536827,151.059976
2023-02-10 21:00:00+00:00,151.01,151.03,150.91,192,151.01,10774699,151.009959
2023-02-10 21:01:00+00:00,151.01,151.05,150.92,148,150.93,88257,151.006938
2023-02-10 21:02:00+00:00,151.02,151.04,151.01,66,151.04,443766,151.010673
2023-02-10 21:03:00+00:00,151.01,151.04,151.01,39,151.04,367658,151.011028
2023-02-10 21:04:00+00:00,151.02,151.02,150.96,28,150.96,724,151.007238
2023-02-10 21:05:00+00:00,151.03,151.04,151.02,40,151.0301,16754,151.012801
2023-02-10 21:06:00+00:00,151.01,151.01,151.01,18,151.01,12631,151.010136
2023-02-10 21:07:00+00:00,151.01,151.02,151.01,36,151.01,17469,151.01042
2023-02-10 21:08:00+00:00,151.01,151.02,151.01,31,151.02,19895,151.010481
2023-02-10 21:09:00+00:00,151.01,151.0101,151.01,51,151.01,4476,151.010124
2023-02-10 21:10:00+00:00,150.9708,151.01,150.9708,28,151.01,1726,150.998476
2023-02-10 21:11:00+00:00,151.01,151.01,150.98,22,150.98,779,150.995287
2023-02-10 21:12:00+00:00,151.01,151.04,151.01,43,151.01,4102,151.012239
2023-02-10 21:13:00+00:00,151.02,151.04,151.02,22,151.04,1075,151.027721
2023-02-10 21:14:00+00:00,151.01,151.01,151.01,11,151.01,2999,151.010637
2023-02-10 21:15:00+00:00,151.01,151.01,151.01,27,151.01,5242,151.010125
2023-02-10 21:16:00+00:00,151.0,151.01,150.98,29,151.01,1444,151.006126
2023-02-10 21:17:00+00:00,151.01,151.01,151.01,14,151.01,1285,151.008245
2023-02-10 21:18:00+00:00,151.0,151.0,151.0,11,151.0,232,150.997414
2023-02-10 21:19:00+00:00,151.01,151.01,151.01,17,151.01,26528,151.00997
2023-02-10 21:21:00+00:00,151.0,151.0,150.98,11,150.98,515,150.987621
2023-02-10 21:24:00+00:00,150.96,150.97,150.96,38,150.97,1171,150.958071
2023-02-10 21:26:00+00:00,150.96,150.96,150.96,13,150.96,165,150.966667
2023-02-10 21:29:00+00:00,151.0,151.0,150.9969,12,150.9969,292,150.989606
2023-02-10 21:30:00+00:00,151.0,151.0,151.0,14,151.0,1267,150.997665
2023-02-10 21:31:00+00:00,150.97,150.97,150.97,12,150.97,629,150.972065
2023-02-10 21:32:00+00:00,150.91,150.95,150.91,34,150.95,1541,150.921729
2023-02-10 21:33:00+00:00,150.91,150.91,150.91,13,150.91,1048,150.910067
2023-02-10 21:35:00+00:00,150.93,150.93,150.91,33,150.91,671,150.917894
2023-02-10 21:36:00+00:00,150.94,150.94,150.92,34,150.93,1661,150.937001
2023-02-10 21:37:00+00:00,150.95,150.95,150.95,17,150.95,2072,150.949686
2023-02-10 21:38:00+00:00,150.95,150.95,150.93,21,150.94,1595,150.94663
2023-02-10 21:39:00+00:00,150.94,150.94,150.93,12,150.93,1536,150.937357
2023-02-10 21:40:00+00:00,150.94,150.94,150.94,12,150.94,227,150.940198
2023-02-10 21:41:00+00:00,150.94,150.95,150.94,16,150.95,1984,150.940853
2023-02-10 21:42:00+00:00,150.95,150.95,150.95,15,150.95,884,150.947443
2023-02-10 21:43:00+00:00,150.92,150.92,150.92,16,150.92,251,150.932291
2023-02-10 21:44:00+00:00,151.01,151.01,151.01,13,151.01,2418,151.00702
2023-02-10 21:45:00+00:00,150.95,150.95,150.95,13,150.95,265,150.945679
2023-02-10 21:46:00+00:00,150.95,150.95,150.95,18,150.95,284,150.947447
2023-02-10 21:51:00+00:00,150.94,150.94,150.94,15,150.94,297,150.936577
2023-02-10 21:52:00+00:00,150.93,150.95,150.93,22,150.95,552,150.93779
2023-02-10 21:53:00+00:00,150.94,150.94,150.94,14,150.94,3605,150.940076
2023-02-10 21:54:00+00:00,150.94,150.95,150.94,19,150.95,1752,150.947137
2023-02-10 21:55:00+00:00,150.94,150.95,150.94,11,150.95,378,150.943519
2023-02-10 21:56:00+00:00,150.95,150.95,150.95,16,150.95,670,150.949284
2023-02-10 21:57:00+00:00,150.95,150.95,150.95,16,150.95,289,150.949844
2023-02-10 21:59:00+00:00,150.92,150.92,150.92,10,150.92,332,150.921666
2023-02-10 22:00:00+00:00,150.93,150.93,150.93,19,150.93,351,150.929701
2023-02-10 22:01:00+00:00,150.94,150.94,150.94,10,150.94,703,150.939538
2023-02-10 22:02:00+00:00,150.93,150.93,150.93,5,150.93,506,150.92998
2023-02-10 22:05:00+00:00,150.92,150.92,150.92,6,150.92,160,150.920188
2023-02-10 22:07:00+00:00,150.94,150.94,150.94,12,150.94,234,150.936624
2023-02-10 22:08:00+00:00,151.01,151.01,151.01,17,151.01,5073,151.031269
2023-02-10 22:09:00+00:00,150.93,150.93,150.93,7,150.93,188,150.931569
2023-02-10 22:10:00+00:00,150.93,150.9399,150.93,17,150.9399,400,150.9328
2023-02-10 22:15:00+00:00,150.94,150.94,150.94,16,150.94,226,150.938584
2023-02-10 22:19:00+00:00,150.94,150.94,150.94,16,150.94,965,150.939917
2023-02-10 22:20:00+00:00,150.94,150.94,150.94,15,150.94,174,150.938908
2023-02-10 22:21:00+00:00,150.93,150.93,150.93,31,150.93,395,150.934705
2023-02-10 22:22:00+00:00,150.95,150.95,150.95,6,150.95,306,150.949842
2023-02-10 22:23:00+00:00,150.94,150.94,150.94,16,150.94,5045,150.939238
2023-02-10 22:24:00+00:00,150.91,150.91,150.91,3,150.91,205,150.912439
2023-02-10 22:25:00+00:00,150.91,150.91,150.91,12,150.91,143,150.914294
2023-02-10 22:26:00+00:00,150.91,150.91,150.91,9,150.91,237,150.919726
2023-02-10 22:27:00+00:00,150.92,150.92,150.92,11,150.92,210,150.915167
2023-02-10 22:28:00+00:00,150.91,150.91,150.91,11,150.91,233,150.913455
2023-02-10 22:30:00+00:00,150.91,150.91,150.91,9,150.91,181,150.910055
2023-02-10 22:31:00+00:00,150.95,150.95,150.94,16,150.94,2026,150.944637
2023-02-10 22:34:00+00:00,150.95,150.95,150.95,6,150.95,106,150.94934
2023-02-10 22:35:00+00:00,150.95,150.95,150.95,11,150.95,4939,150.949958
2023-02-10 22:36:00+00:00,150.92,150.9231,150.92,10,150.9231,1012,150.921798
2023-02-10 22:37:00+00:00,150.92,150.9201,150.92,13,150.9201,837,150.923934
2023-02-10 22:38:00+00:00,150.92,150.92,150.92,9,150.92,117,150.923034
2023-02-10 22:39:00+00:00,150.92,150.92,150.92,14,150.92,493,150.920099
2023-02-10 22:40:00+00:00,150.96,150.96,150.94,18,150.94,663,150.95141
2023-02-10 22:41:00+00:00,150.96,150.96,150.96,15,150.96,405,150.959123
2023-02-10 22:42:00+00:00,151.0,151.0,150.99,9,150.99,504,150.992758
2023-02-10 22:44:00+00:00,151.0,151.0,151.0,8,151.0,3024,150.999878
2023-02-10 22:45:00+00:00,150.9999,151.0,150.9999,21,151.0,4050,150.999849
2023-02-10 22:46:00+00:00,150.99,150.99,150.99,12,150.99,284,150.990035
2023-02-10 22:49:00+00:00,150.96,150.96,150.96,8,150.96,145,150.963655
2023-02-10 22:50:00+00:00,150.96,150.96,150.96,11,150.96,421,150.960131
2023-02-10 22:51:00+00:00,150.96,150.96,150.96,11,150.96,157,150.96051
2023-02-10 22:52:00+00:00,150.9999,150.9999,150.9999,15,150.9999,202,150.989886
2023-02-10 22:53:00+00:00,150.99,150.99,150.99,26,150.99,804,150.990454
2023-02-10 22:55:00+00:00,150.97,150.97,150.97,6,150.97,613,150.970188
2023-02-10 22:56:00+00:00,150.97,150.97,150.97,6,150.97,3086,150.970237
2023-02-10 22:57:00+00:00,151.0,151.0,150.99,16,150.99,1752,150.994737
2023-02-10 22:58:00+00:00,151.0,151.0,150.99,9,150.99,504,150.996766
2023-02-10 22:59:00+00:00,150.99,150.99,150.99,7,150.99,3343,150.989943
