timestamp,close,high,low,trade_count,open,volume,vwap
2023-01-05 00:00:00+00:00,127.0,127.01,127.0,35,127.01,3497,127.00315
2023-01-05 00:02:00+00:00,127.05,127.05,127.05,23,127.05,431,127.05594
2023-01-05 00:03:00+00:00,126.91,127.0499,126.91,32,127.0499,1680,126.995074
2023-01-05 00:04:00+00:00,126.93,126.94,126.93,23,126.94,1557,126.93824
2023-01-05 00:05:00+00:00,126.85,126.93,126.85,35,126.93,783,126.890575
2023-01-05 00:06:00+00:00,126.82,126.9,126.82,23,126.8901,1433,126.868025
2023-01-05 00:07:00+00:00,126.87,126.87,126.81,21,126.81,2689,126.847518
2023-01-05 00:08:00+00:00,126.83,126.83,126.83,20,126.83,2711,126.832667
2023-01-05 00:09:00+00:00,126.86,126.86,126.82,16,126.83,1037,126.829118
2023-01-05 00:10:00+00:00,126.8,126.84,126.8,31,126.84,3093,126.814855
2023-01-05 00:13:00+00:00,126.83,126.83,126.8,27,126.83,1003,126.820304
2023-01-05 00:14:00+00:00,126.8,126.8,126.8,19,126.8,591,126.807394
2023-01-05 00:17:00+00:00,126.85,126.85,126.85,21,126.85,1103,126.84967
2023-01-05 00:18:00+00:00,126.82,126.83,126.82,25,126.83,1252,126.835907
2023-01-05 00:19:00+00:00,126.8,126.8,126.75,39,126.8,1995,126.776115
2023-01-05 00:20:00+00:00,126.84,126.84,126.8201,28,126.8201,9514,126.838628
2023-01-05 00:21:00+00:00,126.89,126.89,126.85,13,126.85,1762,126.882997
2023-01-05 00:22:00+00:00,126.87,126.88,126.85,20,126.85,651,126.869032
2023-01-05 00:23:00+00:00,126.87,126.87,126.87,24,126.87,218,126.873945
2023-01-05 00:24:00+00:00,126.88,126.88,126.87,15,126.87,557,126.873986
2023-01-05 00:25:00+00:00,126.89,126.89,126.88,19,126.88,1088,126.887302
2023-01-05 00:26:00+00:00,126.97,127.0,126.93,39,126.93,3082,126.958838
2023-01-05 00:27:00+00:00,127.0,127.08,127.0,29,127.03,1694,127.033934
2023-01-05 00:28:00+00:00,126.99,126.99,126.96,20,126.99,1622,126.983187
2023-01-05 00:29:00+00:00,126.99,127.04,126.99,16,127.04,648,127.014614
2023-01-05 00:31:00+00:00,127.04,127.05,127.03,24,127.03,1511,127.044716
2023-01-05 00:32:00+00:00,127.05,127.05,127.0401,23,127.0401,573,127.042903
2023-01-05 00:33:00+00:00,127.04,127.04,127.0,14,127.0,1457,127.003164
2023-01-05 00:34:00+00:00,127.0,127.04,127.0,27,127.04,892,127.010695
2023-01-05 00:35:00+00:00,126.91,126.9301,126.91,30,126.9301,3146,126.929716
2023-01-05 00:36:00+00:00,126.9,126.93,126.9,21,126.93,2182,126.909063
2023-01-05 00:37:00+00:00,126.9,126.9,126.9,8,126.9,342,126.904459
2023-01-05 00:39:00+00:00,126.9,126.9,126.89,32,126.9,1061,126.901291
2023-01-05 00:40:00+00:00,126.9,126.9,126.9,16,126.9,376,126.906795
2023-01-05 00:41:00+00:00,126.86,126.9,126.86,24,126.9,770,126.890339
2023-01-05 00:42:00+00:00,126.83,126.83,126.83,26,126.83,1194,126.834037
2023-01-05 00:43:00+00:00,126.83,126.86,126.83,18,126.86,480,126.838581
2023-01-05 00:44:00+00:00,126.8,126.83,126.75,38,126.83,4708,126.807129
2023-01-05 00:46:00+00:00,126.75,126.79,126.75,23,126.79,832,126.762632
2023-01-05 00:47:00+00:00,126.72,126.72,126.69,31,126.71,1153,126.711982
2023-01-05 00:48:00+00:00,126.72,126.72,126.72,16,126.72,817,126.719431
2023-01-05 00:49:00+00:00,126.66,126.72,126.66,53,126.72,1613,126.7034
2023-01-05 00:50:00+00:00,126.63,126.66,126.61,36,126.64,1548,126.628508
2023-01-05 00:51:00+00:00,126.65,126.65,126.65,30,126.65,1452,126.645937
2023-01-05 00:52:00+00:00,126.64,126.66,126.64,22,126.65,5030,126.64199
2023-01-05 00:53:00+00:00,126.7,126.7,126.65,24,126.65,850,126.680394
2023-01-05 00:54:00+00:00,126.7,126.7,126.65,30,126.68,1999,126.679482
2023-01-05 00:55:00+00:00,126.66,126.7,126.66,36,126.7,1136,126.690757
2023-01-05 00:56:00+00:00,126.67,126.67,126.66,36,126.66,1430,126.672941
2023-01-05 00:57:00+00:00,126.72,126.72,126.67,21,126.72,2424,126.715039
2023-01-05 00:58:00+00:00,126.68,126.72,126.68,31,126.72,1685,126.709516
2023-01-05 00:59:00+00:00,126.65,126.71,126.65,63,126.71,3891,126.68229
2023-01-05 09:00:00+00:00,126.99,127.0,126.37,85,127.0,14200,126.679806
2023-01-05 09:01:00+00:00,126.9,126.98,126.9,41,126.98,1561,126.91148
2023-01-05 09:02:00+00:00,126.9,126.9,126.9,23,126.9,698,126.885415
2023-01-05 09:03:00+00:00,126.58,126.85,126.58,91,126.85,2985,126.662881
2023-01-05 09:04:00+00:00,126.6,126.6,126.6,24,126.6,621,126.599839
2023-01-05 09:05:00+00:00,126.5,126.53,126.49,72,126.53,5921,126.505171
2023-01-05 09:06:00+00:00,126.0,126.51,126.0,182,126.51,9608,126.168429
2023-01-05 09:07:00+00:00,126.0,126.27,125.95,141,126.27,37504,126.004708
2023-01-05 09:08:00+00:00,126.0,126.06,125.95,64,126.06,4535,125.988547
2023-01-05 09:09:00+00:00,125.99,125.99,125.98,17,125.98,1377,125.982818
2023-01-05 09:10:00+00:00,125.96,125.96,125.96,18,125.96,1353,125.956984
2023-01-05 09:11:00+00:00,125.95,125.95,125.95,3,125.95,411,125.950487
2023-01-05 09:12:00+00:00,125.98,125.98,125.97,14,125.97,813,125.972546
2023-01-05 09:13:00+00:00,126.0,126.0,125.98,26,126.0,1260,125.997349
2023-01-05 09:14:00+00:00,126.16,126.16,126.14,21,126.14,1018,126.142367
2023-01-05 09:15:00+00:00,126.21,126.21,126.21,20,126.21,998,126.193116
2023-01-05 09:16:00+00:00,126.25,126.25,126.23,24,126.23,1464,126.241373
2023-01-05 09:17:00+00:00,126.24,126.24,126.21,15,126.21,777,126.216538
2023-01-05 09:18:00+00:00,126.35,126.35,126.32,20,126.35,2287,126.350254
2023-01-05 09:19:00+00:00,126.4,126.4,126.4,16,126.4,1076,126.400362
2023-01-05 09:20:00+00:00,126.45,126.45,126.45,34,126.45,941,126.430659
2023-01-05 09:21:00+00:00,126.25,126.3,126.25,44,126.3,2015,126.276189
2023-01-05 09:22:00+00:00,126.44,126.44,126.34,26,126.34,1262,126.423391
2023-01-05 09:24:00+00:00,126.56,126.56,126.47,20,126.47,877,126.517092
2023-01-05 09:25:00+00:00,126.5,126.5,126.5,24,126.5,618,126.5061
2023-01-05 09:26:00+00:00,126.5,126.5,126.5,13,126.5,1857,126.498794
2023-01-05 09:27:00+00:00,126.4,126.41,126.4,32,126.41,1000,126.35974
2023-01-05 09:28:00+00:00,126.34,126.34,126.25,9,126.26,779,126.293825
2023-01-05 09:29:00+00:00,126.34,126.34,126.34,6,126.34,172,126.355523
2023-01-05 09:30:00+00:00,126.4,126.4,126.4,13,126.4,1308,126.397393
2023-01-05 09:31:00+00:00,126.4,126.4,126.39,26,126.39,4537,126.397362
2023-01-05 09:32:00+00:00,126.4,126.41,126.4,16,126.41,2239,126.401081
2023-01-05 09:33:00+00:00,126.25,126.26,126.25,34,126.26,931,126.296939
2023-01-05 09:34:00+00:00,126.24,126.24,126.2,51,126.2,1908,126.251106
2023-01-05 09:37:00+00:00,126.12,126.15,126.12,12,126.15,551,126.144392
2023-01-05 09:38:00+00:00,126.14,126.19,126.14,12,126.19,458,126.198472
2023-01-05 09:41:00+00:00,126.49,126.5,126.48,43,126.48,3434,126.4891
2023-01-05 09:42:00+00:00,126.45,126.45,126.45,5,126.45,628,126.454841
2023-01-05 09:43:00+00:00,126.36,126.45,126.36,28,126.45,2002,126.418432
2023-01-05 09:44:00+00:00,126.13,126.35,126.13,38,126.35,1376,126.271584
2023-01-05 09:45:00+00:00,126.31,126.31,126.31,7,126.31,175,126.301543
2023-01-05 09:47:00+00:00,126.3,126.31,126.3,13,126.3,988,126.302075
2023-01-05 09:48:00+00:00,126.39,126.39,126.39,18,126.39,576,126.388611
2023-01-05 09:49:00+00:00,126.45,126.45,126.4,6,126.4,691,126.435673
2023-01-05 09:50:00+00:00,126.45,126.45,126.45,9,126.45,782,126.448696
2023-01-05 09:51:00+00:00,126.43,126.43,126.43,10,126.43,228,126.429079
2023-01-05 09:52:00+00:00,126.3,126.31,126.3,37,126.31,2149,126.30362
2023-01-05 09:53:00+00:00,126.27,126.3,126.27,39,126.3,3712,126.281301
2023-01-05 09:54:00+00:00,126.27,126.27,126.27,20,126.27,2585,126.269807
2023-01-05 09:56:00+00:00,126.4,126.4,126.37,29,126.37,2529,126.384342
2023-01-05 09:57:00+00:00,126.4,126.4,126.4,7,126.4,339,126.399351
2023-01-05 09:59:00+00:00,126.4,126.4,126.36,39,126.4,8314,126.398079
2023-01-05 10:00:00+00:00,126.49,126.5,126.39,39,126.4,3054,126.463157
2023-01-05 10:01:00+00:00,126.5,126.5,126.5,18,126.5,764,126.496702
2023-01-05 10:02:00+00:00,126.41,126.41,126.41,22,126.41,2100,126.416281
2023-01-05 10:04:00+00:00,126.5,126.58,126.5,22,126.58,1070,126.521262
2023-01-05 10:05:00+00:00,126.5,126.5,126.49,33,126.5,2046,126.495122
2023-01-05 10:06:00+00:00,126.4,126.49,126.4,29,126.49,1840,126.433261
2023-01-05 10:10:00+00:00,126.57,126.57,126.57,5,126.57,212,126.538066
2023-01-05 10:13:00+00:00,126.56,126.56,126.56,12,126.56,420,126.561286
2023-01-05 10:14:00+00:00,126.61,126.62,126.55,45,126.55,1925,126.592571
2023-01-05 10:15:00+00:00,126.7,126.7,126.7,15,126.7,314,126.667962
2023-01-05 10:19:00+00:00,126.83,126.83,126.83,10,126.83,431,126.83
2023-01-05 10:22:00+00:00,126.9,126.9,126.9,24,126.9,1422,126.898439
2023-01-05 10:36:00+00:00,126.6,126.72,126.59,101,126.72,6931,126.645447
2023-01-05 10:37:00+00:00,126.6,126.6,126.6,24,126.6,3992,126.59996
2023-01-05 10:38:00+00:00,126.69,126.7,126.69,13,126.7,765,126.688471
2023-01-05 10:39:00+00:00,126.69,126.7,126.69,41,126.69,5926,126.69957
2023-01-05 10:40:00+00:00,126.65,126.69,126.65,15,126.69,1538,126.669935
2023-01-05 10:41:00+00:00,126.62,126.62,126.6,70,126.62,5912,126.611279
2023-01-05 10:42:00+00:00,126.6,126.63,126.6,70,126.63,10022,126.603014
2023-01-05 10:43:00+00:00,126.57,126.62,126.57,40,126.62,3768,126.595581
2023-01-05 10:44:00+00:00,126.56,126.56,126.56,15,126.56,572,126.559108
2023-01-05 10:45:00+00:00,126.47,126.54,126.47,52,126.54,1333,126.524314
2023-01-05 10:46:00+00:00,126.49,126.49,126.49,16,126.49,477,126.487379
2023-01-05 10:47:00+00:00,126.49,126.49,126.49,18,126.49,474,126.464726
2023-01-05 10:48:00+00:00,126.4,126.45,126.37,56,126.45,4604,126.39644
2023-01-05 10:49:00+00:00,126.33,126.37,126.33,24,126.37,626,126.350895
2023-01-05 10:50:00+00:00,126.28,126.33,126.28,34,126.33,833,126.289124
2023-01-05 10:51:00+00:00,126.03,126.27,126.0,257,126.26,17308,126.034981
2023-01-05 10:52:00+00:00,125.99,126.11,125.95,106,126.11,12461,126.006189
2023-01-05 10:53:00+00:00,125.8,125.98,125.8,127,125.98,7195,125.903195
2023-01-05 10:54:00+00:00,125.86,125.88,125.79,64,125.88,2217,125.813058
2023-01-05 10:56:00+00:00,125.96,125.96,125.9,36,125.9,2856,125.919919
2023-01-05 10:57:00+00:00,126.0,126.0,125.99,61,125.99,6649,125.99621
2023-01-05 10:58:00+00:00,126.0,126.0,126.0,18,126.0,533,125.984146
2023-01-05 10:59:00+00:00,125.92,125.93,125.92,55,125.92,1971,125.923374
2023-01-05 11:00:00+00:00,126.0,126.0,125.96,78,125.96,7640,125.992463
2023-01-05 11:02:00+00:00,126.18,126.19,126.18,10,126.19,384,126.185781
2023-01-05 11:03:00+00:00,126.27,126.27,126.27,8,126.27,343,126.230496
2023-01-05 11:04:00+00:00,126.21,126.21,126.21,32,126.21,1122,126.210553
2023-01-05 11:05:00+00:00,126.2,126.21,126.2,16,126.21,526,126.208251
2023-01-05 11:07:00+00:00,126.25,126.26,126.25,13,126.26,1526,126.251278
2023-01-05 11:09:00+00:00,126.3,126.31,126.24,25,126.24,4390,126.287699
2023-01-05 11:10:00+00:00,126.35,126.35,126.3,12,126.3,1380,126.331906
2023-01-05 11:11:00+00:00,126.5,126.5,126.35,22,126.35,1479,126.375362
2023-01-05 11:12:00+00:00,126.5,126.5,126.5,17,126.5,816,126.501483
2023-01-05 11:14:00+00:00,126.52,126.52,126.47,45,126.48,2594,126.50074
2023-01-05 11:15:00+00:00,126.5,126.5,126.5,40,126.5,3950,126.500952
2023-01-05 11:16:00+00:00,126.61,126.61,126.6,25,126.6,666,126.597192
2023-01-05 11:18:00+00:00,126.64,126.64,126.59,86,126.59,5922,126.597254
2023-01-05 11:19:00+00:00,126.5,126.51,126.5,69,126.51,11791,126.501302
2023-01-05 11:20:00+00:00,126.5,126.5,126.49,19,126.5,654,126.491667
2023-01-05 11:22:00+00:00,126.47,126.47,126.4,43,126.46,1537,126.444854
2023-01-05 11:23:00+00:00,126.46,126.5,126.37,54,126.37,5349,126.480267
2023-01-05 11:25:00+00:00,126.46,126.47,126.46,31,126.47,2448,126.460654
2023-01-05 11:26:00+00:00,126.47,126.47,126.44,45,126.44,2980,126.460087
2023-01-05 11:27:00+00:00,126.35,126.5,126.34,63,126.47,5827,126.445136
2023-01-05 11:28:00+00:00,126.42,126.42,126.42,7,126.42,343,126.409096
2023-01-05 11:29:00+00:00,126.48,126.48,126.45,22,126.45,1618,126.467614
2023-01-05 11:30:00+00:00,126.47,126.5,126.46,27,126.46,4693,126.493122
2023-01-05 11:31:00+00:00,126.52,126.52,126.52,12,126.52,292,126.523973
2023-01-05 11:32:00+00:00,126.7,126.73,126.64,58,126.64,4900,126.68722
2023-01-05 11:33:00+00:00,126.7,126.73,126.69,18,126.69,1637,126.710153
2023-01-05 11:34:00+00:00,126.72,126.72,126.7,20,126.7,2457,126.708559
2023-01-05 11:35:00+00:00,126.72,126.72,126.71,11,126.71,596,126.717215
2023-01-05 11:36:00+00:00,126.65,126.65,126.62,38,126.62,5791,126.649073
2023-01-05 11:37:00+00:00,126.73,126.73,126.73,9,126.73,226,126.720177
2023-01-05 11:40:00+00:00,126.7,126.7,126.7,22,126.7,1194,126.700235
2023-01-05 11:41:00+00:00,126.62,126.62,126.62,52,126.62,1193,126.637217
2023-01-05 11:44:00+00:00,126.69,126.69,126.69,14,126.69,379,126.690422
2023-01-05 11:46:00+00:00,126.73,126.73,126.72,29,126.72,1547,126.724732
2023-01-05 11:47:00+00:00,126.73,126.73,126.73,49,126.73,2727,126.731716
2023-01-05 11:48:00+00:00,126.8,126.8,126.74,66,126.79,3285,126.787078
2023-01-05 11:49:00+00:00,126.82,126.83,126.8,30,126.81,4104,126.82077
2023-01-05 11:50:00+00:00,126.79,126.83,126.79,29,126.83,758,126.807902
2023-01-05 11:52:00+00:00,126.85,126.85,126.83,15,126.83,984,126.83253
2023-01-05 11:54:00+00:00,126.99,126.99,126.89,76,126.89,2960,126.951726
2023-01-05 11:57:00+00:00,127.09,127.09,126.9,140,126.96,9647,126.982157
2023-01-05 11:58:00+00:00,126.99,126.99,126.99,18,126.99,829,126.993281
2023-01-05 12:00:00+00:00,126.99,127.0,126.9,145,126.93,14910,126.95692
2023-01-05 12:01:00+00:00,126.94,126.98,126.92,100,126.94,5257,126.950561
2023-01-05 12:02:00+00:00,126.88,126.93,126.87,90,126.92,5052,126.90595
2023-01-05 12:03:00+00:00,126.9,126.9,126.9,27,126.9,805,126.925988
2023-01-05 12:04:00+00:00,126.95,126.98,126.95,16,126.98,863,126.966095
2023-01-05 12:05:00+00:00,127.15,127.15,126.98,95,126.98,3261,127.060981
2023-01-05 12:06:00+00:00,127.3,127.44,127.25,153,127.25,10129,127.337678
2023-01-05 12:07:00+00:00,127.18,127.3,127.18,56,127.3,2727,127.211309
2023-01-05 12:08:00+00:00,127.13,127.13,127.11,24,127.11,1343,127.120208
2023-01-05 12:09:00+00:00,127.1,127.15,127.1,44,127.15,2888,127.13697
2023-01-05 12:10:00+00:00,127.21,127.21,127.1,106,127.1,5408,127.135318
2023-01-05 12:11:00+00:00,127.19,127.2,127.19,23,127.2,724,127.190428
2023-01-05 12:12:00+00:00,127.25,127.25,127.19,85,127.19,3463,127.213211
2023-01-05 12:13:00+00:00,127.2,127.2,127.2,60,127.2,2310,127.192978
2023-01-05 12:14:00+00:00,127.16,127.16,127.16,31,127.16,1850,127.159519
2023-01-05 12:15:00+00:00,127.2,127.2,127.2,14,127.2,541,127.197209
2023-01-05 12:16:00+00:00,127.25,127.25,127.23,44,127.23,2255,127.243441
2023-01-05 12:17:00+00:00,127.39,127.44,127.28,79,127.28,6163,127.356664
2023-01-05 12:18:00+00:00,127.34,127.34,127.34,21,127.34,620,127.34421
2023-01-05 12:19:00+00:00,127.36,127.37,127.35,29,127.36,1371,127.358337
2023-01-05 12:20:00+00:00,127.39,127.39,127.38,23,127.38,1316,127.389073
2023-01-05 12:21:00+00:00,127.4,127.4,127.4,19,127.4,903,127.393167
2023-01-05 12:22:00+00:00,127.42,127.42,127.4,21,127.4,1365,127.416264
2023-01-05 12:23:00+00:00,127.43,127.43,127.43,16,127.43,635,127.429559
2023-01-05 12:25:00+00:00,127.38,127.38,127.38,48,127.38,1347,127.388976
2023-01-05 12:26:00+00:00,127.3,127.36,127.3,77,127.36,3046,127.346297
2023-01-05 12:28:00+00:00,127.18,127.25,127.18,75,127.25,2453,127.224378
2023-01-05 12:29:00+00:00,127.15,127.15,127.15,31,127.15,1442,127.168495
2023-01-05 12:30:00+00:00,127.25,127.25,127.25,24,127.25,1321,127.25028
2023-01-05 12:32:00+00:00,127.3,127.3,127.3,19,127.3,382,127.302487
2023-01-05 12:33:00+00:00,127.33,127.33,127.33,16,127.33,355,127.336282
2023-01-05 12:34:00+00:00,127.44,127.44,127.39,61,127.39,2394,127.424231
2023-01-05 12:35:00+00:00,127.55,127.55,127.44,183,127.44,9157,127.508028
2023-01-05 12:36:00+00:00,127.69,127.69,127.53,94,127.54,5714,127.581495
2023-01-05 12:37:00+00:00,127.7,127.7,127.65,108,127.66,4293,127.662965
2023-01-05 12:38:00+00:00,127.6,127.65,127.58,53,127.62,2058,127.622085
2023-01-05 12:39:00+00:00,127.6,127.6,127.6,23,127.6,451,127.603991
2023-01-05 12:40:00+00:00,127.45,127.58,127.45,88,127.57,6646,127.528076
2023-01-05 12:41:00+00:00,127.49,127.76,127.47,166,127.47,8750,127.579515
2023-01-05 12:42:00+00:00,127.75,127.78,127.59,84,127.59,6214,127.680756
2023-01-05 12:43:00+00:00,127.79,127.82,127.76,74,127.79,3781,127.796562
2023-01-05 12:44:00+00:00,127.69,127.88,127.69,291,127.78,17578,127.778053
2023-01-05 12:45:00+00:00,127.51,127.7,127.5,134,127.7,12744,127.63936
2023-01-05 12:46:00+00:00,127.55,127.58,127.45,146,127.53,9378,127.519936
2023-01-05 12:47:00+00:00,127.5,127.55,127.4,151,127.55,7551,127.465524
2023-01-05 12:48:00+00:00,127.55,127.57,127.46,59,127.46,2947,127.533288
2023-01-05 12:49:00+00:00,127.61,127.64,127.53,84,127.54,3502,127.599889
2023-01-05 12:50:00+00:00,127.5,127.53,127.46,192,127.53,11331,127.493393
2023-01-05 12:51:00+00:00,127.49,127.59,127.45,150,127.5,9214,127.509082
2023-01-05 12:52:00+00:00,127.59,127.59,127.54,32,127.54,1449,127.565707
2023-01-05 12:54:00+00:00,127.6,127.6,127.6,20,127.6,437,127.614874
2023-01-05 12:55:00+00:00,127.61,127.67,127.61,45,127.64,2039,127.64001
2023-01-05 12:56:00+00:00,127.69,127.69,127.55,81,127.58,4408,127.603623
2023-01-05 12:57:00+00:00,127.62,127.63,127.6,86,127.6,7516,127.608477
2023-01-05 12:58:00+00:00,127.65,127.66,127.65,19,127.65,938,127.649552
2023-01-05 12:59:00+00:00,127.6,127.62,127.6,105,127.62,7132,127.600854
2023-01-05 13:00:00+00:00,127.78,127.87,126.2615,1189,127.05,108225,127.433401
2023-01-05 13:01:00+00:00,127.77,127.82,126.25,567,127.76,18068,127.677911
2023-01-05 13:02:00+00:00,127.7,127.74,127.68,190,127.738,9524,127.700836
2023-01-05 13:03:00+00:00,127.6,127.7,127.6,184,127.7,22945,127.62189
2023-01-05 13:04:00+00:00,127.61,127.68,127.6,104,127.6,7204,127.626416
2023-01-05 13:05:00+00:00,127.65,127.67,127.6,102,127.6,5633,127.633408
2023-01-05 13:06:00+00:00,127.64,127.64,127.6,48,127.62,3001,127.627017
2023-01-05 13:07:00+00:00,127.55,127.64,127.55,192,127.64,21795,127.584045
2023-01-05 13:08:00+00:00,127.54,127.54,127.48,45,127.52,5384,127.518352
2023-01-05 13:09:00+00:00,127.689,127.72,127.54,86,127.54,7824,127.621119
2023-01-05 13:10:00+00:00,127.6,127.66,127.6,37,127.66,1071,127.65061
2023-01-05 13:11:00+00:00,127.4594,127.6,127.45,142,127.6,14758,127.509081
2023-01-05 13:12:00+00:00,127.41,127.45,127.37,82,127.45,8447,127.405064
2023-01-05 13:13:00+00:00,127.6,127.62,127.4301,125,127.5,5818,127.55974
2023-01-05 13:14:00+00:00,127.6,127.65,127.4513,57,127.56,4207,127.564049
2023-01-05 13:15:00+00:00,126.9,127.51,126.9,787,127.51,51866,127.187251
2023-01-05 13:16:00+00:00,127.19,127.19,126.92,151,127.0,10637,127.074787
2023-01-05 13:17:00+00:00,127.105,127.36,127.09,230,127.18,20745,127.224914
2023-01-05 13:18:00+00:00,127.09,127.192,127.09,102,127.18,3788,127.152834
2023-01-05 13:19:00+00:00,127.1,127.15,127.02,316,127.11,24154,127.054993
2023-01-05 13:20:00+00:00,127.1,127.15,127.01,299,127.12,26602,127.075503
2023-01-05 13:21:00+00:00,127.22,127.22,127.01,240,127.05,12679,127.143772
2023-01-05 13:22:00+00:00,127.16,127.2,127.15,64,127.2,5221,127.172155
2023-01-05 13:23:00+00:00,127.27,127.29,127.2,131,127.23,7504,127.248217
2023-01-05 13:24:00+00:00,127.31,127.31,127.21,117,127.2493,9344,127.26013
2023-01-05 13:25:00+00:00,127.35,127.39,127.25,132,127.39,8549,127.32922
2023-01-05 13:26:00+00:00,127.45,127.45,127.33,90,127.33,10010,127.398963
2023-01-05 13:27:00+00:00,127.24,127.4794,127.24,190,127.45,9674,127.423717
2023-01-05 13:28:00+00:00,127.35,127.36,127.32,51,127.32,2200,127.333063
2023-01-05 13:29:00+00:00,127.27,127.3,127.21,86,127.21,7053,127.288581
2023-01-05 13:30:00+00:00,127.18,127.25,126.89,387,127.25,36186,127.029769
2023-01-05 13:31:00+00:00,127.1,127.11,126.98,127,127.05,17789,127.034451
2023-01-05 13:32:00+00:00,126.88,127.04,126.84,216,127.02,19651,126.922922
2023-01-05 13:33:00+00:00,127.05,127.11,126.86,188,126.88,12626,126.967556
2023-01-05 13:34:00+00:00,127.03,127.17,127.03,84,127.17,5082,127.055968
2023-01-05 13:35:00+00:00,127.09,127.09,126.94,111,127.0,4891,126.999708
2023-01-05 13:36:00+00:00,126.88,126.94,126.734,364,126.94,20325,126.849118
2023-01-05 13:37:00+00:00,126.76,126.9,126.76,134,126.9,11804,126.831085
2023-01-05 13:38:00+00:00,126.75,126.8,126.72,120,126.76,10973,126.768515
2023-01-05 13:39:00+00:00,126.82,126.84,126.63,346,126.75,41540,126.749569
2023-01-05 13:40:00+00:00,126.85,126.87,126.77,274,126.82,22760,126.83519
2023-01-05 13:41:00+00:00,126.98,126.98,126.73,175,126.8,14208,126.852113
2023-01-05 13:42:00+00:00,126.81,126.99,126.76,237,126.98,19466,126.915674
2023-01-05 13:43:00+00:00,126.93,126.93,126.8,174,126.84,8311,126.847342
2023-01-05 13:44:00+00:00,126.85,126.97,126.83,144,126.97,8379,126.871547
2023-01-05 13:45:00+00:00,126.96,126.99,126.81,136,126.85,8351,126.917505
2023-01-05 13:46:00+00:00,127.03,127.1,126.97,159,126.97,12338,127.032961
2023-01-05 13:47:00+00:00,126.88,127.06,126.88,129,127.06,7238,126.993613
2023-01-05 13:48:00+00:00,126.9143,126.9143,126.77,134,126.86,8036,126.837857
2023-01-05 13:49:00+00:00,126.86,126.86,126.7848,70,126.7848,1812,126.902053
2023-01-05 13:50:00+00:00,126.9829,126.9829,126.92,55,126.94,2188,126.934698
2023-01-05 13:51:00+00:00,127.03,127.03,126.96,117,126.96,7184,126.995524
2023-01-05 13:52:00+00:00,126.99,127.0738,126.99,100,127.03,6123,127.023223
2023-01-05 13:53:00+00:00,126.87,126.94,126.87,114,126.92,7473,126.914619
2023-01-05 13:54:00+00:00,126.92,126.94,126.87,88,126.87,3615,126.91632
2023-01-05 13:55:00+00:00,126.9501,126.97,126.92,65,126.92,4170,126.935438
2023-01-05 13:56:00+00:00,126.96,127.0,126.9,132,126.92,4806,126.952568
2023-01-05 13:57:00+00:00,126.9,126.94,126.88,94,126.94,2861,126.901349
2023-01-05 13:58:00+00:00,126.87,126.93,126.86,97,126.89,5921,126.884829
2023-01-05 13:59:00+00:00,126.92,126.92,126.87,51,126.87,4799,126.893656
2023-01-05 14:00:00+00:00,126.8901,126.94,126.82,234,126.9115,19373,126.869489
2023-01-05 14:01:00+00:00,126.66,126.93,126.66,343,126.85,18581,126.815697
2023-01-05 14:02:00+00:00,126.68,126.77,126.65,178,126.65,15837,126.694128
2023-01-05 14:03:00+00:00,126.72,126.84,126.65,187,126.71,10419,126.708966
2023-01-05 14:04:00+00:00,126.68,126.75,126.6,202,126.75,15670,126.662738
2023-01-05 14:05:00+00:00,126.61,126.74,126.61,87,126.67,6037,126.669529
2023-01-05 14:06:00+00:00,126.76,126.77,126.62,121,126.62,9548,126.688531
2023-01-05 14:07:00+00:00,126.72,126.8,126.72,88,126.77,6489,126.761588
2023-01-05 14:08:00+00:00,126.6637,126.75,126.6285,58,126.74,2078,126.709451
2023-01-05 14:09:00+00:00,126.75,126.79,126.7204,78,126.7623,3735,126.755422
2023-01-05 14:10:00+00:00,126.8,126.83,126.72,140,126.72,5506,126.764153
2023-01-05 14:11:00+00:00,126.82,126.85,126.82,158,126.82,11482,126.825102
2023-01-05 14:12:00+00:00,126.87,126.9,126.82,290,126.85,21322,126.832644
2023-01-05 14:13:00+00:00,126.895,126.9,126.88,76,126.88,4698,126.889234
2023-01-05 14:14:00+00:00,126.97,126.97,126.91,77,126.91,5291,126.954076
2023-01-05 14:15:00+00:00,127.1,127.1497,126.94,240,126.94,14908,127.040617
2023-01-05 14:16:00+00:00,127.1002,127.178,127.1,83,127.1,4754,127.136399
2023-01-05 14:17:00+00:00,127.13,127.13,127.1,109,127.1,11374,127.10134
2023-01-05 14:18:00+00:00,127.16,127.18,127.12,155,127.12,10519,127.149256
2023-01-05 14:19:00+00:00,127.24,127.32,127.15,224,127.15,14811,127.228316
2023-01-05 14:20:00+00:00,127.11,127.28,127.11,171,127.275,6551,127.162308
2023-01-05 14:21:00+00:00,127.06,127.14,127.05,72,127.0505,2331,127.082349
2023-01-05 14:22:00+00:00,126.96,127.07,126.94,262,127.07,15112,127.010599
2023-01-05 14:23:00+00:00,126.69,126.95,126.6,368,126.95,25183,126.772409
2023-01-05 14:24:00+00:00,126.77,126.78,126.64,132,126.65,9724,126.724248
2023-01-05 14:25:00+00:00,126.85,126.89,126.83,74,126.83,3876,126.852756
2023-01-05 14:26:00+00:00,126.85,126.94,126.84,118,126.85,10180,126.885508
2023-01-05 14:27:00+00:00,127.29,127.3,126.9,338,126.9,37730,127.076528
2023-01-05 14:28:00+00:00,127.17,127.31,127.16,132,127.3,9691,127.23166
2023-01-05 14:29:00+00:00,127.15,127.24,127.15,103,127.17,21359,127.189241
2023-01-05 14:30:00+00:00,126.395,127.16,126.2,15795,127.13,2267698,126.878175
2023-01-05 14:31:00+00:00,126.555,126.66,126.1,10929,126.38,457733,126.333025
2023-01-05 14:32:00+00:00,126.505,126.91,126.42,5239,126.51,427788,126.633018
2023-01-05 14:33:00+00:00,125.88,126.5599,125.87,5614,126.49,500504,126.176688
2023-01-05 14:34:00+00:00,125.67,125.9,125.635,4010,125.88,395083,125.733817
2023-01-05 14:35:00+00:00,125.91,126.0,125.62,4914,125.68,497162,125.830763
2023-01-05 14:36:00+00:00,125.7,125.91,125.58,3714,125.91,304605,125.70714
2023-01-05 14:37:00+00:00,125.815,125.98,125.69,3232,125.71,283828,125.858913
2023-01-05 14:38:00+00:00,125.74,125.87,125.67,2766,125.81,176259,125.783671
2023-01-05 14:39:00+00:00,125.7499,125.925,125.7,3056,125.736,284990,125.825904
2023-01-05 14:40:00+00:00,125.41,125.7371,125.37,5016,125.73,408262,125.502868
2023-01-05 14:41:00+00:00,125.54,125.6,125.32,2762,125.4,262794,125.477892
2023-01-05 14:42:00+00:00,125.4599,125.545,125.3257,2173,125.545,199310,125.396487
2023-01-05 14:43:00+00:00,125.7,125.81,125.39,3142,125.4531,325155,125.628323
2023-01-05 14:44:00+00:00,125.86,125.96,125.58,4067,125.7,462959,125.81259
2023-01-05 14:45:00+00:00,125.66,125.85,125.57,3846,125.85,381146,125.673849
2023-01-05 14:46:00+00:00,125.5,125.71,125.46,3705,125.67,323578,125.558264
2023-01-05 14:47:00+00:00,125.83,125.83,125.46,3662,125.505,308372,125.607685
2023-01-05 14:48:00+00:00,126.19,126.19,125.77,3948,125.8323,419790,125.979047
2023-01-05 14:49:00+00:00,126.3,126.445,126.17,4138,126.19,425211,126.314458
2023-01-05 14:50:00+00:00,126.16,126.34,126.02,2928,126.3,340849,126.176135
2023-01-05 14:51:00+00:00,126.47,126.49,126.0401,3117,126.16,309621,126.26706
2023-01-05 14:52:00+00:00,126.445,126.5,126.211,2604,126.47,267844,126.373787
2023-01-05 14:53:00+00:00,126.445,126.5,126.3941,2028,126.45,236859,126.451572
2023-01-05 14:54:00+00:00,126.68,126.68,126.36,2865,126.435,429510,126.493665
2023-01-05 14:55:00+00:00,126.9656,127.0,126.63,4193,126.6747,560824,126.857924
2023-01-05 14:56:00+00:00,126.98,127.11,126.81,3371,126.96,445354,126.965669
2023-01-05 14:57:00+00:00,127.35,127.4,126.9401,3497,126.9833,404836,127.184828
2023-01-05 14:58:00+00:00,127.18,127.42,127.07,2939,127.36,339676,127.252973
2023-01-05 14:59:00+00:00,127.38,127.4891,127.115,3161,127.18,474898,127.292783
2023-01-05 15:00:00+00:00,127.2701,127.41,127.1918,2782,127.3699,316366,127.284738
2023-01-05 15:01:00+00:00,127.49,127.54,127.25,2876,127.2711,348012,127.411918
2023-01-05 15:02:00+00:00,127.55,127.64,127.47,3026,127.5,357743,127.557281
2023-01-05 15:03:00+00:00,127.45,127.59,127.41,1964,127.57,213395,127.529554
2023-01-05 15:04:00+00:00,127.385,127.48,127.24,2388,127.46,241456,127.345075
2023-01-05 15:05:00+00:00,127.11,127.395,127.08,2770,127.38,275654,127.187106
2023-01-05 15:06:00+00:00,127.06,127.1,126.91,2474,127.1,246529,127.01036
2023-01-05 15:07:00+00:00,127.15,127.28,126.9875,2020,127.0584,213376,127.109439
2023-01-05 15:08:00+00:00,127.23,127.77,127.07,5098,127.1477,579759,127.457473
2023-01-05 15:09:00+00:00,127.34,127.46,127.16,2398,127.22,279726,127.344035
2023-01-05 15:10:00+00:00,127.2312,127.4579,127.1439,2141,127.34,256507,127.302447
2023-01-05 15:11:00+00:00,127.075,127.33,127.05,2178,127.2313,243773,127.188235
2023-01-05 15:12:00+00:00,127.3899,127.39,127.1219,1588,127.1219,175093,127.240281
2023-01-05 15:13:00+00:00,127.1338,127.45,127.05,2303,127.38,806424,127.13564
2023-01-05 15:14:00+00:00,127.1099,127.17,127.05,1459,127.13,150344,127.10448
2023-01-05 15:15:00+00:00,127.045,127.2,127.0,2168,127.09,201165,127.092507
2023-01-05 15:16:00+00:00,126.975,127.12,126.91,2172,127.06,279039,127.033771
2023-01-05 15:17:00+00:00,126.79,127.08,126.77,2117,126.97,195618,126.937119
2023-01-05 15:18:00+00:00,126.8986,126.94,126.64,2234,126.78,236914,126.800094
2023-01-05 15:19:00+00:00,126.95,126.99,126.79,1485,126.905,166280,126.913044
2023-01-05 15:20:00+00:00,126.865,126.96,126.83,1247,126.94,106204,126.908056
2023-01-05 15:21:00+00:00,127.075,127.08,126.84,1653,126.86,336608,126.958774
2023-01-05 15:22:00+00:00,127.03,127.1799,126.98,2096,127.08,227657,127.090345
2023-01-05 15:23:00+00:00,126.88,127.12,126.88,1751,127.03,254790,126.997879
2023-01-05 15:24:00+00:00,126.8,126.9046,126.72,2081,126.89,234022,126.809543
2023-01-05 15:25:00+00:00,126.68,126.835,126.68,1319,126.8,146385,126.774295
2023-01-05 15:26:00+00:00,126.83,126.84,126.67,1721,126.68,295943,126.784657
2023-01-05 15:27:00+00:00,126.9,126.96,126.82,1505,126.83,145246,126.876444
2023-01-05 15:28:00+00:00,126.865,127.02,126.8036,1490,126.9099,139766,126.909214
2023-01-05 15:29:00+00:00,126.76,126.8799,126.75,1079,126.85,187411,126.944037
2023-01-05 15:30:00+00:00,126.7,126.85,126.67,1440,126.77,156582,126.764566
2023-01-05 15:31:00+00:00,126.645,126.82,126.62,1466,126.7199,146941,126.718789
2023-01-05 15:32:00+00:00,126.585,126.65,126.46,2491,126.65,360799,126.534599
2023-01-05 15:33:00+00:00,126.425,126.64,126.41,1497,126.58,245898,126.502761
2023-01-05 15:34:00+00:00,126.4901,126.53,126.39,1544,126.42,404146,126.480128
2023-01-05 15:35:00+00:00,126.2901,126.5,126.23,2487,126.495,277908,126.339917
2023-01-05 15:36:00+00:00,126.25,126.32,126.21,1514,126.28,144758,126.26278
2023-01-05 15:37:00+00:00,126.4,126.4099,126.16,1785,126.26,215981,126.281485
2023-01-05 15:38:00+00:00,126.55,126.61,126.375,2250,126.4,239872,126.504897
2023-01-05 15:39:00+00:00,126.4452,126.58,126.42,1633,126.545,140214,126.51341
2023-01-05 15:40:00+00:00,126.3691,126.48,126.36,1480,126.43,167125,126.412537
2023-01-05 15:41:00+00:00,126.495,126.512,126.32,1454,126.37,146321,126.412514
2023-01-05 15:42:00+00:00,126.715,126.73,126.49,1612,126.5,213643,126.599162
2023-01-05 15:43:00+00:00,126.785,126.81,126.7,1708,126.72,183342,126.762224
2023-01-05 15:44:00+00:00,126.88,126.9499,126.7417,1673,126.7812,235162,126.849393
2023-01-05 15:45:00+00:00,127.03,127.03,126.87,1787,126.88,276186,126.918486
2023-01-05 15:46:00+00:00,126.845,127.025,126.84,1508,127.025,192664,126.920484
2023-01-05 15:47:00+00:00,126.77,126.918,126.76,1463,126.84,161318,126.837933
2023-01-05 15:48:00+00:00,126.6011,126.8,126.59,1340,126.78,164999,126.742398
2023-01-05 15:49:00+00:00,126.545,126.62,126.51,1276,126.605,154671,126.559369
2023-01-05 15:50:00+00:00,126.61,126.63,126.48,1392,126.55,192109,126.561985
2023-01-05 15:51:00+00:00,126.62,126.6799,126.53,1173,126.61,120377,126.605402
2023-01-05 15:52:00+00:00,126.49,126.6399,126.37,1639,126.62,188795,126.505667
2023-01-05 15:53:00+00:00,126.4677,126.5,126.38,1229,126.49,144494,126.430516
2023-01-05 15:54:00+00:00,126.425,126.4501,126.3,1675,126.45,163771,126.378031
2023-01-05 15:55:00+00:00,126.42,126.49,126.385,1425,126.43,187048,126.437281
2023-01-05 15:56:00+00:00,126.355,126.4647,126.3199,1068,126.435,108359,126.379707
2023-01-05 15:57:00+00:00,126.47,126.51,126.3,1329,126.355,132270,126.386677
2023-01-05 15:58:00+00:00,126.43,126.51,126.41,1139,126.46,121611,126.450716
2023-01-05 15:59:00+00:00,126.42,126.43,126.28,1464,126.43,179758,126.34856
2023-01-05 16:00:00+00:00,126.37,126.4799,126.35,1254,126.42,135788,126.419134
2023-01-05 16:01:00+00:00,126.17,126.425,126.15,1695,126.365,156313,126.26598
2023-01-05 16:02:00+00:00,126.325,126.33,126.17,1334,126.18,147014,126.275343
2023-01-05 16:03:00+00:00,126.5201,126.53,126.3,1250,126.33,143856,126.411379
2023-01-05 16:04:00+00:00,126.5482,126.557,126.46,1025,126.529,112362,126.499276
2023-01-05 16:05:00+00:00,126.67,126.68,126.5301,1441,126.5301,193709,126.620454
2023-01-05 16:06:00+00:00,126.7037,126.72,126.58,1294,126.67,161087,126.642294
2023-01-05 16:07:00+00:00,126.63,126.75,126.61,1321,126.7,170443,126.702321
2023-01-05 16:08:00+00:00,126.545,126.635,126.512,912,126.6201,120387,126.56536
2023-01-05 16:09:00+00:00,126.53,126.559,126.5,911,126.545,94467,126.527778
2023-01-05 16:10:00+00:00,126.61,126.62,126.53,1173,126.54,139451,126.578898
2023-01-05 16:11:00+00:00,126.68,126.73,126.6,1406,126.604,179995,126.66626
2023-01-05 16:12:00+00:00,126.66,126.71,126.63,958,126.68,95845,126.660817
2023-01-05 16:13:00+00:00,126.865,127.0,126.66,2246,126.66,289054,126.881964
2023-01-05 16:14:00+00:00,126.795,126.88,126.69,1488,126.87,174055,126.75728
2023-01-05 16:15:00+00:00,126.72,126.9399,126.69,1413,126.8,171805,126.81509
2023-01-05 16:16:00+00:00,126.82,126.88,126.6799,1215,126.73,137104,126.807281
2023-01-05 16:17:00+00:00,126.75,126.8299,126.74,871,126.815,84379,126.786228
2023-01-05 16:18:00+00:00,126.6801,126.7599,126.65,935,126.7599,99058,126.692877
2023-01-05 16:19:00+00:00,126.6081,126.6832,126.5882,869,126.6832,76056,126.627266
2023-01-05 16:20:00+00:00,126.61,126.69,126.6,1176,126.6008,124060,126.642588
2023-01-05 16:21:00+00:00,126.4146,126.6186,126.38,1560,126.61,195559,126.476503
2023-01-05 16:22:00+00:00,126.445,126.49,126.39,1087,126.41,121290,126.440778
2023-01-05 16:23:00+00:00,126.38,126.44,126.33,1186,126.435,158966,126.383082
2023-01-05 16:24:00+00:00,126.36,126.399,126.32,1093,126.385,113538,126.366328
2023-01-05 16:25:00+00:00,126.42,126.5,126.35,1223,126.3682,135877,126.453079
2023-01-05 16:26:00+00:00,126.475,126.5,126.32,1286,126.41,130229,126.421951
2023-01-05 16:27:00+00:00,126.5479,126.5479,126.4673,1006,126.4794,127855,126.508091
2023-01-05 16:28:00+00:00,126.538,126.5482,126.47,831,126.541,88478,126.506365
2023-01-05 16:29:00+00:00,126.5599,126.56,126.465,1142,126.5352,145314,126.517808
2023-01-05 16:30:00+00:00,126.49,126.57,126.45,1115,126.55,105266,126.507986
2023-01-05 16:31:00+00:00,126.535,126.56,126.43,1147,126.48,177262,126.484336
2023-01-05 16:32:00+00:00,126.555,126.56,126.48,1094,126.5309,123844,126.517182
2023-01-05 16:33:00+00:00,126.5113,126.56,126.48,809,126.5582,76853,126.522947
2023-01-05 16:34:00+00:00,126.6,126.645,126.51,1084,126.51,164252,126.577848
2023-01-05 16:35:00+00:00,126.63,126.67,126.575,837,126.61,85429,126.621328
2023-01-05 16:36:00+00:00,126.67,126.805,126.6311,1384,126.6311,178786,126.733096
2023-01-05 16:37:00+00:00,126.4356,126.69,126.43,1251,126.67,175115,126.552787
2023-01-05 16:38:00+00:00,126.63,126.78,126.43,2404,126.4399,317661,126.641842
2023-01-05 16:39:00+00:00,126.6402,126.8101,126.62,1610,126.63,407778,126.559028
2023-01-05 16:40:00+00:00,126.545,126.745,126.505,1318,126.63,180074,126.642729
2023-01-05 16:41:00+00:00,126.66,126.67,126.435,1378,126.55,198151,126.537873
2023-01-05 16:42:00+00:00,126.715,126.84,126.645,1316,126.661,179197,126.763388
2023-01-05 16:43:00+00:00,126.8907,126.9,126.72,922,126.72,80278,126.8269
2023-01-05 16:44:00+00:00,126.915,126.95,126.89,965,126.895,109063,126.921222
2023-01-05 16:45:00+00:00,127.0588,127.08,126.89,1335,126.915,166469,126.993016
2023-01-05 16:46:00+00:00,126.97,127.0599,126.92,1081,127.055,157738,126.971676
2023-01-05 16:47:00+00:00,126.97,127.06,126.955,1578,126.98,186985,127.000411
2023-01-05 16:48:00+00:00,127.0,127.0,126.9,1281,126.975,126990,126.942939
2023-01-05 16:49:00+00:00,126.99,127.033,126.91,1235,127.0,120228,126.983672
2023-01-05 16:50:00+00:00,127.04,127.06,126.9601,1246,126.9985,158491,127.017192
2023-01-05 16:51:00+00:00,126.905,127.04,126.86,1112,127.04,149644,126.917792
2023-01-05 16:52:00+00:00,126.82,126.95,126.8075,977,126.91,96722,126.875874
2023-01-05 16:53:00+00:00,126.8314,126.8573,126.77,855,126.8136,120799,126.819536
2023-01-05 16:54:00+00:00,126.755,126.84,126.71,893,126.835,126392,126.778691
2023-01-05 16:55:00+00:00,126.805,126.92,126.745,935,126.76,97054,126.81323
2023-01-05 16:56:00+00:00,126.823,126.8683,126.79,663,126.8001,58073,126.818872
2023-01-05 16:57:00+00:00,126.7011,126.84,126.64,1437,126.825,147995,126.730842
2023-01-05 16:58:00+00:00,126.639,126.7399,126.62,842,126.7,73543,126.670182
2023-01-05 16:59:00+00:00,126.68,126.72,126.63,711,126.6342,65387,126.671811
2023-01-05 17:00:00+00:00,126.615,126.705,126.5901,1195,126.68,95749,126.635889
2023-01-05 17:01:00+00:00,126.66,126.67,126.595,854,126.625,77662,126.63917
2023-01-05 17:02:00+00:00,126.763,126.839,126.6401,1391,126.655,147660,126.751792
2023-01-05 17:03:00+00:00,126.77,126.79,126.69,925,126.76,97638,126.753235
2023-01-05 17:04:00+00:00,126.7,126.81,126.67,1096,126.77,100660,126.745684
2023-01-05 17:05:00+00:00,126.6861,126.72,126.61,942,126.7,91513,126.651761
2023-01-05 17:06:00+00:00,126.7,126.86,126.69,1144,126.69,129878,126.782346
2023-01-05 17:07:00+00:00,126.788,126.955,126.665,1546,126.7,175940,126.814714
2023-01-05 17:08:00+00:00,126.6999,126.8,126.62,1019,126.79,121992,126.703354
2023-01-05 17:09:00+00:00,126.6432,126.7299,126.6328,748,126.68,62206,126.688243
2023-01-05 17:10:00+00:00,126.62,126.6694,126.6,833,126.6401,105426,126.634007
2023-01-05 17:11:00+00:00,126.52,126.6299,126.5,1530,126.62,155993,126.559999
2023-01-05 17:12:00+00:00,126.605,126.61,126.5,846,126.52,82653,126.553723
2023-01-05 17:13:00+00:00,126.5655,126.61,126.56,617,126.605,45603,126.583865
2023-01-05 17:14:00+00:00,126.56,126.5899,126.53,847,126.57,57193,126.554843
2023-01-05 17:15:00+00:00,126.468,126.59,126.43,1093,126.5599,93021,126.505915
2023-01-05 17:16:00+00:00,126.528,126.558,126.43,1015,126.4685,131296,126.474323
2023-01-05 17:17:00+00:00,126.58,126.6,126.53,801,126.535,64383,126.56463
2023-01-05 17:18:00+00:00,126.405,126.58,126.39,1252,126.5721,144297,126.459113
2023-01-05 17:19:00+00:00,126.2579,126.4046,126.22,1256,126.4,132213,126.308968
2023-01-05 17:20:00+00:00,126.25,126.3,126.2,867,126.25,118320,126.259361
2023-01-05 17:21:00+00:00,126.3785,126.39,126.26,951,126.26,109903,126.322792
2023-01-05 17:22:00+00:00,126.39,126.425,126.36,729,126.375,89528,126.392875
2023-01-05 17:23:00+00:00,126.4201,126.48,126.38,812,126.392,84040,126.427635
2023-01-05 17:24:00+00:00,126.5652,126.6299,126.429,1103,126.43,145777,126.544723
2023-01-05 17:25:00+00:00,126.58,126.62,126.54,769,126.57,82718,126.580719
2023-01-05 17:26:00+00:00,126.5813,126.6,126.53,710,126.58,81775,126.566554
2023-01-05 17:27:00+00:00,126.55,126.5899,126.52,716,126.5899,71447,126.531111
2023-01-05 17:28:00+00:00,126.51,126.5533,126.49,674,126.54,59125,126.521927
2023-01-05 17:29:00+00:00,126.5032,126.53,126.4733,540,126.51,37101,126.503282
2023-01-05 17:30:00+00:00,126.615,126.67,126.49,1052,126.5,113318,126.585804
2023-01-05 17:31:00+00:00,126.5801,126.6399,126.545,691,126.615,71872,126.602073
2023-01-05 17:32:00+00:00,126.6401,126.6401,126.545,852,126.585,83438,126.591615
2023-01-05 17:33:00+00:00,126.583,126.6485,126.56,675,126.64,103807,126.616059
2023-01-05 17:34:00+00:00,126.7,126.8,126.58,1453,126.585,143054,126.714524
2023-01-05 17:35:00+00:00,126.58,126.77,126.57,941,126.705,87812,126.671278
2023-01-05 17:36:00+00:00,126.5451,126.585,126.49,770,126.585,88367,126.52665
2023-01-05 17:37:00+00:00,126.53,126.57,126.52,687,126.5439,71246,126.54057
2023-01-05 17:38:00+00:00,126.4209,126.54,126.42,842,126.52,78469,126.469346
2023-01-05 17:39:00+00:00,126.44,126.4688,126.38,731,126.42,77286,126.418284
2023-01-05 17:40:00+00:00,126.3914,126.45,126.39,640,126.44,64819,126.411035
2023-01-05 17:41:00+00:00,126.44,126.45,126.38,666,126.4,56989,126.414733
2023-01-05 17:42:00+00:00,126.405,126.4825,126.4,657,126.4375,49908,126.447339
2023-01-05 17:43:00+00:00,126.36,126.405,126.351,695,126.405,58991,126.373211
2023-01-05 17:44:00+00:00,126.35,126.3588,126.3,832,126.3588,77177,126.323853
2023-01-05 17:45:00+00:00,126.39,126.41,126.33,678,126.35,64665,126.376549
2023-01-05 17:46:00+00:00,126.2714,126.41,126.265,869,126.39,96056,126.31548
2023-01-05 17:47:00+00:00,126.33,126.355,126.28,751,126.28,79458,126.323957
2023-01-05 17:48:00+00:00,126.3399,126.34,126.295,716,126.32,48280,126.325152
2023-01-05 17:49:00+00:00,126.34,126.4,126.31,635,126.33,64730,126.354809
2023-01-05 17:50:00+00:00,126.43,126.475,126.32,777,126.32,84800,126.411524
2023-01-05 17:51:00+00:00,126.3,126.425,126.3,656,126.42,50593,126.334582
2023-01-05 17:52:00+00:00,126.26,126.3199,126.24,930,126.31,100630,126.283028
2023-01-05 17:53:00+00:00,126.215,126.28,126.18,1031,126.25,104872,126.235739
2023-01-05 17:54:00+00:00,126.2031,126.25,126.19,792,126.2159,60027,126.217127
2023-01-05 17:55:00+00:00,126.2,126.23,126.18,659,126.2,51882,126.196508
2023-01-05 17:56:00+00:00,126.22,126.24,126.18,634,126.19,45500,126.209982
2023-01-05 17:57:00+00:00,126.23,126.2499,126.19,812,126.2196,73706,126.223161
2023-01-05 17:58:00+00:00,126.235,126.3,126.19,888,126.2284,90997,126.252127
2023-01-05 17:59:00+00:00,126.2474,126.2899,126.235,568,126.24,47865,126.258826
2023-01-05 18:00:00+00:00,126.24,126.2686,126.18,776,126.245,60933,126.224412
2023-01-05 18:01:00+00:00,126.19,126.26,126.18,696,126.25,63443,126.222235
2023-01-05 18:02:00+00:00,126.17,126.19,126.1101,922,126.19,84800,126.150222
2023-01-05 18:03:00+00:00,126.208,126.24,126.1607,674,126.1607,63373,126.205436
2023-01-05 18:04:00+00:00,126.1899,126.24,126.185,692,126.2,74494,126.211673
2023-01-05 18:05:00+00:00,126.12,126.19,126.09,1337,126.188,153088,126.141138
2023-01-05 18:06:00+00:00,126.11,126.23,126.09,1185,126.11,153444,126.182574
2023-01-05 18:07:00+00:00,126.15,126.23,126.0959,854,126.1085,87232,126.150875
2023-01-05 18:08:00+00:00,126.0537,126.19,126.04,1180,126.155,127869,126.110768
2023-01-05 18:09:00+00:00,126.088,126.095,125.97,2834,126.0537,211372,126.018708
2023-01-05 18:10:00+00:00,126.0999,126.14,126.06,773,126.085,82095,126.103936
2023-01-05 18:11:00+00:00,126.085,126.1,126.04,678,126.09,210770,126.341308
2023-01-05 18:12:00+00:00,125.9781,126.085,125.93,1103,126.0823,103478,125.998672
2023-01-05 18:13:00+00:00,125.914,125.995,125.91,983,125.9787,107965,125.940724
2023-01-05 18:14:00+00:00,125.8179,125.92,125.81,1149,125.9101,88991,125.86584
2023-01-05 18:15:00+00:00,125.8161,125.84,125.8001,949,125.81,84698,125.823498
2023-01-05 18:16:00+00:00,125.8366,125.85,125.803,863,125.815,98381,125.823135
2023-01-05 18:17:00+00:00,125.8871,125.9,125.815,943,125.835,95375,125.860692
2023-01-05 18:18:00+00:00,125.89,125.9,125.85,685,125.88,54894,125.870866
2023-01-05 18:19:00+00:00,125.8699,125.89,125.85,696,125.885,77464,125.874649
2023-01-05 18:20:00+00:00,126.185,126.41,125.855,3101,125.865,421789,126.157883
2023-01-05 18:21:00+00:00,126.285,126.29,126.005,1482,126.185,193123,126.154834
2023-01-05 18:22:00+00:00,126.61,126.7435,126.28,3504,126.28,455264,126.550196
2023-01-05 18:23:00+00:00,126.6999,126.7,126.48,1865,126.61,219643,126.582246
2023-01-05 18:24:00+00:00,126.66,126.79,126.63,1942,126.71,210533,126.712478
2023-01-05 18:25:00+00:00,126.545,126.75,126.48,1779,126.67,181662,126.570037
2023-01-05 18:26:00+00:00,126.62,126.67,126.49,1651,126.52,183356,126.606188
2023-01-05 18:27:00+00:00,126.73,126.87,126.62,2307,126.64,288894,126.753098
2023-01-05 18:28:00+00:00,126.58,126.8119,126.5401,1500,126.74,156675,126.682675
2023-01-05 18:29:00+00:00,126.48,126.66,126.46,1084,126.5952,119763,126.558885
2023-01-05 18:30:00+00:00,126.56,126.65,126.49,1311,126.49,111093,126.594414
2023-01-05 18:31:00+00:00,126.66,126.67,126.57,928,126.57,82337,126.62794
2023-01-05 18:32:00+00:00,126.9063,126.91,126.63,1543,126.66,208815,126.759414
2023-01-05 18:33:00+00:00,126.86,126.98,126.78,1743,126.9,248990,126.88445
2023-01-05 18:34:00+00:00,126.925,126.935,126.855,881,126.855,108345,126.902467
2023-01-05 18:35:00+00:00,126.9667,127.04,126.8719,1499,126.925,221227,126.977404
2023-01-05 18:36:00+00:00,126.8399,127.015,126.83,1270,126.965,181791,126.907401
2023-01-05 18:37:00+00:00,126.758,126.835,126.73,838,126.835,108762,126.777668
2023-01-05 18:38:00+00:00,126.67,126.7933,126.67,980,126.76,140903,126.735261
2023-01-05 18:39:00+00:00,126.7363,126.7782,126.61,849,126.6711,108612,126.682225
2023-01-05 18:40:00+00:00,126.81,126.84,126.71,943,126.74,115937,126.774617
2023-01-05 18:41:00+00:00,126.7284,126.79,126.71,673,126.79,111214,126.697837
2023-01-05 18:42:00+00:00,126.61,126.76,126.59,998,126.725,120254,126.680598
2023-01-05 18:43:00+00:00,126.5,126.6299,126.45,1194,126.61,167642,126.530593
2023-01-05 18:44:00+00:00,126.5215,126.55,126.465,631,126.51,58422,126.507927
2023-01-05 18:45:00+00:00,126.41,126.56,126.35,1497,126.53,170435,126.428237
2023-01-05 18:46:00+00:00,126.46,126.46,126.34,810,126.41,95650,126.399928
2023-01-05 18:47:00+00:00,126.495,126.52,126.4203,863,126.46,93070,126.471486
2023-01-05 18:48:00+00:00,126.425,126.5386,126.385,820,126.495,94350,126.464935
2023-01-05 18:49:00+00:00,126.394,126.47,126.38,705,126.42,68309,126.414632
2023-01-05 18:50:00+00:00,126.3926,126.425,126.28,1055,126.39,113505,126.348913
2023-01-05 18:51:00+00:00,126.3999,126.44,126.37,688,126.395,59173,126.411339
2023-01-05 18:52:00+00:00,126.4,126.44,126.365,734,126.4,74457,126.400991
2023-01-05 18:53:00+00:00,126.43,126.44,126.36,611,126.39,45398,126.396673
2023-01-05 18:54:00+00:00,126.3701,126.445,126.365,679,126.4279,56841,126.408034
2023-01-05 18:55:00+00:00,126.4299,126.43,126.26,1114,126.3758,121893,126.350534
2023-01-05 18:56:00+00:00,126.4213,126.45,126.35,828,126.4292,72028,126.40528
2023-01-05 18:57:00+00:00,126.33,126.44,126.3,692,126.43,58866,126.358541
2023-01-05 18:58:00+00:00,126.2,126.35,126.18,1183,126.325,144606,126.228792
2023-01-05 18:59:00+00:00,126.27,126.3,126.2,766,126.21,70335,126.257637
2023-01-05 19:00:00+00:00,126.35,126.4,126.19,1175,126.28,153482,126.305755
2023-01-05 19:01:00+00:00,126.3499,126.43,126.3,724,126.35,58947,126.365108
2023-01-05 19:02:00+00:00,126.4205,126.45,126.33,812,126.345,112668,126.387936
2023-01-05 19:03:00+00:00,126.36,126.47,126.315,1162,126.425,134329,126.415283
2023-01-05 19:04:00+00:00,126.32,126.37,126.3,592,126.345,44079,126.327435
2023-01-05 19:05:00+00:00,126.3288,126.3498,126.29,595,126.33,60692,126.317935
2023-01-05 19:06:00+00:00,126.33,126.34,126.28,623,126.32,51743,126.303943
2023-01-05 19:07:00+00:00,126.255,126.35,126.24,801,126.32,109866,126.292205
2023-01-05 19:08:00+00:00,126.3501,126.37,126.2496,619,126.25,85989,126.303613
2023-01-05 19:09:00+00:00,126.39,126.43,126.3,765,126.355,90244,126.373564
2023-01-05 19:10:00+00:00,126.375,126.44,126.3414,765,126.4,76637,126.402649
2023-01-05 19:11:00+00:00,126.2609,126.385,126.24,1106,126.385,145991,126.287765
2023-01-05 19:12:00+00:00,126.3527,126.37,126.24,914,126.26,94500,126.294261
2023-01-05 19:13:00+00:00,126.25,126.355,126.25,1046,126.355,104024,126.2928
2023-01-05 19:14:00+00:00,126.05,126.2527,126.02,1554,126.25,172320,126.129018
2023-01-05 19:15:00+00:00,126.1099,126.123,126.04,922,126.06,93476,126.088131
2023-01-05 19:16:00+00:00,126.165,126.22,126.11,778,126.11,69992,126.177218
2023-01-05 19:17:00+00:00,126.195,126.22,126.13,761,126.17,59064,126.180077
2023-01-05 19:18:00+00:00,126.15,126.21,126.14,772,126.19,47064,126.17522
2023-01-05 19:19:00+00:00,126.19,126.2,126.12,807,126.15,62714,126.155069
2023-01-05 19:20:00+00:00,126.1293,126.21,126.12,804,126.19,76600,126.161384
2023-01-05 19:21:00+00:00,126.02,126.1299,126.0,1200,126.12,111273,126.05392
2023-01-05 19:22:00+00:00,126.075,126.1199,126.01,856,126.0191,78362,126.074372
2023-01-05 19:23:00+00:00,126.01,126.0874,125.98,1295,126.075,113119,126.02025
2023-01-05 19:24:00+00:00,125.9901,126.03,125.92,1042,126.0,111901,125.988395
2023-01-05 19:25:00+00:00,125.95,126.06,125.92,1043,125.99,115567,125.992792
2023-01-05 19:26:00+00:00,125.95,125.9799,125.9,935,125.95,98970,125.934637
2023-01-05 19:27:00+00:00,125.9303,125.99,125.92,737,125.9544,66358,125.94548
2023-01-05 19:28:00+00:00,125.92,125.9301,125.81,1380,125.9301,139026,125.882186
2023-01-05 19:29:00+00:00,125.8887,125.92,125.87,727,125.91,71639,125.898599
2023-01-05 19:30:00+00:00,125.995,126.0,125.88,1141,125.89,116825,125.948709
2023-01-05 19:31:00+00:00,125.9791,126.02,125.93,1089,125.99,116793,125.977481
2023-01-05 19:32:00+00:00,125.955,126.025,125.94,779,125.9701,69308,125.977946
2023-01-05 19:33:00+00:00,125.97,126.02,125.94,760,125.9576,64027,125.97837
2023-01-05 19:34:00+00:00,125.9366,125.9883,125.915,620,125.975,43499,125.940581
2023-01-05 19:35:00+00:00,125.955,126.0,125.925,715,125.93,51584,125.956718
2023-01-05 19:36:00+00:00,126.0844,126.11,125.9611,1868,125.9611,197796,126.029204
2023-01-05 19:37:00+00:00,126.2791,126.38,126.07,2797,126.085,358667,126.210509
2023-01-05 19:38:00+00:00,126.1599,126.285,126.145,1486,126.27,163035,126.192021
2023-01-05 19:39:00+00:00,126.115,126.1786,126.08,1134,126.15,107770,126.116212
2023-01-05 19:40:00+00:00,126.1268,126.1697,126.0462,1311,126.12,116509,126.10736
2023-01-05 19:41:00+00:00,126.08,126.1907,126.07,1043,126.125,108803,126.136395
2023-01-05 19:42:00+00:00,126.045,126.11,126.03,1128,126.09,130104,126.065589
2023-01-05 19:43:00+00:00,125.9675,126.065,125.94,1429,126.05,142929,126.007826
2023-01-05 19:44:00+00:00,125.93,125.995,125.91,854,125.9692,73891,125.951385
2023-01-05 19:45:00+00:00,126.025,126.06,125.9123,1096,125.92,121193,126.002018
2023-01-05 19:46:00+00:00,125.895,126.04,125.89,1498,126.0213,138584,125.960396
2023-01-05 19:47:00+00:00,125.895,125.93,125.86,1379,125.895,150641,125.894662
2023-01-05 19:48:00+00:00,125.845,125.94,125.83,1518,125.9,171431,125.889597
2023-01-05 19:49:00+00:00,125.925,126.14,125.84,2103,125.8444,222456,126.017522
2023-01-05 19:50:00+00:00,125.795,125.945,125.79,1894,125.93,205570,125.842293
2023-01-05 19:51:00+00:00,125.82,125.88,125.78,1773,125.795,171661,125.821491
2023-01-05 19:52:00+00:00,125.82,125.86,125.67,2476,125.8108,250339,125.756339
2023-01-05 19:53:00+00:00,125.825,125.84,125.78,1046,125.82,106579,125.808169
2023-01-05 19:54:00+00:00,125.845,125.86,125.82,1076,125.82,122833,125.840154
2023-01-05 19:55:00+00:00,125.725,125.85,125.71,1601,125.8403,185719,125.798208
2023-01-05 19:56:00+00:00,125.59,125.725,125.59,1867,125.725,180997,125.653156
2023-01-05 19:57:00+00:00,125.5395,125.6199,125.5,2324,125.5931,215845,125.545657
2023-01-05 19:58:00+00:00,125.61,125.7,125.475,2777,125.53,308625,125.567328
2023-01-05 19:59:00+00:00,125.48,125.625,125.48,1688,125.62,179649,125.537112
2023-01-05 20:00:00+00:00,125.43,125.495,125.34,2435,125.485,758421,125.696147
2023-01-05 20:01:00+00:00,125.48,125.53,125.3984,1549,125.4201,167715,125.463494
2023-01-05 20:02:00+00:00,125.3816,125.5,125.34,1357,125.4655,150051,125.416398
2023-01-05 20:03:00+00:00,125.495,125.495,125.38,1066,125.39,95054,125.431248
2023-01-05 20:04:00+00:00,125.4672,125.49,125.43,1052,125.49,112343,125.461184
2023-01-05 20:05:00+00:00,125.46,125.505,125.4324,1241,125.465,123612,125.471754
2023-01-05 20:06:00+00:00,125.3454,125.455,125.3318,1252,125.455,142748,125.402792
2023-01-05 20:07:00+00:00,125.365,125.42,125.33,1154,125.3401,152780,125.382078
2023-01-05 20:08:00+00:00,125.38,125.4,125.3499,1044,125.365,93951,125.372274
2023-01-05 20:09:00+00:00,125.25,125.385,125.25,2320,125.37,221698,125.305427
2023-01-05 20:10:00+00:00,125.125,125.27,125.1101,2788,125.255,310470,125.197414
2023-01-05 20:11:00+00:00,125.16,125.19,125.03,3364,125.13,343679,125.110148
2023-01-05 20:12:00+00:00,125.165,125.1704,125.105,1588,125.17,197206,125.14741
2023-01-05 20:13:00+00:00,125.1,125.1706,125.085,1309,125.168,129260,125.126432
2023-01-05 20:14:00+00:00,125.165,125.19,125.1,1349,125.105,165401,125.140853
2023-01-05 20:15:00+00:00,125.3399,125.36,125.16,1923,125.1633,259219,125.28359
2023-01-05 20:16:00+00:00,125.285,125.36,125.22,1463,125.33,164713,125.291915
2023-01-05 20:17:00+00:00,125.22,125.32,125.18,1346,125.289,121932,125.238893
2023-01-05 20:18:00+00:00,125.19,125.24,125.15,1256,125.21,136732,125.189588
2023-01-05 20:19:00+00:00,125.1491,125.19,125.06,1496,125.1899,161378,125.129434
2023-01-05 20:20:00+00:00,125.17,125.19,125.11,1400,125.145,163353,125.145957
2023-01-05 20:21:00+00:00,125.17,125.28,125.135,1367,125.1601,163846,125.219833
2023-01-05 20:22:00+00:00,125.1901,125.2,125.1206,1141,125.175,116108,125.166741
2023-01-05 20:23:00+00:00,125.1644,125.2199,125.15,1142,125.185,101378,125.181412
2023-01-05 20:24:00+00:00,125.1,125.175,125.03,2014,125.16,238572,125.089371
2023-01-05 20:25:00+00:00,125.0399,125.12,125.03,1340,125.1,133126,125.075299
2023-01-05 20:26:00+00:00,125.095,125.11,125.03,1628,125.04,152277,125.060171
2023-01-05 20:27:00+00:00,125.16,125.21,125.1,1531,125.1,174523,125.169287
2023-01-05 20:28:00+00:00,125.15,125.22,125.14,1139,125.17,115186,125.181667
2023-01-05 20:29:00+00:00,125.16,125.2401,125.14,1281,125.155,114707,125.18025
2023-01-05 20:30:00+00:00,125.05,125.17,125.01,2399,125.17,258878,125.04832
2023-01-05 20:31:00+00:00,125.03,125.0839,125.01,1834,125.0447,221442,125.032607
2023-01-05 20:32:00+00:00,125.11,125.11,125.02,1229,125.03,123800,125.047235
2023-01-05 20:33:00+00:00,125.1,125.16,125.07,1512,125.12,144093,125.11088
2023-01-05 20:34:00+00:00,125.1114,125.19,125.08,1362,125.09,135576,125.148211
2023-01-05 20:35:00+00:00,125.2401,125.3,125.09,2134,125.1103,261169,125.215402
2023-01-05 20:36:00+00:00,125.275,125.29,125.21,1295,125.245,132663,125.248078
2023-01-05 20:37:00+00:00,125.16,125.28,125.14,1550,125.27,575601,125.229788
2023-01-05 20:38:00+00:00,125.1888,125.225,125.15,1391,125.155,118241,125.183301
2023-01-05 20:39:00+00:00,125.195,125.23,125.175,1123,125.19,100973,125.202865
2023-01-05 20:40:00+00:00,125.2288,125.24,125.17,1423,125.19,155345,125.193616
2023-01-05 20:41:00+00:00,125.175,125.25,125.17,1270,125.225,141207,125.211503
2023-01-05 20:42:00+00:00,125.125,125.1799,125.08,1736,125.1799,238618,125.133413
2023-01-05 20:43:00+00:00,125.0484,125.1201,125.045,1551,125.1201,161654,125.079661
2023-01-05 20:44:00+00:00,125.075,125.08,125.0,5454,125.045,401952,125.022068
2023-01-05 20:45:00+00:00,125.19,125.24,125.07,2195,125.08,295613,125.167813
2023-01-05 20:46:00+00:00,125.135,125.27,125.11,1702,125.19,267680,125.198286
2023-01-05 20:47:00+00:00,125.065,125.1463,125.02,1699,125.135,174124,125.072022
2023-01-05 20:48:00+00:00,125.01,125.09,125.0,4609,125.07,430843,125.021503
2023-01-05 20:49:00+00:00,125.035,125.06,125.0,1480,125.005,167476,125.04286
2023-01-05 20:50:00+00:00,124.7728,125.04,124.77,9774,125.04,952567,124.904952
2023-01-05 20:51:00+00:00,124.93,124.94,124.76,3141,124.775,349780,124.826874
2023-01-05 20:52:00+00:00,124.805,124.96,124.77,2661,124.94,322070,124.827345
2023-01-05 20:53:00+00:00,124.81,124.88,124.76,2965,124.8,329598,124.816742
2023-01-05 20:54:00+00:00,124.775,124.95,124.77,3517,124.81,347594,124.835658
2023-01-05 20:55:00+00:00,124.95,125.06,124.77,4695,124.78,542331,124.965823
2023-01-05 20:56:00+00:00,124.955,124.99,124.89,2996,124.95,276384,124.935459
2023-01-05 20:57:00+00:00,124.9801,125.05,124.91,4184,124.95,426387,124.989244
2023-01-05 20:58:00+00:00,125.0901,125.11,124.9775,4012,124.98,518383,125.0509
2023-01-05 20:59:00+00:00,125.03,125.17,125.01,6575,125.09,893371,125.077906
2023-01-05 21:00:00+00:00,125.1201,125.17,125.02,260,125.02,14315436,125.020181
2023-01-05 21:01:00+00:00,125.06,125.14,125.06,131,125.12,9436,125.091854
2023-01-05 21:02:00+00:00,125.1,125.12,125.04,176,125.06,21120,125.081306
2023-01-05 21:03:00+00:00,125.05,125.09,125.02,107,125.08,7892,125.054153
2023-01-05 21:04:00+00:00,125.12,125.12,125.04,115,125.05,21106,125.056616
2023-01-05 21:05:00+00:00,125.031,125.09,125.03,98,125.09,7618,125.056748
2023-01-05 21:06:00+00:00,125.03,125.06,125.02,107,125.06,163675,125.02071
2023-01-05 21:07:00+00:00,125.02,125.04,124.99,181,125.0,14778,125.011618
2023-01-05 21:08:00+00:00,125.02,125.06,125.01,56,125.02,60199,125.020795
2023-01-05 21:09:00+00:00,125.03,125.05,125.02,63,125.02,18834,125.024229
2023-01-05 21:10:00+00:00,125.05,125.09,125.05,55,125.08,16022,125.025116
2023-01-05 21:11:00+00:00,125.07,125.09,125.07,47,125.09,1097,125.073147
2023-01-05 21:12:00+00:00,125.05,125.11,125.02,77,125.02,25327,125.025046
2023-01-05 21:13:00+00:00,125.11,125.11,125.04,69,125.04,3381,125.079865
2023-01-05 21:14:00+00:00,125.02,125.09,125.02,100,125.09,3765,125.057721
2023-01-05 21:15:00+00:00,125.13,125.13,125.09,41,125.09,2426,125.100712
2023-01-05 21:16:00+00:00,125.1,125.11,125.1,46,125.1,1619,125.101448
2023-01-05 21:17:00+00:00,125.12,125.13,125.09,93,125.1,7822,125.107683
2023-01-05 21:18:00+00:00,125.09,125.15,125.09,110,125.09,7665,125.117477
2023-01-05 21:19:00+00:00,125.14,125.15,125.09,43,125.09,3615,125.1309
2023-01-05 21:20:00+00:00,125.2,125.2,125.14,61,125.14,3655,125.187494
2023-01-05 21:21:00+00:00,125.25,125.25,125.19,87,125.19,16684,125.2299
2023-01-05 21:22:00+00:00,125.15,125.3,125.03,191,125.25,29358,125.229971
2023-01-05 21:23:00+00:00,125.22,125.23,125.16,57,125.16,4084,125.182229
2023-01-05 21:24:00+00:00,125.2,125.2,125.13,49,125.19,5929,125.145029
2023-01-05 21:25:00+00:00,125.17,125.2,125.02,30,125.17,17911,125.024973
2023-01-05 21:26:00+00:00,125.19,125.19,125.13,47,125.13,2085,125.157875
2023-01-05 21:27:00+00:00,125.21,125.21,125.1777,39,125.19,1134,125.193005
2023-01-05 21:28:00+00:00,125.19,125.19,125.11,53,125.19,2474,125.173635
2023-01-05 21:29:00+00:00,125.19,125.21,125.18,48,125.19,2266,125.197513
2023-01-05 21:30:00+00:00,125.3,125.34,125.13,119,125.19,18855,125.26823
2023-01-05 21:31:00+00:00,125.24,125.32,125.18,56,125.3,5358,125.278547
2023-01-05 21:32:00+00:00,125.22,125.25,125.17,82,125.2,3974,125.214218
2023-01-05 21:33:00+00:00,125.22,125.22,125.19,35,125.19,1421,125.200779
2023-01-05 21:34:00+00:00,125.22,125.22,125.19,41,125.2199,2139,125.20706
2023-01-05 21:35:00+00:00,125.151,125.22,125.14,68,125.22,3043,125.159243
2023-01-05 21:36:00+00:00,125.18,125.18,125.18,30,125.18,382,125.177552
2023-01-05 21:37:00+00:00,125.11,125.15,125.11,53,125.15,1089,125.133228
2023-01-05 21:38:00+00:00,125.13,125.2,125.13,49,125.16,1965,125.163741
2023-01-05 21:39:00+00:00,125.12,125.13,125.12,40,125.13,2083,125.122974
2023-01-05 21:40:00+00:00,125.1601,125.2,125.14,46,125.14,2713,125.180301
2023-01-05 21:41:00+00:00,125.16,125.23,125.1201,76,125.21,4146,125.173032
2023-01-05 21:43:00+00:00,125.12,125.15,125.12,56,125.15,2035,125.142862
2023-01-05 21:44:00+00:00,125.17,125.17,125.17,26,125.17,534,125.167481
2023-01-05 21:45:00+00:00,125.14,125.19,125.14,60,125.17,3050,125.178984
2023-01-05 21:46:00+00:00,125.15,125.19,125.1169,44,125.19,1663,125.148355
2023-01-05 21:47:00+00:00,125.15,125.15,125.15,49,125.15,860,125.144452
2023-01-05 21:48:00+00:00,125.02,125.19,125.02,33,125.17,12497,125.052817
2023-01-05 21:49:00+00:00,125.11,125.14,125.11,58,125.14,2677,125.120374
2023-01-05 21:50:00+00:00,125.1301,125.18,125.1301,28,125.15,1902,125.155085
2023-01-05 21:51:00+00:00,125.13,125.14,125.13,34,125.14,1074,125.136749
2023-01-05 21:53:00+00:00,125.05,125.14,125.05,109,125.14,5940,125.080149
2023-01-05 21:54:00+00:00,125.02,125.11,125.02,37,125.11,20656,125.022171
2023-01-05 21:55:00+00:00,125.08,125.09,125.08,40,125.09,938,125.086209
2023-01-05 21:56:00+00:00,125.15,125.15,125.08,63,125.08,691894,125.020344
2023-01-05 21:57:00+00:00,125.11,125.16,125.1,69,125.15,3908,125.128683
2023-01-05 21:58:00+00:00,125.16,125.16,125.139,35,125.139,1986,125.14278
2023-01-05 21:59:00+00:00,125.16,125.16,125.1569,39,125.16,517,125.154815
2023-01-05 22:00:00+00:00,125.15,125.15,125.12,22,125.15,777,125.139813
2023-01-05 22:01:00+00:00,125.13,125.15,125.13,29,125.15,1921,125.148561
2023-01-05 22:02:00+00:00,125.1499,125.1499,125.1499,33,125.1499,325,125.123631
2023-01-05 22:03:00+00:00,125.13,125.13,125.1,16,125.1,883,125.10955
2023-01-05 22:04:00+00:00,125.1487,125.15,125.12,31,125.15,2112,125.134648
2023-01-05 22:05:00+00:00,125.14,125.15,125.09,68,125.12,9706,125.10365
2023-01-05 22:06:00+00:00,125.09,125.13,125.08,40,125.13,2883,125.107962
2023-01-05 22:07:00+00:00,125.11,125.11,125.0986,20,125.0986,792,125.103864
2023-01-05 22:08:00+00:00,125.0716,125.11,125.0716,34,125.11,1402,125.092671
2023-01-05 22:09:00+00:00,125.11,125.11,125.07,21,125.07,524,125.079237
2023-01-05 22:10:00+00:00,125.11,125.11,125.0701,27,125.0701,658,125.091283
2023-01-05 22:11:00+00:00,125.15,125.15,125.1,33,125.1,1793,125.125358
2023-01-05 22:12:00+00:00,125.09,125.13,125.09,38,125.13,6239,125.124385
2023-01-05 22:14:00+00:00,125.1,125.1,125.1,31,125.1,719,125.103366
2023-01-05 22:15:00+00:00,125.15,125.15,125.15,26,125.15,442,125.13879
2023-01-05 22:16:00+00:00,125.1,125.1,125.1,32,125.1,725,125.101979
2023-01-05 22:17:00+00:00,125.1,125.1,125.1,17,125.1,601,125.103918
2023-01-05 22:18:00+00:00,125.1,125.1,125.08,46,125.1,1201,125.091904
2023-01-05 22:19:00+00:00,125.1,125.14,125.1,22,125.14,609,125.10484
2023-01-05 22:20:00+00:00,125.07,125.07,125.07,23,125.07,253,125.078893
2023-01-05 22:21:00+00:00,125.1,125.1,125.1,19,125.1,2160,125.099847
2023-01-05 22:22:00+00:00,125.11,125.11,125.11,31,125.11,449,125.106036
2023-01-05 22:23:00+00:00,125.08,125.12,125.08,31,125.12,1608,125.094857
2023-01-05 22:24:00+00:00,125.09,125.09,125.05,47,125.07,1880,125.065104
2023-01-05 22:25:00+00:00,125.09,125.09,125.09,31,125.09,698,125.086783
2023-01-05 22:26:00+00:00,125.1,125.1,125.1,33,125.1,1043,125.095288
2023-01-05 22:27:00+00:00,125.14,125.14,125.13,24,125.13,926,125.123389
2023-01-05 22:28:00+00:00,125.1,125.15,125.1,31,125.15,2079,125.125764
2023-01-05 22:29:00+00:00,125.13,125.13,125.13,18,125.13,546,125.130366
2023-01-05 22:32:00+00:00,125.13,125.13,125.13,16,125.13,261,125.13046
2023-01-05 22:33:00+00:00,125.15,125.15,125.1496,17,125.1496,708,125.148058
2023-01-05 22:34:00+00:00,125.15,125.15,125.15,17,125.15,1187,125.148505
2023-01-05 22:35:00+00:00,125.13,125.13,125.13,21,125.13,260,125.132416
2023-01-05 22:36:00+00:00,125.12,125.13,125.12,17,125.13,530,125.124377
2023-01-05 22:37:00+00:00,125.12,125.12,125.12,17,125.12,434,125.118318
2023-01-05 22:38:00+00:00,125.12,125.12,125.1,36,125.1,2589,125.102642
2023-01-05 22:39:00+00:00,125.08,125.11,125.08,9,125.11,1204,125.085033
2023-01-05 22:40:00+00:00,125.12,125.12,125.12,16,125.12,370,125.118162
2023-01-05 22:41:00+00:00,125.06,125.06,125.06,8,125.06,139,125.070252
2023-01-05 22:42:00+00:00,125.08,125.0989,125.08,17,125.0989,1147,125.095732
2023-01-05 22:43:00+00:00,125.08,125.08,125.08,21,125.08,497,125.086124
2023-01-05 22:44:00+00:00,125.08,125.0982,125.08,31,125.0982,1376,125.092731
2023-01-05 22:45:00+00:00,125.08,125.1,125.08,30,125.1,1038,125.098314
2023-01-05 22:47:00+00:00,125.07,125.12,125.07,26,125.12,1318,125.090569
2023-01-05 22:48:00+00:00,125.1,125.12,125.07,41,125.1,6136,125.094458
2023-01-05 22:50:00+00:00,125.14,125.14,125.11,9,125.11,2844,125.129112
2023-01-05 22:52:00+00:00,125.14,125.14,125.14,14,125.14,172,125.138285
2023-01-05 22:53:00+00:00,125.1,125.14,125.1,16,125.14,2226,125.103356
2023-01-05 22:54:00+00:00,125.14,125.14,125.1,20,125.1,662,125.11926
2023-01-05 22:55:00+00:00,125.1,125.1001,125.1,16,125.1001,295,125.110271
2023-01-05 22:56:00+00:00,125.13,125.13,125.1,38,125.13,2099,125.11383
2023-01-05 22:57:00+00:00,125.1,125.14,125.1,20,125.14,822,125.118084
2023-01-05 22:59:00+00:00,125.1,125.14,125.09,19,125.14,829,125.108559
2023-01-05 23:00:00+00:00,125.23,125.23,125.13,60,125.13,3792,125.16486
2023-01-05 23:01:00+00:00,125.2,125.2,125.2,15,125.2,593,125.200624
2023-01-05 23:02:00+00:00,125.2,125.2,125.2,22,125.2,328,125.183826
2023-01-05 23:03:00+00:00,125.11,125.12,125.11,19,125.12,495,125.118131
2023-01-05 23:05:00+00:00,125.12,125.14,125.12,27,125.14,696,125.131157
2023-01-05 23:07:00+00:00,125.12,125.12,125.1,14,125.1,476,125.11209
2023-01-05 23:08:00+00:00,125.1,125.15,125.1,18,125.15,334,125.122799
2023-01-05 23:09:00+00:00,125.12,125.12,125.12,12,125.12,606,125.12005
2023-01-05 23:12:00+00:00,125.1,125.1,125.1,32,125.1,399,125.107544
2023-01-05 23:13:00+00:00,125.14,125.14,125.14,16,125.14,202,125.135173
2023-01-05 23:20:00+00:00,125.15,125.16,125.15,19,125.16,694,125.152522
2023-01-05 23:22:00+00:00,125.14,125.14,125.14,23,125.14,464,125.143793
2023-01-05 23:23:00+00:00,125.15,125.15,125.15,13,125.15,688,125.148372
2023-01-05 23:24:00+00:00,125.11,125.14,125.11,26,125.14,691,125.13008
2023-01-05 23:25:00+00:00,125.12,125.12,125.12,13,125.12,623,125.121469
2023-01-05 23:28:00+00:00,125.13,125.14,125.13,22,125.14,1230,125.129972
2023-01-05 23:29:00+00:00,125.13,125.13,125.13,20,125.13,1724,125.12991
2023-01-05 23:30:00+00:00,125.14,125.14,125.14,15,125.14,130,125.138595
2023-01-05 23:31:00+00:00,125.14,125.14,125.14,24,125.14,693,125.141638
2023-01-05 23:32:00+00:00,125.12,125.12,125.12,26,125.12,541,125.127495
2023-01-05 23:34:00+00:00,125.16,125.17,125.16,14,125.16,618,125.162047
2023-01-05 23:35:00+00:00,125.13,125.13,125.13,19,125.13,247,125.133259
2023-01-05 23:37:00+00:00,125.13,125.13,125.13,16,125.13,134,125.132612
2023-01-05 23:38:00+00:00,125.12,125.16,125.12,43,125.16,743,125.128378
2023-01-05 23:39:00+00:00,125.12,125.12,125.12,16,125.12,269,125.119981
2023-01-05 23:41:00+00:00,125.0,125.11,125.0,493,125.11,33972,125.02323
2023-01-05 23:42:00+00:00,124.87,124.97,124.8,228,124.97,12651,124.864244
2023-01-05 23:43:00+00:00,124.92,124.98,124.92,46,124.93,5740,124.961385
2023-01-05 23:44:00+00:00,125.18,125.18,124.97,52,124.97,4821,125.108412
2023-01-05 23:45:00+00:00,125.12,125.16,125.12,20,125.16,1309,125.156211
2023-01-05 23:47:00+00:00,125.15,125.15,125.11,23,125.11,1836,125.132819
2023-01-05 23:48:00+00:00,125.15,125.18,125.15,21,125.18,1221,125.15783
2023-01-05 23:49:00+00:00,125.1201,125.1201,125.1201,29,125.1201,1097,125.125524
2023-01-05 23:51:00+00:00,125.12,125.12,125.12,20,125.12,289,125.118806
2023-01-05 23:53:00+00:00,125.14,125.14,125.14,17,125.14,239,125.1259
2023-01-05 23:54:00+00:00,125.14,125.14,125.13,16,125.14,1226,125.135024
2023-01-05 23:55:00+00:00,125.1698,125.17,125.14,26,125.14,1200,125.154918
2023-01-05 23:56:00+00:00,125.13,125.17,125.13,23,125.15,1800,125.151808
2023-01-05 23:57:00+00:00,125.18,125.18,125.12,20,125.12,1007,125.153277
2023-01-05 23:58:00+00:00,125.18,125.18,125.15,28,125.15,1995,125.160456
2023-01-05 23:59:00+00:00,125.17,125.17,125.13,21,125.14,1081,125.145065
2023-01-06 00:02:00+00:00,125.17,125.17,125.17,17,125.17,499,125.168216
2023-01-06 00:03:00+00:00,125.17,125.17,125.16,14,125.16,806,125.161458
2023-01-06 00:04:00+00:00,125.17,125.17,125.17,8,125.17,125,125.16868
2023-01-06 00:07:00+00:00,125.19,125.19,125.17,25,125.17,662,125.178066
2023-01-06 00:08:00+00:00,125.16,125.16,125.16,10,125.16,217,125.16182
2023-01-06 00:09:00+00:00,125.17,125.2,125.17,21,125.19,3990,125.176355
2023-01-06 00:10:00+00:00,125.2,125.23,125.18,18,125.21,979,125.20834
2023-01-06 00:13:00+00:00,125.13,125.16,125.13,19,125.16,671,125.144173
2023-01-06 00:14:00+00:00,125.15,125.15,125.15,9,125.15,158,125.15269
2023-01-06 00:16:00+00:00,125.13,125.16,125.13,18,125.16,1170,125.148338
2023-01-06 00:18:00+00:00,125.13,125.14,125.12,9,125.14,1098,125.124936
2023-01-06 00:21:00+00:00,125.15,125.15,125.15,17,125.15,379,125.153522
2023-01-06 00:22:00+00:00,125.16,125.16,125.15,14,125.15,1241,125.158046
2023-01-06 00:23:00+00:00,125.13,125.17,125.13,28,125.13,1836,125.141797
2023-01-06 00:24:00+00:00,125.17,125.17,125.13,13,125.13,483,125.155142
2023-01-06 00:25:00+00:00,125.13,125.13,125.13,15,125.13,547,125.139582
2023-01-06 00:26:00+00:00,125.12,125.12,125.12,22,125.12,415,125.124627
2023-01-06 00:27:00+00:00,125.15,125.15,125.14,19,125.14,700,125.142586
2023-01-06 00:28:00+00:00,125.17,125.17,125.17,25,125.17,1253,125.168735
2023-01-06 00:29:00+00:00,125.14,125.14,125.14,13,125.14,514,125.144728
2023-01-06 00:30:00+00:00,125.18,125.18,125.18,39,125.18,1386,125.163575
2023-01-06 00:31:00+00:00,125.2,125.2,125.18,32,125.18,1013,125.191375
2023-01-06 00:33:00+00:00,125.25,125.25,125.17,39,125.21,1685,125.225297
2023-01-06 00:34:00+00:00,125.25,125.25,125.25,18,125.25,354,125.252938
2023-01-06 00:36:00+00:00,125.23,125.24,125.23,24,125.24,1171,125.230709
2023-01-06 00:38:00+00:00,125.2,125.2,125.2,18,125.2,260,125.201423
2023-01-06 00:40:00+00:00,125.2,125.21,125.19,17,125.21,848,125.199551
2023-01-06 00:41:00+00:00,125.2,125.2,125.2,12,125.2,270,125.198944
2023-01-06 00:42:00+00:00,125.19,125.19,125.19,22,125.19,730,125.190233
2023-01-06 00:44:00+00:00,125.16,125.17,125.16,14,125.17,587,125.164753
2023-01-06 00:46:00+00:00,125.2,125.2,125.2,23,125.2,379,125.185963
2023-01-06 00:47:00+00:00,125.2,125.2,125.19,30,125.19,2498,125.199077
2023-01-06 00:49:00+00:00,125.19,125.19,125.16,18,125.16,1672,125.169587
2023-01-06 00:50:00+00:00,125.2,125.2,125.2,24,125.2,759,125.199513
2023-01-06 00:51:00+00:00,125.21,125.21,125.19,24,125.19,1711,125.194623
2023-01-06 00:52:00+00:00,125.19,125.2,125.19,22,125.2,467,125.197964
2023-01-06 00:53:00+00:00,125.21,125.21,125.15,34,125.18,1586,125.181907
2023-01-06 00:54:00+00:00,125.21,125.21,125.16,19,125.16,1350,125.201826
2023-01-06 00:55:00+00:00,125.2,125.2,125.19,31,125.2,1380,125.194058
2023-01-06 00:56:00+00:00,125.19,125.2,125.19,29,125.2,1143,125.193969
2023-01-06 00:57:00+00:00,125.18,125.2,125.18,24,125.1999,1256,125.192002
2023-01-06 00:58:00+00:00,125.25,125.25,125.18,54,125.19,4357,125.216344
2023-01-06 00:59:00+00:00,125.25,125.25,125.25,38,125.25,1932,125.249187
