timestamp,close,high,low,trade_count,open,volume,vwap
2023-07-03 08:00:00+00:00,194.0,194.13,193.97,256,193.99,12956,194.027917
2023-07-03 08:01:00+00:00,194.2,194.22,194.15,113,194.16,5882,194.19752
2023-07-03 08:02:00+00:00,194.2,194.2,194.19,30,194.2,1894,194.197418
2023-07-03 08:03:00+00:00,194.16,194.16,194.15,39,194.15,760,194.166
2023-07-03 08:04:00+00:00,194.13,194.25,194.13,55,194.2,2650,194.188208
2023-07-03 08:06:00+00:00,194.06,194.06,194.06,64,194.06,1161,194.063885
2023-07-03 08:07:00+00:00,194.09,194.16,194.02,88,194.07,2023,194.082378
2023-07-03 08:08:00+00:00,194.05,194.08,194.02,49,194.08,1574,194.050667
2023-07-03 08:09:00+00:00,194.0,194.01,193.99,109,194.01,3808,194.00594
2023-07-03 08:10:00+00:00,193.97,193.97,193.97,45,193.97,591,193.964196
2023-07-03 08:11:00+00:00,194.0,194.0,193.96,74,193.96,4234,193.990078
2023-07-03 08:12:00+00:00,194.11,194.11,194.11,28,194.11,400,194.106075
2023-07-03 08:13:00+00:00,194.08,194.08,194.08,34,194.08,1844,194.079398
2023-07-03 08:14:00+00:00,194.02,194.06,194.02,42,194.06,1149,194.045048
2023-07-03 08:15:00+00:00,194.05,194.05,194.05,25,194.05,900,194.050389
2023-07-03 08:16:00+00:00,193.98,194.05,193.98,87,194.05,2337,193.998716
2023-07-03 08:17:00+00:00,193.85,193.92,193.85,97,193.92,2329,193.915414
2023-07-03 08:18:00+00:00,193.85,193.85,193.85,24,193.85,748,193.84516
2023-07-03 08:19:00+00:00,193.84,193.85,193.82,21,193.85,1223,193.840417
2023-07-03 08:20:00+00:00,193.83,193.85,193.83,31,193.84,2813,193.839648
2023-07-03 08:21:00+00:00,193.84,193.85,193.84,27,193.85,700,193.831614
2023-07-03 08:22:00+00:00,193.84,193.88,193.8,88,193.88,3341,193.826851
2023-07-03 08:23:00+00:00,193.8,193.8,193.8,15,193.8,140,193.798643
2023-07-03 08:26:00+00:00,193.76,193.76,193.74,32,193.74,937,193.748079
2023-07-03 08:28:00+00:00,193.73,193.73,193.73,41,193.73,871,193.752021
2023-07-03 08:32:00+00:00,193.8,193.8,193.76,32,193.76,1624,193.777445
2023-07-03 08:35:00+00:00,193.83,193.85,193.83,28,193.85,778,193.843522
2023-07-03 08:37:00+00:00,193.82,193.83,193.82,24,193.83,1809,193.820597
2023-07-03 08:39:00+00:00,193.73,193.79,193.73,34,193.79,1598,193.750038
2023-07-03 08:41:00+00:00,193.73,193.73,193.73,20,193.73,571,193.733748
2023-07-03 08:42:00+00:00,193.8,193.8,193.74,19,193.74,1425,193.753418
2023-07-03 08:44:00+00:00,193.82,193.82,193.82,16,193.82,401,193.809875
2023-07-03 08:45:00+00:00,193.76,193.76,193.76,30,193.76,2162,193.765167
2023-07-03 08:47:00+00:00,193.77,193.8,193.77,19,193.8,571,193.781664
2023-07-03 08:48:00+00:00,193.79,193.79,193.79,17,193.79,363,193.789917
2023-07-03 08:49:00+00:00,193.79,193.79,193.79,18,193.79,679,193.791458
2023-07-03 08:50:00+00:00,193.8,193.8,193.79,18,193.79,679,193.791811
2023-07-03 08:51:00+00:00,193.79,193.79,193.79,16,193.79,666,193.794745
2023-07-03 08:52:00+00:00,193.83,193.83,193.79,32,193.79,869,193.811864
2023-07-03 08:53:00+00:00,193.8,193.81,193.8,23,193.81,848,193.805814
2023-07-03 08:54:00+00:00,193.79,193.79,193.79,26,193.79,451,193.793104
2023-07-03 08:55:00+00:00,193.77,193.77,193.77,28,193.77,661,193.784478
2023-07-03 08:56:00+00:00,193.77,193.78,193.77,23,193.77,1258,193.775127
2023-07-03 08:57:00+00:00,193.71,193.71,193.71,73,193.71,1087,193.734894
2023-07-03 08:58:00+00:00,193.71,193.71,193.71,23,193.71,673,193.713447
2023-07-03 09:00:00+00:00,193.74,193.74,193.71,30,193.72,1532,193.720764
2023-07-03 09:01:00+00:00,193.71,193.71,193.71,16,193.71,834,193.712362
2023-07-03 09:02:00+00:00,193.7,193.7,193.7,23,193.7,643,193.705754
2023-07-03 09:05:00+00:00,193.71,193.72,193.71,20,193.72,607,193.713328
2023-07-03 09:07:00+00:00,193.7,193.71,193.7,20,193.71,475,193.708021
2023-07-03 09:08:00+00:00,193.71,193.71,193.69,73,193.7,3704,193.705794
2023-07-03 09:09:00+00:00,193.8,193.8,193.71,47,193.71,2503,193.784646
2023-07-03 09:10:00+00:00,193.8,193.8,193.8,17,193.8,538,193.801208
2023-07-03 09:11:00+00:00,193.8,193.8,193.8,21,193.8,683,193.797423
2023-07-03 09:14:00+00:00,193.79,193.8,193.79,34,193.8,580,193.798103
2023-07-03 09:16:00+00:00,193.77,193.79,193.77,22,193.79,893,193.776719
2023-07-03 09:20:00+00:00,193.68,193.68,193.68,50,193.68,565,193.705894
2023-07-03 09:26:00+00:00,193.7,193.7,193.7,6,193.7,220,193.701545
2023-07-03 09:30:00+00:00,193.8,193.8,193.8,17,193.8,320,193.790156
2023-07-03 09:32:00+00:00,193.7,193.7,193.7,16,193.7,659,193.702716
2023-07-03 09:34:00+00:00,193.65,193.73,193.65,78,193.7,1410,193.688546
2023-07-03 09:35:00+00:00,193.62,193.66,193.62,25,193.66,912,193.639298
2023-07-03 09:36:00+00:00,193.65,193.65,193.65,9,193.65,226,193.650221
2023-07-03 09:37:00+00:00,193.65,193.65,193.62,41,193.65,1731,193.635321
2023-07-03 09:38:00+00:00,193.6,193.62,193.6,47,193.62,2269,193.60242
2023-07-03 09:39:00+00:00,193.6,193.62,193.6,28,193.6,1014,193.60786
2023-07-03 09:40:00+00:00,193.6,193.6,193.6,33,193.6,670,193.599
2023-07-03 09:41:00+00:00,193.55,193.55,193.54,40,193.54,871,193.540654
2023-07-03 09:42:00+00:00,193.55,193.55,193.55,24,193.55,1081,193.547891
2023-07-03 09:50:00+00:00,193.6,193.6,193.6,26,193.6,1006,193.587545
2023-07-03 09:55:00+00:00,193.6,193.6,193.6,19,193.6,416,193.598918
2023-07-03 09:57:00+00:00,193.62,193.62,193.62,13,193.62,1029,193.618649
2023-07-03 10:04:00+00:00,193.51,193.63,193.51,104,193.63,1689,193.623316
2023-07-03 10:05:00+00:00,193.29,193.51,193.0,329,193.5,5790,193.366219
2023-07-03 10:06:00+00:00,193.26,193.3,193.26,51,193.3,1602,193.258365
2023-07-03 10:07:00+00:00,193.26,193.27,193.19,28,193.19,1015,193.24864
2023-07-03 10:09:00+00:00,193.35,193.35,193.35,29,193.35,510,193.352392
2023-07-03 10:10:00+00:00,193.42,193.42,193.35,56,193.35,1378,193.382424
2023-07-03 10:12:00+00:00,193.4,193.42,193.4,66,193.42,1088,193.409007
2023-07-03 10:16:00+00:00,193.41,193.47,193.41,21,193.47,1455,193.431849
2023-07-03 10:18:00+00:00,193.36,193.47,193.36,66,193.37,1980,193.406778
2023-07-03 10:20:00+00:00,193.38,193.38,193.38,7,193.38,813,193.38278
2023-07-03 10:23:00+00:00,193.49,193.5,193.49,35,193.5,735,193.49932
2023-07-03 10:25:00+00:00,193.43,193.43,193.43,38,193.43,1551,193.436518
2023-07-03 10:39:00+00:00,193.48,193.48,193.48,50,193.48,651,193.453717
2023-07-03 10:45:00+00:00,193.46,193.46,193.46,33,193.46,718,193.44454
2023-07-03 10:50:00+00:00,193.48,193.48,193.48,20,193.48,412,193.483447
2023-07-03 10:51:00+00:00,193.43,193.43,193.43,42,193.43,549,193.427413
2023-07-03 10:52:00+00:00,193.36,193.36,193.36,13,193.36,166,193.371446
2023-07-03 10:53:00+00:00,193.4,193.4,193.36,25,193.36,847,193.373967
2023-07-03 10:54:00+00:00,193.4,193.4,193.4,18,193.4,602,193.399651
2023-07-03 10:55:00+00:00,193.33,193.37,193.33,32,193.37,949,193.354763
2023-07-03 10:56:00+00:00,193.33,193.33,193.33,26,193.33,915,193.331967
2023-07-03 10:57:00+00:00,193.31,193.33,193.3,53,193.33,2338,193.313879
2023-07-03 10:58:00+00:00,193.25,193.31,193.25,72,193.31,1284,193.272002
2023-07-03 10:59:00+00:00,193.22,193.22,193.2,33,193.21,1095,193.211662
2023-07-03 11:00:00+00:00,193.44,193.6,193.22,382,193.31,17280,193.391457
2023-07-03 11:01:00+00:00,193.43,193.5,193.43,91,193.5,5883,193.47086
2023-07-03 11:02:00+00:00,193.54,193.55,193.4,113,193.43,6272,193.483171
2023-07-03 11:03:00+00:00,193.55,193.55,193.51,43,193.51,5235,193.538974
2023-07-03 11:04:00+00:00,193.58,193.59,193.56,54,193.58,3792,193.581232
2023-07-03 11:05:00+00:00,193.42,193.6,193.42,92,193.6,17425,193.512647
2023-07-03 11:06:00+00:00,193.52,193.55,193.45,73,193.45,5841,193.510625
2023-07-03 11:07:00+00:00,193.45,193.52,193.45,58,193.52,1880,193.484995
2023-07-03 11:08:00+00:00,193.4,193.4,193.4,88,193.4,2375,193.416017
2023-07-03 11:10:00+00:00,193.52,193.52,193.49,42,193.5,2075,193.505422
2023-07-03 11:11:00+00:00,193.49,193.58,193.49,67,193.58,4374,193.519527
2023-07-03 11:12:00+00:00,193.4,193.52,193.4,88,193.52,6547,193.45472
2023-07-03 11:13:00+00:00,193.42,193.42,193.42,22,193.42,438,193.415137
2023-07-03 11:14:00+00:00,193.43,193.45,193.43,40,193.45,1731,193.446956
2023-07-03 11:15:00+00:00,193.51,193.59,193.51,88,193.52,3087,193.504137
2023-07-03 11:16:00+00:00,193.5,193.5,193.5,30,193.5,581,193.480757
2023-07-03 11:17:00+00:00,193.44,193.44,193.44,8,193.44,230,193.442478
2023-07-03 11:18:00+00:00,193.52,193.52,193.52,20,193.52,374,193.516925
2023-07-03 11:20:00+00:00,193.49,193.52,193.49,22,193.52,414,193.50558
2023-07-03 11:21:00+00:00,193.53,193.53,193.53,25,193.53,1125,193.517262
2023-07-03 11:23:00+00:00,193.53,193.55,193.53,40,193.55,4083,193.538513
2023-07-03 11:24:00+00:00,193.56,193.56,193.56,15,193.56,924,193.560303
2023-07-03 11:25:00+00:00,193.6,193.6,193.56,54,193.56,2601,193.589973
2023-07-03 11:26:00+00:00,193.6,193.6,193.59,23,193.59,832,193.597752
2023-07-03 11:27:00+00:00,193.62,193.62,193.62,29,193.62,983,193.620539
2023-07-03 11:28:00+00:00,193.6,193.64,193.6,59,193.62,3355,193.622459
2023-07-03 11:29:00+00:00,193.61,193.65,193.6,59,193.64,3515,193.629605
2023-07-03 11:30:00+00:00,193.53,193.6,193.53,55,193.6,3057,193.584619
2023-07-03 11:31:00+00:00,193.48,193.56,193.46,156,193.56,5208,193.506786
2023-07-03 11:32:00+00:00,193.42,193.48,193.42,25,193.48,864,193.43691
2023-07-03 11:33:00+00:00,193.44,193.47,193.44,20,193.47,1051,193.448354
2023-07-03 11:35:00+00:00,193.47,193.47,193.46,17,193.47,621,193.467826
2023-07-03 11:36:00+00:00,193.49,193.49,193.48,21,193.48,743,193.480686
2023-07-03 11:37:00+00:00,193.49,193.49,193.48,11,193.48,712,193.484129
2023-07-03 11:38:00+00:00,193.49,193.49,193.49,39,193.49,774,193.486512
2023-07-03 11:39:00+00:00,193.55,193.55,193.54,42,193.54,1412,193.544688
2023-07-03 11:41:00+00:00,193.49,193.53,193.49,44,193.53,1886,193.512842
2023-07-03 11:42:00+00:00,193.56,193.56,193.54,59,193.54,5806,193.557239
2023-07-03 11:43:00+00:00,193.5,193.53,193.5,17,193.53,894,193.514743
2023-07-03 11:44:00+00:00,193.54,193.54,193.53,30,193.53,3833,193.539984
2023-07-03 11:45:00+00:00,193.5,193.53,193.5,58,193.53,2706,193.504656
2023-07-03 11:48:00+00:00,193.54,193.54,193.53,49,193.53,2141,193.532555
2023-07-03 11:51:00+00:00,193.5,193.51,193.5,29,193.51,1224,193.506471
2023-07-03 11:52:00+00:00,193.49,193.49,193.45,53,193.49,2319,193.468611
2023-07-03 11:53:00+00:00,193.49,193.49,193.46,17,193.46,887,193.479042
2023-07-03 11:54:00+00:00,193.5,193.5,193.5,29,193.5,832,193.49381
2023-07-03 11:55:00+00:00,193.4,193.47,193.4,79,193.47,2559,193.440492
2023-07-03 11:56:00+00:00,193.33,193.4,193.33,116,193.4,3890,193.372864
2023-07-03 11:57:00+00:00,193.4,193.4,193.34,57,193.34,7101,193.349825
2023-07-03 11:59:00+00:00,193.41,193.41,193.41,29,193.41,1285,193.407556
2023-07-03 12:00:00+00:00,193.3899,193.66,193.31,868,193.43,114461,193.487312
2023-07-03 12:01:00+00:00,195.04,195.27,193.3,1942,194.57,23282,194.023231
2023-07-03 12:02:00+00:00,194.44,195.0,193.27,1009,194.98,16664,194.361069
2023-07-03 12:03:00+00:00,194.87,195.22,193.26,723,194.51,13039,193.946955
2023-07-03 12:04:00+00:00,193.34,194.08,193.26,242,193.28,56893,193.927199
2023-07-03 12:05:00+00:00,193.3799,193.38,193.34,69,193.38,4082,193.346249
2023-07-03 12:06:00+00:00,193.29,193.34,193.29,79,193.34,5282,193.32291
2023-07-03 12:07:00+00:00,193.32,193.32,193.29,64,193.29,2154,193.301802
2023-07-03 12:08:00+00:00,193.3,193.34,193.3,82,193.33,3191,193.32333
2023-07-03 12:09:00+00:00,193.35,193.35,193.3101,46,193.33,1233,193.332465
2023-07-03 12:10:00+00:00,193.33,193.3599,193.33,39,193.3599,791,193.336829
2023-07-03 12:11:00+00:00,193.32,193.33,193.32,42,193.33,715,193.327463
2023-07-03 12:13:00+00:00,193.4,193.4,193.35,65,193.35,3552,193.369947
2023-07-03 12:14:00+00:00,193.35,193.4,193.35,73,193.38,4111,193.391027
2023-07-03 12:15:00+00:00,193.29,193.35,193.28,158,193.35,20169,193.303788
2023-07-03 12:16:00+00:00,193.26,193.97,193.26,66,193.97,4394,193.379367
2023-07-03 12:17:00+00:00,193.28,193.3093,193.25,66,193.2701,2188,193.269445
2023-07-03 12:18:00+00:00,193.31,193.32,193.29,74,193.31,2985,193.309956
2023-07-03 12:19:00+00:00,193.3,193.3,193.3,35,193.3,388,193.291031
2023-07-03 12:20:00+00:00,193.33,193.33,193.3,50,193.3,1802,193.305814
2023-07-03 12:21:00+00:00,193.37,193.3711,193.33,86,193.33,8277,193.354906
2023-07-03 12:22:00+00:00,193.42,193.44,193.38,97,193.4,3381,193.409334
2023-07-03 12:23:00+00:00,193.43,193.45,193.42,63,193.42,4719,193.423403
2023-07-03 12:24:00+00:00,193.47,193.48,193.42,79,193.42,7109,193.460485
2023-07-03 12:25:00+00:00,193.49,193.49,193.48,78,193.48,2209,193.47096
2023-07-03 12:26:00+00:00,193.49,193.5,193.47,57,193.47,2884,193.492869
2023-07-03 12:27:00+00:00,193.47,193.51,193.47,69,193.51,1569,193.492972
2023-07-03 12:28:00+00:00,193.4585,193.47,193.37,62,193.47,1536,193.433698
2023-07-03 12:29:00+00:00,193.5,193.5,193.45,101,193.45,4404,193.487971
2023-07-03 12:30:00+00:00,193.38,193.48,193.38,97,193.48,6874,193.464295
2023-07-03 12:31:00+00:00,193.4,193.46,193.38,54,193.46,1612,193.416687
2023-07-03 12:32:00+00:00,193.4,193.43,193.4,66,193.41,9827,193.407994
2023-07-03 12:33:00+00:00,193.43,193.43,193.4,43,193.4,2712,193.407028
2023-07-03 12:34:00+00:00,193.43,193.43,193.4,58,193.4,2912,193.404202
2023-07-03 12:35:00+00:00,193.42,193.43,193.41,45,193.41,6506,193.419861
2023-07-03 12:36:00+00:00,193.41,193.43,193.41,63,193.42,2497,193.418429
2023-07-03 12:37:00+00:00,193.35,193.4,193.35,89,193.4,3163,193.366253
2023-07-03 12:38:00+00:00,193.36,193.36,193.33,64,193.33,1670,193.344147
2023-07-03 12:39:00+00:00,193.38,193.38,193.35,67,193.35,3797,193.355985
2023-07-03 12:40:00+00:00,193.4,193.41,193.4,53,193.4,1904,193.398975
2023-07-03 12:41:00+00:00,193.43,193.43,193.42,39,193.42,641,193.419885
2023-07-03 12:42:00+00:00,193.4,193.4,193.38,58,193.4,4122,193.394922
2023-07-03 12:43:00+00:00,193.42,193.42,193.4,52,193.4,4981,193.404947
2023-07-03 12:44:00+00:00,193.46,193.46,193.41,64,193.41,3130,193.427332
2023-07-03 12:45:00+00:00,193.46,193.47,193.45,113,193.46,5782,193.460952
2023-07-03 12:46:00+00:00,193.4687,193.47,193.4687,42,193.47,2002,193.469148
2023-07-03 12:47:00+00:00,193.49,193.49,193.46,81,193.47,2241,193.475259
2023-07-03 12:48:00+00:00,193.53,193.53,193.5,58,193.5,2779,193.509336
2023-07-03 12:49:00+00:00,193.55,193.55,193.52,57,193.52,1887,193.531314
2023-07-03 12:51:00+00:00,193.57,193.57,193.54,73,193.55,3523,193.553669
2023-07-03 12:52:00+00:00,193.61,193.61,193.57,80,193.58,3388,193.588049
2023-07-03 12:53:00+00:00,193.58,193.65,193.58,120,193.63,5765,193.615751
2023-07-03 12:54:00+00:00,193.611,193.64,193.55,98,193.58,6262,193.584943
2023-07-03 12:55:00+00:00,193.59,193.63,193.2,313,193.63,21002,193.502073
2023-07-03 12:56:00+00:00,193.62,193.64,193.6,70,193.6,2896,193.622506
2023-07-03 12:57:00+00:00,193.65,193.65,193.65,67,193.65,1240,193.639173
2023-07-03 12:58:00+00:00,193.5801,193.61,193.5801,63,193.61,1994,193.602446
2023-07-03 12:59:00+00:00,193.53,193.58,193.53,85,193.58,2637,193.550029
2023-07-03 13:00:00+00:00,193.5,193.51,193.5,95,193.51,2236,193.497632
2023-07-03 13:01:00+00:00,193.49,193.5,193.4548,82,193.4548,2859,193.485792
2023-07-03 13:02:00+00:00,193.46,193.49,193.45,67,193.49,3936,193.470655
2023-07-03 13:03:00+00:00,193.46,193.48,193.45,104,193.46,3457,193.457889
2023-07-03 13:04:00+00:00,193.58,193.58,193.49,75,193.49,1583,193.533446
2023-07-03 13:05:00+00:00,193.5,193.57,193.5,118,193.54,2544,193.536007
2023-07-03 13:06:00+00:00,193.5695,193.5695,193.5,44,193.51,1823,193.519993
2023-07-03 13:07:00+00:00,193.55,193.57,193.53,86,193.55,7868,193.559339
2023-07-03 13:08:00+00:00,193.59,193.59,193.56,91,193.56,4588,193.574099
2023-07-03 13:09:00+00:00,193.63,193.63,193.59,92,193.59,2812,193.597135
2023-07-03 13:10:00+00:00,193.58,193.63,193.58,77,193.63,5904,193.593436
2023-07-03 13:11:00+00:00,193.55,193.58,193.53,81,193.58,4218,193.560349
2023-07-03 13:12:00+00:00,193.57,193.57,193.55,84,193.55,3890,193.555979
2023-07-03 13:13:00+00:00,193.55,193.55,193.53,93,193.55,3874,193.539117
2023-07-03 13:14:00+00:00,193.46,193.54,193.46,197,193.54,7203,193.498753
2023-07-03 13:15:00+00:00,193.4694,193.47,193.42,91,193.4699,4591,193.439491
2023-07-03 13:16:00+00:00,193.44,193.47,193.42,76,193.45,4150,193.443775
2023-07-03 13:17:00+00:00,193.47,193.47,193.42,85,193.47,4987,193.450651
2023-07-03 13:18:00+00:00,193.41,193.46,193.41,153,193.46,4333,193.426401
2023-07-03 13:19:00+00:00,193.45,193.45,193.37,170,193.43,13261,193.413762
2023-07-03 13:20:00+00:00,193.5,193.5,193.45,113,193.47,9299,193.462928
2023-07-03 13:21:00+00:00,193.45,193.5199,193.45,90,193.5,6185,193.49591
2023-07-03 13:22:00+00:00,193.45,193.47,193.4,137,193.47,11533,193.446577
2023-07-03 13:23:00+00:00,193.43,193.47,193.38,214,193.45,13099,193.413392
2023-07-03 13:24:00+00:00,193.47,193.47,193.38,198,193.44,10412,193.417953
2023-07-03 13:25:00+00:00,193.82,193.85,193.45,456,193.47,31079,193.664639
2023-07-03 13:26:00+00:00,193.76,193.85,193.76,220,193.82,16133,193.807144
2023-07-03 13:27:00+00:00,193.8,193.95,193.73,339,193.8,26798,193.832979
2023-07-03 13:28:00+00:00,193.87,193.88,193.57,195,193.88,11192,193.841666
2023-07-03 13:29:00+00:00,193.8,193.87,193.75,203,193.87,9312,193.798614
2023-07-03 13:30:00+00:00,193.72,193.86,193.54,12549,193.71,1485022,193.777243
2023-07-03 13:31:00+00:00,193.871,193.88,193.69,3475,193.72,275699,193.800223
2023-07-03 13:32:00+00:00,193.4869,193.88,193.38,3990,193.86,316314,193.59167
2023-07-03 13:33:00+00:00,193.385,193.55,193.17,3524,193.485,280936,193.337215
2023-07-03 13:34:00+00:00,193.36,193.46,193.23,2850,193.37,212629,193.352593
2023-07-03 13:35:00+00:00,193.3,193.395,193.2,2943,193.36,204886,193.299104
2023-07-03 13:36:00+00:00,193.21,193.42,193.2,2921,193.29,222448,193.333783
2023-07-03 13:37:00+00:00,193.31,193.36,193.125,3434,193.213,261800,193.252038
2023-07-03 13:38:00+00:00,193.5418,193.64,193.26,2938,193.3,378089,193.438781
2023-07-03 13:39:00+00:00,193.294,193.64,193.25,2735,193.5404,215857,193.458742
2023-07-03 13:40:00+00:00,193.405,193.445,193.23,2209,193.29,196143,193.352851
2023-07-03 13:41:00+00:00,193.5,193.5,193.395,1829,193.4117,133659,193.442213
2023-07-03 13:42:00+00:00,193.6,193.64,193.398,2338,193.5,191788,193.492028
2023-07-03 13:43:00+00:00,193.4596,193.64,193.42,2035,193.5922,168298,193.535851
2023-07-03 13:44:00+00:00,193.47,193.51,193.4,1811,193.45,126712,193.440672
2023-07-03 13:45:00+00:00,193.17,193.495,193.16,2637,193.47,225348,193.28692
2023-07-03 13:46:00+00:00,192.905,193.16,192.8,7384,193.1501,460940,192.944019
2023-07-03 13:47:00+00:00,193.07,193.08,192.876,5204,192.9,261751,192.947586
2023-07-03 13:48:00+00:00,193.0742,193.21,192.98,5073,193.06,233793,193.069844
2023-07-03 13:49:00+00:00,193.02,193.185,193.01,4656,193.07,184810,193.114308
2023-07-03 13:50:00+00:00,193.055,193.16,193.0,4931,193.03,207809,193.067868
2023-07-03 13:51:00+00:00,193.02,193.07,192.88,5422,193.06,248987,192.9586
2023-07-03 13:52:00+00:00,193.09,193.17,192.98,5692,193.02,302190,193.093314
2023-07-03 13:53:00+00:00,193.1301,193.145,193.07,3928,193.1,98385,193.111813
2023-07-03 13:54:00+00:00,192.935,193.17,192.93,4781,193.129,205315,193.046354
2023-07-03 13:55:00+00:00,192.94,192.98,192.9,4438,192.93,163662,192.940567
2023-07-03 13:56:00+00:00,192.93,193.0,192.88,4705,192.935,169592,192.950621
2023-07-03 13:57:00+00:00,193.05,193.0623,192.85,4856,192.935,205112,192.973279
2023-07-03 13:58:00+00:00,192.9399,193.07,192.93,4294,193.0418,172103,193.009507
2023-07-03 13:59:00+00:00,192.94,192.96,192.85,4087,192.935,185287,192.908872
2023-07-03 14:00:00+00:00,193.06,193.0699,192.85,5063,192.93,233241,192.932556
2023-07-03 14:01:00+00:00,192.9632,193.07,192.95,4806,193.06,175490,193.007953
2023-07-03 14:02:00+00:00,193.03,193.15,192.959,4406,192.975,165192,193.082072
2023-07-03 14:03:00+00:00,192.992,193.0871,192.95,3906,193.04,115499,193.016236
2023-07-03 14:04:00+00:00,193.055,193.1,192.99,3885,192.9952,123150,193.049386
2023-07-03 14:05:00+00:00,192.99,193.09,192.98,3892,193.055,126488,193.040696
2023-07-03 14:06:00+00:00,193.05,193.1,192.97,3991,192.9982,107610,193.042862
2023-07-03 14:07:00+00:00,193.0319,193.125,193.0,3972,193.05,132912,193.085636
2023-07-03 14:08:00+00:00,192.95,193.05,192.93,4087,193.04,112123,192.995826
2023-07-03 14:09:00+00:00,193.1328,193.15,192.955,4133,192.96,147017,193.046652
2023-07-03 14:10:00+00:00,193.025,193.1401,193.012,3775,193.1309,124368,193.09372
2023-07-03 14:11:00+00:00,193.06,193.08,193.0,3411,193.04,103026,193.030503
2023-07-03 14:12:00+00:00,192.98,193.0794,192.97,3856,193.06,142189,193.011838
2023-07-03 14:13:00+00:00,193.0399,193.12,192.975,3717,192.98,132358,193.04858
2023-07-03 14:14:00+00:00,192.975,193.06,192.92,3424,193.04,104145,192.98188
2023-07-03 14:15:00+00:00,192.975,193.0,192.93,3267,192.97,81547,192.965508
2023-07-03 14:16:00+00:00,192.9622,192.99,192.92,3304,192.9709,90410,192.960204
2023-07-03 14:17:00+00:00,192.96,193.0,192.925,3362,192.975,79835,192.963507
2023-07-03 14:18:00+00:00,192.9,192.98,192.8825,3720,192.96,121211,192.917378
2023-07-03 14:19:00+00:00,192.9612,192.97,192.87,3445,192.895,84584,192.921577
2023-07-03 14:20:00+00:00,192.9641,193.01,192.952,3426,192.965,90077,192.98435
2023-07-03 14:21:00+00:00,192.825,192.96,192.81,3958,192.96,215161,192.870995
2023-07-03 14:22:00+00:00,192.98,192.9869,192.805,3837,192.83,175676,192.866708
2023-07-03 14:23:00+00:00,193.005,193.08,192.95,3880,192.97,179339,193.029056
2023-07-03 14:24:00+00:00,192.955,193.07,192.94,3697,193.0,113665,193.005579
2023-07-03 14:25:00+00:00,192.9599,193.01,192.94,3500,192.96,104436,192.969852
2023-07-03 14:26:00+00:00,193.02,193.025,192.94,3583,192.96,95036,192.987289
2023-07-03 14:27:00+00:00,192.95,193.0212,192.93,3612,193.02,92491,192.973544
2023-07-03 14:28:00+00:00,192.91,192.97,192.89,3532,192.96,80907,192.941765
2023-07-03 14:29:00+00:00,192.915,192.94,192.8825,3408,192.915,71030,192.916639
2023-07-03 14:30:00+00:00,192.905,192.93,192.81,3913,192.915,97943,192.876401
2023-07-03 14:31:00+00:00,192.745,192.905,192.73,4638,192.905,133493,192.817994
2023-07-03 14:32:00+00:00,192.605,192.75,192.55,5064,192.74,205936,192.653132
2023-07-03 14:33:00+00:00,192.635,192.705,192.605,3866,192.61,116943,192.652024
2023-07-03 14:34:00+00:00,192.64,192.67,192.6101,3694,192.64,102725,192.698332
2023-07-03 14:35:00+00:00,192.595,192.69,192.5608,3721,192.65,94638,192.641129
2023-07-03 14:36:00+00:00,192.51,192.5993,192.46,5172,192.5973,276952,192.519185
2023-07-03 14:37:00+00:00,192.48,192.5421,192.44,4517,192.51,219027,192.48269
2023-07-03 14:38:00+00:00,192.3299,192.49,192.32,4534,192.48,172836,192.370972
2023-07-03 14:39:00+00:00,192.36,192.3913,192.32,3423,192.33,98155,192.362753
2023-07-03 14:40:00+00:00,192.35,192.395,192.315,3619,192.36,130162,192.359858
2023-07-03 14:41:00+00:00,192.3301,192.3791,192.28,3641,192.35,126471,192.327674
2023-07-03 14:42:00+00:00,192.24,192.33,192.24,3512,192.33,116332,192.281176
2023-07-03 14:43:00+00:00,192.1399,192.25,192.06,4723,192.25,277588,192.141119
2023-07-03 14:44:00+00:00,192.0786,192.14,192.04,3956,192.13,166643,192.086235
2023-07-03 14:45:00+00:00,192.0101,192.13,192.01,4010,192.07,187988,192.05328
2023-07-03 14:46:00+00:00,191.8691,192.06,191.86,6702,192.02,392915,191.974083
2023-07-03 14:47:00+00:00,191.9501,191.96,191.79,4593,191.87,296830,191.854864
2023-07-03 14:48:00+00:00,191.795,191.9599,191.79,3695,191.955,139019,191.866546
2023-07-03 14:49:00+00:00,191.99,192.0,191.76,3958,191.79,185460,191.858168
2023-07-03 14:50:00+00:00,192.1,192.145,191.99,2423,191.995,241156,192.07088
2023-07-03 14:51:00+00:00,191.975,192.12,191.96,1602,192.1,123205,192.044657
2023-07-03 14:52:00+00:00,191.985,192.03,191.93,1499,191.9801,126816,191.978628
2023-07-03 14:53:00+00:00,191.93,191.9901,191.85,2243,191.985,220141,191.925891
2023-07-03 14:54:00+00:00,191.8576,191.9451,191.85,1381,191.93,107457,191.895569
2023-07-03 14:55:00+00:00,191.9099,191.91,191.82,1394,191.8561,118652,191.854953
2023-07-03 14:56:00+00:00,192.06,192.0631,191.87,1320,191.9,145437,191.922706
2023-07-03 14:57:00+00:00,192.13,192.17,192.02,1737,192.0607,196489,192.08832
2023-07-03 14:58:00+00:00,191.985,192.13,191.97,1576,192.13,131445,192.050669
2023-07-03 14:59:00+00:00,191.979,192.07,191.97,1248,191.99,103658,192.012172
2023-07-03 15:00:00+00:00,191.9705,192.04,191.955,1212,191.975,90070,191.997644
2023-07-03 15:01:00+00:00,191.9926,192.0,191.9424,1167,191.975,92410,191.966297
2023-07-03 15:02:00+00:00,192.0699,192.14,191.9995,1522,192.0,165487,192.072125
2023-07-03 15:03:00+00:00,191.965,192.08,191.96,1426,192.06,124307,192.023792
2023-07-03 15:04:00+00:00,192.01,192.0799,191.91,1368,191.9601,108366,191.976423
2023-07-03 15:05:00+00:00,192.105,192.13,191.985,1257,192.0117,121821,192.066922
2023-07-03 15:06:00+00:00,192.05,192.12,192.025,1085,192.11,97191,192.030156
2023-07-03 15:07:00+00:00,192.0625,192.11,192.03,1202,192.045,81002,192.07526
2023-07-03 15:08:00+00:00,192.0913,192.14,192.055,1113,192.075,96292,192.097219
2023-07-03 15:09:00+00:00,192.05,192.0999,192.02,1233,192.09,103682,192.054979
2023-07-03 15:10:00+00:00,192.0399,192.1194,192.01,1176,192.06,85196,192.056074
2023-07-03 15:11:00+00:00,191.99,192.05,191.95,1703,192.035,158502,192.005877
2023-07-03 15:12:00+00:00,192.005,192.015,191.97,1002,191.98,89793,191.991104
2023-07-03 15:13:00+00:00,192.1665,192.18,192.005,1398,192.005,147898,192.114395
2023-07-03 15:14:00+00:00,192.309,192.34,192.155,1570,192.165,166878,192.25518
2023-07-03 15:15:00+00:00,192.1404,192.31,192.1404,1572,192.3034,173070,192.264239
2023-07-03 15:16:00+00:00,192.2026,192.23,192.14,1357,192.1499,110496,192.178754
2023-07-03 15:17:00+00:00,192.24,192.269,192.2,1006,192.215,91232,192.236716
2023-07-03 15:18:00+00:00,192.1716,192.26,192.1716,1327,192.25,124526,192.221423
2023-07-03 15:19:00+00:00,192.17,192.2,192.14,1068,192.1793,89933,192.170969
2023-07-03 15:20:00+00:00,192.295,192.34,192.175,1380,192.18,111855,192.284121
2023-07-03 15:21:00+00:00,192.292,192.31,192.24,1133,192.295,78577,192.290763
2023-07-03 15:22:00+00:00,192.22,192.295,192.215,1003,192.29,61435,192.25153
2023-07-03 15:23:00+00:00,192.3,192.305,192.18,1186,192.22,72499,192.262534
2023-07-03 15:24:00+00:00,192.395,192.425,192.29,1395,192.29,107512,192.369102
2023-07-03 15:25:00+00:00,192.4,192.45,192.3687,1233,192.3991,115668,192.409006
2023-07-03 15:26:00+00:00,192.255,192.415,192.24,1303,192.4087,105367,192.340604
2023-07-03 15:27:00+00:00,192.3833,192.39,192.221,895,192.25,77955,192.317177
2023-07-03 15:28:00+00:00,192.33,192.41,192.3,1077,192.3805,77317,192.362926
2023-07-03 15:29:00+00:00,192.355,192.37,192.3,815,192.32,63877,192.337481
2023-07-03 15:30:00+00:00,192.495,192.5,192.36,1438,192.36,128907,192.434366
2023-07-03 15:31:00+00:00,192.3594,192.5,192.335,1248,192.495,117671,192.443097
2023-07-03 15:32:00+00:00,192.3301,192.37,192.315,833,192.3699,61492,192.339753
2023-07-03 15:33:00+00:00,192.2184,192.3322,192.205,1012,192.3322,68411,192.243374
2023-07-03 15:34:00+00:00,192.23,192.25,192.17,854,192.21,72792,192.212181
2023-07-03 15:35:00+00:00,192.19,192.23,192.1601,896,192.23,52183,192.191953
2023-07-03 15:36:00+00:00,192.2041,192.26,192.1901,855,192.205,64525,192.230377
2023-07-03 15:37:00+00:00,192.29,192.2981,192.2001,775,192.2199,48387,192.257705
2023-07-03 15:38:00+00:00,192.39,192.3918,192.28,1297,192.28,120878,192.343841
2023-07-03 15:39:00+00:00,192.44,192.49,192.3885,1160,192.3999,127384,192.434166
2023-07-03 15:40:00+00:00,192.3821,192.45,192.37,839,192.4401,77571,192.422216
2023-07-03 15:41:00+00:00,192.39,192.395,192.32,915,192.39,77454,192.362652
2023-07-03 15:42:00+00:00,192.275,192.3988,192.275,995,192.385,77925,192.346778
2023-07-03 15:43:00+00:00,192.1783,192.2874,192.1622,1020,192.27,80990,192.23352
2023-07-03 15:44:00+00:00,192.205,192.225,192.17,966,192.175,64501,192.194184
2023-07-03 15:45:00+00:00,192.275,192.28,192.18,725,192.2013,42524,192.212611
2023-07-03 15:46:00+00:00,192.29,192.3,192.21,840,192.2759,49258,192.251377
2023-07-03 15:47:00+00:00,192.335,192.34,192.28,854,192.29,68841,192.32921
2023-07-03 15:48:00+00:00,192.3099,192.3764,192.2601,1161,192.335,96959,192.320362
2023-07-03 15:49:00+00:00,192.3316,192.3399,192.25,883,192.3,72119,192.296909
2023-07-03 15:50:00+00:00,192.355,192.39,192.33,832,192.34,55564,192.357282
2023-07-03 15:51:00+00:00,192.3299,192.36,192.3,848,192.35,58891,192.320016
2023-07-03 15:52:00+00:00,192.2648,192.33,192.2507,792,192.325,50584,192.29728
2023-07-03 15:53:00+00:00,192.26,192.2999,192.26,615,192.265,62188,192.272889
2023-07-03 15:54:00+00:00,192.28,192.33,192.255,840,192.27,61305,192.28646
2023-07-03 15:55:00+00:00,192.25,192.28,192.21,1056,192.28,97849,192.237205
2023-07-03 15:56:00+00:00,192.26,192.325,192.25,704,192.26,66450,192.29287
2023-07-03 15:57:00+00:00,192.185,192.26,192.18,870,192.26,65198,192.21052
2023-07-03 15:58:00+00:00,192.19,192.23,192.1809,759,192.185,47677,192.217036
2023-07-03 15:59:00+00:00,192.23,192.23,192.175,635,192.19,42628,192.200701
2023-07-03 16:00:00+00:00,192.2,192.23,192.18,870,192.225,54636,192.210065
2023-07-03 16:01:00+00:00,192.2235,192.23,192.185,718,192.2021,53399,192.212819
2023-07-03 16:02:00+00:00,192.205,192.23,192.181,691,192.22,37641,192.214274
2023-07-03 16:03:00+00:00,192.2399,192.2673,192.195,686,192.205,38848,192.238702
2023-07-03 16:04:00+00:00,192.29,192.29,192.23,686,192.23,52974,192.261041
2023-07-03 16:05:00+00:00,192.27,192.2999,192.245,698,192.2883,37179,192.274842
2023-07-03 16:06:00+00:00,192.255,192.31,192.21,826,192.2725,56653,192.259014
2023-07-03 16:07:00+00:00,192.215,192.255,192.18,708,192.255,45137,192.208583
2023-07-03 16:08:00+00:00,192.2,192.26,192.1901,698,192.22,42423,192.222642
2023-07-03 16:09:00+00:00,192.155,192.2,192.15,854,192.1918,47868,192.171661
2023-07-03 16:10:00+00:00,192.26,192.26,192.15,906,192.16,56488,192.188091
2023-07-03 16:11:00+00:00,192.23,192.26,192.16,644,192.2501,37826,192.209952
2023-07-03 16:12:00+00:00,192.165,192.24,192.155,934,192.23,62861,192.197205
2023-07-03 16:13:00+00:00,192.21,192.21,192.1624,555,192.1698,33440,192.187448
2023-07-03 16:14:00+00:00,192.1598,192.21,192.14,854,192.21,54005,192.167131
2023-07-03 16:15:00+00:00,192.1366,192.155,192.09,999,192.155,65201,192.118469
2023-07-03 16:16:00+00:00,192.1343,192.1593,192.1199,726,192.13,49594,192.136901
2023-07-03 16:17:00+00:00,192.125,192.13,192.0948,710,192.13,48481,192.109551
2023-07-03 16:18:00+00:00,192.105,192.1599,192.08,758,192.1201,48258,192.115304
2023-07-03 16:19:00+00:00,192.21,192.21,192.095,968,192.11,95255,192.158635
2023-07-03 16:20:00+00:00,192.19,192.21,192.165,941,192.21,60616,192.190305
2023-07-03 16:21:00+00:00,192.135,192.2,192.1209,811,192.19,53910,192.156247
2023-07-03 16:22:00+00:00,192.1,192.135,192.04,1197,192.135,80945,192.101195
2023-07-03 16:23:00+00:00,192.065,192.11,192.0564,795,192.095,60205,192.079671
2023-07-03 16:24:00+00:00,192.12,192.13,192.065,757,192.065,48714,192.103028
2023-07-03 16:25:00+00:00,192.07,192.13,192.07,813,192.125,50345,192.087189
2023-07-03 16:26:00+00:00,192.105,192.13,192.06,1071,192.08,79185,192.097514
2023-07-03 16:27:00+00:00,192.11,192.13,192.08,830,192.11,56989,192.110052
2023-07-03 16:28:00+00:00,192.13,192.14,192.09,821,192.11,53720,192.109857
2023-07-03 16:29:00+00:00,192.115,192.13,192.053,999,192.13,64795,192.096758
2023-07-03 16:30:00+00:00,192.06,192.14,192.055,905,192.11,75330,192.088161
2023-07-03 16:31:00+00:00,192.07,192.11,192.06,717,192.06,55179,192.088989
2023-07-03 16:32:00+00:00,192.1,192.11,192.065,786,192.0775,53199,192.08829
2023-07-03 16:33:00+00:00,192.0746,192.11,192.0501,810,192.11,71717,192.076501
2023-07-03 16:34:00+00:00,192.04,192.09,192.0397,944,192.075,82702,192.056783
2023-07-03 16:35:00+00:00,192.04,192.05,192.01,944,192.04,81271,192.025472
2023-07-03 16:36:00+00:00,192.07,192.1178,192.03,981,192.032,78822,192.08009
2023-07-03 16:37:00+00:00,192.026,192.07,192.02,918,192.0606,66199,192.046831
2023-07-03 16:38:00+00:00,192.09,192.09,192.0134,972,192.03,73576,192.039682
2023-07-03 16:39:00+00:00,192.1,192.125,192.0834,940,192.0892,62790,192.107666
2023-07-03 16:40:00+00:00,192.2186,192.22,192.1,1318,192.1,94176,192.157922
2023-07-03 16:41:00+00:00,192.275,192.29,192.21,1325,192.215,93699,192.250624
2023-07-03 16:42:00+00:00,192.27,192.33,192.2508,1594,192.2754,152994,192.285144
2023-07-03 16:43:00+00:00,192.22,192.33,192.22,1485,192.26,104940,192.27297
2023-07-03 16:44:00+00:00,192.2255,192.24,192.13,1443,192.23,104200,192.177843
2023-07-03 16:45:00+00:00,192.25,192.29,192.225,1025,192.225,74353,192.261532
2023-07-03 16:46:00+00:00,192.31,192.31,192.24,1165,192.2494,86517,192.283448
2023-07-03 16:47:00+00:00,192.285,192.32,192.28,924,192.32,67455,192.297487
2023-07-03 16:48:00+00:00,192.13,192.285,192.1199,1569,192.285,120582,192.191262
2023-07-03 16:49:00+00:00,192.245,192.25,192.13,1173,192.14,88430,192.181094
2023-07-03 16:50:00+00:00,192.39,192.39,192.225,1781,192.25,159161,192.336723
2023-07-03 16:51:00+00:00,192.327,192.395,192.32,1504,192.385,119419,192.354806
2023-07-03 16:52:00+00:00,192.305,192.34,192.26,1316,192.33,86921,192.295399
2023-07-03 16:53:00+00:00,192.32,192.35,192.2723,1368,192.31,94918,192.307941
2023-07-03 16:54:00+00:00,192.365,192.37,192.26,1812,192.315,148751,192.310339
2023-07-03 16:55:00+00:00,192.4173,192.43,192.345,1901,192.37,160812,192.38621
2023-07-03 16:56:00+00:00,192.4457,192.49,192.41,1852,192.415,141276,192.455804
2023-07-03 16:57:00+00:00,192.4545,192.5,192.43,1819,192.4401,151180,192.464821
2023-07-03 16:58:00+00:00,192.545,192.545,192.42,2481,192.46,214013,192.489439
2023-07-03 16:59:00+00:00,192.47,192.55,192.43,4364,192.54,454726,192.499402
2023-07-03 17:00:00+00:00,192.46,192.48,192.04,186,192.46,2646986,192.459671
2023-07-03 17:01:00+00:00,192.47,192.48,192.46,68,192.46,2874,192.465593
2023-07-03 17:02:00+00:00,192.49,192.5,192.1,179,192.49,13890,192.44961
2023-07-03 17:03:00+00:00,192.555,192.57,192.5,67,192.5,2324,192.532581
2023-07-03 17:04:00+00:00,192.53,192.57,192.46,56,192.54,43682,192.463905
2023-07-03 17:05:00+00:00,192.5,192.52,192.5,70,192.5,1654,192.512624
2023-07-03 17:06:00+00:00,192.4901,192.4901,192.49,87,192.49,2019,192.491564
2023-07-03 17:07:00+00:00,192.49,192.5,192.49,78,192.5,39250,192.464066
2023-07-03 17:08:00+00:00,192.45,192.47,192.45,87,192.47,100761,192.460098
2023-07-03 17:09:00+00:00,192.46,192.46,192.46,46,192.46,22491,192.459887
2023-07-03 17:11:00+00:00,192.45,192.45,192.45,34,192.45,62396,192.459913
2023-07-03 17:12:00+00:00,192.4,192.46,192.4,64,192.43,19275,192.45632
2023-07-03 17:13:00+00:00,192.4101,192.43,192.4,80,192.43,1790,192.426565
2023-07-03 17:14:00+00:00,192.4001,192.4101,192.4001,54,192.41,2893,192.403435
2023-07-03 17:15:00+00:00,192.3901,192.46,192.36,96,192.41,2393,192.392848
2023-07-03 17:16:00+00:00,192.3,192.43,192.3,66,192.43,1710,192.401174
2023-07-03 17:17:00+00:00,192.41,192.41,192.41,37,192.41,244,192.408525
2023-07-03 17:18:00+00:00,192.44,192.44,192.44,53,192.44,3381,192.445654
2023-07-03 17:19:00+00:00,192.44,192.44,192.44,42,192.44,404,192.410644
2023-07-03 17:20:00+00:00,192.42,192.4499,192.42,31,192.4499,535,192.420439
2023-07-03 17:21:00+00:00,192.42,192.43,192.42,44,192.4201,1459,192.422049
2023-07-03 17:22:00+00:00,192.42,192.43,192.42,40,192.43,1663,192.423602
2023-07-03 17:23:00+00:00,192.4001,192.4001,192.4001,36,192.4001,227,192.416582
2023-07-03 17:24:00+00:00,192.4299,192.4299,192.4299,31,192.4299,292,192.428558
2023-07-03 17:25:00+00:00,192.42,192.43,192.42,63,192.42,8154,192.420979
2023-07-03 17:26:00+00:00,192.39,192.42,192.39,49,192.42,929,192.398843
2023-07-03 17:27:00+00:00,192.4,192.4,192.4,61,192.4,51990,192.45952
2023-07-03 17:28:00+00:00,192.35,192.35,192.35,78,192.35,579,192.373255
2023-07-03 17:29:00+00:00,192.36,192.36,192.36,47,192.36,3978,192.360036
2023-07-03 17:30:00+00:00,192.33,192.33,192.3,64,192.32,958,192.316049
2023-07-03 17:31:00+00:00,192.3,192.33,192.3,52,192.33,791,192.306207
2023-07-03 17:32:00+00:00,192.35,192.35,192.35,46,192.35,1023,192.333557
2023-07-03 17:34:00+00:00,192.34,192.34,192.34,34,192.34,447,192.339704
2023-07-03 17:35:00+00:00,192.34,192.34,192.34,30,192.34,497,192.336756
2023-07-03 17:37:00+00:00,192.3891,192.3891,192.3891,25,192.3891,1131,192.388693
2023-07-03 17:38:00+00:00,192.39,192.39,192.39,36,192.39,532,192.378568
2023-07-03 17:39:00+00:00,192.39,192.39,192.39,37,192.39,1141,192.386337
2023-07-03 17:40:00+00:00,192.39,192.39,192.39,53,192.39,637,192.389427
2023-07-03 17:43:00+00:00,192.46,192.46,192.38,40,192.43,2564,192.432426
2023-07-03 17:46:00+00:00,192.4,192.46,192.4,36,192.46,17309,192.458329
2023-07-03 17:48:00+00:00,192.44,192.44,192.44,41,192.44,1049,192.43642
2023-07-03 17:50:00+00:00,192.35,192.43,192.35,51,192.43,1066,192.370732
2023-07-03 17:51:00+00:00,192.39,192.39,192.39,31,192.39,207,192.394444
2023-07-03 17:52:00+00:00,192.35,192.35,192.35,41,192.35,344,192.357326
2023-07-03 17:55:00+00:00,192.38,192.38,192.38,33,192.38,234,192.377094
2023-07-03 17:57:00+00:00,192.45,192.45,192.38,55,192.38,2079,192.413472
2023-07-03 18:00:00+00:00,192.38,192.38,192.38,21,192.38,1013,192.380365
2023-07-03 18:05:00+00:00,192.38,192.38,192.36,35,192.36,426,192.370845
2023-07-03 18:06:00+00:00,192.41,192.41,192.4,27,192.4,447,192.399843
2023-07-03 18:08:00+00:00,192.4,192.4,192.4,36,192.4,487,192.396757
2023-07-03 18:09:00+00:00,192.45,192.45,192.41,39,192.41,2111,192.491174
2023-07-03 18:10:00+00:00,192.45,192.46,192.4482,37,192.45,25235,192.45955
2023-07-03 18:11:00+00:00,192.41,192.5,192.41,70,192.45,4170,192.460662
2023-07-03 18:12:00+00:00,192.47,192.5,192.41,45,192.41,1252,192.451877
2023-07-03 18:13:00+00:00,192.49,192.49,192.47,23,192.47,620,192.47929
2023-07-03 18:15:00+00:00,192.47,192.49,192.47,26,192.49,953,192.484469
2023-07-03 18:16:00+00:00,192.47,192.5,192.47,34,192.49,674,192.485037
2023-07-03 18:17:00+00:00,192.52,192.52,192.5,34,192.5,1038,192.507524
2023-07-03 18:18:00+00:00,192.52,192.52,192.48,43,192.52,4733,192.492279
2023-07-03 18:19:00+00:00,192.47,192.49,192.47,37,192.49,778,192.480276
2023-07-03 18:24:00+00:00,192.46,192.47,192.46,28,192.47,876,192.461336
2023-07-03 18:25:00+00:00,192.49,192.49,192.46,24,192.46,379,192.473905
2023-07-03 18:27:00+00:00,192.49,192.49,192.49,26,192.49,1141,192.484904
2023-07-03 18:28:00+00:00,192.48,192.48,192.46,28,192.46,338,192.463743
2023-07-03 18:29:00+00:00,192.48,192.48,192.48,31,192.48,757,192.475415
2023-07-03 18:40:00+00:00,192.45,192.45,192.45,22,192.45,473,192.457061
2023-07-03 18:41:00+00:00,192.46,192.46,192.46,23,192.46,421,192.453809
2023-07-03 18:46:00+00:00,192.43,192.43,192.43,30,192.43,558,192.429841
2023-07-03 18:49:00+00:00,192.42,192.46,192.42,31,192.46,1387,192.449495
2023-07-03 18:53:00+00:00,192.43,192.43,192.43,19,192.43,138,192.428768
2023-07-03 18:58:00+00:00,192.46,192.46,192.46,29,192.46,614,192.440684
2023-07-03 18:59:00+00:00,192.43,192.43,192.43,28,192.43,338,192.414734
2023-07-03 19:04:00+00:00,192.43,192.43,192.43,24,192.43,180,192.4245
2023-07-03 19:06:00+00:00,192.46,192.46,192.45,25,192.45,647,192.452334
2023-07-03 19:14:00+00:00,192.35,192.4,192.35,119,192.4,1561,192.370532
2023-07-03 19:15:00+00:00,192.35,192.35,192.35,16,192.35,395,192.346228
2023-07-03 19:16:00+00:00,192.35,192.35,192.35,27,192.35,441,192.35449
2023-07-03 19:18:00+00:00,192.36,192.36,192.36,34,192.36,419,192.342745
2023-07-03 19:22:00+00:00,192.37,192.37,192.37,30,192.37,786,192.368549
2023-07-03 19:23:00+00:00,192.33,192.33,192.33,14,192.33,290,192.347379
2023-07-03 19:24:00+00:00,192.38,192.38,192.38,31,192.38,2577,192.381113
2023-07-03 19:25:00+00:00,192.36,192.38,192.36,28,192.38,286,192.370558
2023-07-03 19:26:00+00:00,192.36,192.36,192.36,18,192.36,336,192.357589
2023-07-03 19:28:00+00:00,192.36,192.36,192.36,23,192.36,2092,192.35979
2023-07-03 19:29:00+00:00,192.37,192.37,192.36,23,192.36,384,192.364843
2023-07-03 19:31:00+00:00,192.37,192.37,192.37,20,192.37,649,192.36279
2023-07-03 19:33:00+00:00,192.33,192.37,192.33,30,192.37,2138,192.341174
2023-07-03 19:35:00+00:00,192.37,192.37,192.35,20,192.35,2032,192.364778
2023-07-03 19:36:00+00:00,192.33,192.33,192.33,21,192.33,592,192.337939
2023-07-03 19:38:00+00:00,192.46,192.46,192.36,45,192.36,9221,192.454567
2023-07-03 19:40:00+00:00,192.4,192.4,192.4,23,192.4,1051,192.402959
2023-07-03 19:41:00+00:00,192.45,192.45,192.43,32,192.43,2458,192.442816
2023-07-03 19:48:00+00:00,192.42,192.42,192.42,20,192.42,658,192.41921
2023-07-03 19:49:00+00:00,192.4,192.4,192.4,17,192.4,176,192.405909
2023-07-03 19:50:00+00:00,192.4,192.4,192.4,31,192.4,747,192.400161
2023-07-03 19:58:00+00:00,192.37,192.4,192.37,30,192.4,747,192.387912
2023-07-03 19:59:00+00:00,192.41,192.41,192.41,18,192.41,260,192.405692
2023-07-03 20:00:00+00:00,192.39,192.39,192.39,18,192.39,925,192.389849
2023-07-03 20:02:00+00:00,192.4,192.4,192.4,25,192.4,192,192.390052
2023-07-03 20:03:00+00:00,192.38,192.4,192.38,33,192.4,3346,192.450478
2023-07-03 20:11:00+00:00,192.4,192.4,192.4,16,192.4,167,192.397246
2023-07-03 20:14:00+00:00,192.4,192.4,192.4,15,192.4,332,192.398916
2023-07-03 20:15:00+00:00,192.4,192.4,192.4,17,192.4,296,192.395877
2023-07-03 20:16:00+00:00,192.4,192.4,192.3942,26,192.3942,744,192.390406
2023-07-03 20:23:00+00:00,192.38,192.4,192.38,36,192.4,1994,192.393972
2023-07-03 20:32:00+00:00,192.42,192.42,192.42,16,192.42,2028,192.419798
2023-07-03 20:38:00+00:00,192.41,192.41,192.41,21,192.41,250,192.405642
2023-07-03 20:40:00+00:00,192.4179,192.4179,192.4179,21,192.4179,316,192.411424
2023-07-03 20:46:00+00:00,192.4184,192.4184,192.4184,17,192.4184,433,192.417631
2023-07-03 20:49:00+00:00,192.4,192.4,192.4,19,192.4,359,192.401671
2023-07-03 20:50:00+00:00,192.41,192.41,192.41,11,192.41,280,192.409214
2023-07-03 20:51:00+00:00,192.4,192.4,192.4,19,192.4,706,192.400538
2023-07-03 20:53:00+00:00,192.4,192.4,192.4,22,192.4,241,192.401992
2023-07-03 20:56:00+00:00,192.45,192.45,192.44,21,192.44,474,192.439241
2023-07-03 20:58:00+00:00,192.42,192.42,192.42,8,192.42,432,192.418334
2023-07-03 20:59:00+00:00,192.45,192.45,192.45,22,192.45,439,192.447107
