timestamp,close,high,low,trade_count,open,volume,vwap
2023-01-11 00:00:00+00:00,130.75,130.75,130.75,9,130.75,2767,130.74997
2023-01-11 00:01:00+00:00,130.75,130.75,130.75,12,130.75,1740,130.75031
2023-01-11 00:03:00+00:00,130.81,130.81,130.78,32,130.78,2287,130.794561
2023-01-11 00:04:00+00:00,130.83,130.83,130.8,12,130.8,423,130.815745
2023-01-11 00:06:00+00:00,130.85,130.85,130.85,14,130.85,508,130.846693
2023-01-11 00:07:00+00:00,130.85,130.85,130.85,18,130.85,359,130.851336
2023-01-11 00:09:00+00:00,130.85,130.85,130.85,16,130.85,1310,130.852256
2023-01-11 00:10:00+00:00,130.8501,130.8501,130.85,27,130.85,2629,130.850247
2023-01-11 00:12:00+00:00,130.86,130.86,130.85,12,130.85,896,130.853767
2023-01-11 00:13:00+00:00,130.84,130.84,130.84,9,130.84,253,130.843024
2023-01-11 00:14:00+00:00,130.86,130.87,130.8401,24,130.8401,2518,130.855753
2023-01-11 00:15:00+00:00,130.88,130.88,130.88,16,130.88,1414,130.879777
2023-01-11 00:16:00+00:00,130.88,130.88,130.88,19,130.88,631,130.879667
2023-01-11 00:17:00+00:00,130.89,130.9,130.89,17,130.89,1126,130.896612
2023-01-11 00:21:00+00:00,130.9,130.9,130.9,12,130.9,1604,130.899264
2023-01-11 00:23:00+00:00,130.88,130.88,130.88,7,130.88,319,130.880408
2023-01-11 00:24:00+00:00,130.9,130.9,130.9,12,130.9,1111,130.898884
2023-01-11 00:25:00+00:00,130.88,130.89,130.88,16,130.89,850,130.886806
2023-01-11 00:27:00+00:00,130.85,130.87,130.85,25,130.87,1288,130.852283
2023-01-11 00:28:00+00:00,130.82,130.82,130.82,12,130.82,150,130.825367
2023-01-11 00:30:00+00:00,130.85,130.85,130.85,15,130.85,1153,130.847767
2023-01-11 00:31:00+00:00,130.85,130.85,130.85,5,130.85,706,130.850127
2023-01-11 00:32:00+00:00,130.86,130.86,130.81,21,130.84,6513,130.853161
2023-01-11 00:35:00+00:00,130.84,130.84,130.84,18,130.84,1050,130.839771
2023-01-11 00:37:00+00:00,130.86,130.86,130.86,15,130.86,307,130.856811
2023-01-11 00:39:00+00:00,130.85,130.85,130.85,19,130.85,807,130.846506
2023-01-11 00:41:00+00:00,130.82,130.83,130.82,10,130.83,639,130.821823
2023-01-11 00:44:00+00:00,130.85,130.85,130.85,14,130.85,515,130.846466
2023-01-11 00:45:00+00:00,130.87,130.87,130.8399,12,130.84,1331,130.844576
2023-01-11 00:46:00+00:00,130.84,130.88,130.84,12,130.88,542,130.872582
2023-01-11 00:47:00+00:00,130.89,130.89,130.89,15,130.89,519,130.889166
2023-01-11 00:48:00+00:00,130.85,130.85,130.85,22,130.85,740,130.860534
2023-01-11 00:49:00+00:00,130.89,130.89,130.89,12,130.89,161,130.886366
2023-01-11 00:51:00+00:00,130.9,130.9,130.89,30,130.89,1351,130.892813
2023-01-11 00:52:00+00:00,130.9,130.9,130.9,10,130.9,251,130.89996
2023-01-11 00:53:00+00:00,130.92,130.92,130.9,16,130.9,1482,130.906103
2023-01-11 00:54:00+00:00,130.92,130.92,130.92,21,130.92,1559,130.920513
2023-01-11 00:55:00+00:00,130.92,130.92,130.92,23,130.92,1271,130.921345
2023-01-11 00:56:00+00:00,130.92,130.92,130.92,15,130.92,533,130.918257
2023-01-11 00:57:00+00:00,130.97,130.98,130.94,34,130.94,4519,130.965699
2023-01-11 00:58:00+00:00,130.98,130.98,130.97,21,130.98,3480,130.978526
2023-01-11 00:59:00+00:00,130.97,130.99,130.97,32,130.97,1925,130.979532
2023-01-11 09:00:00+00:00,130.81,131.03,130.81,64,130.95,3836,130.931452
2023-01-11 09:01:00+00:00,130.8,130.8,130.8,46,130.8,1990,130.844804
2023-01-11 09:02:00+00:00,131.08,131.08,130.98,44,130.98,2028,130.989541
2023-01-11 09:03:00+00:00,131.15,131.15,131.14,14,131.14,636,131.131415
2023-01-11 09:04:00+00:00,131.09,131.09,131.09,19,131.09,462,131.107013
2023-01-11 09:05:00+00:00,131.2,131.2,131.13,22,131.16,1411,131.17528
2023-01-11 09:07:00+00:00,131.18,131.18,131.16,6,131.16,544,131.16568
2023-01-11 09:08:00+00:00,131.19,131.19,131.19,44,131.19,1613,131.196107
2023-01-11 09:10:00+00:00,131.13,131.18,131.13,26,131.18,938,131.172601
2023-01-11 09:11:00+00:00,131.15,131.15,131.15,6,131.15,366,131.150082
2023-01-11 09:12:00+00:00,131.1,131.1,131.1,40,131.1,2163,131.103749
2023-01-11 09:13:00+00:00,131.14,131.14,131.14,18,131.14,425,131.101059
2023-01-11 09:14:00+00:00,131.15,131.15,131.1,11,131.1,879,131.141024
2023-01-11 09:17:00+00:00,131.2,131.2,131.18,22,131.18,1347,131.190713
2023-01-11 09:18:00+00:00,131.3,131.3,131.23,36,131.23,1489,131.24276
2023-01-11 09:19:00+00:00,131.2,131.2,131.2,26,131.2,1604,131.206895
2023-01-11 09:20:00+00:00,131.17,131.18,131.17,24,131.18,1045,131.174813
2023-01-11 09:22:00+00:00,131.26,131.26,131.26,23,131.26,1023,131.252385
2023-01-11 09:24:00+00:00,131.2,131.2,131.2,20,131.2,1185,131.209468
2023-01-11 09:25:00+00:00,131.2,131.2,131.2,24,131.2,619,131.217011
2023-01-11 09:26:00+00:00,131.2,131.2,131.2,9,131.2,1042,131.199069
2023-01-11 09:28:00+00:00,131.26,131.26,131.24,16,131.24,807,131.242565
2023-01-11 09:29:00+00:00,131.23,131.25,131.23,17,131.25,487,131.242772
2023-01-11 09:31:00+00:00,131.24,131.24,131.24,9,131.24,361,131.240693
2023-01-11 09:32:00+00:00,131.23,131.23,131.23,34,131.23,942,131.223461
2023-01-11 09:34:00+00:00,131.18,131.18,131.18,10,131.18,301,131.187243
2023-01-11 09:35:00+00:00,131.18,131.18,131.18,7,131.18,263,131.18
2023-01-11 09:36:00+00:00,131.19,131.19,131.17,15,131.18,1254,131.179338
2023-01-11 09:38:00+00:00,131.11,131.11,131.1,34,131.1,639,131.119812
2023-01-11 09:45:00+00:00,131.18,131.18,131.16,16,131.16,832,131.169459
2023-01-11 09:50:00+00:00,131.07,131.11,131.07,32,131.11,1622,131.086073
2023-01-11 09:53:00+00:00,131.11,131.11,131.1,18,131.1,645,131.100248
2023-01-11 09:54:00+00:00,131.2,131.2,131.2,12,131.2,534,131.192154
2023-01-11 09:55:00+00:00,131.2,131.2,131.2,7,131.2,387,131.199767
2023-01-11 09:56:00+00:00,131.15,131.15,131.15,8,131.15,583,131.151184
2023-01-11 09:59:00+00:00,131.05,131.06,131.05,18,131.06,1299,131.057937
2023-01-11 10:08:00+00:00,131.28,131.28,131.21,83,131.21,2737,131.216507
2023-01-11 10:10:00+00:00,131.3,131.3,131.25,31,131.25,1173,131.286061
2023-01-11 10:14:00+00:00,131.32,131.32,131.32,10,131.32,412,131.319927
2023-01-11 10:15:00+00:00,131.29,131.29,131.25,43,131.25,4158,131.272083
2023-01-11 10:17:00+00:00,131.11,131.12,131.11,44,131.12,1927,131.126907
2023-01-11 10:18:00+00:00,131.1,131.13,131.1,44,131.13,2628,131.108611
2023-01-11 10:20:00+00:00,131.1,131.1,131.1,9,131.1,294,131.113231
2023-01-11 10:22:00+00:00,131.1,131.1,131.1,15,131.1,308,131.114448
2023-01-11 10:24:00+00:00,131.13,131.13,131.13,8,131.13,216,131.140694
2023-01-11 10:34:00+00:00,131.19,131.19,131.16,9,131.16,321,131.169408
2023-01-11 10:38:00+00:00,131.1,131.15,131.1,47,131.15,1121,131.12719
2023-01-11 10:39:00+00:00,131.05,131.08,131.05,27,131.08,1095,131.065397
2023-01-11 10:40:00+00:00,131.04,131.05,131.04,16,131.05,2029,131.049601
2023-01-11 10:41:00+00:00,131.05,131.05,131.01,34,131.02,1741,131.021557
2023-01-11 10:43:00+00:00,131.01,131.01,131.0,52,131.01,1575,131.00873
2023-01-11 10:47:00+00:00,131.04,131.05,131.04,22,131.05,730,131.056178
2023-01-11 10:50:00+00:00,131.05,131.05,131.03,11,131.03,403,131.038462
2023-01-11 10:57:00+00:00,130.96,131.03,130.96,107,131.03,1906,131.012781
2023-01-11 11:04:00+00:00,130.96,130.96,130.96,32,130.96,1252,130.955671
2023-01-11 11:07:00+00:00,130.87,130.95,130.87,84,130.95,2875,130.907833
2023-01-11 11:10:00+00:00,130.96,130.96,130.96,15,130.96,512,130.959277
2023-01-11 11:11:00+00:00,130.93,130.96,130.93,21,130.95,1393,130.939821
2023-01-11 11:12:00+00:00,130.85,130.85,130.85,11,130.85,369,130.86355
2023-01-11 11:22:00+00:00,130.9,130.91,130.9,23,130.9,1407,130.902822
2023-01-11 11:25:00+00:00,130.94,130.94,130.89,5,130.89,350,130.911457
2023-01-11 11:31:00+00:00,131.01,131.01,130.98,33,131.0,1276,130.997304
2023-01-11 11:32:00+00:00,131.0,131.03,131.0,20,131.02,2428,131.017282
2023-01-11 11:33:00+00:00,131.1,131.1,131.0,42,131.01,6231,131.049456
2023-01-11 11:37:00+00:00,130.99,131.0,130.99,27,131.0,1523,131.001793
2023-01-11 11:39:00+00:00,131.05,131.05,130.95,26,130.95,1998,131.004499
2023-01-11 11:40:00+00:00,131.05,131.05,131.05,8,131.05,336,131.043542
2023-01-11 11:41:00+00:00,131.09,131.09,131.09,9,131.09,333,131.107387
2023-01-11 11:42:00+00:00,131.1,131.1,131.09,11,131.09,916,131.088821
2023-01-11 11:43:00+00:00,131.13,131.13,131.09,11,131.09,829,131.098854
2023-01-11 11:44:00+00:00,131.18,131.18,131.13,24,131.13,833,131.161705
2023-01-11 11:45:00+00:00,131.13,131.16,131.12,27,131.15,1130,131.147035
2023-01-11 11:46:00+00:00,131.0,131.06,130.97,66,131.05,4162,131.028059
2023-01-11 11:47:00+00:00,130.96,131.0,130.96,19,131.0,1115,130.967238
2023-01-11 11:48:00+00:00,130.97,130.97,130.97,15,130.97,369,130.970894
2023-01-11 11:49:00+00:00,130.92,130.92,130.92,21,130.92,307,130.938697
2023-01-11 11:50:00+00:00,130.9,130.91,130.9,38,130.9,1593,130.904614
2023-01-11 11:51:00+00:00,130.85,130.88,130.85,42,130.88,1496,130.854833
2023-01-11 11:53:00+00:00,130.85,130.85,130.85,16,130.85,1115,130.851892
2023-01-11 11:54:00+00:00,130.82,130.89,130.82,27,130.85,1756,130.85168
2023-01-11 11:55:00+00:00,130.82,130.82,130.82,13,130.82,554,130.823448
2023-01-11 11:56:00+00:00,130.8,130.81,130.8,36,130.81,1572,130.806889
2023-01-11 12:00:00+00:00,130.93,130.93,130.85,117,130.88,2945,130.889362
2023-01-11 12:02:00+00:00,130.84,130.88,130.84,46,130.88,1783,130.848592
2023-01-11 12:04:00+00:00,130.88,130.92,130.88,65,130.89,4826,130.899217
2023-01-11 12:05:00+00:00,130.9,130.9,130.9,38,130.9,1311,130.905347
2023-01-11 12:07:00+00:00,130.94,130.94,130.94,18,130.94,1375,130.938095
2023-01-11 12:08:00+00:00,130.94,130.94,130.92,38,130.94,1409,130.93335
2023-01-11 12:10:00+00:00,130.91,130.91,130.89,31,130.89,826,130.901162
2023-01-11 12:11:00+00:00,130.89,130.91,130.89,33,130.91,1585,130.909937
2023-01-11 12:12:00+00:00,130.75,130.9,130.75,120,130.9,5043,130.827956
2023-01-11 12:13:00+00:00,130.75,130.75,130.74,31,130.74,835,130.764611
2023-01-11 12:14:00+00:00,130.73,130.74,130.73,73,130.74,1698,130.755318
2023-01-11 12:15:00+00:00,130.7,130.74,130.63,86,130.74,3171,130.715408
2023-01-11 12:16:00+00:00,130.74,130.74,130.73,47,130.73,1650,130.736309
2023-01-11 12:18:00+00:00,130.68,130.68,130.68,37,130.68,1059,130.692342
2023-01-11 12:19:00+00:00,130.62,130.67,130.61,79,130.67,3598,130.63853
2023-01-11 12:20:00+00:00,130.46,130.63,130.46,186,130.63,17450,130.585942
2023-01-11 12:21:00+00:00,130.56,130.56,130.56,28,130.56,1248,130.548317
2023-01-11 12:22:00+00:00,130.58,130.65,130.57,60,130.57,3074,130.600059
2023-01-11 12:23:00+00:00,130.64,130.64,130.64,22,130.64,643,130.622193
2023-01-11 12:24:00+00:00,130.64,130.64,130.64,7,130.64,244,130.639918
2023-01-11 12:25:00+00:00,130.58,130.63,130.58,54,130.63,1523,130.59954
2023-01-11 12:26:00+00:00,130.6,130.6,130.57,29,130.57,1567,130.5785
2023-01-11 12:27:00+00:00,130.58,130.58,130.58,25,130.58,909,130.611177
2023-01-11 12:28:00+00:00,130.63,130.63,130.63,28,130.63,907,130.618633
2023-01-11 12:29:00+00:00,130.6,130.6,130.59,32,130.59,2100,130.6001
2023-01-11 12:32:00+00:00,130.65,130.65,130.65,30,130.65,836,130.661053
2023-01-11 12:33:00+00:00,130.7,130.7,130.7,15,130.7,996,130.697771
2023-01-11 12:34:00+00:00,130.75,130.79,130.75,33,130.79,1318,130.763103
2023-01-11 12:36:00+00:00,130.75,130.75,130.75,28,130.75,2214,130.74799
2023-01-11 12:37:00+00:00,130.75,130.75,130.74,15,130.74,715,130.744867
2023-01-11 12:38:00+00:00,130.81,130.81,130.76,66,130.76,4858,130.783538
2023-01-11 12:39:00+00:00,130.72,130.81,130.72,61,130.81,2400,130.747196
2023-01-11 12:40:00+00:00,130.75,130.75,130.75,16,130.75,941,130.749724
2023-01-11 12:42:00+00:00,130.74,130.76,130.74,30,130.76,863,130.749409
2023-01-11 12:43:00+00:00,130.7,130.7,130.7,27,130.7,569,130.703128
2023-01-11 12:44:00+00:00,130.7,130.7,130.7,38,130.7,863,130.714322
2023-01-11 12:46:00+00:00,130.72,130.72,130.7,33,130.7,1137,130.697757
2023-01-11 12:47:00+00:00,130.82,130.82,130.76,43,130.76,1984,130.796749
2023-01-11 12:48:00+00:00,130.84,130.84,130.84,15,130.84,491,130.839409
2023-01-11 12:50:00+00:00,130.83,130.83,130.83,19,130.83,298,130.838725
2023-01-11 12:52:00+00:00,130.79,130.8,130.79,33,130.8,874,130.78397
2023-01-11 12:54:00+00:00,130.76,130.81,130.76,53,130.81,3713,130.770754
2023-01-11 12:55:00+00:00,130.65,130.71,130.65,64,130.71,3247,130.687407
2023-01-11 12:56:00+00:00,130.63,130.64,130.63,49,130.64,4217,130.632525
2023-01-11 12:59:00+00:00,130.7,130.7,130.68,15,130.68,554,130.686083
2023-01-11 13:00:00+00:00,130.72,131.1015,130.4382,837,130.85,39056,130.753836
2023-01-11 13:01:00+00:00,130.8429,130.96,130.404,381,130.404,10002,130.765161
2023-01-11 13:02:00+00:00,130.87,130.9,130.78,137,130.78,7433,130.844708
2023-01-11 13:03:00+00:00,130.79,130.79,130.78,29,130.7803,1206,130.7911
2023-01-11 13:04:00+00:00,130.76,130.76,130.72,57,130.75,4562,130.74159
2023-01-11 13:05:00+00:00,130.83,130.8592,130.79,58,130.79,4214,130.819077
2023-01-11 13:06:00+00:00,130.9,130.9,130.84,34,130.84,2004,130.876454
2023-01-11 13:07:00+00:00,130.83,130.83,130.83,37,130.83,2691,130.836255
2023-01-11 13:08:00+00:00,130.81,130.8499,130.81,38,130.8499,2070,130.826499
2023-01-11 13:09:00+00:00,130.82,130.83,130.8,45,130.8,2329,130.822406
2023-01-11 13:10:00+00:00,130.77,130.8,130.75,81,130.8,3098,130.775876
2023-01-11 13:11:00+00:00,130.7509,130.78,130.7509,42,130.77,1700,130.770563
2023-01-11 13:12:00+00:00,130.83,130.83,130.77,60,130.7797,3433,130.801444
2023-01-11 13:13:00+00:00,130.83,130.85,130.82,70,130.85,3684,130.837168
2023-01-11 13:14:00+00:00,130.85,130.87,130.84,52,130.87,5599,130.858038
2023-01-11 13:15:00+00:00,130.88,130.89,130.85,83,130.85,4892,130.866444
2023-01-11 13:16:00+00:00,130.8503,130.9,130.85,49,130.86,2281,130.862238
2023-01-11 13:17:00+00:00,130.86,130.9,130.85,45,130.9,6800,130.882404
2023-01-11 13:18:00+00:00,130.82,130.88,130.82,63,130.88,3180,130.838873
2023-01-11 13:19:00+00:00,130.94,130.95,130.9,83,130.9,8242,130.926833
2023-01-11 13:20:00+00:00,130.9292,130.93,130.92,43,130.92,1253,130.923623
2023-01-11 13:21:00+00:00,130.94,130.95,130.93,44,130.93,1712,130.937309
2023-01-11 13:22:00+00:00,130.88,130.91,130.88,97,130.91,4213,130.8986
2023-01-11 13:23:00+00:00,130.86,130.9,130.86,52,130.9,2755,130.883266
2023-01-11 13:24:00+00:00,131.0,131.0,130.93,160,130.93,11810,130.982997
2023-01-11 13:25:00+00:00,130.92,131.18,130.92,236,131.02,17481,131.064939
2023-01-11 13:26:00+00:00,131.06,131.06,131.01,104,131.02,8458,131.032652
2023-01-11 13:27:00+00:00,131.01,131.1,131.01,130,131.08,7086,131.041223
2023-01-11 13:28:00+00:00,131.04,131.04,130.99,87,130.99,10446,131.002756
2023-01-11 13:29:00+00:00,131.06,131.06,131.05,47,131.05,1351,131.053692
2023-01-11 13:30:00+00:00,130.96,131.09,130.96,107,131.06,9936,131.038822
2023-01-11 13:31:00+00:00,130.9,130.99,130.88,110,130.96,9260,130.917936
2023-01-11 13:32:00+00:00,130.91,130.92,130.87,64,130.9,5940,130.910889
2023-01-11 13:33:00+00:00,131.0,131.0,130.91,170,130.91,16208,130.971881
2023-01-11 13:34:00+00:00,130.98,131.02,130.98,75,131.01,12179,130.997684
2023-01-11 13:35:00+00:00,130.95,130.97,130.93,99,130.97,8505,130.952564
2023-01-11 13:36:00+00:00,131.05,131.05,130.95,184,130.95,16057,131.009513
2023-01-11 13:37:00+00:00,131.15,131.16,131.08,173,131.09,15067,131.121401
2023-01-11 13:38:00+00:00,131.1,131.14,131.05,248,131.12,22172,131.081622
2023-01-11 13:39:00+00:00,131.11,131.11,131.05,200,131.08,14358,131.074539
2023-01-11 13:40:00+00:00,131.18,131.18,131.11,83,131.12,4507,131.142953
2023-01-11 13:41:00+00:00,131.18,131.1899,131.15,103,131.18,6820,131.168519
2023-01-11 13:42:00+00:00,131.24,131.24,131.1,138,131.14,7890,131.18743
2023-01-11 13:43:00+00:00,131.23,131.25,131.21,109,131.25,7368,131.241744
2023-01-11 13:44:00+00:00,131.29,131.31,131.25,145,131.25,9286,131.28417
2023-01-11 13:45:00+00:00,131.34,131.3796,131.32,98,131.32,4272,131.352537
2023-01-11 13:46:00+00:00,131.3,131.35,131.29,100,131.34,10968,131.318948
2023-01-11 13:47:00+00:00,131.26,131.34,131.23,158,131.3,11393,131.29996
2023-01-11 13:48:00+00:00,131.28,131.3,131.25,81,131.26,4570,131.273014
2023-01-11 13:49:00+00:00,131.26,131.2995,131.25,50,131.29,5243,131.260429
2023-01-11 13:50:00+00:00,131.24,131.27,131.24,53,131.25,2199,131.256429
2023-01-11 13:51:00+00:00,131.25,131.26,131.2,76,131.24,3458,131.232037
2023-01-11 13:52:00+00:00,131.4,131.4,131.26,170,131.27,11260,131.329783
2023-01-11 13:53:00+00:00,131.44,131.48,131.33,200,131.41,15959,131.442797
2023-01-11 13:54:00+00:00,131.66,131.68,131.42,300,131.42,19523,131.534416
2023-01-11 13:55:00+00:00,131.4,131.68,131.4,393,131.63,31825,131.541855
2023-01-11 13:56:00+00:00,131.43,131.45,131.35,93,131.4085,14218,131.426435
2023-01-11 13:57:00+00:00,131.37,131.42,131.27,181,131.42,19194,131.355769
2023-01-11 13:58:00+00:00,131.39,131.39,131.36,55,131.39,2695,131.379479
2023-01-11 13:59:00+00:00,131.5,131.53,131.4199,129,131.42,13796,131.458157
2023-01-11 14:00:00+00:00,131.43,131.5,131.41,153,131.5,12073,131.456585
2023-01-11 14:01:00+00:00,131.43,131.4599,131.41,60,131.43,8509,131.429962
2023-01-11 14:02:00+00:00,131.39,131.42,131.31,234,131.42,14225,131.373905
2023-01-11 14:03:00+00:00,131.4,131.4,131.35,68,131.37,6018,131.359464
2023-01-11 14:04:00+00:00,131.34,131.41,131.34,59,131.41,3022,131.381524
2023-01-11 14:05:00+00:00,131.34,131.34,131.3,84,131.34,5922,131.324884
2023-01-11 14:06:00+00:00,131.27,131.34,131.25,110,131.34,11990,131.28882
2023-01-11 14:07:00+00:00,131.28,131.3,131.25,67,131.3,3850,131.281666
2023-01-11 14:08:00+00:00,131.43,131.43,131.3,122,131.3,8589,131.325577
2023-01-11 14:09:00+00:00,131.39,131.39,131.33,66,131.359,8703,131.366312
2023-01-11 14:10:00+00:00,131.37,131.43,131.37,92,131.4,4145,131.397456
2023-01-11 14:11:00+00:00,131.4,131.4,131.37,42,131.37,1145,131.387623
2023-01-11 14:12:00+00:00,131.4,131.44,131.37,94,131.4,6458,131.407198
2023-01-11 14:13:00+00:00,131.35,131.4,131.33,117,131.3999,8933,131.351606
2023-01-11 14:14:00+00:00,131.34,131.38,131.3,129,131.33,7362,131.332373
2023-01-11 14:15:00+00:00,131.44,131.46,131.36,115,131.36,11442,131.40785
2023-01-11 14:16:00+00:00,131.42,131.42,131.42,33,131.42,616,131.416162
2023-01-11 14:17:00+00:00,131.5,131.5,131.41,125,131.42,8199,131.45063
2023-01-11 14:18:00+00:00,131.5,131.53,131.46,92,131.46,5623,131.500254
2023-01-11 14:19:00+00:00,131.49,131.5,131.4665,51,131.5,3500,131.491044
2023-01-11 14:20:00+00:00,131.55,131.55,131.49,125,131.51,5244,131.515068
2023-01-11 14:21:00+00:00,131.44,131.59,131.44,210,131.5303,18764,131.478344
2023-01-11 14:22:00+00:00,131.42,131.45,131.42,95,131.43,4105,131.433748
2023-01-11 14:23:00+00:00,131.42,131.43,131.39,229,131.43,17076,131.419957
2023-01-11 14:24:00+00:00,131.4299,131.43,131.39,68,131.39,6405,131.414582
2023-01-11 14:25:00+00:00,131.3301,131.43,131.3301,111,131.43,5504,131.37786
2023-01-11 14:26:00+00:00,131.43,131.43,131.34,85,131.35,6148,131.362456
2023-01-11 14:27:00+00:00,131.37,131.43,131.3,204,131.43,16966,131.40075
2023-01-11 14:28:00+00:00,131.21,131.27,131.1,336,131.27,28310,131.201486
2023-01-11 14:29:00+00:00,131.22,131.22,131.06,437,131.2,43901,131.137206
2023-01-11 14:30:00+00:00,131.5324,131.59,131.02,11471,131.24,1531672,131.285792
2023-01-11 14:31:00+00:00,131.18,131.58,131.02,10047,131.5407,377180,131.244523
2023-01-11 14:32:00+00:00,130.89,131.27,130.88,4498,131.175,352420,131.057654
2023-01-11 14:33:00+00:00,130.83,130.9,130.71,3743,130.89,277382,130.79996
2023-01-11 14:34:00+00:00,131.074,131.24,130.79,3042,130.83,327578,131.083743
2023-01-11 14:35:00+00:00,131.0989,131.19,130.9901,2631,131.0715,273134,131.083521
2023-01-11 14:36:00+00:00,131.33,131.44,131.1,3005,131.1,365302,131.338721
2023-01-11 14:37:00+00:00,131.3009,131.3699,131.26,2304,131.3301,236164,131.308615
2023-01-11 14:38:00+00:00,131.2597,131.35,131.2,2261,131.3,250262,131.260668
2023-01-11 14:39:00+00:00,130.97,131.39,130.9,2948,131.26,388545,131.15101
2023-01-11 14:40:00+00:00,130.93,131.09,130.89,1990,130.975,206957,130.969608
2023-01-11 14:41:00+00:00,130.4823,130.95,130.46,4336,130.94,362861,130.674099
2023-01-11 14:42:00+00:00,130.841,130.87,130.4618,2370,130.49,274135,130.676311
2023-01-11 14:43:00+00:00,130.9,131.1,130.79,2966,130.85,299420,130.92106
2023-01-11 14:44:00+00:00,130.88,130.91,130.76,1861,130.91,159458,130.823974
2023-01-11 14:45:00+00:00,130.86,130.9499,130.57,2641,130.87,279613,130.80356
2023-01-11 14:46:00+00:00,130.9,131.07,130.86,3224,130.86,311302,130.965732
2023-01-11 14:47:00+00:00,131.2,131.28,130.9,3072,130.91,338577,131.085024
2023-01-11 14:48:00+00:00,131.3401,131.53,131.2,3579,131.205,411495,131.355378
2023-01-11 14:49:00+00:00,131.2299,131.375,131.15,2297,131.34,224148,131.265813
2023-01-11 14:50:00+00:00,131.22,131.2591,131.1129,2442,131.23,243982,131.18919
2023-01-11 14:51:00+00:00,131.16,131.23,131.1,1501,131.22,121850,131.170687
2023-01-11 14:52:00+00:00,131.0101,131.175,130.99,2196,131.16,227947,131.046156
2023-01-11 14:53:00+00:00,130.855,131.0301,130.775,2503,131.02,256711,130.907422
2023-01-11 14:54:00+00:00,130.87,130.92,130.78,1605,130.85,135357,130.853925
2023-01-11 14:55:00+00:00,130.765,130.8797,130.73,1862,130.85,150880,130.789168
2023-01-11 14:56:00+00:00,130.87,130.91,130.7201,1491,130.77,162454,130.844907
2023-01-11 14:57:00+00:00,130.8326,130.9,130.82,1728,130.875,152906,130.883396
2023-01-11 14:58:00+00:00,130.77,130.84,130.6,2338,130.8348,254422,130.693921
2023-01-11 14:59:00+00:00,130.8781,130.91,130.7624,1704,130.79,175142,130.860644
2023-01-11 15:00:00+00:00,130.645,130.9499,130.6358,2086,130.895,204778,130.833966
2023-01-11 15:01:00+00:00,130.52,130.676,130.49,2587,130.645,283175,130.588857
2023-01-11 15:02:00+00:00,130.6501,130.72,130.52,1756,130.5219,183991,130.652439
2023-01-11 15:03:00+00:00,130.79,130.81,130.6,1547,130.65,157747,130.722046
2023-01-11 15:04:00+00:00,130.83,130.95,130.73,1709,130.77,197341,130.860606
2023-01-11 15:05:00+00:00,131.0088,131.1,130.82,2262,130.84,268420,130.986476
2023-01-11 15:06:00+00:00,131.0889,131.135,130.98,1679,131.005,172910,131.070513
2023-01-11 15:07:00+00:00,131.29,131.3,131.03,2009,131.09,217071,131.15979
2023-01-11 15:08:00+00:00,131.33,131.49,131.28,2574,131.28,270851,131.394785
2023-01-11 15:09:00+00:00,131.41,131.48,131.29,1911,131.3201,191485,131.413099
2023-01-11 15:10:00+00:00,131.3508,131.48,131.31,2261,131.41,260393,131.385646
2023-01-11 15:11:00+00:00,131.38,131.3999,131.21,1823,131.3632,181591,131.294243
2023-01-11 15:12:00+00:00,131.35,131.4321,131.315,1461,131.39,143624,131.374905
2023-01-11 15:13:00+00:00,131.3,131.341,131.225,1556,131.341,132950,131.294449
2023-01-11 15:14:00+00:00,131.36,131.395,131.285,1343,131.31,126103,131.33884
2023-01-11 15:15:00+00:00,131.38,131.52,131.365,2167,131.37,273402,131.421205
2023-01-11 15:16:00+00:00,131.35,131.4099,131.28,1522,131.3999,149832,131.335148
2023-01-11 15:17:00+00:00,131.375,131.52,131.345,1513,131.35,166301,131.445573
2023-01-11 15:18:00+00:00,131.3115,131.3899,131.27,1216,131.345,129329,131.325328
2023-01-11 15:19:00+00:00,131.26,131.3377,131.23,1401,131.315,116443,131.285291
2023-01-11 15:20:00+00:00,131.1871,131.3,131.17,1492,131.27,365363,131.245063
2023-01-11 15:21:00+00:00,131.3301,131.48,131.1801,1866,131.185,226140,131.341219
2023-01-11 15:22:00+00:00,131.655,131.675,131.32,2832,131.32,353800,131.545278
2023-01-11 15:23:00+00:00,131.725,131.73,131.6101,2077,131.655,206727,131.679392
2023-01-11 15:24:00+00:00,131.83,131.84,131.68,2448,131.73,324667,131.760668
2023-01-11 15:25:00+00:00,131.945,132.01,131.73,4454,131.828,551855,131.924265
2023-01-11 15:26:00+00:00,131.95,132.0,131.9,1968,131.9489,207400,131.948791
2023-01-11 15:27:00+00:00,132.0524,132.1084,131.95,2249,131.95,279281,132.043448
2023-01-11 15:28:00+00:00,131.98,132.09,131.93,1874,132.06,272306,131.995617
2023-01-11 15:29:00+00:00,132.02,132.06,131.94,1558,131.985,159822,131.996083
2023-01-11 15:30:00+00:00,131.83,132.07,131.81,2160,132.02,238750,131.917247
2023-01-11 15:31:00+00:00,131.72,131.83,131.69,1632,131.83,194476,131.759229
2023-01-11 15:32:00+00:00,131.77,131.78,131.7,1416,131.72,158084,131.74113
2023-01-11 15:33:00+00:00,131.7823,131.8,131.63,1557,131.77,205867,131.735166
2023-01-11 15:34:00+00:00,131.6,131.78,131.54,1582,131.7799,191404,131.64991
2023-01-11 15:35:00+00:00,131.5299,131.66,131.44,1787,131.5901,185717,131.541547
2023-01-11 15:36:00+00:00,131.295,131.5201,131.21,2050,131.5201,233026,131.322877
2023-01-11 15:37:00+00:00,131.155,131.3,131.15,1970,131.3,342742,131.232489
2023-01-11 15:38:00+00:00,131.1301,131.215,131.11,1512,131.16,139763,131.154167
2023-01-11 15:39:00+00:00,131.25,131.27,131.09,1563,131.14,203929,131.200254
2023-01-11 15:40:00+00:00,131.215,131.29,131.1901,1433,131.24,135418,131.251971
2023-01-11 15:41:00+00:00,131.3001,131.38,131.22,1769,131.235,258062,131.289135
2023-01-11 15:42:00+00:00,131.3,131.39,131.27,1187,131.305,118630,131.319728
2023-01-11 15:43:00+00:00,131.31,131.3389,131.16,1496,131.305,159108,131.259563
2023-01-11 15:44:00+00:00,131.29,131.32,131.18,1355,131.31,154422,131.245998
2023-01-11 15:45:00+00:00,131.46,131.47,131.2701,1565,131.28,197586,131.373807
2023-01-11 15:46:00+00:00,131.3994,131.5,131.33,1221,131.465,129335,131.410376
2023-01-11 15:47:00+00:00,131.4,131.41,131.33,825,131.4,72194,131.360561
2023-01-11 15:48:00+00:00,131.47,131.52,131.375,1607,131.4,158770,131.464578
2023-01-11 15:49:00+00:00,131.47,131.49,131.38,1549,131.4601,126213,131.437578
2023-01-11 15:50:00+00:00,131.35,131.49,131.31,1886,131.47,192750,131.384602
2023-01-11 15:51:00+00:00,131.69,131.7,131.28,2697,131.35,311835,131.471564
2023-01-11 15:52:00+00:00,131.57,131.71,131.51,1559,131.7,182017,131.624617
2023-01-11 15:53:00+00:00,131.2889,131.6,131.23,1866,131.5602,235368,131.39367
2023-01-11 15:54:00+00:00,131.395,131.4,131.27,981,131.28,125939,131.324808
2023-01-11 15:55:00+00:00,131.4,131.43,131.35,976,131.395,120035,131.391533
2023-01-11 15:56:00+00:00,131.34,131.41,131.23,1475,131.41,165724,131.31682
2023-01-11 15:57:00+00:00,131.295,131.41,131.25,1107,131.3452,109028,131.333063
2023-01-11 15:58:00+00:00,131.4421,131.47,131.28,950,131.28,130398,131.364309
2023-01-11 15:59:00+00:00,131.475,131.5399,131.4401,1032,131.4452,101943,131.494549
2023-01-11 16:00:00+00:00,131.49,131.55,131.46,1021,131.48,108153,131.500893
2023-01-11 16:01:00+00:00,131.53,131.54,131.405,1018,131.485,109295,131.482623
2023-01-11 16:02:00+00:00,131.6,131.6399,131.53,1115,131.53,136462,131.578309
2023-01-11 16:03:00+00:00,131.6,131.63,131.56,916,131.6089,85848,131.598327
2023-01-11 16:04:00+00:00,131.5521,131.69,131.5,1421,131.6,199066,131.604106
2023-01-11 16:05:00+00:00,131.4992,131.5763,131.45,1160,131.55,104195,131.501416
2023-01-11 16:06:00+00:00,131.45,131.53,131.43,1431,131.495,137302,131.485545
2023-01-11 16:07:00+00:00,131.4899,131.56,131.44,1387,131.465,130988,131.504058
2023-01-11 16:08:00+00:00,131.46,131.54,131.43,1124,131.48,145348,131.479749
2023-01-11 16:09:00+00:00,131.434,131.52,131.43,946,131.47,87441,131.467292
2023-01-11 16:10:00+00:00,131.53,131.595,131.375,1380,131.45,170045,131.467516
2023-01-11 16:11:00+00:00,131.5347,131.57,131.48,1011,131.55,99203,131.525335
2023-01-11 16:12:00+00:00,131.49,131.5791,131.475,818,131.535,76661,131.520961
2023-01-11 16:13:00+00:00,131.44,131.54,131.42,1033,131.5,99665,131.467718
2023-01-11 16:14:00+00:00,131.6381,131.65,131.43,923,131.43,109040,131.553961
2023-01-11 16:15:00+00:00,131.675,131.705,131.62,1341,131.637,161416,131.658999
2023-01-11 16:16:00+00:00,131.75,131.79,131.68,1352,131.68,167234,131.744277
2023-01-11 16:17:00+00:00,131.72,131.78,131.68,1204,131.75,108046,131.726968
2023-01-11 16:18:00+00:00,131.73,131.75,131.71,892,131.715,376453,131.698701
2023-01-11 16:19:00+00:00,131.74,131.79,131.71,1155,131.7256,91591,131.737086
2023-01-11 16:20:00+00:00,131.645,131.78,131.635,1135,131.75,92820,131.693804
2023-01-11 16:21:00+00:00,131.7399,131.7399,131.6001,1095,131.6442,119055,131.653396
2023-01-11 16:22:00+00:00,131.665,131.73,131.66,765,131.7283,55034,131.695706
2023-01-11 16:23:00+00:00,131.665,131.75,131.64,1268,131.6699,110647,131.695059
2023-01-11 16:24:00+00:00,131.695,131.75,131.65,1095,131.6622,88446,131.708735
2023-01-11 16:25:00+00:00,131.705,131.72,131.66,856,131.6999,65226,131.683423
2023-01-11 16:26:00+00:00,131.65,131.7346,131.64,901,131.7,93903,131.687086
2023-01-11 16:27:00+00:00,131.7201,131.73,131.61,1034,131.64,105853,131.676588
2023-01-11 16:28:00+00:00,131.715,131.7673,131.71,832,131.73,68017,131.731624
2023-01-11 16:29:00+00:00,131.685,131.74,131.66,821,131.71,65875,131.703686
2023-01-11 16:30:00+00:00,131.71,131.78,131.59,1214,131.68,135196,131.691657
2023-01-11 16:31:00+00:00,131.675,131.73,131.66,797,131.7069,71396,131.698704
2023-01-11 16:32:00+00:00,131.6312,131.68,131.605,836,131.672,88439,131.639684
2023-01-11 16:33:00+00:00,131.535,131.6399,131.47,1372,131.6399,140674,131.546833
2023-01-11 16:34:00+00:00,131.755,131.77,131.54,1963,131.54,201480,131.690036
2023-01-11 16:35:00+00:00,131.64,131.7574,131.62,1083,131.75,117394,131.680139
2023-01-11 16:36:00+00:00,131.66,131.6699,131.555,842,131.645,66814,131.627858
2023-01-11 16:37:00+00:00,131.745,131.78,131.63,914,131.6677,78359,131.722365
2023-01-11 16:38:00+00:00,131.815,131.85,131.74,1046,131.75,116034,131.813737
2023-01-11 16:39:00+00:00,131.8536,131.88,131.77,933,131.8133,96233,131.828931
2023-01-11 16:40:00+00:00,131.91,131.9399,131.8401,1282,131.855,126273,131.890912
2023-01-11 16:41:00+00:00,131.91,132.0,131.8713,1736,131.9066,190801,131.952548
2023-01-11 16:42:00+00:00,131.9501,131.9799,131.87,888,131.9,95311,131.929527
2023-01-11 16:43:00+00:00,131.9583,132.04,131.9396,1218,131.953,143570,131.988837
2023-01-11 16:44:00+00:00,132.035,132.069,131.96,1168,131.9687,132599,132.015706
2023-01-11 16:45:00+00:00,132.04,132.0692,131.98,1061,132.04,116918,132.029024
2023-01-11 16:46:00+00:00,132.185,132.195,132.0,1801,132.035,232269,132.116769
2023-01-11 16:47:00+00:00,132.03,132.19,132.02,1237,132.185,148073,132.118448
2023-01-11 16:48:00+00:00,132.105,132.11,132.01,999,132.03,95762,132.059026
2023-01-11 16:49:00+00:00,132.18,132.18,132.08,869,132.1008,88157,132.138927
2023-01-11 16:50:00+00:00,132.1087,132.175,132.07,1153,132.175,100615,132.132184
2023-01-11 16:51:00+00:00,132.135,132.1399,132.07,821,132.1084,98367,132.095514
2023-01-11 16:52:00+00:00,132.2583,132.26,132.14,1294,132.14,152568,132.199176
2023-01-11 16:53:00+00:00,132.3643,132.37,132.24,1269,132.25,150651,132.289151
2023-01-11 16:54:00+00:00,132.33,132.365,132.285,1119,132.365,107215,132.319306
2023-01-11 16:55:00+00:00,132.285,132.355,132.26,1210,132.335,107689,132.316607
2023-01-11 16:56:00+00:00,132.2636,132.29,132.17,1384,132.285,130145,132.231542
2023-01-11 16:57:00+00:00,132.306,132.3399,132.255,989,132.27,97096,132.301786
2023-01-11 16:58:00+00:00,132.205,132.3177,132.2014,966,132.31,81982,132.247074
2023-01-11 16:59:00+00:00,132.29,132.2999,132.1601,1185,132.2061,114143,132.206192
2023-01-11 17:00:00+00:00,132.265,132.35,132.2296,1082,132.3,95239,132.294311
2023-01-11 17:01:00+00:00,132.345,132.3499,132.24,895,132.26,67248,132.2794
2023-01-11 17:02:00+00:00,132.42,132.42,132.32,1511,132.345,169630,132.375036
2023-01-11 17:03:00+00:00,132.433,132.4399,132.41,1038,132.414,104316,132.421079
2023-01-11 17:04:00+00:00,132.365,132.46,132.36,1030,132.435,97649,132.420196
2023-01-11 17:05:00+00:00,132.52,132.52,132.3588,1410,132.36,161580,132.465524
2023-01-11 17:06:00+00:00,132.45,132.52,132.44,969,132.52,92877,132.469707
2023-01-11 17:07:00+00:00,132.48,132.5299,132.45,1007,132.45,100044,132.481533
2023-01-11 17:08:00+00:00,132.39,132.52,132.39,1109,132.48,135204,132.453921
2023-01-11 17:09:00+00:00,132.378,132.4112,132.36,812,132.4,87515,132.38243
2023-01-11 17:10:00+00:00,132.43,132.49,132.37,1351,132.3766,127909,132.418132
2023-01-11 17:11:00+00:00,132.525,132.55,132.4393,1240,132.44,156040,132.512017
2023-01-11 17:12:00+00:00,132.495,132.57,132.48,1187,132.525,116171,132.529181
2023-01-11 17:13:00+00:00,132.582,132.5873,132.48,1010,132.495,104410,132.541732
2023-01-11 17:14:00+00:00,132.57,132.63,132.5401,1311,132.585,134562,132.580905
2023-01-11 17:15:00+00:00,132.635,132.6999,132.5401,1320,132.57,162386,132.640538
2023-01-11 17:16:00+00:00,132.5337,132.68,132.485,1471,132.64,159535,132.57536
2023-01-11 17:17:00+00:00,132.585,132.64,132.5316,1031,132.54,92171,132.589129
2023-01-11 17:18:00+00:00,132.705,132.7699,132.585,1528,132.585,167155,132.702903
2023-01-11 17:19:00+00:00,132.6501,132.72,132.65,967,132.7,102065,132.693093
2023-01-11 17:20:00+00:00,132.625,132.67,132.56,1083,132.66,121529,132.611357
2023-01-11 17:21:00+00:00,132.765,132.81,132.625,1303,132.63,154850,132.737557
2023-01-11 17:22:00+00:00,132.85,132.85,132.7202,1101,132.76,133943,132.790195
2023-01-11 17:23:00+00:00,132.79,132.86,132.79,1236,132.84,137117,132.818701
2023-01-11 17:24:00+00:00,132.7406,132.81,132.715,1118,132.8,107716,132.775916
2023-01-11 17:25:00+00:00,132.73,132.75,132.67,1393,132.7359,147954,132.713035
2023-01-11 17:26:00+00:00,132.73,132.7811,132.72,1028,132.7301,117213,132.74754
2023-01-11 17:27:00+00:00,132.7378,132.77,132.72,1071,132.7289,122433,132.732151
2023-01-11 17:28:00+00:00,132.755,132.78,132.72,1284,132.74,112931,132.739533
2023-01-11 17:29:00+00:00,132.8,132.83,132.72,1087,132.755,166075,132.735106
2023-01-11 17:30:00+00:00,132.81,132.9199,132.8,1521,132.8,184186,132.868889
2023-01-11 17:31:00+00:00,132.8,132.825,132.745,1078,132.8,123514,132.784486
2023-01-11 17:32:00+00:00,132.765,132.815,132.75,1225,132.8,135847,132.788717
2023-01-11 17:33:00+00:00,132.72,132.795,132.72,1376,132.77,153077,132.745852
2023-01-11 17:34:00+00:00,132.685,132.78,132.66,1603,132.73,181691,132.714814
2023-01-11 17:35:00+00:00,132.572,132.72,132.56,1567,132.6824,172985,132.635341
2023-01-11 17:36:00+00:00,132.655,132.68,132.54,1356,132.58,172613,132.592367
2023-01-11 17:37:00+00:00,132.68,132.74,132.615,1184,132.65,129052,132.684728
2023-01-11 17:38:00+00:00,132.6004,132.68,132.59,1265,132.6799,135868,132.634117
2023-01-11 17:39:00+00:00,132.55,132.64,132.54,1148,132.605,139046,132.589451
2023-01-11 17:40:00+00:00,132.63,132.65,132.54,1086,132.54,94982,132.597123
2023-01-11 17:41:00+00:00,132.66,132.69,132.625,759,132.625,93512,132.662888
2023-01-11 17:42:00+00:00,132.685,132.7,132.6527,592,132.66,48475,132.677296
2023-01-11 17:43:00+00:00,132.5601,132.685,132.53,961,132.685,93646,132.590667
2023-01-11 17:44:00+00:00,132.6,132.63,132.51,1139,132.56,108180,132.57091
2023-01-11 17:45:00+00:00,132.6776,132.68,132.58,1038,132.595,89690,132.639136
2023-01-11 17:46:00+00:00,132.755,132.755,132.65,1118,132.68,110786,132.701244
2023-01-11 17:47:00+00:00,132.8,132.8,132.71,919,132.754,79709,132.744809
2023-01-11 17:48:00+00:00,132.79,132.82,132.73,976,132.7966,93072,132.782123
2023-01-11 17:49:00+00:00,132.845,132.86,132.75,844,132.79,70779,132.801929
2023-01-11 17:50:00+00:00,132.775,132.92,132.75,1417,132.85,164593,132.840554
2023-01-11 17:51:00+00:00,132.845,132.856,132.7696,823,132.7696,74160,132.819255
2023-01-11 17:52:00+00:00,132.88,132.88,132.83,690,132.85,74508,132.853102
2023-01-11 17:53:00+00:00,132.78,132.93,132.77,1055,132.88,117808,132.864724
2023-01-11 17:54:00+00:00,132.7601,132.795,132.74,666,132.78,60814,132.761403
2023-01-11 17:55:00+00:00,132.785,132.8,132.72,750,132.77,73074,132.758484
2023-01-11 17:56:00+00:00,132.6807,132.8,132.68,710,132.7888,52014,132.742002
2023-01-11 17:57:00+00:00,132.67,132.73,132.65,670,132.685,63880,132.702836
2023-01-11 17:58:00+00:00,132.714,132.72,132.6123,786,132.675,83504,132.669668
2023-01-11 17:59:00+00:00,132.75,132.76,132.7,765,132.71,76191,132.743062
2023-01-11 18:00:00+00:00,132.76,132.83,132.737,782,132.76,94969,132.772672
2023-01-11 18:01:00+00:00,132.795,132.8,132.74,733,132.77,55766,132.775837
2023-01-11 18:02:00+00:00,132.84,132.9,132.79,1149,132.79,120192,132.851216
2023-01-11 18:03:00+00:00,132.9186,132.93,132.8301,1116,132.85,113367,132.887519
2023-01-11 18:04:00+00:00,132.975,132.99,132.91,1393,132.91,139818,132.970414
2023-01-11 18:05:00+00:00,132.925,133.01,132.9,2570,132.98,262936,132.981017
2023-01-11 18:06:00+00:00,132.97,133.01,132.91,955,132.93,103030,132.977799
2023-01-11 18:07:00+00:00,132.955,133.0,132.95,680,132.98,59061,132.972054
2023-01-11 18:08:00+00:00,132.99,133.06,132.95,1027,132.955,92622,133.005276
2023-01-11 18:09:00+00:00,133.0857,133.09,132.984,922,132.99,95095,133.05485
2023-01-11 18:10:00+00:00,133.09,133.13,133.04,1421,133.09,166134,133.090214
2023-01-11 18:11:00+00:00,133.075,133.12,133.035,1130,133.09,151849,133.092515
2023-01-11 18:12:00+00:00,132.992,133.0899,132.9901,894,133.07,104185,133.0259
2023-01-11 18:13:00+00:00,133.025,133.03,132.985,751,132.99,77156,133.004205
2023-01-11 18:14:00+00:00,133.0774,133.24,132.92,3126,133.0213,341014,133.085412
2023-01-11 18:15:00+00:00,132.8409,133.1,132.81,1790,133.085,195330,132.934093
2023-01-11 18:16:00+00:00,132.59,132.85,132.41,3548,132.8401,428043,132.591764
2023-01-11 18:17:00+00:00,132.655,132.73,132.58,1146,132.585,100579,132.652838
2023-01-11 18:18:00+00:00,132.6598,132.74,132.6201,817,132.655,75277,132.675888
2023-01-11 18:19:00+00:00,132.66,132.76,132.65,818,132.66,102216,132.70297
2023-01-11 18:20:00+00:00,132.69,132.71,132.6601,668,132.67,60297,132.688422
2023-01-11 18:21:00+00:00,132.675,132.71,132.625,583,132.68,50590,132.672184
2023-01-11 18:22:00+00:00,132.67,132.68,132.62,528,132.68,40262,132.643464
2023-01-11 18:23:00+00:00,132.69,132.69,132.645,485,132.67,37431,132.669418
2023-01-11 18:24:00+00:00,132.77,132.8,132.695,1074,132.695,104748,132.756593
2023-01-11 18:25:00+00:00,132.745,132.8,132.73,846,132.7612,99097,132.756239
2023-01-11 18:26:00+00:00,132.7499,132.755,132.67,728,132.745,70153,132.712049
2023-01-11 18:27:00+00:00,132.78,132.79,132.73,546,132.74,47465,132.763565
2023-01-11 18:28:00+00:00,132.86,132.903,132.7801,944,132.79,105382,132.84915
2023-01-11 18:29:00+00:00,132.8,132.8799,132.785,890,132.87,78912,132.815244
2023-01-11 18:30:00+00:00,132.8299,132.839,132.74,1063,132.808,103591,132.79674
2023-01-11 18:31:00+00:00,132.83,132.875,132.77,964,132.825,98364,132.823263
2023-01-11 18:32:00+00:00,132.73,132.81,132.72,794,132.81,78384,132.774219
2023-01-11 18:33:00+00:00,132.735,132.76,132.68,768,132.735,67955,132.720125
2023-01-11 18:34:00+00:00,132.675,132.75,132.67,791,132.735,76174,132.717214
2023-01-11 18:35:00+00:00,132.665,132.68,132.58,1144,132.68,122737,132.632116
2023-01-11 18:36:00+00:00,132.6141,132.709,132.61,723,132.66,63849,132.654101
2023-01-11 18:37:00+00:00,132.52,132.6199,132.4858,1112,132.6186,157114,132.538461
2023-01-11 18:38:00+00:00,132.47,132.555,132.47,1017,132.515,109048,132.520316
2023-01-11 18:39:00+00:00,132.485,132.51,132.45,890,132.46,89872,132.48728
2023-01-11 18:40:00+00:00,132.525,132.56,132.46,1012,132.48,98004,132.499881
2023-01-11 18:41:00+00:00,132.5499,132.595,132.515,864,132.525,103618,132.554976
2023-01-11 18:42:00+00:00,132.495,132.5474,132.46,725,132.545,65918,132.493735
2023-01-11 18:43:00+00:00,132.53,132.54,132.4601,669,132.49,54592,132.492305
2023-01-11 18:44:00+00:00,132.4701,132.54,132.44,758,132.5358,77798,132.475671
2023-01-11 18:45:00+00:00,132.4318,132.5,132.4318,833,132.4699,96247,132.461621
2023-01-11 18:46:00+00:00,132.455,132.48,132.4301,571,132.4481,58460,132.457407
2023-01-11 18:47:00+00:00,132.38,132.495,132.38,968,132.46,97272,132.43978
2023-01-11 18:48:00+00:00,132.43,132.47,132.385,627,132.39,59174,132.433672
2023-01-11 18:49:00+00:00,132.455,132.47,132.415,536,132.42,62047,132.453414
2023-01-11 18:50:00+00:00,132.44,132.47,132.4001,703,132.455,71976,132.447257
2023-01-11 18:51:00+00:00,132.34,132.4427,132.2611,1320,132.44,159332,132.329883
2023-01-11 18:52:00+00:00,132.28,132.34,132.26,769,132.33,71013,132.295353
2023-01-11 18:53:00+00:00,132.2313,132.29,132.21,1014,132.2899,93925,132.242837
2023-01-11 18:54:00+00:00,132.275,132.3,132.22,830,132.2254,88373,132.262684
2023-01-11 18:55:00+00:00,132.4,132.42,132.275,824,132.275,119183,132.364468
2023-01-11 18:56:00+00:00,132.36,132.4093,132.34,613,132.405,60485,132.371702
2023-01-11 18:57:00+00:00,132.37,132.37,132.325,643,132.36,58027,132.343648
2023-01-11 18:58:00+00:00,132.38,132.405,132.36,598,132.37,51549,132.38175
2023-01-11 18:59:00+00:00,132.4001,132.41,132.37,595,132.3701,65990,132.393976
2023-01-11 19:00:00+00:00,132.3802,132.45,132.34,907,132.41,95862,132.388297
2023-01-11 19:01:00+00:00,132.315,132.41,132.275,950,132.38,110790,132.355162
2023-01-11 19:02:00+00:00,132.26,132.3701,132.25,957,132.32,99390,132.302121
2023-01-11 19:03:00+00:00,132.3281,132.34,132.26,470,132.27,48065,132.300679
2023-01-11 19:04:00+00:00,132.3,132.35,132.2898,638,132.33,51949,132.310777
2023-01-11 19:05:00+00:00,132.3,132.34,132.26,604,132.2927,51885,132.30889
2023-01-11 19:06:00+00:00,132.18,132.3,132.17,1129,132.2975,108668,132.213316
2023-01-11 19:07:00+00:00,132.2045,132.2189,132.17,832,132.186,77597,132.183403
2023-01-11 19:08:00+00:00,132.17,132.2399,132.165,974,132.21,142988,132.200005
2023-01-11 19:09:00+00:00,132.2584,132.26,132.165,682,132.1692,77359,132.229512
2023-01-11 19:10:00+00:00,132.33,132.34,132.2504,661,132.2504,92911,132.295086
2023-01-11 19:11:00+00:00,132.365,132.385,132.31,778,132.33,106695,132.354628
2023-01-11 19:12:00+00:00,132.355,132.37,132.33,864,132.365,116987,132.355003
2023-01-11 19:13:00+00:00,132.39,132.3999,132.3377,814,132.35,87775,132.382873
2023-01-11 19:14:00+00:00,132.375,132.39,132.325,524,132.39,48269,132.365858
2023-01-11 19:15:00+00:00,132.39,132.3999,132.35,570,132.38,67264,132.368903
2023-01-11 19:16:00+00:00,132.4,132.41,132.37,585,132.38,61887,132.389624
2023-01-11 19:17:00+00:00,132.415,132.44,132.3901,765,132.405,91123,132.418022
2023-01-11 19:18:00+00:00,132.4275,132.44,132.39,735,132.4126,74331,132.418568
2023-01-11 19:19:00+00:00,132.4298,132.49,132.42,970,132.43,132739,132.460177
2023-01-11 19:20:00+00:00,132.4101,132.4977,132.41,800,132.43,102356,132.454632
2023-01-11 19:21:00+00:00,132.44,132.45,132.4,458,132.415,44535,132.41787
2023-01-11 19:22:00+00:00,132.4928,132.53,132.445,783,132.445,84747,132.48644
2023-01-11 19:23:00+00:00,132.54,132.555,132.48,798,132.4904,86178,132.523476
2023-01-11 19:24:00+00:00,132.5755,132.595,132.52,742,132.535,83712,132.556514
2023-01-11 19:25:00+00:00,132.63,132.64,132.555,1037,132.5792,133763,132.609308
2023-01-11 19:26:00+00:00,132.57,132.65,132.54,1050,132.63,122602,132.591568
2023-01-11 19:27:00+00:00,132.525,132.5811,132.515,641,132.5699,66146,132.546486
2023-01-11 19:28:00+00:00,132.5099,132.54,132.485,707,132.525,70561,132.510881
2023-01-11 19:29:00+00:00,132.405,132.51,132.4,848,132.505,88743,132.449334
2023-01-11 19:30:00+00:00,132.42,132.44,132.32,973,132.4089,140469,132.372878
2023-01-11 19:31:00+00:00,132.4701,132.55,132.4125,1005,132.4125,141270,132.492247
2023-01-11 19:32:00+00:00,132.49,132.5,132.445,638,132.475,77512,132.470418
2023-01-11 19:33:00+00:00,132.5669,132.58,132.4899,746,132.4899,104153,132.540855
2023-01-11 19:34:00+00:00,132.57,132.6,132.555,741,132.57,95387,132.577924
2023-01-11 19:35:00+00:00,132.5801,132.59,132.5381,582,132.565,54357,132.554423
2023-01-11 19:36:00+00:00,132.64,132.65,132.5401,856,132.585,98008,132.613565
2023-01-11 19:37:00+00:00,132.735,132.775,132.635,1339,132.64,159349,132.726853
2023-01-11 19:38:00+00:00,132.725,132.77,132.71,718,132.735,72178,132.737589
2023-01-11 19:39:00+00:00,132.735,132.75,132.7,552,132.725,54686,132.722217
2023-01-11 19:40:00+00:00,132.71,132.74,132.645,857,132.7399,114042,132.679994
2023-01-11 19:41:00+00:00,132.7228,132.77,132.7,714,132.705,81983,132.743122
2023-01-11 19:42:00+00:00,132.699,132.73,132.68,596,132.7295,64265,132.7083
2023-01-11 19:43:00+00:00,132.79,132.79,132.695,831,132.7,84899,132.746877
2023-01-11 19:44:00+00:00,132.8008,132.87,132.7829,1020,132.795,137576,132.828065
2023-01-11 19:45:00+00:00,132.7199,132.82,132.71,770,132.8044,97826,132.753306
2023-01-11 19:46:00+00:00,132.74,132.74,132.69,777,132.72,87330,132.707703
2023-01-11 19:47:00+00:00,132.74,132.75,132.68,600,132.735,67310,132.705573
2023-01-11 19:48:00+00:00,132.635,132.73,132.625,845,132.73,83352,132.668542
2023-01-11 19:49:00+00:00,132.59,132.6599,132.555,961,132.64,125687,132.593875
2023-01-11 19:50:00+00:00,132.49,132.59,132.49,756,132.5881,79721,132.532448
2023-01-11 19:51:00+00:00,132.49,132.51,132.4722,786,132.4919,84284,132.495648
2023-01-11 19:52:00+00:00,132.4899,132.5099,132.461,597,132.49,83760,132.48822
2023-01-11 19:53:00+00:00,132.475,132.51,132.4609,613,132.4835,73826,132.492066
2023-01-11 19:54:00+00:00,132.5041,132.53,132.4316,677,132.4792,70747,132.48437
2023-01-11 19:55:00+00:00,132.5098,132.54,132.475,783,132.505,69034,132.506238
2023-01-11 19:56:00+00:00,132.445,132.5,132.4,1293,132.5,123089,132.446888
2023-01-11 19:57:00+00:00,132.48,132.495,132.445,790,132.445,73373,132.472109
2023-01-11 19:58:00+00:00,132.46,132.49,132.42,788,132.48,73000,132.458239
2023-01-11 19:59:00+00:00,132.5299,132.55,132.455,899,132.4601,90208,132.508448
2023-01-11 20:00:00+00:00,132.6,132.62,132.495,1131,132.53,125992,132.55747
2023-01-11 20:01:00+00:00,132.615,132.645,132.575,757,132.6,81585,132.609492
2023-01-11 20:02:00+00:00,132.625,132.65,132.6001,679,132.615,71809,132.625147
2023-01-11 20:03:00+00:00,132.575,132.6299,132.5301,942,132.625,115306,132.577951
2023-01-11 20:04:00+00:00,132.6856,132.72,132.57,1035,132.58,133927,132.649539
2023-01-11 20:05:00+00:00,132.6163,132.695,132.59,708,132.68,86112,132.648196
2023-01-11 20:06:00+00:00,132.54,132.62,132.54,729,132.62,74555,132.570148
2023-01-11 20:07:00+00:00,132.6049,132.6199,132.53,670,132.535,64014,132.587832
2023-01-11 20:08:00+00:00,132.7409,132.775,132.595,1205,132.6,190998,132.689792
2023-01-11 20:09:00+00:00,132.71,132.765,132.68,905,132.74,148571,132.718813
2023-01-11 20:10:00+00:00,132.7738,132.81,132.69,964,132.72,115222,132.761634
2023-01-11 20:11:00+00:00,132.85,132.8687,132.76,945,132.775,117523,132.813692
2023-01-11 20:12:00+00:00,132.715,132.92,132.71,1910,132.85,266557,132.840309
2023-01-11 20:13:00+00:00,132.84,132.84,132.71,725,132.71,86339,132.784406
2023-01-11 20:14:00+00:00,132.81,132.845,132.785,767,132.84,98120,132.817559
2023-01-11 20:15:00+00:00,132.8684,132.88,132.8,805,132.805,89023,132.847197
2023-01-11 20:16:00+00:00,132.8472,132.9,132.83,824,132.87,98978,132.861207
2023-01-11 20:17:00+00:00,132.855,132.8809,132.81,827,132.845,100125,132.850683
2023-01-11 20:18:00+00:00,132.94,132.95,132.8318,1057,132.85,121105,132.910859
2023-01-11 20:19:00+00:00,132.975,132.99,132.93,1147,132.9476,143838,132.963833
2023-01-11 20:20:00+00:00,132.96,133.0,132.94,1431,132.98,150753,132.979493
2023-01-11 20:21:00+00:00,132.925,132.979,132.9,882,132.97,95506,132.935115
2023-01-11 20:22:00+00:00,132.955,132.96,132.9,799,132.93,80723,132.937024
2023-01-11 20:23:00+00:00,132.98,132.98,132.95,836,132.95,72678,132.961307
2023-01-11 20:24:00+00:00,132.9901,133.0,132.93,1067,132.98,108786,132.975204
2023-01-11 20:25:00+00:00,132.97,133.06,132.96,1422,133.0,202982,133.016327
2023-01-11 20:26:00+00:00,132.955,133.0,132.93,1042,132.975,130111,132.965335
2023-01-11 20:27:00+00:00,132.9129,132.98,132.9,815,132.955,97190,132.947005
2023-01-11 20:28:00+00:00,132.92,132.94,132.9,824,132.91,84232,132.91837
2023-01-11 20:29:00+00:00,132.9218,132.93,132.88,840,132.915,68427,132.911893
2023-01-11 20:30:00+00:00,132.83,132.93,132.79,1465,132.93,150583,132.849836
2023-01-11 20:31:00+00:00,132.8157,132.845,132.78,911,132.83,74677,132.807655
2023-01-11 20:32:00+00:00,132.8,132.83,132.785,947,132.83,93712,132.808774
2023-01-11 20:33:00+00:00,132.8131,132.84,132.79,810,132.8,67218,132.813644
2023-01-11 20:34:00+00:00,132.775,132.82,132.7509,985,132.81,110684,132.779422
2023-01-11 20:35:00+00:00,132.8012,132.8518,132.765,1017,132.7701,114800,132.819136
2023-01-11 20:36:00+00:00,132.85,132.85,132.76,1166,132.8,123032,132.796557
2023-01-11 20:37:00+00:00,132.805,132.89,132.795,1271,132.845,163778,132.849129
2023-01-11 20:38:00+00:00,132.705,132.8,132.7,1352,132.8,143123,132.739317
2023-01-11 20:39:00+00:00,132.72,132.73,132.67,897,132.7,111115,132.700719
2023-01-11 20:40:00+00:00,132.7399,132.7599,132.695,932,132.7163,102179,132.725064
2023-01-11 20:41:00+00:00,132.785,132.79,132.66,1605,132.735,174195,132.726274
2023-01-11 20:42:00+00:00,132.84,132.84,132.7502,1208,132.7898,120745,132.783259
2023-01-11 20:43:00+00:00,132.87,132.87,132.8,1271,132.85,156203,132.837259
2023-01-11 20:44:00+00:00,132.935,132.96,132.8201,1698,132.863,202632,132.901252
2023-01-11 20:45:00+00:00,132.84,132.93,132.8,1460,132.93,159540,132.861474
2023-01-11 20:46:00+00:00,132.815,132.86,132.8,1190,132.8469,148842,132.828243
2023-01-11 20:47:00+00:00,132.845,132.89,132.78,1421,132.8101,152890,132.846226
2023-01-11 20:48:00+00:00,132.835,132.86,132.805,968,132.85,83714,132.838691
2023-01-11 20:49:00+00:00,132.935,132.95,132.84,1363,132.84,131255,132.877983
2023-01-11 20:50:00+00:00,132.995,133.0,132.85,2826,132.93,294195,132.930721
2023-01-11 20:51:00+00:00,133.015,133.03,132.93,2580,132.99,279567,132.99682
2023-01-11 20:52:00+00:00,133.13,133.15,132.98,2549,133.015,287081,133.077505
2023-01-11 20:53:00+00:00,133.05,133.16,133.02,2681,133.135,289084,133.088198
2023-01-11 20:54:00+00:00,133.155,133.22,133.055,3743,133.055,395775,133.144739
2023-01-11 20:55:00+00:00,133.345,133.4,133.14,6718,133.15,770431,133.278036
2023-01-11 20:56:00+00:00,133.24,133.51,133.19,3701,133.35,451438,133.278338
2023-01-11 20:57:00+00:00,133.295,133.39,133.25,3907,133.25,485999,133.291151
2023-01-11 20:58:00+00:00,133.34,133.35,133.275,4343,133.29,525715,133.322214
2023-01-11 20:59:00+00:00,133.48,133.5,133.31,12803,133.34,2132715,133.393168
2023-01-11 21:00:00+00:00,133.37,133.49,133.14,524,133.48,16223710,133.489247
2023-01-11 21:01:00+00:00,133.39,133.49,133.34,218,133.39,102667,133.45597
2023-01-11 21:02:00+00:00,133.44,133.49,133.38,155,133.49,72039,133.483746
2023-01-11 21:03:00+00:00,133.44,133.44,133.4,81,133.4,7258,133.405318
2023-01-11 21:04:00+00:00,133.41,133.43,133.41,97,133.43,24306,133.469548
2023-01-11 21:05:00+00:00,133.41,133.44,133.41,78,133.41,8144,133.466663
2023-01-11 21:06:00+00:00,133.41,133.49,133.41,92,133.42,113524,133.483916
2023-01-11 21:07:00+00:00,133.41,133.45,133.41,72,133.42,4782,133.431447
2023-01-11 21:08:00+00:00,133.4299,133.49,133.41,86,133.42,9518,133.455556
2023-01-11 21:09:00+00:00,133.42,133.45,133.41,68,133.43,6020,133.422599
2023-01-11 21:10:00+00:00,133.44,133.45,133.41,85,133.42,9618,133.426066
2023-01-11 21:11:00+00:00,133.43,133.44,133.43,38,133.44,1169,133.433986
2023-01-11 21:12:00+00:00,133.45,133.45,133.42,46,133.44,113573,133.488494
2023-01-11 21:13:00+00:00,133.44,133.48,133.41,91,133.42,9417,133.429286
2023-01-11 21:14:00+00:00,133.47,133.47,133.41,49,133.46,2471,133.452972
2023-01-11 21:15:00+00:00,133.42,133.5,133.42,120,133.48,10267,133.479245
2023-01-11 21:16:00+00:00,133.43,133.49,133.42,85,133.47,62264,133.485115
2023-01-11 21:17:00+00:00,133.46,133.48,133.42,65,133.42,11830,133.456002
2023-01-11 21:18:00+00:00,133.41,133.47,133.41,81,133.46,6706,133.431179
2023-01-11 21:19:00+00:00,133.45,133.48,133.43,46,133.43,4353,133.463156
2023-01-11 21:20:00+00:00,133.45,133.47,133.45,49,133.45,2887,133.455953
2023-01-11 21:21:00+00:00,133.44,133.47,133.41,50,133.43,4021,133.433034
2023-01-11 21:22:00+00:00,133.41,133.41,133.41,42,133.41,891,133.419232
2023-01-11 21:23:00+00:00,133.44,133.44,133.43,45,133.43,557,133.42961
2023-01-11 21:24:00+00:00,133.43,133.44,133.41,43,133.41,2768,133.415882
2023-01-11 21:25:00+00:00,133.42,133.45,133.42,50,133.45,1637,133.436329
2023-01-11 21:26:00+00:00,133.41,133.43,133.41,29,133.41,2155,133.422687
2023-01-11 21:27:00+00:00,133.47,133.47,133.43,46,133.43,3569,133.456377
2023-01-11 21:28:00+00:00,133.4699,133.4699,133.45,25,133.45,695,133.453511
2023-01-11 21:29:00+00:00,133.44,133.48,133.42,63,133.42,5982,133.443424
2023-01-11 21:30:00+00:00,133.47,133.47,133.45,25,133.45,1511,133.466817
2023-01-11 21:31:00+00:00,133.46,133.48,133.46,30,133.48,2124,133.472645
2023-01-11 21:32:00+00:00,133.47,133.48,133.47,36,133.47,1668,133.473798
2023-01-11 21:33:00+00:00,133.45,133.45,133.45,34,133.45,4025,133.451186
2023-01-11 21:34:00+00:00,133.4501,133.46,133.45,23,133.46,1048,133.45386
2023-01-11 21:35:00+00:00,133.46,133.46,133.46,22,133.46,274,133.460931
2023-01-11 21:36:00+00:00,133.43,133.47,133.43,52,133.47,2450,133.450696
2023-01-11 21:37:00+00:00,133.44,133.44,133.44,30,133.44,439,133.43959
2023-01-11 21:38:00+00:00,133.48,133.48,133.43,49,133.43,3283,133.462682
2023-01-11 21:39:00+00:00,133.49,133.49,133.49,29,133.49,24628,133.489665
2023-01-11 21:41:00+00:00,133.44,133.45,133.42,57,133.45,4477,133.434943
2023-01-11 21:42:00+00:00,133.42,133.45,133.42,50,133.44,7737,133.425639
2023-01-11 21:43:00+00:00,133.43,133.43,133.43,31,133.43,295,133.430949
2023-01-11 21:44:00+00:00,133.42,133.44,133.41,70,133.44,6448,133.420984
2023-01-11 21:45:00+00:00,133.47,133.47,133.44,68,133.44,7767,133.450093
2023-01-11 21:46:00+00:00,133.47,133.47,133.43,49,133.45,1445,133.453343
2023-01-11 21:47:00+00:00,133.47,133.47,133.42,94,133.45,5955,133.454223
2023-01-11 21:48:00+00:00,133.41,133.44,133.41,69,133.44,6575,133.428719
2023-01-11 21:49:00+00:00,133.41,133.44,133.41,43,133.41,3249,133.41617
2023-01-11 21:50:00+00:00,133.44,133.46,133.41,72,133.41,4178,133.438101
2023-01-11 21:51:00+00:00,133.4698,133.47,133.41,91,133.43,11856,133.448394
2023-01-11 21:52:00+00:00,133.4401,133.46,133.4401,27,133.46,875,133.454011
2023-01-11 21:53:00+00:00,133.44,133.45,133.44,44,133.45,764,133.446204
2023-01-11 21:54:00+00:00,133.43,133.45,133.41,82,133.44,7073,133.434215
2023-01-11 21:55:00+00:00,133.39,133.43,133.39,86,133.43,9988,133.412093
2023-01-11 21:56:00+00:00,133.3504,133.4,133.3504,80,133.39,4661,133.380386
2023-01-11 21:57:00+00:00,133.43,133.43,133.34,91,133.369,4880,133.377132
2023-01-11 21:58:00+00:00,133.44,133.44,133.43,40,133.43,964,133.419362
2023-01-11 21:59:00+00:00,133.43,133.43,133.38,52,133.38,3271,133.393176
2023-01-11 22:00:00+00:00,133.4,133.42,133.4,18,133.42,453,133.412105
2023-01-11 22:01:00+00:00,133.43,133.43,133.43,73,133.43,382,133.403508
2023-01-11 22:02:00+00:00,133.4,133.4,133.4,16,133.4,340,133.398249
2023-01-11 22:03:00+00:00,133.37,133.43,133.35,73,133.43,5037,133.301727
2023-01-11 22:04:00+00:00,133.37,133.4,133.36,42,133.38,2614,133.37531
2023-01-11 22:05:00+00:00,133.35,133.37,133.35,35,133.37,2331,133.353994
2023-01-11 22:06:00+00:00,133.3785,133.3785,133.36,27,133.36,332,133.366569
2023-01-11 22:07:00+00:00,133.39,133.4,133.38,25,133.38,4046,133.390776
2023-01-11 22:08:00+00:00,133.38,133.42,133.38,87,133.39,3289,133.393133
2023-01-11 22:09:00+00:00,133.42,133.42,133.42,26,133.42,501,133.418453
2023-01-11 22:10:00+00:00,133.39,133.39,133.39,26,133.39,654,133.39108
2023-01-11 22:11:00+00:00,133.38,133.4,133.38,47,133.39,4648,133.396794
2023-01-11 22:12:00+00:00,133.3801,133.3801,133.3801,38,133.3801,243,133.410335
2023-01-11 22:13:00+00:00,133.41,133.41,133.41,19,133.41,690,133.406741
2023-01-11 22:14:00+00:00,133.42,133.42,133.42,16,133.42,547,133.419159
2023-01-11 22:15:00+00:00,133.39,133.39,133.39,28,133.39,1160,133.390427
2023-01-11 22:16:00+00:00,133.38,133.38,133.38,25,133.38,1028,133.380175
2023-01-11 22:17:00+00:00,133.4,133.4,133.4,24,133.4,804,133.4012
2023-01-11 22:19:00+00:00,133.41,133.41,133.41,16,133.41,315,133.403221
2023-01-11 22:20:00+00:00,133.4,133.4,133.4,15,133.4,230,133.408676
2023-01-11 22:22:00+00:00,133.4,133.4,133.4,13,133.4,291,133.403806
2023-01-11 22:24:00+00:00,133.4001,133.4001,133.4001,27,133.4001,504,133.407629
2023-01-11 22:25:00+00:00,133.42,133.44,133.42,20,133.43,1177,133.427188
2023-01-11 22:26:00+00:00,133.42,133.42,133.42,20,133.42,339,133.41761
2023-01-11 22:27:00+00:00,133.42,133.42,133.42,13,133.42,927,133.420335
2023-01-11 22:28:00+00:00,133.42,133.45,133.42,36,133.44,9268,133.449211
2023-01-11 22:30:00+00:00,133.46,133.46,133.43,16,133.45,4111,133.436343
2023-01-11 22:31:00+00:00,133.46,133.46,133.44,19,133.44,1819,133.458131
2023-01-11 22:32:00+00:00,133.46,133.46,133.44,23,133.44,230,133.450935
2023-01-11 22:33:00+00:00,133.47,133.47,133.47,8,133.47,158,133.463513
2023-01-11 22:35:00+00:00,133.47,133.47,133.47,14,133.47,262,133.465821
2023-01-11 22:37:00+00:00,133.47,133.47,133.47,10,133.47,122,133.467172
2023-01-11 22:38:00+00:00,133.45,133.47,133.45,19,133.47,444,133.45795
2023-01-11 22:39:00+00:00,133.47,133.47,133.45,33,133.45,1754,133.454332
2023-01-11 22:40:00+00:00,133.45,133.45,133.43,18,133.45,3947,133.44661
2023-01-11 22:41:00+00:00,133.45,133.45,133.43,23,133.45,1536,133.44349
2023-01-11 22:42:00+00:00,133.43,133.47,133.43,47,133.45,8898,133.445092
2023-01-11 22:43:00+00:00,133.43,133.43,133.43,18,133.43,282,133.431727
2023-01-11 22:44:00+00:00,133.43,133.47,133.43,35,133.47,2273,133.45769
2023-01-11 22:45:00+00:00,133.45,133.47,133.45,10,133.47,513,133.457446
2023-01-11 22:46:00+00:00,133.43,133.43,133.43,24,133.43,318,133.430346
2023-01-11 22:48:00+00:00,133.47,133.47,133.43,36,133.45,2790,133.461733
2023-01-11 22:49:00+00:00,133.43,133.47,133.43,40,133.47,2837,133.439013
2023-01-11 22:50:00+00:00,133.47,133.47,133.45,41,133.45,2460,133.458593
2023-01-11 22:51:00+00:00,133.44,133.47,133.43,97,133.47,3039,133.451169
2023-01-11 22:52:00+00:00,133.43,133.43,133.43,20,133.43,354,133.433277
2023-01-11 22:53:00+00:00,133.43,133.43,133.43,52,133.43,462,133.434351
2023-01-11 22:54:00+00:00,133.45,133.46,133.45,26,133.46,1193,133.457552
2023-01-11 22:55:00+00:00,133.4597,133.4597,133.4597,18,133.4597,4234,133.458882
2023-01-11 22:56:00+00:00,133.43,133.46,133.43,27,133.46,4360,133.458239
2023-01-11 22:57:00+00:00,133.43,133.43,133.43,12,133.43,1211,133.430008
2023-01-11 22:58:00+00:00,133.44,133.44,133.43,21,133.44,10195,133.439719
2023-01-11 22:59:00+00:00,133.44,133.44,133.44,16,133.44,164,133.438476
2023-01-11 23:00:00+00:00,133.46,133.46,133.44,17,133.44,1037,133.441929
2023-01-11 23:01:00+00:00,133.43,133.45,133.43,20,133.45,611,133.445908
2023-01-11 23:02:00+00:00,133.45,133.45,133.44,34,133.45,865,133.442884
2023-01-11 23:05:00+00:00,133.42,133.42,133.42,28,133.42,307,133.420586
2023-01-11 23:06:00+00:00,133.42,133.42,133.41,22,133.41,566,133.416873
2023-01-11 23:08:00+00:00,133.44,133.44,133.44,18,133.44,1016,133.437992
2023-01-11 23:09:00+00:00,133.41,133.41,133.41,15,133.41,1077,133.410232
2023-01-11 23:10:00+00:00,133.4,133.41,133.4,28,133.41,436,133.403372
2023-01-11 23:11:00+00:00,133.41,133.41,133.4,15,133.4,1005,133.406134
2023-01-11 23:12:00+00:00,133.42,133.42,133.4,23,133.4,865,133.410971
2023-01-11 23:14:00+00:00,133.45,133.45,133.44,26,133.44,3450,133.441988
2023-01-11 23:15:00+00:00,133.44,133.44,133.44,17,133.44,1124,133.43871
2023-01-11 23:16:00+00:00,133.4,133.44,133.4,38,133.41,6543,133.408845
2023-01-11 23:17:00+00:00,133.39,133.39,133.39,27,133.39,1199,133.388215
2023-01-11 23:18:00+00:00,133.36,133.39,133.36,25,133.3899,1001,133.381464
2023-01-11 23:19:00+00:00,133.4,133.4,133.4,17,133.4,258,133.390698
2023-01-11 23:21:00+00:00,133.4,133.4,133.4,27,133.4,3064,133.399628
2023-01-11 23:22:00+00:00,133.41,133.44,133.41,22,133.41,569,133.416485
2023-01-11 23:23:00+00:00,133.41,133.41,133.41,18,133.41,293,133.410102
2023-01-11 23:26:00+00:00,133.42,133.42,133.42,16,133.42,124,133.417661
2023-01-11 23:27:00+00:00,133.42,133.42,133.42,32,133.42,1236,133.418111
2023-01-11 23:28:00+00:00,133.41,133.41,133.41,14,133.41,657,133.411705
2023-01-11 23:29:00+00:00,133.43,133.43,133.43,18,133.43,1160,133.42769
2023-01-11 23:30:00+00:00,133.43,133.43,133.43,22,133.43,771,133.43015
2023-01-11 23:34:00+00:00,133.43,133.43,133.43,8,133.43,221,133.425656
2023-01-11 23:35:00+00:00,133.4299,133.4299,133.4299,21,133.4299,699,133.427225
2023-01-11 23:36:00+00:00,133.44,133.44,133.43,21,133.43,469,133.434009
2023-01-11 23:37:00+00:00,133.45,133.45,133.45,23,133.45,362,133.448628
2023-01-11 23:38:00+00:00,133.46,133.46,133.46,28,133.46,500,133.46508
2023-01-11 23:42:00+00:00,133.46,133.46,133.46,24,133.46,740,133.458027
2023-01-11 23:43:00+00:00,133.46,133.46,133.46,18,133.46,330,133.452424
2023-01-11 23:44:00+00:00,133.46,133.46,133.44,38,133.44,1475,133.453281
2023-01-11 23:45:00+00:00,133.44,133.47,133.44,26,133.46,773,133.461766
2023-01-11 23:46:00+00:00,133.47,133.47,133.47,22,133.47,1231,133.466929
2023-01-11 23:49:00+00:00,133.44,133.44,133.44,17,133.44,347,133.443847
2023-01-11 23:50:00+00:00,133.45,133.45,133.45,23,133.45,700,133.448993
2023-01-11 23:51:00+00:00,133.45,133.45,133.45,15,133.45,277,133.449116
2023-01-11 23:52:00+00:00,133.45,133.45,133.45,25,133.45,185,133.446257
2023-01-11 23:53:00+00:00,133.44,133.44,133.44,14,133.44,266,133.442237
2023-01-11 23:54:00+00:00,133.44,133.44,133.44,17,133.44,184,133.442799
2023-01-11 23:55:00+00:00,133.45,133.45,133.45,21,133.45,515,133.449135
2023-01-11 23:57:00+00:00,133.44,133.44,133.44,20,133.44,766,133.442089
2023-01-11 23:58:00+00:00,133.44,133.44,133.43,13,133.43,814,133.437248
2023-01-12 00:00:00+00:00,133.47,133.47,133.44,29,133.45,1317,133.45
2023-01-12 00:02:00+00:00,133.46,133.46,133.46,14,133.46,175,133.459886
2023-01-12 00:04:00+00:00,133.47,133.47,133.44,19,133.44,1175,133.448506
2023-01-12 00:05:00+00:00,133.44,133.44,133.44,20,133.44,1847,133.440739
2023-01-12 00:06:00+00:00,133.42,133.42,133.42,20,133.42,2204,133.421114
2023-01-12 00:07:00+00:00,133.41,133.45,133.41,30,133.45,2444,133.411825
2023-01-12 00:09:00+00:00,133.41,133.41,133.41,13,133.41,326,133.408144
2023-01-12 00:10:00+00:00,133.41,133.41,133.41,12,133.41,1915,133.409995
2023-01-12 00:11:00+00:00,133.4001,133.41,133.4,26,133.41,1375,133.403787
2023-01-12 00:13:00+00:00,133.39,133.39,133.39,17,133.39,166,133.390512
2023-01-12 00:16:00+00:00,133.39,133.39,133.39,11,133.39,269,133.389219
2023-01-12 00:18:00+00:00,133.41,133.41,133.4,12,133.4,1726,133.408117
2023-01-12 00:21:00+00:00,133.4,133.4,133.4,19,133.4,531,133.401149
2023-01-12 00:22:00+00:00,133.4,133.4,133.39,17,133.39,1641,133.390798
2023-01-12 00:23:00+00:00,133.39,133.39,133.39,9,133.39,184,133.392554
2023-01-12 00:24:00+00:00,133.4,133.4,133.39,16,133.39,498,133.395331
2023-01-12 00:26:00+00:00,133.4,133.4,133.4,13,133.4,393,133.398333
2023-01-12 00:27:00+00:00,133.4,133.4,133.39,22,133.39,711,133.39289
2023-01-12 00:28:00+00:00,133.41,133.41,133.39,26,133.4,3606,133.406889
2023-01-12 00:29:00+00:00,133.42,133.42,133.4101,17,133.4101,483,133.417733
2023-01-12 00:30:00+00:00,133.44,133.44,133.44,19,133.44,836,133.437786
2023-01-12 00:31:00+00:00,133.43,133.43,133.42,12,133.43,928,133.428319
2023-01-12 00:32:00+00:00,133.45,133.45,133.43,18,133.43,836,133.434126
2023-01-12 00:33:00+00:00,133.45,133.45,133.45,18,133.45,380,133.449724
2023-01-12 00:34:00+00:00,133.43,133.4599,133.43,17,133.4599,1439,133.442453
2023-01-12 00:36:00+00:00,133.42,133.42,133.42,24,133.42,790,133.425025
2023-01-12 00:37:00+00:00,133.42,133.44,133.42,17,133.44,1130,133.426119
2023-01-12 00:38:00+00:00,133.42,133.42,133.42,13,133.42,1879,133.421248
2023-01-12 00:39:00+00:00,133.42,133.42,133.42,14,133.42,1222,133.420998
2023-01-12 00:40:00+00:00,133.39,133.41,133.39,34,133.41,2544,133.40021
2023-01-12 00:41:00+00:00,133.42,133.42,133.4,23,133.4,2652,133.403083
2023-01-12 00:42:00+00:00,133.41,133.41,133.41,17,133.41,383,133.409948
2023-01-12 00:44:00+00:00,133.42,133.42,133.41,13,133.42,771,133.415279
2023-01-12 00:45:00+00:00,133.43,133.43,133.4,178,133.4,1724,133.405954
2023-01-12 00:46:00+00:00,133.44,133.44,133.42,120,133.42,1261,133.423239
2023-01-12 00:48:00+00:00,133.44,133.44,133.44,20,133.44,1431,133.439113
2023-01-12 00:49:00+00:00,133.4,133.41,133.4,24,133.41,1897,133.406798
2023-01-12 00:50:00+00:00,133.42,133.42,133.41,15,133.41,1654,133.418102
2023-01-12 00:52:00+00:00,133.44,133.44,133.44,24,133.44,559,133.441503
2023-01-12 00:54:00+00:00,133.45,133.48,133.45,37,133.45,2476,133.467302
2023-01-12 00:55:00+00:00,133.48,133.48,133.48,33,133.48,873,133.477101
2023-01-12 00:56:00+00:00,133.45,133.45,133.45,22,133.45,344,133.468358
2023-01-12 00:57:00+00:00,133.48,133.48,133.46,44,133.48,1966,133.478347
2023-01-12 00:58:00+00:00,133.47,133.49,133.47,31,133.49,5610,133.47916
2023-01-12 00:59:00+00:00,133.49,133.49,133.45,182,133.45,4579,133.478986
