timestamp,close,high,low,trade_count,open,volume,vwap
2023-03-16 08:00:00+00:00,153.1,153.1,152.85,49,152.88,2184,152.985678
2023-03-16 08:01:00+00:00,153.2,153.2,152.99,46,152.99,1110,153.092387
2023-03-16 08:02:00+00:00,153.2,153.2,153.2,12,153.2,382,153.217487
2023-03-16 08:03:00+00:00,153.25,153.25,153.1,18,153.1,926,153.211879
2023-03-16 08:04:00+00:00,153.36,153.36,153.28,42,153.28,2712,153.332308
2023-03-16 08:05:00+00:00,153.2,153.44,153.2,93,153.36,3941,153.383466
2023-03-16 08:06:00+00:00,153.3,153.43,153.3,15,153.43,1276,153.322437
2023-03-16 08:07:00+00:00,153.3,153.3,153.26,10,153.26,344,153.284506
2023-03-16 08:11:00+00:00,153.25,153.25,153.25,9,153.25,215,153.245302
2023-03-16 08:12:00+00:00,153.17,153.18,153.17,29,153.18,1775,153.17649
2023-03-16 08:14:00+00:00,153.15,153.15,153.15,11,153.15,332,153.146265
2023-03-16 08:15:00+00:00,153.0,153.08,153.0,37,153.08,1737,153.067369
2023-03-16 08:20:00+00:00,153.14,153.14,153.14,11,153.14,205,153.140976
2023-03-16 08:21:00+00:00,153.14,153.14,153.14,23,153.14,764,153.134581
2023-03-16 08:22:00+00:00,153.15,153.15,153.15,4,153.15,196,153.149388
2023-03-16 08:23:00+00:00,153.1,153.14,153.1,8,153.14,1241,153.103272
2023-03-16 08:25:00+00:00,153.15,153.15,153.15,15,153.15,1049,153.147722
2023-03-16 08:26:00+00:00,153.25,153.25,153.24,15,153.24,536,153.24334
2023-03-16 08:31:00+00:00,153.29,153.29,153.29,6,153.29,564,153.284574
2023-03-16 08:33:00+00:00,153.29,153.29,153.29,4,153.29,229,153.29262
2023-03-16 08:37:00+00:00,153.27,153.27,153.25,16,153.25,827,153.256239
2023-03-16 08:40:00+00:00,153.2,153.2,153.2,8,153.2,410,153.236146
2023-03-16 08:41:00+00:00,153.29,153.29,153.27,6,153.27,963,153.278536
2023-03-16 08:42:00+00:00,153.3,153.3,153.29,23,153.29,2002,153.295774
2023-03-16 08:44:00+00:00,153.35,153.35,153.35,11,153.35,427,153.342389
2023-03-16 08:47:00+00:00,153.32,153.32,153.32,4,153.32,122,153.31877
2023-03-16 08:48:00+00:00,153.27,153.27,153.27,12,153.27,261,153.275172
2023-03-16 08:50:00+00:00,153.17,153.17,153.17,3,153.17,150,153.17
2023-03-16 08:53:00+00:00,153.16,153.16,153.15,7,153.15,353,153.146204
2023-03-16 08:55:00+00:00,153.02,153.03,153.02,13,153.02,2000,153.0245
2023-03-16 09:02:00+00:00,153.15,153.15,153.15,11,153.15,760,153.147895
2023-03-16 09:04:00+00:00,153.03,153.03,153.03,10,153.03,604,153.035911
2023-03-16 09:05:00+00:00,153.03,153.03,153.03,11,153.03,530,153.022208
2023-03-16 09:06:00+00:00,153.0,153.01,153.0,41,153.01,1134,153.002002
2023-03-16 09:12:00+00:00,153.2,153.2,153.2,12,153.2,429,153.173846
2023-03-16 09:13:00+00:00,153.17,153.17,153.17,4,153.17,203,153.160148
2023-03-16 09:17:00+00:00,152.93,152.93,152.93,12,152.93,551,152.957078
2023-03-16 09:19:00+00:00,152.96,152.96,152.96,18,152.96,538,152.951022
2023-03-16 09:20:00+00:00,152.9,152.9,152.9,8,152.9,133,152.905489
2023-03-16 09:21:00+00:00,152.86,152.9,152.86,21,152.9,798,152.882231
2023-03-16 09:22:00+00:00,152.78,152.78,152.78,38,152.78,1415,152.785442
2023-03-16 09:24:00+00:00,152.76,152.76,152.76,27,152.76,714,152.795098
2023-03-16 09:25:00+00:00,152.95,152.95,152.94,31,152.95,2069,152.947579
2023-03-16 09:26:00+00:00,152.95,152.95,152.94,11,152.94,536,152.945541
2023-03-16 09:27:00+00:00,153.02,153.02,152.99,8,152.99,627,152.998102
2023-03-16 09:28:00+00:00,153.02,153.02,153.01,6,153.01,1013,153.018815
2023-03-16 09:34:00+00:00,153.02,153.02,153.02,19,153.02,500,153.01656
2023-03-16 09:37:00+00:00,152.95,152.95,152.95,5,152.95,109,152.952477
2023-03-16 09:41:00+00:00,152.99,152.99,152.99,17,152.99,750,152.960667
2023-03-16 09:42:00+00:00,152.86,152.88,152.86,9,152.88,1539,152.866907
2023-03-16 09:46:00+00:00,152.9,152.9,152.9,2,152.9,250,152.888
2023-03-16 09:52:00+00:00,152.79,152.81,152.79,11,152.81,1335,152.801618
2023-03-16 09:53:00+00:00,152.7,152.78,152.69,28,152.75,3037,152.734781
2023-03-16 09:54:00+00:00,152.81,152.82,152.81,15,152.82,1037,152.818168
2023-03-16 09:55:00+00:00,152.9,152.9,152.9,10,152.9,339,152.895959
2023-03-16 09:57:00+00:00,152.99,152.99,152.99,6,152.99,1170,152.989829
2023-03-16 10:02:00+00:00,152.94,152.94,152.94,7,152.94,212,152.923585
2023-03-16 10:03:00+00:00,152.94,152.94,152.94,11,152.94,939,152.939904
2023-03-16 10:05:00+00:00,152.99,152.99,152.99,1,152.99,100,152.99
2023-03-16 10:09:00+00:00,152.95,152.95,152.95,6,152.95,349,152.951203
2023-03-16 10:12:00+00:00,152.87,152.9,152.87,14,152.9,910,152.886725
2023-03-16 10:15:00+00:00,152.87,152.87,152.87,9,152.87,193,152.862642
2023-03-16 10:18:00+00:00,152.88,152.88,152.88,10,152.88,509,152.86499
2023-03-16 10:19:00+00:00,152.94,152.94,152.94,5,152.94,219,152.941781
2023-03-16 10:22:00+00:00,153.03,153.03,152.93,48,152.93,2672,152.979562
2023-03-16 10:26:00+00:00,152.84,152.84,152.84,2,152.84,479,152.840167
2023-03-16 10:27:00+00:00,152.87,152.87,152.87,44,152.87,998,152.871523
2023-03-16 10:28:00+00:00,152.93,152.93,152.93,18,152.93,558,153.000143
2023-03-16 10:30:00+00:00,152.99,152.99,152.99,8,152.99,1250,152.99
2023-03-16 10:37:00+00:00,153.0,153.0,153.0,6,153.0,473,152.989471
2023-03-16 10:38:00+00:00,153.03,153.03,153.0,19,153.0,861,153.006434
2023-03-16 10:39:00+00:00,153.03,153.03,153.03,23,153.03,1191,153.027355
2023-03-16 10:40:00+00:00,153.03,153.03,153.03,16,153.03,1267,153.03
2023-03-16 10:42:00+00:00,152.96,152.96,152.96,8,152.96,248,152.96254
2023-03-16 10:46:00+00:00,152.98,152.99,152.98,25,152.99,1013,152.987789
2023-03-16 10:49:00+00:00,152.91,152.91,152.91,8,152.91,590,152.905831
2023-03-16 10:50:00+00:00,152.84,152.88,152.84,42,152.88,643,152.839129
2023-03-16 10:52:00+00:00,152.83,152.83,152.83,1,152.83,100,152.83
2023-03-16 10:53:00+00:00,152.71,152.77,152.71,36,152.77,1045,152.693474
2023-03-16 10:55:00+00:00,152.76,152.76,152.75,15,152.75,827,152.749855
2023-03-16 11:00:00+00:00,152.84,152.9,152.68,156,152.9,8354,152.821456
2023-03-16 11:01:00+00:00,152.8,152.82,152.8,50,152.82,2023,152.783322
2023-03-16 11:05:00+00:00,152.72,152.72,152.7,85,152.7,2517,152.675026
2023-03-16 11:06:00+00:00,152.51,152.55,152.51,32,152.55,848,152.556498
2023-03-16 11:08:00+00:00,152.57,152.57,152.55,23,152.57,1099,152.562766
2023-03-16 11:09:00+00:00,152.54,152.54,152.54,30,152.54,1278,152.553388
2023-03-16 11:10:00+00:00,152.63,152.63,152.63,14,152.63,578,152.632855
2023-03-16 11:11:00+00:00,152.53,152.6,152.53,20,152.6,953,152.562172
2023-03-16 11:12:00+00:00,152.54,152.54,152.54,19,152.54,719,152.551864
2023-03-16 11:14:00+00:00,152.56,152.56,152.54,32,152.54,1659,152.548993
2023-03-16 11:21:00+00:00,152.61,152.61,152.54,47,152.55,2511,152.573023
2023-03-16 11:25:00+00:00,152.6,152.6,152.6,37,152.6,1275,152.602133
2023-03-16 11:27:00+00:00,152.6,152.6,152.6,7,152.6,728,152.597857
2023-03-16 11:31:00+00:00,152.69,152.69,152.69,19,152.69,634,152.696656
2023-03-16 11:34:00+00:00,152.84,152.9,152.81,62,152.81,2595,152.843942
2023-03-16 11:36:00+00:00,152.81,152.81,152.81,25,152.81,1143,152.840647
2023-03-16 11:37:00+00:00,152.88,152.88,152.88,25,152.88,1000,152.87674
2023-03-16 11:38:00+00:00,152.88,152.88,152.88,8,152.88,244,152.861475
2023-03-16 11:39:00+00:00,152.87,152.87,152.86,14,152.86,486,152.865165
2023-03-16 11:40:00+00:00,152.89,152.89,152.89,25,152.89,1035,152.88229
2023-03-16 11:42:00+00:00,152.84,152.89,152.83,31,152.86,1372,152.866567
2023-03-16 11:44:00+00:00,152.9,152.9,152.9,9,152.9,213,152.900188
2023-03-16 11:45:00+00:00,152.92,152.92,152.92,39,152.92,1213,152.946546
2023-03-16 11:46:00+00:00,153.11,153.11,152.95,235,152.95,13233,153.020493
2023-03-16 11:47:00+00:00,153.18,153.19,153.17,78,153.17,3189,153.181982
2023-03-16 11:49:00+00:00,153.21,153.21,153.18,71,153.18,4877,153.196393
2023-03-16 11:50:00+00:00,153.25,153.25,153.21,59,153.21,2759,153.239221
2023-03-16 11:51:00+00:00,153.16,153.21,153.16,52,153.21,1148,153.186873
2023-03-16 11:52:00+00:00,153.07,153.1,153.07,38,153.1,1376,153.067834
2023-03-16 11:53:00+00:00,153.05,153.05,153.05,27,153.05,1027,153.048598
2023-03-16 11:54:00+00:00,152.99,153.01,152.99,38,153.01,1236,152.981691
2023-03-16 11:55:00+00:00,152.91,152.95,152.91,15,152.95,1504,152.91615
2023-03-16 11:56:00+00:00,152.95,152.95,152.95,11,152.95,326,152.954724
2023-03-16 11:57:00+00:00,152.98,152.98,152.98,17,152.98,313,152.968051
2023-03-16 11:58:00+00:00,152.96,152.96,152.96,22,152.96,769,152.977139
2023-03-16 12:00:00+00:00,153.0,153.22,152.5,302,152.55,26613,152.92371
2023-03-16 12:01:00+00:00,152.59,153.15,152.28,510,153.05,6807,152.85099
2023-03-16 12:02:00+00:00,153.02,153.08,152.5,196,152.62,4476,152.803809
2023-03-16 12:03:00+00:00,152.99,153.0,152.99,42,153.0,1118,152.985809
2023-03-16 12:04:00+00:00,153.03,153.03,153.03,8,153.03,222,153.018559
2023-03-16 12:05:00+00:00,152.96,152.99,152.96,14,152.99,1531,152.98131
2023-03-16 12:06:00+00:00,152.91,152.9301,152.91,49,152.9301,1540,152.889793
2023-03-16 12:07:00+00:00,152.81,152.81,152.8,22,152.8,1044,152.813506
2023-03-16 12:08:00+00:00,152.84,152.85,152.81,24,152.81,758,152.844354
2023-03-16 12:09:00+00:00,152.8,152.89,152.8,62,152.85,2425,152.841796
2023-03-16 12:10:00+00:00,152.89,152.89,152.8,20,152.8,702,152.869345
2023-03-16 12:11:00+00:00,152.95,152.98,152.9,36,152.9,3965,152.927433
2023-03-16 12:12:00+00:00,152.95,152.95,152.95,35,152.95,626,152.954114
2023-03-16 12:13:00+00:00,152.9698,152.9698,152.9,16,152.9,1605,152.957521
2023-03-16 12:14:00+00:00,153.09,153.09,152.9,56,152.9,2004,153.023752
2023-03-16 12:16:00+00:00,153.17,153.17,153.07,78,153.07,6437,153.131546
2023-03-16 12:17:00+00:00,153.14,153.17,153.14,20,153.17,426,153.142688
2023-03-16 12:18:00+00:00,153.2,153.2,153.1115,52,153.15,3766,153.17389
2023-03-16 12:19:00+00:00,153.17,153.19,153.17,39,153.19,2199,153.170976
2023-03-16 12:20:00+00:00,153.09,153.17,153.04,51,153.1699,4260,153.123645
2023-03-16 12:21:00+00:00,153.04,153.07,153.04,37,153.07,1071,153.063193
2023-03-16 12:22:00+00:00,153.0,153.05,153.0,68,153.0423,4795,153.026136
2023-03-16 12:23:00+00:00,152.9116,152.9116,152.91,22,152.91,2471,152.915128
2023-03-16 12:24:00+00:00,152.93,152.93,152.86,64,152.9,1716,152.893631
2023-03-16 12:25:00+00:00,152.9882,152.9882,152.94,23,152.94,1256,152.967213
2023-03-16 12:26:00+00:00,152.98,152.98,152.97,18,152.97,380,152.972233
2023-03-16 12:27:00+00:00,153.03,153.03,152.99,46,152.99,1858,152.995223
2023-03-16 12:29:00+00:00,152.9501,153.0,152.9501,18,153.0,1607,152.957068
2023-03-16 12:30:00+00:00,153.03,153.03,152.76,72,152.9,6124,152.91605
2023-03-16 12:31:00+00:00,153.0,153.163,152.95,113,153.03,8755,153.051488
2023-03-16 12:32:00+00:00,153.0,153.04,153.0,33,153.02,3964,153.013898
2023-03-16 12:33:00+00:00,152.86,153.05,152.86,108,153.0,13186,152.934987
2023-03-16 12:34:00+00:00,152.91,152.91,152.86,21,152.87,923,152.866567
2023-03-16 12:35:00+00:00,152.8001,152.92,152.8001,45,152.92,5638,152.841953
2023-03-16 12:36:00+00:00,152.78,152.84,152.78,72,152.81,3206,152.818394
2023-03-16 12:37:00+00:00,152.79,152.79,152.7,79,152.77,3571,152.745592
2023-03-16 12:38:00+00:00,152.71,152.7901,152.71,37,152.7901,4288,152.781597
2023-03-16 12:39:00+00:00,152.75,152.77,152.75,74,152.7601,6876,152.764487
2023-03-16 12:40:00+00:00,152.67,152.7,152.64,130,152.7,8642,152.671351
2023-03-16 12:41:00+00:00,152.62,152.65,152.6,72,152.64,4365,152.616342
2023-03-16 12:42:00+00:00,152.11,152.65,152.11,377,152.65,26451,152.444001
2023-03-16 12:43:00+00:00,152.6,152.62,152.2,208,152.32,14573,152.487314
2023-03-16 12:44:00+00:00,152.36,152.6,152.3401,107,152.6,12310,152.478414
2023-03-16 12:45:00+00:00,152.59,152.59,152.38,92,152.4,9510,152.470671
2023-03-16 12:46:00+00:00,152.6,152.64,152.5,107,152.64,11887,152.560936
2023-03-16 12:47:00+00:00,152.56,152.68,152.56,78,152.68,5157,152.59082
2023-03-16 12:48:00+00:00,152.45,152.62,152.45,65,152.56,4154,152.532084
2023-03-16 12:49:00+00:00,152.54,152.57,152.5,43,152.5,2548,152.54267
2023-03-16 12:50:00+00:00,152.53,152.57,152.45,64,152.45,2765,152.519944
2023-03-16 12:51:00+00:00,152.7,152.7,152.57,57,152.59,3683,152.634584
2023-03-16 12:52:00+00:00,152.61,152.71,152.61,44,152.71,2989,152.655674
2023-03-16 12:53:00+00:00,152.64,152.68,152.64,42,152.68,1516,152.643087
2023-03-16 12:54:00+00:00,152.62,152.64,152.62,53,152.64,2338,152.626511
2023-03-16 12:55:00+00:00,152.43,152.63,152.4,149,152.63,6652,152.516463
2023-03-16 12:56:00+00:00,152.5,152.5399,152.42,65,152.42,2532,152.474925
2023-03-16 12:57:00+00:00,152.4496,152.54,152.42,45,152.5,3555,152.463025
2023-03-16 12:58:00+00:00,152.54,152.54,152.48,37,152.48,1657,152.537625
2023-03-16 12:59:00+00:00,152.55,152.6,152.55,50,152.6,1735,152.569127
2023-03-16 13:00:00+00:00,152.5,152.58,152.5,52,152.58,1924,152.546973
2023-03-16 13:01:00+00:00,152.52,152.52,152.5,28,152.51,1161,152.50393
2023-03-16 13:02:00+00:00,152.36,152.5,152.36,93,152.5,9762,152.410303
2023-03-16 13:03:00+00:00,152.37,152.37,152.31,64,152.34,3188,152.328695
2023-03-16 13:04:00+00:00,152.4,152.4,152.37,47,152.37,2064,152.374395
2023-03-16 13:05:00+00:00,152.57,152.6,152.39,76,152.39,5662,152.479236
2023-03-16 13:06:00+00:00,152.69,152.69,152.63,92,152.64,3081,152.6305
2023-03-16 13:07:00+00:00,152.62,152.62,152.62,37,152.62,834,152.641413
2023-03-16 13:08:00+00:00,152.64,152.69,152.63,94,152.68,5046,152.667365
2023-03-16 13:09:00+00:00,152.71,152.71,152.64,197,152.64,11233,152.669721
2023-03-16 13:10:00+00:00,152.7,152.75,152.7,62,152.73,3318,152.723999
2023-03-16 13:11:00+00:00,152.71,152.72,152.69,64,152.7,5084,152.709353
2023-03-16 13:12:00+00:00,152.73,152.77,152.7,31,152.7,2134,152.721915
2023-03-16 13:13:00+00:00,152.66,152.74,152.66,44,152.74,1772,152.712506
2023-03-16 13:14:00+00:00,152.55,152.65,152.55,165,152.65,11752,152.610343
2023-03-16 13:15:00+00:00,152.3,152.55,152.1,354,152.55,19948,152.268492
2023-03-16 13:16:00+00:00,152.23,152.42,152.23,253,152.3778,13806,152.37797
2023-03-16 13:17:00+00:00,152.4,152.53,152.21,199,152.33,12914,152.367466
2023-03-16 13:18:00+00:00,152.47,152.6,152.4,178,152.4,10117,152.477478
2023-03-16 13:19:00+00:00,152.42,152.45,152.42,122,152.43,7181,152.425525
2023-03-16 13:20:00+00:00,152.2001,152.3788,152.19,173,152.37,14455,152.221191
2023-03-16 13:21:00+00:00,152.33,152.33,152.16,82,152.19,3344,152.218685
2023-03-16 13:22:00+00:00,152.36,152.36,152.26,97,152.32,4326,152.296373
2023-03-16 13:23:00+00:00,152.26,152.32,152.25,78,152.3,4634,152.275558
2023-03-16 13:24:00+00:00,152.34,152.34,152.3,86,152.3,2554,152.306429
2023-03-16 13:25:00+00:00,152.32,152.51,152.17,144,152.17,7260,152.428426
2023-03-16 13:26:00+00:00,152.54,152.54,152.28,82,152.3,3403,152.36149
2023-03-16 13:27:00+00:00,152.04,152.376,152.04,231,152.36,20053,152.216752
2023-03-16 13:28:00+00:00,152.11,152.21,152.01,164,152.06,13244,152.106397
2023-03-16 13:29:00+00:00,152.15,152.19,152.03,226,152.13,19040,152.082948
2023-03-16 13:30:00+00:00,152.33,152.67,152.12,5458,152.15,1423066,152.230117
2023-03-16 13:31:00+00:00,152.01,152.42,151.98,2116,152.31,215510,152.224917
2023-03-16 13:32:00+00:00,151.915,152.16,151.8,2307,152.03,233812,151.940143
2023-03-16 13:33:00+00:00,152.015,152.1386,151.89,1422,151.9,146485,152.043056
2023-03-16 13:34:00+00:00,152.1201,152.15,151.995,1595,152.03,153225,152.077289
2023-03-16 13:35:00+00:00,152.04,152.255,151.96,1963,152.1375,196318,152.072778
2023-03-16 13:36:00+00:00,151.74,152.05,151.65,2329,152.04,242578,151.791478
2023-03-16 13:37:00+00:00,151.7301,151.77,151.64,1821,151.74,186539,151.714834
2023-03-16 13:38:00+00:00,152.1309,152.14,151.74,2128,151.74,219583,152.009161
2023-03-16 13:39:00+00:00,152.34,152.35,152.0,2152,152.13,226716,152.176145
2023-03-16 13:40:00+00:00,152.3912,152.42,152.2,2179,152.33,243823,152.317051
2023-03-16 13:41:00+00:00,152.47,152.47,152.21,1939,152.4022,204269,152.330301
2023-03-16 13:42:00+00:00,152.3,152.48,152.28,1455,152.4722,124900,152.390332
2023-03-16 13:43:00+00:00,152.4701,152.595,152.29,1692,152.29,183533,152.473948
2023-03-16 13:44:00+00:00,152.53,152.725,152.455,1634,152.47,166522,152.571672
2023-03-16 13:45:00+00:00,152.45,152.6999,152.41,1570,152.53,175149,152.552423
2023-03-16 13:46:00+00:00,152.1762,152.47,152.14,2821,152.44,200833,152.294488
2023-03-16 13:47:00+00:00,152.25,152.35,152.09,3149,152.1799,158472,152.235921
2023-03-16 13:48:00+00:00,152.2,152.3655,152.17,2975,152.265,97649,152.251409
2023-03-16 13:49:00+00:00,152.355,152.44,152.1899,3586,152.21,136354,152.342452
2023-03-16 13:50:00+00:00,152.59,152.608,152.325,3089,152.36,168783,152.496577
2023-03-16 13:51:00+00:00,152.66,152.66,152.5,1893,152.57,126238,152.567944
2023-03-16 13:52:00+00:00,152.75,152.76,152.55,2783,152.67,129042,152.643644
2023-03-16 13:53:00+00:00,152.92,152.9588,152.635,3579,152.75,178895,152.779283
2023-03-16 13:54:00+00:00,152.8182,152.99,152.77,4108,152.94,186074,152.880247
2023-03-16 13:55:00+00:00,152.745,152.8,152.63,3565,152.8,135827,152.701587
2023-03-16 13:56:00+00:00,152.99,153.02,152.74,4311,152.745,233419,152.939173
2023-03-16 13:57:00+00:00,153.08,153.13,152.93,3762,152.9774,222009,153.024191
2023-03-16 13:58:00+00:00,153.06,153.1099,152.95,3410,153.08,173884,153.032801
2023-03-16 13:59:00+00:00,153.155,153.22,153.03,3428,153.09,187179,153.120087
2023-03-16 14:00:00+00:00,153.16,153.1996,152.96,3912,153.14,192121,153.094132
2023-03-16 14:01:00+00:00,153.38,153.53,153.13,4747,153.16,446212,153.241344
2023-03-16 14:02:00+00:00,153.37,153.39,153.22,3211,153.37,154680,153.298053
2023-03-16 14:03:00+00:00,153.3,153.45,153.27,3088,153.3799,184563,153.348813
2023-03-16 14:04:00+00:00,153.275,153.42,153.2458,2590,153.3,171286,153.34789
2023-03-16 14:05:00+00:00,153.11,153.29,153.05,2134,153.275,174900,153.162255
2023-03-16 14:06:00+00:00,152.97,153.11,152.86,2086,153.11,237997,152.958076
2023-03-16 14:07:00+00:00,153.04,153.05,152.88,2677,152.98,170107,152.989559
2023-03-16 14:08:00+00:00,152.9503,153.198,152.94,3245,153.05,203133,153.079085
2023-03-16 14:09:00+00:00,152.85,153.0299,152.82,3751,152.94,177603,152.919921
2023-03-16 14:10:00+00:00,153.108,153.13,152.85,3466,152.8551,225048,153.018715
2023-03-16 14:11:00+00:00,153.19,153.23,153.07,3628,153.11,144213,153.151799
2023-03-16 14:12:00+00:00,153.21,153.31,153.1701,3466,153.2,170333,153.234888
2023-03-16 14:13:00+00:00,153.24,153.34,153.15,2421,153.21,154685,153.251892
2023-03-16 14:14:00+00:00,153.21,153.31,153.12,2502,153.24,121983,153.231975
2023-03-16 14:15:00+00:00,153.04,153.26,153.014,3100,153.2,124010,153.126047
2023-03-16 14:16:00+00:00,152.88,153.1,152.87,3646,153.0401,150896,153.008081
2023-03-16 14:17:00+00:00,152.91,152.95,152.81,3839,152.87,163496,152.879088
2023-03-16 14:18:00+00:00,152.77,152.9032,152.75,3217,152.9,112933,152.820784
2023-03-16 14:19:00+00:00,152.8699,152.89,152.77,2418,152.77,92119,152.852283
2023-03-16 14:20:00+00:00,152.92,153.0,152.74,1535,152.8604,111676,152.884195
2023-03-16 14:21:00+00:00,153.05,153.11,152.87,1318,152.92,123240,153.009459
2023-03-16 14:22:00+00:00,153.14,153.168,152.94,1357,153.04,129735,153.075814
2023-03-16 14:23:00+00:00,153.105,153.24,153.105,1165,153.16,114373,153.173192
2023-03-16 14:24:00+00:00,153.1988,153.22,153.06,1286,153.1,134353,153.138957
2023-03-16 14:25:00+00:00,153.36,153.38,153.15,1729,153.2,199455,153.266358
2023-03-16 14:26:00+00:00,153.24,153.35,153.1801,1046,153.34,99755,153.281721
2023-03-16 14:27:00+00:00,153.265,153.31,153.2,925,153.22,82036,153.259506
2023-03-16 14:28:00+00:00,153.2788,153.29,153.2057,1153,153.26,94134,153.245581
2023-03-16 14:29:00+00:00,153.23,153.33,153.1301,1196,153.29,106831,153.215749
2023-03-16 14:30:00+00:00,153.12,153.212,152.985,1784,153.21,163396,153.082574
2023-03-16 14:31:00+00:00,153.12,153.29,153.06,1378,153.13,147683,153.17864
2023-03-16 14:32:00+00:00,153.13,153.26,153.0,1186,153.12,106972,153.123153
2023-03-16 14:33:00+00:00,152.97,153.19,152.93,1175,153.135,104502,153.030272
2023-03-16 14:34:00+00:00,153.03,153.16,152.96,1099,152.97,123363,153.02348
2023-03-16 14:35:00+00:00,153.1,153.15,152.98,984,153.04,86381,153.087545
2023-03-16 14:36:00+00:00,153.0,153.27,152.98,1655,153.11,154542,153.149122
2023-03-16 14:37:00+00:00,153.01,153.0395,152.92,1105,152.99,143374,153.023707
2023-03-16 14:38:00+00:00,153.0499,153.06,152.84,1302,153.02,150038,152.943537
2023-03-16 14:39:00+00:00,153.07,153.1078,152.99,983,153.05,81400,153.060834
2023-03-16 14:40:00+00:00,153.27,153.28,153.01,1276,153.05,138930,153.164006
2023-03-16 14:41:00+00:00,153.55,153.73,153.23,3585,153.27,404773,153.47884
2023-03-16 14:42:00+00:00,153.44,153.71,153.44,1874,153.56,226169,153.572705
2023-03-16 14:43:00+00:00,153.535,153.5499,153.3,1469,153.45,201498,153.406256
2023-03-16 14:44:00+00:00,153.55,153.61,153.46,1207,153.535,134444,153.534457
2023-03-16 14:45:00+00:00,153.63,153.665,153.4803,1434,153.55,182853,153.579362
2023-03-16 14:46:00+00:00,153.66,153.66,153.57,1243,153.64,117578,153.624205
2023-03-16 14:47:00+00:00,153.7553,153.9,153.62,2495,153.6699,250414,153.787235
2023-03-16 14:48:00+00:00,153.8601,153.89,153.71,1576,153.76,160869,153.79838
2023-03-16 14:49:00+00:00,153.8,154.08,153.74,4790,153.865,531383,153.945768
2023-03-16 14:50:00+00:00,153.98,154.0,153.775,1807,153.81,257611,153.905268
2023-03-16 14:51:00+00:00,154.0,154.03,153.92,1871,153.99,190748,153.976228
2023-03-16 14:52:00+00:00,154.07,154.15,153.96,2125,154.0,255620,154.075758
2023-03-16 14:53:00+00:00,153.9,154.119,153.87,2611,154.09,280671,153.992425
2023-03-16 14:54:00+00:00,153.888,154.07,153.845,2114,153.9,215538,153.945144
2023-03-16 14:55:00+00:00,154.2,154.29,153.87,2577,153.88,299438,154.140215
2023-03-16 14:56:00+00:00,154.05,154.24,154.01,1828,154.21,204717,154.124927
2023-03-16 14:57:00+00:00,154.0899,154.2959,154.05,1514,154.06,201666,154.179577
2023-03-16 14:58:00+00:00,153.9671,154.18,153.96,2561,154.095,286742,154.060238
2023-03-16 14:59:00+00:00,154.088,154.12,153.89,1397,153.96,119057,154.006913
2023-03-16 15:00:00+00:00,154.09,154.22,154.08,1940,154.08,171540,154.159484
2023-03-16 15:01:00+00:00,154.019,154.125,153.95,1401,154.08,131937,154.053335
2023-03-16 15:02:00+00:00,154.04,154.16,154.03,1141,154.03,115309,154.088434
2023-03-16 15:03:00+00:00,153.99,154.06,153.89,1414,154.05,149490,153.984552
2023-03-16 15:04:00+00:00,154.04,154.09,153.99,954,154.0,84924,154.032737
2023-03-16 15:05:00+00:00,153.9242,154.05,153.72,2074,154.04,203386,153.871981
2023-03-16 15:06:00+00:00,154.1201,154.14,153.9155,1366,153.93,136336,154.006015
2023-03-16 15:07:00+00:00,154.28,154.2862,154.1,1537,154.14,178757,154.176815
2023-03-16 15:08:00+00:00,154.53,154.59,154.21,3468,154.2878,353036,154.453574
2023-03-16 15:09:00+00:00,154.34,154.555,154.33,1415,154.542,145270,154.434051
2023-03-16 15:10:00+00:00,154.43,154.495,154.29,1161,154.33,134562,154.400232
2023-03-16 15:11:00+00:00,154.4999,154.55,154.42,1518,154.43,209367,154.483784
2023-03-16 15:12:00+00:00,154.39,154.51,154.35,1560,154.48,176753,154.446826
2023-03-16 15:13:00+00:00,154.18,154.41,154.18,1327,154.3885,139801,154.297164
2023-03-16 15:14:00+00:00,154.23,154.29,154.11,1197,154.18,122881,154.221883
2023-03-16 15:15:00+00:00,154.1976,154.26,154.14,974,154.24,263402,154.163789
2023-03-16 15:16:00+00:00,154.21,154.32,154.1,1886,154.1847,204712,154.208046
2023-03-16 15:17:00+00:00,154.29,154.3,154.19,1092,154.21,123081,154.246045
2023-03-16 15:18:00+00:00,154.1377,154.29,153.97,2088,154.29,228083,154.101491
2023-03-16 15:19:00+00:00,154.13,154.23,154.05,1378,154.145,170260,154.147632
2023-03-16 15:20:00+00:00,154.035,154.35,154.0,2317,154.13,303496,154.148658
2023-03-16 15:21:00+00:00,154.07,154.16,154.01,1172,154.06,116672,154.083311
2023-03-16 15:22:00+00:00,153.995,154.17,153.99,1438,154.08,163738,154.064301
2023-03-16 15:23:00+00:00,153.8688,154.0,153.71,2934,153.99,292776,153.84878
2023-03-16 15:24:00+00:00,153.96,153.97,153.83,1352,153.88,134984,153.904933
2023-03-16 15:25:00+00:00,154.1,154.18,153.92,2101,153.96,227939,154.089004
2023-03-16 15:26:00+00:00,154.1412,154.49,154.07,2810,154.09,310364,154.234458
2023-03-16 15:27:00+00:00,154.34,154.35,154.11,1047,154.145,104294,154.213166
2023-03-16 15:28:00+00:00,154.42,154.45,154.28,1292,154.3407,146791,154.374915
2023-03-16 15:29:00+00:00,154.36,154.45,154.14,2093,154.45,220057,154.320694
2023-03-16 15:30:00+00:00,154.46,154.53,154.37,1682,154.3867,179843,154.456415
2023-03-16 15:31:00+00:00,154.41,154.465,154.35,1327,154.46,122435,154.399142
2023-03-16 15:32:00+00:00,154.46,154.49,154.26,1923,154.41,191753,154.383253
2023-03-16 15:33:00+00:00,154.23,154.4856,154.17,2086,154.46,280672,154.353066
2023-03-16 15:34:00+00:00,154.14,154.25,154.05,1758,154.23,151021,154.165015
2023-03-16 15:35:00+00:00,154.44,154.45,154.15,1190,154.15,123877,154.313022
2023-03-16 15:36:00+00:00,154.56,154.5784,154.4301,1626,154.4301,177137,154.51573
2023-03-16 15:37:00+00:00,154.62,154.655,154.4431,1691,154.56,197468,154.583043
2023-03-16 15:38:00+00:00,154.7,154.71,154.47,1422,154.62,163270,154.611965
2023-03-16 15:39:00+00:00,154.74,154.78,154.59,1702,154.71,198099,154.708643
2023-03-16 15:40:00+00:00,154.905,154.92,154.72,1884,154.75,204945,154.83982
2023-03-16 15:41:00+00:00,154.97,155.0,154.9,2864,154.9044,424281,154.966384
2023-03-16 15:42:00+00:00,154.95,155.05,154.94,6908,154.97,929869,154.992873
2023-03-16 15:43:00+00:00,155.01,155.05,154.83,1911,154.95,211053,154.96604
2023-03-16 15:44:00+00:00,155.03,155.04,154.93,1183,155.0,112314,154.982781
2023-03-16 15:45:00+00:00,154.825,155.0499,154.74,2733,155.03,318782,154.864012
2023-03-16 15:46:00+00:00,154.8002,154.84,154.675,1120,154.82,151165,154.770757
2023-03-16 15:47:00+00:00,154.78,154.9146,154.76,1103,154.8003,119383,154.835559
2023-03-16 15:48:00+00:00,154.875,154.89,154.71,1302,154.78,122838,154.818675
2023-03-16 15:49:00+00:00,154.87,154.91,154.835,1028,154.8793,94674,154.873685
2023-03-16 15:50:00+00:00,154.89,154.9,154.8,1139,154.8666,95187,154.845626
2023-03-16 15:51:00+00:00,154.7681,154.9,154.75,1196,154.89,119095,154.829196
2023-03-16 15:52:00+00:00,154.8238,154.86,154.73,892,154.77,109364,154.789528
2023-03-16 15:53:00+00:00,154.83,154.89,154.71,1348,154.8347,146735,154.79309
2023-03-16 15:54:00+00:00,154.83,154.87,154.78,864,154.83,81394,154.827673
2023-03-16 15:55:00+00:00,154.837,154.85,154.77,945,154.8299,103978,154.820126
2023-03-16 15:56:00+00:00,155.1486,155.25,154.82,2523,154.83,258691,155.01538
2023-03-16 15:57:00+00:00,155.47,155.47,155.15,3003,155.15,318316,155.303749
2023-03-16 15:58:00+00:00,155.1829,155.49,155.17,1957,155.46,205815,155.328868
2023-03-16 15:59:00+00:00,155.2,155.2592,155.1119,1372,155.1896,138718,155.175418
2023-03-16 16:00:00+00:00,155.28,155.29,155.1168,1192,155.18,124453,155.201697
2023-03-16 16:01:00+00:00,155.31,155.34,155.22,1451,155.2899,123561,155.266089
2023-03-16 16:02:00+00:00,155.16,155.31,155.13,1228,155.31,123124,155.216436
2023-03-16 16:03:00+00:00,155.0965,155.156,154.9856,1870,155.15,231380,155.085548
2023-03-16 16:04:00+00:00,155.21,155.23,155.09,1359,155.09,198900,155.171231
2023-03-16 16:05:00+00:00,155.1486,155.25,155.13,1117,155.21,129491,155.189621
2023-03-16 16:06:00+00:00,155.0316,155.22,155.03,1364,155.1361,140296,155.109092
2023-03-16 16:07:00+00:00,155.032,155.1,154.97,1408,155.03,143157,155.043617
2023-03-16 16:08:00+00:00,154.975,155.09,154.96,1788,155.03,214236,155.02346
2023-03-16 16:09:00+00:00,154.8701,154.99,154.76,2094,154.98,241624,154.870768
2023-03-16 16:10:00+00:00,154.63,154.93,154.5901,2997,154.875,360477,154.750792
2023-03-16 16:11:00+00:00,154.52,154.66,154.51,2117,154.64,233213,154.600942
2023-03-16 16:12:00+00:00,154.47,154.65,154.28,1938,154.54,216636,154.490239
2023-03-16 16:13:00+00:00,154.52,154.59,154.41,1262,154.47,141365,154.500421
2023-03-16 16:14:00+00:00,154.65,154.66,154.51,1143,154.51,120260,154.613739
2023-03-16 16:15:00+00:00,154.63,154.7,154.59,1496,154.6515,255337,154.657605
2023-03-16 16:16:00+00:00,154.76,154.79,154.625,1237,154.625,172711,154.710342
2023-03-16 16:17:00+00:00,154.69,154.8,154.65,1118,154.75,102006,154.716996
2023-03-16 16:18:00+00:00,154.835,154.8399,154.68,960,154.69,88373,154.768775
2023-03-16 16:19:00+00:00,154.8302,154.87,154.7259,1108,154.84,152535,154.798632
2023-03-16 16:20:00+00:00,154.9,154.9299,154.82,1086,154.83,134378,154.880477
2023-03-16 16:21:00+00:00,154.9286,154.945,154.84,940,154.8967,86425,154.895284
2023-03-16 16:22:00+00:00,154.795,154.9489,154.78,973,154.93,113806,154.870009
2023-03-16 16:23:00+00:00,154.87,154.92,154.7604,887,154.79,97058,154.846178
2023-03-16 16:24:00+00:00,154.845,154.8899,154.8125,726,154.87,65237,154.849523
2023-03-16 16:25:00+00:00,154.82,154.87,154.79,1002,154.84,123002,154.83326
2023-03-16 16:26:00+00:00,154.946,154.98,154.75,1166,154.815,113868,154.879842
2023-03-16 16:27:00+00:00,154.96,154.96,154.81,922,154.94,104942,154.901339
2023-03-16 16:28:00+00:00,154.83,154.97,154.8098,907,154.96,92631,154.88809
2023-03-16 16:29:00+00:00,154.81,154.86,154.71,1042,154.83,94702,154.789495
2023-03-16 16:30:00+00:00,154.77,154.87,154.73,1049,154.81,103896,154.797225
2023-03-16 16:31:00+00:00,154.645,154.78,154.63,1062,154.755,108163,154.684511
2023-03-16 16:32:00+00:00,154.7185,154.74,154.645,755,154.645,83329,154.692745
2023-03-16 16:33:00+00:00,154.68,154.78,154.67,820,154.72,78455,154.735215
2023-03-16 16:34:00+00:00,154.74,154.75,154.66,834,154.68,86052,154.707274
2023-03-16 16:35:00+00:00,154.65,154.74,154.52,1275,154.74,122092,154.612882
2023-03-16 16:36:00+00:00,154.5327,154.69,154.52,851,154.66,84260,154.584648
2023-03-16 16:37:00+00:00,154.5088,154.6,154.36,2162,154.53,221944,154.486982
2023-03-16 16:38:00+00:00,154.65,154.675,154.5,858,154.5,157690,154.644306
2023-03-16 16:39:00+00:00,154.76,154.77,154.65,884,154.663,89298,154.721555
2023-03-16 16:40:00+00:00,154.69,154.77,154.655,892,154.75,78837,154.714708
2023-03-16 16:41:00+00:00,154.79,154.79,154.68,771,154.7,86584,154.755943
2023-03-16 16:42:00+00:00,154.77,154.83,154.74,876,154.785,95583,154.778584
2023-03-16 16:43:00+00:00,154.75,154.8,154.7401,818,154.77,83837,154.77163
2023-03-16 16:44:00+00:00,154.81,154.85,154.72,943,154.77,106229,154.793214
2023-03-16 16:45:00+00:00,154.69,154.82,154.68,889,154.82,106762,154.743716
2023-03-16 16:46:00+00:00,154.795,154.86,154.65,1746,154.695,201089,154.752792
2023-03-16 16:47:00+00:00,154.79,154.83,154.7,1143,154.79,110193,154.752594
2023-03-16 16:48:00+00:00,154.825,154.89,154.8,857,154.8,102797,154.838795
2023-03-16 16:49:00+00:00,154.84,154.91,154.78,1192,154.83,111492,154.841264
2023-03-16 16:50:00+00:00,155.0423,155.18,154.84,3706,154.84,388244,155.036695
2023-03-16 16:51:00+00:00,154.9223,155.09,154.81,2585,155.03,295220,154.966697
2023-03-16 16:52:00+00:00,155.0533,155.17,154.92,1732,154.92,184350,155.081142
2023-03-16 16:53:00+00:00,154.88,155.14,154.75,2391,155.06,230595,154.93309
2023-03-16 16:54:00+00:00,154.84,154.9581,154.7,2412,154.8807,248723,154.79088
2023-03-16 16:55:00+00:00,155.0499,155.05,154.8249,1269,154.83,152694,154.927913
2023-03-16 16:56:00+00:00,155.06,155.1199,155.0101,1170,155.0467,130059,155.065036
2023-03-16 16:57:00+00:00,155.16,155.18,155.05,1161,155.06,121167,155.134131
2023-03-16 16:58:00+00:00,155.0201,155.2,154.965,2155,155.15,253853,155.129
2023-03-16 16:59:00+00:00,155.1071,155.15,155.03,896,155.03,108822,155.093154
2023-03-16 17:00:00+00:00,155.11,155.14,155.08,939,155.1,78757,155.101735
2023-03-16 17:01:00+00:00,155.08,155.2,154.87,1745,155.115,159084,155.065542
2023-03-16 17:02:00+00:00,155.13,155.15,155.03,867,155.07,80227,155.091712
2023-03-16 17:03:00+00:00,155.1,155.13,155.01,965,155.11,105657,155.07656
2023-03-16 17:04:00+00:00,155.2,155.26,155.06,1708,155.09,201961,155.146928
2023-03-16 17:05:00+00:00,155.2001,155.22,155.14,1091,155.2,135612,155.177229
2023-03-16 17:06:00+00:00,155.1341,155.23,155.07,1365,155.19,167873,155.148448
2023-03-16 17:07:00+00:00,155.1103,155.19,155.06,1071,155.135,102573,155.130883
2023-03-16 17:08:00+00:00,155.03,155.15,154.93,1156,155.1,105926,155.043411
2023-03-16 17:09:00+00:00,154.945,155.03,154.92,1104,155.025,105030,154.965981
2023-03-16 17:10:00+00:00,154.9,154.99,154.87,1315,154.94,128589,154.931415
2023-03-16 17:11:00+00:00,154.99,154.99,154.8799,859,154.89,77088,154.937523
2023-03-16 17:12:00+00:00,154.97,155.02,154.94,803,154.99,57454,154.984699
2023-03-16 17:13:00+00:00,154.9,155.02,154.87,1116,154.96,113712,154.957377
2023-03-16 17:14:00+00:00,154.87,154.99,154.85,910,154.9,85780,154.913697
2023-03-16 17:15:00+00:00,154.58,154.9,154.4,3151,154.87,329238,154.620993
2023-03-16 17:16:00+00:00,154.59,154.64,154.53,1277,154.58,123891,154.578015
2023-03-16 17:17:00+00:00,154.53,154.6,154.47,1081,154.59,117891,154.52058
2023-03-16 17:18:00+00:00,154.4917,154.61,154.49,891,154.53,83810,154.546952
2023-03-16 17:19:00+00:00,154.71,154.71,154.48,970,154.49,102204,154.610554
2023-03-16 17:20:00+00:00,154.732,154.75,154.675,974,154.71,97970,154.721709
2023-03-16 17:21:00+00:00,154.8358,154.85,154.69,1178,154.73,142276,154.78869
2023-03-16 17:22:00+00:00,154.89,154.95,154.82,1169,154.84,126244,154.881887
2023-03-16 17:23:00+00:00,154.895,154.91,154.84,803,154.885,81019,154.879149
2023-03-16 17:24:00+00:00,155.025,155.03,154.9,1255,154.9,128968,154.973315
2023-03-16 17:25:00+00:00,155.0179,155.05,154.97,964,155.025,100320,155.001105
2023-03-16 17:26:00+00:00,154.995,155.05,154.965,845,155.02,91692,155.003006
2023-03-16 17:27:00+00:00,154.98,155.03,154.92,971,155.0,101439,154.978109
2023-03-16 17:28:00+00:00,155.04,155.09,154.985,1005,154.985,94182,155.048411
2023-03-16 17:29:00+00:00,155.0,155.06,154.99,858,155.045,84832,155.024418
2023-03-16 17:30:00+00:00,155.03,155.045,154.9801,1089,155.0,79548,155.017882
2023-03-16 17:31:00+00:00,155.061,155.09,154.99,1020,155.027,91321,155.041159
2023-03-16 17:32:00+00:00,154.8999,155.0801,154.88,1200,155.06,111580,154.991312
2023-03-16 17:33:00+00:00,154.9,154.94,154.82,818,154.895,83879,154.87884
2023-03-16 17:34:00+00:00,154.9501,154.975,154.895,694,154.9099,68634,154.930621
2023-03-16 17:35:00+00:00,154.8499,154.955,154.84,820,154.9503,76212,154.871664
2023-03-16 17:36:00+00:00,154.82,154.87,154.7801,855,154.8401,80980,154.818837
2023-03-16 17:37:00+00:00,154.87,154.905,154.8,768,154.82,70926,154.860833
2023-03-16 17:38:00+00:00,154.8375,154.91,154.75,984,154.865,112652,154.817122
2023-03-16 17:39:00+00:00,154.97,154.97,154.81,748,154.85,63180,154.909789
2023-03-16 17:40:00+00:00,154.98,155.0484,154.9599,942,154.9633,87437,155.005759
2023-03-16 17:41:00+00:00,155.0953,155.11,154.96,1031,154.98,113635,155.060086
2023-03-16 17:42:00+00:00,155.02,155.15,155.0,891,155.09,90901,155.087629
2023-03-16 17:43:00+00:00,154.985,155.04,154.94,780,155.03,88439,154.974826
2023-03-16 17:44:00+00:00,155.04,155.04,154.935,780,154.98,78028,154.981043
2023-03-16 17:45:00+00:00,155.06,155.12,155.03,973,155.0401,80396,155.072586
2023-03-16 17:46:00+00:00,155.17,155.17,155.06,868,155.06,80846,155.116655
2023-03-16 17:47:00+00:00,155.155,155.2,155.125,1204,155.17,117848,155.168807
2023-03-16 17:48:00+00:00,155.156,155.16,155.06,751,155.15,71036,155.121429
2023-03-16 17:49:00+00:00,155.105,155.21,155.09,926,155.15,82804,155.16475
2023-03-16 17:50:00+00:00,154.99,155.13,154.77,2225,155.11,207860,154.95303
2023-03-16 17:51:00+00:00,155.1342,155.17,154.99,1365,154.99,130176,155.086974
2023-03-16 17:52:00+00:00,155.2506,155.2506,155.12,1073,155.13,111682,155.212089
2023-03-16 17:53:00+00:00,155.1384,155.26,155.1001,1001,155.26,115627,155.179685
2023-03-16 17:54:00+00:00,155.232,155.25,155.11,850,155.13,80330,155.176309
2023-03-16 17:55:00+00:00,155.2701,155.28,155.19,993,155.23,104387,155.243191
2023-03-16 17:56:00+00:00,155.3851,155.39,155.19,1435,155.2704,133187,155.290554
2023-03-16 17:57:00+00:00,155.32,155.4,155.3008,1120,155.3881,112331,155.361639
2023-03-16 17:58:00+00:00,155.3085,155.33,155.25,983,155.3101,96553,155.295414
2023-03-16 17:59:00+00:00,155.31,155.3335,155.27,667,155.305,52792,155.307066
2023-03-16 18:00:00+00:00,155.135,155.32,155.135,1094,155.31,117013,155.227509
2023-03-16 18:01:00+00:00,155.23,155.24,155.11,901,155.14,98484,155.16505
2023-03-16 18:02:00+00:00,155.21,155.2385,155.11,1036,155.2385,109104,155.176866
2023-03-16 18:03:00+00:00,155.255,155.29,155.18,942,155.205,91261,155.230772
2023-03-16 18:04:00+00:00,155.2,155.31,155.1801,1099,155.26,110713,155.240757
2023-03-16 18:05:00+00:00,155.09,155.24,155.08,1282,155.21,131916,155.160596
2023-03-16 18:06:00+00:00,154.9999,155.12,154.955,1652,155.1,179388,155.029471
2023-03-16 18:07:00+00:00,155.17,155.21,154.98,1244,155.0,120995,155.096893
2023-03-16 18:08:00+00:00,155.1705,155.2,155.13,748,155.1698,60367,155.162464
2023-03-16 18:09:00+00:00,155.26,155.28,155.15,1044,155.18,99777,155.214736
2023-03-16 18:10:00+00:00,155.23,155.32,155.22,1015,155.27,130606,155.288645
2023-03-16 18:11:00+00:00,155.2501,155.3299,155.2296,783,155.24,68839,155.284049
2023-03-16 18:12:00+00:00,155.23,155.26,155.155,1051,155.25,72440,155.201201
2023-03-16 18:13:00+00:00,155.18,155.23,155.17,810,155.22,53732,155.196381
2023-03-16 18:14:00+00:00,155.11,155.185,155.075,1063,155.185,107577,155.138838
2023-03-16 18:15:00+00:00,155.09,155.1299,155.015,1064,155.12,97768,155.072128
2023-03-16 18:16:00+00:00,155.02,155.15,154.99,1366,155.09,131152,155.068229
2023-03-16 18:17:00+00:00,155.05,155.08,154.9,1810,155.03,178526,155.005672
2023-03-16 18:18:00+00:00,155.12,155.13,155.05,952,155.05,81194,155.096505
2023-03-16 18:19:00+00:00,155.16,155.2,155.11,860,155.115,76572,155.151068
2023-03-16 18:20:00+00:00,155.2584,155.27,155.16,1110,155.16,98787,155.220266
2023-03-16 18:21:00+00:00,155.26,155.29,155.195,825,155.26,76804,155.250199
2023-03-16 18:22:00+00:00,155.23,155.2717,155.215,757,155.25,60632,155.240305
2023-03-16 18:23:00+00:00,155.28,155.31,155.22,1203,155.2448,96685,155.276354
2023-03-16 18:24:00+00:00,155.24,155.3,155.21,837,155.28,54605,155.251635
2023-03-16 18:25:00+00:00,155.2,155.26,155.15,827,155.25,61521,155.203087
2023-03-16 18:26:00+00:00,155.29,155.29,155.18,775,155.2,73731,155.242883
2023-03-16 18:27:00+00:00,155.325,155.36,155.25,1038,155.285,114024,155.318699
2023-03-16 18:28:00+00:00,155.38,155.4,155.319,904,155.33,92713,155.350826
2023-03-16 18:29:00+00:00,155.4768,155.5,155.355,1531,155.375,152816,155.437577
2023-03-16 18:30:00+00:00,155.3999,155.5,155.37,1343,155.47,151988,155.450744
2023-03-16 18:31:00+00:00,155.485,155.495,155.38,1231,155.39,137137,155.45111
2023-03-16 18:32:00+00:00,155.2848,155.48,155.265,1176,155.48,137176,155.352066
2023-03-16 18:33:00+00:00,155.2181,155.3,155.18,1125,155.28,115613,155.261034
2023-03-16 18:34:00+00:00,155.13,155.24,155.06,1331,155.205,133510,155.142831
2023-03-16 18:35:00+00:00,155.2791,155.29,155.1231,1018,155.1231,107096,155.201028
2023-03-16 18:36:00+00:00,155.368,155.38,155.2401,1131,155.27,144095,155.325764
2023-03-16 18:37:00+00:00,155.4134,155.48,155.37,1157,155.37,125757,155.429644
2023-03-16 18:38:00+00:00,155.49,155.51,155.41,2132,155.415,205872,155.484031
2023-03-16 18:39:00+00:00,155.411,155.5,155.41,965,155.48,87329,155.454701
2023-03-16 18:40:00+00:00,155.52,155.52,155.4,1347,155.42,174724,155.469902
2023-03-16 18:41:00+00:00,155.4253,155.52,155.42,862,155.5199,78525,155.462702
2023-03-16 18:42:00+00:00,155.47,155.485,155.36,1086,155.425,97500,155.410492
2023-03-16 18:43:00+00:00,155.46,155.51,155.4346,899,155.47,82777,155.46803
2023-03-16 18:44:00+00:00,155.63,155.65,155.464,2333,155.464,280232,155.570859
2023-03-16 18:45:00+00:00,155.5475,155.6329,155.49,1111,155.6301,134433,155.575607
2023-03-16 18:46:00+00:00,155.59,155.62,155.51,1037,155.55,105690,155.566222
2023-03-16 18:47:00+00:00,155.576,155.62,155.53,949,155.59,97403,155.577438
2023-03-16 18:48:00+00:00,155.6109,155.6399,155.5,923,155.57,108000,155.546279
2023-03-16 18:49:00+00:00,155.59,155.66,155.58,1016,155.617,107967,155.618093
2023-03-16 18:50:00+00:00,155.605,155.63,155.55,839,155.5901,81404,155.597363
2023-03-16 18:51:00+00:00,155.6,155.64,155.565,1075,155.605,65727,155.597018
2023-03-16 18:52:00+00:00,155.6821,155.7,155.6,1282,155.605,121454,155.659043
2023-03-16 18:53:00+00:00,155.72,155.73,155.66,1125,155.69,120607,155.692362
2023-03-16 18:54:00+00:00,155.74,155.77,155.7,1206,155.71,143425,155.733871
2023-03-16 18:55:00+00:00,155.855,155.885,155.72,1950,155.74,204164,155.812761
2023-03-16 18:56:00+00:00,155.9013,155.91,155.85,1425,155.86,135417,155.878461
2023-03-16 18:57:00+00:00,155.9127,155.95,155.9,1653,155.9,202260,155.919486
2023-03-16 18:58:00+00:00,155.9001,155.91,155.83,1414,155.91,117592,155.877207
2023-03-16 18:59:00+00:00,155.915,155.95,155.9,1362,155.905,137097,155.919625
2023-03-16 19:00:00+00:00,155.98,155.98,155.88,1800,155.915,214406,155.941254
2023-03-16 19:01:00+00:00,155.97,156.0,155.96,1694,155.9709,272187,155.913698
2023-03-16 19:02:00+00:00,155.94,156.0,155.86,1621,155.98,161653,155.931814
2023-03-16 19:03:00+00:00,155.99,155.99,155.91,1196,155.94,143074,155.948054
2023-03-16 19:04:00+00:00,155.98,156.04,155.935,4397,155.9801,457886,155.994288
2023-03-16 19:05:00+00:00,156.1321,156.165,155.99,2050,155.99,233008,156.08211
2023-03-16 19:06:00+00:00,156.18,156.23,156.1333,1791,156.1333,193678,156.189064
2023-03-16 19:07:00+00:00,156.27,156.32,156.1825,1954,156.1825,208618,156.259977
2023-03-16 19:08:00+00:00,156.27,156.315,156.23,1529,156.275,160790,156.273817
2023-03-16 19:09:00+00:00,156.1531,156.27,156.12,1689,156.27,224446,156.181924
2023-03-16 19:10:00+00:00,156.23,156.235,156.13,1133,156.1536,126262,156.188579
2023-03-16 19:11:00+00:00,156.185,156.27,156.16,1430,156.22,153588,156.204385
2023-03-16 19:12:00+00:00,156.29,156.29,156.18,1140,156.18,114501,156.237131
2023-03-16 19:13:00+00:00,156.26,156.29,156.22,1213,156.285,108514,156.251797
2023-03-16 19:14:00+00:00,156.135,156.28,156.1,1598,156.2699,186268,156.181705
2023-03-16 19:15:00+00:00,156.11,156.15,156.01,1464,156.13,166974,156.065702
2023-03-16 19:16:00+00:00,156.21,156.22,156.115,1284,156.115,147352,156.184813
2023-03-16 19:17:00+00:00,156.21,156.23,156.12,1380,156.2017,145284,156.187274
2023-03-16 19:18:00+00:00,156.295,156.3,156.21,1437,156.2105,141991,156.266801
2023-03-16 19:19:00+00:00,156.155,156.295,156.15,1136,156.295,99899,156.20546
2023-03-16 19:20:00+00:00,156.145,156.17,156.08,1445,156.1572,175131,156.118732
2023-03-16 19:21:00+00:00,156.19,156.27,156.1321,1492,156.145,187183,156.202953
2023-03-16 19:22:00+00:00,156.2801,156.296,156.16,1378,156.185,139259,156.242363
2023-03-16 19:23:00+00:00,156.244,156.33,156.23,1803,156.2802,223281,156.288432
2023-03-16 19:24:00+00:00,156.32,156.46,156.2434,2145,156.2434,214586,156.329994
2023-03-16 19:25:00+00:00,156.2888,156.36,156.28,1413,156.31,147133,156.319326
2023-03-16 19:26:00+00:00,156.215,156.3,156.15,1709,156.285,177571,156.202748
2023-03-16 19:27:00+00:00,156.25,156.25,156.15,1170,156.21,115727,156.202129
2023-03-16 19:28:00+00:00,156.34,156.35,156.23,1629,156.26,154216,156.285339
2023-03-16 19:29:00+00:00,156.255,156.349,156.24,1267,156.349,124080,156.298768
2023-03-16 19:30:00+00:00,156.15,156.29,156.15,1376,156.255,128353,156.232945
2023-03-16 19:31:00+00:00,156.155,156.2,156.1001,1586,156.155,149962,156.160828
2023-03-16 19:32:00+00:00,156.215,156.22,156.12,1228,156.15,115989,156.165941
2023-03-16 19:33:00+00:00,156.105,156.22,156.05,1813,156.21,179540,156.138998
2023-03-16 19:34:00+00:00,156.17,156.215,156.09,1338,156.09,144065,156.165486
2023-03-16 19:35:00+00:00,156.04,156.175,156.01,1805,156.165,179047,156.072769
2023-03-16 19:36:00+00:00,156.04,156.1,156.01,1225,156.03,126515,156.056642
2023-03-16 19:37:00+00:00,156.06,156.075,155.94,1744,156.03,191603,156.003717
2023-03-16 19:38:00+00:00,156.01,156.12,156.0,1431,156.06,130062,156.061045
2023-03-16 19:39:00+00:00,156.1,156.1,156.01,1240,156.0191,129411,156.049638
2023-03-16 19:40:00+00:00,156.11,156.16,156.05,1569,156.085,203287,156.122182
2023-03-16 19:41:00+00:00,156.07,156.115,156.055,1296,156.115,158047,156.087014
2023-03-16 19:42:00+00:00,156.2105,156.22,156.06,1440,156.07,172774,156.140161
2023-03-16 19:43:00+00:00,156.235,156.32,156.2,2680,156.22,290151,156.255119
2023-03-16 19:44:00+00:00,156.285,156.3,156.2,1776,156.24,188774,156.254775
2023-03-16 19:45:00+00:00,156.21,156.28,156.062,2443,156.28,263304,156.164292
2023-03-16 19:46:00+00:00,156.2269,156.27,156.18,2078,156.21,217711,156.226078
2023-03-16 19:47:00+00:00,156.01,156.25,155.92,4549,156.225,445550,156.116306
2023-03-16 19:48:00+00:00,156.0,156.06,155.94,2511,156.0,276348,155.995718
2023-03-16 19:49:00+00:00,156.155,156.17,155.985,2205,156.0,233089,156.09288
2023-03-16 19:50:00+00:00,156.07,156.27,156.01,5170,156.155,549770,156.135343
2023-03-16 19:51:00+00:00,156.035,156.08,155.925,2884,156.08,321216,156.009895
2023-03-16 19:52:00+00:00,155.895,156.04,155.86,3075,156.03,327941,155.935375
2023-03-16 19:53:00+00:00,156.02,156.09,155.855,3505,155.895,382838,155.993423
2023-03-16 19:54:00+00:00,155.895,156.04,155.85,3535,156.01,376101,155.928811
2023-03-16 19:55:00+00:00,155.675,155.895,155.6,5921,155.89,657455,155.717406
2023-03-16 19:56:00+00:00,155.91,155.92,155.66,4071,155.68,441635,155.817172
2023-03-16 19:57:00+00:00,155.96,156.0299,155.905,3854,155.915,432477,155.96964
2023-03-16 19:58:00+00:00,155.9,155.96,155.84,4620,155.95,567976,155.904804
2023-03-16 19:59:00+00:00,155.91,155.93,155.81,8340,155.9,1112693,155.862524
2023-03-16 20:00:00+00:00,155.85,155.97,155.78,170,155.91,16075847,155.850008
2023-03-16 20:01:00+00:00,155.7097,155.85,155.69,146,155.77,202340,155.84418
2023-03-16 20:02:00+00:00,155.67,155.85,155.67,77,155.85,331590,155.848814
2023-03-16 20:03:00+00:00,155.64,155.68,155.6,91,155.68,3259,155.647317
2023-03-16 20:04:00+00:00,155.68,155.71,155.65,74,155.65,2645,155.681811
2023-03-16 20:05:00+00:00,155.62,155.75,155.59,95,155.71,1206193,155.849051
2023-03-16 20:06:00+00:00,155.73,155.73,155.69,35,155.69,877,155.693757
2023-03-16 20:07:00+00:00,155.67,155.69,155.65,70,155.69,7358,155.675955
2023-03-16 20:08:00+00:00,155.68,155.7,155.68,40,155.7,1732,155.697063
2023-03-16 20:09:00+00:00,155.72,155.72,155.7,44,155.7,4412,155.713882
2023-03-16 20:10:00+00:00,155.67,155.72,155.66,41,155.71,1983,155.697251
2023-03-16 20:11:00+00:00,155.67,155.7,155.67,39,155.7,1874,155.714361
2023-03-16 20:12:00+00:00,155.7,155.7,155.66,29,155.66,3033,155.693447
2023-03-16 20:13:00+00:00,155.7,155.7,155.6999,42,155.6999,982,155.70048
2023-03-16 20:14:00+00:00,155.72,155.72,155.71,35,155.71,2219,155.775261
2023-03-16 20:15:00+00:00,155.75,155.85,155.74,25,155.85,14451,155.845309
2023-03-16 20:16:00+00:00,155.85,155.85,155.73,47,155.74,41779,155.83745
2023-03-16 20:17:00+00:00,155.78,155.85,155.78,37,155.85,131091,155.849558
2023-03-16 20:18:00+00:00,155.79,155.79,155.76,62,155.78,3436,155.779657
2023-03-16 20:19:00+00:00,155.82,155.82,155.8,46,155.8,3147,155.810895
2023-03-16 20:20:00+00:00,155.82,155.84,155.81,64,155.84,2414,155.822637
2023-03-16 20:21:00+00:00,155.85,155.85,155.82,69,155.82,4342,155.834722
2023-03-16 20:22:00+00:00,155.87,155.88,155.85,79,155.85,2861,155.857136
2023-03-16 20:23:00+00:00,155.8499,155.85,155.8499,31,155.85,983,155.772611
2023-03-16 20:24:00+00:00,155.84,155.85,155.84,46,155.84,15330,155.849221
2023-03-16 20:25:00+00:00,155.81,155.84,155.81,23,155.84,385,155.819996
2023-03-16 20:26:00+00:00,155.84,155.85,155.83,50,155.83,2770,155.833916
2023-03-16 20:27:00+00:00,155.85,155.85,155.85,40,155.85,1537,155.847993
2023-03-16 20:28:00+00:00,155.82,155.84,155.82,30,155.83,1580,155.833579
2023-03-16 20:29:00+00:00,155.8401,155.8401,155.82,44,155.84,2328,155.839085
2023-03-16 20:30:00+00:00,155.8,155.84,155.8,97,155.84,5780,155.811541
2023-03-16 20:31:00+00:00,155.84,155.84,155.76,52,155.7698,1839,155.788828
2023-03-16 20:32:00+00:00,155.82,155.82,155.82,32,155.82,662,155.820644
2023-03-16 20:33:00+00:00,155.83,155.84,155.83,18,155.83,752,155.829414
2023-03-16 20:34:00+00:00,155.87,155.87,155.83,73,155.83,2006,155.851329
2023-03-16 20:35:00+00:00,155.86,155.89,155.86,37,155.88,1406,155.874527
2023-03-16 20:36:00+00:00,155.85,155.89,155.85,50,155.89,26915,155.850661
2023-03-16 20:37:00+00:00,155.87,155.88,155.87,65,155.87,5565,155.877138
2023-03-16 20:38:00+00:00,155.85,155.86,155.84,49,155.86,2654,155.854627
2023-03-16 20:39:00+00:00,155.86,155.86,155.81,69,155.85,1989,155.837967
2023-03-16 20:40:00+00:00,155.84,155.88,155.82,52,155.86,2511,155.853075
2023-03-16 20:41:00+00:00,155.88,155.88,155.83,55,155.83,2303,155.856233
2023-03-16 20:42:00+00:00,155.88,155.88,155.88,30,155.88,564,155.872428
2023-03-16 20:43:00+00:00,155.88,155.88,155.87,34,155.88,2396,155.872842
2023-03-16 20:44:00+00:00,155.87,155.89,155.87,48,155.89,1480,155.875831
