timestamp,close,high,low,trade_count,open,volume,vwap
2023-05-18 08:00:00+00:00,172.76,172.84,172.76,74,172.84,2439,172.813325
2023-05-18 08:02:00+00:00,172.8,172.8,172.8,13,172.8,384,172.822266
2023-05-18 08:04:00+00:00,172.76,172.76,172.76,14,172.76,490,172.763918
2023-05-18 08:05:00+00:00,173.0,173.0,172.79,49,172.79,3538,172.948053
2023-05-18 08:08:00+00:00,172.97,172.97,172.97,9,172.97,751,172.964621
2023-05-18 08:11:00+00:00,172.97,172.97,172.97,22,172.97,565,172.96954
2023-05-18 08:12:00+00:00,172.92,172.97,172.92,35,172.97,2094,172.939842
2023-05-18 08:13:00+00:00,172.91,172.91,172.88,16,172.88,3388,172.903468
2023-05-18 08:17:00+00:00,172.91,172.91,172.91,19,172.91,754,172.910318
2023-05-18 08:24:00+00:00,172.86,172.86,172.86,5,172.86,150,172.859133
2023-05-18 08:25:00+00:00,172.86,172.86,172.86,8,172.86,336,172.86
2023-05-18 08:30:00+00:00,172.85,172.85,172.85,20,172.85,880,172.848125
2023-05-18 08:31:00+00:00,172.82,172.82,172.82,5,172.82,942,172.82087
2023-05-18 08:56:00+00:00,172.8,172.8,172.8,10,172.8,280,172.80125
2023-05-18 08:57:00+00:00,172.8,172.8,172.8,7,172.8,541,172.801201
2023-05-18 08:58:00+00:00,172.8,172.8,172.8,5,172.8,556,172.8
2023-05-18 09:01:00+00:00,172.78,172.78,172.76,12,172.76,537,172.76851
2023-05-18 09:03:00+00:00,172.75,172.76,172.75,19,172.76,1361,172.754622
2023-05-18 09:14:00+00:00,172.8,172.8,172.8,9,172.8,265,172.800679
2023-05-18 09:20:00+00:00,172.83,172.83,172.83,18,172.83,1187,172.832106
2023-05-18 09:21:00+00:00,172.87,172.87,172.85,33,172.85,1269,172.856895
2023-05-18 09:23:00+00:00,172.78,172.78,172.78,9,172.78,643,172.77902
2023-05-18 09:48:00+00:00,172.8,172.8,172.8,11,172.8,351,172.800513
2023-05-18 09:51:00+00:00,172.85,172.85,172.85,4,172.85,120,172.848333
2023-05-18 09:52:00+00:00,172.84,172.84,172.84,5,172.84,274,172.84
2023-05-18 09:53:00+00:00,172.8,172.8,172.8,7,172.8,254,172.804055
2023-05-18 09:57:00+00:00,172.8,172.81,172.8,11,172.81,483,172.803106
2023-05-18 09:58:00+00:00,172.83,172.83,172.8,10,172.8,435,172.818069
2023-05-18 10:00:00+00:00,172.77,172.77,172.77,5,172.77,218,172.774771
2023-05-18 10:02:00+00:00,172.84,172.84,172.83,10,172.83,1491,172.83497
2023-05-18 10:07:00+00:00,172.81,172.84,172.81,29,172.84,1164,172.825361
2023-05-18 10:08:00+00:00,172.81,172.81,172.81,12,172.81,1084,172.810775
2023-05-18 10:09:00+00:00,172.78,172.78,172.78,7,172.78,231,172.781255
2023-05-18 10:10:00+00:00,172.78,172.78,172.78,6,172.78,260,172.782
2023-05-18 10:17:00+00:00,172.81,172.81,172.81,9,172.81,212,172.806698
2023-05-18 10:39:00+00:00,172.84,172.84,172.84,10,172.84,185,172.838595
2023-05-18 10:40:00+00:00,172.85,172.85,172.85,39,172.85,668,172.858114
2023-05-18 10:41:00+00:00,172.9,172.9,172.9,21,172.9,609,172.882414
2023-05-18 10:43:00+00:00,172.9,172.9,172.9,9,172.9,565,172.902035
2023-05-18 10:44:00+00:00,172.91,172.91,172.91,5,172.91,602,172.909967
2023-05-18 10:45:00+00:00,172.92,172.92,172.91,17,172.91,3998,172.911878
2023-05-18 10:49:00+00:00,172.92,172.92,172.92,5,172.92,216,172.92537
2023-05-18 10:55:00+00:00,172.81,172.81,172.81,51,172.81,2056,172.823346
2023-05-18 11:00:00+00:00,172.92,172.92,172.8,74,172.81,3915,172.852089
2023-05-18 11:01:00+00:00,172.9,172.9,172.82,47,172.82,2103,172.881217
2023-05-18 11:02:00+00:00,172.82,172.84,172.82,36,172.84,2277,172.847202
2023-05-18 11:04:00+00:00,172.83,172.85,172.83,19,172.85,708,172.854915
2023-05-18 11:06:00+00:00,172.85,172.85,172.85,19,172.85,614,172.84671
2023-05-18 11:08:00+00:00,172.87,172.87,172.87,11,172.87,256,172.870195
2023-05-18 11:10:00+00:00,172.85,172.85,172.85,17,172.85,365,172.851616
2023-05-18 11:11:00+00:00,172.86,172.86,172.86,9,172.86,242,172.855455
2023-05-18 11:13:00+00:00,172.8,172.81,172.8,26,172.81,898,172.807639
2023-05-18 11:14:00+00:00,172.85,172.85,172.82,12,172.82,511,172.84364
2023-05-18 11:16:00+00:00,172.85,172.85,172.85,12,172.85,196,172.835816
2023-05-18 11:17:00+00:00,172.86,172.86,172.86,17,172.86,2046,172.862517
2023-05-18 11:19:00+00:00,172.9,172.9,172.86,37,172.86,2984,172.874571
2023-05-18 11:20:00+00:00,172.92,172.92,172.9,18,172.9,2111,172.901535
2023-05-18 11:21:00+00:00,172.87,172.88,172.87,41,172.87,2180,172.869532
2023-05-18 11:22:00+00:00,172.85,172.87,172.85,29,172.87,920,172.849957
2023-05-18 11:23:00+00:00,172.82,172.83,172.8,23,172.83,1507,172.816317
2023-05-18 11:27:00+00:00,172.77,172.83,172.77,65,172.83,7695,172.80341
2023-05-18 11:29:00+00:00,172.78,172.78,172.78,11,172.78,415,172.783084
2023-05-18 11:30:00+00:00,172.77,172.77,172.77,25,172.77,754,172.764469
2023-05-18 11:31:00+00:00,172.77,172.77,172.77,6,172.77,482,172.769979
2023-05-18 11:32:00+00:00,172.8,172.8,172.8,16,172.8,600,172.796733
2023-05-18 11:35:00+00:00,172.85,172.85,172.82,11,172.82,1504,172.82621
2023-05-18 11:36:00+00:00,172.84,172.84,172.81,23,172.82,861,172.825796
2023-05-18 11:38:00+00:00,172.75,172.8,172.75,74,172.8,3483,172.774347
2023-05-18 11:39:00+00:00,172.69,172.71,172.69,105,172.71,1799,172.706276
2023-05-18 11:41:00+00:00,172.75,172.75,172.73,15,172.73,550,172.741945
2023-05-18 11:42:00+00:00,172.82,172.82,172.78,24,172.78,1256,172.811943
2023-05-18 11:43:00+00:00,172.78,172.82,172.78,22,172.82,833,172.802581
2023-05-18 11:45:00+00:00,172.8,172.8,172.8,15,172.8,761,172.79569
2023-05-18 11:47:00+00:00,172.8,172.82,172.79,26,172.82,2140,172.800509
2023-05-18 11:50:00+00:00,172.8,172.8,172.8,11,172.8,644,172.80618
2023-05-18 11:52:00+00:00,172.8,172.8,172.77,30,172.79,1309,172.784011
2023-05-18 11:53:00+00:00,172.8,172.8,172.8,13,172.8,491,172.800611
2023-05-18 11:58:00+00:00,172.79,172.79,172.79,23,172.79,1259,172.792748
2023-05-18 12:00:00+00:00,172.83,172.92,172.67,398,172.89,38941,172.825963
2023-05-18 12:01:00+00:00,172.81,172.81,172.43,600,172.8,5197,172.707548
2023-05-18 12:02:00+00:00,172.8,172.8,172.66,233,172.66,2176,172.697065
2023-05-18 12:03:00+00:00,172.8,172.83,172.8,33,172.83,618,172.822176
2023-05-18 12:05:00+00:00,172.77,172.8,172.77,42,172.8,5021,172.77752
2023-05-18 12:06:00+00:00,172.77,172.77,172.74,49,172.74,1518,172.76144
2023-05-18 12:07:00+00:00,172.77,172.77,172.75,52,172.76,3312,172.763586
2023-05-18 12:08:00+00:00,172.77,172.77,172.77,25,172.77,1515,172.769604
2023-05-18 12:10:00+00:00,172.77,172.795,172.77,14,172.795,989,172.772963
2023-05-18 12:11:00+00:00,172.8,172.8,172.8,27,172.8,784,172.800067
2023-05-18 12:13:00+00:00,172.7399,172.7399,172.7399,35,172.7399,722,172.753544
2023-05-18 12:14:00+00:00,172.65,172.72,172.65,104,172.72,2729,172.67125
2023-05-18 12:15:00+00:00,172.67,172.7,172.67,31,172.68,2043,172.6814
2023-05-18 12:16:00+00:00,172.67,172.69,172.67,61,172.69,2981,172.685821
2023-05-18 12:17:00+00:00,172.63,172.66,172.63,61,172.66,4237,172.657626
2023-05-18 12:18:00+00:00,172.61,172.66,172.61,51,172.66,2638,172.649767
2023-05-18 12:19:00+00:00,172.63,172.63,172.58,108,172.62,7674,172.594643
2023-05-18 12:20:00+00:00,172.55,172.61,172.55,124,172.61,5871,172.583212
2023-05-18 12:21:00+00:00,172.5799,172.5799,172.54,27,172.54,3411,172.552292
2023-05-18 12:22:00+00:00,172.55,172.57,172.55,49,172.57,1775,172.563568
2023-05-18 12:23:00+00:00,172.56,172.56,172.55,43,172.56,5490,172.554829
2023-05-18 12:24:00+00:00,172.56,172.56,172.56,54,172.56,2161353,172.689881
2023-05-18 12:25:00+00:00,172.59,172.63,172.58,47,172.62,3106,172.598808
2023-05-18 12:26:00+00:00,172.59,172.59,172.56,41,172.56,935,172.563417
2023-05-18 12:27:00+00:00,172.63,172.63,172.6,50,172.62,6200,172.621698
2023-05-18 12:28:00+00:00,172.66,172.66,172.66,30,172.66,1560,172.661619
2023-05-18 12:29:00+00:00,172.73,172.73,172.7,34,172.7,2336,172.724681
2023-05-18 12:30:00+00:00,172.6,172.63,172.51,70,172.63,2633,172.593427
2023-05-18 12:31:00+00:00,172.62,172.62,172.6,31,172.6,1117,172.602737
2023-05-18 12:32:00+00:00,172.62,172.65,172.62,79,172.65,3428,172.624841
2023-05-18 12:33:00+00:00,172.5,172.61,172.5,130,172.61,8384,172.539386
2023-05-18 12:34:00+00:00,172.47,172.48,172.46,76,172.48,2410,172.463624
2023-05-18 12:35:00+00:00,172.57,172.57,172.47,59,172.47,1476,172.524015
2023-05-18 12:36:00+00:00,172.6,172.6,172.57,52,172.57,4036,172.588422
2023-05-18 12:37:00+00:00,172.55,172.6,172.55,59,172.58,2103,172.58349
2023-05-18 12:38:00+00:00,172.42,172.55,172.42,68,172.54,3255,172.509078
2023-05-18 12:39:00+00:00,172.41,172.49,172.4001,114,172.41,6550,172.4471
2023-05-18 12:40:00+00:00,172.38,172.42,172.38,94,172.42,5614,172.396225
2023-05-18 12:41:00+00:00,172.38,172.4,172.3,197,172.4,10439,172.360587
2023-05-18 12:42:00+00:00,172.45,172.45,172.39,133,172.39,5738,172.417878
2023-05-18 12:43:00+00:00,172.45,172.48,172.45,54,172.46,2797,172.453611
2023-05-18 12:44:00+00:00,172.44,172.45,172.44,45,172.45,2718,172.440332
2023-05-18 12:45:00+00:00,172.45,172.45,172.44,78,172.45,8155,172.449632
2023-05-18 12:46:00+00:00,172.45,172.45,172.41,115,172.45,14666,172.436656
2023-05-18 12:47:00+00:00,172.43,172.45,172.43,55,172.45,2097,172.441781
2023-05-18 12:48:00+00:00,172.42,172.42,172.35,73,172.42,3665,172.408192
2023-05-18 12:49:00+00:00,172.35,172.44,172.35,72,172.44,2778,172.378596
2023-05-18 12:50:00+00:00,172.32,172.38,172.32,88,172.33,4513,172.340631
2023-05-18 12:51:00+00:00,172.26,172.35,172.26,188,172.32,10035,172.307264
2023-05-18 12:52:00+00:00,172.2999,172.3,172.22,107,172.22,7517,172.255503
2023-05-18 12:53:00+00:00,172.31,172.31,172.29,57,172.29,3426,172.306494
2023-05-18 12:54:00+00:00,172.41,172.43,172.33,40,172.33,2309,172.403119
2023-05-18 12:55:00+00:00,172.4398,172.45,172.41,65,172.44,2061,172.437025
2023-05-18 12:56:00+00:00,172.33,172.4,172.33,54,172.4,3193,172.371124
2023-05-18 12:57:00+00:00,172.35,172.35,172.33,61,172.33,3649,172.334663
2023-05-18 12:58:00+00:00,172.35,172.35,172.35,38,172.35,1231,172.353065
2023-05-18 12:59:00+00:00,172.389,172.389,172.389,30,172.389,642,172.375698
2023-05-18 13:00:00+00:00,172.44,172.48,172.38,66,172.39,4736,172.409492
2023-05-18 13:01:00+00:00,172.51,172.55,172.45,223,172.46,14850,172.487285
2023-05-18 13:02:00+00:00,172.5,172.53,172.48,79,172.48,3350,172.50556
2023-05-18 13:03:00+00:00,172.5465,172.5465,172.52,36,172.53,1186,172.527087
2023-05-18 13:04:00+00:00,172.51,172.521,172.51,86,172.521,4092,172.515689
2023-05-18 13:05:00+00:00,172.5,172.5,172.47,75,172.49,4404,172.495075
2023-05-18 13:06:00+00:00,172.46,172.46,172.43,94,172.44,4330,172.44688
2023-05-18 13:07:00+00:00,172.48,172.521,172.48,100,172.48,3514,172.506214
2023-05-18 13:08:00+00:00,172.6,172.6,172.45,200,172.47,10090,172.483771
2023-05-18 13:09:00+00:00,172.58,172.61,172.58,112,172.61,4121,172.595425
2023-05-18 13:10:00+00:00,172.62,172.6479,172.62,77,172.6479,2273,172.622892
2023-05-18 13:11:00+00:00,172.6,172.62,172.6,93,172.62,2877,172.611011
2023-05-18 13:12:00+00:00,172.6,172.61,172.58,81,172.6,4573,172.602388
2023-05-18 13:13:00+00:00,172.48,172.58,172.48,69,172.58,2886,172.521325
2023-05-18 13:14:00+00:00,172.45,172.52,172.45,51,172.519,2236,172.480499
2023-05-18 13:15:00+00:00,172.54,172.54,172.47,65,172.48,3580,172.496906
2023-05-18 13:16:00+00:00,172.58,172.58,172.54,68,172.54,1814,172.556524
2023-05-18 13:17:00+00:00,172.58,172.58,172.54,81,172.56,2358,172.564977
2023-05-18 13:18:00+00:00,172.56,172.56,172.56,30,172.56,1131,172.565391
2023-05-18 13:19:00+00:00,172.5605,172.589,172.5605,19,172.589,1278,172.584472
2023-05-18 13:20:00+00:00,172.54,172.56,172.54,54,172.56,2289,172.554063
2023-05-18 13:21:00+00:00,172.55,172.56,172.54,56,172.54,1722,172.551034
2023-05-18 13:22:00+00:00,172.57,172.6,172.55,142,172.59,6958,172.574527
2023-05-18 13:23:00+00:00,172.72,172.72,172.61,132,172.6299,9538,172.66043
2023-05-18 13:24:00+00:00,172.75,172.77,172.73,140,172.73,9294,172.751745
2023-05-18 13:25:00+00:00,172.7041,172.9,172.7041,311,172.76,22165,172.803309
2023-05-18 13:26:00+00:00,172.74,172.78,172.73,110,172.76,4619,172.755913
2023-05-18 13:27:00+00:00,173.03,173.18,172.78,776,172.8199,50337,172.991732
2023-05-18 13:28:00+00:00,173.0,173.18,172.58,444,173.03,35858,172.988799
2023-05-18 13:29:00+00:00,173.09,173.2,172.99,183,173.04,14084,173.078201
2023-05-18 13:30:00+00:00,173.25,173.5,172.96,7662,173.0,1799806,173.144458
2023-05-18 13:31:00+00:00,173.24,173.38,173.13,2879,173.25,278936,173.233753
2023-05-18 13:32:00+00:00,173.05,173.32,172.86,2668,173.24,282191,173.088625
2023-05-18 13:33:00+00:00,173.02,173.132,172.87,2414,173.065,191676,173.006542
2023-05-18 13:34:00+00:00,173.14,173.16,172.8851,2285,173.0199,204332,173.058725
2023-05-18 13:35:00+00:00,173.079,173.22,173.06,2127,173.145,184023,173.162987
2023-05-18 13:36:00+00:00,173.26,173.35,173.03,1935,173.07,166960,173.230539
2023-05-18 13:37:00+00:00,173.2,173.33,173.155,2172,173.265,225433,173.245093
2023-05-18 13:38:00+00:00,173.31,173.4,173.13,2252,173.2,217318,173.309898
2023-05-18 13:39:00+00:00,173.29,173.44,173.22,1748,173.32,164314,173.350222
2023-05-18 13:40:00+00:00,173.1114,173.31,173.07,2134,173.3001,182959,173.159366
2023-05-18 13:41:00+00:00,173.1602,173.23,173.025,1693,173.1199,153938,173.106475
2023-05-18 13:42:00+00:00,173.1421,173.19,173.02,1519,173.18,130553,173.116565
2023-05-18 13:43:00+00:00,172.975,173.155,172.955,2135,173.14,208225,173.020031
2023-05-18 13:44:00+00:00,172.78,172.98,172.745,2243,172.9791,218280,172.868035
2023-05-18 13:45:00+00:00,172.795,172.88,172.75,1857,172.78,217992,172.831335
2023-05-18 13:46:00+00:00,172.72,172.9,172.6931,3884,172.7901,179720,172.806131
2023-05-18 13:47:00+00:00,172.8399,172.8399,172.685,4069,172.73,178755,172.751415
2023-05-18 13:48:00+00:00,172.775,172.87,172.765,3567,172.835,201401,172.813601
2023-05-18 13:49:00+00:00,172.6285,172.81,172.62,4431,172.775,225066,172.719994
2023-05-18 13:50:00+00:00,172.645,172.67,172.58,4376,172.625,272026,172.618974
2023-05-18 13:51:00+00:00,172.75,172.81,172.63,3642,172.645,165660,172.743702
2023-05-18 13:52:00+00:00,172.7587,172.86,172.72,3401,172.75,109472,172.809501
2023-05-18 13:53:00+00:00,172.809,172.83,172.73,3277,172.75,113071,172.764863
2023-05-18 13:54:00+00:00,172.89,172.9,172.77,3480,172.81,114465,172.832866
2023-05-18 13:55:00+00:00,172.91,172.93,172.8,3557,172.89,134917,172.858894
2023-05-18 13:56:00+00:00,173.03,173.04,172.89,4122,172.91,207905,172.977904
2023-05-18 13:57:00+00:00,173.11,173.13,173.01,3490,173.0297,144650,173.069525
2023-05-18 13:58:00+00:00,173.1,173.155,173.045,3273,173.1,122853,173.109194
2023-05-18 13:59:00+00:00,173.09,173.11,172.98,3236,173.11,108753,173.034221
2023-05-18 14:00:00+00:00,173.0,173.099,172.98,3636,173.09,135262,173.037951
2023-05-18 14:01:00+00:00,172.83,173.0,172.8201,3487,172.98,109400,172.916736
2023-05-18 14:02:00+00:00,172.915,172.937,172.82,3130,172.82,98506,172.895333
2023-05-18 14:03:00+00:00,172.905,172.984,172.87,3273,172.91,92048,172.929782
2023-05-18 14:04:00+00:00,172.98,173.005,172.88,3315,172.9,75698,172.954945
2023-05-18 14:05:00+00:00,173.0554,173.1,172.98,3612,172.98,153287,173.046833
2023-05-18 14:06:00+00:00,173.1814,173.205,173.02,3909,173.04,188838,173.114311
2023-05-18 14:07:00+00:00,173.26,173.27,173.14,3699,173.18,146544,173.20451
2023-05-18 14:08:00+00:00,173.32,173.32,173.2101,3471,173.26,163104,173.279887
2023-05-18 14:09:00+00:00,173.3156,173.34,173.27,3345,173.3112,145120,173.309177
2023-05-18 14:10:00+00:00,173.4,173.4,173.27,3431,173.315,144002,173.33107
2023-05-18 14:11:00+00:00,173.425,173.48,173.38,3687,173.4,170087,173.436425
2023-05-18 14:12:00+00:00,173.4,173.48,173.365,3209,173.43,107621,173.413692
2023-05-18 14:13:00+00:00,173.315,173.41,173.29,3073,173.4,105879,173.342891
2023-05-18 14:14:00+00:00,173.36,173.37,173.27,2971,173.31,93145,173.325402
2023-05-18 14:15:00+00:00,173.345,173.38,173.262,2978,173.365,93484,173.327903
2023-05-18 14:16:00+00:00,173.4099,173.48,173.3,4323,173.34,306270,173.412937
2023-05-18 14:17:00+00:00,173.6,173.6,173.39,4746,173.4101,390339,173.521267
2023-05-18 14:18:00+00:00,173.57,173.59,173.44,4001,173.58,202386,173.507508
2023-05-18 14:19:00+00:00,173.559,173.59,173.51,3284,173.5621,117167,173.552864
2023-05-18 14:20:00+00:00,173.65,173.6799,173.55,2562,173.56,167094,173.620189
2023-05-18 14:21:00+00:00,173.735,173.755,173.64,1893,173.66,261166,173.72326
2023-05-18 14:22:00+00:00,173.7907,173.855,173.74,3831,173.74,413894,173.802905
2023-05-18 14:23:00+00:00,173.71,173.79,173.665,1263,173.79,124294,173.716802
2023-05-18 14:24:00+00:00,173.79,173.8,173.67,952,173.7,82448,173.730485
2023-05-18 14:25:00+00:00,173.64,173.79,173.595,1580,173.79,161131,173.660009
2023-05-18 14:26:00+00:00,173.57,173.64,173.5201,1420,173.63,125131,173.567312
2023-05-18 14:27:00+00:00,173.5801,173.618,173.56,1035,173.57,116569,173.587011
2023-05-18 14:28:00+00:00,173.6698,173.68,173.5722,929,173.59,83507,173.62285
2023-05-18 14:29:00+00:00,173.67,173.6938,173.6148,1000,173.67,81075,173.658105
2023-05-18 14:30:00+00:00,173.8301,173.88,173.6735,1515,173.68,174499,173.768592
2023-05-18 14:31:00+00:00,173.825,173.88,173.8,1497,173.83,134217,173.841218
2023-05-18 14:32:00+00:00,173.82,173.87,173.8,1125,173.83,88734,173.828545
2023-05-18 14:33:00+00:00,173.985,174.0,173.82,2318,173.82,273014,173.944646
2023-05-18 14:34:00+00:00,174.095,174.095,173.95,3977,173.99,416403,174.004036
2023-05-18 14:35:00+00:00,173.9579,174.13,173.9216,2131,174.1,244953,174.023332
2023-05-18 14:36:00+00:00,173.935,174.02,173.9144,1420,173.955,117491,173.967884
2023-05-18 14:37:00+00:00,173.985,173.995,173.9,1052,173.94,95343,173.959205
2023-05-18 14:38:00+00:00,173.9142,174.02,173.91,1198,173.985,102944,173.969393
2023-05-18 14:39:00+00:00,174.0667,174.1,173.89,1276,173.92,110414,174.024574
2023-05-18 14:40:00+00:00,173.95,174.07,173.94,1075,174.07,83813,173.98813
2023-05-18 14:41:00+00:00,173.8399,173.955,173.82,2054,173.955,199622,173.871646
2023-05-18 14:42:00+00:00,173.7201,173.8378,173.71,1459,173.831,178520,173.755942
2023-05-18 14:43:00+00:00,173.69,173.76,173.65,1248,173.72,110894,173.70748
2023-05-18 14:44:00+00:00,173.62,173.725,173.56,1632,173.69,146550,173.633534
2023-05-18 14:45:00+00:00,173.685,173.71,173.59,1152,173.63,101026,173.666072
2023-05-18 14:46:00+00:00,173.89,173.9,173.68,1247,173.685,124200,173.78806
2023-05-18 14:47:00+00:00,173.99,173.99,173.8606,1276,173.89,118991,173.916718
2023-05-18 14:48:00+00:00,174.005,174.04,173.97,1413,173.99,135208,174.005915
2023-05-18 14:49:00+00:00,174.1399,174.15,174.005,1618,174.005,153334,174.09968
2023-05-18 14:50:00+00:00,174.0409,174.14,174.04,1762,174.13,206704,174.101404
2023-05-18 14:51:00+00:00,173.9471,174.055,173.93,1279,174.055,141679,173.987084
2023-05-18 14:52:00+00:00,174.1,174.11,173.9408,1050,173.9408,100812,174.049028
2023-05-18 14:53:00+00:00,174.13,174.1399,174.06,1277,174.1,158875,174.103963
2023-05-18 14:54:00+00:00,174.1485,174.23,174.1211,1703,174.125,191835,174.185612
2023-05-18 14:55:00+00:00,174.22,174.23,174.14,1370,174.145,152514,174.198811
2023-05-18 14:56:00+00:00,174.165,174.225,174.115,1216,174.2189,151857,174.155943
2023-05-18 14:57:00+00:00,174.215,174.24,174.15,1096,174.16,122281,174.199751
2023-05-18 14:58:00+00:00,174.3,174.32,174.2,1800,174.22,175736,174.26133
2023-05-18 14:59:00+00:00,174.295,174.36,174.2801,1251,174.31,161411,174.321776
2023-05-18 15:00:00+00:00,174.385,174.4,174.2701,1379,174.3,153061,174.353158
2023-05-18 15:01:00+00:00,174.48,174.5,174.38,1959,174.388,221964,174.450925
2023-05-18 15:02:00+00:00,174.55,174.5578,174.47,2380,174.4824,227369,174.505164
2023-05-18 15:03:00+00:00,174.5401,174.63,174.53,1861,174.55,234331,174.581887
2023-05-18 15:04:00+00:00,174.5557,174.58,174.5118,1091,174.5599,109988,174.550774
2023-05-18 15:05:00+00:00,174.53,174.62,174.49,1496,174.5559,188747,174.560672
2023-05-18 15:06:00+00:00,174.59,174.6,174.5,1203,174.53,117786,174.542578
2023-05-18 15:07:00+00:00,174.555,174.61,174.49,1145,174.5765,127139,174.559373
2023-05-18 15:08:00+00:00,174.6,174.6301,174.5238,1068,174.55,109356,174.592351
2023-05-18 15:09:00+00:00,174.6627,174.67,174.575,1013,174.6,95287,174.613824
2023-05-18 15:10:00+00:00,174.655,174.68,174.64,900,174.66,82281,174.662023
2023-05-18 15:11:00+00:00,174.53,174.67,174.51,1245,174.66,120717,174.600358
2023-05-18 15:12:00+00:00,174.4371,174.5188,174.3901,1481,174.51,167518,174.444588
2023-05-18 15:13:00+00:00,174.3742,174.45,174.37,975,174.43,108021,174.413205
2023-05-18 15:14:00+00:00,174.305,174.385,174.25,1483,174.375,160886,174.31142
2023-05-18 15:15:00+00:00,174.28,174.37,174.26,1346,174.3002,159314,174.302768
2023-05-18 15:16:00+00:00,174.385,174.385,174.2746,1162,174.28,160383,174.30487
2023-05-18 15:17:00+00:00,174.4485,174.5106,174.3874,1472,174.3874,213310,174.465059
2023-05-18 15:18:00+00:00,174.505,174.52,174.44,813,174.45,71149,174.483602
2023-05-18 15:19:00+00:00,174.4633,174.5078,174.39,723,174.5014,85893,174.448957
2023-05-18 15:20:00+00:00,174.575,174.59,174.465,944,174.47,104903,174.539531
2023-05-18 15:21:00+00:00,174.5708,174.61,174.5513,843,174.57,72558,174.582084
2023-05-18 15:22:00+00:00,174.49,174.5701,174.4,1173,174.57,125990,174.486794
2023-05-18 15:23:00+00:00,174.567,174.57,174.47,918,174.49,97374,174.520967
2023-05-18 15:24:00+00:00,174.5375,174.58,174.505,696,174.56,81123,174.537711
2023-05-18 15:25:00+00:00,174.3962,174.535,174.38,912,174.535,121905,174.449441
2023-05-18 15:26:00+00:00,174.53,174.54,174.4,693,174.4,55554,174.488657
2023-05-18 15:27:00+00:00,174.59,174.6,174.49,849,174.535,100241,174.554472
2023-05-18 15:28:00+00:00,174.6925,174.7,174.56,1310,174.59,150493,174.623507
2023-05-18 15:29:00+00:00,174.66,174.72,174.62,1077,174.6967,140907,174.663284
2023-05-18 15:30:00+00:00,174.641,174.71,174.6401,1076,174.665,102516,174.680973
2023-05-18 15:31:00+00:00,174.69,174.72,174.6,1465,174.645,374666,174.599055
2023-05-18 15:32:00+00:00,174.745,174.75,174.6822,1190,174.69,139197,174.725349
2023-05-18 15:33:00+00:00,174.68,174.75,174.64,946,174.75,79746,174.693496
2023-05-18 15:34:00+00:00,174.5785,174.69,174.57,1045,174.685,120977,174.625262
2023-05-18 15:35:00+00:00,174.58,174.59,174.535,766,174.58,78635,174.564851
2023-05-18 15:36:00+00:00,174.7484,174.75,174.575,962,174.58,111967,174.638868
2023-05-18 15:37:00+00:00,174.73,174.76,174.6915,876,174.74,93868,174.724532
2023-05-18 15:38:00+00:00,174.7485,174.83,174.73,1612,174.73,144914,174.775444
2023-05-18 15:39:00+00:00,174.61,174.75,174.58,1081,174.75,122253,174.652751
2023-05-18 15:40:00+00:00,174.68,174.69,174.56,850,174.615,70036,174.623405
2023-05-18 15:41:00+00:00,174.75,174.75,174.65,798,174.6899,74636,174.70065
2023-05-18 15:42:00+00:00,174.81,174.84,174.74,1264,174.755,121271,174.790556
2023-05-18 15:43:00+00:00,174.8262,174.86,174.8,1120,174.805,122338,174.831718
2023-05-18 15:44:00+00:00,174.81,174.88,174.795,973,174.825,97114,174.836695
2023-05-18 15:45:00+00:00,174.8135,174.86,174.8,849,174.82,88579,174.820094
2023-05-18 15:46:00+00:00,174.9,174.94,174.815,1760,174.815,232801,174.889411
2023-05-18 15:47:00+00:00,174.9,174.93,174.879,933,174.8934,96855,174.900553
2023-05-18 15:48:00+00:00,174.98,175.0,174.89,1941,174.8934,216125,174.943287
2023-05-18 15:49:00+00:00,174.9499,175.01,174.93,3286,174.98,338853,174.973635
2023-05-18 15:50:00+00:00,174.985,175.0,174.93,1200,174.94,161225,174.976445
2023-05-18 15:51:00+00:00,174.94,174.9899,174.92,1363,174.98,134907,174.956291
2023-05-18 15:52:00+00:00,174.98,175.0,174.9301,1434,174.945,122257,174.96673
2023-05-18 15:53:00+00:00,174.94,175.0,174.93,1187,174.98,142146,174.975491
2023-05-18 15:54:00+00:00,174.95,174.98,174.93,1095,174.94,202228,174.970982
2023-05-18 15:55:00+00:00,174.91,174.95,174.91,1343,174.94,123347,174.928278
2023-05-18 15:56:00+00:00,174.73,174.92,174.7101,3266,174.92,351853,174.837423
2023-05-18 15:57:00+00:00,174.83,174.8471,174.6313,2900,174.73,262368,174.725586
2023-05-18 15:58:00+00:00,174.65,174.85,174.63,1358,174.83,132979,174.756252
2023-05-18 15:59:00+00:00,174.8057,174.83,174.65,1394,174.65,125548,174.748847
2023-05-18 16:00:00+00:00,174.755,174.8,174.73,826,174.8,76108,174.772091
2023-05-18 16:01:00+00:00,174.725,174.78,174.7004,862,174.7503,69672,174.74686
2023-05-18 16:02:00+00:00,174.755,174.82,174.71,868,174.73,74182,174.760181
2023-05-18 16:03:00+00:00,174.775,174.82,174.7309,806,174.74,55373,174.784361
2023-05-18 16:04:00+00:00,174.78,174.79,174.735,1009,174.785,97307,174.762395
2023-05-18 16:05:00+00:00,174.61,174.8179,174.58,2551,174.78,222881,174.662049
2023-05-18 16:06:00+00:00,174.605,174.695,174.6,1268,174.61,135975,174.653897
2023-05-18 16:07:00+00:00,174.53,174.6085,174.46,2063,174.6001,211967,174.52014
2023-05-18 16:08:00+00:00,174.6589,174.67,174.53,1485,174.54,116095,174.597585
2023-05-18 16:09:00+00:00,174.66,174.72,174.63,1007,174.66,91394,174.6749
2023-05-18 16:10:00+00:00,174.71,174.72,174.6199,1068,174.66,88614,174.670467
2023-05-18 16:11:00+00:00,174.75,174.76,174.6646,726,174.71,59283,174.713439
2023-05-18 16:12:00+00:00,174.855,174.86,174.75,1118,174.76,129162,174.808572
2023-05-18 16:13:00+00:00,174.5599,174.875,174.5575,2010,174.86,202387,174.730872
2023-05-18 16:14:00+00:00,174.42,174.6,174.4,1689,174.55,163880,174.498813
2023-05-18 16:15:00+00:00,174.42,174.43,174.28,1964,174.42,183748,174.367024
2023-05-18 16:16:00+00:00,174.52,174.57,174.43,1357,174.43,139764,174.503452
2023-05-18 16:17:00+00:00,174.52,174.57,174.45,1083,174.52,95447,174.522801
2023-05-18 16:18:00+00:00,174.54,174.64,174.5,1927,174.51,190987,174.589709
2023-05-18 16:19:00+00:00,174.4486,174.53,174.42,1311,174.53,115517,174.48583
2023-05-18 16:20:00+00:00,174.365,174.4555,174.33,1474,174.45,139156,174.386268
2023-05-18 16:21:00+00:00,174.22,174.38,174.22,1069,174.36,108728,174.314396
2023-05-18 16:22:00+00:00,174.33,174.35,174.21,1027,174.22,86712,174.272056
2023-05-18 16:23:00+00:00,174.25,174.37,174.225,824,174.33,114837,174.279977
2023-05-18 16:24:00+00:00,174.311,174.35,174.225,650,174.24,58168,174.299533
2023-05-18 16:25:00+00:00,174.18,174.375,174.16,1542,174.31,146175,174.259635
2023-05-18 16:26:00+00:00,174.27,174.28,174.18,903,174.18,77126,174.225901
2023-05-18 16:27:00+00:00,174.31,174.32,174.25,600,174.275,54145,174.274854
2023-05-18 16:28:00+00:00,174.31,174.31,174.23,663,174.3085,51582,174.279685
2023-05-18 16:29:00+00:00,174.36,174.365,174.255,708,174.305,51835,174.300767
2023-05-18 16:30:00+00:00,174.3896,174.39,174.265,744,174.37,56110,174.319215
2023-05-18 16:31:00+00:00,174.3518,174.41,174.27,1229,174.38,91828,174.352583
2023-05-18 16:32:00+00:00,174.42,174.42,174.33,562,174.355,44682,174.37289
2023-05-18 16:33:00+00:00,174.4,174.44,174.39,620,174.425,54102,174.41528
2023-05-18 16:34:00+00:00,174.4401,174.45,174.37,579,174.395,87725,174.40288
2023-05-18 16:35:00+00:00,174.47,174.5,174.405,783,174.44,78499,174.452385
2023-05-18 16:36:00+00:00,174.49,174.5281,174.39,752,174.46,58423,174.471081
2023-05-18 16:37:00+00:00,174.435,174.4879,174.35,820,174.4879,71401,174.412663
2023-05-18 16:38:00+00:00,174.43,174.49,174.41,588,174.43,45650,174.45084
2023-05-18 16:39:00+00:00,174.2882,174.43,174.2882,773,174.43,69038,174.345843
2023-05-18 16:40:00+00:00,174.305,174.3599,174.2879,481,174.2879,44651,174.325734
2023-05-18 16:41:00+00:00,174.4173,174.44,174.305,628,174.305,59734,174.40016
2023-05-18 16:42:00+00:00,174.355,174.41,174.33,490,174.41,37928,174.363525
2023-05-18 16:43:00+00:00,174.3,174.37,174.23,653,174.355,49662,174.28152
2023-05-18 16:44:00+00:00,174.4121,174.44,174.285,1444,174.29,146668,174.383626
2023-05-18 16:45:00+00:00,174.42,174.44,174.4,740,174.415,63372,174.415438
2023-05-18 16:46:00+00:00,174.31,174.415,174.29,549,174.41,46887,174.354805
2023-05-18 16:47:00+00:00,174.36,174.3743,174.26,755,174.31,104518,174.325866
2023-05-18 16:48:00+00:00,174.3,174.37,174.27,912,174.37,96712,174.312991
2023-05-18 16:49:00+00:00,174.319,174.32,174.265,568,174.3,49111,174.294547
2023-05-18 16:50:00+00:00,174.245,174.32,174.2199,544,174.31,61294,174.259773
2023-05-18 16:51:00+00:00,174.26,174.26,174.215,504,174.24,43611,174.238615
2023-05-18 16:52:00+00:00,174.33,174.33,174.2,762,174.2671,75224,174.281219
2023-05-18 16:53:00+00:00,174.3,174.37,174.3,822,174.33,79160,174.331754
2023-05-18 16:54:00+00:00,174.37,174.39,174.31,462,174.31,38446,174.352383
2023-05-18 16:55:00+00:00,174.22,174.365,174.2091,753,174.365,77540,174.272996
2023-05-18 16:56:00+00:00,174.25,174.27,174.13,1424,174.21,140782,174.188908
2023-05-18 16:57:00+00:00,174.25,174.35,174.25,1084,174.26,111351,174.29658
2023-05-18 16:58:00+00:00,174.21,174.28,174.2,581,174.26,53335,174.24477
2023-05-18 16:59:00+00:00,174.2797,174.32,174.2,816,174.215,133369,174.274304
2023-05-18 17:00:00+00:00,174.47,174.49,174.27,1281,174.28,176437,174.383619
2023-05-18 17:01:00+00:00,174.5301,174.54,174.42,1287,174.47,138242,174.473021
2023-05-18 17:02:00+00:00,174.58,174.585,174.49,1023,174.5399,109987,174.540097
2023-05-18 17:03:00+00:00,174.55,174.58,174.4655,788,174.58,82476,174.52685
2023-05-18 17:04:00+00:00,174.5943,174.615,174.535,722,174.5517,82637,174.580576
2023-05-18 17:05:00+00:00,174.5899,174.625,174.5601,904,174.6,112690,174.60121
2023-05-18 17:06:00+00:00,174.5,174.62,174.44,847,174.5878,108058,174.511554
2023-05-18 17:07:00+00:00,174.4776,174.53,174.46,478,174.5,48535,174.497371
2023-05-18 17:08:00+00:00,174.54,174.55,174.46,595,174.475,71171,174.507029
2023-05-18 17:09:00+00:00,174.6177,174.63,174.51,705,174.5399,61286,174.573813
2023-05-18 17:10:00+00:00,174.5399,174.62,174.495,670,174.61,56092,174.542677
2023-05-18 17:11:00+00:00,174.51,174.56,174.4829,528,174.54,44482,174.523929
2023-05-18 17:12:00+00:00,174.4801,174.54,174.48,484,174.5,35379,174.51036
2023-05-18 17:13:00+00:00,174.4299,174.485,174.39,626,174.485,72723,174.420966
2023-05-18 17:14:00+00:00,174.455,174.47,174.405,600,174.415,60202,174.433522
2023-05-18 17:15:00+00:00,174.465,174.48,174.425,597,174.46,54384,174.456059
2023-05-18 17:16:00+00:00,174.5099,174.51,174.46,507,174.465,53184,174.482792
2023-05-18 17:17:00+00:00,174.5331,174.55,174.48,509,174.51,53136,174.514897
2023-05-18 17:18:00+00:00,174.63,174.63,174.53,608,174.54,66755,174.568384
2023-05-18 17:19:00+00:00,174.61,174.65,174.59,717,174.62,74215,174.626017
2023-05-18 17:20:00+00:00,174.675,174.675,174.59,572,174.615,79408,174.638271
2023-05-18 17:21:00+00:00,174.715,174.73,174.67,777,174.6746,116871,174.698151
2023-05-18 17:22:00+00:00,174.71,174.73,174.6701,506,174.71,68209,174.705781
2023-05-18 17:23:00+00:00,174.71,174.7201,174.67,507,174.7095,64642,174.697507
2023-05-18 17:24:00+00:00,174.7425,174.75,174.71,739,174.7111,73824,174.724642
2023-05-18 17:25:00+00:00,174.78,174.78,174.73,658,174.7499,65029,174.756642
2023-05-18 17:26:00+00:00,174.835,174.84,174.78,959,174.78,89023,174.808297
2023-05-18 17:27:00+00:00,174.8,174.85,174.76,571,174.835,65934,174.790581
2023-05-18 17:28:00+00:00,174.59,174.81,174.47,4150,174.795,391033,174.666106
2023-05-18 17:29:00+00:00,174.28,174.68,174.26,1823,174.5915,202184,174.478128
2023-05-18 17:30:00+00:00,174.32,174.335,174.22,1205,174.28,109394,174.292479
2023-05-18 17:31:00+00:00,174.32,174.39,174.22,1058,174.33,93979,174.327217
2023-05-18 17:32:00+00:00,174.34,174.385,174.2697,686,174.3131,62233,174.338917
2023-05-18 17:33:00+00:00,174.3999,174.42,174.3201,604,174.33,71509,174.355012
2023-05-18 17:34:00+00:00,174.38,174.4065,174.335,493,174.4,48061,174.369277
2023-05-18 17:35:00+00:00,174.4009,174.44,174.345,595,174.37,62323,174.400025
2023-05-18 17:36:00+00:00,174.4174,174.44,174.38,509,174.41,40600,174.407317
2023-05-18 17:37:00+00:00,174.29,174.44,174.27,786,174.4067,71082,174.343207
2023-05-18 17:38:00+00:00,174.27,174.33,174.245,735,174.298,58112,174.277681
2023-05-18 17:39:00+00:00,174.24,174.295,174.23,823,174.26,203248,174.2519
2023-05-18 17:40:00+00:00,174.32,174.34,174.2049,709,174.235,70883,174.271945
2023-05-18 17:41:00+00:00,174.27,174.32,174.24,802,174.32,61252,174.282468
2023-05-18 17:42:00+00:00,174.22,174.29,174.17,599,174.27,44848,174.224908
2023-05-18 17:43:00+00:00,174.22,174.255,174.2,536,174.22,36426,174.222861
2023-05-18 17:44:00+00:00,174.2,174.24,174.19,532,174.22,49064,174.221037
2023-05-18 17:45:00+00:00,174.12,174.2,174.03,1564,174.19,158025,174.087696
2023-05-18 17:46:00+00:00,174.2,174.21,174.12,759,174.13,68115,174.165271
2023-05-18 17:47:00+00:00,174.24,174.27,174.1942,664,174.2,53919,174.241385
2023-05-18 17:48:00+00:00,174.21,174.27,174.18,525,174.25,45767,174.222775
2023-05-18 17:49:00+00:00,174.2099,174.25,174.1899,498,174.2006,46333,174.213412
2023-05-18 17:50:00+00:00,174.08,174.2,174.0755,967,174.19,101078,174.131392
2023-05-18 17:51:00+00:00,174.09,174.1308,174.05,551,174.08,45000,174.092601
2023-05-18 17:52:00+00:00,174.13,174.17,174.08,541,174.085,44184,174.112959
2023-05-18 17:53:00+00:00,173.985,174.12,173.97,1506,174.12,146441,174.027187
2023-05-18 17:54:00+00:00,173.9553,174.01,173.93,841,173.99,76988,173.967502
2023-05-18 17:55:00+00:00,173.92,173.9518,173.84,1298,173.9518,129966,173.885781
2023-05-18 17:56:00+00:00,173.9272,173.96,173.87,656,173.9101,86423,173.915119
2023-05-18 17:57:00+00:00,173.845,173.935,173.845,705,173.92,61093,173.901672
2023-05-18 17:58:00+00:00,173.765,173.87,173.76,1155,173.84,149913,173.818588
2023-05-18 17:59:00+00:00,173.8201,173.84,173.76,685,173.765,63268,173.806342
2023-05-18 18:00:00+00:00,173.7232,173.825,173.68,961,173.825,73933,173.752011
2023-05-18 18:01:00+00:00,173.87,173.87,173.71,772,173.725,68468,173.7799
2023-05-18 18:02:00+00:00,173.88,173.89,173.825,722,173.87,57706,173.853477
2023-05-18 18:03:00+00:00,173.895,173.93,173.855,796,173.8806,69685,173.896183
2023-05-18 18:04:00+00:00,173.85,173.8971,173.825,503,173.8971,48990,173.859591
2023-05-18 18:05:00+00:00,173.775,173.88,173.7601,682,173.84,67206,173.832057
2023-05-18 18:06:00+00:00,173.79,173.82,173.732,673,173.78,61500,173.777549
2023-05-18 18:07:00+00:00,173.89,173.92,173.785,838,173.785,80206,173.85012
2023-05-18 18:08:00+00:00,173.89,173.9181,173.845,616,173.88,55251,173.881283
2023-05-18 18:09:00+00:00,173.81,173.9,173.81,530,173.9,56157,173.837066
2023-05-18 18:10:00+00:00,173.8489,173.8774,173.81,668,173.81,73231,173.829427
2023-05-18 18:11:00+00:00,173.8722,173.89,173.83,726,173.84,90432,173.853481
2023-05-18 18:12:00+00:00,173.9,173.9,173.86,552,173.87,63003,173.879015
2023-05-18 18:13:00+00:00,173.82,173.9,173.79,749,173.895,68978,173.828719
2023-05-18 18:14:00+00:00,173.9,173.91,173.79,736,173.83,77720,173.840327
2023-05-18 18:15:00+00:00,173.95,174.0,173.8904,756,173.8904,90128,173.952769
2023-05-18 18:16:00+00:00,174.0,174.0,173.93,612,173.95,73180,173.954869
2023-05-18 18:17:00+00:00,174.05,174.06,173.955,902,173.99,75148,173.998842
2023-05-18 18:18:00+00:00,174.08,174.09,174.0003,624,174.05,61092,174.046616
2023-05-18 18:19:00+00:00,174.18,174.19,174.0688,996,174.069,88629,174.128583
2023-05-18 18:20:00+00:00,174.19,174.24,174.16,931,174.18,106354,174.212436
2023-05-18 18:21:00+00:00,174.235,174.265,174.17,598,174.19,72590,174.226174
2023-05-18 18:22:00+00:00,174.185,174.27,174.18,567,174.24,64949,174.21268
2023-05-18 18:23:00+00:00,174.25,174.25,174.1701,583,174.1899,62042,174.21195
2023-05-18 18:24:00+00:00,174.2,174.28,174.195,609,174.27,58698,174.232887
2023-05-18 18:25:00+00:00,174.255,174.27,174.18,770,174.22,80238,174.222881
2023-05-18 18:26:00+00:00,174.2275,174.26,174.19,398,174.24,35179,174.222555
2023-05-18 18:27:00+00:00,174.2,174.26,174.185,505,174.23,45978,174.222162
2023-05-18 18:28:00+00:00,174.1689,174.23,174.1501,638,174.2,53883,174.197037
2023-05-18 18:29:00+00:00,174.11,174.19,174.09,680,174.16,55470,174.141187
2023-05-18 18:30:00+00:00,174.2191,174.22,174.11,752,174.11,72851,174.168656
2023-05-18 18:31:00+00:00,174.175,174.23,174.175,534,174.21,47846,174.204289
2023-05-18 18:32:00+00:00,174.2075,174.21,174.15,493,174.18,43891,174.178419
2023-05-18 18:33:00+00:00,174.215,174.2533,174.195,694,174.202,78864,174.221819
2023-05-18 18:34:00+00:00,174.225,174.25,174.21,487,174.22,41827,174.230965
2023-05-18 18:35:00+00:00,174.29,174.3,174.205,703,174.2223,55440,174.244077
2023-05-18 18:36:00+00:00,174.28,174.33,174.255,925,174.2817,100776,174.305001
2023-05-18 18:37:00+00:00,174.38,174.4,174.28,1168,174.28,123553,174.35962
2023-05-18 18:38:00+00:00,174.4299,174.45,174.375,854,174.38,86962,174.416183
2023-05-18 18:39:00+00:00,174.48,174.48,174.425,816,174.43,91647,174.45289
2023-05-18 18:40:00+00:00,174.47,174.5,174.41,779,174.49,77110,174.460141
2023-05-18 18:41:00+00:00,174.43,174.47,174.41,565,174.47,63971,174.426454
2023-05-18 18:42:00+00:00,174.3599,174.43,174.3599,650,174.42,61799,174.388783
2023-05-18 18:43:00+00:00,174.4,174.4,174.31,743,174.35,77241,174.344549
2023-05-18 18:44:00+00:00,174.3881,174.4344,174.3699,629,174.3999,76381,174.382503
2023-05-18 18:45:00+00:00,174.3869,174.43,174.38,727,174.39,53605,174.403655
2023-05-18 18:46:00+00:00,174.46,174.48,174.38,708,174.385,61902,174.443052
2023-05-18 18:47:00+00:00,174.5924,174.61,174.45,1494,174.46,148058,174.538074
2023-05-18 18:48:00+00:00,174.6131,174.63,174.58,790,174.585,73987,174.608068
2023-05-18 18:49:00+00:00,174.66,174.66,174.61,853,174.61,87954,174.638509
2023-05-18 18:50:00+00:00,174.615,174.69,174.61,759,174.66,65599,174.638169
2023-05-18 18:51:00+00:00,174.6,174.63,174.57,817,174.615,81514,174.600589
2023-05-18 18:52:00+00:00,174.6262,174.65,174.59,663,174.59,57780,174.626548
2023-05-18 18:53:00+00:00,174.555,174.6221,174.555,665,174.62,50260,174.587972
2023-05-18 18:54:00+00:00,174.505,174.57,174.4801,974,174.5577,75101,174.531233
2023-05-18 18:55:00+00:00,174.48,174.515,174.415,1351,174.5,132009,174.458521
2023-05-18 18:56:00+00:00,174.485,174.5,174.43,831,174.47,68549,174.465448
2023-05-18 18:57:00+00:00,174.5,174.54,174.45,1043,174.485,97729,174.499039
2023-05-18 18:58:00+00:00,174.43,174.51,174.42,783,174.5077,56926,174.479006
2023-05-18 18:59:00+00:00,174.425,174.47,174.42,683,174.44,45211,174.444379
2023-05-18 19:00:00+00:00,174.47,174.52,174.42,1431,174.425,142709,174.462152
2023-05-18 19:01:00+00:00,174.45,174.475,174.41,868,174.47,73537,174.440666
2023-05-18 19:02:00+00:00,174.515,174.53,174.43,973,174.45,83631,174.48436
2023-05-18 19:03:00+00:00,174.38,174.52,174.37,1470,174.51,133425,174.434963
2023-05-18 19:04:00+00:00,174.335,174.405,174.335,882,174.3811,66406,174.371215
2023-05-18 19:05:00+00:00,174.255,174.34,174.22,1424,174.335,140266,174.280302
2023-05-18 19:06:00+00:00,174.31,174.32,174.22,936,174.26,79206,174.262917
2023-05-18 19:07:00+00:00,174.25,174.32,174.245,667,174.31,77341,174.266991
2023-05-18 19:08:00+00:00,174.27,174.29,174.2247,905,174.25,81385,174.259517
2023-05-18 19:09:00+00:00,174.29,174.2901,174.24,692,174.2766,70506,174.268167
2023-05-18 19:10:00+00:00,174.32,174.33,174.245,1668,174.3,188456,174.287461
2023-05-18 19:11:00+00:00,174.28,174.3299,174.24,758,174.3175,68199,174.267539
2023-05-18 19:12:00+00:00,174.2999,174.31,174.25,689,174.28,62189,174.277648
2023-05-18 19:13:00+00:00,174.3325,174.3499,174.275,883,174.3,326376,174.431658
2023-05-18 19:14:00+00:00,174.26,174.34,174.2575,1052,174.33,91762,174.289907
2023-05-18 19:15:00+00:00,174.375,174.38,174.2501,1089,174.2599,97920,174.316144
2023-05-18 19:16:00+00:00,174.435,174.47,174.36,1225,174.38,114247,174.413161
2023-05-18 19:17:00+00:00,174.47,174.48,174.38,936,174.43,92541,174.430052
2023-05-18 19:18:00+00:00,174.53,174.55,174.47,1824,174.475,217117,174.514544
2023-05-18 19:19:00+00:00,174.6399,174.69,174.51,2157,174.53,225197,174.631691
2023-05-18 19:20:00+00:00,174.585,174.66,174.5701,1083,174.64,109778,174.620446
2023-05-18 19:21:00+00:00,174.485,174.62,174.48,1764,174.585,177884,174.543477
2023-05-18 19:22:00+00:00,174.5,174.51,174.465,1439,174.4899,144808,174.489938
2023-05-18 19:23:00+00:00,174.495,174.505,174.45,894,174.5,86398,174.482966
2023-05-18 19:24:00+00:00,174.5,174.52,174.465,892,174.495,78501,174.490443
2023-05-18 19:25:00+00:00,174.415,174.505,174.405,1202,174.495,122135,174.465747
2023-05-18 19:26:00+00:00,174.485,174.49,174.385,1158,174.4199,122202,174.428263
2023-05-18 19:27:00+00:00,174.4996,174.53,174.47,1116,174.48,96939,174.499638
2023-05-18 19:28:00+00:00,174.4425,174.51,174.44,858,174.5,80532,174.468974
2023-05-18 19:29:00+00:00,174.5,174.52,174.445,944,174.45,92771,174.489887
2023-05-18 19:30:00+00:00,174.5768,174.6,174.51,1709,174.51,195108,174.563313
2023-05-18 19:31:00+00:00,174.565,174.58,174.54,804,174.575,79487,174.560251
2023-05-18 19:32:00+00:00,174.62,174.63,174.55,1047,174.565,103387,174.599428
2023-05-18 19:33:00+00:00,174.57,174.64,174.55,1157,174.63,99208,174.582304
2023-05-18 19:34:00+00:00,174.57,174.59,174.54,1117,174.56,89202,174.569212
2023-05-18 19:35:00+00:00,174.5693,174.58,174.535,1001,174.57,105468,174.55762
2023-05-18 19:36:00+00:00,174.55,174.58,174.52,871,174.565,567208,174.505746
2023-05-18 19:37:00+00:00,174.49,174.55,174.48,1179,174.55,83289,174.509685
2023-05-18 19:38:00+00:00,174.5517,174.57,174.4811,1056,174.4811,77816,174.526871
2023-05-18 19:39:00+00:00,174.595,174.62,174.55,1378,174.56,135804,174.584066
2023-05-18 19:40:00+00:00,174.725,174.74,174.555,2132,174.59,206850,174.638259
2023-05-18 19:41:00+00:00,174.755,174.77,174.695,1639,174.725,195893,174.741574
2023-05-18 19:42:00+00:00,174.82,174.82,174.73,1470,174.75,127687,174.792778
2023-05-18 19:43:00+00:00,174.84,174.84,174.78,1287,174.8199,130973,174.800218
2023-05-18 19:44:00+00:00,174.92,174.96,174.825,2301,174.84,226345,174.887639
2023-05-18 19:45:00+00:00,174.9501,175.02,174.92,4979,174.92,436040,174.97926
2023-05-18 19:46:00+00:00,174.92,174.95,174.8742,1768,174.95,173360,174.916104
2023-05-18 19:47:00+00:00,174.905,174.93,174.87,1712,174.91,183000,174.89958
2023-05-18 19:48:00+00:00,174.88,174.9499,174.83,1801,174.91,153061,174.889051
2023-05-18 19:49:00+00:00,174.875,174.9299,174.8612,2066,174.88,173825,174.898095
2023-05-18 19:50:00+00:00,174.97,175.04,174.87,14746,174.875,1639196,174.991546
2023-05-18 19:51:00+00:00,174.99,175.12,174.9618,4641,174.97,471835,175.062213
2023-05-18 19:52:00+00:00,175.035,175.08,174.955,3783,175.0,395144,175.02543
2023-05-18 19:53:00+00:00,175.0522,175.1,175.03,2701,175.04,260036,175.065581
2023-05-18 19:54:00+00:00,174.89,175.08,174.81,3939,175.05,374636,174.975703
2023-05-18 19:55:00+00:00,174.865,174.93,174.755,4810,174.89,495135,174.837676
2023-05-18 19:56:00+00:00,175.005,175.01,174.845,3010,174.87,250659,174.943571
2023-05-18 19:57:00+00:00,175.09,175.1,174.97,3304,175.0,349894,175.047893
2023-05-18 19:58:00+00:00,175.095,175.1,175.04,3852,175.085,413599,175.070673
2023-05-18 19:59:00+00:00,175.07,175.24,175.0501,10868,175.095,1315536,175.148397
2023-05-18 20:00:00+00:00,175.14,175.14,175.05,204,175.07,8631589,175.05009
2023-05-18 20:01:00+00:00,175.11,175.14,175.05,109,175.14,856916,175.050716
2023-05-18 20:02:00+00:00,175.08,175.12,175.06,83,175.11,185474,175.051178
2023-05-18 20:03:00+00:00,175.05,175.08,175.04,80,175.0701,5223,175.060196
2023-05-18 20:04:00+00:00,175.05,175.06,175.05,45,175.05,1739,175.051899
2023-05-18 20:05:00+00:00,175.05,175.05,175.05,44,175.05,1536,175.047984
2023-05-18 20:06:00+00:00,175.05,175.05,175.05,52,175.05,4359,175.049639
2023-05-18 20:07:00+00:00,175.04,175.07,175.04,27,175.07,621,175.050946
2023-05-18 20:08:00+00:00,175.05,175.05,175.05,39,175.05,482,175.049247
2023-05-18 20:09:00+00:00,175.05,175.06,175.03,63,175.04,95431,175.048943
2023-05-18 20:10:00+00:00,175.04,175.05,175.04,34,175.05,736,175.045382
2023-05-18 20:11:00+00:00,175.04,175.05,175.01,73,175.04,5455,175.030384
2023-05-18 20:12:00+00:00,175.06,175.06,175.05,30,175.05,865,175.052838
2023-05-18 20:13:00+00:00,175.05,175.05,175.05,18,175.05,15742,175.050062
2023-05-18 20:14:00+00:00,175.13,175.13,175.06,79,175.06,6423,175.080518
2023-05-18 20:15:00+00:00,175.15,175.19,175.12,111,175.15,7682,175.149113
2023-05-18 20:16:00+00:00,175.16,175.19,175.16,38,175.16,2506,175.164361
2023-05-18 20:17:00+00:00,175.17,175.17,175.16,53,175.16,5263,175.162218
2023-05-18 20:18:00+00:00,175.22,175.23,175.17,86,175.17,11461,174.591109
2023-05-18 20:19:00+00:00,175.25,175.29,175.22,204,175.23,16823,175.246733
2023-05-18 20:20:00+00:00,175.2,175.28,175.2,47,175.2601,4863,175.236272
2023-05-18 20:21:00+00:00,175.3,175.3,175.15,147,175.19,15484,175.240202
2023-05-18 20:22:00+00:00,175.279,175.3,175.26,55,175.3,4245,175.287006
2023-05-18 20:23:00+00:00,175.25,175.25,175.25,28,175.25,346,175.253844
2023-05-18 20:24:00+00:00,175.26,175.26,175.23,37,175.23,918,175.255986
2023-05-18 20:25:00+00:00,175.22,175.26,175.22,57,175.26,2741,175.239325
2023-05-18 20:26:00+00:00,175.21,175.2272,175.21,23,175.22,904,175.220244
2023-05-18 20:27:00+00:00,175.2,175.21,175.2,46,175.21,2576,175.200424
2023-05-18 20:28:00+00:00,175.17,175.19,175.17,30,175.19,1316,175.179681
2023-05-18 20:29:00+00:00,175.15,175.17,175.15,53,175.16,2035,175.157361
2023-05-18 20:31:00+00:00,175.17,175.19,175.15,40,175.15,2420,175.160217
2023-05-18 20:32:00+00:00,175.21,175.21,175.17,26,175.2,1777,175.199007
2023-05-18 20:33:00+00:00,175.26,175.26,175.2,64,175.2,4328,175.242958
2023-05-18 20:34:00+00:00,175.2,175.27,175.2,27,175.26,3044,175.239093
2023-05-18 20:35:00+00:00,175.2,175.2,175.19,30,175.19,474,175.199262
2023-05-18 20:36:00+00:00,175.23,175.24,175.21,37,175.21,1584,175.228792
2023-05-18 20:37:00+00:00,175.2499,175.2499,175.2499,29,175.2499,377,175.240676
2023-05-18 20:38:00+00:00,175.3,175.3,175.23,86,175.23,4409,175.267967
2023-05-18 20:39:00+00:00,175.29,175.31,175.28,28,175.28,2057,175.299592
2023-05-18 20:40:00+00:00,175.31,175.31,175.29,35,175.31,666,175.303566
2023-05-18 20:41:00+00:00,175.2804,175.3099,175.28,22,175.3099,1915,175.285718
2023-05-18 20:42:00+00:00,175.27,175.28,175.27,32,175.28,4672,175.278955
2023-05-18 20:43:00+00:00,175.24,175.24,175.224,27,175.224,389,175.235897
2023-05-18 20:44:00+00:00,175.23,175.23,175.22,26,175.22,455,175.222297
2023-05-18 20:45:00+00:00,175.21,175.22,175.21,27,175.21,897,175.217347
2023-05-18 20:46:00+00:00,175.22,175.22,175.2,31,175.22,691,175.211838
2023-05-18 20:47:00+00:00,175.23,175.23,175.22,52,175.22,4704,175.224157
2023-05-18 20:48:00+00:00,175.25,175.25,175.24,23,175.24,2166,175.245088
2023-05-18 20:49:00+00:00,175.15,175.25,175.15,66,175.25,4440,175.220402
2023-05-18 20:50:00+00:00,175.21,175.22,175.1813,33,175.19,6040,175.193194
2023-05-18 20:51:00+00:00,175.22,175.22,175.18,47,175.19,3236,175.204701
2023-05-18 20:52:00+00:00,175.19,175.19,175.19,18,175.19,263,175.192675
2023-05-18 20:53:00+00:00,175.25,175.25,175.2,32,175.2,3429,175.216922
2023-05-18 20:54:00+00:00,175.22,175.26,175.22,41,175.25,2190,175.239895
2023-05-18 20:55:00+00:00,175.24,175.24,175.24,22,175.24,1028,175.23751
2023-05-18 20:56:00+00:00,175.27,175.27,175.24,42,175.24,3010,175.248409
2023-05-18 20:57:00+00:00,175.25,175.2697,175.23,35,175.2697,3678,175.248778
2023-05-18 20:58:00+00:00,175.25,175.28,175.25,46,175.27,1867,175.256422
2023-05-18 20:59:00+00:00,175.26,175.26,175.26,25,175.26,740,175.258314
2023-05-18 21:00:00+00:00,175.23,175.2618,175.23,36,175.2618,508,175.117756
2023-05-18 21:01:00+00:00,175.27,175.3,175.25,64,175.25,6047,175.287612
2023-05-18 21:02:00+00:00,175.26,175.27,175.26,17,175.27,773,175.263505
2023-05-18 21:03:00+00:00,175.29,175.3,175.26,38,175.27,1446,175.284389
2023-05-18 21:05:00+00:00,175.3,175.3,175.26,15,175.26,309,175.27835
2023-05-18 21:06:00+00:00,175.27,175.29,175.27,12,175.29,416,173.525689
2023-05-18 21:07:00+00:00,175.28,175.3,175.28,15,175.3,303,175.285207
2023-05-18 21:08:00+00:00,175.2632,175.27,175.2632,28,175.27,599,173.810519
2023-05-18 21:09:00+00:00,175.26,175.261,175.26,24,175.261,571,172.758807
2023-05-18 21:10:00+00:00,175.28,175.28,175.28,18,175.28,315,175.273794
2023-05-18 21:11:00+00:00,175.26,175.26,175.05,27,175.05,41448,175.052659
2023-05-18 21:12:00+00:00,175.25,175.27,175.25,13,175.27,472,175.257899
2023-05-18 21:13:00+00:00,175.255,175.26,175.255,26,175.26,1331,175.260384
2023-05-18 21:14:00+00:00,175.27,175.27,175.27,17,175.27,365,175.271064
2023-05-18 21:15:00+00:00,175.3,175.3,175.29,31,175.29,5622,175.293999
2023-05-18 21:16:00+00:00,175.3,175.3,175.3,37,175.3,3313,175.299643
2023-05-18 21:18:00+00:00,175.28,175.28,175.28,20,175.28,523,175.279454
2023-05-18 21:20:00+00:00,175.28,175.28,175.28,13,175.28,343,175.283615
2023-05-18 21:21:00+00:00,175.28,175.3,175.28,21,175.3,5853,175.297287
2023-05-18 21:22:00+00:00,175.27,175.27,175.27,13,175.27,534,175.276742
2023-05-18 21:23:00+00:00,175.26,175.27,175.26,33,175.27,2613,175.261982
2023-05-18 21:25:00+00:00,175.25,175.25,175.25,20,175.25,1116,175.250269
2023-05-18 21:26:00+00:00,175.26,175.26,175.26,29,175.26,432,175.249653
2023-05-18 21:27:00+00:00,175.25,175.25,175.25,23,175.25,335,175.250288
2023-05-18 21:28:00+00:00,175.24,175.25,175.24,20,175.25,1322,175.246861
2023-05-18 21:30:00+00:00,175.26,175.26,175.24,28,175.24,2805,175.249421
2023-05-18 21:31:00+00:00,175.26,175.26,175.26,15,175.26,1049,175.259523
2023-05-18 21:34:00+00:00,175.29,175.29,175.29,20,175.29,337,175.262315
2023-05-18 21:35:00+00:00,175.2787,175.2787,175.2787,21,175.2787,230,175.263087
2023-05-18 21:37:00+00:00,175.27,175.27,175.27,21,175.27,918,175.269553
2023-05-18 21:38:00+00:00,175.25,175.29,175.25,27,175.25,1426,175.254161
2023-05-18 21:39:00+00:00,175.29,175.29,175.25,49,175.25,1009,175.283736
2023-05-18 21:40:00+00:00,175.29,175.3,175.29,18,175.3,1809,175.293325
2023-05-18 21:41:00+00:00,175.29,175.29,175.29,18,175.29,1051,175.290295
2023-05-18 21:42:00+00:00,175.25,175.26,175.25,29,175.26,789,175.264753
2023-05-18 21:43:00+00:00,175.25,175.25,175.24,12,175.24,10767,175.248969
2023-05-18 21:45:00+00:00,175.29,175.29,175.29,12,175.29,233,175.289789
2023-05-18 21:46:00+00:00,175.27,175.27,175.27,25,175.27,377,175.276101
2023-05-18 21:47:00+00:00,175.27,175.29,175.27,20,175.29,922,175.274984
2023-05-18 21:48:00+00:00,175.27,175.27,175.27,17,175.27,371,175.266456
2023-05-18 21:50:00+00:00,175.26,175.26,175.26,20,175.26,362,175.260208
2023-05-18 21:51:00+00:00,175.27,175.27,175.26,19,175.26,427,175.267963
2023-05-18 21:52:00+00:00,175.26,175.26,175.26,10,175.26,252,175.261468
2023-05-18 21:55:00+00:00,175.26,175.26,175.26,9,175.26,155,175.263452
2023-05-18 21:58:00+00:00,175.26,175.26,175.26,33,175.26,1677,175.259747
2023-05-18 22:02:00+00:00,175.22,175.24,175.22,26,175.22,1559,175.223303
2023-05-18 22:03:00+00:00,175.22,175.22,175.22,13,175.22,188,175.221551
2023-05-18 22:04:00+00:00,175.23,175.23,175.23,18,175.23,434,175.228756
2023-05-18 22:05:00+00:00,175.23,175.23,175.23,17,175.23,218,175.229154
2023-05-18 22:06:00+00:00,175.24,175.24,175.24,20,175.24,352,175.237926
2023-05-18 22:07:00+00:00,175.48,175.48,175.27,214,175.27,9379,175.336919
2023-05-18 22:08:00+00:00,175.73,175.74,175.49,314,175.49,13814,175.545982
2023-05-18 22:09:00+00:00,175.5,175.75,175.472,42,175.6,3978,175.680327
2023-05-18 22:10:00+00:00,175.598,175.62,175.5,34,175.5,1503,175.531617
2023-05-18 22:11:00+00:00,175.6,175.6,175.46,44,175.5938,3131,175.511299
2023-05-18 22:12:00+00:00,175.8455,175.8455,175.5999,118,175.6,9620,175.72317
2023-05-18 22:13:00+00:00,175.71,175.85,175.6,63,175.85,4872,175.743517
2023-05-18 22:14:00+00:00,176.0,176.0,175.76,248,175.78,11548,175.893724
2023-05-18 22:15:00+00:00,176.0,176.13,175.95,557,176.0,25311,176.009731
2023-05-18 22:16:00+00:00,175.91,176.1,175.86,31,175.91,1514,175.933256
2023-05-18 22:17:00+00:00,175.9475,176.0671,175.89,37,175.91,1891,175.92494
2023-05-18 22:18:00+00:00,175.88,176.04,175.88,43,175.9497,5338,175.969434
2023-05-18 22:19:00+00:00,175.9,175.9072,175.9,14,175.9072,737,175.918806
2023-05-18 22:20:00+00:00,175.94,176.04,175.9,38,176.03,2942,175.991448
2023-05-18 22:21:00+00:00,175.92,176.01,175.92,28,175.95,2663,175.949491
2023-05-18 22:22:00+00:00,175.8,175.92,175.6947,63,175.92,22898,175.884678
2023-05-18 22:23:00+00:00,175.75,175.85,175.75,40,175.8,1773,175.812975
2023-05-18 22:25:00+00:00,175.9052,175.9052,175.9052,30,175.9052,886,175.8679
2023-05-18 22:26:00+00:00,175.85,175.9,175.85,20,175.9,874,175.880149
2023-05-18 22:27:00+00:00,175.8253,175.8886,175.8253,13,175.8886,709,175.839309
2023-05-18 22:28:00+00:00,175.82,175.88,175.82,36,175.88,1547,175.862815
2023-05-18 22:29:00+00:00,175.75,175.85,175.75,36,175.83,4283,175.823045
2023-05-18 22:30:00+00:00,175.8,175.8,175.7309,17,175.7309,776,175.790561
2023-05-18 22:31:00+00:00,175.7999,175.8,175.79,17,175.8,1122,175.794124
2023-05-18 22:32:00+00:00,175.84,175.84,175.8,38,175.8,3667,175.804201
2023-05-18 22:34:00+00:00,175.76,175.77,175.76,20,175.77,1499,175.762101
2023-05-18 22:35:00+00:00,175.76,175.83,175.76,20,175.83,525,175.785686
2023-05-18 22:36:00+00:00,175.8,175.81,175.8,16,175.81,730,175.794918
2023-05-18 22:37:00+00:00,175.75,175.77,175.75,33,175.77,1025,175.761096
2023-05-18 22:38:00+00:00,175.78,175.78,175.78,21,175.78,249,175.792028
2023-05-18 22:39:00+00:00,175.8477,175.8477,175.8477,20,175.8477,190,175.840421
2023-05-18 22:40:00+00:00,175.7604,175.7604,175.7604,11,175.7604,2186,175.76548
2023-05-18 22:41:00+00:00,175.8,175.8,175.8,25,175.8,501,175.810239
2023-05-18 22:42:00+00:00,175.78,175.82,175.77,16,175.77,1656,175.799526
2023-05-18 22:43:00+00:00,175.78,175.85,175.78,29,175.85,1448,175.804814
2023-05-18 22:44:00+00:00,175.83,175.83,175.83,12,175.83,196,175.815255
2023-05-18 22:46:00+00:00,175.8,175.8,175.8,22,175.8,448,175.800186
2023-05-18 22:47:00+00:00,175.78,175.78,175.78,25,175.78,575,175.765861
2023-05-18 22:49:00+00:00,175.79,175.79,175.79,14,175.79,262,175.770611
2023-05-18 22:51:00+00:00,175.73,175.73,175.73,14,175.73,684,175.739846
2023-05-18 22:52:00+00:00,175.8,175.8,175.73,16,175.73,1205,175.7709
2023-05-18 22:53:00+00:00,175.79,175.79,175.79,21,175.79,492,175.79512
2023-05-18 22:54:00+00:00,175.89,175.89,175.791,38,175.791,5628,175.854419
2023-05-18 22:55:00+00:00,175.89,175.89,175.88,31,175.88,669,175.874709
2023-05-18 22:56:00+00:00,175.89,175.89,175.89,23,175.89,1428,175.884734
2023-05-18 22:57:00+00:00,175.87,175.9,175.87,24,175.898,1152,175.887414
2023-05-18 22:58:00+00:00,175.87,175.87,175.87,8,175.87,238,175.865357
2023-05-18 22:59:00+00:00,175.84,175.87,175.84,19,175.87,357,175.858846
2023-05-18 23:00:00+00:00,175.76,175.81,175.76,36,175.81,2289,175.778235
2023-05-18 23:01:00+00:00,175.76,175.76,175.75,18,175.75,470,175.755064
2023-05-18 23:02:00+00:00,175.76,175.76,175.75,9,175.75,233,175.758605
2023-05-18 23:04:00+00:00,175.76,175.76,175.76,9,175.76,660,175.760417
2023-05-18 23:05:00+00:00,175.75,175.76,175.75,29,175.76,7744,175.752549
2023-05-18 23:06:00+00:00,175.75,175.75,175.75,30,175.75,2569,175.750576
2023-05-18 23:07:00+00:00,175.76,175.76,175.76,25,175.76,608,175.765765
2023-05-18 23:09:00+00:00,175.78,175.78,175.78,16,175.78,185,175.779054
2023-05-18 23:10:00+00:00,175.79,175.8,175.79,28,175.8,618,175.798002
2023-05-18 23:11:00+00:00,175.81,175.81,175.78,23,175.78,639,175.802457
2023-05-18 23:12:00+00:00,175.78,175.81,175.78,28,175.81,1744,175.791055
2023-05-18 23:16:00+00:00,175.78,175.78,175.78,23,175.78,307,175.79355
2023-05-18 23:17:00+00:00,175.77,175.79,175.77,15,175.79,1837,175.78546
2023-05-18 23:18:00+00:00,175.78,175.78,175.78,16,175.78,427,175.780749
2023-05-18 23:19:00+00:00,175.78,175.78,175.78,17,175.78,558,175.784882
2023-05-18 23:22:00+00:00,175.79,175.79,175.79,15,175.79,773,175.790468
2023-05-18 23:23:00+00:00,175.75,175.79,175.75,18,175.79,2218,175.773814
2023-05-18 23:24:00+00:00,175.77,175.77,175.77,12,175.77,130,175.770308
2023-05-18 23:27:00+00:00,175.75,175.75,175.75,10,175.75,208,175.755
2023-05-18 23:30:00+00:00,175.71,175.75,175.71,37,175.75,2738,175.746205
2023-05-18 23:31:00+00:00,175.72,175.72,175.72,30,175.72,759,175.709783
2023-05-18 23:32:00+00:00,175.69,175.69,175.69,21,175.69,523,175.677562
2023-05-18 23:33:00+00:00,175.67,175.68,175.67,28,175.68,1646,175.665091
2023-05-18 23:34:00+00:00,175.65,175.65,175.65,15,175.65,495,175.652727
2023-05-18 23:35:00+00:00,175.65,175.65,175.65,18,175.65,1355,175.649041
2023-05-18 23:36:00+00:00,175.74,175.8,175.65,43,175.65,1957,175.735654
2023-05-18 23:37:00+00:00,175.8,175.8,175.8,20,175.8,1265,175.796455
2023-05-18 23:39:00+00:00,175.71,175.74,175.69,21,175.69,2846,175.713154
2023-05-18 23:40:00+00:00,175.76,175.8,175.72,16,175.72,1616,175.78569
2023-05-18 23:41:00+00:00,175.7,175.72,175.7,21,175.72,2263,175.700844
2023-05-18 23:42:00+00:00,175.75,175.75,175.75,16,175.75,297,175.73931
2023-05-18 23:44:00+00:00,175.75,175.75,175.75,8,175.75,385,175.745662
2023-05-18 23:45:00+00:00,175.72,175.72,175.72,17,175.72,425,175.718706
2023-05-18 23:47:00+00:00,175.77,175.77,175.77,15,175.77,358,175.754427
2023-05-18 23:48:00+00:00,175.85,175.85,175.74,41,175.74,2969,175.835199
2023-05-18 23:51:00+00:00,175.8,175.81,175.8,16,175.81,776,175.799981
2023-05-18 23:52:00+00:00,175.76,175.8,175.76,16,175.76,1064,175.767552
2023-05-18 23:54:00+00:00,175.78,175.78,175.78,19,175.78,402,175.781692
2023-05-18 23:55:00+00:00,175.81,175.81,175.78,27,175.8,1366,175.799283
2023-05-18 23:56:00+00:00,175.83,175.83,175.81,25,175.81,1137,175.814072
2023-05-18 23:57:00+00:00,175.81,175.85,175.8,79,175.81,7664,175.831341
2023-05-18 23:58:00+00:00,175.85,175.85,175.83,19,175.83,1214,175.847994
2023-05-18 23:59:00+00:00,175.8999,175.9,175.84,73,175.85,7884,175.859459
