timestamp,close,high,low,trade_count,open,volume,vwap
2023-01-20 00:00:00+00:00,135.55,135.56,135.55,14,135.56,952,135.552279
2023-01-20 00:01:00+00:00,135.54,135.54,135.54,9,135.54,136,135.538309
2023-01-20 00:03:00+00:00,135.55,135.55,135.55,9,135.55,198,135.545455
2023-01-20 00:04:00+00:00,135.27,135.55,135.27,131,135.55,21324,135.378185
2023-01-20 00:05:00+00:00,135.27,135.27,135.23,86,135.25,11304,135.266773
2023-01-20 00:06:00+00:00,135.27,135.27,135.16,20,135.2,877,135.22041
2023-01-20 00:07:00+00:00,135.5,135.5,135.5,11,135.5,526,135.494667
2023-01-20 00:10:00+00:00,135.37,135.37,135.34,18,135.34,500,135.35786
2023-01-20 00:11:00+00:00,135.36,135.36,135.36,16,135.36,504,135.372867
2023-01-20 00:13:00+00:00,135.36,135.37,135.36,10,135.37,1173,135.364429
2023-01-20 00:14:00+00:00,135.37,135.37,135.36,8,135.36,253,135.36583
2023-01-20 00:15:00+00:00,135.37,135.37,135.37,8,135.37,583,135.365077
2023-01-20 00:16:00+00:00,135.38,135.38,135.36,19,135.36,559,135.3761
2023-01-20 00:17:00+00:00,135.37,135.38,135.37,12,135.38,1171,135.374295
2023-01-20 00:18:00+00:00,135.35,135.35,135.35,4,135.35,177,135.350395
2023-01-20 00:20:00+00:00,135.33,135.36,135.33,23,135.36,1796,135.349833
2023-01-20 00:22:00+00:00,135.3,135.32,135.3,12,135.32,456,135.308882
2023-01-20 00:23:00+00:00,135.34,135.34,135.34,14,135.34,312,135.342308
2023-01-20 00:24:00+00:00,135.35,135.35,135.35,18,135.35,683,135.346969
2023-01-20 00:25:00+00:00,135.4,135.4,135.39,19,135.39,983,135.392808
2023-01-20 00:27:00+00:00,135.38,135.38,135.38,11,135.38,257,135.386693
2023-01-20 00:29:00+00:00,135.3801,135.3801,135.3801,7,135.3801,169,135.384527
2023-01-20 00:30:00+00:00,135.45,135.45,135.45,12,135.45,277,135.432112
2023-01-20 00:31:00+00:00,135.42,135.43,135.42,14,135.43,506,135.425049
2023-01-20 00:32:00+00:00,135.4,135.4,135.4,10,135.4,306,135.407124
2023-01-20 00:35:00+00:00,135.38,135.38,135.38,9,135.38,423,135.38182
2023-01-20 00:36:00+00:00,135.38,135.39,135.38,14,135.39,1300,135.385008
2023-01-20 00:37:00+00:00,135.3899,135.3899,135.3899,8,135.3899,350,135.386629
2023-01-20 00:38:00+00:00,135.41,135.41,135.41,6,135.41,254,135.408189
2023-01-20 00:40:00+00:00,135.42,135.42,135.42,14,135.42,314,135.420143
2023-01-20 00:41:00+00:00,135.42,135.42,135.42,15,135.42,384,135.419167
2023-01-20 00:44:00+00:00,135.38,135.41,135.38,12,135.41,746,135.394122
2023-01-20 00:46:00+00:00,135.39,135.39,135.39,9,135.39,180,135.387111
2023-01-20 00:47:00+00:00,135.41,135.41,135.41,10,135.41,1116,135.408763
2023-01-20 00:50:00+00:00,135.43,135.43,135.42,17,135.42,948,135.424921
2023-01-20 00:52:00+00:00,135.44,135.44,135.44,4,135.44,123,135.442358
2023-01-20 00:53:00+00:00,135.41,135.46,135.41,19,135.44,1323,135.42582
2023-01-20 00:54:00+00:00,135.35,135.41,135.35,17,135.41,909,135.387173
2023-01-20 00:55:00+00:00,135.35,135.42,135.35,21,135.42,1443,135.407283
2023-01-20 00:56:00+00:00,135.39,135.39,135.39,14,135.39,373,135.39311
2023-01-20 00:57:00+00:00,135.4,135.4,135.4,19,135.4,394,135.406777
2023-01-20 00:58:00+00:00,135.44,135.44,135.43,24,135.44,5606,135.434756
2023-01-20 00:59:00+00:00,135.55,135.55,135.46,34,135.46,1288,135.515641
2023-01-20 09:00:00+00:00,135.38,135.6,135.38,42,135.6,1325,135.539396
2023-01-20 09:03:00+00:00,135.55,135.56,135.55,33,135.56,1046,135.563881
2023-01-20 09:04:00+00:00,135.53,135.53,135.5,25,135.5,1150,135.509626
2023-01-20 09:05:00+00:00,135.41,135.48,135.4,48,135.4,3020,135.44501
2023-01-20 09:07:00+00:00,135.25,135.35,135.25,39,135.34,1961,135.297506
2023-01-20 09:08:00+00:00,135.26,135.26,135.25,64,135.25,3636,135.252618
2023-01-20 09:11:00+00:00,135.29,135.29,135.29,32,135.29,993,135.287714
2023-01-20 09:12:00+00:00,135.3,135.3,135.27,32,135.27,3003,135.291352
2023-01-20 09:13:00+00:00,135.25,135.25,135.25,11,135.25,378,135.26791
2023-01-20 09:16:00+00:00,135.51,135.51,135.51,12,135.51,437,135.494737
2023-01-20 09:21:00+00:00,135.63,135.63,135.63,13,135.63,533,135.614991
2023-01-20 09:22:00+00:00,135.5,135.63,135.49,98,135.63,8625,135.538197
2023-01-20 09:23:00+00:00,135.6,135.6,135.59,8,135.59,547,135.586965
2023-01-20 09:24:00+00:00,135.6,135.6,135.6,12,135.6,545,135.593046
2023-01-20 09:25:00+00:00,135.59,135.59,135.59,3,135.59,280,135.592857
2023-01-20 09:26:00+00:00,135.59,135.59,135.58,9,135.58,1172,135.586382
2023-01-20 09:31:00+00:00,135.4,135.42,135.4,18,135.42,929,135.414844
2023-01-20 09:32:00+00:00,135.38,135.4,135.38,17,135.4,2397,135.395081
2023-01-20 09:33:00+00:00,135.35,135.35,135.35,32,135.35,2515,135.350012
2023-01-20 09:34:00+00:00,135.4,135.4,135.4,21,135.4,2944,135.39983
2023-01-20 09:37:00+00:00,135.42,135.42,135.42,4,135.42,507,135.409527
2023-01-20 09:38:00+00:00,135.42,135.42,135.42,6,135.42,342,135.421462
2023-01-20 09:40:00+00:00,135.43,135.43,135.43,4,135.43,377,135.427082
2023-01-20 09:45:00+00:00,135.34,135.37,135.34,32,135.36,1685,135.359496
2023-01-20 09:46:00+00:00,135.33,135.33,135.33,4,135.33,171,135.33
2023-01-20 09:47:00+00:00,135.33,135.33,135.33,5,135.33,223,135.330179
2023-01-20 09:48:00+00:00,135.37,135.37,135.35,8,135.35,445,135.358809
2023-01-20 09:53:00+00:00,135.37,135.37,135.37,10,135.37,311,135.366849
2023-01-20 09:54:00+00:00,135.36,135.36,135.36,11,135.36,232,135.36
2023-01-20 09:56:00+00:00,135.27,135.31,135.27,43,135.31,1235,135.304713
2023-01-20 09:57:00+00:00,135.25,135.25,135.25,18,135.25,443,135.25219
2023-01-20 09:58:00+00:00,135.24,135.24,135.24,5,135.24,184,135.240054
2023-01-20 10:01:00+00:00,135.26,135.27,135.25,25,135.25,1610,135.254453
2023-01-20 10:03:00+00:00,135.23,135.26,135.23,22,135.26,766,135.253211
2023-01-20 10:04:00+00:00,135.2,135.21,135.2,44,135.21,810,135.208333
2023-01-20 10:08:00+00:00,135.18,135.24,135.18,19,135.24,702,135.19151
2023-01-20 10:17:00+00:00,135.25,135.27,135.25,19,135.27,1895,135.258945
2023-01-20 10:18:00+00:00,135.33,135.33,135.27,21,135.27,2916,135.308021
2023-01-20 10:19:00+00:00,135.3,135.3,135.3,6,135.3,361,135.305069
2023-01-20 10:23:00+00:00,135.26,135.29,135.26,15,135.29,1051,135.284462
2023-01-20 10:32:00+00:00,135.33,135.33,135.33,8,135.33,140,135.329214
2023-01-20 10:33:00+00:00,135.35,135.35,135.35,20,135.35,855,135.337006
2023-01-20 10:47:00+00:00,135.28,135.28,135.28,3,135.28,105,135.28
2023-01-20 10:48:00+00:00,135.37,135.37,135.28,39,135.28,1732,135.320473
2023-01-20 10:57:00+00:00,135.38,135.38,135.38,16,135.38,438,135.381621
2023-01-20 10:58:00+00:00,135.4,135.4,135.4,9,135.4,1075,135.399786
2023-01-20 11:00:00+00:00,135.44,135.44,135.44,25,135.44,438,135.421164
2023-01-20 11:03:00+00:00,135.29,135.33,135.29,48,135.33,1551,135.308046
2023-01-20 11:05:00+00:00,135.4,135.4,135.4,5,135.4,578,135.398547
2023-01-20 11:06:00+00:00,135.49,135.49,135.45,28,135.45,1237,135.461027
2023-01-20 11:08:00+00:00,135.54,135.54,135.54,4,135.54,124,135.530968
2023-01-20 11:11:00+00:00,135.54,135.54,135.54,2,135.54,107,135.537383
2023-01-20 11:12:00+00:00,135.53,135.53,135.53,6,135.53,204,135.515294
2023-01-20 11:13:00+00:00,135.55,135.55,135.55,10,135.55,302,135.539172
2023-01-20 11:14:00+00:00,135.51,135.55,135.51,27,135.55,981,135.534883
2023-01-20 11:18:00+00:00,135.56,135.56,135.56,9,135.56,322,135.555621
2023-01-20 11:24:00+00:00,135.3,135.42,135.3,44,135.42,2405,135.36983
2023-01-20 11:25:00+00:00,135.13,135.3,135.13,75,135.29,1727,135.214517
2023-01-20 11:29:00+00:00,135.35,135.35,135.35,8,135.35,273,135.348498
2023-01-20 11:32:00+00:00,135.3,135.3,135.3,9,135.3,138,135.301232
2023-01-20 11:33:00+00:00,135.3,135.3,135.3,12,135.3,536,135.299795
2023-01-20 11:35:00+00:00,135.33,135.33,135.33,16,135.33,800,135.32755
2023-01-20 11:36:00+00:00,135.3,135.3,135.3,14,135.3,275,135.3148
2023-01-20 11:37:00+00:00,135.3,135.33,135.29,6,135.33,605,135.30281
2023-01-20 11:40:00+00:00,135.21,135.31,135.21,28,135.31,1035,135.288937
2023-01-20 11:41:00+00:00,135.31,135.31,135.28,10,135.28,580,135.296534
2023-01-20 11:42:00+00:00,135.31,135.31,135.31,7,135.31,244,135.313607
2023-01-20 11:44:00+00:00,135.38,135.38,135.38,6,135.38,406,135.381724
2023-01-20 11:45:00+00:00,135.36,135.36,135.36,7,135.36,230,135.36
2023-01-20 11:47:00+00:00,135.36,135.36,135.36,15,135.36,677,135.370606
2023-01-20 11:48:00+00:00,135.4,135.4,135.4,6,135.4,985,135.4
2023-01-20 11:50:00+00:00,135.31,135.31,135.31,25,135.31,688,135.321352
2023-01-20 11:53:00+00:00,135.27,135.33,135.26,29,135.33,1893,135.274892
2023-01-20 11:55:00+00:00,135.27,135.27,135.27,18,135.27,1604,135.272095
2023-01-20 12:00:00+00:00,135.37,135.37,135.36,62,135.36,1959,135.374273
2023-01-20 12:01:00+00:00,135.38,135.38,135.38,24,135.38,1003,135.370229
2023-01-20 12:02:00+00:00,135.4,135.4,135.38,33,135.38,2183,135.385612
2023-01-20 12:03:00+00:00,135.44,135.44,135.38,59,135.4,3896,135.406163
2023-01-20 12:04:00+00:00,135.48,135.49,135.48,42,135.49,984,135.478476
2023-01-20 12:05:00+00:00,135.52,135.52,135.46,34,135.47,1255,135.505458
2023-01-20 12:07:00+00:00,135.58,135.58,135.55,31,135.55,2346,135.554774
2023-01-20 12:08:00+00:00,135.6,135.61,135.58,61,135.59,6255,135.596505
2023-01-20 12:09:00+00:00,135.68,135.68,135.6,68,135.6,1969,135.656607
2023-01-20 12:10:00+00:00,135.76,135.78,135.68,64,135.68,3633,135.732285
2023-01-20 12:11:00+00:00,135.79,135.79,135.79,30,135.79,813,135.796285
2023-01-20 12:12:00+00:00,135.86,135.86,135.8,73,135.8,5879,135.81461
2023-01-20 12:15:00+00:00,135.81,135.88,135.81,48,135.88,1908,135.84348
2023-01-20 12:16:00+00:00,135.8,135.81,135.8,17,135.8,1493,135.80142
2023-01-20 12:18:00+00:00,135.84,135.84,135.83,18,135.83,839,135.835459
2023-01-20 12:19:00+00:00,135.85,135.85,135.83,31,135.84,906,135.846148
2023-01-20 12:20:00+00:00,135.8,135.81,135.8,34,135.81,2101,135.804864
2023-01-20 12:21:00+00:00,135.74,135.81,135.71,80,135.81,9292,135.790772
2023-01-20 12:22:00+00:00,135.71,135.72,135.71,10,135.72,578,135.718962
2023-01-20 12:23:00+00:00,135.75,135.75,135.74,7,135.74,897,135.746377
2023-01-20 12:24:00+00:00,135.73,135.73,135.73,17,135.73,640,135.735125
2023-01-20 12:25:00+00:00,135.75,135.75,135.75,6,135.75,260,135.752808
2023-01-20 12:26:00+00:00,135.8,135.8,135.79,30,135.79,1239,135.788918
2023-01-20 12:28:00+00:00,135.83,135.83,135.83,16,135.83,523,135.826157
2023-01-20 12:30:00+00:00,135.87,135.87,135.83,60,135.83,1855,135.857687
2023-01-20 12:31:00+00:00,135.9,135.9,135.9,30,135.9,554,135.902888
2023-01-20 12:32:00+00:00,135.98,135.98,135.92,57,135.92,2983,135.947016
2023-01-20 12:34:00+00:00,135.92,135.94,135.92,17,135.94,716,135.931061
2023-01-20 12:35:00+00:00,136.0,136.0,135.92,114,135.92,5452,135.97781
2023-01-20 12:36:00+00:00,136.0,136.0,135.98,21,135.98,808,135.991646
2023-01-20 12:37:00+00:00,136.05,136.05,136.0,37,136.02,2724,136.009181
2023-01-20 12:38:00+00:00,136.05,136.05,136.03,32,136.05,1683,136.048532
2023-01-20 12:39:00+00:00,136.09,136.09,136.07,38,136.07,1422,136.087525
2023-01-20 12:40:00+00:00,136.13,136.15,136.13,58,136.14,4805,136.140606
2023-01-20 12:41:00+00:00,136.12,136.12,136.12,20,136.12,773,136.118202
2023-01-20 12:42:00+00:00,136.14,136.15,136.14,17,136.15,991,136.144551
2023-01-20 12:43:00+00:00,136.15,136.17,136.14,72,136.14,4716,136.14922
2023-01-20 12:44:00+00:00,136.07,136.14,136.06,39,136.14,3816,136.095556
2023-01-20 12:45:00+00:00,136.1,136.1,136.09,13,136.09,627,136.098995
2023-01-20 12:47:00+00:00,136.21,136.21,136.17,38,136.17,3121,136.196661
2023-01-20 12:48:00+00:00,136.18,136.22,136.18,48,136.21,2712,136.206346
2023-01-20 12:49:00+00:00,136.22,136.22,136.17,62,136.17,3840,136.209706
2023-01-20 12:50:00+00:00,136.25,136.25,136.25,34,136.25,1427,136.232067
2023-01-20 12:51:00+00:00,136.21,136.24,136.21,68,136.21,8912,136.212778
2023-01-20 12:52:00+00:00,136.22,136.25,136.22,48,136.23,3566,136.237417
2023-01-20 12:53:00+00:00,136.25,136.25,136.25,10,136.25,283,136.241696
2023-01-20 12:54:00+00:00,136.22,136.26,136.22,25,136.26,1364,136.249846
2023-01-20 12:55:00+00:00,136.24,136.24,136.24,2,136.24,101,136.240099
2023-01-20 12:56:00+00:00,136.27,136.28,136.25,30,136.25,1731,136.270803
2023-01-20 12:57:00+00:00,136.22,136.29,136.2,59,136.29,3634,136.24612
2023-01-20 12:58:00+00:00,136.18,136.18,136.18,18,136.18,750,136.182533
2023-01-20 12:59:00+00:00,136.17,136.18,136.17,23,136.18,1281,136.176893
2023-01-20 13:00:00+00:00,136.2,136.29,134.932,962,135.85,96691,135.928148
2023-01-20 13:01:00+00:00,136.07,136.17,135.48,337,136.17,9730,136.045291
2023-01-20 13:02:00+00:00,136.17,136.17,136.06,93,136.07,5379,136.060101
2023-01-20 13:03:00+00:00,136.13,136.13,136.12,44,136.1202,1886,136.127833
2023-01-20 13:04:00+00:00,136.14,136.14,136.12,26,136.12,631,136.131552
2023-01-20 13:05:00+00:00,136.1,136.14,136.1,50,136.14,2149,136.124812
2023-01-20 13:06:00+00:00,136.1,136.1,136.1,98,136.1,14707,136.099364
2023-01-20 13:07:00+00:00,136.16,136.16,136.11,54,136.16,4646,136.118729
2023-01-20 13:08:00+00:00,136.07,136.13,136.07,51,136.13,2165,136.108142
2023-01-20 13:09:00+00:00,136.04,136.05,136.03,65,136.05,2362,136.039033
2023-01-20 13:10:00+00:00,136.05,136.05,136.05,28,136.05,1348,136.058274
2023-01-20 13:11:00+00:00,136.07,136.07,136.05,32,136.06,1297,136.059865
2023-01-20 13:12:00+00:00,136.05,136.07,136.03,42,136.07,3349,136.049128
2023-01-20 13:13:00+00:00,136.0,136.03,136.0,74,136.03,3193,136.008808
2023-01-20 13:14:00+00:00,136.05,136.05,135.9715,77,135.99,3564,136.01291
2023-01-20 13:15:00+00:00,136.05,136.05,136.05,61,136.05,3784,136.05049
2023-01-20 13:16:00+00:00,136.06,136.07,136.06,68,136.07,2268,136.056697
2023-01-20 13:17:00+00:00,136.08,136.08,136.0305,31,136.08,990,136.058618
2023-01-20 13:18:00+00:00,136.0051,136.06,136.0051,18,136.06,712,136.026791
2023-01-20 13:19:00+00:00,136.05,136.05,136.0301,34,136.0301,2715,136.049007
2023-01-20 13:20:00+00:00,136.1,136.1,136.1,35,136.1,1102,136.095181
2023-01-20 13:21:00+00:00,136.04,136.07,136.04,78,136.07,6301,136.051723
2023-01-20 13:22:00+00:00,135.99,136.04,135.99,79,136.04,3632,135.994208
2023-01-20 13:23:00+00:00,136.0,136.0,135.95,67,135.97,4154,135.976311
2023-01-20 13:24:00+00:00,135.96,136.0,135.96,49,136.0,2661,135.983002
2023-01-20 13:25:00+00:00,135.94,135.95,135.93,28,135.95,1280,135.938977
2023-01-20 13:26:00+00:00,135.9,135.95,135.9,103,135.94,12710,135.916681
2023-01-20 13:27:00+00:00,135.87,135.9,135.87,31,135.9,1668,135.897428
2023-01-20 13:28:00+00:00,135.8899,135.89,135.8899,27,135.89,630,135.886905
2023-01-20 13:29:00+00:00,135.84,135.89,135.82,51,135.89,2453,135.860169
2023-01-20 13:30:00+00:00,135.77,135.81,135.76,97,135.81,8272,135.788253
2023-01-20 13:31:00+00:00,135.69,135.75,135.67,151,135.75,11490,135.687991
2023-01-20 13:32:00+00:00,135.63,135.69,135.6,102,135.69,7016,135.642939
2023-01-20 13:33:00+00:00,135.76,135.79,135.67,75,135.68,7602,135.761074
2023-01-20 13:34:00+00:00,135.71,135.75,135.69,82,135.75,5109,135.703068
2023-01-20 13:35:00+00:00,135.6985,135.77,135.64,98,135.77,12752,135.688987
2023-01-20 13:36:00+00:00,135.6412,135.6412,135.6412,26,135.6412,736,135.657088
2023-01-20 13:37:00+00:00,135.64,135.6624,135.64,41,135.6624,716,135.660342
2023-01-20 13:38:00+00:00,135.62,135.64,135.6,123,135.63,8673,135.621078
2023-01-20 13:39:00+00:00,135.65,135.65,135.6001,53,135.6044,8015,135.623057
2023-01-20 13:40:00+00:00,135.67,135.69,135.65,54,135.69,1712,135.67194
2023-01-20 13:41:00+00:00,135.68,135.74,135.68,53,135.73,7651,135.71289
2023-01-20 13:42:00+00:00,135.71,135.71,135.7,36,135.7,1477,135.698445
2023-01-20 13:43:00+00:00,135.72,135.74,135.71,50,135.71,2551,135.728408
2023-01-20 13:44:00+00:00,135.74,135.74,135.73,36,135.73,1456,135.735845
2023-01-20 13:45:00+00:00,135.74,135.74,135.74,41,135.74,1201,135.747156
2023-01-20 13:46:00+00:00,135.75,135.77,135.75,72,135.77,3233,135.758948
2023-01-20 13:47:00+00:00,135.75,135.77,135.74,46,135.74,2421,135.754618
2023-01-20 13:48:00+00:00,135.73,135.74,135.72,78,135.74,4055,135.733246
2023-01-20 13:49:00+00:00,135.75,135.75,135.75,37,135.75,1076,135.741315
2023-01-20 13:50:00+00:00,135.74,135.74,135.74,23,135.74,667,135.733838
2023-01-20 13:51:00+00:00,135.74,135.74,135.74,14,135.74,297,135.734944
2023-01-20 13:52:00+00:00,135.67,135.72,135.66,112,135.72,7545,135.691772
2023-01-20 13:53:00+00:00,135.58,135.65,135.55,140,135.65,5465,135.595128
2023-01-20 13:54:00+00:00,135.58,135.58,135.58,42,135.58,3040,135.577968
2023-01-20 13:55:00+00:00,135.54,135.58,135.54,98,135.58,4399,135.575984
2023-01-20 13:56:00+00:00,135.38,135.55,135.38,237,135.55,11195,135.47004
2023-01-20 13:57:00+00:00,135.4,135.41,135.4,79,135.41,3906,135.409311
2023-01-20 13:58:00+00:00,135.47,135.56,135.4,117,135.4,9399,135.455151
2023-01-20 13:59:00+00:00,135.46,135.49,135.45,86,135.47,6963,135.470779
2023-01-20 14:00:00+00:00,135.44,135.5,135.44,128,135.48,6187,135.467139
2023-01-20 14:01:00+00:00,135.48,135.5,135.43,219,135.5,12628,135.452193
2023-01-20 14:02:00+00:00,135.49,135.49,135.46,37,135.46,1798,135.47364
2023-01-20 14:03:00+00:00,135.5085,135.5085,135.4,143,135.48,11615,135.427909
2023-01-20 14:04:00+00:00,135.55,135.55,135.51,65,135.51,10562,135.527704
2023-01-20 14:05:00+00:00,135.639,135.639,135.54,183,135.57,17512,135.56633
2023-01-20 14:06:00+00:00,135.63,135.64,135.58,109,135.59,5434,135.60397
2023-01-20 14:07:00+00:00,135.7,135.7,135.61,46,135.61,2018,135.647884
2023-01-20 14:08:00+00:00,135.67,135.67,135.64,90,135.64,2434,135.650564
2023-01-20 14:09:00+00:00,135.66,135.66,135.64,63,135.65,2809,135.654971
2023-01-20 14:10:00+00:00,135.7354,135.74,135.65,71,135.65,4947,135.714395
2023-01-20 14:11:00+00:00,135.7002,135.75,135.7002,44,135.74,3203,135.735036
2023-01-20 14:12:00+00:00,135.75,135.75,135.7,39,135.75,2549,135.726164
2023-01-20 14:13:00+00:00,135.65,135.75,135.65,128,135.75,4573,135.707947
2023-01-20 14:14:00+00:00,135.66,135.74,135.64,157,135.68,13191,135.68577
2023-01-20 14:15:00+00:00,135.6157,135.66,135.6157,53,135.63,1610,135.639464
2023-01-20 14:16:00+00:00,135.6,135.63,135.6,39,135.61,1308,135.609762
2023-01-20 14:17:00+00:00,135.6,135.61,135.6,42,135.61,1712,135.606781
2023-01-20 14:18:00+00:00,135.64,135.69,135.58,120,135.58,7498,135.65827
2023-01-20 14:19:00+00:00,135.61,135.67,135.59,75,135.63,2713,135.618789
2023-01-20 14:20:00+00:00,135.57,135.58,135.55,63,135.58,2696,135.563747
2023-01-20 14:21:00+00:00,135.66,135.66,135.66,31,135.66,848,135.641952
2023-01-20 14:22:00+00:00,135.6,135.64,135.6,46,135.64,4166,135.609544
2023-01-20 14:23:00+00:00,135.65,135.69,135.63,105,135.63,11470,135.660325
2023-01-20 14:24:00+00:00,135.74,135.7872,135.7,71,135.7,5245,135.745435
2023-01-20 14:25:00+00:00,135.93,136.0,135.77,247,135.77,25106,135.934886
2023-01-20 14:26:00+00:00,135.9,135.98,135.88,118,135.93,10464,135.935584
2023-01-20 14:27:00+00:00,135.53,135.88,135.53,168,135.88,13238,135.686504
2023-01-20 14:28:00+00:00,135.59,135.68,135.4,179,135.68,17500,135.534084
2023-01-20 14:29:00+00:00,135.21,135.61,135.05,591,135.59,190774,135.146936
2023-01-20 14:30:00+00:00,134.715,135.29,134.66,13521,135.27,9903711,135.110642
2023-01-20 14:31:00+00:00,134.94,135.02,134.3801,11197,134.71,496589,134.663319
2023-01-20 14:32:00+00:00,134.575,134.95,134.53,9200,134.93,330868,134.701617
2023-01-20 14:33:00+00:00,134.46,134.84,134.43,8611,134.59,270113,134.674305
2023-01-20 14:34:00+00:00,134.5061,134.65,134.33,4961,134.46,276030,134.474761
2023-01-20 14:35:00+00:00,134.48,134.72,134.37,2533,134.52,413698,134.58232
2023-01-20 14:36:00+00:00,134.58,134.7199,134.38,3021,134.45,309326,134.573893
2023-01-20 14:37:00+00:00,134.4311,134.64,134.36,2611,134.58,262792,134.477673
2023-01-20 14:38:00+00:00,134.54,134.55,134.22,2684,134.43,287541,134.367011
2023-01-20 14:39:00+00:00,134.385,134.63,134.3685,2674,134.54,262763,134.538441
2023-01-20 14:40:00+00:00,134.52,134.61,134.36,2773,134.39,268410,134.496765
2023-01-20 14:41:00+00:00,134.7291,134.78,134.47,2492,134.52,277148,134.648992
2023-01-20 14:42:00+00:00,134.62,134.7499,134.53,2019,134.73,246605,134.667415
2023-01-20 14:43:00+00:00,134.7901,134.86,134.54,2089,134.615,240257,134.740971
2023-01-20 14:44:00+00:00,134.808,134.87,134.71,2069,134.8,244720,134.802201
2023-01-20 14:45:00+00:00,134.6,134.84,134.562,2703,134.81,282833,134.707409
2023-01-20 14:46:00+00:00,134.52,134.6199,134.3732,2256,134.6199,257860,134.466874
2023-01-20 14:47:00+00:00,134.5,134.6299,134.4709,1508,134.52,146834,134.547322
2023-01-20 14:48:00+00:00,134.6,134.705,134.43,1827,134.49,202929,134.605506
2023-01-20 14:49:00+00:00,134.635,134.7,134.55,1419,134.59,156260,134.636675
2023-01-20 14:50:00+00:00,134.92,134.94,134.58,1888,134.64,232705,134.778272
2023-01-20 14:51:00+00:00,135.0,135.02,134.8,2278,134.91,250615,134.899029
2023-01-20 14:52:00+00:00,135.152,135.2,134.945,2530,134.945,295234,135.112059
2023-01-20 14:53:00+00:00,134.96,135.1958,134.92,1739,135.16,203720,135.019868
2023-01-20 14:54:00+00:00,134.83,134.99,134.8089,1582,134.96,156501,134.880473
2023-01-20 14:55:00+00:00,134.695,134.83,134.69,1589,134.83,186820,134.738554
2023-01-20 14:56:00+00:00,134.71,134.7355,134.63,1527,134.695,163708,134.677528
2023-01-20 14:57:00+00:00,134.715,134.838,134.686,1365,134.71,184281,134.759601
2023-01-20 14:58:00+00:00,134.69,134.79,134.65,1420,134.72,151590,134.727545
2023-01-20 14:59:00+00:00,134.6012,134.685,134.55,1741,134.6831,187379,134.611843
2023-01-20 15:00:00+00:00,134.425,134.6244,134.32,2749,134.61,297749,134.45883
2023-01-20 15:01:00+00:00,134.465,134.54,134.4,1327,134.43,121706,134.47546
2023-01-20 15:02:00+00:00,134.4677,134.5599,134.4333,1445,134.47,179429,134.515646
2023-01-20 15:03:00+00:00,134.67,134.78,134.46,1883,134.46,217081,134.642961
2023-01-20 15:04:00+00:00,134.5711,134.81,134.51,1567,134.66,275522,134.617504
2023-01-20 15:05:00+00:00,134.7,134.89,134.57,1735,134.57,199164,134.738852
2023-01-20 15:06:00+00:00,134.94,134.97,134.63,1875,134.68,231488,134.79822
2023-01-20 15:07:00+00:00,134.88,135.02,134.84,1834,134.93,202777,134.928389
2023-01-20 15:08:00+00:00,134.885,134.96,134.82,1524,134.88,153211,134.902323
2023-01-20 15:09:00+00:00,134.77,134.925,134.77,1326,134.89,118258,134.860919
2023-01-20 15:10:00+00:00,134.77,134.9395,134.77,1202,134.78,151126,134.84187
2023-01-20 15:11:00+00:00,134.62,134.78,134.59,1607,134.78,168510,134.651868
2023-01-20 15:12:00+00:00,134.7579,134.8,134.56,1265,134.61,120969,134.668896
2023-01-20 15:13:00+00:00,134.75,134.7999,134.69,1145,134.76,124244,134.738048
2023-01-20 15:14:00+00:00,134.795,134.83,134.67,1699,134.7599,215616,134.763991
2023-01-20 15:15:00+00:00,134.87,134.91,134.79,1395,134.7915,205049,134.850972
2023-01-20 15:16:00+00:00,134.95,134.97,134.8501,1158,134.87,130749,134.91633
2023-01-20 15:17:00+00:00,134.8665,135.06,134.7899,1725,134.9499,173397,134.900688
2023-01-20 15:18:00+00:00,134.9399,134.94,134.8082,1015,134.851,96766,134.876654
2023-01-20 15:19:00+00:00,134.9289,134.94,134.85,1037,134.94,171122,134.898603
2023-01-20 15:20:00+00:00,134.9155,134.94,134.85,1209,134.93,125654,134.900522
2023-01-20 15:21:00+00:00,135.045,135.08,134.9115,1443,134.9201,160296,135.016461
2023-01-20 15:22:00+00:00,135.074,135.2,134.99,1924,135.04,239638,135.0973
2023-01-20 15:23:00+00:00,135.019,135.12,134.98,1379,135.08,166070,135.02636
2023-01-20 15:24:00+00:00,134.89,135.0401,134.88,1211,135.0,224262,134.786538
2023-01-20 15:25:00+00:00,134.7604,134.91,134.67,1869,134.8901,231932,134.778967
2023-01-20 15:26:00+00:00,134.6,134.765,134.595,1382,134.7604,129423,134.654769
2023-01-20 15:27:00+00:00,134.7439,134.79,134.585,1257,134.6,191647,134.645356
2023-01-20 15:28:00+00:00,134.86,134.89,134.7437,990,134.7437,97630,134.788275
2023-01-20 15:29:00+00:00,135.05,135.13,134.85,1622,134.855,174356,135.005404
2023-01-20 15:30:00+00:00,135.08,135.22,135.06,1625,135.06,213611,135.148078
2023-01-20 15:31:00+00:00,134.9909,135.09,134.95,1188,135.075,123675,135.003906
2023-01-20 15:32:00+00:00,135.0707,135.1,134.95,952,134.99,101583,135.051996
2023-01-20 15:33:00+00:00,135.03,135.11,135.012,947,135.0717,103746,135.0648
2023-01-20 15:34:00+00:00,135.135,135.14,135.01,951,135.02,117629,135.078819
2023-01-20 15:35:00+00:00,135.4,135.45,135.12,2464,135.125,265126,135.302102
2023-01-20 15:36:00+00:00,135.2,135.4,135.11,1661,135.3901,205813,135.226641
2023-01-20 15:37:00+00:00,135.269,135.28,135.2,985,135.21,120675,135.235572
2023-01-20 15:38:00+00:00,135.255,135.35,135.1,1572,135.2772,190029,135.215103
2023-01-20 15:39:00+00:00,135.3199,135.3292,135.19,1169,135.255,147833,135.257306
2023-01-20 15:40:00+00:00,135.39,135.455,135.2777,1403,135.3199,197884,135.383656
2023-01-20 15:41:00+00:00,135.3152,135.4074,135.28,1367,135.395,136682,135.34168
2023-01-20 15:42:00+00:00,135.43,135.4897,135.25,1510,135.315,201589,135.385938
2023-01-20 15:43:00+00:00,135.22,135.47,135.1801,1249,135.435,195152,135.317218
2023-01-20 15:44:00+00:00,135.12,135.28,135.1,1216,135.214,155148,135.207035
2023-01-20 15:45:00+00:00,135.235,135.24,135.105,1074,135.119,290325,135.141275
2023-01-20 15:46:00+00:00,135.195,135.33,135.17,1121,135.235,129728,135.255712
2023-01-20 15:47:00+00:00,135.1199,135.2,135.04,1298,135.195,166525,135.109028
2023-01-20 15:48:00+00:00,135.2,135.25,135.11,879,135.115,81384,135.186068
2023-01-20 15:49:00+00:00,135.23,135.235,135.16,927,135.19,90077,135.196145
2023-01-20 15:50:00+00:00,135.0413,135.24,134.99,1689,135.22,182064,135.121259
2023-01-20 15:51:00+00:00,135.08,135.165,135.06,1260,135.07,109591,135.113735
2023-01-20 15:52:00+00:00,135.1,135.125,135.0229,1153,135.08,108118,135.079535
2023-01-20 15:53:00+00:00,135.138,135.19,135.05,1102,135.1,124570,135.119141
2023-01-20 15:54:00+00:00,135.13,135.1999,135.12,864,135.14,80600,135.154645
2023-01-20 15:55:00+00:00,135.06,135.1337,134.97,1354,135.13,145544,135.040781
2023-01-20 15:56:00+00:00,135.17,135.19,134.97,1156,135.05,137645,135.09
2023-01-20 15:57:00+00:00,135.1,135.18,135.08,685,135.16,75871,135.129879
2023-01-20 15:58:00+00:00,135.12,135.194,135.09,726,135.11,88637,135.14322
2023-01-20 15:59:00+00:00,135.01,135.1201,135.0,971,135.1201,113706,135.026894
2023-01-20 16:00:00+00:00,135.206,135.26,135.0,985,135.02,163778,135.155141
2023-01-20 16:01:00+00:00,135.37,135.43,135.21,1583,135.22,166145,135.327464
2023-01-20 16:02:00+00:00,135.485,135.49,135.33,1038,135.36,133684,135.396722
2023-01-20 16:03:00+00:00,135.3289,135.52,135.28,1838,135.4821,222553,135.408525
2023-01-20 16:04:00+00:00,135.287,135.35,135.24,1111,135.335,113856,135.298938
2023-01-20 16:05:00+00:00,135.25,135.32,135.23,1153,135.29,146042,135.275595
2023-01-20 16:06:00+00:00,135.2499,135.275,135.19,982,135.23,95654,135.233699
2023-01-20 16:07:00+00:00,135.3697,135.42,135.13,1486,135.24,204322,135.26203
2023-01-20 16:08:00+00:00,135.275,135.37,135.26,1121,135.36,118846,135.312248
2023-01-20 16:09:00+00:00,135.1988,135.3,135.16,913,135.2709,108535,135.228038
2023-01-20 16:10:00+00:00,135.225,135.26,135.165,953,135.1999,110570,135.208617
2023-01-20 16:11:00+00:00,135.41,135.44,135.22,1246,135.22,152909,135.372387
2023-01-20 16:12:00+00:00,135.41,135.47,135.38,1162,135.4101,143243,135.425712
2023-01-20 16:13:00+00:00,135.405,135.43,135.38,663,135.405,53934,135.402072
2023-01-20 16:14:00+00:00,135.4699,135.47,135.37,911,135.4015,76265,135.422565
2023-01-20 16:15:00+00:00,135.44,135.49,135.42,992,135.45,97603,135.457111
2023-01-20 16:16:00+00:00,135.4777,135.55,135.43,1056,135.44,104135,135.482973
2023-01-20 16:17:00+00:00,135.42,135.48,135.35,1043,135.476,103461,135.396228
2023-01-20 16:18:00+00:00,135.43,135.5,135.3816,920,135.41,90327,135.441397
2023-01-20 16:19:00+00:00,135.4928,135.5,135.41,838,135.43,77932,135.439741
2023-01-20 16:20:00+00:00,135.38,135.55,135.35,1259,135.5,126941,135.444474
2023-01-20 16:21:00+00:00,135.345,135.38,135.27,1206,135.38,151257,135.328396
2023-01-20 16:22:00+00:00,135.31,135.345,135.29,781,135.345,95542,135.319063
2023-01-20 16:23:00+00:00,135.33,135.34,135.29,623,135.32,65788,135.315696
2023-01-20 16:24:00+00:00,135.2101,135.41,135.2,1240,135.33,128796,135.31446
2023-01-20 16:25:00+00:00,135.3166,135.3304,135.18,1099,135.2276,130444,135.247355
2023-01-20 16:26:00+00:00,135.391,135.42,135.31,818,135.315,115484,135.375851
2023-01-20 16:27:00+00:00,135.425,135.46,135.39,871,135.4068,99348,135.423932
2023-01-20 16:28:00+00:00,135.36,135.48,135.32,902,135.4299,83355,135.403478
2023-01-20 16:29:00+00:00,135.54,135.57,135.35,1355,135.355,157038,135.496053
2023-01-20 16:30:00+00:00,135.61,135.6718,135.54,1669,135.54,201411,135.626182
2023-01-20 16:31:00+00:00,135.575,135.6411,135.5187,1192,135.63,133694,135.563166
2023-01-20 16:32:00+00:00,135.53,135.638,135.505,1203,135.58,123927,135.572852
2023-01-20 16:33:00+00:00,135.5101,135.57,135.49,762,135.5399,70254,135.522847
2023-01-20 16:34:00+00:00,135.465,135.53,135.42,1122,135.52,131729,135.481086
2023-01-20 16:35:00+00:00,135.385,135.49,135.3511,1142,135.47,134112,135.411181
2023-01-20 16:36:00+00:00,135.3396,135.43,135.3314,888,135.385,93980,135.379398
2023-01-20 16:37:00+00:00,135.29,135.41,135.22,1509,135.35,182361,135.294494
2023-01-20 16:38:00+00:00,135.2467,135.3399,135.24,810,135.3,85004,135.287506
2023-01-20 16:39:00+00:00,135.1,135.2481,135.09,1509,135.24,169027,135.167524
2023-01-20 16:40:00+00:00,135.16,135.1699,135.0601,1293,135.1,148878,135.114078
2023-01-20 16:41:00+00:00,135.1712,135.19,135.07,1251,135.1599,124725,135.116551
2023-01-20 16:42:00+00:00,135.1757,135.21,135.08,926,135.17,102567,135.157695
2023-01-20 16:43:00+00:00,135.1299,135.2142,135.08,960,135.1705,86445,135.14182
2023-01-20 16:44:00+00:00,135.13,135.14,135.04,924,135.12,87390,135.107587
2023-01-20 16:45:00+00:00,135.1792,135.195,135.1,870,135.135,96122,135.150412
2023-01-20 16:46:00+00:00,135.275,135.2799,135.1454,1066,135.179,115863,135.21784
2023-01-20 16:47:00+00:00,135.3587,135.38,135.27,973,135.27,127199,135.334942
2023-01-20 16:48:00+00:00,135.3261,135.48,135.31,1845,135.3509,253171,135.413387
2023-01-20 16:49:00+00:00,135.35,135.42,135.325,757,135.33,89611,135.369122
2023-01-20 16:50:00+00:00,135.2911,135.36,135.24,775,135.36,88076,135.300024
2023-01-20 16:51:00+00:00,135.3372,135.3539,135.2589,767,135.29,80274,135.306414
2023-01-20 16:52:00+00:00,135.32,135.36,135.3,705,135.3301,81862,135.324548
2023-01-20 16:53:00+00:00,135.4,135.4227,135.31,569,135.31,79593,135.366947
2023-01-20 16:54:00+00:00,135.29,135.395,135.2817,784,135.395,89518,135.349884
2023-01-20 16:55:00+00:00,135.339,135.34,135.26,658,135.29,77395,135.292219
2023-01-20 16:56:00+00:00,135.36,135.3999,135.32,815,135.34,88183,135.360167
2023-01-20 16:57:00+00:00,135.28,135.36,135.275,661,135.3508,70014,135.33121
2023-01-20 16:58:00+00:00,135.2499,135.37,135.2201,1066,135.285,109002,135.303885
2023-01-20 16:59:00+00:00,135.3063,135.34,135.2201,832,135.2461,99067,135.281313
2023-01-20 17:00:00+00:00,135.4199,135.4199,135.305,693,135.31,78338,135.360629
2023-01-20 17:01:00+00:00,135.32,135.45,135.3101,1118,135.4101,134107,135.378719
2023-01-20 17:02:00+00:00,135.3587,135.3984,135.31,975,135.315,101289,135.360161
2023-01-20 17:03:00+00:00,135.32,135.38,135.305,770,135.35,70463,135.338248
2023-01-20 17:04:00+00:00,135.37,135.37,135.32,617,135.32,57053,135.334771
2023-01-20 17:05:00+00:00,135.37,135.39,135.35,642,135.375,53919,135.374544
2023-01-20 17:06:00+00:00,135.3399,135.39,135.32,611,135.38,69597,135.356032
2023-01-20 17:07:00+00:00,135.415,135.428,135.31,686,135.33,84888,135.382766
2023-01-20 17:08:00+00:00,135.55,135.5779,135.402,922,135.415,122931,135.502931
2023-01-20 17:09:00+00:00,135.456,135.555,135.45,705,135.55,69465,135.505836
2023-01-20 17:10:00+00:00,135.51,135.52,135.39,1001,135.455,102732,135.441124
2023-01-20 17:11:00+00:00,135.51,135.52,135.45,601,135.51,82627,135.487054
2023-01-20 17:12:00+00:00,135.5861,135.61,135.46,865,135.5014,119583,135.542921
2023-01-20 17:13:00+00:00,135.5406,135.5842,135.49,730,135.58,88397,135.525563
2023-01-20 17:14:00+00:00,135.4388,135.55,135.42,636,135.548,69748,135.467123
2023-01-20 17:15:00+00:00,135.478,135.52,135.44,600,135.44,50030,135.483379
2023-01-20 17:16:00+00:00,135.585,135.59,135.4601,702,135.475,76941,135.545524
2023-01-20 17:17:00+00:00,135.69,135.695,135.58,819,135.586,90025,135.616783
2023-01-20 17:18:00+00:00,135.67,135.7198,135.61,1271,135.6873,135622,135.670048
2023-01-20 17:19:00+00:00,135.6727,135.73,135.665,860,135.67,78924,135.690664
2023-01-20 17:20:00+00:00,135.732,135.75,135.64,890,135.67,87049,135.712115
2023-01-20 17:21:00+00:00,135.743,135.75,135.7,604,135.735,51579,135.728194
2023-01-20 17:22:00+00:00,135.6102,135.7567,135.58,887,135.74,105924,135.648495
2023-01-20 17:23:00+00:00,135.7012,135.71,135.63,685,135.63,58847,135.658507
2023-01-20 17:24:00+00:00,135.7114,135.75,135.6923,523,135.7099,49310,135.717852
2023-01-20 17:25:00+00:00,135.6436,135.73,135.64,696,135.72,48245,135.685673
2023-01-20 17:26:00+00:00,135.67,135.675,135.6,821,135.65,82134,135.634958
2023-01-20 17:27:00+00:00,135.74,135.75,135.66,899,135.67,89480,135.702605
2023-01-20 17:28:00+00:00,135.6181,135.76,135.615,1020,135.75,92614,135.711644
2023-01-20 17:29:00+00:00,135.645,135.7,135.59,768,135.6193,64535,135.631462
2023-01-20 17:30:00+00:00,135.6401,135.655,135.585,663,135.6421,61868,135.613988
2023-01-20 17:31:00+00:00,135.66,135.755,135.64,1069,135.65,101519,135.70203
2023-01-20 17:32:00+00:00,135.582,135.6899,135.58,809,135.65,73327,135.639918
2023-01-20 17:33:00+00:00,135.6628,135.69,135.59,728,135.59,70788,135.646455
2023-01-20 17:34:00+00:00,135.6399,135.699,135.61,630,135.6641,55235,135.657007
2023-01-20 17:35:00+00:00,135.64,135.67,135.61,520,135.64,37967,135.642109
2023-01-20 17:36:00+00:00,135.694,135.71,135.61,706,135.64,63950,135.658852
2023-01-20 17:37:00+00:00,135.68,135.7,135.64,592,135.7,46756,135.668478
2023-01-20 17:38:00+00:00,135.75,135.76,135.6758,761,135.6786,65815,135.723905
2023-01-20 17:39:00+00:00,135.78,135.78,135.73,820,135.7414,88460,135.757247
2023-01-20 17:40:00+00:00,135.7999,135.82,135.774,885,135.774,96916,135.799582
2023-01-20 17:41:00+00:00,135.775,135.839,135.76,733,135.795,95601,135.798893
2023-01-20 17:42:00+00:00,135.799,135.825,135.7427,702,135.775,60153,135.786967
2023-01-20 17:43:00+00:00,135.7593,135.79,135.725,596,135.79,43731,135.753103
2023-01-20 17:44:00+00:00,135.66,135.76,135.655,685,135.7572,67416,135.720335
2023-01-20 17:45:00+00:00,135.695,135.695,135.635,767,135.6608,90042,135.668968
2023-01-20 17:46:00+00:00,135.76,135.76,135.67,628,135.69,63059,135.715334
2023-01-20 17:47:00+00:00,135.785,135.8,135.7301,622,135.7566,73090,135.772156
2023-01-20 17:48:00+00:00,135.73,135.7901,135.71,772,135.785,68761,135.757828
2023-01-20 17:49:00+00:00,135.7501,135.78,135.7101,685,135.73,57025,135.743399
2023-01-20 17:50:00+00:00,135.8,135.8399,135.72,757,135.75,81905,135.800748
2023-01-20 17:51:00+00:00,135.879,135.9,135.8,989,135.805,125998,135.865853
2023-01-20 17:52:00+00:00,135.9,135.92,135.82,1043,135.88,135810,135.880021
2023-01-20 17:53:00+00:00,135.88,135.95,135.8701,863,135.895,75160,135.90009
2023-01-20 17:54:00+00:00,135.9005,135.91,135.8501,584,135.871,57325,135.893443
2023-01-20 17:55:00+00:00,135.8199,135.91,135.81,709,135.905,68897,135.884484
2023-01-20 17:56:00+00:00,135.83,135.865,135.8099,786,135.815,77911,135.831215
2023-01-20 17:57:00+00:00,135.8588,135.89,135.83,834,135.84,60188,135.856191
2023-01-20 17:58:00+00:00,135.83,135.87,135.7923,733,135.8599,81918,135.827486
2023-01-20 17:59:00+00:00,135.77,135.83,135.7699,615,135.811,62418,135.797999
2023-01-20 18:00:00+00:00,135.84,135.99,135.69,3134,135.7689,278743,135.845675
2023-01-20 18:01:00+00:00,135.88,135.97,135.83,908,135.86,117025,135.901716
2023-01-20 18:02:00+00:00,136.04,136.06,135.84,1950,135.89,273407,135.990666
2023-01-20 18:03:00+00:00,135.9299,136.04,135.91,909,136.04,94658,135.982025
2023-01-20 18:04:00+00:00,135.86,135.93,135.85,859,135.9201,86428,135.9022
2023-01-20 18:05:00+00:00,135.76,135.87,135.72,1034,135.86,128796,135.766448
2023-01-20 18:06:00+00:00,135.755,135.83,135.75,755,135.7673,86035,135.787446
2023-01-20 18:07:00+00:00,135.71,135.79,135.69,850,135.755,98451,135.738542
2023-01-20 18:08:00+00:00,135.735,135.735,135.66,816,135.7,102057,135.689797
2023-01-20 18:09:00+00:00,135.75,135.78,135.705,762,135.735,69072,135.749416
2023-01-20 18:10:00+00:00,135.6,135.755,135.56,1502,135.7473,166912,135.643435
2023-01-20 18:11:00+00:00,135.49,135.592,135.46,1703,135.592,202581,135.514646
2023-01-20 18:12:00+00:00,135.5477,135.57,135.49,1137,135.4999,111833,135.531741
2023-01-20 18:13:00+00:00,135.7046,135.71,135.53,1407,135.54,124986,135.624097
2023-01-20 18:14:00+00:00,135.805,135.895,135.695,1262,135.7,132625,135.812657
2023-01-20 18:15:00+00:00,135.7486,135.84,135.7,939,135.81,130092,135.768843
2023-01-20 18:16:00+00:00,135.77,135.835,135.75,818,135.75,72817,135.790007
2023-01-20 18:17:00+00:00,135.73,135.79,135.69,703,135.77,77637,135.733204
2023-01-20 18:18:00+00:00,135.75,135.78,135.6899,548,135.72,44161,135.740491
2023-01-20 18:19:00+00:00,135.43,135.752,135.415,1569,135.74,159204,135.581635
2023-01-20 18:20:00+00:00,135.495,135.55,135.38,1152,135.43,123736,135.485646
2023-01-20 18:21:00+00:00,135.555,135.61,135.47,645,135.5,64742,135.543278
2023-01-20 18:22:00+00:00,135.5,135.57,135.45,686,135.56,91111,135.512477
2023-01-20 18:23:00+00:00,135.6099,135.64,135.48,769,135.49,77160,135.574035
2023-01-20 18:24:00+00:00,135.6488,135.67,135.59,753,135.602,63440,135.625111
2023-01-20 18:25:00+00:00,135.7626,135.78,135.64,780,135.645,76443,135.72527
2023-01-20 18:26:00+00:00,135.74,135.79,135.72,679,135.76,70502,135.757137
2023-01-20 18:27:00+00:00,135.6217,135.7301,135.6099,747,135.7301,91019,135.658265
2023-01-20 18:28:00+00:00,135.71,135.73,135.5801,821,135.62,81859,135.642185
2023-01-20 18:29:00+00:00,135.69,135.7304,135.69,541,135.71,53837,135.707242
2023-01-20 18:30:00+00:00,135.8,135.82,135.695,1197,135.7,91297,135.775308
2023-01-20 18:31:00+00:00,135.825,135.825,135.755,755,135.8,55462,135.789674
2023-01-20 18:32:00+00:00,135.9001,135.9315,135.8206,1049,135.83,102155,135.892271
2023-01-20 18:33:00+00:00,135.92,135.94,135.88,837,135.9001,76246,135.917265
2023-01-20 18:34:00+00:00,135.8901,135.92,135.87,607,135.9143,54001,135.898085
2023-01-20 18:35:00+00:00,135.9483,135.9499,135.87,793,135.9,84153,135.92169
2023-01-20 18:36:00+00:00,136.105,136.1099,135.95,1835,135.95,201886,136.044212
2023-01-20 18:37:00+00:00,136.25,136.27,136.09,2268,136.1009,325181,136.192018
2023-01-20 18:38:00+00:00,136.17,136.26,136.17,1084,136.2401,111081,136.225811
2023-01-20 18:39:00+00:00,136.19,136.19,136.12,937,136.1706,116387,136.154694
2023-01-20 18:40:00+00:00,136.21,136.24,136.18,1028,136.19,145466,136.205019
2023-01-20 18:41:00+00:00,136.26,136.27,136.205,1157,136.21,145197,136.247362
2023-01-20 18:42:00+00:00,136.17,136.28,136.1634,898,136.265,108903,136.208475
2023-01-20 18:43:00+00:00,136.156,136.185,136.1217,782,136.165,103759,136.149058
2023-01-20 18:44:00+00:00,136.15,136.1774,136.1,614,136.152,57915,136.141921
2023-01-20 18:45:00+00:00,136.235,136.245,136.145,814,136.145,102964,136.199208
2023-01-20 18:46:00+00:00,136.245,136.25,136.21,689,136.2301,83526,136.234438
2023-01-20 18:47:00+00:00,136.23,136.28,136.16,1309,136.25,147608,136.229389
2023-01-20 18:48:00+00:00,136.34,136.35,136.225,1268,136.24,147484,136.30772
2023-01-20 18:49:00+00:00,136.4971,136.505,136.3301,2031,136.3301,263059,136.442622
2023-01-20 18:50:00+00:00,136.665,136.7,136.5,2154,136.5,310250,136.615647
2023-01-20 18:51:00+00:00,136.56,136.66,136.52,1110,136.66,130414,136.582268
2023-01-20 18:52:00+00:00,136.576,136.59,136.54,758,136.56,76511,136.569353
2023-01-20 18:53:00+00:00,136.63,136.65,136.56,876,136.57,109046,136.617137
2023-01-20 18:54:00+00:00,136.655,136.68,136.595,1026,136.63,116183,136.639894
2023-01-20 18:55:00+00:00,136.62,136.69,136.56,1023,136.655,157194,136.616749
2023-01-20 18:56:00+00:00,136.6599,136.6599,136.57,828,136.62,143996,136.606429
2023-01-20 18:57:00+00:00,136.746,136.7499,136.645,1071,136.665,171993,136.718943
2023-01-20 18:58:00+00:00,136.8217,136.83,136.74,1458,136.74,169029,136.778295
2023-01-20 18:59:00+00:00,136.8301,136.85,136.78,1188,136.8256,158373,136.813717
2023-01-20 19:00:00+00:00,136.76,136.89,136.72,1570,136.84,174809,136.817259
2023-01-20 19:01:00+00:00,136.785,136.8,136.74,933,136.75,140028,136.737175
2023-01-20 19:02:00+00:00,136.799,136.87,136.74,1383,136.79,205893,136.829074
2023-01-20 19:03:00+00:00,136.81,136.84,136.7998,806,136.7999,114235,136.820083
2023-01-20 19:04:00+00:00,136.8158,136.8696,136.805,792,136.815,76266,136.827091
2023-01-20 19:05:00+00:00,136.7403,136.85,136.73,862,136.82,94514,136.789952
2023-01-20 19:06:00+00:00,136.7401,136.78,136.71,1042,136.75,112237,136.742467
2023-01-20 19:07:00+00:00,136.7615,136.79,136.725,755,136.75,73199,136.752255
2023-01-20 19:08:00+00:00,136.79,136.79,136.732,683,136.765,89837,136.758838
2023-01-20 19:09:00+00:00,136.774,136.79,136.75,609,136.79,66214,136.773588
2023-01-20 19:10:00+00:00,136.75,136.79,136.71,946,136.77,93803,136.754733
2023-01-20 19:11:00+00:00,136.745,136.77,136.72,854,136.76,83842,136.751793
2023-01-20 19:12:00+00:00,136.775,136.806,136.7401,764,136.75,76035,136.778946
2023-01-20 19:13:00+00:00,136.7001,136.795,136.69,1008,136.775,113698,136.738541
2023-01-20 19:14:00+00:00,136.6487,136.75,136.64,875,136.7,80185,136.683436
2023-01-20 19:15:00+00:00,136.8,136.8,136.65,974,136.65,106903,136.744344
2023-01-20 19:16:00+00:00,136.82,136.84,136.76,1123,136.7999,134421,136.807226
2023-01-20 19:17:00+00:00,136.8149,136.8357,136.77,688,136.8274,64897,136.801855
2023-01-20 19:18:00+00:00,136.8546,136.87,136.8,705,136.81,90774,136.832206
2023-01-20 19:19:00+00:00,136.78,136.86,136.7485,763,136.8501,77969,136.795531
2023-01-20 19:20:00+00:00,136.84,136.86,136.76,870,136.7899,89040,136.813044
2023-01-20 19:21:00+00:00,136.935,136.94,136.84,953,136.84,98272,136.893534
2023-01-20 19:22:00+00:00,136.9608,136.98,136.925,1109,136.93,142282,136.951541
2023-01-20 19:23:00+00:00,136.9301,136.9654,136.91,591,136.965,78270,136.933234
2023-01-20 19:24:00+00:00,136.98,136.99,136.92,788,136.93,87868,136.969067
2023-01-20 19:25:00+00:00,136.97,136.99,136.96,754,136.99,88499,136.976636
2023-01-20 19:26:00+00:00,136.965,136.99,136.95,601,136.962,69799,136.97298
2023-01-20 19:27:00+00:00,136.924,136.99,136.92,771,136.96,61074,136.949894
2023-01-20 19:28:00+00:00,136.98,136.99,136.8801,830,136.92,72815,136.944326
2023-01-20 19:29:00+00:00,136.945,136.99,136.945,671,136.9799,45963,136.972419
2023-01-20 19:30:00+00:00,137.05,137.07,136.94,2274,136.945,304389,137.007338
2023-01-20 19:31:00+00:00,137.1301,137.15,137.05,1506,137.05,166041,137.111839
2023-01-20 19:32:00+00:00,137.275,137.28,137.095,1384,137.1301,179720,137.192301
2023-01-20 19:33:00+00:00,137.185,137.28,137.18,1452,137.27,177875,137.207057
2023-01-20 19:34:00+00:00,137.1601,137.22,137.16,837,137.185,75967,137.187627
2023-01-20 19:35:00+00:00,137.13,137.22,137.1,1058,137.1699,113881,137.155856
2023-01-20 19:36:00+00:00,137.09,137.19,137.07,751,137.13,96122,137.127775
2023-01-20 19:37:00+00:00,137.08,137.1098,137.07,580,137.0899,51510,137.083552
2023-01-20 19:38:00+00:00,137.105,137.1299,137.0406,678,137.0859,71282,137.092421
2023-01-20 19:39:00+00:00,137.1598,137.18,137.11,884,137.12,82555,137.147951
2023-01-20 19:40:00+00:00,137.1961,137.23,137.1501,820,137.1501,91703,137.194928
2023-01-20 19:41:00+00:00,137.12,137.21,137.11,740,137.196,75676,137.156129
2023-01-20 19:42:00+00:00,137.187,137.19,137.08,836,137.12,88335,137.128007
2023-01-20 19:43:00+00:00,137.25,137.275,137.185,1193,137.19,463747,137.194192
2023-01-20 19:44:00+00:00,137.25,137.28,137.2,947,137.255,104803,137.248624
2023-01-20 19:45:00+00:00,137.1517,137.26,137.1517,868,137.245,107143,137.228077
2023-01-20 19:46:00+00:00,137.1,137.1999,137.1,973,137.155,110880,137.139842
2023-01-20 19:47:00+00:00,137.13,137.15,137.1,767,137.11,79113,137.115402
2023-01-20 19:48:00+00:00,137.04,137.1784,137.0,1355,137.14,162104,137.090174
2023-01-20 19:49:00+00:00,137.05,137.07,136.99,885,137.057,108638,137.021833
2023-01-20 19:50:00+00:00,137.01,137.0706,136.99,843,137.06,88726,137.02423
2023-01-20 19:51:00+00:00,136.965,137.038,136.93,835,137.02,73961,136.98791
2023-01-20 19:52:00+00:00,137.01,137.02,136.94,818,136.96,95835,136.981309
2023-01-20 19:53:00+00:00,137.085,137.095,137.005,929,137.01,104486,137.053866
2023-01-20 19:54:00+00:00,137.1,137.13,137.06,902,137.08,106210,137.090004
2023-01-20 19:55:00+00:00,137.05,137.1,137.03,739,137.1,79402,137.051461
2023-01-20 19:56:00+00:00,136.9,137.07,136.89,1303,137.05,153005,136.981815
2023-01-20 19:57:00+00:00,137.03,137.05,136.9,827,136.91,71921,136.973515
2023-01-20 19:58:00+00:00,137.125,137.14,137.02,742,137.025,79808,137.092933
2023-01-20 19:59:00+00:00,137.17,137.22,137.105,1256,137.12,119588,137.157175
2023-01-20 20:00:00+00:00,137.152,137.31,137.152,2069,137.17,225805,137.241614
2023-01-20 20:01:00+00:00,137.18,137.2,137.1342,777,137.16,76777,137.168663
2023-01-20 20:02:00+00:00,137.19,137.23,137.16,850,137.19,87356,137.19231
2023-01-20 20:03:00+00:00,137.22,137.27,137.185,1004,137.194,88635,137.22422
2023-01-20 20:04:00+00:00,137.24,137.2799,137.21,817,137.22,99376,137.242004
2023-01-20 20:05:00+00:00,137.27,137.31,137.21,1248,137.24,144378,137.265447
2023-01-20 20:06:00+00:00,137.41,137.42,137.26,1492,137.2692,165413,137.350321
2023-01-20 20:07:00+00:00,137.4801,137.5,137.3901,1421,137.415,180448,137.442955
2023-01-20 20:08:00+00:00,137.54,137.56,137.4701,1699,137.478,182068,137.523138
2023-01-20 20:09:00+00:00,137.49,137.56,137.46,1641,137.55,283134,137.504573
2023-01-20 20:10:00+00:00,137.4581,137.5,137.44,1130,137.485,105110,137.461799
2023-01-20 20:11:00+00:00,137.5869,137.5869,137.41,1304,137.46,142986,137.489952
2023-01-20 20:12:00+00:00,137.68,137.68,137.54,1438,137.58,167259,137.597455
2023-01-20 20:13:00+00:00,137.755,137.7601,137.62,1642,137.68,197348,137.667847
2023-01-20 20:14:00+00:00,137.73,137.77,137.715,1304,137.75,126914,137.74268
2023-01-20 20:15:00+00:00,137.878,137.88,137.68,2516,137.73,262550,137.786538
2023-01-20 20:16:00+00:00,137.875,137.89,137.81,1418,137.87,170014,137.857395
2023-01-20 20:17:00+00:00,137.8201,137.8784,137.81,1142,137.8784,110517,137.843934
2023-01-20 20:18:00+00:00,137.81,137.86,137.775,1077,137.825,111082,137.820897
2023-01-20 20:19:00+00:00,137.7699,137.86,137.73,1324,137.8073,152502,137.794183
2023-01-20 20:20:00+00:00,137.66,137.77,137.64,1462,137.765,150997,137.693708
2023-01-20 20:21:00+00:00,137.6245,137.6522,137.595,1278,137.65,172334,137.623005
2023-01-20 20:22:00+00:00,137.4901,137.625,137.48,1384,137.62,156007,137.550239
2023-01-20 20:23:00+00:00,137.37,137.5,137.36,1589,137.495,168274,137.430976
2023-01-20 20:24:00+00:00,137.4501,137.4599,137.37,1208,137.3758,138122,137.422109
2023-01-20 20:25:00+00:00,137.49,137.54,137.45,1251,137.455,158970,137.5002
2023-01-20 20:26:00+00:00,137.5157,137.52,137.43,1176,137.496,144086,137.476783
2023-01-20 20:27:00+00:00,137.435,137.52,137.42,1059,137.5141,116200,137.461461
2023-01-20 20:28:00+00:00,137.5399,137.545,137.425,867,137.425,111742,137.498101
2023-01-20 20:29:00+00:00,137.475,137.54,137.44,1285,137.5301,137071,137.491851
2023-01-20 20:30:00+00:00,137.505,137.565,137.4701,1341,137.48,158753,137.525421
2023-01-20 20:31:00+00:00,137.49,137.59,137.42,1357,137.505,207153,137.507637
2023-01-20 20:32:00+00:00,137.53,137.535,137.4,1649,137.4802,157953,137.478557
2023-01-20 20:33:00+00:00,137.49,137.53,137.44,1200,137.53,98658,137.488036
2023-01-20 20:34:00+00:00,137.407,137.5,137.39,1460,137.49,174633,137.435956
2023-01-20 20:35:00+00:00,137.3401,137.41,137.33,1613,137.405,155534,137.365889
2023-01-20 20:36:00+00:00,137.295,137.38,137.2606,1568,137.34,152505,137.333296
2023-01-20 20:37:00+00:00,137.41,137.4455,137.29,1391,137.295,148073,137.386481
2023-01-20 20:38:00+00:00,137.51,137.54,137.415,1296,137.415,151946,137.489639
2023-01-20 20:39:00+00:00,137.565,137.565,137.48,1278,137.51,134534,137.525683
2023-01-20 20:40:00+00:00,137.565,137.6,137.53,1617,137.555,170382,137.564272
2023-01-20 20:41:00+00:00,137.6099,137.62,137.48,1614,137.57,176847,137.571443
2023-01-20 20:42:00+00:00,137.577,137.63,137.5501,1473,137.61,138795,137.592208
2023-01-20 20:43:00+00:00,137.4999,137.6,137.48,1423,137.575,136005,137.549127
2023-01-20 20:44:00+00:00,137.46,137.525,137.455,1713,137.495,160665,137.493235
2023-01-20 20:45:00+00:00,137.42,137.46,137.31,1992,137.46,191081,137.384097
2023-01-20 20:46:00+00:00,137.46,137.495,137.39,1445,137.4212,134350,137.454693
2023-01-20 20:47:00+00:00,137.42,137.6,137.41,2429,137.45,200236,137.500326
2023-01-20 20:48:00+00:00,137.5214,137.54,137.37,1806,137.42,187374,137.458689
2023-01-20 20:49:00+00:00,137.606,137.62,137.525,1833,137.525,183119,137.583758
2023-01-20 20:50:00+00:00,137.535,137.61,137.32,4119,137.6,455683,137.440295
2023-01-20 20:51:00+00:00,137.585,137.6067,137.49,3316,137.53,337321,137.544488
2023-01-20 20:52:00+00:00,137.74,137.77,137.57,3339,137.58,354601,137.670427
2023-01-20 20:53:00+00:00,137.74,137.75,137.65,2829,137.73,292870,137.719672
2023-01-20 20:54:00+00:00,137.54,137.74,137.52,4407,137.73,453743,137.629331
2023-01-20 20:55:00+00:00,137.6824,137.8,137.51,6490,137.535,813295,137.688388
2023-01-20 20:56:00+00:00,137.82,137.94,137.685,4886,137.69,606521,137.815079
2023-01-20 20:57:00+00:00,137.755,138.02,137.67,5483,137.8101,631427,137.806895
2023-01-20 20:58:00+00:00,137.62,137.76,137.59,5311,137.7522,651840,137.640362
2023-01-20 20:59:00+00:00,137.84,137.94,137.625,11048,137.625,2062938,137.79161
2023-01-20 21:00:00+00:00,137.87,137.89,137.72,269,137.86,24310720,137.869932
2023-01-20 21:01:00+00:00,137.77,137.87,137.75,162,137.79,871696,137.86898
2023-01-20 21:02:00+00:00,137.82,137.87,137.78,132,137.78,2122761,137.869669
2023-01-20 21:03:00+00:00,137.89,137.95,137.85,78,137.85,7841,137.885718
2023-01-20 21:04:00+00:00,137.89,137.89,137.87,40,137.87,989,137.881488
2023-01-20 21:05:00+00:00,137.88,137.9,137.88,66,137.89,2796,137.894514
2023-01-20 21:06:00+00:00,137.9,137.92,137.87,67,137.87,2703,137.899793
2023-01-20 21:07:00+00:00,137.89,137.9,137.88,46,137.88,1839,137.890044
2023-01-20 21:08:00+00:00,137.83,137.88,137.83,54,137.88,3877,137.86272
2023-01-20 21:09:00+00:00,137.8312,137.87,137.83,34,137.87,13623,137.867485
2023-01-20 21:10:00+00:00,137.81,137.85,137.81,46,137.82,15664,137.864506
2023-01-20 21:11:00+00:00,137.82,137.82,137.8001,59,137.81,2333,137.810732
2023-01-20 21:12:00+00:00,137.76,137.81,137.75,105,137.81,11665,137.775513
2023-01-20 21:13:00+00:00,137.78,137.8,137.76,62,137.76,4074,137.773169
2023-01-20 21:14:00+00:00,137.85,137.91,137.79,177,137.8,17738,137.867422
2023-01-20 21:15:00+00:00,137.78,137.83,137.78,50,137.83,1648,137.820999
2023-01-20 21:16:00+00:00,137.86,137.87,137.78,37,137.78,2262,137.838683
2023-01-20 21:17:00+00:00,137.83,137.83,137.8,29,137.8,1384,137.809191
2023-01-20 21:18:00+00:00,137.8,137.8572,137.8,26,137.83,802,137.826883
2023-01-20 21:19:00+00:00,137.83,137.87,137.83,29,137.83,27137,137.868611
2023-01-20 21:20:00+00:00,137.86,137.86,137.83,25,137.83,3575,137.83587
2023-01-20 21:21:00+00:00,137.87,137.87,137.8015,43,137.83,4054,137.838492
2023-01-20 21:22:00+00:00,137.83,137.87,136.55,33,136.55,252831,136.564497
2023-01-20 21:23:00+00:00,137.87,137.87,137.83,45,137.87,95983,137.869612
2023-01-20 21:24:00+00:00,137.85,137.85,137.83,44,137.8303,1316,137.8439
2023-01-20 21:25:00+00:00,137.88,137.88,137.83,74,137.84,17338,137.854691
2023-01-20 21:26:00+00:00,137.86,137.87,137.85,39,137.87,6877,137.867873
2023-01-20 21:27:00+00:00,137.83,137.8499,137.83,28,137.83,1915,137.837034
2023-01-20 21:28:00+00:00,137.86,137.87,137.85,34,137.85,6756,137.853169
2023-01-20 21:29:00+00:00,137.84,137.85,137.84,21,137.85,346,137.844088
2023-01-20 21:30:00+00:00,137.8401,137.85,137.84,51,137.84,1186,137.846332
2023-01-20 21:31:00+00:00,137.8699,137.8699,137.84,37,137.84,1819,137.854338
2023-01-20 21:32:00+00:00,137.87,137.87,137.84,45,137.84,9059,137.851939
2023-01-20 21:33:00+00:00,137.86,137.87,137.83,48,137.86,3409,137.858884
2023-01-20 21:34:00+00:00,137.83,137.86,137.83,27,137.86,747,137.848631
2023-01-20 21:35:00+00:00,137.87,137.87,137.82,32,137.82,4125,137.86212
2023-01-20 21:36:00+00:00,137.86,137.87,137.86,29,137.87,4944,137.865491
2023-01-20 21:37:00+00:00,137.87,137.87,137.86,18,137.86,411,137.862652
2023-01-20 21:39:00+00:00,137.85,137.85,137.85,25,137.85,2960,137.85016
2023-01-20 21:40:00+00:00,137.8983,137.9,137.85,56,137.86,6013,137.884106
2023-01-20 21:41:00+00:00,137.9,137.9,137.86,28,137.86,1112,137.896601
2023-01-20 21:42:00+00:00,137.87,137.9,137.87,37,137.9,3723,137.899639
2023-01-20 21:43:00+00:00,137.89,137.9,137.87,29,137.89,1483,137.884558
2023-01-20 21:44:00+00:00,137.85,137.88,137.85,45,137.87,12596,137.869654
2023-01-20 21:45:00+00:00,137.85,137.8501,137.85,25,137.85,762,137.849567
2023-01-20 21:47:00+00:00,137.87,137.87,137.87,29,137.87,790,137.868054
2023-01-20 21:48:00+00:00,137.87,137.87,137.87,24,137.87,532,137.869783
2023-01-20 21:49:00+00:00,137.87,137.87,137.87,24,137.87,330,137.868853
2023-01-20 21:50:00+00:00,137.85,137.86,137.85,29,137.86,1500,137.853065
2023-01-20 21:51:00+00:00,137.86,137.86,137.85,21,137.86,887,137.855558
2023-01-20 21:52:00+00:00,137.83,137.83,137.83,30,137.83,434,137.831175
2023-01-20 21:53:00+00:00,137.82,137.82,137.82,25,137.82,717,137.820265
2023-01-20 21:54:00+00:00,137.87,137.87,137.83,35,137.83,1509,137.85947
2023-01-20 21:55:00+00:00,137.85,137.85,137.85,25,137.85,467,137.850528
2023-01-20 21:56:00+00:00,137.9,137.9,137.85,40,137.85,4218,137.895955
2023-01-20 21:57:00+00:00,137.93,137.93,137.89,58,137.89,1610,137.917888
2023-01-20 21:58:00+00:00,137.9699,137.97,137.95,42,137.95,3006,137.963278
2023-01-20 21:59:00+00:00,137.9,137.98,137.9,59,137.97,1613,137.932502
2023-01-20 22:00:00+00:00,137.89,137.89,137.89,20,137.89,212,137.887288
2023-01-20 22:02:00+00:00,137.87,137.87,137.87,23,137.87,1568,137.870191
2023-01-20 22:03:00+00:00,137.9,137.9,137.9,26,137.9,918,137.899589
2023-01-20 22:04:00+00:00,137.9,137.9,137.9,16,137.9,439,137.900968
2023-01-20 22:05:00+00:00,137.93,137.93,137.93,20,137.93,205,137.914173
2023-01-20 22:06:00+00:00,137.87,137.91,137.87,26,137.91,1391,137.883001
2023-01-20 22:08:00+00:00,137.87,137.87,137.87,20,137.87,11200,137.870024
2023-01-20 22:10:00+00:00,137.86,137.86,137.86,27,137.86,1783,137.860917
2023-01-20 22:12:00+00:00,137.8507,137.8507,137.85,14,137.85,324,137.854898
2023-01-20 22:13:00+00:00,137.87,137.87,137.87,6,137.87,1077,137.869972
2023-01-20 22:16:00+00:00,137.84,137.85,137.84,20,137.85,359,137.845414
2023-01-20 22:18:00+00:00,137.8501,137.8501,137.8501,22,137.8501,538,137.859178
2023-01-20 22:19:00+00:00,137.87,137.87,137.87,20,137.87,252,137.870952
2023-01-20 22:20:00+00:00,137.88,137.88,137.88,24,137.88,458,137.878666
2023-01-20 22:21:00+00:00,137.87,137.89,137.87,23,137.89,1351,137.887369
2023-01-20 22:22:00+00:00,137.87,137.89,137.87,15,137.88,956,137.879759
2023-01-20 22:23:00+00:00,137.9,137.9,137.87,25,137.87,900,137.874928
2023-01-20 22:24:00+00:00,137.88,137.9,137.88,30,137.89,3594,137.96974
2023-01-20 22:25:00+00:00,137.87,137.89,137.87,24,137.89,1907,137.879535
2023-01-20 22:27:00+00:00,137.89,137.89,137.8701,13,137.8701,234,137.879714
2023-01-20 22:29:00+00:00,137.89,137.89,137.89,5,137.89,178,137.889775
2023-01-20 22:30:00+00:00,137.88,137.88,137.88,27,137.88,414,137.879444
2023-01-20 22:32:00+00:00,137.87,137.87,137.87,16,137.87,28418,137.869988
2023-01-20 22:34:00+00:00,137.88,137.88,137.88,23,137.88,429,137.879371
2023-01-20 22:35:00+00:00,137.88,137.88,137.88,16,137.88,366,137.878333
2023-01-20 22:36:00+00:00,137.86,137.86,137.85,21,137.85,1712,137.858998
2023-01-20 22:38:00+00:00,137.88,137.88,137.88,16,137.88,519,137.868266
2023-01-20 22:39:00+00:00,137.88,137.88,137.85,15,137.85,398,137.861922
2023-01-20 22:40:00+00:00,137.85,137.85,137.85,20,137.85,484,137.852025
2023-01-20 22:42:00+00:00,137.87,137.88,137.85,11,137.88,1146,137.870572
2023-01-20 22:43:00+00:00,137.87,137.87,137.87,17,137.87,318,137.867385
2023-01-20 22:45:00+00:00,137.88,137.88,137.87,12,137.87,2730,137.872958
2023-01-20 22:46:00+00:00,137.87,137.87,137.87,18,137.87,627,137.870159
2023-01-20 22:48:00+00:00,137.8785,137.8785,137.8785,9,137.8785,160,137.877469
2023-01-20 22:51:00+00:00,137.83,137.83,137.83,13,137.83,302,137.826225
2023-01-20 22:55:00+00:00,137.84,137.84,137.8388,12,137.8388,388,137.838995
2023-01-20 22:57:00+00:00,137.88,137.88,137.8216,21,137.8216,18065,137.869533
2023-01-20 22:58:00+00:00,137.8395,137.8395,137.8395,10,137.8395,188,137.849787
2023-01-20 22:59:00+00:00,137.88,137.88,137.87,22,137.87,989,137.872609
