timestamp,close,high,low,trade_count,open,volume,vwap
2023-02-21 09:00:00+00:00,150.56,151.0,150.5,144,150.86,3770,150.67257
2023-02-21 09:01:00+00:00,150.56,150.6,150.56,121,150.58,3391,150.587487
2023-02-21 09:02:00+00:00,150.56,150.58,150.56,20,150.58,1141,150.571814
2023-02-21 09:03:00+00:00,150.55,150.65,150.51,72,150.65,6894,150.557449
2023-02-21 09:04:00+00:00,150.5,150.55,150.5,54,150.55,2063,150.521803
2023-02-21 09:05:00+00:00,150.69,150.91,150.41,83,150.41,5697,150.651327
2023-02-21 09:06:00+00:00,150.51,150.62,150.51,60,150.62,1983,150.567484
2023-02-21 09:08:00+00:00,150.54,150.54,150.5,49,150.5,1186,150.530919
2023-02-21 09:09:00+00:00,150.49,150.56,150.47,76,150.55,2975,150.526635
2023-02-21 09:10:00+00:00,150.5,150.5,150.46,30,150.46,679,150.466053
2023-02-21 09:11:00+00:00,150.54,150.54,150.43,31,150.43,1293,150.493983
2023-02-21 09:12:00+00:00,150.45,150.5,150.45,34,150.5,958,150.511315
2023-02-21 09:13:00+00:00,150.57,150.63,150.57,44,150.63,2005,150.609082
2023-02-21 09:14:00+00:00,150.54,150.57,150.54,36,150.55,2274,150.552841
2023-02-21 09:15:00+00:00,150.66,150.66,150.66,12,150.66,480,150.646917
2023-02-21 09:18:00+00:00,150.67,150.67,150.67,57,150.67,2011,150.653232
2023-02-21 09:19:00+00:00,150.54,150.56,150.54,76,150.56,2044,150.51593
2023-02-21 09:20:00+00:00,150.32,150.41,150.32,70,150.41,1679,150.3657
2023-02-21 09:21:00+00:00,150.22,150.33,150.22,81,150.32,2454,150.255501
2023-02-21 09:23:00+00:00,150.29,150.29,150.29,15,150.29,723,150.291867
2023-02-21 09:25:00+00:00,150.4,150.4,150.38,46,150.38,2408,150.398675
2023-02-21 09:26:00+00:00,150.41,150.41,150.41,22,150.41,629,150.418839
2023-02-21 09:28:00+00:00,150.55,150.55,150.55,10,150.55,509,150.550982
2023-02-21 09:29:00+00:00,150.49,150.49,150.49,14,150.49,575,150.519565
2023-02-21 09:30:00+00:00,150.49,150.49,150.49,10,150.49,982,150.490377
2023-02-21 09:31:00+00:00,150.55,150.55,150.55,21,150.55,615,150.519593
2023-02-21 09:32:00+00:00,150.55,150.57,150.55,20,150.55,2237,150.553849
2023-02-21 09:36:00+00:00,150.55,150.69,150.55,68,150.65,3131,150.62183
2023-02-21 09:37:00+00:00,150.45,150.59,150.45,40,150.59,2212,150.540995
2023-02-21 09:38:00+00:00,150.5,150.5,150.45,10,150.45,394,150.470812
2023-02-21 09:40:00+00:00,150.55,150.56,150.55,25,150.56,1572,150.554517
2023-02-21 09:41:00+00:00,150.55,150.55,150.54,13,150.54,1206,150.546617
2023-02-21 09:42:00+00:00,150.62,150.63,150.54,66,150.55,5373,150.587586
2023-02-21 09:43:00+00:00,150.6,150.6,150.59,13,150.59,2083,150.592405
2023-02-21 09:44:00+00:00,150.63,150.63,150.63,10,150.63,154,150.630455
2023-02-21 09:45:00+00:00,150.57,150.65,150.57,28,150.64,1315,150.606198
2023-02-21 09:46:00+00:00,150.57,150.57,150.57,13,150.57,339,150.559558
2023-02-21 09:49:00+00:00,150.67,150.67,150.65,16,150.65,1875,150.662181
2023-02-21 09:51:00+00:00,150.97,150.97,150.69,61,150.69,2366,150.776462
2023-02-21 09:53:00+00:00,150.93,151.0,150.93,39,150.94,4146,150.961915
2023-02-21 09:54:00+00:00,151.2,151.2,150.86,79,150.86,4271,151.030162
2023-02-21 09:55:00+00:00,151.14,151.22,151.14,15,151.22,593,151.177234
2023-02-21 09:57:00+00:00,151.0,151.02,151.0,30,151.02,3249,151.00277
2023-02-21 09:58:00+00:00,151.1,151.1,151.1,14,151.1,242,151.089174
2023-02-21 10:02:00+00:00,150.97,150.97,150.97,6,150.97,492,150.974106
2023-02-21 10:03:00+00:00,150.92,150.92,150.92,23,150.92,469,150.9258
2023-02-21 10:06:00+00:00,150.91,150.91,150.9,14,150.9,538,150.913253
2023-02-21 10:07:00+00:00,150.93,150.93,150.92,11,150.92,574,150.929669
2023-02-21 10:12:00+00:00,150.86,150.86,150.86,27,150.86,973,150.862425
2023-02-21 10:14:00+00:00,150.8,150.85,150.8,28,150.85,1279,150.839335
2023-02-21 10:15:00+00:00,150.74,150.75,150.74,24,150.75,694,150.743184
2023-02-21 10:17:00+00:00,150.75,150.75,150.74,27,150.74,706,150.720694
2023-02-21 10:22:00+00:00,150.74,150.74,150.74,14,150.74,267,150.762247
2023-02-21 10:24:00+00:00,150.75,150.75,150.75,12,150.75,525,150.753105
2023-02-21 10:27:00+00:00,150.62,150.7,150.58,63,150.7,2287,150.644486
2023-02-21 10:29:00+00:00,150.73,150.73,150.72,18,150.72,626,150.711677
2023-02-21 10:30:00+00:00,150.41,150.65,150.41,168,150.65,5416,150.58104
2023-02-21 10:33:00+00:00,150.69,150.69,150.69,6,150.69,178,150.687921
2023-02-21 10:35:00+00:00,150.65,150.65,150.65,10,150.65,284,150.658486
2023-02-21 10:36:00+00:00,150.65,150.65,150.65,38,150.65,3091,150.652734
2023-02-21 10:40:00+00:00,150.58,150.58,150.58,18,150.58,512,150.57457
2023-02-21 10:41:00+00:00,150.64,150.64,150.57,13,150.57,730,150.624397
2023-02-21 10:48:00+00:00,150.64,150.64,150.64,11,150.64,14034,150.639998
2023-02-21 10:52:00+00:00,150.74,150.74,150.74,30,150.74,1024,150.73876
2023-02-21 10:55:00+00:00,150.69,150.69,150.69,19,150.69,563,150.687353
2023-02-21 10:56:00+00:00,150.63,150.63,150.63,20,150.63,1058,150.629707
2023-02-21 10:57:00+00:00,150.56,150.61,150.56,26,150.61,1139,150.587305
2023-02-21 10:59:00+00:00,150.51,150.54,150.5,52,150.54,1295,150.518363
2023-02-21 11:00:00+00:00,150.5,150.51,150.5,22,150.5,771,150.505188
2023-02-21 11:01:00+00:00,150.45,150.5,150.45,20,150.5,564,150.476933
2023-02-21 11:06:00+00:00,150.59,150.59,150.59,19,150.59,389,150.590283
2023-02-21 11:07:00+00:00,150.5,150.57,150.5,66,150.57,5358,150.511794
2023-02-21 11:10:00+00:00,150.55,150.55,150.51,21,150.51,985,150.532995
2023-02-21 11:16:00+00:00,150.7,150.7,150.67,33,150.67,2344,150.685712
2023-02-21 11:20:00+00:00,150.9,150.9,150.85,35,150.87,1580,150.864323
2023-02-21 11:24:00+00:00,150.76,150.76,150.76,9,150.76,184,150.765543
2023-02-21 11:26:00+00:00,150.77,150.77,150.77,5,150.77,133,150.785188
2023-02-21 11:31:00+00:00,150.77,150.78,150.75,33,150.78,1030,150.770961
2023-02-21 11:39:00+00:00,150.8,150.8,150.8,6,150.8,533,150.799062
2023-02-21 11:40:00+00:00,150.72,150.77,150.72,14,150.77,1181,150.750271
2023-02-21 11:41:00+00:00,150.78,150.78,150.69,29,150.72,926,150.731415
2023-02-21 11:42:00+00:00,150.66,150.78,150.66,29,150.77,1172,150.745102
2023-02-21 11:44:00+00:00,150.63,150.63,150.63,5,150.63,222,150.631351
2023-02-21 11:48:00+00:00,150.82,150.82,150.82,21,150.82,1241,150.819194
2023-02-21 11:50:00+00:00,150.86,150.86,150.85,13,150.85,2068,150.856219
2023-02-21 11:56:00+00:00,150.75,150.76,150.71,44,150.76,1991,150.745083
2023-02-21 12:00:00+00:00,150.95,151.02,150.8,344,150.8,13339,150.938642
2023-02-21 12:01:00+00:00,150.93,151.0,150.93,55,150.99,2063,150.965458
2023-02-21 12:02:00+00:00,150.9,150.93,150.9,35,150.93,1556,150.905122
2023-02-21 12:03:00+00:00,150.9,150.91,150.85,110,150.86,11784,150.888871
2023-02-21 12:04:00+00:00,150.91,150.91,150.9,13,150.9,265,150.906679
2023-02-21 12:05:00+00:00,150.9,150.9,150.9,29,150.9,940,150.907117
2023-02-21 12:06:00+00:00,150.84,150.89,150.84,62,150.85,2269,150.868731
2023-02-21 12:07:00+00:00,150.75,150.85,150.75,87,150.85,8240,150.790397
2023-02-21 12:08:00+00:00,150.77,150.77,150.7,91,150.75,7515,150.745968
2023-02-21 12:09:00+00:00,150.68,150.68,150.6,74,150.65,2520,150.646873
2023-02-21 12:10:00+00:00,150.62,150.62,150.62,17,150.62,2252,150.626306
2023-02-21 12:11:00+00:00,150.62,150.65,150.62,28,150.65,2731,150.644013
2023-02-21 12:12:00+00:00,150.62,150.67,150.62,32,150.67,3115,150.645496
2023-02-21 12:13:00+00:00,150.65,150.65,150.64,16,150.64,960,150.647969
2023-02-21 12:14:00+00:00,150.65,150.65,150.65,9,150.65,301,150.651794
2023-02-21 12:15:00+00:00,150.67,150.67,150.62,17,150.62,467,150.639079
2023-02-21 12:17:00+00:00,150.65,150.65,150.65,26,150.65,842,150.649097
2023-02-21 12:18:00+00:00,150.68,150.68,150.68,14,150.68,371,150.671132
2023-02-21 12:19:00+00:00,150.65,150.65,150.65,19,150.65,685,150.652029
2023-02-21 12:20:00+00:00,150.55,150.65,150.55,81,150.65,2346,150.620192
2023-02-21 12:21:00+00:00,150.6,150.6,150.6,9,150.6,656,150.595777
2023-02-21 12:22:00+00:00,150.6,150.6,150.6,16,150.6,987,150.602796
2023-02-21 12:23:00+00:00,150.53,150.53,150.53,26,150.53,800,150.54905
2023-02-21 12:25:00+00:00,150.55,150.57,150.55,17,150.55,1714,150.565163
2023-02-21 12:27:00+00:00,150.57,150.57,150.57,25,150.57,1390,150.57095
2023-02-21 12:29:00+00:00,150.54,150.63,150.54,54,150.63,3331,150.568448
2023-02-21 12:30:00+00:00,150.63,150.63,150.63,24,150.63,936,150.632756
2023-02-21 12:31:00+00:00,150.7,150.7,150.7,41,150.7,1427,150.696671
2023-02-21 12:34:00+00:00,150.72,150.72,150.72,30,150.72,773,150.714567
2023-02-21 12:35:00+00:00,150.7,150.7,150.7,20,150.7,552,150.691196
2023-02-21 12:39:00+00:00,150.68,150.68,150.68,69,150.68,1914,150.691567
2023-02-21 12:40:00+00:00,150.66,150.7,150.66,35,150.7,1335,150.690929
2023-02-21 12:43:00+00:00,150.7,150.7,150.7,52,150.7,1126,150.675648
2023-02-21 12:47:00+00:00,150.7,150.7,150.7,12,150.7,646,150.700062
2023-02-21 12:48:00+00:00,150.72,150.72,150.72,12,150.72,1152,150.718898
2023-02-21 12:50:00+00:00,150.74,150.74,150.73,12,150.73,1826,150.730723
2023-02-21 12:54:00+00:00,150.7,150.7,150.7,38,150.7,660,150.702091
2023-02-21 12:59:00+00:00,150.66,150.68,150.66,82,150.68,2222,150.646373
2023-02-21 13:00:00+00:00,150.58,151.03,150.52,591,150.5499,61003,150.705675
2023-02-21 13:01:00+00:00,151.7,151.77,150.5,968,150.56,13384,150.851215
2023-02-21 13:02:00+00:00,151.67,151.67,150.45,297,150.45,3657,150.778682
2023-02-21 13:03:00+00:00,150.52,150.5688,150.52,53,150.5688,2306,150.550927
2023-02-21 13:04:00+00:00,150.5,150.55,150.5,73,150.51,2331,150.521952
2023-02-21 13:05:00+00:00,150.5,150.52,150.5,100,150.52,5313,150.507049
2023-02-21 13:06:00+00:00,150.46,150.5,150.45,74,150.49,1758,150.465091
2023-02-21 13:07:00+00:00,150.42,150.45,150.42,68,150.45,1600,150.448425
2023-02-21 13:08:00+00:00,150.45,150.45,150.43,41,150.44,1691,150.443815
2023-02-21 13:09:00+00:00,150.4305,150.4305,150.43,30,150.43,497,150.440271
2023-02-21 13:10:00+00:00,150.42,150.49,150.42,82,150.42,10373,150.457279
2023-02-21 13:11:00+00:00,150.5,150.54,150.5,49,150.5,2552,150.503652
2023-02-21 13:13:00+00:00,150.55,150.55,150.55,37,150.55,1615,150.544551
2023-02-21 13:14:00+00:00,150.49,150.5,150.49,79,150.5,3493,150.49364
2023-02-21 13:15:00+00:00,150.54,150.54,150.47,31,150.47,720,150.504674
2023-02-21 13:16:00+00:00,150.4602,150.4602,150.45,34,150.45,2337,150.459213
2023-02-21 13:17:00+00:00,150.5,150.5,150.455,56,150.455,4389,150.49686
2023-02-21 13:18:00+00:00,150.5798,150.5798,150.54,64,150.54,6206,150.545444
2023-02-21 13:19:00+00:00,150.58,150.58,150.58,27,150.58,264,150.567521
2023-02-21 13:20:00+00:00,150.5,150.56,150.49,97,150.56,8511,150.526477
2023-02-21 13:21:00+00:00,150.47,150.47,150.47,48,150.47,479,150.483295
2023-02-21 13:22:00+00:00,150.41,150.43,150.41,74,150.43,4616,150.421359
2023-02-21 13:23:00+00:00,150.45,150.45,150.41,60,150.42,1908,150.433024
2023-02-21 13:24:00+00:00,150.41,150.45,150.41,51,150.45,2158,150.430137
2023-02-21 13:25:00+00:00,150.35,150.4,150.33,120,150.4,5717,150.375527
2023-02-21 13:26:00+00:00,150.34,150.38,150.34,32,150.35,2494,150.358119
2023-02-21 13:27:00+00:00,150.36,150.39,150.34,55,150.3401,2532,150.36852
2023-02-21 13:28:00+00:00,150.2912,150.33,150.2912,111,150.3001,2010,150.317268
2023-02-21 13:29:00+00:00,150.36,150.36,150.33,37,150.33,1063,150.348844
2023-02-21 13:30:00+00:00,150.5,150.5,150.4023,73,150.47,8399,150.494026
2023-02-21 13:31:00+00:00,150.57,150.5998,150.562,85,150.562,8641,150.579795
2023-02-21 13:32:00+00:00,150.53,150.6,150.53,77,150.55,5324,150.550685
2023-02-21 13:33:00+00:00,150.4499,150.51,150.44,94,150.46,9358,150.458702
2023-02-21 13:34:00+00:00,150.56,150.57,150.56,74,150.5698,3237,150.549207
2023-02-21 13:35:00+00:00,150.58,150.59,150.57,46,150.57,1854,150.575737
2023-02-21 13:36:00+00:00,150.5,150.55,150.5,59,150.55,2921,150.509323
2023-02-21 13:37:00+00:00,150.56,150.56,150.5,87,150.55,11403,150.54851
2023-02-21 13:38:00+00:00,150.56,150.58,150.56,41,150.56,1569,150.560278
2023-02-21 13:39:00+00:00,150.62,150.62,150.59,66,150.59,2456,150.595876
2023-02-21 13:40:00+00:00,150.63,150.66,150.61,61,150.61,1825,150.643843
2023-02-21 13:41:00+00:00,150.6558,150.6594,150.6558,31,150.659,731,150.652079
2023-02-21 13:42:00+00:00,150.57,150.6589,150.57,56,150.6589,3496,150.582596
2023-02-21 13:43:00+00:00,150.53,150.55,150.53,51,150.55,5614,150.54409
2023-02-21 13:44:00+00:00,150.48,150.5,150.47,78,150.5,7502,150.496695
2023-02-21 13:45:00+00:00,150.47,150.47,150.47,72,150.47,2322,150.473725
2023-02-21 13:46:00+00:00,150.47,150.48,150.47,63,150.48,3770,150.476642
2023-02-21 13:47:00+00:00,150.54,150.54,150.47,32,150.47,575,150.50298
2023-02-21 13:48:00+00:00,150.47,150.47,150.47,68,150.47,1399,150.479455
2023-02-21 13:49:00+00:00,150.56,150.56,150.5522,37,150.5522,714,150.540376
2023-02-21 13:50:00+00:00,150.57,150.57,150.54,65,150.54,2827,150.566225
2023-02-21 13:51:00+00:00,150.53,150.5939,150.53,37,150.53,2346,150.548828
2023-02-21 13:52:00+00:00,150.53,150.5921,150.53,53,150.5921,1870,150.526817
2023-02-21 13:53:00+00:00,150.44,150.53,150.44,111,150.53,3855,150.490005
2023-02-21 13:54:00+00:00,150.52,150.52,150.4596,44,150.51,3574,150.503728
2023-02-21 13:55:00+00:00,150.45,150.474,150.45,93,150.474,14514,150.455446
2023-02-21 13:56:00+00:00,150.45,150.49,150.44,41,150.45,3714,150.454456
2023-02-21 13:57:00+00:00,150.55,150.55,150.47,45,150.47,1602,150.510942
2023-02-21 13:58:00+00:00,150.527,150.55,150.527,33,150.5475,983,150.533908
2023-02-21 13:59:00+00:00,150.45,150.45,150.45,54,150.45,1057,150.458007
2023-02-21 14:00:00+00:00,150.35,150.44,150.35,151,150.44,8831,150.410249
2023-02-21 14:01:00+00:00,150.45,150.45,150.38,52,150.39,7508,150.393677
2023-02-21 14:02:00+00:00,150.49,150.5,150.49,27,150.49,633,150.472807
2023-02-21 14:03:00+00:00,150.44,150.4569,150.44,57,150.4569,1045,150.44688
2023-02-21 14:04:00+00:00,150.46,150.46,150.4,61,150.4,3525,150.44868
2023-02-21 14:05:00+00:00,150.56,150.56,150.47,76,150.47,4037,150.518993
2023-02-21 14:06:00+00:00,150.55,150.55,150.53,46,150.53,817,150.543396
2023-02-21 14:07:00+00:00,150.5645,150.5645,150.5645,28,150.5645,297,150.55068
2023-02-21 14:08:00+00:00,150.55,150.55,150.55,55,150.55,827,150.54281
2023-02-21 14:10:00+00:00,150.46,150.5,150.46,171,150.5,7765,150.4928
2023-02-21 14:11:00+00:00,150.5,150.52,150.47,200,150.52,11649,150.504273
2023-02-21 14:12:00+00:00,150.5,150.5113,150.5,51,150.5113,1475,150.505811
2023-02-21 14:13:00+00:00,150.49,150.51,150.49,40,150.5,1948,150.500563
2023-02-21 14:14:00+00:00,150.54,150.54,150.5,57,150.52,2480,150.511677
2023-02-21 14:15:00+00:00,150.58,150.58,150.54,73,150.55,1554,150.545387
2023-02-21 14:16:00+00:00,150.55,150.56,150.55,22,150.56,896,150.556873
2023-02-21 14:17:00+00:00,150.55,150.55,150.55,40,150.55,1046,150.553145
2023-02-21 14:18:00+00:00,150.51,150.55,150.51,75,150.55,2448,150.544213
2023-02-21 14:19:00+00:00,150.46,150.5001,150.46,78,150.5001,1267,150.480147
2023-02-21 14:20:00+00:00,150.4754,150.4771,150.4,119,150.43,11027,150.420036
2023-02-21 14:21:00+00:00,150.48,150.55,150.45,77,150.45,4472,150.476522
2023-02-21 14:22:00+00:00,150.5,150.5493,150.5,45,150.5493,1894,150.529421
2023-02-21 14:23:00+00:00,150.51,150.52,150.51,48,150.52,1470,150.515578
2023-02-21 14:24:00+00:00,150.55,150.55,150.4615,97,150.5,4530,150.521775
2023-02-21 14:25:00+00:00,150.26,150.5,150.25,397,150.47,23535,150.311682
2023-02-21 14:26:00+00:00,150.25,150.34,150.21,185,150.26,12699,150.295769
2023-02-21 14:27:00+00:00,150.3,150.3,150.12,315,150.24,14412,150.210895
2023-02-21 14:28:00+00:00,150.18,150.37,150.15,141,150.32,8700,150.234399
2023-02-21 14:29:00+00:00,150.34,150.34,150.13,166,150.29,15042,150.261526
2023-02-21 14:30:00+00:00,150.52,150.75,150.08,14547,150.33,2142581,150.316663
2023-02-21 14:31:00+00:00,150.43,150.61,150.37,7510,150.5,214275,150.474922
2023-02-21 14:32:00+00:00,150.47,150.5,150.3,7648,150.44,193319,150.395508
2023-02-21 14:33:00+00:00,150.6,150.68,150.43,7809,150.49,237180,150.561823
2023-02-21 14:34:00+00:00,150.41,150.62,150.3301,7716,150.61,206092,150.433937
2023-02-21 14:35:00+00:00,150.38,150.56,150.25,8087,150.405,327683,150.402715
2023-02-21 14:36:00+00:00,150.44,150.52,150.33,7075,150.4,220420,150.410803
2023-02-21 14:37:00+00:00,150.6014,150.69,150.35,7772,150.44,311810,150.567397
2023-02-21 14:38:00+00:00,150.5658,150.73,150.52,6714,150.61,310458,150.620393
2023-02-21 14:39:00+00:00,150.53,150.57,150.3,2118,150.56,215536,150.427924
2023-02-21 14:40:00+00:00,150.675,150.74,150.515,1901,150.53,208552,150.622267
2023-02-21 14:41:00+00:00,150.705,150.9,150.63,2009,150.6534,232671,150.732655
2023-02-21 14:42:00+00:00,150.7144,150.7799,150.61,1877,150.71,178975,150.698176
2023-02-21 14:43:00+00:00,150.83,150.87,150.685,1655,150.71,152205,150.787943
2023-02-21 14:44:00+00:00,151.09,151.14,150.79,3021,150.8399,313130,150.972584
2023-02-21 14:45:00+00:00,151.135,151.18,150.6,3892,151.07,385209,150.925026
2023-02-21 14:46:00+00:00,151.0,151.15,150.94,1964,151.12,181005,151.049975
2023-02-21 14:47:00+00:00,151.16,151.3,150.98,2503,151.01,267632,151.18438
2023-02-21 14:48:00+00:00,150.83,151.23,150.73,2196,151.19,243579,150.972137
2023-02-21 14:49:00+00:00,150.72,150.8999,150.7,1746,150.83,222333,150.8208
2023-02-21 14:50:00+00:00,150.4699,150.731,150.38,2189,150.73,203756,150.544453
2023-02-21 14:51:00+00:00,150.47,150.54,150.38,1405,150.46,127060,150.467594
2023-02-21 14:52:00+00:00,150.64,150.669,150.42,1270,150.48,115053,150.548825
2023-02-21 14:53:00+00:00,150.7488,150.83,150.65,1422,150.67,146751,150.753583
2023-02-21 14:54:00+00:00,150.755,150.8,150.66,1313,150.75,115204,150.729777
2023-02-21 14:55:00+00:00,150.6699,150.9093,150.64,1613,150.77,234369,150.782036
2023-02-21 14:56:00+00:00,150.486,150.69,150.31,1788,150.67,209260,150.479915
2023-02-21 14:57:00+00:00,150.4568,150.56,150.41,1401,150.475,158117,150.470257
2023-02-21 14:58:00+00:00,150.2094,150.48,150.2,1772,150.45,175832,150.332753
2023-02-21 14:59:00+00:00,150.36,150.4,150.21,1352,150.21,136180,150.318128
2023-02-21 15:00:00+00:00,150.395,150.45,150.14,2474,150.36,255041,150.312556
2023-02-21 15:01:00+00:00,150.4879,150.61,150.375,2080,150.39,196858,150.512003
2023-02-21 15:02:00+00:00,150.3599,150.47,150.31,1387,150.4601,111865,150.368914
2023-02-21 15:03:00+00:00,150.31,150.41,150.26,1299,150.3592,135513,150.346826
2023-02-21 15:04:00+00:00,150.35,150.4,150.25,1556,150.31,197941,150.328485
2023-02-21 15:05:00+00:00,150.2653,150.34,150.17,1364,150.33,145347,150.252506
2023-02-21 15:06:00+00:00,150.27,150.34,150.16,1382,150.28,148225,150.241455
2023-02-21 15:07:00+00:00,150.2684,150.35,150.15,1339,150.2641,146971,150.236633
2023-02-21 15:08:00+00:00,150.19,150.34,150.16,1320,150.2553,123438,150.252768
2023-02-21 15:09:00+00:00,150.17,150.25,150.09,2030,150.1715,221780,150.165554
2023-02-21 15:10:00+00:00,150.135,150.2204,150.11,1621,150.16,194483,150.159747
2023-02-21 15:11:00+00:00,150.13,150.19,150.07,2505,150.135,239428,150.126516
2023-02-21 15:12:00+00:00,149.918,150.14,149.85,6912,150.13,568762,149.99332
2023-02-21 15:13:00+00:00,149.8399,149.96,149.82,1758,149.91,174248,149.893453
2023-02-21 15:14:00+00:00,149.95,149.9601,149.76,1651,149.8301,162024,149.882022
2023-02-21 15:15:00+00:00,149.9,149.9641,149.74,1977,149.95,238034,149.829766
2023-02-21 15:16:00+00:00,149.9381,150.08,149.8816,2317,149.89,219994,149.997521
2023-02-21 15:17:00+00:00,149.99,150.005,149.9,1524,149.935,126566,149.952406
2023-02-21 15:18:00+00:00,150.015,150.1,149.93,1694,149.99,170084,150.018595
2023-02-21 15:19:00+00:00,149.94,150.0899,149.93,1359,150.02,127285,150.013377
2023-02-21 15:20:00+00:00,149.9,149.99,149.87,1421,149.93,120562,149.925957
2023-02-21 15:21:00+00:00,149.8199,149.9176,149.8,1305,149.9,107972,149.870416
2023-02-21 15:22:00+00:00,149.79,149.84,149.7,1736,149.8007,168428,149.766432
2023-02-21 15:23:00+00:00,149.9699,149.9699,149.73,1313,149.8,119074,149.815903
2023-02-21 15:24:00+00:00,149.8,149.99,149.775,1333,149.95,115304,149.89391
2023-02-21 15:25:00+00:00,149.8089,149.83,149.73,1366,149.795,123592,149.783914
2023-02-21 15:26:00+00:00,149.75,149.8,149.69,1514,149.79,134718,149.731816
2023-02-21 15:27:00+00:00,149.74,149.78,149.65,1651,149.745,132040,149.70098
2023-02-21 15:28:00+00:00,149.7271,149.765,149.685,1108,149.74,104074,149.723907
2023-02-21 15:29:00+00:00,149.6908,149.77,149.665,1142,149.725,93289,149.70248
2023-02-21 15:30:00+00:00,149.75,149.8,149.62,1390,149.69,121578,149.721479
2023-02-21 15:31:00+00:00,149.7183,149.775,149.68,1135,149.74,88687,149.733958
2023-02-21 15:32:00+00:00,149.705,149.7255,149.62,1229,149.7255,124670,149.669442
2023-02-21 15:33:00+00:00,149.91,149.95,149.68,1696,149.7004,175316,149.826138
2023-02-21 15:34:00+00:00,149.835,149.98,149.83,1337,149.92,171014,149.932216
2023-02-21 15:35:00+00:00,149.89,149.91,149.7959,1226,149.835,89529,149.8519
2023-02-21 15:36:00+00:00,149.895,149.96,149.87,990,149.8906,90461,149.919535
2023-02-21 15:37:00+00:00,149.72,149.8933,149.7,1251,149.88,91412,149.806557
2023-02-21 15:38:00+00:00,149.64,149.77,149.6,1525,149.7217,143682,149.694162
2023-02-21 15:39:00+00:00,149.82,149.82,149.63,1328,149.6499,138826,149.722669
2023-02-21 15:40:00+00:00,149.95,149.99,149.8,1344,149.83,133981,149.912297
2023-02-21 15:41:00+00:00,150.1173,150.18,149.96,1760,149.96,180755,150.065903
2023-02-21 15:42:00+00:00,150.25,150.3,150.1037,1451,150.11,154018,150.214526
2023-02-21 15:43:00+00:00,150.135,150.27,150.11,1040,150.25,116249,150.188126
2023-02-21 15:44:00+00:00,150.05,150.1382,149.97,1264,150.1382,122042,150.039384
2023-02-21 15:45:00+00:00,150.0957,150.12,150.0,997,150.04,101398,150.054648
2023-02-21 15:46:00+00:00,150.13,150.2,150.05,1089,150.11,99782,150.14045
2023-02-21 15:47:00+00:00,150.085,150.16,150.04,834,150.14,64164,150.090789
2023-02-21 15:48:00+00:00,149.89,150.12,149.89,1257,150.0853,118022,149.985498
2023-02-21 15:49:00+00:00,149.8001,149.94,149.75,1779,149.89,144242,149.834578
2023-02-21 15:50:00+00:00,149.9358,149.94,149.8,986,149.806,78506,149.885129
2023-02-21 15:51:00+00:00,149.8439,149.98,149.84,1001,149.94,105596,149.906282
2023-02-21 15:52:00+00:00,149.855,149.89,149.76,877,149.85,91461,149.824212
2023-02-21 15:53:00+00:00,149.83,149.8778,149.78,912,149.85,69576,149.831528
2023-02-21 15:54:00+00:00,149.87,149.87,149.77,831,149.84,80124,149.822585
2023-02-21 15:55:00+00:00,149.9465,150.0,149.87,1036,149.88,92886,149.935698
2023-02-21 15:56:00+00:00,149.89,150.07,149.8652,1129,149.95,119037,149.967107
2023-02-21 15:57:00+00:00,149.905,149.955,149.88,773,149.902,59597,149.919261
2023-02-21 15:58:00+00:00,149.885,149.9618,149.88,760,149.92,67075,149.91507
2023-02-21 15:59:00+00:00,149.9115,149.9564,149.8401,943,149.87,82300,149.906008
2023-02-21 16:00:00+00:00,149.9854,150.03,149.92,933,149.93,92904,149.99048
2023-02-21 16:01:00+00:00,149.99,150.06,149.97,995,149.985,79613,150.022243
2023-02-21 16:02:00+00:00,150.0,150.04,149.97,893,149.98,86000,150.003955
2023-02-21 16:03:00+00:00,149.933,150.055,149.92,788,149.995,66961,149.98096
2023-02-21 16:04:00+00:00,149.89,149.94,149.8601,916,149.93,70947,149.901664
2023-02-21 16:05:00+00:00,149.79,149.8801,149.77,1079,149.88,107387,149.829077
2023-02-21 16:06:00+00:00,149.722,149.8,149.715,895,149.79,74303,149.764137
2023-02-21 16:07:00+00:00,149.7014,149.78,149.642,1404,149.7288,154181,149.711572
2023-02-21 16:08:00+00:00,149.5608,149.7099,149.56,1488,149.7027,143393,149.630032
2023-02-21 16:09:00+00:00,149.545,149.595,149.53,1308,149.5662,113582,149.564767
2023-02-21 16:10:00+00:00,149.54,149.5793,149.53,1033,149.5499,93691,149.548581
2023-02-21 16:11:00+00:00,149.515,149.565,149.51,991,149.5344,87992,149.529335
2023-02-21 16:12:00+00:00,149.605,149.67,149.51,1001,149.5176,83977,149.612779
2023-02-21 16:13:00+00:00,149.614,149.7,149.57,995,149.61,79888,149.638603
2023-02-21 16:14:00+00:00,149.7806,149.7899,149.58,888,149.63,77659,149.680393
2023-02-21 16:15:00+00:00,149.64,149.845,149.64,1055,149.785,105460,149.744461
2023-02-21 16:16:00+00:00,149.72,149.74,149.63,751,149.64,55652,149.677679
2023-02-21 16:17:00+00:00,149.65,149.75,149.64,739,149.7304,66764,149.701264
2023-02-21 16:18:00+00:00,149.665,149.67,149.57,895,149.645,79522,149.615454
2023-02-21 16:19:00+00:00,149.58,149.72,149.58,849,149.67,89788,149.659035
2023-02-21 16:20:00+00:00,149.57,149.59,149.5,1025,149.581,115383,149.535984
2023-02-21 16:21:00+00:00,149.65,149.68,149.5701,772,149.5701,63842,149.642945
2023-02-21 16:22:00+00:00,149.59,149.65,149.5501,1050,149.645,115710,149.592356
2023-02-21 16:23:00+00:00,149.525,149.59,149.47,1928,149.585,200536,149.519197
2023-02-21 16:24:00+00:00,149.51,149.58,149.49,797,149.5288,57851,149.525274
2023-02-21 16:25:00+00:00,149.5417,149.628,149.505,904,149.51,64791,149.569747
2023-02-21 16:26:00+00:00,149.49,149.55,149.44,1256,149.54,121446,149.48347
2023-02-21 16:27:00+00:00,149.545,149.56,149.487,866,149.49,67827,149.521768
2023-02-21 16:28:00+00:00,149.44,149.555,149.42,912,149.55,70198,149.481378
2023-02-21 16:29:00+00:00,149.51,149.525,149.44,866,149.45,77843,149.483023
2023-02-21 16:30:00+00:00,149.52,149.62,149.455,880,149.505,69456,149.545513
2023-02-21 16:31:00+00:00,149.485,149.5115,149.432,833,149.5115,65787,149.473411
2023-02-21 16:32:00+00:00,149.41,149.49,149.36,1409,149.4899,112792,149.406384
2023-02-21 16:33:00+00:00,149.4301,149.48,149.4111,787,149.415,56091,149.444763
2023-02-21 16:34:00+00:00,149.45,149.47,149.42,718,149.44,64074,149.440836
2023-02-21 16:35:00+00:00,149.57,149.63,149.445,983,149.445,102544,149.555649
2023-02-21 16:36:00+00:00,149.6195,149.66,149.564,752,149.5717,64239,149.617588
2023-02-21 16:37:00+00:00,149.595,149.6551,149.57,849,149.62,89558,149.618018
2023-02-21 16:38:00+00:00,149.53,149.6,149.515,982,149.6,79192,149.552406
2023-02-21 16:39:00+00:00,149.5027,149.555,149.5,805,149.52,71218,149.525768
2023-02-21 16:40:00+00:00,149.4899,149.51,149.45,736,149.5,64441,149.477729
2023-02-21 16:41:00+00:00,149.644,149.6495,149.4896,971,149.4896,91716,149.56843
2023-02-21 16:42:00+00:00,149.75,149.7679,149.643,1031,149.643,103522,149.720964
2023-02-21 16:43:00+00:00,149.82,149.84,149.7265,1001,149.76,96036,149.79196
2023-02-21 16:44:00+00:00,149.805,149.83,149.77,682,149.83,70829,149.800123
2023-02-21 16:45:00+00:00,149.865,149.94,149.77,1175,149.8,107996,149.878286
2023-02-21 16:46:00+00:00,149.81,149.86,149.778,917,149.86,85050,149.814911
2023-02-21 16:47:00+00:00,149.91,149.915,149.795,872,149.81,76843,149.869661
2023-02-21 16:48:00+00:00,149.92,149.94,149.87,631,149.89,64746,149.914471
2023-02-21 16:49:00+00:00,149.86,149.93,149.85,626,149.925,59661,149.883942
2023-02-21 16:50:00+00:00,149.7884,149.86,149.741,873,149.8588,90044,149.796468
2023-02-21 16:51:00+00:00,149.695,149.7799,149.67,857,149.7799,88169,149.716497
2023-02-21 16:52:00+00:00,149.6799,149.725,149.66,652,149.7,52356,149.695723
2023-02-21 16:53:00+00:00,149.64,149.69,149.6301,825,149.675,55609,149.661574
2023-02-21 16:54:00+00:00,149.64,149.66,149.57,836,149.65,65390,149.62036
2023-02-21 16:55:00+00:00,149.58,149.66,149.5765,629,149.63,55296,149.617789
2023-02-21 16:56:00+00:00,149.6255,149.63,149.52,986,149.585,83573,149.568237
2023-02-21 16:57:00+00:00,149.7801,149.825,149.61,1080,149.62,121275,149.749442
2023-02-21 16:58:00+00:00,149.73,149.83,149.73,709,149.79,60739,149.784747
2023-02-21 16:59:00+00:00,149.8001,149.845,149.7301,766,149.731,72300,149.792518
2023-02-21 17:00:00+00:00,149.855,149.87,149.74,1042,149.8,105373,149.792453
2023-02-21 17:01:00+00:00,149.87,149.91,149.8,793,149.8408,83952,149.861979
2023-02-21 17:02:00+00:00,149.875,149.895,149.84,879,149.865,77024,149.862041
2023-02-21 17:03:00+00:00,149.885,149.93,149.87,802,149.88,97018,149.902323
2023-02-21 17:04:00+00:00,149.89,149.915,149.84,968,149.88,116313,149.874542
2023-02-21 17:05:00+00:00,149.985,149.99,149.88,1137,149.88,103665,149.942615
2023-02-21 17:06:00+00:00,149.94,149.99,149.92,796,149.9719,72951,149.954971
2023-02-21 17:07:00+00:00,149.835,149.95,149.835,689,149.935,51594,149.881465
2023-02-21 17:08:00+00:00,149.8167,149.83,149.75,742,149.83,84965,149.777907
2023-02-21 17:09:00+00:00,149.795,149.8499,149.75,645,149.82,55476,149.800503
2023-02-21 17:10:00+00:00,149.8299,149.8499,149.725,732,149.794,122051,149.766433
2023-02-21 17:11:00+00:00,149.785,149.8142,149.75,556,149.81,37293,149.787157
2023-02-21 17:12:00+00:00,149.77,149.79,149.75,784,149.77,693947,149.798146
2023-02-21 17:13:00+00:00,149.78,149.78,149.65,1024,149.775,150590,149.728922
2023-02-21 17:14:00+00:00,149.76,149.82,149.75,722,149.7893,63714,149.793837
2023-02-21 17:15:00+00:00,149.75,149.81,149.74,767,149.7699,63759,149.784418
2023-02-21 17:16:00+00:00,149.7201,149.7692,149.66,894,149.76,283646,149.609435
2023-02-21 17:17:00+00:00,149.7599,149.78,149.71,586,149.7252,40842,149.747599
2023-02-21 17:18:00+00:00,149.7587,149.79,149.725,611,149.74,45015,149.758219
2023-02-21 17:19:00+00:00,149.77,149.8,149.73,614,149.76,50744,149.770644
2023-02-21 17:20:00+00:00,149.85,149.8801,149.775,967,149.775,72860,149.835015
2023-02-21 17:21:00+00:00,149.835,149.875,149.83,551,149.85,41538,149.848859
2023-02-21 17:22:00+00:00,149.76,149.8422,149.73,725,149.8422,107974,149.762114
2023-02-21 17:23:00+00:00,149.75,149.785,149.71,651,149.7618,50783,149.754651
2023-02-21 17:24:00+00:00,149.79,149.79,149.73,668,149.7569,54023,149.761144
2023-02-21 17:25:00+00:00,149.71,149.81,149.68,642,149.8,50519,149.733421
2023-02-21 17:26:00+00:00,149.6342,149.7098,149.62,874,149.705,141599,149.659314
2023-02-21 17:27:00+00:00,149.68,149.735,149.6208,907,149.64,77530,149.676354
2023-02-21 17:28:00+00:00,149.69,149.69,149.63,629,149.68,52774,149.656723
2023-02-21 17:29:00+00:00,149.6825,149.7099,149.65,504,149.69,42267,149.681723
2023-02-21 17:30:00+00:00,149.7,149.72,149.66,576,149.69,39156,149.694244
2023-02-21 17:31:00+00:00,149.72,149.79,149.7,660,149.7,53536,149.74867
2023-02-21 17:32:00+00:00,149.79,149.86,149.73,714,149.73,66010,149.798998
2023-02-21 17:33:00+00:00,149.78,149.81,149.75,586,149.785,46344,149.77292
2023-02-21 17:34:00+00:00,149.952,149.97,149.78,789,149.7897,80745,149.889134
2023-02-21 17:35:00+00:00,149.995,150.0193,149.9,1086,149.96,88835,149.962477
2023-02-21 17:36:00+00:00,150.045,150.06,149.9715,869,150.0,100216,150.027617
2023-02-21 17:37:00+00:00,149.94,150.065,149.915,706,150.04,74237,149.984972
2023-02-21 17:38:00+00:00,149.92,149.9701,149.92,555,149.955,41338,149.946471
2023-02-21 17:39:00+00:00,149.97,149.9799,149.86,713,149.923,56164,149.905522
2023-02-21 17:40:00+00:00,150.034,150.08,149.97,774,149.9704,78271,150.038437
2023-02-21 17:41:00+00:00,149.98,150.065,149.98,582,150.03,56020,150.022517
2023-02-21 17:42:00+00:00,149.94,149.98,149.92,695,149.97,64746,149.942117
2023-02-21 17:43:00+00:00,150.0229,150.0229,149.93,546,149.94,41827,149.976823
2023-02-21 17:44:00+00:00,149.95,150.051,149.94,669,150.04,66143,149.997182
2023-02-21 17:45:00+00:00,149.8807,149.965,149.865,803,149.9497,76120,149.908982
2023-02-21 17:46:00+00:00,149.91,149.915,149.86,731,149.88,64512,149.891089
2023-02-21 17:47:00+00:00,150.005,150.04,149.87,833,149.91,78515,149.982505
2023-02-21 17:48:00+00:00,149.96,149.99,149.91,535,149.985,38998,149.946277
2023-02-21 17:49:00+00:00,150.01,150.0399,149.94,572,149.97,55741,149.990315
2023-02-21 17:50:00+00:00,150.12,150.13,149.98,834,150.0001,78617,150.066354
2023-02-21 17:51:00+00:00,150.11,150.1499,150.07,668,150.1138,57287,150.104432
2023-02-21 17:52:00+00:00,150.0799,150.15,150.0447,673,150.09,67017,150.100156
2023-02-21 17:53:00+00:00,150.1019,150.11,150.07,450,150.08,27436,150.092341
2023-02-21 17:54:00+00:00,150.08,150.105,150.04,462,150.105,38984,150.07513
2023-02-21 17:55:00+00:00,150.0699,150.09,150.0201,522,150.08,40777,150.047138
2023-02-21 17:56:00+00:00,149.9971,150.065,149.99,573,150.06,55505,150.019266
2023-02-21 17:57:00+00:00,149.9802,150.0299,149.95,679,149.99,79552,149.992118
2023-02-21 17:58:00+00:00,150.0146,150.05,149.97,579,149.9845,55497,150.0102
2023-02-21 17:59:00+00:00,150.02,150.075,150.0,704,150.01,67746,150.042632
2023-02-21 18:00:00+00:00,149.9924,150.0334,149.98,592,150.01,48700,150.007159
2023-02-21 18:01:00+00:00,149.96,150.02,149.94,687,149.992,60700,149.981161
2023-02-21 18:02:00+00:00,149.95,149.995,149.9315,620,149.9561,43520,149.964211
2023-02-21 18:03:00+00:00,149.94,149.98,149.94,504,149.96,42292,149.959536
2023-02-21 18:04:00+00:00,150.0,150.01,149.93,504,149.95,31546,149.977813
2023-02-21 18:05:00+00:00,149.9999,150.02,149.96,446,149.995,35205,149.991378
2023-02-21 18:06:00+00:00,149.96,149.995,149.93,560,149.99,54498,149.952194
2023-02-21 18:07:00+00:00,149.925,149.9742,149.88,635,149.95,53441,149.921348
2023-02-21 18:08:00+00:00,149.8799,149.955,149.8607,568,149.925,51582,149.895926
2023-02-21 18:09:00+00:00,149.8397,149.8996,149.82,590,149.867,71545,149.851453
2023-02-21 18:10:00+00:00,149.7301,149.84,149.72,997,149.8316,95620,149.781762
2023-02-21 18:11:00+00:00,149.735,149.75,149.672,839,149.73,94228,149.717232
2023-02-21 18:12:00+00:00,149.72,149.78,149.71,695,149.735,70740,149.742824
2023-02-21 18:13:00+00:00,149.715,149.72,149.67,505,149.72,42407,149.712201
2023-02-21 18:14:00+00:00,149.69,149.73,149.66,686,149.7101,50483,149.69276
2023-02-21 18:15:00+00:00,149.75,149.76,149.65,765,149.68,63099,149.705004
2023-02-21 18:16:00+00:00,149.74,149.79,149.6801,751,149.7519,59762,149.74271
2023-02-21 18:17:00+00:00,149.703,149.7587,149.7,498,149.74,37853,149.733597
2023-02-21 18:18:00+00:00,149.71,149.72,149.62,945,149.7001,81356,149.671867
2023-02-21 18:19:00+00:00,149.7,149.74,149.67,594,149.705,47185,149.710784
2023-02-21 18:20:00+00:00,149.68,149.7085,149.6615,443,149.7001,33284,149.685227
2023-02-21 18:21:00+00:00,149.7199,149.72,149.66,538,149.68,42479,149.690122
2023-02-21 18:22:00+00:00,149.73,149.77,149.7001,696,149.7181,65236,149.739165
2023-02-21 18:23:00+00:00,149.725,149.78,149.71,522,149.74,42960,149.745096
2023-02-21 18:24:00+00:00,149.63,149.725,149.62,676,149.72,61253,149.679152
2023-02-21 18:25:00+00:00,149.5299,149.64,149.52,1114,149.63,156112,149.577241
2023-02-21 18:26:00+00:00,149.5119,149.57,149.505,1156,149.53,152030,149.520297
2023-02-21 18:27:00+00:00,149.36,149.5199,149.32,2472,149.5199,324019,149.432901
2023-02-21 18:28:00+00:00,149.33,149.4,149.31,800,149.35,68622,149.354083
2023-02-21 18:29:00+00:00,149.46,149.47,149.32,967,149.325,91755,149.396691
2023-02-21 18:30:00+00:00,149.42,149.48,149.405,1068,149.47,78618,149.43455
2023-02-21 18:31:00+00:00,149.41,149.48,149.37,741,149.4179,53144,149.429044
2023-02-21 18:32:00+00:00,149.3562,149.41,149.35,747,149.4,52713,149.37682
2023-02-21 18:33:00+00:00,149.38,149.388,149.325,830,149.3575,68776,149.360883
2023-02-21 18:34:00+00:00,149.37,149.4,149.35,688,149.38,62668,149.375503
2023-02-21 18:35:00+00:00,149.375,149.43,149.351,619,149.37,77032,149.399207
2023-02-21 18:36:00+00:00,149.4099,149.43,149.36,493,149.3729,50473,149.393695
2023-02-21 18:37:00+00:00,149.4177,149.455,149.4,574,149.4,81211,149.42152
2023-02-21 18:38:00+00:00,149.42,149.43,149.39,514,149.42,38218,149.409688
2023-02-21 18:39:00+00:00,149.4,149.4297,149.3892,468,149.41,36564,149.405559
2023-02-21 18:40:00+00:00,149.44,149.45,149.35,645,149.39,46254,149.400047
2023-02-21 18:41:00+00:00,149.5099,149.52,149.43,896,149.445,83433,149.479376
2023-02-21 18:42:00+00:00,149.515,149.56,149.5,705,149.5,73242,149.526891
2023-02-21 18:43:00+00:00,149.5127,149.53,149.465,736,149.52,61076,149.504837
2023-02-21 18:44:00+00:00,149.53,149.54,149.5,541,149.51,48316,149.521812
2023-02-21 18:45:00+00:00,149.58,149.58,149.505,514,149.54,43893,149.539589
2023-02-21 18:46:00+00:00,149.6323,149.64,149.57,678,149.575,64185,149.595315
2023-02-21 18:47:00+00:00,149.61,149.645,149.57,558,149.6299,55518,149.613655
2023-02-21 18:48:00+00:00,149.6,149.67,149.5802,597,149.6035,57811,149.628452
2023-02-21 18:49:00+00:00,149.4401,149.6,149.44,695,149.6,71911,149.503138
2023-02-21 18:50:00+00:00,149.4099,149.45,149.39,626,149.4499,55192,149.422839
2023-02-21 18:51:00+00:00,149.3801,149.45,149.38,559,149.41,52899,149.421787
2023-02-21 18:52:00+00:00,149.355,149.39,149.3499,619,149.385,63353,149.36935
2023-02-21 18:53:00+00:00,149.355,149.378,149.29,996,149.35,97729,149.330122
2023-02-21 18:54:00+00:00,149.3772,149.42,149.31,647,149.35,54143,149.361679
2023-02-21 18:55:00+00:00,149.335,149.395,149.32,445,149.37,40226,149.352333
2023-02-21 18:56:00+00:00,149.38,149.4,149.32,546,149.3302,37574,149.358591
2023-02-21 18:57:00+00:00,149.35,149.4,149.34,573,149.39,75907,149.366936
2023-02-21 18:58:00+00:00,149.36,149.37,149.31,591,149.3499,47236,149.343223
2023-02-21 18:59:00+00:00,149.4039,149.41,149.35,511,149.362,45164,149.38089
2023-02-21 19:00:00+00:00,149.35,149.41,149.325,571,149.41,71449,149.355914
2023-02-21 19:01:00+00:00,149.33,149.365,149.32,553,149.35,45638,149.342114
2023-02-21 19:02:00+00:00,149.29,149.33,149.29,619,149.3201,50353,149.309897
2023-02-21 19:03:00+00:00,149.21,149.33,149.2,1391,149.3,150554,149.248127
2023-02-21 19:04:00+00:00,149.2801,149.31,149.21,892,149.215,87607,149.273307
2023-02-21 19:05:00+00:00,149.24,149.28,149.23,606,149.28,50351,149.258296
2023-02-21 19:06:00+00:00,149.316,149.33,149.2306,667,149.2399,66190,149.280064
2023-02-21 19:07:00+00:00,149.31,149.37,149.28,637,149.313,54823,149.321498
2023-02-21 19:08:00+00:00,149.3013,149.3239,149.28,456,149.32,37564,149.300586
2023-02-21 19:09:00+00:00,149.2701,149.3,149.25,608,149.3,43486,149.27666
2023-02-21 19:10:00+00:00,149.185,149.29,149.16,1103,149.29,109509,149.210485
2023-02-21 19:11:00+00:00,149.185,149.23,149.16,694,149.18,54495,149.194978
2023-02-21 19:12:00+00:00,149.2301,149.245,149.14,796,149.19,70017,149.190094
2023-02-21 19:13:00+00:00,149.2501,149.3,149.235,752,149.24,85935,149.263806
2023-02-21 19:14:00+00:00,149.24,149.28,149.21,656,149.255,62436,149.244805
2023-02-21 19:15:00+00:00,149.205,149.28,149.1801,595,149.25,50097,149.229777
2023-02-21 19:16:00+00:00,149.1559,149.22,149.15,660,149.2,68305,149.180175
2023-02-21 19:17:00+00:00,149.12,149.18,149.1,890,149.1501,79683,149.133544
2023-02-21 19:18:00+00:00,149.113,149.17,149.1,651,149.11,52679,149.125709
2023-02-21 19:19:00+00:00,149.0363,149.115,149.025,977,149.11,97064,149.059984
2023-02-21 19:20:00+00:00,149.02,149.035,149.0,1524,149.03,153168,149.01438
2023-02-21 19:21:00+00:00,148.9901,149.04,148.94,3355,149.02,305899,148.998781
2023-02-21 19:22:00+00:00,148.96,149.02,148.92,1027,149.0,98001,148.962774
2023-02-21 19:23:00+00:00,148.95,149.0,148.945,784,148.96,65329,148.977914
2023-02-21 19:24:00+00:00,148.975,149.03,148.95,826,148.9543,73387,148.998225
2023-02-21 19:25:00+00:00,149.02,149.06,148.95,1016,148.98,93307,149.019878
2023-02-21 19:26:00+00:00,149.075,149.0799,149.0031,759,149.0199,75619,149.030706
2023-02-21 19:27:00+00:00,149.11,149.115,149.07,1051,149.08,125130,149.084055
2023-02-21 19:28:00+00:00,148.93,149.105,148.93,921,149.105,97344,149.007357
2023-02-21 19:29:00+00:00,148.885,148.93,148.86,1372,148.93,105823,148.898734
2023-02-21 19:30:00+00:00,148.92,148.92,148.86,912,148.885,70330,148.888989
2023-02-21 19:31:00+00:00,149.0704,149.18,148.91,1920,148.93,169220,149.035458
2023-02-21 19:32:00+00:00,149.08,149.104,149.0221,842,149.08,84477,149.059941
2023-02-21 19:33:00+00:00,148.9501,149.0795,148.94,817,149.0795,93002,148.998664
2023-02-21 19:34:00+00:00,149.03,149.03,148.96,709,148.96,54980,148.993825
2023-02-21 19:35:00+00:00,148.991,149.07,148.99,846,149.04,79021,149.032357
2023-02-21 19:36:00+00:00,148.84,148.9973,148.83,1104,148.9938,89272,148.895652
2023-02-21 19:37:00+00:00,148.8999,148.91,148.81,920,148.84,77238,148.851783
2023-02-21 19:38:00+00:00,148.9,148.905,148.84,596,148.89,48899,148.872353
2023-02-21 19:39:00+00:00,148.94,148.955,148.85,677,148.89,70305,148.907076
2023-02-21 19:40:00+00:00,148.84,148.95,148.83,732,148.94,65294,148.872624
2023-02-21 19:41:00+00:00,148.6999,148.85,148.68,1939,148.84,172033,148.745151
2023-02-21 19:42:00+00:00,148.92,149.0,148.69,2186,148.695,215519,148.828118
2023-02-21 19:43:00+00:00,148.9285,148.98,148.9,958,148.9126,90121,148.933474
2023-02-21 19:44:00+00:00,148.9716,148.995,148.9118,768,148.94,83368,148.956583
2023-02-21 19:45:00+00:00,148.98,149.01,148.92,789,148.986,68510,148.972418
2023-02-21 19:46:00+00:00,148.96,149.02,148.94,696,148.98,60049,148.98466
2023-02-21 19:47:00+00:00,148.875,149.03,148.86,933,148.955,79394,148.948569
2023-02-21 19:48:00+00:00,148.9399,148.94,148.837,849,148.88,76012,148.885854
2023-02-21 19:49:00+00:00,148.95,149.0,148.9301,790,148.94,63105,148.969963
2023-02-21 19:50:00+00:00,148.8792,148.94,148.8284,902,148.94,73697,148.876705
2023-02-21 19:51:00+00:00,148.87,148.89,148.83,669,148.87,48923,148.865124
2023-02-21 19:52:00+00:00,148.8373,148.86,148.81,640,148.86,50998,148.831104
2023-02-21 19:53:00+00:00,148.87,148.89,148.825,616,148.8301,40627,148.857304
2023-02-21 19:54:00+00:00,148.8115,148.87,148.7701,781,148.87,58402,148.815706
2023-02-21 19:55:00+00:00,148.85,148.87,148.79,815,148.815,59090,148.838981
2023-02-21 19:56:00+00:00,148.77,148.845,148.72,760,148.84,104148,148.738497
2023-02-21 19:57:00+00:00,148.61,148.78,148.6,1757,148.76,154907,148.668453
2023-02-21 19:58:00+00:00,148.66,148.67,148.565,1162,148.61,120694,148.621892
2023-02-21 19:59:00+00:00,148.67,148.74,148.65,1077,148.66,103785,148.686535
2023-02-21 20:00:00+00:00,148.72,148.725,148.67,729,148.675,72035,148.699785
2023-02-21 20:01:00+00:00,148.58,148.7199,148.57,831,148.71,76736,148.650688
2023-02-21 20:02:00+00:00,148.685,148.71,148.57,730,148.57,55924,148.640865
2023-02-21 20:03:00+00:00,148.76,148.78,148.67,782,148.68,69086,148.741782
2023-02-21 20:04:00+00:00,148.93,148.93,148.77,852,148.77,75348,148.851523
2023-02-21 20:05:00+00:00,148.92,148.94,148.845,950,148.93,118540,148.897116
2023-02-21 20:06:00+00:00,148.79,148.94,148.79,747,148.915,86451,148.871568
2023-02-21 20:07:00+00:00,148.666,148.79,148.6501,803,148.79,71604,148.713996
2023-02-21 20:08:00+00:00,148.73,148.765,148.63,1088,148.68,117657,148.705356
2023-02-21 20:09:00+00:00,148.69,148.7465,148.66,663,148.73,55311,148.706532
2023-02-21 20:10:00+00:00,148.66,148.74,148.63,829,148.695,72801,148.68932
2023-02-21 20:11:00+00:00,148.625,148.66,148.59,948,148.66,82564,148.626468
2023-02-21 20:12:00+00:00,148.605,148.6699,148.582,816,148.625,71186,148.617903
2023-02-21 20:13:00+00:00,148.52,148.6071,148.5,1527,148.605,137726,148.537311
2023-02-21 20:14:00+00:00,148.51,148.58,148.51,922,148.51,80490,148.543297
2023-02-21 20:15:00+00:00,148.5471,148.58,148.485,1270,148.52,121200,148.525047
2023-02-21 20:16:00+00:00,148.4717,148.5475,148.44,1072,148.54,118894,148.479169
2023-02-21 20:17:00+00:00,148.42,148.54,148.42,863,148.48,86693,148.479095
2023-02-21 20:18:00+00:00,148.475,148.49,148.405,1006,148.413,71024,148.440002
2023-02-21 20:19:00+00:00,148.47,148.56,148.47,830,148.48,89625,148.519003
2023-02-21 20:20:00+00:00,148.4625,148.485,148.41,1007,148.4739,94004,148.453091
2023-02-21 20:21:00+00:00,148.5,148.525,148.43,958,148.475,99887,148.484991
2023-02-21 20:22:00+00:00,148.52,148.55,148.465,756,148.505,67176,148.509492
2023-02-21 20:23:00+00:00,148.61,148.62,148.495,1093,148.515,108029,148.545225
2023-02-21 20:24:00+00:00,148.655,148.69,148.599,1116,148.62,118668,148.638808
2023-02-21 20:25:00+00:00,148.585,148.67,148.585,949,148.655,93477,148.627782
2023-02-21 20:26:00+00:00,148.5873,148.65,148.5729,822,148.5899,76750,148.612163
2023-02-21 20:27:00+00:00,148.5325,148.62,148.52,956,148.59,95966,148.572305
2023-02-21 20:28:00+00:00,148.58,148.5978,148.53,786,148.53,72774,148.566972
2023-02-21 20:29:00+00:00,148.59,148.6099,148.515,821,148.575,75762,148.562917
2023-02-21 20:30:00+00:00,148.68,148.72,148.575,1355,148.59,132532,148.657576
2023-02-21 20:31:00+00:00,148.635,148.6968,148.6009,920,148.6968,94862,148.652039
2023-02-21 20:32:00+00:00,148.756,148.79,148.65,1441,148.65,158792,148.72952
2023-02-21 20:33:00+00:00,148.75,148.83,148.74,1359,148.76,135478,148.779979
2023-02-21 20:34:00+00:00,148.734,148.75,148.66,1127,148.75,114282,148.701628
2023-02-21 20:35:00+00:00,148.715,148.738,148.665,904,148.735,85776,148.705586
2023-02-21 20:36:00+00:00,148.62,148.71,148.58,1112,148.71,102767,148.634062
2023-02-21 20:37:00+00:00,148.5799,148.63,148.53,1083,148.61,99561,148.582034
2023-02-21 20:38:00+00:00,148.4726,148.6,148.4726,1275,148.575,126684,148.533487
2023-02-21 20:39:00+00:00,148.545,148.5479,148.445,1118,148.477,116166,148.492076
2023-02-21 20:40:00+00:00,148.6,148.62,148.54,1211,148.55,121331,148.584119
2023-02-21 20:41:00+00:00,148.465,148.61,148.46,1083,148.5957,104480,148.538168
2023-02-21 20:42:00+00:00,148.5828,148.59,148.465,1084,148.47,102080,148.528475
2023-02-21 20:43:00+00:00,148.5572,148.63,148.5301,1014,148.59,94784,148.579993
2023-02-21 20:44:00+00:00,148.64,148.66,148.55,1161,148.56,129528,148.617555
2023-02-21 20:45:00+00:00,148.7,148.73,148.63,1486,148.64,151366,148.693232
2023-02-21 20:46:00+00:00,148.7395,148.75,148.6849,1316,148.7074,137324,148.718167
2023-02-21 20:47:00+00:00,148.64,148.74,148.64,1275,148.735,114875,148.683351
2023-02-21 20:48:00+00:00,148.835,148.85,148.625,1430,148.6407,143602,148.719892
2023-02-21 20:49:00+00:00,148.815,148.86,148.7807,1228,148.84,138006,148.835773
2023-02-21 20:50:00+00:00,148.695,148.94,148.55,3559,148.83,351722,148.674503
2023-02-21 20:51:00+00:00,148.765,148.84,148.69,2316,148.69,225688,148.771168
2023-02-21 20:52:00+00:00,148.7,148.84,148.68,2093,148.7614,206054,148.748434
2023-02-21 20:53:00+00:00,148.74,148.83,148.71,2411,148.71,212061,148.76816
2023-02-21 20:54:00+00:00,148.71,148.82,148.66,3148,148.74,288903,148.737335
2023-02-21 20:55:00+00:00,148.8,148.83,148.67,3387,148.72,380563,148.746288
2023-02-21 20:56:00+00:00,148.64,148.8,148.59,3019,148.79,300416,148.677953
2023-02-21 20:57:00+00:00,148.61,148.67,148.57,3082,148.63,314196,148.616271
2023-02-21 20:58:00+00:00,148.51,148.65,148.51,3955,148.61,464632,148.573491
2023-02-21 20:59:00+00:00,148.48,148.56,148.41,8237,148.51,1108987,148.485753
2023-02-21 21:00:00+00:00,148.49,148.53,148.47,244,148.48,19532007,148.480013
2023-02-21 21:01:00+00:00,148.5,148.52,148.43,177,148.51,26233,148.499405
2023-02-21 21:02:00+00:00,148.56,148.58,148.52,168,148.52,8120,148.54977
2023-02-21 21:03:00+00:00,148.56,148.58,148.51,151,148.58,9297,148.554797
2023-02-21 21:04:00+00:00,148.6,148.62,148.56,92,148.56,9284,149.360304
2023-02-21 21:05:00+00:00,148.66,148.69,148.6,67,148.62,4428,148.62505
2023-02-21 21:06:00+00:00,148.65,148.66,148.62,42,148.62,1877,148.629274
2023-02-21 21:07:00+00:00,148.64,148.65,148.63,76,148.65,3720,148.582208
2023-02-21 21:08:00+00:00,148.6495,148.66,148.64,61,148.64,1489,148.6492
2023-02-21 21:09:00+00:00,148.48,148.65,148.48,64,148.64,192359,148.484598
2023-02-21 21:10:00+00:00,148.58,148.6395,148.49,92,148.57,40566,148.504036
2023-02-21 21:11:00+00:00,148.58,148.62,148.48,42,148.48,98640,148.480842
2023-02-21 21:12:00+00:00,148.56,148.57,148.55,69,148.57,1629,148.558233
2023-02-21 21:13:00+00:00,148.58,148.66,148.55,119,148.55,11737,148.601479
2023-02-21 21:14:00+00:00,148.62,148.66,148.58,68,148.58,5596,148.609378
2023-02-21 21:15:00+00:00,148.58,148.616,148.48,36,148.48,456,148.591525
2023-02-21 21:16:00+00:00,148.57,148.6065,148.57,50,148.6065,1491,148.581035
2023-02-21 21:17:00+00:00,148.57,148.57,148.57,37,148.57,1931,148.570304
2023-02-21 21:18:00+00:00,148.54,148.5496,148.53,43,148.53,2100,148.540692
2023-02-21 21:21:00+00:00,148.53,148.53,148.53,41,148.53,449,148.540856
2023-02-21 21:22:00+00:00,148.66,148.66,148.54,85,148.56,6023,148.601017
2023-02-21 21:23:00+00:00,148.64,148.67,148.62,42,148.66,1959,148.632569
2023-02-21 21:24:00+00:00,148.6,148.65,148.59,33,148.6404,1947,148.61122
2023-02-21 21:25:00+00:00,148.59,148.59,148.59,48,148.59,1004,148.591192
2023-02-21 21:26:00+00:00,148.62,148.62,148.58,43,148.58,3283,148.605582
2023-02-21 21:27:00+00:00,148.56,148.58,148.56,39,148.58,794,148.573476
2023-02-21 21:29:00+00:00,148.58,148.58,148.58,22,148.58,289,148.570796
2023-02-21 21:30:00+00:00,148.59,148.59,148.58,48,148.58,1070,148.581565
2023-02-21 21:31:00+00:00,148.48,148.59,148.48,55,148.59,5000,148.531407
2023-02-21 21:32:00+00:00,148.5,148.55,148.5,98,148.53,12850,148.516583
2023-02-21 21:33:00+00:00,148.52,148.59,148.45,143,148.5,58686,148.501081
2023-02-21 21:34:00+00:00,148.57,148.58,148.5,70,148.52,4863,148.53092
2023-02-21 21:35:00+00:00,148.51,148.56,148.5,62,148.54,7199,148.506965
2023-02-21 21:36:00+00:00,148.54,148.57,148.51,47,148.55,1861,148.552088
2023-02-21 21:37:00+00:00,148.57,148.58,148.57,27,148.58,572,148.571469
2023-02-21 21:38:00+00:00,148.53,148.56,148.53,39,148.54,1349,148.541216
2023-02-21 21:39:00+00:00,148.54,148.56,148.48,40,148.53,42790,148.48221
2023-02-21 21:40:00+00:00,148.55,148.55,148.51,81,148.55,6065,148.523394
2023-02-21 21:41:00+00:00,148.53,148.55,148.52,52,148.53,3536,148.541014
2023-02-21 21:42:00+00:00,148.54,148.55,148.54,23,148.55,359,148.54124
2023-02-21 21:43:00+00:00,148.54,148.55,148.54,23,148.54,1160,148.544375
2023-02-21 21:44:00+00:00,148.51,148.5467,148.5,67,148.54,5546,148.510765
2023-02-21 21:45:00+00:00,148.55,148.56,148.54,64,148.54,3655,148.547905
2023-02-21 21:46:00+00:00,148.56,148.56,148.52,41,148.55,2320,148.548756
2023-02-21 21:47:00+00:00,148.55,148.55,148.52,34,148.52,1395,148.542007
2023-02-21 21:48:00+00:00,148.55,148.55,148.55,23,148.55,204,148.542444
2023-02-21 21:49:00+00:00,148.55,148.55,148.55,22,148.55,1500374,148.480017
2023-02-21 21:50:00+00:00,148.54,148.54,148.54,33,148.54,349,148.540229
2023-02-21 21:51:00+00:00,148.52,148.55,148.52,37,148.55,1340,148.530899
2023-02-21 21:52:00+00:00,148.54,148.54,148.53,26,148.53,784,148.531964
2023-02-21 21:53:00+00:00,148.52,148.52,148.52,32,148.52,848,148.52035
2023-02-21 21:54:00+00:00,148.51,148.52,148.51,37,148.51,597296,148.480082
2023-02-21 21:55:00+00:00,148.51,148.52,148.51,42,148.52,1626,148.515318
2023-02-21 21:56:00+00:00,148.51,148.51,148.51,45,148.51,1843,148.510033
2023-02-21 21:57:00+00:00,148.5,148.52,148.5,23,148.5,1232,147.692561
2023-02-21 21:58:00+00:00,148.5,148.51,148.5,26,148.51,412,148.508155
2023-02-21 21:59:00+00:00,148.51,148.51,148.51,26,148.51,828,148.014758
2023-02-21 22:00:00+00:00,148.51,148.51,148.5,32,148.5,7079,149.224873
2023-02-21 22:01:00+00:00,148.54,148.54,148.52,24,148.52,1068,148.529481
2023-02-21 22:02:00+00:00,148.54,148.54,148.52,24,148.52,1902,148.533891
2023-02-21 22:03:00+00:00,148.54,148.54,148.54,18,148.54,370,148.536727
2023-02-21 22:04:00+00:00,148.52,148.52,148.52,25,148.52,216,148.528743
2023-02-21 22:05:00+00:00,148.57,148.57,148.54,41,148.54,1067,148.540659
2023-02-21 22:06:00+00:00,148.57,148.58,148.55,71,148.57,2685,148.568029
2023-02-21 22:08:00+00:00,148.56,148.56,148.56,20,148.56,219,148.554612
2023-02-21 22:09:00+00:00,148.58,148.58,148.55,20,148.55,1146,148.558394
2023-02-21 22:10:00+00:00,148.58,148.58,148.57,18,148.57,420,148.57381
2023-02-21 22:12:00+00:00,148.56,148.56,148.56,15,148.56,360,148.561631
2023-02-21 22:13:00+00:00,148.56,148.56,148.56,27,148.56,734,148.560579
2023-02-21 22:14:00+00:00,148.56,148.56,148.56,19,148.56,164,148.563741
2023-02-21 22:15:00+00:00,148.57,148.57,148.56,24,148.56,444,148.565891
2023-02-21 22:16:00+00:00,148.48,148.48,148.48,9,148.48,89906,148.480085
2023-02-21 22:18:00+00:00,148.56,148.5601,148.56,24,148.5601,281,148.561068
2023-02-21 22:19:00+00:00,148.56,148.56,148.56,15,148.56,297,148.560572
2023-02-21 22:21:00+00:00,148.56,148.56,148.56,11,148.56,2056,148.558801
2023-02-21 22:22:00+00:00,148.59,148.59,148.57,30,148.57,1799,148.57712
2023-02-21 22:23:00+00:00,148.59,148.59,148.59,19,148.59,253,148.584808
2023-02-21 22:26:00+00:00,148.58,148.58,148.58,21,148.58,412,148.57596
2023-02-21 22:27:00+00:00,148.56,148.56,148.56,14,148.56,176,148.561023
2023-02-21 22:30:00+00:00,148.59,148.59,148.59,13,148.59,348,148.576755
2023-02-21 22:31:00+00:00,148.56,148.5601,148.56,21,148.56,1121,148.561338
2023-02-21 22:33:00+00:00,148.58,148.58,148.58,18,148.58,783,148.579397
2023-02-21 22:35:00+00:00,148.58,148.58,148.58,18,148.58,231,148.580418
2023-02-21 22:36:00+00:00,148.58,148.58,148.58,14,148.58,314,148.582871
2023-02-21 22:40:00+00:00,148.57,148.58,148.57,16,148.58,1068,148.577111
2023-02-21 22:43:00+00:00,148.58,148.58,148.58,13,148.58,350,148.579029
2023-02-21 22:46:00+00:00,148.58,148.58,148.57,15,148.57,1046,148.576584
2023-02-21 22:47:00+00:00,148.56,148.56,148.56,26,148.56,613,148.562104
2023-02-21 22:49:00+00:00,148.57,148.57,148.56,25,148.56,710,148.564486
2023-02-21 22:50:00+00:00,148.56,148.56,148.56,7,148.56,205,148.560341
2023-02-21 22:51:00+00:00,148.56,148.56,148.56,15,148.56,551,148.560672
2023-02-21 22:52:00+00:00,148.56,148.5699,148.56,22,148.56,3213,148.560534
2023-02-21 22:53:00+00:00,148.53,148.56,148.53,42,148.56,5184,148.55884
2023-02-21 22:54:00+00:00,148.51,148.51,148.51,22,148.51,460,148.529533
2023-02-21 22:56:00+00:00,148.56,148.56,148.511,20,148.511,2083,148.531675
2023-02-21 22:57:00+00:00,148.52,148.52,148.51,15,148.52,1476,148.518401
2023-02-21 22:58:00+00:00,148.51,148.52,148.51,14,148.52,957,148.515345
2023-02-21 22:59:00+00:00,148.55,148.55,148.52,24,148.52,3134,148.528681
2023-02-21 23:00:00+00:00,148.61,148.61,148.56,56,148.56,3966,148.588485
2023-02-21 23:01:00+00:00,148.53,148.59,148.53,17,148.59,625,148.571712
2023-02-21 23:03:00+00:00,148.5501,148.61,148.55,37,148.55,2797,148.572905
2023-02-21 23:04:00+00:00,148.66,148.79,148.61,65,148.61,6678,148.697578
2023-02-21 23:05:00+00:00,148.74,148.75,148.74,39,148.75,5629,148.746922
2023-02-21 23:06:00+00:00,148.8,148.8,148.74,39,148.74,11104,148.793919
2023-02-21 23:07:00+00:00,148.8,148.8,148.61,41,148.61,5091,148.776842
2023-02-21 23:08:00+00:00,148.7,148.8,148.7,33,148.8,2210,148.770801
2023-02-21 23:09:00+00:00,148.73,148.73,148.64,23,148.65,567,148.679859
2023-02-21 23:12:00+00:00,148.67,148.67,148.67,13,148.67,353,148.67034
2023-02-21 23:13:00+00:00,148.68,148.68,148.68,18,148.68,281,148.677829
2023-02-21 23:14:00+00:00,148.69,148.69,148.65,31,148.66,1504,148.65991
2023-02-21 23:15:00+00:00,148.67,148.67,148.66,16,148.66,1252,148.667324
2023-02-21 23:16:00+00:00,148.64,148.65,148.62,25,148.65,2771,148.644172
2023-02-21 23:17:00+00:00,148.66,148.66,148.66,16,148.66,382,148.654764
2023-02-21 23:18:00+00:00,148.58,148.62,148.58,42,148.62,1138,148.602724
2023-02-21 23:19:00+00:00,148.58,148.6,148.56,24,148.57,1479,148.580544
2023-02-21 23:20:00+00:00,148.57,148.59,148.57,12,148.59,589,148.575501
2023-02-21 23:21:00+00:00,148.55,148.56,148.55,15,148.56,1441,148.558765
2023-02-21 23:22:00+00:00,148.55,148.55,148.55,18,148.55,306,148.558922
2023-02-21 23:23:00+00:00,148.66,148.66,148.5501,21,148.58,1936,148.591215
2023-02-21 23:25:00+00:00,148.66,148.68,148.66,22,148.67,2485,148.676101
2023-02-21 23:26:00+00:00,148.68,148.68,148.68,24,148.68,682,148.683673
2023-02-21 23:27:00+00:00,148.68,148.68,148.68,14,148.68,208,148.677596
2023-02-21 23:28:00+00:00,148.64,148.64,148.64,29,148.64,687,148.641601
2023-02-21 23:29:00+00:00,148.69,148.69,148.67,17,148.67,331,148.659894
2023-02-21 23:30:00+00:00,148.69,148.69,148.68,14,148.68,729,148.685981
2023-02-21 23:31:00+00:00,148.69,148.71,148.69,17,148.69,1837,148.692931
2023-02-21 23:32:00+00:00,148.75,148.79,148.7,29,148.7,1476,148.759966
2023-02-21 23:33:00+00:00,148.76,148.8,148.76,27,148.8,1589,148.78202
2023-02-21 23:34:00+00:00,148.72,148.75,148.72,31,148.75,1877,148.732912
2023-02-21 23:35:00+00:00,148.7,148.76,148.7,22,148.76,1048,148.749146
2023-02-21 23:37:00+00:00,148.79,148.79,148.78,14,148.78,1019,148.787743
2023-02-21 23:38:00+00:00,148.8,148.8,148.8,9,148.8,180,148.781222
2023-02-21 23:39:00+00:00,148.73,148.73,148.73,11,148.73,516,148.731318
2023-02-21 23:40:00+00:00,148.73,148.74,148.73,11,148.74,519,148.734316
2023-02-21 23:41:00+00:00,148.79,148.79,148.76,31,148.76,2415,148.764298
2023-02-21 23:42:00+00:00,148.79,148.79,148.79,19,148.79,782,148.793964
2023-02-21 23:43:00+00:00,148.79,148.79,148.77,24,148.79,665,148.781143
2023-02-21 23:44:00+00:00,148.77,148.77,148.75,24,148.75,1264,148.755249
2023-02-21 23:45:00+00:00,148.73,148.79,148.7,23,148.79,1387,148.728378
2023-02-21 23:46:00+00:00,148.73,148.73,148.73,11,148.73,386,148.739883
2023-02-21 23:47:00+00:00,148.75,148.75,148.75,21,148.75,297,148.736195
2023-02-21 23:48:00+00:00,148.74,148.74,148.74,19,148.74,241,148.736598
2023-02-21 23:50:00+00:00,148.74,148.74,148.74,14,148.74,339,148.746121
2023-02-21 23:52:00+00:00,148.79,148.82,148.77,22,148.77,3504,148.788423
2023-02-21 23:53:00+00:00,148.77,148.78,148.77,9,148.78,426,148.775094
2023-02-21 23:54:00+00:00,148.76,148.76,148.76,20,148.76,460,148.755685
2023-02-21 23:55:00+00:00,148.71,148.71,148.7,11,148.7,1303,148.702951
2023-02-21 23:56:00+00:00,148.88,148.88,148.78,49,148.78,2634,148.808155
2023-02-21 23:57:00+00:00,148.82,148.82,148.82,11,148.82,220,148.785159
2023-02-21 23:59:00+00:00,148.8,148.8,148.8,19,148.8,455,148.803143
2023-02-22 00:00:00+00:00,148.84,148.84,148.82,16,148.82,725,148.833159
2023-02-22 00:02:00+00:00,148.86,148.86,148.76,25,148.84,1876,148.835272
2023-02-22 00:03:00+00:00,148.88,148.88,148.83,36,148.83,2212,148.844241
2023-02-22 00:04:00+00:00,148.86,148.86,148.86,13,148.86,297,148.816077
2023-02-22 00:06:00+00:00,148.88,148.88,148.88,21,148.88,728,148.861566
2023-02-22 00:08:00+00:00,148.8,148.8,148.8,10,148.8,687,148.814731
2023-02-22 00:10:00+00:00,148.88,148.88,148.87,32,148.87,3639,148.876221
2023-02-22 00:12:00+00:00,148.82,148.82,148.82,17,148.82,434,148.825507
2023-02-22 00:13:00+00:00,148.81,148.81,148.81,7,148.81,133,148.80485
2023-02-22 00:14:00+00:00,148.82,148.82,148.82,8,148.82,841,148.818579
2023-02-22 00:15:00+00:00,148.88,148.88,148.88,14,148.88,191,148.843508
2023-02-22 00:21:00+00:00,148.8,148.8,148.78,8,148.78,2276,148.782915
2023-02-22 00:23:00+00:00,148.8,148.8,148.8,23,148.8,607,148.800115
2023-02-22 00:24:00+00:00,148.85,148.85,148.83,26,148.83,1497,148.838039
2023-02-22 00:25:00+00:00,148.82,148.82,148.82,10,148.82,163,148.815675
2023-02-22 00:27:00+00:00,148.8,148.8,148.8,21,148.8,627,148.815957
2023-02-22 00:30:00+00:00,148.87,148.87,148.82,22,148.85,1594,148.848269
2023-02-22 00:31:00+00:00,148.85,148.85,148.85,29,148.85,1073,148.849362
2023-02-22 00:32:00+00:00,148.82,148.82,148.82,9,148.82,307,148.830717
2023-02-22 00:33:00+00:00,148.79,148.79,148.79,8,148.79,1429,148.790906
2023-02-22 00:34:00+00:00,148.79,148.79,148.79,25,148.79,2089,148.790658
2023-02-22 00:38:00+00:00,148.79,148.8,148.79,24,148.8,1730,148.79802
2023-02-22 00:39:00+00:00,148.77,148.77,148.77,9,148.77,170,148.777118
2023-02-22 00:40:00+00:00,148.75,148.76,148.75,20,148.76,1102,148.754936
2023-02-22 00:41:00+00:00,148.71,148.74,148.71,25,148.74,927,148.72212
2023-02-22 00:42:00+00:00,148.68,148.68,148.68,26,148.68,1196,148.682153
2023-02-22 00:43:00+00:00,148.71,148.71,148.7,22,148.7,598,148.702893
2023-02-22 00:44:00+00:00,148.7,148.7,148.69,30,148.69,2162,148.696693
2023-02-22 00:48:00+00:00,148.7,148.7,148.7,31,148.7,4364,148.699954
2023-02-22 00:49:00+00:00,148.72,148.72,148.7,9,148.7,458,148.709105
2023-02-22 00:50:00+00:00,148.66,148.66,148.66,21,148.66,783,148.668761
2023-02-22 00:51:00+00:00,148.73,148.73,148.73,29,148.73,307,148.718322
2023-02-22 00:52:00+00:00,148.68,148.71,148.68,27,148.7,1704,148.696684
2023-02-22 00:54:00+00:00,148.65,148.65,148.65,26,148.65,760,148.653638
2023-02-22 00:55:00+00:00,148.66,148.66,148.66,24,148.66,738,148.68565
2023-02-22 00:57:00+00:00,148.66,148.66,148.65,14,148.65,1010,148.658886
2023-02-22 00:58:00+00:00,148.68,148.7,148.66,38,148.66,3016,148.671903
2023-02-22 00:59:00+00:00,148.72,148.72,148.69,33,148.69,1496,148.706006
