timestamp,close,high,low,trade_count,open,volume,vwap
2023-04-17 08:00:00+00:00,165.61,165.61,165.25,71,165.25,2531,165.525844
2023-04-17 08:01:00+00:00,165.36,165.62,165.36,37,165.62,689,165.516618
2023-04-17 08:02:00+00:00,165.5,165.5,165.5,10,165.5,249,165.458795
2023-04-17 08:03:00+00:00,165.5,165.5,165.5,8,165.5,1035,165.500097
2023-04-17 08:06:00+00:00,165.5,165.5,165.5,32,165.5,2784,165.499626
2023-04-17 08:07:00+00:00,165.42,165.42,165.42,11,165.42,628,165.436099
2023-04-17 08:10:00+00:00,165.39,165.39,165.39,37,165.39,811,165.383773
2023-04-17 08:11:00+00:00,165.29,165.39,165.29,16,165.39,1326,165.322617
2023-04-17 08:13:00+00:00,165.5,165.5,165.39,72,165.39,8154,165.479041
2023-04-17 08:14:00+00:00,165.5,165.5,165.5,11,165.5,726,165.488774
2023-04-17 08:18:00+00:00,165.5,165.54,165.43,50,165.43,4383,165.49843
2023-04-17 08:20:00+00:00,165.5,165.51,165.5,33,165.5,5176,165.500908
2023-04-17 08:21:00+00:00,165.5,165.51,165.5,38,165.51,2525,165.502523
2023-04-17 08:22:00+00:00,165.41,165.41,165.41,23,165.41,804,165.440236
2023-04-17 08:33:00+00:00,165.3,165.3,165.3,24,165.3,826,165.329564
2023-04-17 08:37:00+00:00,165.32,165.32,165.3,22,165.31,1297,165.312567
2023-04-17 08:38:00+00:00,165.25,165.26,165.25,9,165.26,653,165.267534
2023-04-17 08:43:00+00:00,165.3,165.3,165.3,1,165.3,100,165.3
2023-04-17 08:46:00+00:00,165.26,165.26,165.26,6,165.26,393,165.261603
2023-04-17 08:47:00+00:00,165.27,165.27,165.27,5,165.27,267,165.26221
2023-04-17 08:54:00+00:00,165.4,165.4,165.4,2,165.4,179,165.4
2023-04-17 08:55:00+00:00,165.39,165.39,165.39,7,165.39,253,165.390158
2023-04-17 08:56:00+00:00,165.39,165.39,165.38,8,165.38,548,165.384617
2023-04-17 09:04:00+00:00,165.39,165.39,165.39,6,165.39,306,165.389706
2023-04-17 09:07:00+00:00,165.25,165.27,165.25,39,165.27,1318,165.286859
2023-04-17 09:08:00+00:00,165.21,165.24,165.21,14,165.24,1016,165.225837
2023-04-17 09:12:00+00:00,165.21,165.21,165.21,6,165.21,324,165.219198
2023-04-17 09:18:00+00:00,165.23,165.23,165.23,8,165.23,210,165.226429
2023-04-17 09:23:00+00:00,165.14,165.14,165.13,10,165.13,476,165.134496
2023-04-17 09:30:00+00:00,165.14,165.14,165.14,11,165.14,426,165.148615
2023-04-17 09:34:00+00:00,165.17,165.17,165.17,11,165.17,307,165.179902
2023-04-17 09:36:00+00:00,165.19,165.19,165.19,13,165.19,437,165.180892
2023-04-17 09:39:00+00:00,165.15,165.15,165.15,9,165.15,260,165.151885
2023-04-17 09:40:00+00:00,165.1,165.1,165.1,4,165.1,119,165.104706
2023-04-17 09:43:00+00:00,165.08,165.08,165.08,13,165.08,227,165.06348
2023-04-17 09:45:00+00:00,165.01,165.01,165.01,35,165.01,623,165.006035
2023-04-17 09:46:00+00:00,165.05,165.05,165.05,14,165.05,377,165.038276
2023-04-17 09:49:00+00:00,165.0,165.0,164.96,28,164.96,788,164.978655
2023-04-17 09:51:00+00:00,165.05,165.05,165.05,21,165.05,695,165.035986
2023-04-17 09:53:00+00:00,164.95,165.0,164.95,42,165.0,2358,164.958969
2023-04-17 09:54:00+00:00,164.95,164.95,164.95,8,164.95,2841,164.950011
2023-04-17 10:07:00+00:00,165.01,165.01,165.01,12,165.01,385,165.003221
2023-04-17 10:10:00+00:00,165.0,165.0,165.0,5,165.0,165,164.997818
2023-04-17 10:12:00+00:00,165.1,165.1,165.1,30,165.1,657,165.050335
2023-04-17 10:13:00+00:00,165.24,165.24,165.1,29,165.1,1079,165.159212
2023-04-17 10:14:00+00:00,165.24,165.24,165.24,14,165.24,1286,165.239502
2023-04-17 10:15:00+00:00,165.35,165.35,165.24,32,165.24,2134,165.260783
2023-04-17 10:19:00+00:00,165.35,165.35,165.35,42,165.35,2064,165.349947
2023-04-17 10:21:00+00:00,165.35,165.35,165.33,24,165.33,3500,165.338694
2023-04-17 10:26:00+00:00,165.21,165.21,165.21,5,165.21,504,165.212183
2023-04-17 10:28:00+00:00,165.3,165.3,165.3,4,165.3,686,165.3
2023-04-17 10:32:00+00:00,165.4,165.4,165.37,52,165.37,2461,165.381073
2023-04-17 10:33:00+00:00,165.4,165.4,165.4,5,165.4,150,165.399533
2023-04-17 10:36:00+00:00,165.38,165.38,165.38,8,165.38,904,165.380011
2023-04-17 10:37:00+00:00,165.38,165.38,165.38,42,165.38,2004,165.373244
2023-04-17 10:38:00+00:00,165.4,165.4,165.39,30,165.39,2446,165.396276
2023-04-17 10:39:00+00:00,165.4,165.4,165.4,28,165.4,2680,165.403392
2023-04-17 10:45:00+00:00,165.42,165.42,165.42,6,165.42,119,165.420504
2023-04-17 10:47:00+00:00,165.5,165.5,165.48,29,165.48,1034,165.491799
2023-04-17 10:48:00+00:00,165.5,165.5,165.5,10,165.5,681,165.501468
2023-04-17 10:49:00+00:00,165.5,165.5,165.5,26,165.5,495,165.521434
2023-04-17 10:51:00+00:00,165.5,165.5,165.5,25,165.5,977,165.495036
2023-04-17 10:52:00+00:00,165.5,165.5,165.5,17,165.5,1654,165.501403
2023-04-17 10:53:00+00:00,165.6,165.6,165.57,46,165.57,2329,165.589687
2023-04-17 10:58:00+00:00,165.65,165.65,165.56,66,165.56,3268,165.645554
2023-04-17 11:00:00+00:00,165.55,165.6,165.5,104,165.52,4562,165.548832
2023-04-17 11:01:00+00:00,165.61,165.61,165.6,52,165.6,3790,165.618734
2023-04-17 11:02:00+00:00,165.77,165.8,165.67,170,165.69,11177,165.752534
2023-04-17 11:04:00+00:00,165.99,165.99,165.77,139,165.77,6358,165.880261
2023-04-17 11:05:00+00:00,165.9,165.92,165.86,39,165.88,4411,165.892589
2023-04-17 11:06:00+00:00,165.85,165.85,165.85,18,165.85,1208,165.859346
2023-04-17 11:07:00+00:00,165.8,165.85,165.8,25,165.85,902,165.831951
2023-04-17 11:08:00+00:00,165.8,165.8,165.8,13,165.8,474,165.797321
2023-04-17 11:09:00+00:00,165.93,165.93,165.82,75,165.82,5754,165.902164
2023-04-17 11:11:00+00:00,165.83,165.83,165.83,24,165.83,749,165.83215
2023-04-17 11:12:00+00:00,165.71,165.8,165.71,67,165.8,4151,165.786239
2023-04-17 11:18:00+00:00,165.76,165.76,165.76,19,165.76,430,165.758442
2023-04-17 11:19:00+00:00,165.62,165.7,165.62,41,165.7,1747,165.683143
2023-04-17 11:21:00+00:00,165.6,165.61,165.6,8,165.61,621,165.607246
2023-04-17 11:22:00+00:00,165.55,165.57,165.55,19,165.57,1253,165.564022
2023-04-17 11:23:00+00:00,165.57,165.57,165.57,7,165.57,276,165.572826
2023-04-17 11:24:00+00:00,165.57,165.57,165.55,25,165.55,1287,165.554289
2023-04-17 11:25:00+00:00,165.54,165.55,165.54,29,165.55,774,165.548152
2023-04-17 11:28:00+00:00,165.5,165.53,165.5,31,165.53,1191,165.507842
2023-04-17 11:30:00+00:00,165.48,165.55,165.48,83,165.53,2931,165.526302
2023-04-17 11:31:00+00:00,165.31,165.33,165.31,52,165.33,1716,165.364971
2023-04-17 11:34:00+00:00,165.4,165.4,165.39,27,165.39,1513,165.391375
2023-04-17 11:35:00+00:00,165.5,165.5,165.46,72,165.46,4210,165.469924
2023-04-17 11:36:00+00:00,165.5,165.51,165.48,75,165.48,3991,165.471639
2023-04-17 11:39:00+00:00,165.3,165.31,165.3,21,165.31,2643,165.30216
2023-04-17 11:40:00+00:00,165.25,165.25,165.25,46,165.25,3349,165.253676
2023-04-17 11:41:00+00:00,165.22,165.25,165.2,33,165.25,2193,165.22523
2023-04-17 11:42:00+00:00,165.3,165.3,165.3,61,165.3,2883,165.29957
2023-04-17 11:44:00+00:00,165.33,165.33,165.33,22,165.33,609,165.339294
2023-04-17 11:46:00+00:00,165.35,165.35,165.35,44,165.35,1114,165.361544
2023-04-17 11:47:00+00:00,165.46,165.46,165.46,29,165.46,688,165.45061
2023-04-17 11:50:00+00:00,165.45,165.45,165.42,57,165.42,2980,165.441799
2023-04-17 11:52:00+00:00,165.48,165.48,165.48,11,165.48,461,165.484751
2023-04-17 11:54:00+00:00,165.5,165.5,165.5,17,165.5,466,165.498391
2023-04-17 11:58:00+00:00,165.79,165.79,165.57,111,165.57,6681,165.707451
2023-04-17 12:00:00+00:00,165.72,165.95,165.21,383,165.65,39842,165.601254
2023-04-17 12:01:00+00:00,165.7,165.7,164.48,624,165.6995,5758,165.275475
2023-04-17 12:02:00+00:00,164.797,165.7,164.54,228,165.7,4334,165.21958
2023-04-17 12:03:00+00:00,165.79,165.8,165.75,105,165.75,9869,165.766247
2023-04-17 12:04:00+00:00,165.79,165.8,165.79,50,165.8,4142,165.79221
2023-04-17 12:05:00+00:00,165.71,165.79,165.69,93,165.79,8499,165.750582
2023-04-17 12:06:00+00:00,165.7,165.7,165.7,23,165.7,431,165.686356
2023-04-17 12:07:00+00:00,165.73,165.73,165.73,25,165.73,1048,165.732444
2023-04-17 12:08:00+00:00,165.68,165.7,165.68,48,165.7,1590,165.692619
2023-04-17 12:09:00+00:00,165.79,165.79,165.696,100,165.7,5218,165.732251
2023-04-17 12:10:00+00:00,165.9,165.9,165.81,112,165.87,7576,165.868849
2023-04-17 12:11:00+00:00,165.93,165.95,165.9,88,165.92,8367,165.933078
2023-04-17 12:12:00+00:00,166.11,166.15,165.94,367,165.95,9456,166.004252
2023-04-17 12:13:00+00:00,166.1,166.1,166.04,98,166.09,4096,166.067668
2023-04-17 12:14:00+00:00,166.02,166.0975,166.02,94,166.07,3830,166.045926
2023-04-17 12:15:00+00:00,165.94,166.01,165.94,102,166.01,3685,165.99273
2023-04-17 12:16:00+00:00,165.76,165.84,165.76,62,165.82,2073,165.838353
2023-04-17 12:17:00+00:00,165.75,165.8,165.64,97,165.8,5720,165.673383
2023-04-17 12:18:00+00:00,165.8,165.8,165.78,108,165.8,8004,165.792853
2023-04-17 12:19:00+00:00,165.753,165.753,165.753,19,165.753,309,165.778997
2023-04-17 12:20:00+00:00,165.8,165.87,165.8,96,165.8,9682,165.847236
2023-04-17 12:21:00+00:00,165.9,165.9,165.89,52,165.9,4103,165.898031
2023-04-17 12:22:00+00:00,165.9,165.95,165.9,34,165.95,1162,165.937319
2023-04-17 12:23:00+00:00,165.9,165.9,165.9,53,165.9,5093,165.903296
2023-04-17 12:24:00+00:00,165.85,165.9,165.85,26,165.9,2026,165.886714
2023-04-17 12:25:00+00:00,165.9,165.9,165.8478,37,165.9,3951,165.89654
2023-04-17 12:26:00+00:00,165.89,165.89,165.87,16,165.87,3144,165.876294
2023-04-17 12:27:00+00:00,165.85,165.89,165.84,33,165.84,1478,165.845767
2023-04-17 12:28:00+00:00,165.88,165.89,165.88,61,165.89,4922,165.886537
2023-04-17 12:29:00+00:00,165.94,165.99,165.93,72,165.93,7672,165.937256
2023-04-17 12:30:00+00:00,165.91,166.0,165.9,151,165.94,22289,165.909111
2023-04-17 12:31:00+00:00,165.76,165.91,165.76,335,165.91,30278,165.883557
2023-04-17 12:32:00+00:00,165.79,165.8,165.79,51,165.8,6771,165.797965
2023-04-17 12:33:00+00:00,165.73,165.76,165.71,49,165.75,6267,165.735359
2023-04-17 12:34:00+00:00,165.71,165.75,165.63,93,165.71,17053,165.698542
2023-04-17 12:35:00+00:00,165.7,165.74,165.7,42,165.74,8710,165.727307
2023-04-17 12:36:00+00:00,165.85,165.85,165.7,73,165.7,4623,165.787467
2023-04-17 12:37:00+00:00,165.9,165.9,165.85,39,165.85,1809,165.894843
2023-04-17 12:38:00+00:00,166.08,166.08,165.96,135,165.96,9027,165.995747
2023-04-17 12:39:00+00:00,166.07,166.19,166.06,112,166.14,5054,166.130437
2023-04-17 12:40:00+00:00,166.0,166.15,166.0,199,166.1,14321,166.044523
2023-04-17 12:41:00+00:00,166.0,166.0,166.0,76,166.0,2942,165.977818
2023-04-17 12:42:00+00:00,165.99,166.07,165.99,99,166.0,6063,166.026676
2023-04-17 12:43:00+00:00,165.92,165.96,165.92,71,165.95,2690,165.963527
2023-04-17 12:44:00+00:00,165.85,165.95,165.85,49,165.93,3662,165.878016
2023-04-17 12:45:00+00:00,165.8,165.8,165.8,22,165.8,249,165.826241
2023-04-17 12:46:00+00:00,165.74,165.81,165.64,102,165.81,6560,165.733868
2023-04-17 12:47:00+00:00,165.8089,165.8089,165.8089,35,165.8089,989,165.807154
2023-04-17 12:48:00+00:00,165.7,165.7938,165.7,56,165.7938,5049,165.706774
2023-04-17 12:49:00+00:00,165.6998,165.7,165.63,65,165.66,10520,165.667086
2023-04-17 12:50:00+00:00,165.72,165.81,165.7,42,165.7,6756,165.761276
2023-04-17 12:51:00+00:00,165.85,165.85,165.7,73,165.7,2224,165.786294
2023-04-17 12:52:00+00:00,166.0,166.0,165.85,131,165.85,10341,165.955772
2023-04-17 12:53:00+00:00,166.01,166.061,166.0,123,166.061,9617,166.002852
2023-04-17 12:54:00+00:00,166.02,166.03,166.0,153,166.02,6643,166.005082
2023-04-17 12:55:00+00:00,166.066,166.066,166.066,28,166.066,534,166.048483
2023-04-17 12:56:00+00:00,166.07,166.07,166.0112,45,166.05,3796,166.047944
2023-04-17 12:57:00+00:00,166.01,166.07,166.01,72,166.06,7437,166.052748
2023-04-17 12:58:00+00:00,166.0,166.01,166.0,210,166.0,15556,166.000882
2023-04-17 12:59:00+00:00,166.05,166.05,166.02,43,166.02,5112,166.022837
2023-04-17 13:00:00+00:00,166.05,166.07,166.0,53,166.05,3417,166.04705
2023-04-17 13:01:00+00:00,166.0,166.02,166.0,60,166.02,2860,166.009078
2023-04-17 13:02:00+00:00,166.07,166.07,166.0,71,166.01,8631,166.030584
2023-04-17 13:03:00+00:00,166.15,166.15,166.1,138,166.1,8876,166.129529
2023-04-17 13:04:00+00:00,166.05,166.17,166.01,55,166.169,9886,166.062505
2023-04-17 13:05:00+00:00,166.09,166.12,166.05,58,166.05,5005,166.075543
2023-04-17 13:06:00+00:00,166.01,166.07,166.01,65,166.07,6422,166.026346
2023-04-17 13:07:00+00:00,166.08,166.08,166.0,165,166.01,13008,166.005111
2023-04-17 13:08:00+00:00,166.15,166.15,166.06,81,166.06,6958,166.120504
2023-04-17 13:09:00+00:00,166.15,166.15,166.1,110,166.14,7918,166.14014
2023-04-17 13:10:00+00:00,166.1,166.14,166.0607,45,166.14,1559,166.123579
2023-04-17 13:11:00+00:00,166.17,166.19,166.1,98,166.1,4669,166.154089
2023-04-17 13:12:00+00:00,166.18,166.2,166.16,122,166.17,7019,166.171826
2023-04-17 13:13:00+00:00,166.18,166.2,166.1222,63,166.18,3586,166.164007
2023-04-17 13:14:00+00:00,166.14,166.16,166.0206,152,166.16,8028,166.097027
2023-04-17 13:15:00+00:00,166.0999,166.13,166.06,57,166.13,5136,166.096101
2023-04-17 13:16:00+00:00,166.02,166.1,166.02,43,166.1,1376,166.058467
2023-04-17 13:17:00+00:00,165.9,166.01,165.9,94,166.01,6909,165.971995
2023-04-17 13:18:00+00:00,166.05,166.05,165.87,98,165.87,7051,165.973557
2023-04-17 13:19:00+00:00,166.14,166.14,166.0,97,166.04,4775,166.068519
2023-04-17 13:20:00+00:00,166.06,166.06,166.01,34,166.02,2741,166.054681
2023-04-17 13:21:00+00:00,166.06,166.06,165.97,90,166.06,5296,166.010285
2023-04-17 13:22:00+00:00,166.13,166.13,166.05,104,166.08,4799,166.097618
2023-04-17 13:23:00+00:00,166.13,166.13,166.04,98,166.1,5524,166.094393
2023-04-17 13:24:00+00:00,166.1,166.15,166.1,65,166.14,6157,166.135244
2023-04-17 13:25:00+00:00,165.34,166.08,165.05,1844,166.01,175609,165.390703
2023-04-17 13:26:00+00:00,165.2,165.43,165.2,553,165.34,69677,165.352348
2023-04-17 13:27:00+00:00,165.14,165.3,165.03,702,165.2,83948,165.14348
2023-04-17 13:28:00+00:00,165.1,165.16,164.93,536,165.11,81402,165.048375
2023-04-17 13:29:00+00:00,165.09,165.18,164.91,507,165.11,64586,165.047334
2023-04-17 13:30:00+00:00,164.655,165.18,164.61,11688,165.09,2995448,165.000258
2023-04-17 13:31:00+00:00,164.76,164.88,164.59,3224,164.65,314737,164.712754
2023-04-17 13:32:00+00:00,164.814,164.8407,164.64,2156,164.74,199788,164.736891
2023-04-17 13:33:00+00:00,164.885,165.04,164.7822,2683,164.82,265676,164.897692
2023-04-17 13:34:00+00:00,165.07,165.09,164.8783,1884,164.8783,202385,165.019779
2023-04-17 13:35:00+00:00,165.12,165.25,164.9523,3520,165.07,373166,165.154754
2023-04-17 13:36:00+00:00,165.3699,165.39,165.09,2434,165.12,252047,165.216857
2023-04-17 13:37:00+00:00,165.3,165.37,165.26,2001,165.3501,200941,165.308145
2023-04-17 13:38:00+00:00,165.19,165.29,165.12,2075,165.29,186935,165.213121
2023-04-17 13:39:00+00:00,165.09,165.23,165.06,1856,165.19,174878,165.141526
2023-04-17 13:40:00+00:00,165.12,165.21,165.01,2247,165.0878,194369,165.097927
2023-04-17 13:41:00+00:00,165.08,165.22,165.0601,1501,165.1278,145731,165.142557
2023-04-17 13:42:00+00:00,164.695,165.15,164.69,2760,165.0978,269027,164.91929
2023-04-17 13:43:00+00:00,164.665,164.76,164.61,1920,164.7,175117,164.682791
2023-04-17 13:44:00+00:00,164.71,164.7354,164.6002,2000,164.67,164143,164.659183
2023-04-17 13:45:00+00:00,164.4601,164.74,164.44,2714,164.71,260656,164.565482
2023-04-17 13:46:00+00:00,164.34,164.52,164.03,2908,164.46,208893,164.389635
2023-04-17 13:47:00+00:00,164.325,164.43,164.27,3614,164.34,137329,164.348922
2023-04-17 13:48:00+00:00,164.4599,164.47,164.3,3630,164.32,137240,164.395519
2023-04-17 13:49:00+00:00,164.5199,164.64,164.46,3909,164.46,177256,164.574972
2023-04-17 13:50:00+00:00,164.65,164.68,164.51,3584,164.515,128541,164.605082
2023-04-17 13:51:00+00:00,164.61,164.7425,164.58,3578,164.64,134088,164.661856
2023-04-17 13:52:00+00:00,164.525,164.67,164.39,3817,164.6,157971,164.527172
2023-04-17 13:53:00+00:00,164.47,164.53,164.426,3445,164.53,120276,164.469126
2023-04-17 13:54:00+00:00,164.48,164.59,164.4401,3375,164.47,122876,164.502849
2023-04-17 13:55:00+00:00,164.5499,164.5991,164.435,3340,164.48,97645,164.511557
2023-04-17 13:56:00+00:00,164.625,164.67,164.53,3433,164.55,115644,164.606261
2023-04-17 13:57:00+00:00,164.675,164.69,164.39,5885,164.63,332547,164.54927
2023-04-17 13:58:00+00:00,164.695,164.8208,164.62,4174,164.68,212572,164.730091
2023-04-17 13:59:00+00:00,164.675,164.74,164.55,3440,164.7001,115960,164.642222
2023-04-17 14:00:00+00:00,164.9301,164.98,164.68,4436,164.69,229327,164.845446
2023-04-17 14:01:00+00:00,164.9406,165.06,164.89,4560,164.94,234377,164.971419
2023-04-17 14:02:00+00:00,164.77,164.96,164.76,3650,164.95,93931,164.863219
2023-04-17 14:03:00+00:00,164.607,164.7699,164.545,4110,164.76,151316,164.621224
2023-04-17 14:04:00+00:00,164.51,164.6099,164.49,3812,164.6099,127334,164.539183
2023-04-17 14:05:00+00:00,164.49,164.64,164.49,3772,164.515,112432,164.561745
2023-04-17 14:06:00+00:00,164.36,164.485,164.325,3825,164.48,131265,164.400538
2023-04-17 14:07:00+00:00,164.39,164.4,164.29,3821,164.3516,121430,164.341541
2023-04-17 14:08:00+00:00,164.348,164.52,164.3101,3496,164.39,111383,164.44207
2023-04-17 14:09:00+00:00,164.43,164.455,164.36,3134,164.36,84638,164.414901
2023-04-17 14:10:00+00:00,164.352,164.55,164.352,3629,164.43,116971,164.474328
2023-04-17 14:11:00+00:00,164.449,164.4789,164.33,3291,164.36,107766,164.400724
2023-04-17 14:12:00+00:00,164.615,164.64,164.44,3500,164.44,128002,164.526788
2023-04-17 14:13:00+00:00,164.605,164.65,164.57,3412,164.625,86826,164.607296
2023-04-17 14:14:00+00:00,164.5889,164.7199,164.545,3463,164.62,88736,164.625285
2023-04-17 14:15:00+00:00,164.6309,164.73,164.5601,3753,164.585,116098,164.638936
2023-04-17 14:16:00+00:00,164.69,164.76,164.57,3916,164.64,135065,164.664623
2023-04-17 14:17:00+00:00,164.618,164.71,164.57,3365,164.695,77712,164.639468
2023-04-17 14:18:00+00:00,164.78,164.79,164.6127,3507,164.6127,100195,164.727505
2023-04-17 14:19:00+00:00,164.77,164.85,164.75,3586,164.79,105201,164.800954
2023-04-17 14:20:00+00:00,164.7824,164.826,164.77,3121,164.775,52822,164.790786
2023-04-17 14:21:00+00:00,164.93,164.96,164.79,3905,164.79,151067,164.87774
2023-04-17 14:22:00+00:00,164.9248,164.9782,164.89,3294,164.948,100700,164.939595
2023-04-17 14:23:00+00:00,164.87,164.93,164.82,2898,164.93,115225,164.868592
2023-04-17 14:24:00+00:00,164.86,164.965,164.84,2665,164.875,76113,164.894487
2023-04-17 14:25:00+00:00,164.74,164.89,164.725,2881,164.86,98393,164.792453
2023-04-17 14:26:00+00:00,164.6905,164.79,164.67,2786,164.74,87212,164.727831
2023-04-17 14:27:00+00:00,164.7,164.7114,164.653,2705,164.69,72823,164.686258
2023-04-17 14:28:00+00:00,164.6599,164.76,164.6599,2836,164.71,71402,164.71234
2023-04-17 14:29:00+00:00,164.51,164.66,164.48,3182,164.655,134700,164.559189
2023-04-17 14:30:00+00:00,164.44,164.5562,164.41,3149,164.515,117374,164.478416
2023-04-17 14:31:00+00:00,164.4416,164.55,164.43,2124,164.43,87911,164.480636
2023-04-17 14:32:00+00:00,164.5085,164.565,164.39,1125,164.44,89624,164.474208
2023-04-17 14:33:00+00:00,164.4024,164.5586,164.3999,997,164.5,78839,164.470683
2023-04-17 14:34:00+00:00,164.46,164.46,164.35,1307,164.4,110333,164.386195
2023-04-17 14:35:00+00:00,164.53,164.5616,164.39,1159,164.455,98575,164.463968
2023-04-17 14:36:00+00:00,164.515,164.5473,164.47,846,164.53,56488,164.513882
2023-04-17 14:37:00+00:00,164.405,164.5199,164.4,1026,164.51,95654,164.457713
2023-04-17 14:38:00+00:00,164.2,164.425,164.19,2047,164.41,186725,164.266978
2023-04-17 14:39:00+00:00,164.3116,164.36,164.17,1251,164.195,114349,164.272502
2023-04-17 14:40:00+00:00,164.32,164.365,164.24,1056,164.31,75930,164.301964
2023-04-17 14:41:00+00:00,164.15,164.31,164.0745,1333,164.31,113291,164.182561
2023-04-17 14:42:00+00:00,164.125,164.1789,164.09,1142,164.14,105306,164.12759
2023-04-17 14:43:00+00:00,164.16,164.2,164.12,954,164.13,71732,164.160148
2023-04-17 14:44:00+00:00,164.27,164.305,164.13,1101,164.15,100892,164.223545
2023-04-17 14:45:00+00:00,164.29,164.33,164.23,1053,164.26,108098,164.267013
2023-04-17 14:46:00+00:00,164.26,164.3299,164.25,898,164.29,63244,164.284813
2023-04-17 14:47:00+00:00,164.3201,164.341,164.24,853,164.25,62450,164.293556
2023-04-17 14:48:00+00:00,164.3798,164.39,164.26,979,164.32,71868,164.321907
2023-04-17 14:49:00+00:00,164.375,164.44,164.3503,1145,164.3787,120525,164.398288
2023-04-17 14:50:00+00:00,164.2832,164.3963,164.28,935,164.371,103852,164.357567
2023-04-17 14:51:00+00:00,164.37,164.4062,164.27,909,164.285,69006,164.353879
2023-04-17 14:52:00+00:00,164.371,164.41,164.2771,981,164.35,72020,164.354145
2023-04-17 14:53:00+00:00,164.34,164.41,164.33,1018,164.385,66360,164.374952
2023-04-17 14:54:00+00:00,164.325,164.35,164.25,1032,164.34,109168,164.291886
2023-04-17 14:55:00+00:00,164.34,164.34,164.2706,918,164.32,64205,164.316675
2023-04-17 14:56:00+00:00,164.4683,164.49,164.33,1046,164.34,91409,164.429758
2023-04-17 14:57:00+00:00,164.5,164.52,164.4506,816,164.4699,72804,164.487452
2023-04-17 14:58:00+00:00,164.5823,164.6,164.49,868,164.5,77898,164.54202
2023-04-17 14:59:00+00:00,164.5659,164.63,164.56,986,164.59,93243,164.590611
2023-04-17 15:00:00+00:00,164.63,164.665,164.5601,905,164.57,82493,164.624231
2023-04-17 15:01:00+00:00,164.61,164.685,164.59,761,164.64,58271,164.635993
2023-04-17 15:02:00+00:00,164.52,164.6,164.46,967,164.6,114180,164.533563
2023-04-17 15:03:00+00:00,164.41,164.515,164.37,895,164.5101,70234,164.440053
2023-04-17 15:04:00+00:00,164.53,164.54,164.38,865,164.4,70449,164.4478
2023-04-17 15:05:00+00:00,164.5999,164.6,164.4722,837,164.535,75622,164.532124
2023-04-17 15:06:00+00:00,164.648,164.675,164.6,792,164.6,71931,164.638866
2023-04-17 15:07:00+00:00,164.6319,164.71,164.63,833,164.644,82555,164.66795
2023-04-17 15:08:00+00:00,164.7397,164.74,164.635,631,164.635,56517,164.689623
2023-04-17 15:09:00+00:00,164.715,164.77,164.71,759,164.7355,63794,164.742497
2023-04-17 15:10:00+00:00,164.6602,164.7722,164.65,975,164.72,100011,164.714443
2023-04-17 15:11:00+00:00,164.76,164.77,164.6,878,164.67,72963,164.66895
2023-04-17 15:12:00+00:00,164.675,164.77,164.66,738,164.77,77394,164.647317
2023-04-17 15:13:00+00:00,164.58,164.68,164.57,757,164.68,54641,164.617413
2023-04-17 15:14:00+00:00,164.71,164.71,164.56,698,164.58,63261,164.61449
2023-04-17 15:15:00+00:00,164.7574,164.76,164.6701,774,164.72,58453,164.707061
2023-04-17 15:16:00+00:00,164.76,164.8,164.75,735,164.76,67621,164.776404
2023-04-17 15:17:00+00:00,164.85,164.88,164.7564,985,164.7564,90563,164.825633
2023-04-17 15:18:00+00:00,164.81,164.8611,164.7839,761,164.845,74045,164.812475
2023-04-17 15:19:00+00:00,164.6634,164.8101,164.65,799,164.8101,79428,164.724684
2023-04-17 15:20:00+00:00,164.705,164.715,164.63,755,164.6678,64282,164.658602
2023-04-17 15:21:00+00:00,164.69,164.719,164.64,655,164.7002,55872,164.682789
2023-04-17 15:22:00+00:00,164.7,164.74,164.64,698,164.6813,63398,164.680337
2023-04-17 15:23:00+00:00,164.7917,164.8138,164.7,738,164.7,64256,164.759961
2023-04-17 15:24:00+00:00,164.845,164.86,164.8,719,164.8,55240,164.829399
2023-04-17 15:25:00+00:00,164.925,164.95,164.84,959,164.85,89422,164.896249
2023-04-17 15:26:00+00:00,164.83,164.925,164.8199,743,164.92,62565,164.865121
2023-04-17 15:27:00+00:00,164.6951,164.82,164.68,829,164.82,64966,164.746616
2023-04-17 15:28:00+00:00,164.64,164.705,164.62,885,164.69,78020,164.663718
2023-04-17 15:29:00+00:00,164.59,164.65,164.54,972,164.63,93008,164.602112
2023-04-17 15:30:00+00:00,164.385,164.57,164.27,1985,164.57,190946,164.400784
2023-04-17 15:31:00+00:00,164.43,164.43,164.3401,980,164.38,87729,164.382692
2023-04-17 15:32:00+00:00,164.52,164.52,164.39,1083,164.435,100730,164.45554
2023-04-17 15:33:00+00:00,164.58,164.595,164.5,817,164.51,72387,164.537133
2023-04-17 15:34:00+00:00,164.53,164.61,164.46,1329,164.59,120430,164.54349
2023-04-17 15:35:00+00:00,164.52,164.55,164.49,922,164.53,76739,164.521699
2023-04-17 15:36:00+00:00,164.57,164.58,164.5,869,164.53,67639,164.531332
2023-04-17 15:37:00+00:00,164.5,164.595,164.5,754,164.56,69437,164.550701
2023-04-17 15:38:00+00:00,164.435,164.51,164.34,1960,164.4936,167683,164.431418
2023-04-17 15:39:00+00:00,164.4899,164.4899,164.34,755,164.43,67736,164.391635
2023-04-17 15:40:00+00:00,164.428,164.56,164.4125,788,164.48,55973,164.496304
2023-04-17 15:41:00+00:00,164.4217,164.44,164.36,686,164.42,48447,164.394911
2023-04-17 15:42:00+00:00,164.42,164.48,164.39,970,164.43,78841,164.441465
2023-04-17 15:43:00+00:00,164.3813,164.4294,164.28,1265,164.425,114364,164.368895
2023-04-17 15:44:00+00:00,164.39,164.445,164.38,647,164.39,41767,164.404359
2023-04-17 15:45:00+00:00,164.395,164.41,164.34,848,164.39,61357,164.377162
2023-04-17 15:46:00+00:00,164.35,164.45,164.34,662,164.4,51166,164.384596
2023-04-17 15:47:00+00:00,164.415,164.43,164.34,833,164.35,74384,164.386233
2023-04-17 15:48:00+00:00,164.445,164.45,164.4,761,164.41,62383,164.426316
2023-04-17 15:49:00+00:00,164.41,164.49,164.38,809,164.45,59228,164.428923
2023-04-17 15:50:00+00:00,164.4101,164.46,164.39,569,164.42,35481,164.417474
2023-04-17 15:51:00+00:00,164.4469,164.45,164.3429,737,164.4125,62490,164.393512
2023-04-17 15:52:00+00:00,164.39,164.47,164.39,604,164.45,45795,164.426815
2023-04-17 15:53:00+00:00,164.4013,164.42,164.36,598,164.3979,44785,164.390236
2023-04-17 15:54:00+00:00,164.4106,164.4699,164.4,589,164.4,47092,164.430634
2023-04-17 15:55:00+00:00,164.455,164.455,164.37,650,164.415,57188,164.421722
2023-04-17 15:56:00+00:00,164.5022,164.52,164.4411,703,164.46,65543,164.478032
2023-04-17 15:57:00+00:00,164.47,164.57,164.46,709,164.505,74493,164.513975
2023-04-17 15:58:00+00:00,164.52,164.535,164.4101,621,164.4697,47750,164.468407
2023-04-17 15:59:00+00:00,164.47,164.57,164.47,613,164.5218,44713,164.523508
2023-04-17 16:00:00+00:00,164.35,164.5,164.34,891,164.4653,76557,164.402446
2023-04-17 16:01:00+00:00,164.44,164.46,164.3,937,164.345,75070,164.367762
2023-04-17 16:02:00+00:00,164.42,164.5,164.41,635,164.455,43817,164.446352
2023-04-17 16:03:00+00:00,164.5,164.55,164.41,924,164.41,83849,164.49047
2023-04-17 16:04:00+00:00,164.5146,164.53,164.4836,703,164.51,65689,164.499578
2023-04-17 16:05:00+00:00,164.3437,164.495,164.335,692,164.495,59189,164.397866
2023-04-17 16:06:00+00:00,164.332,164.37,164.3,693,164.34,64394,164.331369
2023-04-17 16:07:00+00:00,164.3654,164.4501,164.32,728,164.33,65277,164.403617
2023-04-17 16:08:00+00:00,164.375,164.42,164.32,808,164.38,82829,164.361869
2023-04-17 16:09:00+00:00,164.445,164.45,164.35,670,164.395,59216,164.393397
2023-04-17 16:10:00+00:00,164.45,164.48,164.385,771,164.445,79596,164.432189
2023-04-17 16:11:00+00:00,164.461,164.475,164.41,801,164.46,68831,164.438141
2023-04-17 16:12:00+00:00,164.5,164.5,164.41,601,164.46,48620,164.455446
2023-04-17 16:13:00+00:00,164.31,164.51,164.29,720,164.495,55950,164.39177
2023-04-17 16:14:00+00:00,164.351,164.365,164.29,728,164.315,62979,164.324961
2023-04-17 16:15:00+00:00,164.2801,164.3801,164.25,796,164.36,70849,164.317907
2023-04-17 16:16:00+00:00,164.255,164.32,164.23,727,164.27,52989,164.263055
2023-04-17 16:17:00+00:00,164.2713,164.3,164.25,457,164.2599,39134,164.268864
2023-04-17 16:18:00+00:00,164.3201,164.3272,164.2412,615,164.27,41672,164.28226
2023-04-17 16:19:00+00:00,164.2375,164.36,164.23,661,164.33,49988,164.298686
2023-04-17 16:20:00+00:00,164.2,164.27,164.05,1797,164.236,155740,164.176293
2023-04-17 16:21:00+00:00,164.22,164.29,164.19,785,164.2,63926,164.241733
2023-04-17 16:22:00+00:00,164.21,164.28,164.21,519,164.2227,32454,164.243748
2023-04-17 16:23:00+00:00,164.17,164.22,164.154,529,164.22,32519,164.185945
2023-04-17 16:24:00+00:00,164.2074,164.21,164.14,602,164.175,37350,164.173022
2023-04-17 16:25:00+00:00,164.25,164.265,164.2029,646,164.2029,55775,164.243805
2023-04-17 16:26:00+00:00,164.21,164.29,164.21,551,164.25,43624,164.251931
2023-04-17 16:27:00+00:00,164.235,164.245,164.2,566,164.213,46285,164.221257
2023-04-17 16:28:00+00:00,164.2025,164.2613,164.2,591,164.231,42363,164.241125
2023-04-17 16:29:00+00:00,164.2401,164.25,164.1529,598,164.2,51218,164.201301
2023-04-17 16:30:00+00:00,164.195,164.255,164.18,675,164.25,43021,164.221365
2023-04-17 16:31:00+00:00,164.18,164.23,164.1503,559,164.2,40746,164.187664
2023-04-17 16:32:00+00:00,164.2,164.2199,164.17,536,164.1755,36902,164.199111
2023-04-17 16:33:00+00:00,164.1857,164.2525,164.16,590,164.194,40423,164.21272
2023-04-17 16:34:00+00:00,164.165,164.216,164.15,602,164.185,41802,164.184634
2023-04-17 16:35:00+00:00,164.1495,164.2,164.1495,595,164.16,69647,164.164685
2023-04-17 16:36:00+00:00,164.2,164.245,164.145,537,164.145,40971,164.203302
2023-04-17 16:37:00+00:00,164.2,164.24,164.19,590,164.2,33170,164.219436
2023-04-17 16:38:00+00:00,164.2276,164.26,164.205,627,164.21,39248,164.233895
2023-04-17 16:39:00+00:00,164.2101,164.22,164.17,616,164.22,34115,164.194309
2023-04-17 16:40:00+00:00,164.35,164.3599,164.2127,697,164.215,55371,164.292269
2023-04-17 16:41:00+00:00,164.3477,164.385,164.34,711,164.34,60251,164.365396
2023-04-17 16:42:00+00:00,164.32,164.3511,164.31,482,164.35,57159,164.323645
2023-04-17 16:43:00+00:00,164.3415,164.3415,164.28,488,164.31,36156,164.319367
2023-04-17 16:44:00+00:00,164.365,164.3899,164.3302,552,164.35,38655,164.361766
2023-04-17 16:45:00+00:00,164.395,164.41,164.3532,658,164.3612,50728,164.381729
2023-04-17 16:46:00+00:00,164.3756,164.44,164.37,781,164.39,62037,164.399247
2023-04-17 16:47:00+00:00,164.3017,164.375,164.3,557,164.375,40924,164.34406
2023-04-17 16:48:00+00:00,164.35,164.37,164.3,547,164.31,46159,164.334908
2023-04-17 16:49:00+00:00,164.3099,164.34,164.2914,577,164.34,35269,164.31252
2023-04-17 16:50:00+00:00,164.325,164.3586,164.2901,683,164.3,47718,164.319087
2023-04-17 16:51:00+00:00,164.3492,164.35,164.32,458,164.325,32813,164.331274
2023-04-17 16:52:00+00:00,164.4089,164.42,164.3495,617,164.3495,47281,164.390394
2023-04-17 16:53:00+00:00,164.375,164.405,164.35,492,164.405,35184,164.377374
2023-04-17 16:54:00+00:00,164.41,164.4109,164.33,813,164.38,72943,164.378235
2023-04-17 16:55:00+00:00,164.4815,164.49,164.41,629,164.415,53180,164.444281
2023-04-17 16:56:00+00:00,164.445,164.54,164.445,818,164.49,79409,164.513003
2023-04-17 16:57:00+00:00,164.42,164.455,164.4,497,164.445,35505,164.424967
2023-04-17 16:58:00+00:00,164.4387,164.4387,164.4,440,164.42,30501,164.419929
2023-04-17 16:59:00+00:00,164.515,164.515,164.43,507,164.435,49444,164.472854
2023-04-17 17:00:00+00:00,164.525,164.55,164.51,667,164.52,52159,164.52795
2023-04-17 17:01:00+00:00,164.54,164.58,164.515,630,164.54,52963,164.551903
2023-04-17 17:02:00+00:00,164.585,164.61,164.5,730,164.545,92028,164.542066
2023-04-17 17:03:00+00:00,164.67,164.67,164.59,567,164.59,45933,164.638027
2023-04-17 17:04:00+00:00,164.65,164.665,164.63,754,164.66,65884,164.650641
2023-04-17 17:05:00+00:00,164.5706,164.66,164.57,765,164.652,71617,164.62557
2023-04-17 17:06:00+00:00,164.51,164.58,164.4917,675,164.57,50501,164.526405
2023-04-17 17:07:00+00:00,164.3929,164.5186,164.39,625,164.51,52769,164.438965
2023-04-17 17:08:00+00:00,164.4,164.43,164.362,654,164.39,48933,164.396596
2023-04-17 17:09:00+00:00,164.4701,164.51,164.38,596,164.4,61145,164.455559
2023-04-17 17:10:00+00:00,164.5,164.515,164.43,534,164.48,34259,164.474934
2023-04-17 17:11:00+00:00,164.45,164.53,164.44,541,164.51,41825,164.482091
2023-04-17 17:12:00+00:00,164.55,164.55,164.4376,463,164.46,37778,164.496522
2023-04-17 17:13:00+00:00,164.58,164.6,164.535,567,164.55,52651,164.564101
2023-04-17 17:14:00+00:00,164.6005,164.61,164.56,550,164.59,51040,164.583014
2023-04-17 17:15:00+00:00,164.6244,164.67,164.6017,625,164.6017,81304,164.643265
2023-04-17 17:16:00+00:00,164.6501,164.686,164.605,641,164.625,81059,164.653052
2023-04-17 17:17:00+00:00,164.6885,164.75,164.66,883,164.66,76349,164.705193
2023-04-17 17:18:00+00:00,164.656,164.74,164.635,562,164.6901,51741,164.683965
2023-04-17 17:19:00+00:00,164.63,164.69,164.62,484,164.665,33141,164.654468
2023-04-17 17:20:00+00:00,164.62,164.6596,164.6,521,164.635,34372,164.624856
2023-04-17 17:21:00+00:00,164.55,164.62,164.54,544,164.62,39982,164.570785
2023-04-17 17:22:00+00:00,164.55,164.57,164.535,447,164.55,32972,164.551868
2023-04-17 17:23:00+00:00,164.6083,164.61,164.5404,524,164.555,54040,164.577201
2023-04-17 17:24:00+00:00,164.575,164.61,164.5503,465,164.605,40416,164.574496
2023-04-17 17:25:00+00:00,164.51,164.575,164.4801,612,164.575,50573,164.513283
2023-04-17 17:26:00+00:00,164.59,164.6,164.48,574,164.505,40386,164.530706
2023-04-17 17:27:00+00:00,164.5,164.5974,164.495,605,164.5905,49851,164.544749
2023-04-17 17:28:00+00:00,164.566,164.57,164.495,442,164.495,30603,164.540433
2023-04-17 17:29:00+00:00,164.6298,164.63,164.56,521,164.57,46436,164.595859
2023-04-17 17:30:00+00:00,164.63,164.64,164.58,754,164.6212,39275,164.612061
2023-04-17 17:31:00+00:00,164.65,164.66,164.6,650,164.62,35115,164.632803
2023-04-17 17:32:00+00:00,164.69,164.69,164.64,610,164.65,35651,164.660161
2023-04-17 17:33:00+00:00,164.695,164.71,164.67,581,164.7,34698,164.692734
2023-04-17 17:34:00+00:00,164.675,164.73,164.67,543,164.7,38928,164.703895
2023-04-17 17:35:00+00:00,164.66,164.6799,164.63,561,164.675,47148,164.644507
2023-04-17 17:36:00+00:00,164.6712,164.675,164.6242,408,164.66,24082,164.642813
2023-04-17 17:37:00+00:00,164.731,164.735,164.65,482,164.67,36406,164.693453
2023-04-17 17:38:00+00:00,164.705,164.76,164.7001,548,164.734,38739,164.729323
2023-04-17 17:39:00+00:00,164.69,164.7212,164.66,467,164.705,39531,164.692147
2023-04-17 17:40:00+00:00,164.68,164.715,164.64,480,164.685,30256,164.675749
2023-04-17 17:41:00+00:00,164.635,164.67,164.61,430,164.67,26424,164.644206
2023-04-17 17:42:00+00:00,164.665,164.68,164.6,607,164.635,39857,164.639311
2023-04-17 17:43:00+00:00,164.64,164.67,164.62,420,164.665,22822,164.650164
2023-04-17 17:44:00+00:00,164.62,164.65,164.605,528,164.64,34199,164.623982
2023-04-17 17:45:00+00:00,164.58,164.655,164.56,582,164.615,57270,164.60818
2023-04-17 17:46:00+00:00,164.645,164.65,164.56,661,164.57,54711,164.594683
2023-04-17 17:47:00+00:00,164.65,164.69,164.62,579,164.648,44991,164.653899
2023-04-17 17:48:00+00:00,164.7113,164.7289,164.6473,527,164.66,53885,164.693617
2023-04-17 17:49:00+00:00,164.7,164.729,164.65,502,164.72,44235,164.689887
2023-04-17 17:50:00+00:00,164.59,164.695,164.59,489,164.695,44050,164.644872
2023-04-17 17:51:00+00:00,164.64,164.66,164.6,430,164.6,38414,164.624948
2023-04-17 17:52:00+00:00,164.6301,164.64,164.59,450,164.6374,32770,164.615752
2023-04-17 17:53:00+00:00,164.6499,164.655,164.6174,323,164.64,18850,164.6373
2023-04-17 17:54:00+00:00,164.585,164.655,164.57,414,164.65,21600,164.609924
2023-04-17 17:55:00+00:00,164.49,164.585,164.44,1177,164.585,105162,164.499445
2023-04-17 17:56:00+00:00,164.4276,164.5,164.4276,466,164.48,39974,164.462761
2023-04-17 17:57:00+00:00,164.385,164.441,164.3762,598,164.4286,45848,164.408191
2023-04-17 17:58:00+00:00,164.425,164.4503,164.37,479,164.38,34828,164.421541
2023-04-17 17:59:00+00:00,164.38,164.43,164.365,377,164.405,20618,164.395993
2023-04-17 18:00:00+00:00,164.36,164.41,164.31,795,164.385,72128,164.366633
2023-04-17 18:01:00+00:00,164.39,164.44,164.345,607,164.37,51511,164.393375
2023-04-17 18:02:00+00:00,164.4116,164.43,164.3601,512,164.38,47668,164.395126
2023-04-17 18:03:00+00:00,164.435,164.435,164.37,559,164.41,52723,164.396244
2023-04-17 18:04:00+00:00,164.425,164.475,164.415,558,164.4326,57334,164.44541
2023-04-17 18:05:00+00:00,164.39,164.42,164.37,432,164.42,47744,164.434085
2023-04-17 18:06:00+00:00,164.3501,164.39,164.34,692,164.39,67720,164.363175
2023-04-17 18:07:00+00:00,164.305,164.3502,164.285,562,164.3502,37297,164.310736
2023-04-17 18:08:00+00:00,164.35,164.385,164.31,479,164.31,44132,164.348329
2023-04-17 18:09:00+00:00,164.3582,164.38,164.34,619,164.36,27444,164.360573
2023-04-17 18:10:00+00:00,164.34,164.355,164.31,613,164.355,31660,164.336228
2023-04-17 18:11:00+00:00,164.38,164.3899,164.32,557,164.34,33092,164.359187
2023-04-17 18:12:00+00:00,164.32,164.3899,164.31,621,164.385,44896,164.348916
2023-04-17 18:13:00+00:00,164.355,164.37,164.3125,639,164.32,40762,164.339857
2023-04-17 18:14:00+00:00,164.33,164.391,164.3202,649,164.35,45197,164.363256
2023-04-17 18:15:00+00:00,164.305,164.335,164.27,1055,164.33,62424,164.299248
2023-04-17 18:16:00+00:00,164.2701,164.31,164.27,465,164.3,35772,164.28899
2023-04-17 18:17:00+00:00,164.255,164.289,164.245,676,164.275,64117,164.26279
2023-04-17 18:18:00+00:00,164.31,164.31,164.2503,458,164.2503,49164,164.272606
2023-04-17 18:19:00+00:00,164.275,164.31,164.2701,391,164.3083,39064,164.290318
2023-04-17 18:20:00+00:00,164.37,164.374,164.275,606,164.275,49986,164.341895
2023-04-17 18:21:00+00:00,164.35,164.38,164.32,657,164.365,48325,164.348111
2023-04-17 18:22:00+00:00,164.32,164.34,164.2902,428,164.34,28849,164.317812
2023-04-17 18:23:00+00:00,164.353,164.36,164.3095,421,164.315,37486,164.337268
2023-04-17 18:24:00+00:00,164.374,164.3899,164.32,450,164.355,39571,164.349906
2023-04-17 18:25:00+00:00,164.39,164.42,164.36,537,164.385,39841,164.392156
2023-04-17 18:26:00+00:00,164.365,164.395,164.34,384,164.393,24187,164.360145
2023-04-17 18:27:00+00:00,164.351,164.38,164.34,442,164.3699,27273,164.355267
2023-04-17 18:28:00+00:00,164.4002,164.4099,164.33,456,164.35,33275,164.383381
2023-04-17 18:29:00+00:00,164.4,164.41,164.37,397,164.4027,25877,164.395076
2023-04-17 18:30:00+00:00,164.3983,164.415,164.3501,503,164.39,36024,164.389083
2023-04-17 18:31:00+00:00,164.445,164.45,164.4,387,164.4,35944,164.418018
2023-04-17 18:32:00+00:00,164.2801,164.45,164.27,1369,164.445,118083,164.359316
2023-04-17 18:33:00+00:00,164.29,164.32,164.265,778,164.29,65774,164.287624
2023-04-17 18:34:00+00:00,164.28,164.31,164.25,1031,164.2827,93555,164.283535
2023-04-17 18:35:00+00:00,164.26,164.28,164.25,794,164.275,80963,164.25826
2023-04-17 18:36:00+00:00,164.271,164.29,164.245,651,164.265,63540,164.267563
2023-04-17 18:37:00+00:00,164.26,164.2999,164.254,451,164.275,28941,164.271545
2023-04-17 18:38:00+00:00,164.2601,164.3,164.25,578,164.26,45751,164.280728
2023-04-17 18:39:00+00:00,164.33,164.34,164.2401,561,164.27,53696,164.290546
2023-04-17 18:40:00+00:00,164.44,164.44,164.33,715,164.33,86206,164.388342
2023-04-17 18:41:00+00:00,164.57,164.57,164.4328,1596,164.44,193901,164.518526
2023-04-17 18:42:00+00:00,164.54,164.59,164.5,729,164.57,87781,164.550206
2023-04-17 18:43:00+00:00,164.4828,164.53,164.47,516,164.53,41170,164.500208
2023-04-17 18:44:00+00:00,164.52,164.545,164.485,541,164.49,57529,164.511514
2023-04-17 18:45:00+00:00,164.59,164.6,164.51,679,164.515,66714,164.552831
2023-04-17 18:46:00+00:00,164.58,164.6,164.5718,430,164.6,37855,164.585211
2023-04-17 18:47:00+00:00,164.51,164.58,164.465,657,164.58,56775,164.514649
2023-04-17 18:48:00+00:00,164.56,164.585,164.51,440,164.52,46388,164.553843
2023-04-17 18:49:00+00:00,164.5695,164.58,164.5507,390,164.555,27110,164.564346
2023-04-17 18:50:00+00:00,164.5601,164.6,164.55,615,164.57,59856,164.578964
2023-04-17 18:51:00+00:00,164.5587,164.59,164.5325,570,164.565,50634,164.554282
2023-04-17 18:52:00+00:00,164.56,164.6,164.55,469,164.57,57534,164.580787
2023-04-17 18:53:00+00:00,164.595,164.63,164.56,1044,164.57,105934,164.605174
2023-04-17 18:54:00+00:00,164.54,164.6071,164.53,463,164.59,41745,164.562359
2023-04-17 18:55:00+00:00,164.5299,164.584,164.5,589,164.55,43136,164.531763
2023-04-17 18:56:00+00:00,164.56,164.57,164.52,414,164.52,39606,164.54495
2023-04-17 18:57:00+00:00,164.62,164.62,164.56,428,164.56,42853,164.597258
2023-04-17 18:58:00+00:00,164.665,164.71,164.63,709,164.63,69595,164.677801
2023-04-17 18:59:00+00:00,164.66,164.68,164.62,528,164.666,76860,164.646606
2023-04-17 19:00:00+00:00,164.715,164.75,164.66,998,164.66,120704,164.704925
2023-04-17 19:01:00+00:00,164.775,164.775,164.72,776,164.72,86574,164.747755
2023-04-17 19:02:00+00:00,164.7504,164.8099,164.74,656,164.7787,76484,164.767285
2023-04-17 19:03:00+00:00,164.7404,164.77,164.7206,553,164.7506,42207,164.745513
2023-04-17 19:04:00+00:00,164.7788,164.8,164.72,555,164.755,53137,164.756029
2023-04-17 19:05:00+00:00,164.76,164.7899,164.74,632,164.775,46926,164.759064
2023-04-17 19:06:00+00:00,164.82,164.845,164.7601,684,164.7601,66915,164.808308
2023-04-17 19:07:00+00:00,164.824,164.86,164.8105,763,164.8105,63838,164.84222
2023-04-17 19:08:00+00:00,164.87,164.87,164.805,580,164.82,57056,164.84747
2023-04-17 19:09:00+00:00,164.855,164.89,164.81,631,164.87,73692,164.846143
2023-04-17 19:10:00+00:00,164.8012,164.8873,164.8,728,164.855,74590,164.855676
2023-04-17 19:11:00+00:00,164.875,164.88,164.79,721,164.805,71303,164.828695
2023-04-17 19:12:00+00:00,164.921,164.93,164.85,783,164.8724,86725,164.904917
2023-04-17 19:13:00+00:00,164.9409,164.98,164.91,871,164.928,101090,164.954278
2023-04-17 19:14:00+00:00,164.92,164.955,164.91,675,164.945,69569,164.932362
2023-04-17 19:15:00+00:00,164.975,164.99,164.915,966,164.915,97620,164.964077
2023-04-17 19:16:00+00:00,164.9631,165.0,164.96,685,164.98,55884,164.979982
2023-04-17 19:17:00+00:00,164.995,165.02,164.965,1982,164.97,193305,164.995383
2023-04-17 19:18:00+00:00,164.97,165.02,164.96,1051,164.995,104349,164.994548
2023-04-17 19:19:00+00:00,164.975,165.0,164.97,480,164.9782,38025,164.985312
2023-04-17 19:20:00+00:00,165.02,165.06,164.98,1397,164.98,158356,165.020804
2023-04-17 19:21:00+00:00,165.035,165.051,165.0,674,165.03,72279,165.028067
2023-04-17 19:22:00+00:00,165.085,165.085,165.01,787,165.04,86187,165.048336
2023-04-17 19:23:00+00:00,165.09,165.1131,165.07,911,165.085,94071,165.091099
2023-04-17 19:24:00+00:00,165.1268,165.1279,165.0805,737,165.09,64599,165.107852
2023-04-17 19:25:00+00:00,165.095,165.13,165.05,892,165.125,82393,165.086597
2023-04-17 19:26:00+00:00,165.11,165.14,165.1,935,165.1,97191,165.122687
2023-04-17 19:27:00+00:00,165.1048,165.155,165.1,934,165.115,94133,165.119829
2023-04-17 19:28:00+00:00,165.165,165.165,165.105,799,165.11,73548,165.133604
2023-04-17 19:29:00+00:00,165.1848,165.2,165.16,1073,165.17,107186,165.182722
2023-04-17 19:30:00+00:00,165.17,165.19,165.14,1048,165.18,100450,165.159735
2023-04-17 19:31:00+00:00,165.205,165.21,165.17,1139,165.175,132430,165.186058
2023-04-17 19:32:00+00:00,165.24,165.26,165.2,1328,165.21,153932,165.230777
2023-04-17 19:33:00+00:00,165.235,165.25,165.185,1012,165.235,84500,165.218028
2023-04-17 19:34:00+00:00,165.225,165.27,165.21,1116,165.23,120791,165.245213
2023-04-17 19:35:00+00:00,165.24,165.24,165.15,1180,165.225,128761,165.185708
2023-04-17 19:36:00+00:00,165.28,165.28,165.16,1729,165.235,188955,165.232765
2023-04-17 19:37:00+00:00,165.261,165.28,165.22,1177,165.27,126842,165.250934
2023-04-17 19:38:00+00:00,165.245,165.29,165.21,1111,165.2624,104978,165.248028
2023-04-17 19:39:00+00:00,165.22,165.27,165.185,1167,165.25,114802,165.231563
2023-04-17 19:40:00+00:00,165.215,165.24,165.18,983,165.2299,89905,165.204449
2023-04-17 19:41:00+00:00,165.18,165.215,165.16,946,165.215,90519,165.18352
2023-04-17 19:42:00+00:00,165.2199,165.24,165.18,1012,165.18,87095,165.207041
2023-04-17 19:43:00+00:00,165.2,165.2239,165.1701,868,165.21,91187,165.192658
2023-04-17 19:44:00+00:00,165.265,165.29,165.2,905,165.2,109419,165.252285
2023-04-17 19:45:00+00:00,165.185,165.265,165.17,1093,165.265,112280,165.209083
2023-04-17 19:46:00+00:00,165.149,165.195,165.115,1122,165.19,128613,165.149967
2023-04-17 19:47:00+00:00,165.11,165.21,165.1,1111,165.14,114566,165.157178
2023-04-17 19:48:00+00:00,165.16,165.19,165.105,887,165.11,80546,165.146697
2023-04-17 19:49:00+00:00,165.21,165.21,165.16,980,165.16,98474,165.183929
2023-04-17 19:50:00+00:00,165.2101,165.26,165.15,1638,165.21,187570,165.220165
2023-04-17 19:51:00+00:00,165.28,165.33,165.22,1726,165.22,228990,165.272742
2023-04-17 19:52:00+00:00,165.275,165.34,165.27,1131,165.28,479653,165.313732
2023-04-17 19:53:00+00:00,165.3,165.32,165.245,1268,165.28,128981,165.293485
2023-04-17 19:54:00+00:00,165.228,165.34,165.2118,1380,165.31,156142,165.264645
2023-04-17 19:55:00+00:00,165.205,165.285,165.19,2042,165.22,205954,165.226288
2023-04-17 19:56:00+00:00,165.1901,165.22,165.16,1381,165.21,128750,165.192465
2023-04-17 19:57:00+00:00,165.17,165.215,165.125,1345,165.19,167968,165.170959
2023-04-17 19:58:00+00:00,165.15,165.18,165.12,1873,165.17,216614,165.150113
2023-04-17 19:59:00+00:00,165.27,165.27,165.14,3758,165.145,521470,165.201952
2023-04-17 20:00:00+00:00,165.22,165.28,165.19,165,165.28,7493656,165.230003
2023-04-17 20:01:00+00:00,165.19,165.24,165.15,171,165.21,593732,165.229485
2023-04-17 20:02:00+00:00,165.21,165.21,165.1,74,165.15,8006,165.162886
2023-04-17 20:03:00+00:00,165.24,165.24,165.18,53,165.2,5174,165.214695
2023-04-17 20:04:00+00:00,165.25,165.27,165.24,81,165.24,13994,165.253676
2023-04-17 20:05:00+00:00,165.27,165.28,165.24,71,165.25,16527,165.265999
2023-04-17 20:06:00+00:00,165.27,165.27,165.25,38,165.25,1150,165.265474
2023-04-17 20:07:00+00:00,165.27,165.27,165.23,37,165.27,18932,165.234439
2023-04-17 20:09:00+00:00,165.25,165.25,165.25,27,165.25,720,165.251778
2023-04-17 20:10:00+00:00,165.2,165.27,165.2,77,165.23,5420,165.232569
2023-04-17 20:11:00+00:00,165.22,165.22,165.2,31,165.2,6694,165.226775
2023-04-17 20:12:00+00:00,165.23,165.23,165.22,34,165.22,2849,165.22566
2023-04-17 20:13:00+00:00,165.16,165.22,165.16,58,165.21,3856,165.184977
2023-04-17 20:14:00+00:00,165.16,165.23,165.16,37,165.23,5019,165.200219
2023-04-17 20:15:00+00:00,165.17,165.17,165.13,31,165.15,2144,165.15393
2023-04-17 20:16:00+00:00,165.15,165.15,165.15,31,165.15,2016,165.150384
2023-04-17 20:18:00+00:00,165.17,165.23,165.17,83,165.19,10747,165.202385
2023-04-17 20:19:00+00:00,165.2034,165.2034,165.17,28,165.17,2438,165.171164
2023-04-17 20:20:00+00:00,165.2,165.2,165.18,19,165.18,267,165.187715
2023-04-17 20:21:00+00:00,165.18,165.19,165.18,20,165.19,381,165.182423
2023-04-17 20:22:00+00:00,165.19,165.19,165.15,41,165.18,3441,165.170093
2023-04-17 20:23:00+00:00,165.18,165.19,165.17,22,165.17,1121,165.181529
2023-04-17 20:24:00+00:00,165.19,165.19,165.18,24,165.18,1290,165.187984
2023-04-17 20:26:00+00:00,165.187,165.187,165.18,17,165.18,1326,165.180581
2023-04-17 20:27:00+00:00,165.18,165.18,165.18,17,165.18,432,165.176586
2023-04-17 20:28:00+00:00,165.18,165.18,165.18,26,165.18,824,165.179922
2023-04-17 20:29:00+00:00,165.18,165.18,165.18,19,165.18,305,165.170031
2023-04-17 20:32:00+00:00,165.16,165.18,165.16,22,165.16,1220,165.162066
2023-04-17 20:33:00+00:00,165.16,165.16,165.16,15,165.16,358,165.158274
2023-04-17 20:34:00+00:00,165.23,165.23,165.23,18,165.23,1077,165.226717
2023-04-17 20:36:00+00:00,165.1301,165.1301,165.13,24,165.13,496,165.136724
2023-04-17 20:37:00+00:00,165.13,165.14,165.13,15,165.14,1341,165.130686
2023-04-17 20:38:00+00:00,165.15,165.15,165.13,27,165.13,1268,165.139547
2023-04-17 20:39:00+00:00,165.15,165.15,165.1401,14,165.1401,220,165.14433
2023-04-17 20:40:00+00:00,165.13,165.13,165.13,16,165.13,189,165.130688
2023-04-17 20:41:00+00:00,165.15,165.15,165.1499,19,165.1499,458,165.148985
2023-04-17 20:43:00+00:00,165.16,165.16,165.1301,19,165.1301,330,165.145157
2023-04-17 20:44:00+00:00,165.15,165.15,165.15,19,165.15,220,165.143645
2023-04-17 20:45:00+00:00,165.11,165.13,165.11,21,165.13,1248,165.127448
2023-04-17 20:48:00+00:00,165.1,165.11,165.08,48,165.11,2403,165.104169
2023-04-17 20:49:00+00:00,165.08,165.09,165.08,24,165.09,663,165.082986
2023-04-17 20:51:00+00:00,165.07,165.0703,165.07,22,165.07,1404,165.070278
2023-04-17 20:53:00+00:00,165.07,165.0704,165.07,15,165.0704,1339,165.070379
2023-04-17 20:54:00+00:00,165.1,165.1,165.1,19,165.1,206,165.098282
2023-04-17 20:55:00+00:00,165.09,165.1099,165.08,32,165.09,1466,165.088598
2023-04-17 20:58:00+00:00,165.1,165.1,165.08,30,165.08,2095,165.0875
2023-04-17 21:00:00+00:00,165.1,165.1,165.1,21,165.1,683,165.098363
2023-04-17 21:01:00+00:00,165.0801,165.1,165.0801,36,165.1,3072,165.081919
2023-04-17 21:03:00+00:00,165.09,165.09,165.08,21,165.09,901,165.086485
2023-04-17 21:04:00+00:00,165.09,165.09,165.08,19,165.08,1481,165.084875
2023-04-17 21:06:00+00:00,165.09,165.09,165.09,19,165.09,169,165.089611
2023-04-17 21:10:00+00:00,165.08,165.08,165.08,27,165.08,761,165.080033
2023-04-17 21:11:00+00:00,165.06,165.06,165.06,48,165.06,293,165.06314
2023-04-17 21:12:00+00:00,165.06,165.09,165.06,45,165.08,3212,165.075357
2023-04-17 21:13:00+00:00,165.05,165.05,165.05,22,165.05,4345,165.050064
2023-04-17 21:14:00+00:00,165.05,165.05,165.05,19,165.05,719,165.048547
2023-04-17 21:15:00+00:00,165.09,165.09,165.05,12,165.05,5565,165.051502
2023-04-17 21:16:00+00:00,165.05,165.05,165.05,12,165.05,235,165.06176
2023-04-17 21:17:00+00:00,165.05,165.06,165.05,14,165.06,2319,165.050506
2023-04-17 21:19:00+00:00,165.07,165.07,165.07,11,165.07,470,165.068404
2023-04-17 21:20:00+00:00,165.05,165.05,165.05,13,165.05,319,165.056091
2023-04-17 21:21:00+00:00,165.05,165.05,165.05,17,165.05,578,165.050484
2023-04-17 21:22:00+00:00,165.07,165.07,165.04,24,165.04,1174,165.061692
2023-04-17 21:23:00+00:00,165.11,165.11,165.07,11,165.07,409,165.078912
2023-04-17 21:25:00+00:00,165.1,165.1,165.1,18,165.1,506,165.098261
2023-04-17 21:28:00+00:00,165.1,165.1,165.1,12,165.1,212,165.102901
2023-04-17 21:29:00+00:00,165.0924,165.0924,165.0924,16,165.0924,163,165.094172
2023-04-17 21:30:00+00:00,165.08,165.0892,165.08,17,165.0892,250,165.08668
2023-04-17 21:32:00+00:00,165.23,165.23,165.23,18,165.23,22756,165.229505
2023-04-17 21:34:00+00:00,165.09,165.09,165.09,14,165.09,228,165.091882
2023-04-17 21:38:00+00:00,165.09,165.09,165.09,17,165.09,284,165.095211
2023-04-17 21:43:00+00:00,165.1597,165.1597,165.1597,16,165.1597,826,165.158105
2023-04-17 21:48:00+00:00,165.1,165.1,165.1,13,165.1,603,165.101326
2023-04-17 21:50:00+00:00,165.12,165.12,165.09,11,165.09,812,165.09766
2023-04-17 21:51:00+00:00,165.12,165.12,165.12,10,165.12,134,165.114627
2023-04-17 22:00:00+00:00,165.07,165.1,165.07,18,165.1,536,165.084058
2023-04-17 22:01:00+00:00,165.07,165.0701,165.07,18,165.0701,2318,165.072123
2023-04-17 22:02:00+00:00,165.07,165.07,165.07,10,165.07,110,165.0725
2023-04-17 22:04:00+00:00,165.11,165.11,165.11,14,165.11,533,165.107636
2023-04-17 22:09:00+00:00,165.08,165.08,165.08,6,165.08,105,165.080905
2023-04-17 22:10:00+00:00,165.11,165.11,165.1,35,165.1,1120,165.105058
2023-04-17 22:11:00+00:00,165.12,165.12,165.11,10,165.11,288,165.116042
2023-04-17 22:12:00+00:00,165.12,165.12,165.12,19,165.12,1205,165.119309
2023-04-17 22:24:00+00:00,165.1291,165.1291,165.1291,10,165.1291,1017,165.128555
2023-04-17 22:25:00+00:00,165.13,165.13,165.13,14,165.13,1021,165.127958
2023-04-17 22:26:00+00:00,165.11,165.11,165.11,8,165.11,214,165.109977
2023-04-17 22:27:00+00:00,165.0806,165.0806,165.0806,8,165.0806,107,165.082897
2023-04-17 22:28:00+00:00,165.08,165.08,165.08,14,165.08,254,165.088346
2023-04-17 22:29:00+00:00,165.11,165.11,165.11,11,165.11,1018,165.109867
2023-04-17 22:30:00+00:00,165.11,165.11,165.11,15,165.11,408,165.099754
2023-04-17 22:32:00+00:00,165.0836,165.0902,165.0836,15,165.0902,365,165.087868
2023-04-17 22:36:00+00:00,165.11,165.11,165.11,13,165.11,160,165.116031
2023-04-17 22:37:00+00:00,165.1001,165.14,165.1001,21,165.14,1009,165.118256
2023-04-17 22:38:00+00:00,165.14,165.14,165.14,11,165.14,873,165.138534
2023-04-17 22:44:00+00:00,165.1197,165.1197,165.1197,6,165.1197,127,165.116575
2023-04-17 22:45:00+00:00,165.1,165.11,165.1,16,165.11,523,165.10544
2023-04-17 22:46:00+00:00,165.1,165.1,165.1,16,165.1,291,165.101907
2023-04-17 22:47:00+00:00,165.09,165.09,165.09,5,165.09,129,165.091667
2023-04-17 22:56:00+00:00,165.0901,165.0901,165.0901,11,165.0901,164,165.099878
2023-04-17 22:57:00+00:00,165.09,165.0901,165.09,10,165.0901,1512,165.090175
2023-04-17 23:01:00+00:00,165.12,165.12,165.12,23,165.12,976,165.121378
2023-04-17 23:04:00+00:00,165.15,165.15,165.12,12,165.12,324,165.127407
2023-04-17 23:07:00+00:00,165.09,165.13,165.09,11,165.13,233,165.109292
2023-04-17 23:20:00+00:00,165.13,165.13,165.12,12,165.12,1291,165.128203
2023-04-17 23:23:00+00:00,165.15,165.15,165.14,12,165.14,578,165.141894
2023-04-17 23:28:00+00:00,165.15,165.15,165.15,5,165.15,104,165.149124
2023-04-17 23:29:00+00:00,165.15,165.15,165.15,22,165.15,963,165.149948
2023-04-17 23:33:00+00:00,165.19,165.19,165.19,18,165.19,376,165.17242
2023-04-17 23:37:00+00:00,165.09,165.09,165.09,4,165.09,105,165.092571
2023-04-17 23:41:00+00:00,165.14,165.14,165.14,9,165.14,460,165.138163
2023-04-17 23:44:00+00:00,165.13,165.13,165.13,16,165.13,397,165.126839
2023-04-17 23:45:00+00:00,165.1501,165.1501,165.15,16,165.15,448,165.147076
2023-04-17 23:47:00+00:00,165.18,165.18,165.15,11,165.15,480,165.162729
2023-04-17 23:50:00+00:00,165.19,165.19,165.1501,25,165.1501,1485,165.177624
2023-04-17 23:52:00+00:00,165.2,165.2,165.19,18,165.19,3343,165.199156
2023-04-17 23:54:00+00:00,165.15,165.2,165.15,21,165.15,615,165.174805
2023-04-17 23:57:00+00:00,165.2,165.2,165.2,24,165.2,1585,165.197614
2023-04-17 23:58:00+00:00,165.2,165.2,165.19,18,165.19,554,165.197746
2023-04-17 23:59:00+00:00,165.22,165.22,165.19,18,165.19,673,165.208574
