timestamp,close,high,low,trade_count,open,volume,vwap
2023-05-11 08:00:00+00:00,173.98,173.99,173.42,79,173.42,4041,173.877582
2023-05-11 08:01:00+00:00,173.94,173.94,173.94,23,173.94,506,173.838142
2023-05-11 08:03:00+00:00,173.92,173.92,173.9,18,173.9,470,173.893213
2023-05-11 08:05:00+00:00,173.92,173.92,173.86,16,173.86,1543,173.889345
2023-05-11 08:08:00+00:00,173.91,173.91,173.91,17,173.91,674,173.906469
2023-05-11 08:10:00+00:00,173.89,173.89,173.89,10,173.89,1109,173.891767
2023-05-11 08:11:00+00:00,173.89,173.89,173.89,8,173.89,402,173.891294
2023-05-11 08:13:00+00:00,173.94,173.94,173.94,18,173.94,1131,173.929531
2023-05-11 08:16:00+00:00,173.95,173.95,173.95,8,173.95,151,173.948874
2023-05-11 08:18:00+00:00,173.93,173.95,173.93,11,173.95,956,173.94636
2023-05-11 08:37:00+00:00,173.83,173.83,173.83,5,173.83,276,173.839529
2023-05-11 08:39:00+00:00,173.81,173.81,173.81,2,173.81,151,173.810066
2023-05-11 08:49:00+00:00,173.73,173.73,173.73,10,173.73,216,173.730926
2023-05-11 08:50:00+00:00,173.75,173.75,173.75,6,173.75,239,173.745146
2023-05-11 08:54:00+00:00,173.68,173.68,173.68,9,173.68,195,173.681128
2023-05-11 09:02:00+00:00,173.74,173.74,173.74,22,173.74,590,173.717576
2023-05-11 09:08:00+00:00,173.71,173.71,173.71,21,173.71,433,173.73127
2023-05-11 09:11:00+00:00,173.72,173.72,173.72,1,173.72,200,173.72
2023-05-11 09:13:00+00:00,173.75,173.75,173.75,6,173.75,131,173.749618
2023-05-11 09:16:00+00:00,173.73,173.73,173.73,6,173.73,181,173.731105
2023-05-11 09:21:00+00:00,173.75,173.75,173.73,14,173.73,969,173.735934
2023-05-11 09:22:00+00:00,173.87,173.87,173.75,24,173.75,832,173.805168
2023-05-11 09:23:00+00:00,173.9,173.9,173.85,24,173.85,3341,173.880907
2023-05-11 09:29:00+00:00,173.7,173.7,173.7,17,173.7,564,173.705301
2023-05-11 09:34:00+00:00,173.8,173.8,173.8,10,173.8,903,173.8
2023-05-11 09:36:00+00:00,173.79,173.79,173.79,7,173.79,137,173.790146
2023-05-11 09:41:00+00:00,173.83,173.86,173.83,21,173.84,724,173.844296
2023-05-11 09:45:00+00:00,173.82,173.87,173.82,24,173.86,807,173.853358
2023-05-11 09:46:00+00:00,173.88,173.88,173.88,30,173.88,1081,173.859269
2023-05-11 09:50:00+00:00,173.78,173.78,173.78,5,173.78,697,173.780316
2023-05-11 10:10:00+00:00,173.76,173.76,173.76,14,173.76,255,173.768588
2023-05-11 10:13:00+00:00,173.8,173.8,173.7,12,173.71,911,173.720022
2023-05-11 10:14:00+00:00,173.7,173.8,173.7,43,173.79,1919,173.71752
2023-05-11 10:15:00+00:00,173.69,173.69,173.69,4,173.69,123,173.697317
2023-05-11 10:20:00+00:00,173.62,173.62,173.62,17,173.62,235,173.615106
2023-05-11 10:31:00+00:00,173.65,173.65,173.65,6,173.65,137,173.652993
2023-05-11 10:32:00+00:00,173.65,173.65,173.65,8,173.65,149,173.643356
2023-05-11 10:33:00+00:00,173.65,173.65,173.65,2,173.65,101,173.650099
2023-05-11 10:36:00+00:00,173.66,173.66,173.66,44,173.66,969,173.634644
2023-05-11 10:41:00+00:00,173.58,173.58,173.58,11,173.58,362,173.605442
2023-05-11 10:53:00+00:00,173.65,173.65,173.65,8,173.65,256,173.638125
2023-05-11 10:59:00+00:00,173.58,173.58,173.58,18,173.58,615,173.597707
2023-05-11 11:00:00+00:00,173.72,173.72,173.62,107,173.65,3638,173.658268
2023-05-11 11:01:00+00:00,173.65,173.65,173.65,26,173.65,508,173.670551
2023-05-11 11:02:00+00:00,173.74,173.74,173.69,99,173.69,6032,173.728999
2023-05-11 11:03:00+00:00,173.69,173.69,173.69,41,173.69,1769,173.71909
2023-05-11 11:05:00+00:00,173.75,173.75,173.75,12,173.75,696,173.749641
2023-05-11 11:06:00+00:00,173.73,173.73,173.73,21,173.73,699,173.745536
2023-05-11 11:07:00+00:00,173.74,173.75,173.7,24,173.7,1693,173.714152
2023-05-11 11:10:00+00:00,173.7,173.7,173.7,5,173.7,472,173.699873
2023-05-11 11:12:00+00:00,173.65,173.65,173.65,17,173.65,947,173.656188
2023-05-11 11:13:00+00:00,173.65,173.66,173.65,15,173.66,631,173.657591
2023-05-11 11:14:00+00:00,173.6,173.61,173.6,18,173.61,358,173.617514
2023-05-11 11:15:00+00:00,173.55,173.62,173.55,69,173.61,2652,173.58129
2023-05-11 11:16:00+00:00,173.53,173.55,173.53,22,173.55,1495,173.538007
2023-05-11 11:17:00+00:00,173.5,173.52,173.5,73,173.52,6330,173.506597
2023-05-11 11:18:00+00:00,173.48,173.48,173.48,27,173.48,1725,173.496986
2023-05-11 11:19:00+00:00,173.45,173.5,173.45,48,173.5,3249,173.467147
2023-05-11 11:20:00+00:00,173.44,173.44,173.44,21,173.44,1085,173.447539
2023-05-11 11:22:00+00:00,173.52,173.52,173.52,36,173.52,1056,173.53017
2023-05-11 11:23:00+00:00,173.48,173.5,173.48,24,173.5,906,173.496203
2023-05-11 11:24:00+00:00,173.37,173.45,173.37,71,173.45,5319,173.400538
2023-05-11 11:25:00+00:00,173.54,173.54,173.4,85,173.4,3646,173.496366
2023-05-11 11:26:00+00:00,173.53,173.54,173.48,45,173.54,2746,173.526034
2023-05-11 11:27:00+00:00,173.6,173.6,173.55,20,173.55,2577,173.574579
2023-05-11 11:28:00+00:00,173.65,173.65,173.6,67,173.6,5936,173.614156
2023-05-11 11:29:00+00:00,173.67,173.67,173.64,11,173.64,564,173.657181
2023-05-11 11:30:00+00:00,173.6,173.6,173.6,25,173.6,1560,173.600705
2023-05-11 11:31:00+00:00,173.57,173.61,173.57,29,173.61,1303,173.592678
2023-05-11 11:37:00+00:00,173.55,173.55,173.55,14,173.55,921,173.549891
2023-05-11 11:38:00+00:00,173.55,173.55,173.55,29,173.55,1190,173.55516
2023-05-11 11:40:00+00:00,173.53,173.53,173.53,11,173.53,180,173.534444
2023-05-11 11:41:00+00:00,173.57,173.57,173.57,6,173.57,411,173.569513
2023-05-11 11:43:00+00:00,173.53,173.53,173.53,5,173.53,518,173.530019
2023-05-11 11:45:00+00:00,173.53,173.53,173.53,19,173.53,534,173.520468
2023-05-11 11:48:00+00:00,173.55,173.55,173.53,39,173.53,1539,173.537024
2023-05-11 11:49:00+00:00,173.51,173.51,173.5,17,173.51,1215,173.510132
2023-05-11 11:50:00+00:00,173.48,173.5,173.48,34,173.5,1155,173.494606
2023-05-11 11:51:00+00:00,173.52,173.52,173.52,21,173.52,613,173.512414
2023-05-11 11:52:00+00:00,173.42,173.49,173.42,40,173.49,3167,173.437404
2023-05-11 11:53:00+00:00,173.42,173.42,173.42,45,173.42,2798,173.42
2023-05-11 11:54:00+00:00,173.46,173.46,173.46,11,173.46,501,173.467665
2023-05-11 11:56:00+00:00,173.51,173.51,173.51,8,173.51,1142,173.509807
2023-05-11 11:58:00+00:00,173.48,173.49,173.48,22,173.49,1060,173.485736
2023-05-11 12:00:00+00:00,173.49,173.75,173.42,384,173.7486,34292,173.576629
2023-05-11 12:01:00+00:00,173.52,173.8885,173.481,624,173.481,5563,173.662771
2023-05-11 12:02:00+00:00,173.52,174.03,173.5,356,173.5,6938,173.590198
2023-05-11 12:03:00+00:00,173.52,173.52,173.52,21,173.52,840,173.52041
2023-05-11 12:05:00+00:00,173.5,173.51,173.5,41,173.51,1043,173.506266
2023-05-11 12:07:00+00:00,173.52,173.52,173.49,17,173.49,589,173.500266
2023-05-11 12:08:00+00:00,173.55,173.56,173.52,33,173.52,966,173.53589
2023-05-11 12:09:00+00:00,173.6,173.6,173.55,34,173.55,799,173.585248
2023-05-11 12:10:00+00:00,173.6,173.6,173.57,29,173.59,904,173.587759
2023-05-11 12:11:00+00:00,173.62,173.62,173.6098,30,173.6098,2331,173.616092
2023-05-11 12:12:00+00:00,173.62,173.62,173.62,22,173.62,573,173.617679
2023-05-11 12:13:00+00:00,173.56,173.63,173.56,46,173.6,2950,173.599355
2023-05-11 12:14:00+00:00,173.6,173.6,173.6,33,173.6,652,173.598618
2023-05-11 12:15:00+00:00,173.6,173.62,173.6,34,173.62,5918,173.600076
2023-05-11 12:16:00+00:00,173.74,173.84,173.61,189,173.61,9124,173.724788
2023-05-11 12:17:00+00:00,173.76,173.79,173.72,73,173.75,6750,173.764924
2023-05-11 12:18:00+00:00,173.66,173.9,173.66,105,173.79,5768,173.763177
2023-05-11 12:19:00+00:00,173.65,173.71,173.64,25,173.66,3600,173.655183
2023-05-11 12:20:00+00:00,173.66,173.66,173.61,41,173.66,1747,173.642625
2023-05-11 12:21:00+00:00,173.6,173.64,173.6,59,173.6,6289,173.628163
2023-05-11 12:22:00+00:00,173.55,173.57,173.51,82,173.56,7172,173.549109
2023-05-11 12:23:00+00:00,173.54,173.58,173.53,38,173.58,5404,173.56493
2023-05-11 12:24:00+00:00,173.56,173.59,173.53,47,173.53,3606,173.556268
2023-05-11 12:25:00+00:00,173.6,173.6,173.6,39,173.6,1513,173.603576
2023-05-11 12:26:00+00:00,173.63,173.63,173.5901,21,173.5901,1121,173.620147
2023-05-11 12:27:00+00:00,173.63,173.63,173.62,35,173.63,1325,173.627633
2023-05-11 12:28:00+00:00,173.5402,173.5402,173.5402,18,173.5402,444,173.549932
2023-05-11 12:29:00+00:00,173.65,173.65,173.65,42,173.65,2384,173.640407
2023-05-11 12:30:00+00:00,173.71,173.9,173.66,136,173.66,9749,173.836714
2023-05-11 12:31:00+00:00,173.6,173.7724,173.56,81,173.67,3622,173.648407
2023-05-11 12:32:00+00:00,173.6901,173.72,173.6601,103,173.72,5190,173.690301
2023-05-11 12:33:00+00:00,173.7201,173.77,173.7,121,173.72,9119,173.721286
2023-05-11 12:34:00+00:00,173.7,173.79,173.7,93,173.79,4190,173.743727
2023-05-11 12:35:00+00:00,173.55,173.65,173.54,147,173.65,6832,173.570698
2023-05-11 12:36:00+00:00,173.66,173.66,173.51,132,173.55,8779,173.568112
2023-05-11 12:37:00+00:00,173.75,173.7998,173.68,121,173.68,8168,173.75686
2023-05-11 12:38:00+00:00,173.69,173.73,173.69,25,173.72,1624,173.700787
2023-05-11 12:39:00+00:00,173.7,173.7,173.6611,69,173.6611,2690,173.680946
2023-05-11 12:40:00+00:00,173.7,173.72,173.7,65,173.7,2022,173.693091
2023-05-11 12:41:00+00:00,173.61,173.65,173.61,30,173.65,1421,173.625735
2023-05-11 12:42:00+00:00,173.6,173.67,173.58,43,173.6496,2146,173.629704
2023-05-11 12:43:00+00:00,173.6798,173.74,173.65,62,173.65,4908,173.684992
2023-05-11 12:44:00+00:00,173.59,173.68,173.59,31,173.68,1787,173.632059
2023-05-11 12:45:00+00:00,173.59,173.61,173.51,85,173.59,5936,173.550595
2023-05-11 12:46:00+00:00,173.64,173.64,173.64,27,173.64,497,173.632359
2023-05-11 12:47:00+00:00,173.65,173.6796,173.65,51,173.65,1518,173.660435
2023-05-11 12:48:00+00:00,173.66,173.67,173.66,49,173.66,2580,173.663753
2023-05-11 12:49:00+00:00,173.65,173.65,173.65,37,173.65,877,173.638391
2023-05-11 12:50:00+00:00,173.69,173.69,173.61,43,173.61,1734,173.660482
2023-05-11 12:51:00+00:00,173.69,173.7,173.66,73,173.69,3578,173.689766
2023-05-11 12:52:00+00:00,173.71,173.71,173.67,49,173.68,3775,173.683793
2023-05-11 12:53:00+00:00,173.68,173.71,173.68,52,173.71,2561,173.6951
2023-05-11 12:54:00+00:00,173.7,173.7069,173.68,33,173.7069,2016,173.700548
2023-05-11 12:55:00+00:00,173.65,173.65,173.65,53,173.65,1167,173.652462
2023-05-11 12:56:00+00:00,173.67,173.6813,173.67,36,173.68,1592,173.679856
2023-05-11 12:57:00+00:00,173.69,173.69,173.66,55,173.6701,2630,173.665275
2023-05-11 12:58:00+00:00,173.6801,173.69,173.6801,26,173.69,1087,173.681423
2023-05-11 12:59:00+00:00,173.6899,173.7276,173.67,43,173.7,2736,173.702475
2023-05-11 13:00:00+00:00,173.47,173.71,173.46,281,173.71,15718,173.536702
2023-05-11 13:01:00+00:00,173.49,173.61,173.45,173,173.47,10164,173.512505
2023-05-11 13:02:00+00:00,173.44,173.48,173.44,93,173.46,5398,173.460562
2023-05-11 13:03:00+00:00,173.5,173.5101,173.45,100,173.48,4256,173.493002
2023-05-11 13:04:00+00:00,173.49,173.52,173.49,30,173.51,2926,173.503777
2023-05-11 13:05:00+00:00,173.48,173.52,173.44,67,173.46,6685,173.484415
2023-05-11 13:06:00+00:00,173.44,173.46,173.44,81,173.45,3377,173.448204
2023-05-11 13:07:00+00:00,173.42,173.49,173.42,69,173.49,2133,173.440582
2023-05-11 13:08:00+00:00,173.33,173.41,173.33,211,173.41,8301,173.365093
2023-05-11 13:09:00+00:00,173.31,173.31,173.26,99,173.3,5776,173.290602
2023-05-11 13:10:00+00:00,173.42,173.42,173.37,60,173.37,2302,173.386464
2023-05-11 13:11:00+00:00,173.3,173.38,173.28,184,173.38,10860,173.329165
2023-05-11 13:12:00+00:00,173.29,173.36,173.27,79,173.36,4839,173.316728
2023-05-11 13:13:00+00:00,173.37,173.4,173.31,132,173.32,4963,173.370684
2023-05-11 13:14:00+00:00,173.48,173.48,173.38,76,173.38,4407,173.424215
2023-05-11 13:15:00+00:00,173.41,173.46,173.41,83,173.42,3343,173.442926
2023-05-11 13:16:00+00:00,173.4,173.41,173.38,86,173.41,3181,173.392086
2023-05-11 13:17:00+00:00,173.43,173.43,173.39,40,173.39,1192,173.418796
2023-05-11 13:18:00+00:00,173.41,173.42,173.37,44,173.42,1665,173.403549
2023-05-11 13:19:00+00:00,173.44,173.44,173.37,45,173.37,1748,173.415571
2023-05-11 13:20:00+00:00,173.43,173.44,173.41,41,173.41,1652,173.429664
2023-05-11 13:21:00+00:00,173.3775,173.38,173.37,50,173.38,1348,173.374269
2023-05-11 13:22:00+00:00,173.33,173.35,173.31,98,173.35,4355,173.324515
2023-05-11 13:23:00+00:00,173.35,173.35,173.33,83,173.34,3457,173.336063
2023-05-11 13:24:00+00:00,173.37,173.37,173.34,73,173.34,3632,173.348437
2023-05-11 13:25:00+00:00,173.4,173.4,173.3,49,173.31,2451,173.34134
2023-05-11 13:26:00+00:00,173.45,173.45,173.4,64,173.41,2550,173.410335
2023-05-11 13:27:00+00:00,173.8901,173.99,173.45,510,173.45,62937,173.79545
2023-05-11 13:28:00+00:00,173.801,173.89,173.73,160,173.89,9328,173.785244
2023-05-11 13:29:00+00:00,173.81,173.88,173.8,126,173.81,8672,173.825351
2023-05-11 13:30:00+00:00,173.56,173.96,173.44,7561,173.85,1470304,173.75723
2023-05-11 13:31:00+00:00,173.2801,173.58,173.28,2956,173.56,272730,173.439756
2023-05-11 13:32:00+00:00,173.14,173.3,172.99,3717,173.28,328121,173.104067
2023-05-11 13:33:00+00:00,173.175,173.375,173.14,2492,173.14,170422,173.242203
2023-05-11 13:34:00+00:00,173.145,173.225,173.1,2662,173.17,199911,173.160563
2023-05-11 13:35:00+00:00,173.19,173.31,173.12,2301,173.15,165562,173.236073
2023-05-11 13:36:00+00:00,173.09,173.205,173.01,2464,173.2,206923,173.089634
2023-05-11 13:37:00+00:00,172.795,173.1,172.74,3489,173.08,363538,172.866216
2023-05-11 13:38:00+00:00,172.6894,172.825,172.67,1982,172.8,179435,172.762085
2023-05-11 13:39:00+00:00,172.67,172.79,172.6522,2896,172.7,255776,172.719969
2023-05-11 13:40:00+00:00,172.6698,172.69,172.5,2597,172.66,245336,172.59021
2023-05-11 13:41:00+00:00,172.7788,172.87,172.485,3209,172.6678,342452,172.659386
2023-05-11 13:42:00+00:00,172.77,172.89,172.74,2416,172.7647,234595,172.819317
2023-05-11 13:43:00+00:00,172.785,172.93,172.69,2297,172.775,230866,172.807621
2023-05-11 13:44:00+00:00,173.0244,173.0361,172.7,1931,172.78,203629,172.913052
2023-05-11 13:45:00+00:00,173.08,173.25,172.995,2449,173.02,286451,173.143163
2023-05-11 13:46:00+00:00,173.169,173.33,173.06,2023,173.085,177210,173.207514
2023-05-11 13:47:00+00:00,173.13,173.28,173.13,3798,173.16,174073,173.20579
2023-05-11 13:48:00+00:00,173.2324,173.265,173.03,4296,173.11,187570,173.130274
2023-05-11 13:49:00+00:00,173.1156,173.235,173.09,4258,173.23,196473,173.16356
2023-05-11 13:50:00+00:00,172.8799,173.12,172.79,4500,173.12,236746,172.947587
2023-05-11 13:51:00+00:00,172.8823,172.9,172.8,3644,172.87,160820,172.847842
2023-05-11 13:52:00+00:00,172.5799,172.91,172.54,4114,172.885,201713,172.717225
2023-05-11 13:53:00+00:00,172.6257,172.6437,172.51,3649,172.57,244325,172.543256
2023-05-11 13:54:00+00:00,172.66,172.7385,172.63,3488,172.63,126255,172.679278
2023-05-11 13:55:00+00:00,172.56,172.69,172.56,3685,172.67,155598,172.647433
2023-05-11 13:56:00+00:00,172.44,172.57,172.4,4222,172.565,208431,172.473962
2023-05-11 13:57:00+00:00,172.38,172.53,172.32,4558,172.4381,249114,172.428639
2023-05-11 13:58:00+00:00,172.3197,172.43,172.2857,3740,172.38,155287,172.364363
2023-05-11 13:59:00+00:00,172.27,172.36,172.18,3742,172.32,182236,172.257796
2023-05-11 14:00:00+00:00,172.27,172.335,172.17,4610,172.28,283244,172.262343
2023-05-11 14:01:00+00:00,172.22,172.405,172.2,4486,172.27,256852,172.303375
2023-05-11 14:02:00+00:00,172.45,172.4927,172.18,4169,172.22,188988,172.353141
2023-05-11 14:03:00+00:00,172.43,172.58,172.3924,4041,172.46,201053,172.503657
2023-05-11 14:04:00+00:00,172.475,172.5545,172.37,4083,172.4238,163119,172.458669
2023-05-11 14:05:00+00:00,172.64,172.67,172.41,3625,172.46,140101,172.574188
2023-05-11 14:06:00+00:00,172.5145,172.72,172.5122,3858,172.635,169799,172.613314
2023-05-11 14:07:00+00:00,172.52,172.5299,172.4,3356,172.5128,98914,172.458576
2023-05-11 14:08:00+00:00,172.61,172.63,172.46,3085,172.5175,74437,172.550618
2023-05-11 14:09:00+00:00,172.68,172.695,172.5,3317,172.61,113104,172.599495
2023-05-11 14:10:00+00:00,172.7,172.73,172.6,3145,172.69,86313,172.671856
2023-05-11 14:11:00+00:00,172.67,172.72,172.581,3579,172.7,155198,172.647316
2023-05-11 14:12:00+00:00,172.81,172.81,172.6301,3313,172.675,109299,172.735483
2023-05-11 14:13:00+00:00,172.71,172.855,172.67,3226,172.81,113493,172.757824
2023-05-11 14:14:00+00:00,172.64,172.75,172.62,3256,172.71,110482,172.68316
2023-05-11 14:15:00+00:00,172.62,172.646,172.5298,3192,172.646,71044,172.580298
2023-05-11 14:16:00+00:00,172.46,172.72,172.46,3567,172.6,120424,172.600912
2023-05-11 14:17:00+00:00,172.3801,172.5084,172.345,3402,172.46,127093,172.451684
2023-05-11 14:18:00+00:00,172.39,172.49,172.37,2833,172.385,62964,172.419805
2023-05-11 14:19:00+00:00,172.35,172.43,172.34,2919,172.38,86363,172.383477
2023-05-11 14:20:00+00:00,172.37,172.425,172.335,3116,172.34,112483,172.384009
2023-05-11 14:21:00+00:00,172.475,172.55,172.37,1330,172.37,149384,172.487694
2023-05-11 14:22:00+00:00,172.419,172.47,172.385,860,172.47,65082,172.427386
2023-05-11 14:23:00+00:00,172.485,172.55,172.4128,1013,172.42,93463,172.488197
2023-05-11 14:24:00+00:00,172.5967,172.6,172.43,920,172.49,77719,172.509725
2023-05-11 14:25:00+00:00,172.6689,172.68,172.5504,1265,172.5862,122481,172.617586
2023-05-11 14:26:00+00:00,172.64,172.75,172.56,1214,172.67,96462,172.662122
2023-05-11 14:27:00+00:00,172.65,172.67,172.5773,850,172.64,57001,172.631062
2023-05-11 14:28:00+00:00,172.63,172.66,172.55,944,172.655,80258,172.603386
2023-05-11 14:29:00+00:00,172.67,172.675,172.58,855,172.6186,102153,172.618414
2023-05-11 14:30:00+00:00,172.6,172.6999,172.59,951,172.67,71429,172.638731
2023-05-11 14:31:00+00:00,172.57,172.6255,172.54,872,172.59,74735,172.574541
2023-05-11 14:32:00+00:00,172.5,172.57,172.47,1008,172.5619,79255,172.523866
2023-05-11 14:33:00+00:00,172.35,172.51,172.3,1493,172.49,121384,172.390028
2023-05-11 14:34:00+00:00,172.56,172.58,172.35,1295,172.35,126176,172.438776
2023-05-11 14:35:00+00:00,172.53,172.635,172.52,1320,172.56,118058,172.585651
2023-05-11 14:36:00+00:00,172.47,172.5499,172.4487,956,172.52,91841,172.493102
2023-05-11 14:37:00+00:00,172.582,172.64,172.4623,839,172.4623,65200,172.55568
2023-05-11 14:38:00+00:00,172.55,172.6699,172.55,883,172.58,89600,172.618583
2023-05-11 14:39:00+00:00,172.6,172.63,172.555,839,172.555,64179,172.597691
2023-05-11 14:40:00+00:00,172.68,172.7,172.58,997,172.58,103539,172.646612
2023-05-11 14:41:00+00:00,172.7073,172.755,172.69,1101,172.69,95138,172.716218
2023-05-11 14:42:00+00:00,172.695,172.8,172.65,1230,172.705,114533,172.728189
2023-05-11 14:43:00+00:00,172.715,172.79,172.69,1015,172.7,92804,172.749471
2023-05-11 14:44:00+00:00,172.8101,172.835,172.7001,1123,172.71,114356,172.789525
2023-05-11 14:45:00+00:00,172.875,172.9,172.745,1273,172.815,120937,172.836701
2023-05-11 14:46:00+00:00,172.9598,172.9699,172.83,1430,172.88,162879,172.919225
2023-05-11 14:47:00+00:00,173.16,173.16,172.96,1893,172.96,202366,173.023419
2023-05-11 14:48:00+00:00,173.12,173.255,173.09,1832,173.165,205999,173.186249
2023-05-11 14:49:00+00:00,173.06,173.12,173.01,1392,173.115,117436,173.067175
2023-05-11 14:50:00+00:00,173.02,173.14,172.98,1668,173.0698,151522,173.047416
2023-05-11 14:51:00+00:00,173.06,173.08,172.95,1126,173.01,119180,173.01308
2023-05-11 14:52:00+00:00,173.055,173.085,173.01,773,173.06,59483,173.052992
2023-05-11 14:53:00+00:00,173.015,173.055,172.9613,729,173.05,74803,173.004744
2023-05-11 14:54:00+00:00,173.12,173.125,173.0009,853,173.019,67566,173.064628
2023-05-11 14:55:00+00:00,173.135,173.1899,173.105,942,173.12,83821,173.140782
2023-05-11 14:56:00+00:00,173.06,173.16,173.0579,857,173.1301,75153,173.106827
2023-05-11 14:57:00+00:00,173.15,173.17,173.025,1164,173.065,262365,173.108411
2023-05-11 14:58:00+00:00,173.1933,173.2,173.1101,793,173.16,73815,173.15341
2023-05-11 14:59:00+00:00,173.23,173.2381,173.16,889,173.19,102702,173.198292
2023-05-11 15:00:00+00:00,173.3299,173.34,173.2101,1447,173.23,152837,173.279731
2023-05-11 15:01:00+00:00,173.215,173.385,173.18,1425,173.33,141113,173.254321
2023-05-11 15:02:00+00:00,173.26,173.28,173.1601,1000,173.22,94070,173.228683
2023-05-11 15:03:00+00:00,173.31,173.333,173.245,967,173.259,86150,173.300645
2023-05-11 15:04:00+00:00,173.2648,173.355,173.26,989,173.31,106809,173.322444
2023-05-11 15:05:00+00:00,173.3586,173.38,173.25,863,173.26,89649,173.321248
2023-05-11 15:06:00+00:00,173.29,173.39,173.19,2028,173.36,187205,173.321871
2023-05-11 15:07:00+00:00,173.3605,173.3605,173.2371,976,173.29,95642,173.285515
2023-05-11 15:08:00+00:00,173.41,173.41,173.34,949,173.36,89233,173.37865
2023-05-11 15:09:00+00:00,173.37,173.44,173.37,1339,173.405,135423,173.399449
2023-05-11 15:10:00+00:00,173.46,173.47,173.3,1244,173.375,152353,173.391163
2023-05-11 15:11:00+00:00,173.3799,173.49,173.3318,1133,173.47,119661,173.406813
2023-05-11 15:12:00+00:00,173.41,173.46,173.35,1198,173.375,126326,173.410787
2023-05-11 15:13:00+00:00,173.485,173.5,173.3901,1064,173.4,115582,173.450689
2023-05-11 15:14:00+00:00,173.5911,173.6,173.4801,1564,173.4861,161579,173.532794
2023-05-11 15:15:00+00:00,173.4427,173.6184,173.42,1402,173.598,165139,173.516825
2023-05-11 15:16:00+00:00,173.389,173.45,173.34,1031,173.445,94625,173.386023
2023-05-11 15:17:00+00:00,173.375,173.4,173.35,799,173.38,62861,173.370256
2023-05-11 15:18:00+00:00,173.3299,173.38,173.31,831,173.37,73904,173.35377
2023-05-11 15:19:00+00:00,173.31,173.33,173.28,920,173.32,96099,173.312206
2023-05-11 15:20:00+00:00,173.23,173.335,173.225,1016,173.3,138510,173.301461
2023-05-11 15:21:00+00:00,173.3324,173.36,173.23,987,173.23,90116,173.300431
2023-05-11 15:22:00+00:00,173.4726,173.5199,173.32,1328,173.335,123604,173.4277
2023-05-11 15:23:00+00:00,173.525,173.53,173.455,847,173.475,120658,173.494892
2023-05-11 15:24:00+00:00,173.555,173.6,173.49,1010,173.5232,138536,173.552451
2023-05-11 15:25:00+00:00,173.51,173.61,173.51,1028,173.56,105951,173.560556
2023-05-11 15:26:00+00:00,173.46,173.53,173.415,1010,173.515,142223,173.480104
2023-05-11 15:27:00+00:00,173.56,173.57,173.43,737,173.45,72522,173.504219
2023-05-11 15:28:00+00:00,173.65,173.67,173.55,1163,173.56,131128,173.600409
2023-05-11 15:29:00+00:00,173.7,173.7,173.62,964,173.66,115714,173.654639
2023-05-11 15:30:00+00:00,173.82,173.83,173.695,1800,173.695,220999,173.760093
2023-05-11 15:31:00+00:00,173.85,173.88,173.81,1285,173.825,147304,173.851608
2023-05-11 15:32:00+00:00,173.7699,173.8713,173.76,1266,173.84,133958,173.827726
2023-05-11 15:33:00+00:00,173.7,173.77,173.6834,932,173.76,101120,173.73082
2023-05-11 15:34:00+00:00,173.685,173.7299,173.66,904,173.7,116723,173.69313
2023-05-11 15:35:00+00:00,173.617,173.705,173.57,1560,173.69,174624,173.627291
2023-05-11 15:36:00+00:00,173.5939,173.65,173.58,700,173.6108,78411,173.620989
2023-05-11 15:37:00+00:00,173.5543,173.5836,173.5116,796,173.58,89359,173.55554
2023-05-11 15:38:00+00:00,173.53,173.59,173.49,1162,173.55,119551,173.5363
2023-05-11 15:39:00+00:00,173.54,173.56,173.49,701,173.54,63508,173.525432
2023-05-11 15:40:00+00:00,173.535,173.56,173.495,747,173.54,62316,173.531007
2023-05-11 15:41:00+00:00,173.5657,173.6168,173.535,1016,173.54,107145,173.582645
2023-05-11 15:42:00+00:00,173.61,173.625,173.545,925,173.57,84432,173.585297
2023-05-11 15:43:00+00:00,173.605,173.65,173.575,800,173.6,71802,173.612276
2023-05-11 15:44:00+00:00,173.475,173.615,173.45,1017,173.61,97474,173.518003
2023-05-11 15:45:00+00:00,173.495,173.55,173.465,758,173.47,58468,173.511613
2023-05-11 15:46:00+00:00,173.38,173.53,173.361,946,173.5,96287,173.453901
2023-05-11 15:47:00+00:00,173.42,173.49,173.37,712,173.38,54225,173.422306
2023-05-11 15:48:00+00:00,173.35,173.42,173.33,800,173.415,75797,173.379649
2023-05-11 15:49:00+00:00,173.3707,173.38,173.325,594,173.34,58282,173.357333
2023-05-11 15:50:00+00:00,173.265,173.38,173.26,1006,173.37,207226,173.315578
2023-05-11 15:51:00+00:00,173.33,173.38,173.2605,744,173.27,96208,173.329607
2023-05-11 15:52:00+00:00,173.315,173.34,173.3,571,173.32,52139,173.321201
2023-05-11 15:53:00+00:00,173.36,173.38,173.2705,725,173.32,100040,173.32369
2023-05-11 15:54:00+00:00,173.445,173.4699,173.3301,796,173.36,71481,173.400195
2023-05-11 15:55:00+00:00,173.45,173.4606,173.4,625,173.4437,83617,173.430116
2023-05-11 15:56:00+00:00,173.4799,173.4999,173.42,649,173.455,62991,173.45314
2023-05-11 15:57:00+00:00,173.5499,173.55,173.445,592,173.475,54821,173.502499
2023-05-11 15:58:00+00:00,173.56,173.575,173.54,600,173.55,50070,173.559118
2023-05-11 15:59:00+00:00,173.59,173.61,173.535,716,173.55,79233,173.577878
2023-05-11 16:00:00+00:00,173.585,173.6198,173.55,654,173.59,70494,173.573285
2023-05-11 16:01:00+00:00,173.555,173.605,173.5201,778,173.59,81646,173.564501
2023-05-11 16:02:00+00:00,173.36,173.55,173.35,1195,173.55,140049,173.433669
2023-05-11 16:03:00+00:00,173.53,173.54,173.35,717,173.35,56712,173.454354
2023-05-11 16:04:00+00:00,173.455,173.55,173.45,733,173.53,63755,173.484389
2023-05-11 16:05:00+00:00,173.485,173.5,173.435,530,173.46,35846,173.464712
2023-05-11 16:06:00+00:00,173.54,173.59,173.4804,642,173.4804,50741,173.539916
2023-05-11 16:07:00+00:00,173.4901,173.6,173.46,750,173.549,66798,173.536206
2023-05-11 16:08:00+00:00,173.6,173.6,173.49,630,173.51,94815,173.547397
2023-05-11 16:09:00+00:00,173.535,173.62,173.535,651,173.61,59352,173.58685
2023-05-11 16:10:00+00:00,173.46,173.535,173.41,671,173.5301,82477,173.467723
2023-05-11 16:11:00+00:00,173.4893,173.525,173.43,590,173.45,41901,173.481273
2023-05-11 16:12:00+00:00,173.49,173.49,173.41,575,173.48,47778,173.458038
2023-05-11 16:13:00+00:00,173.5362,173.55,173.45,623,173.47,47907,173.496367
2023-05-11 16:14:00+00:00,173.61,173.61,173.49,633,173.535,43161,173.561559
2023-05-11 16:15:00+00:00,173.55,173.6,173.4839,651,173.6,70151,173.534003
2023-05-11 16:16:00+00:00,173.5,173.5699,173.43,1608,173.55,141788,173.504052
2023-05-11 16:17:00+00:00,173.565,173.57,173.47,633,173.5,55503,173.519995
2023-05-11 16:18:00+00:00,173.58,173.615,173.51,734,173.565,90821,173.574971
2023-05-11 16:19:00+00:00,173.71,173.71,173.57,830,173.58,79616,173.656927
2023-05-11 16:20:00+00:00,173.69,173.71,173.66,638,173.705,54783,173.692628
2023-05-11 16:21:00+00:00,173.76,173.765,173.68,716,173.69,111645,173.726621
2023-05-11 16:22:00+00:00,173.8419,173.845,173.76,1177,173.765,155432,173.811736
2023-05-11 16:23:00+00:00,173.825,173.88,173.79,847,173.85,101720,173.841474
2023-05-11 16:24:00+00:00,173.8848,173.915,173.82,1115,173.825,146445,173.882773
2023-05-11 16:25:00+00:00,173.8123,173.895,173.8,984,173.885,84611,173.855181
2023-05-11 16:26:00+00:00,173.67,173.82,173.67,1425,173.81,145526,173.762347
2023-05-11 16:27:00+00:00,173.5873,173.68,173.54,1116,173.67,119360,173.598185
2023-05-11 16:28:00+00:00,173.669,173.675,173.5653,689,173.58,63847,173.621572
2023-05-11 16:29:00+00:00,173.66,173.69,173.62,639,173.6662,50075,173.659788
2023-05-11 16:30:00+00:00,173.82,173.83,173.66,910,173.67,92409,173.752079
2023-05-11 16:31:00+00:00,173.77,173.86,173.7301,804,173.83,89903,173.788178
2023-05-11 16:32:00+00:00,173.76,173.775,173.72,488,173.77,36843,173.751654
2023-05-11 16:33:00+00:00,173.75,173.79,173.7,423,173.76,45708,173.732276
2023-05-11 16:34:00+00:00,173.735,173.76,173.66,500,173.76,44046,173.714112
2023-05-11 16:35:00+00:00,173.72,173.745,173.695,488,173.73,33710,173.72347
2023-05-11 16:36:00+00:00,173.79,173.79,173.71,778,173.725,73603,173.733603
2023-05-11 16:37:00+00:00,173.8,173.84,173.7601,570,173.79,60122,173.802574
2023-05-11 16:38:00+00:00,173.84,173.8465,173.78,459,173.81,56507,173.813235
2023-05-11 16:39:00+00:00,173.825,173.8594,173.8199,455,173.8426,47989,173.833958
2023-05-11 16:40:00+00:00,173.86,173.86,173.825,492,173.8284,41479,173.844044
2023-05-11 16:41:00+00:00,173.8987,173.9,173.83,649,173.86,77191,173.857358
2023-05-11 16:42:00+00:00,173.9529,173.97,173.895,865,173.8999,95832,173.944132
2023-05-11 16:43:00+00:00,173.97,173.99,173.95,584,173.96,81172,173.971348
2023-05-11 16:44:00+00:00,173.99,174.0,173.97,929,173.98,160720,173.984821
2023-05-11 16:45:00+00:00,173.965,174.025,173.91,3226,173.99,342347,173.992404
2023-05-11 16:46:00+00:00,173.95,173.98,173.9,524,173.95,58402,173.942729
2023-05-11 16:47:00+00:00,173.9191,173.9458,173.89,544,173.9401,55876,173.919757
2023-05-11 16:48:00+00:00,173.8709,173.95,173.8709,505,173.92,36230,173.922167
2023-05-11 16:49:00+00:00,173.855,173.88,173.83,537,173.87,39256,173.848491
2023-05-11 16:50:00+00:00,173.8,173.8791,173.77,626,173.8589,58378,173.825462
2023-05-11 16:51:00+00:00,173.8337,173.84,173.8,449,173.8045,37221,173.814335
2023-05-11 16:52:00+00:00,173.8899,173.93,173.8225,723,173.825,70043,173.872113
2023-05-11 16:53:00+00:00,173.8357,173.9,173.83,556,173.89,47288,173.854262
2023-05-11 16:54:00+00:00,173.8,173.8342,173.7299,764,173.8301,77357,173.779259
2023-05-11 16:55:00+00:00,173.7799,173.825,173.765,514,173.81,58024,173.794533
2023-05-11 16:56:00+00:00,173.75,173.78,173.7099,475,173.78,53428,173.746697
2023-05-11 16:57:00+00:00,173.77,173.8099,173.745,482,173.75,40166,173.767495
2023-05-11 16:58:00+00:00,173.805,173.84,173.77,549,173.77,49900,173.803629
2023-05-11 16:59:00+00:00,173.76,173.815,173.75,504,173.81,68498,173.80722
2023-05-11 17:00:00+00:00,173.72,173.79,173.69,687,173.76,57337,173.745055
2023-05-11 17:01:00+00:00,173.68,173.71,173.67,587,173.71,48751,173.689264
2023-05-11 17:02:00+00:00,173.6799,173.69,173.63,705,173.675,73957,173.657243
2023-05-11 17:03:00+00:00,173.74,173.74,173.625,1010,173.68,108774,173.686197
2023-05-11 17:04:00+00:00,173.76,173.77,173.69,769,173.735,102308,173.730387
2023-05-11 17:05:00+00:00,173.77,173.8,173.72,703,173.76,68560,173.765893
2023-05-11 17:06:00+00:00,173.92,173.94,173.755,937,173.77,116100,173.857407
2023-05-11 17:07:00+00:00,173.92,173.93,173.885,590,173.92,61859,173.912221
2023-05-11 17:08:00+00:00,173.9367,173.94,173.9,453,173.9183,45688,173.915235
2023-05-11 17:09:00+00:00,173.79,173.94,173.77,994,173.94,128261,173.829975
2023-05-11 17:10:00+00:00,173.8021,173.85,173.7701,474,173.7704,46025,173.811284
2023-05-11 17:11:00+00:00,173.8,173.815,173.765,412,173.8099,52553,173.794163
2023-05-11 17:12:00+00:00,173.7183,173.7999,173.71,624,173.7999,77653,173.747999
2023-05-11 17:13:00+00:00,173.6623,173.73,173.65,670,173.715,80474,173.705496
2023-05-11 17:14:00+00:00,173.7016,173.73,173.6199,818,173.66,88119,173.674411
2023-05-11 17:15:00+00:00,173.77,173.79,173.68,769,173.7,85263,173.733746
2023-05-11 17:16:00+00:00,173.755,173.83,173.75,1088,173.7742,110012,173.792541
2023-05-11 17:17:00+00:00,173.72,173.765,173.688,595,173.75,68177,173.731373
2023-05-11 17:18:00+00:00,173.6115,173.71,173.61,616,173.71,81654,173.668925
2023-05-11 17:19:00+00:00,173.585,173.61,173.555,732,173.61,79216,173.586027
2023-05-11 17:20:00+00:00,173.585,173.63,173.58,586,173.585,50486,173.602974
2023-05-11 17:21:00+00:00,173.51,173.6,173.49,818,173.5987,82475,173.532356
2023-05-11 17:22:00+00:00,173.498,173.53,173.45,684,173.5,69938,173.492782
2023-05-11 17:23:00+00:00,173.555,173.565,173.47,585,173.5,63099,173.516626
2023-05-11 17:24:00+00:00,173.455,173.56,173.4099,685,173.56,68114,173.464092
2023-05-11 17:25:00+00:00,173.3916,173.47,173.38,926,173.455,94050,173.42867
2023-05-11 17:26:00+00:00,173.4724,173.48,173.385,635,173.4,71994,173.428382
2023-05-11 17:27:00+00:00,173.5298,173.57,173.44,670,173.47,75689,173.505499
2023-05-11 17:28:00+00:00,173.455,173.54,173.45,510,173.53,56855,173.492877
2023-05-11 17:29:00+00:00,173.47,173.485,173.44,683,173.45,74143,173.462036
2023-05-11 17:30:00+00:00,173.4801,173.49,173.41,982,173.47,76436,173.445672
2023-05-11 17:31:00+00:00,173.475,173.51,173.44,580,173.4824,39042,173.475366
2023-05-11 17:32:00+00:00,173.545,173.55,173.4744,561,173.4744,59735,173.52344
2023-05-11 17:33:00+00:00,173.6162,173.62,173.533,612,173.55,81346,173.565432
2023-05-11 17:34:00+00:00,173.66,173.67,173.6148,569,173.62,54375,173.634765
2023-05-11 17:35:00+00:00,173.6416,173.665,173.61,421,173.66,45236,173.635745
2023-05-11 17:36:00+00:00,173.6,173.64,173.56,491,173.64,45977,173.59473
2023-05-11 17:37:00+00:00,173.64,173.69,173.605,494,173.62,55007,173.650323
2023-05-11 17:38:00+00:00,173.7,173.72,173.6301,492,173.65,46593,173.673125
2023-05-11 17:39:00+00:00,173.7091,173.74,173.69,579,173.7,54190,173.712708
2023-05-11 17:40:00+00:00,173.6201,173.71,173.58,1186,173.7031,117920,173.644562
2023-05-11 17:41:00+00:00,173.575,173.64,173.5627,447,173.63,45822,173.585523
2023-05-11 17:42:00+00:00,173.51,173.5799,173.45,1020,173.57,97132,173.505663
2023-05-11 17:43:00+00:00,173.5301,173.55,173.48,549,173.51,50123,173.52144
2023-05-11 17:44:00+00:00,173.54,173.55,173.49,527,173.53,48614,173.53042
2023-05-11 17:45:00+00:00,173.48,173.53,173.47,583,173.53,55309,173.504947
2023-05-11 17:46:00+00:00,173.32,173.48,173.285,1066,173.47,107989,173.373735
2023-05-11 17:47:00+00:00,173.16,173.365,173.16,1270,173.3299,133720,173.247933
2023-05-11 17:48:00+00:00,173.205,173.23,173.14,724,173.16,77821,173.1815
2023-05-11 17:49:00+00:00,173.14,173.21,173.06,1077,173.21,100566,173.114172
2023-05-11 17:50:00+00:00,173.18,173.19,173.07,979,173.14,90746,173.130226
2023-05-11 17:51:00+00:00,173.2999,173.305,173.17,1179,173.1824,143020,173.228115
2023-05-11 17:52:00+00:00,173.46,173.46,173.3,1129,173.3,107964,173.37301
2023-05-11 17:53:00+00:00,173.43,173.47,173.41,973,173.4496,98789,173.443828
2023-05-11 17:54:00+00:00,173.4201,173.44,173.4,527,173.43,41402,173.421708
2023-05-11 17:55:00+00:00,173.43,173.43,173.335,737,173.42,63712,173.373195
2023-05-11 17:56:00+00:00,173.46,173.48,173.4,564,173.42,53616,173.444176
2023-05-11 17:57:00+00:00,173.46,173.48,173.43,464,173.46,42591,173.458505
2023-05-11 17:58:00+00:00,173.53,173.53,173.43,600,173.48,46419,173.492632
2023-05-11 17:59:00+00:00,173.6699,173.6783,173.52,900,173.53,85827,173.610792
2023-05-11 18:00:00+00:00,173.64,173.715,173.64,916,173.67,75545,173.675056
2023-05-11 18:01:00+00:00,173.65,173.66,173.56,663,173.6428,56323,173.61439
2023-05-11 18:02:00+00:00,173.635,173.6731,173.59,582,173.66,42974,173.634299
2023-05-11 18:03:00+00:00,173.67,173.7,173.63,521,173.64,39908,173.663621
2023-05-11 18:04:00+00:00,173.64,173.72,173.64,713,173.67,71607,173.68407
2023-05-11 18:05:00+00:00,173.72,173.72,173.62,492,173.63,45702,173.672242
2023-05-11 18:06:00+00:00,173.675,173.76,173.665,609,173.715,76565,173.725534
2023-05-11 18:07:00+00:00,173.73,173.74,173.67,420,173.68,31672,173.704848
2023-05-11 18:08:00+00:00,173.735,173.765,173.71,575,173.72,42422,173.740409
2023-05-11 18:09:00+00:00,173.83,173.8513,173.7397,810,173.74,95749,173.796947
2023-05-11 18:10:00+00:00,173.835,173.87,173.8101,618,173.84,68841,173.843759
2023-05-11 18:11:00+00:00,173.8421,173.88,173.8299,509,173.85,60869,173.802128
2023-05-11 18:12:00+00:00,173.87,173.88,173.83,496,173.86,54659,173.849486
2023-05-11 18:13:00+00:00,173.795,173.89,173.7701,645,173.86,80477,173.833139
2023-05-11 18:14:00+00:00,173.885,173.89,173.795,601,173.795,63971,173.845894
2023-05-11 18:15:00+00:00,173.91,173.91,173.84,709,173.88,81266,173.875568
2023-05-11 18:16:00+00:00,173.9204,173.95,173.9,799,173.9,74578,173.926031
2023-05-11 18:17:00+00:00,173.95,173.97,173.9,810,173.9239,79247,173.946435
2023-05-11 18:18:00+00:00,173.905,173.96,173.88,823,173.95,80912,173.912982
2023-05-11 18:19:00+00:00,173.885,173.9219,173.8381,807,173.905,69441,173.874817
2023-05-11 18:20:00+00:00,173.85,173.89,173.8,764,173.89,57398,173.824
2023-05-11 18:21:00+00:00,173.86,173.87,173.815,514,173.855,31825,173.844671
2023-05-11 18:22:00+00:00,173.925,173.96,173.84,687,173.86,58023,173.919532
2023-05-11 18:23:00+00:00,173.985,173.99,173.93,800,173.93,78759,173.964174
2023-05-11 18:24:00+00:00,173.95,174.0,173.9143,901,173.99,87515,173.95594
2023-05-11 18:25:00+00:00,173.955,173.98,173.94,507,173.96,45235,173.960285
2023-05-11 18:26:00+00:00,173.89,173.96,173.87,617,173.96,60527,173.914657
2023-05-11 18:27:00+00:00,173.945,173.99,173.8819,577,173.8819,77317,173.954006
2023-05-11 18:28:00+00:00,173.975,173.985,173.928,397,173.95,36685,173.958401
2023-05-11 18:29:00+00:00,173.9901,174.0,173.96,649,173.98,96153,173.980402
2023-05-11 18:30:00+00:00,173.995,174.01,173.9305,1664,173.9999,164666,173.988127
2023-05-11 18:31:00+00:00,173.98,174.0,173.9511,681,173.992,73755,173.980099
2023-05-11 18:32:00+00:00,173.965,174.0,173.95,487,173.97,44947,173.970636
2023-05-11 18:33:00+00:00,174.0562,174.09,173.94,1686,173.9668,189172,174.035516
2023-05-11 18:34:00+00:00,174.23,174.25,174.055,2233,174.055,286843,174.157682
2023-05-11 18:35:00+00:00,174.1,174.24,174.1,1094,174.23,148117,174.166464
2023-05-11 18:36:00+00:00,174.17,174.19,174.105,878,174.105,88495,174.149818
2023-05-11 18:37:00+00:00,174.179,174.22,174.15,705,174.168,74674,174.174861
2023-05-11 18:38:00+00:00,174.1286,174.19,174.09,724,174.17,66756,174.135294
2023-05-11 18:39:00+00:00,174.165,174.17,174.11,519,174.125,48807,174.143601
2023-05-11 18:40:00+00:00,174.29,174.29,174.14,1506,174.165,166416,174.22662
2023-05-11 18:41:00+00:00,174.39,174.405,174.265,2001,174.2829,222355,174.339016
2023-05-11 18:42:00+00:00,174.475,174.48,174.39,1348,174.39,155504,174.432027
2023-05-11 18:43:00+00:00,174.43,174.59,174.43,3623,174.475,376685,174.506132
2023-05-11 18:44:00+00:00,174.5106,174.57,174.4199,1238,174.43,150095,174.505068
2023-05-11 18:45:00+00:00,174.42,174.52,174.3843,1171,174.515,115674,174.449754
2023-05-11 18:46:00+00:00,174.45,174.465,174.37,1267,174.4124,118776,174.41399
2023-05-11 18:47:00+00:00,174.365,174.465,174.36,675,174.455,56865,174.413598
2023-05-11 18:48:00+00:00,174.4,174.4,174.31,802,174.365,104817,174.357129
2023-05-11 18:49:00+00:00,174.43,174.46,174.4,751,174.4085,60765,174.429249
2023-05-11 18:50:00+00:00,174.375,174.435,174.375,632,174.43,63625,174.40217
2023-05-11 18:51:00+00:00,174.32,174.4,174.305,893,174.38,96135,174.334548
2023-05-11 18:52:00+00:00,174.26,174.34,174.25,921,174.32,99947,174.307951
2023-05-11 18:53:00+00:00,174.2599,174.27,174.212,659,174.26,54560,174.249648
2023-05-11 18:54:00+00:00,174.2701,174.31,174.26,623,174.26,70229,174.290218
2023-05-11 18:55:00+00:00,174.222,174.29,174.21,704,174.275,59409,174.254485
2023-05-11 18:56:00+00:00,174.34,174.34,174.22,657,174.225,59328,174.295129
2023-05-11 18:57:00+00:00,174.3525,174.38,174.3309,785,174.3309,83638,174.3588
2023-05-11 18:58:00+00:00,174.365,174.4,174.36,667,174.37,67069,174.377
2023-05-11 18:59:00+00:00,174.37,174.3865,174.34,678,174.37,62429,174.359999
2023-05-11 19:00:00+00:00,174.34,174.4,174.3,806,174.375,87190,174.338306
2023-05-11 19:01:00+00:00,174.33,174.3477,174.303,708,174.3403,75107,174.321935
2023-05-11 19:02:00+00:00,174.265,174.3638,174.26,751,174.3424,66490,174.324216
2023-05-11 19:03:00+00:00,174.1301,174.28,174.12,1332,174.27,162153,174.189488
2023-05-11 19:04:00+00:00,174.097,174.13,174.08,1107,174.13,157638,174.096251
2023-05-11 19:05:00+00:00,173.9899,174.095,173.98,1400,174.095,172671,174.026339
2023-05-11 19:06:00+00:00,174.105,174.16,173.9801,1033,173.985,144407,174.097689
2023-05-11 19:07:00+00:00,174.14,174.14,174.065,546,174.1,47382,174.107608
2023-05-11 19:08:00+00:00,174.15,174.16,174.06,1123,174.1424,108951,174.111517
2023-05-11 19:09:00+00:00,174.2299,174.24,174.132,842,174.16,98529,174.177652
2023-05-11 19:10:00+00:00,174.1914,174.25,174.1713,607,174.225,48487,174.211787
2023-05-11 19:11:00+00:00,174.17,174.21,174.13,615,174.1901,51627,174.175001
2023-05-11 19:12:00+00:00,174.125,174.2,174.11,686,174.18,58101,174.15161
2023-05-11 19:13:00+00:00,174.1741,174.1815,174.14,564,174.14,44010,174.164422
2023-05-11 19:14:00+00:00,174.0922,174.205,174.08,765,174.17,66301,174.147429
2023-05-11 19:15:00+00:00,174.055,174.095,173.99,1001,174.09,76721,174.039486
2023-05-11 19:16:00+00:00,173.97,174.08,173.9501,927,174.07,96848,173.992103
2023-05-11 19:17:00+00:00,173.8844,173.99,173.86,1327,173.979,141151,173.924082
2023-05-11 19:18:00+00:00,173.945,173.96,173.875,726,173.883,86716,173.925532
2023-05-11 19:19:00+00:00,174.015,174.03,173.915,667,173.94,66278,173.96076
2023-05-11 19:20:00+00:00,173.9856,174.015,173.935,844,174.01,81322,173.967768
2023-05-11 19:21:00+00:00,174.0299,174.045,173.95,809,173.98,64250,173.99804
2023-05-11 19:22:00+00:00,174.04,174.09,174.01,1107,174.03,97802,174.045943
2023-05-11 19:23:00+00:00,174.062,174.062,173.99,630,174.04,36826,174.02961
2023-05-11 19:24:00+00:00,174.045,174.12,174.04,862,174.0635,77484,174.078418
2023-05-11 19:25:00+00:00,174.06,174.06,173.9631,674,174.0432,45173,174.013531
2023-05-11 19:26:00+00:00,174.08,174.1199,174.05,792,174.06,74480,174.087749
2023-05-11 19:27:00+00:00,174.0486,174.085,174.01,692,174.08,55912,174.051627
2023-05-11 19:28:00+00:00,174.1,174.135,174.0401,1213,174.0401,129271,174.100569
2023-05-11 19:29:00+00:00,174.09,174.1391,174.06,696,174.1,57474,174.105852
2023-05-11 19:30:00+00:00,174.095,174.1,174.03,814,174.075,77240,174.060697
2023-05-11 19:31:00+00:00,174.095,174.15,174.095,824,174.1,81580,174.124559
2023-05-11 19:32:00+00:00,174.11,174.13,174.04,777,174.095,57734,174.092051
2023-05-11 19:33:00+00:00,174.06,174.11,174.024,686,174.11,56276,174.055774
2023-05-11 19:34:00+00:00,174.0341,174.0529,174.0128,734,174.05,71059,174.031629
2023-05-11 19:35:00+00:00,174.01,174.06,173.975,984,174.0399,80658,174.011738
2023-05-11 19:36:00+00:00,173.965,174.0181,173.95,760,174.01,78767,173.98784
2023-05-11 19:37:00+00:00,173.93,173.97,173.92,1098,173.965,135253,173.938408
2023-05-11 19:38:00+00:00,173.95,173.97,173.9049,796,173.9201,59770,173.934008
2023-05-11 19:39:00+00:00,173.875,173.94,173.87,806,173.94,59414,173.900888
2023-05-11 19:40:00+00:00,173.81,173.91,173.8008,1469,173.86,141505,173.847272
2023-05-11 19:41:00+00:00,173.8038,173.86,173.785,1039,173.8012,93773,173.823821
2023-05-11 19:42:00+00:00,173.75,173.82,173.68,1608,173.8,145848,173.757605
2023-05-11 19:43:00+00:00,173.72,173.825,173.7118,1218,173.755,120394,173.771045
2023-05-11 19:44:00+00:00,173.8,173.825,173.67,1386,173.71,160408,173.732921
2023-05-11 19:45:00+00:00,173.77,173.805,173.74,1140,173.8,98581,173.774207
2023-05-11 19:46:00+00:00,173.725,173.8,173.72,812,173.777,66797,173.776437
2023-05-11 19:47:00+00:00,173.77,173.78,173.665,1241,173.73,125713,173.717136
2023-05-11 19:48:00+00:00,173.73,173.77,173.665,960,173.77,75014,173.702829
2023-05-11 19:49:00+00:00,173.71,173.795,173.69,1033,173.73,90065,173.743572
2023-05-11 19:50:00+00:00,173.585,173.72,173.5,2777,173.72,275508,173.575394
2023-05-11 19:51:00+00:00,173.7,173.705,173.57,1766,173.58,147406,173.650325
2023-05-11 19:52:00+00:00,173.65,173.75,173.64,1446,173.71,118922,173.705919
2023-05-11 19:53:00+00:00,173.605,173.66,173.6,1630,173.645,181582,173.647874
2023-05-11 19:54:00+00:00,173.72,173.76,173.59,2932,173.61,266747,173.666466
2023-05-11 19:55:00+00:00,173.69,173.725,173.64,1839,173.72,149691,173.680927
2023-05-11 19:56:00+00:00,173.74,173.75,173.65,2112,173.69,187427,173.707028
2023-05-11 19:57:00+00:00,173.77,173.84,173.735,2487,173.75,247830,173.784335
2023-05-11 19:58:00+00:00,173.7272,173.79,173.71,2244,173.765,229549,173.756659
2023-05-11 19:59:00+00:00,173.81,173.84,173.69,4821,173.725,569942,173.75575
2023-05-11 20:00:00+00:00,173.68,173.84,173.68,161,173.75,5771147,173.751134
2023-05-11 20:01:00+00:00,173.6799,173.69,173.66,58,173.66,891427,173.749854
2023-05-11 20:02:00+00:00,173.61,173.67,173.6,73,173.67,9188,173.628452
2023-05-11 20:03:00+00:00,173.65,173.66,173.58,50,173.59,4840,173.640723
2023-05-11 20:04:00+00:00,173.64,173.65,173.64,27,173.65,966,173.639105
2023-05-11 20:05:00+00:00,173.68,173.68,173.64,46,173.64,2062,173.651997
2023-05-11 20:06:00+00:00,173.62,173.65,173.62,37,173.63,2062,173.631523
2023-05-11 20:07:00+00:00,173.75,173.75,173.59,29,173.61,10516,173.733953
2023-05-11 20:08:00+00:00,173.55,173.59,173.55,20,173.59,2960,173.651679
2023-05-11 20:09:00+00:00,173.58,173.58,173.55,45,173.56,170714,173.746649
2023-05-11 20:10:00+00:00,173.57,173.57,173.56,21,173.56,1209,173.566252
2023-05-11 20:11:00+00:00,173.56,173.56,173.55,39,173.55,2858,173.555507
2023-05-11 20:12:00+00:00,173.56,173.56,173.54,38,173.55,2739,173.547145
2023-05-11 20:13:00+00:00,173.56,173.56,173.55,28,173.55,2695,173.555371
2023-05-11 20:14:00+00:00,173.55,173.55,173.55,24,173.55,1236,173.548924
2023-05-11 20:15:00+00:00,173.55,173.75,173.55,36,173.55,10452,173.706292
2023-05-11 20:16:00+00:00,173.54,173.55,173.54,43,173.55,4786,173.549691
2023-05-11 20:17:00+00:00,173.56,173.56,173.55,36,173.55,2811,173.552163
2023-05-11 20:18:00+00:00,173.56,173.56,173.54,22,173.54,1341,173.557846
2023-05-11 20:19:00+00:00,173.56,173.56,173.55,18,173.55,1615,173.556687
2023-05-11 20:20:00+00:00,173.55,173.55,173.55,27,173.55,1163,173.551737
2023-05-11 20:21:00+00:00,173.55,173.56,173.55,38,173.56,1342,173.551908
2023-05-11 20:22:00+00:00,173.54,173.56,173.54,17,173.56,3434,173.543497
2023-05-11 20:23:00+00:00,173.55,173.55,173.55,23,173.55,1194,173.54835
2023-05-11 20:25:00+00:00,173.56,173.56,173.55,14,173.55,812,173.556244
2023-05-11 20:26:00+00:00,173.57,173.57,173.56,10,173.56,492,173.562266
2023-05-11 20:27:00+00:00,173.54,173.57,173.54,30,173.57,1038,173.543097
2023-05-11 20:28:00+00:00,173.56,173.56,173.55,12,173.55,540,173.557261
2023-05-11 20:29:00+00:00,173.56,173.56,173.56,19,173.56,374,173.559469
2023-05-11 20:31:00+00:00,173.56,173.57,173.56,9,173.57,252,173.565079
2023-05-11 20:32:00+00:00,173.57,173.57,173.55,16,173.55,2521,173.56827
2023-05-11 20:33:00+00:00,173.57,173.57,173.56,20,173.56,3271,173.566151
2023-05-11 20:34:00+00:00,173.57,173.57,173.55,24,173.57,3096,173.566504
2023-05-11 20:36:00+00:00,173.75,173.75,173.55,19,173.55,538,173.689815
2023-05-11 20:37:00+00:00,173.56,173.56,173.56,18,173.56,195,173.561126
2023-05-11 20:39:00+00:00,173.57,173.57,173.56,15,173.56,1104,173.562493
2023-05-11 20:40:00+00:00,173.58,173.58,173.55,13,173.55,344,173.558948
2023-05-11 20:43:00+00:00,173.57,173.58,173.57,29,173.58,822,173.578832
2023-05-11 20:45:00+00:00,173.57,173.57,173.57,14,173.57,1205,173.569976
2023-05-11 20:47:00+00:00,173.58,173.58,173.58,25,173.58,653,173.581873
2023-05-11 20:48:00+00:00,173.6,173.6,173.6,12,173.6,468,173.599307
2023-05-11 20:49:00+00:00,173.65,173.66,173.62,41,173.62,1539,173.634129
2023-05-11 20:50:00+00:00,173.64,173.65,173.64,36,173.65,1675,173.647436
2023-05-11 20:51:00+00:00,173.64,173.64,173.64,16,173.64,251,173.636857
2023-05-11 20:52:00+00:00,173.63,173.63,173.63,10,173.63,141,173.631854
2023-05-11 20:53:00+00:00,173.63,173.63,173.62,14,173.62,573,173.62438
2023-05-11 20:54:00+00:00,173.62,173.62,173.62,15,173.62,243,173.62002
2023-05-11 20:55:00+00:00,173.6298,173.6298,173.62,21,173.62,580,173.624193
2023-05-11 20:58:00+00:00,173.61,173.62,173.61,12,173.62,489,173.61181
2023-05-11 21:00:00+00:00,173.62,173.62,173.62,17,173.62,445,173.622944
2023-05-11 21:01:00+00:00,173.62,173.62,173.62,12,173.62,154,173.62149
2023-05-11 21:03:00+00:00,173.62,173.62,173.62,8,173.62,126,173.621667
2023-05-11 21:05:00+00:00,173.62,173.62,173.62,9,173.62,301,173.614148
2023-05-11 21:06:00+00:00,173.61,173.62,173.61,20,173.62,1537,173.616833
2023-05-11 21:08:00+00:00,173.63,173.63,173.63,10,173.63,234,173.626987
2023-05-11 21:09:00+00:00,173.62,173.62,173.62,10,173.62,540,173.618
2023-05-11 21:10:00+00:00,173.68,173.68,173.63,45,173.63,5073,173.66735
2023-05-11 21:12:00+00:00,173.68,173.68,173.68,10,173.68,139,173.669932
2023-05-11 21:14:00+00:00,173.65,173.65,173.65,15,173.65,302,173.660042
2023-05-11 21:15:00+00:00,173.7,173.75,173.65,13,173.65,26026,173.745296
2023-05-11 21:16:00+00:00,173.7,173.7,173.7,16,173.7,1027,173.699148
2023-05-11 21:17:00+00:00,173.7,173.7,173.7,6,173.7,1009,173.699653
2023-05-11 21:18:00+00:00,173.7,173.7,173.65,12,173.65,3405,173.698068
2023-05-11 21:23:00+00:00,173.65,173.65,173.65,14,173.65,133,173.652707
2023-05-11 21:25:00+00:00,173.65,173.65,173.65,14,173.65,615,173.649187
2023-05-11 21:30:00+00:00,173.6,173.6,173.5999,20,173.5999,811,173.599834
2023-05-11 21:31:00+00:00,173.59,173.59,173.59,5,173.59,131,173.591565
2023-05-11 21:33:00+00:00,173.6,173.6,173.6,13,173.6,113,173.598617
2023-05-11 21:34:00+00:00,173.6,173.6,173.6,18,173.6,1068,173.599662
2023-05-11 21:41:00+00:00,173.6,173.6,173.6,7,173.6,147,173.600068
2023-05-11 21:43:00+00:00,173.61,173.61,173.61,12,173.61,557,173.610725
2023-05-11 21:51:00+00:00,173.58,173.58,173.58,20,173.58,573,173.580957
2023-05-11 21:52:00+00:00,173.6,173.6,173.6,7,173.6,425,173.597576
2023-05-11 21:57:00+00:00,173.6,173.6,173.6,22,173.6,718,173.604143
2023-05-11 22:02:00+00:00,173.6152,173.6152,173.6152,5,173.6152,313,173.613642
2023-05-11 22:03:00+00:00,173.64,173.64,173.64,14,173.64,326,173.638052
2023-05-11 22:04:00+00:00,173.69,173.69,173.69,12,173.69,1021,173.685935
2023-05-11 22:05:00+00:00,173.68,173.68,173.68,20,173.68,671,173.678182
2023-05-11 22:06:00+00:00,173.73,173.73,173.68,35,173.68,3543,173.703854
2023-05-11 22:07:00+00:00,173.73,173.73,173.71,15,173.71,313,173.72131
2023-05-11 22:08:00+00:00,173.7,173.7,173.7,16,173.7,840,173.701161
2023-05-11 22:09:00+00:00,173.7,173.7,173.7,7,173.7,256,173.703926
2023-05-11 22:10:00+00:00,173.73,173.73,173.72,23,173.72,778,173.711472
2023-05-11 22:11:00+00:00,173.7,173.7,173.7,3,173.7,102,173.699755
2023-05-11 22:13:00+00:00,173.65,173.7,173.65,3,173.7,271,173.681458
2023-05-11 22:14:00+00:00,173.65,173.65,173.65,19,173.65,387,173.660659
2023-05-11 22:16:00+00:00,173.69,173.69,173.69,7,173.69,199,173.68392
2023-05-11 22:17:00+00:00,173.66,173.66,173.66,9,173.66,1607,173.661932
2023-05-11 22:18:00+00:00,173.7,173.7,173.7,3,173.7,411,173.696983
2023-05-11 22:24:00+00:00,173.72,173.73,173.7,26,173.7,4079,173.716047
2023-05-11 22:25:00+00:00,173.63,173.72,173.63,29,173.72,1093,173.665677
2023-05-11 22:30:00+00:00,173.7,173.7,173.7,12,173.7,668,173.696142
2023-05-11 22:32:00+00:00,173.64,173.64,173.64,13,173.64,302,173.643245
2023-05-11 22:34:00+00:00,173.65,173.67,173.64,25,173.67,1520,173.650146
2023-05-11 22:38:00+00:00,173.7,173.7,173.7,10,173.7,179,173.697542
2023-05-11 22:39:00+00:00,173.64,173.6425,173.64,14,173.6425,537,173.644088
2023-05-11 22:41:00+00:00,173.7,173.7,173.7,11,173.7,4021,173.699886
2023-05-11 22:47:00+00:00,173.67,173.6702,173.67,13,173.6702,226,173.671194
2023-05-11 22:48:00+00:00,173.71,173.71,173.71,8,173.71,3016,173.709847
2023-05-11 22:51:00+00:00,173.67,173.67,173.67,3,173.67,150,173.669867
2023-05-11 22:52:00+00:00,173.65,173.65,173.65,9,173.65,259,173.664054
2023-05-11 22:53:00+00:00,173.66,173.66,173.65,13,173.65,502,173.654
2023-05-11 22:55:00+00:00,173.69,173.69,173.69,14,173.69,496,173.689418
2023-05-11 22:56:00+00:00,173.72,173.72,173.72,12,173.72,418,173.720012
2023-05-11 22:58:00+00:00,173.74,173.74,173.73,17,173.73,1326,173.735675
2023-05-11 22:59:00+00:00,173.74,173.74,173.73,15,173.73,549,173.737632
2023-05-11 23:02:00+00:00,173.73,173.73,173.73,6,173.73,521,173.73063
2023-05-11 23:03:00+00:00,173.71,173.71,173.7,9,173.7,530,173.702341
2023-05-11 23:04:00+00:00,173.72,173.72,173.72,5,173.72,543,173.719273
2023-05-11 23:07:00+00:00,173.75,173.75,173.75,33,173.75,1028,173.749775
2023-05-11 23:14:00+00:00,173.75,173.75,173.75,12,173.75,569,173.748243
2023-05-11 23:18:00+00:00,173.72,173.72,173.72,10,173.72,307,173.718355
2023-05-11 23:20:00+00:00,173.71,173.71,173.71,10,173.71,113,173.712212
2023-05-11 23:21:00+00:00,173.75,173.75,173.72,19,173.72,557,173.741688
2023-05-11 23:24:00+00:00,173.72,173.7201,173.72,12,173.72,340,173.720603
2023-05-11 23:25:00+00:00,173.75,173.75,173.75,12,173.75,210,173.749476
2023-05-11 23:26:00+00:00,173.75,173.75,173.75,10,173.75,507,173.749842
2023-05-11 23:29:00+00:00,173.72,173.72,173.72,12,173.72,2011,173.720075
2023-05-11 23:32:00+00:00,173.76,173.76,173.76,23,173.76,389,173.753997
2023-05-11 23:33:00+00:00,173.75,173.75,173.74,19,173.74,739,173.744283
2023-05-11 23:36:00+00:00,173.77,173.77,173.77,12,173.77,3018,173.769854
2023-05-11 23:37:00+00:00,173.74,173.74,173.73,13,173.73,755,173.737497
2023-05-11 23:38:00+00:00,173.75,173.77,173.73,34,173.73,3773,173.762772
2023-05-11 23:39:00+00:00,173.71,173.75,173.71,18,173.75,1713,173.721153
2023-05-11 23:41:00+00:00,173.77,173.77,173.77,10,173.77,220,173.766636
2023-05-11 23:43:00+00:00,173.75,173.75,173.74,23,173.74,514,173.749582
2023-05-11 23:44:00+00:00,173.77,173.77,173.77,22,173.77,338,173.775118
2023-05-11 23:45:00+00:00,173.8,173.8,173.77,34,173.77,1972,173.785621
2023-05-11 23:48:00+00:00,173.78,173.8,173.78,10,173.8,466,173.787049
2023-05-11 23:49:00+00:00,173.82,173.82,173.82,18,173.82,534,173.818018
2023-05-11 23:50:00+00:00,173.82,173.82,173.82,9,173.82,398,173.820678
2023-05-11 23:52:00+00:00,173.79,173.8,173.79,15,173.8,666,173.798026
2023-05-11 23:53:00+00:00,173.81,173.81,173.81,15,173.81,480,173.81124
2023-05-11 23:54:00+00:00,173.8,173.81,173.8,17,173.81,520,173.804548
2023-05-11 23:55:00+00:00,173.8001,173.82,173.8001,17,173.82,508,173.813189
2023-05-11 23:56:00+00:00,173.82,173.82,173.8,20,173.8001,625,173.812934
2023-05-11 23:57:00+00:00,173.8,173.8001,173.8,20,173.8,6784,173.800274
2023-05-11 23:58:00+00:00,173.8,173.81,173.8,19,173.8,1029,173.804503
2023-05-11 23:59:00+00:00,173.76,173.78,173.76,25,173.78,908,173.77247
