timestamp,close,high,low,trade_count,open,volume,vwap
2023-07-20 08:00:00+00:00,193.78,193.78,193.78,24,193.78,655,193.793557
2023-07-20 08:01:00+00:00,193.8,193.8,193.8,30,193.8,876,193.813413
2023-07-20 08:04:00+00:00,193.8,193.8,193.8,14,193.8,631,193.804707
2023-07-20 08:05:00+00:00,193.8,193.81,193.8,41,193.8,2659,193.803321
2023-07-20 08:06:00+00:00,193.62,193.62,193.62,59,193.62,5831,193.626023
2023-07-20 08:11:00+00:00,193.64,193.64,193.64,28,193.64,982,193.635346
2023-07-20 08:13:00+00:00,193.7,193.7,193.6,35,193.65,1829,193.658119
2023-07-20 08:14:00+00:00,193.46,193.6,193.46,41,193.6,1600,193.568713
2023-07-20 08:16:00+00:00,193.6,193.6,193.6,19,193.6,663,193.608522
2023-07-20 08:17:00+00:00,193.6,193.61,193.6,13,193.61,930,193.605473
2023-07-20 08:18:00+00:00,193.58,193.58,193.58,5,193.58,224,193.597455
2023-07-20 08:19:00+00:00,193.46,193.56,193.46,61,193.55,6973,193.51779
2023-07-20 08:20:00+00:00,193.36,193.53,193.36,42,193.53,895,193.426134
2023-07-20 08:21:00+00:00,193.25,193.31,193.25,24,193.31,866,193.293557
2023-07-20 08:22:00+00:00,193.25,193.26,193.25,33,193.26,1812,193.253173
2023-07-20 08:26:00+00:00,193.36,193.37,193.36,27,193.37,1071,193.363978
2023-07-20 08:28:00+00:00,193.4,193.42,193.4,12,193.42,506,193.404209
2023-07-20 08:29:00+00:00,193.37,193.37,193.37,7,193.37,222,193.372973
2023-07-20 08:30:00+00:00,193.37,193.44,193.37,34,193.44,3485,193.389633
2023-07-20 08:32:00+00:00,193.5,193.5,193.5,7,193.5,155,193.502065
2023-07-20 08:33:00+00:00,193.54,193.54,193.54,5,193.54,237,193.543207
2023-07-20 08:39:00+00:00,193.54,193.54,193.53,14,193.53,591,193.529865
2023-07-20 08:40:00+00:00,193.53,193.53,193.53,5,193.53,212,193.52316
2023-07-20 08:41:00+00:00,193.53,193.53,193.53,24,193.53,620,193.53129
2023-07-20 08:44:00+00:00,193.51,193.51,193.51,27,193.51,549,193.522714
2023-07-20 08:45:00+00:00,193.5,193.51,193.43,46,193.43,3276,193.49377
2023-07-20 08:47:00+00:00,193.49,193.49,193.4,24,193.4,1174,193.443262
2023-07-20 08:48:00+00:00,193.36,193.41,193.36,14,193.41,630,193.388635
2023-07-20 08:49:00+00:00,193.25,193.38,193.25,64,193.38,1728,193.319844
2023-07-20 08:51:00+00:00,193.44,193.44,193.44,23,193.44,600,193.472783
2023-07-20 08:53:00+00:00,193.38,193.38,193.38,10,193.38,243,193.397572
2023-07-20 08:54:00+00:00,193.35,193.35,193.35,9,193.35,261,193.36659
2023-07-20 08:55:00+00:00,193.26,193.33,193.26,25,193.33,1032,193.323014
2023-07-20 08:56:00+00:00,193.26,193.33,193.26,7,193.33,653,193.300015
2023-07-20 08:58:00+00:00,193.29,193.29,193.29,13,193.29,207,193.291111
2023-07-20 09:05:00+00:00,193.47,193.47,193.47,11,193.47,185,193.455135
2023-07-20 09:13:00+00:00,193.34,193.34,193.34,21,193.34,453,193.347881
2023-07-20 09:19:00+00:00,193.52,193.52,193.52,12,193.52,269,193.518922
2023-07-20 09:26:00+00:00,193.68,193.68,193.68,14,193.68,444,193.680338
2023-07-20 09:29:00+00:00,193.69,193.69,193.69,12,193.69,386,193.686451
2023-07-20 09:30:00+00:00,193.75,193.75,193.73,34,193.73,850,193.727788
2023-07-20 09:33:00+00:00,193.8,193.8,193.8,4,193.8,105,193.801143
2023-07-20 09:37:00+00:00,193.6,193.6,193.6,22,193.6,448,193.642143
2023-07-20 09:40:00+00:00,193.6,193.63,193.6,19,193.63,550,193.612618
2023-07-20 09:41:00+00:00,193.6,193.6,193.6,11,193.6,606,193.596304
2023-07-20 09:42:00+00:00,193.55,193.55,193.55,6,193.55,441,193.55
2023-07-20 10:01:00+00:00,193.76,193.76,193.76,13,193.76,385,193.757506
2023-07-20 10:05:00+00:00,193.78,193.78,193.78,2,193.78,190,193.78
2023-07-20 10:07:00+00:00,193.74,193.74,193.74,20,193.74,620,193.744419
2023-07-20 10:09:00+00:00,193.78,193.78,193.78,17,193.78,506,193.779526
2023-07-20 10:10:00+00:00,193.86,193.86,193.79,32,193.79,1959,193.829342
2023-07-20 10:11:00+00:00,193.89,193.89,193.89,7,193.89,902,193.893647
2023-07-20 10:13:00+00:00,193.92,193.92,193.92,7,193.92,505,193.92
2023-07-20 10:15:00+00:00,193.9,193.9,193.9,9,193.9,602,193.899169
2023-07-20 10:18:00+00:00,193.86,193.88,193.86,21,193.88,779,193.867253
2023-07-20 10:20:00+00:00,193.88,193.88,193.88,16,193.88,353,193.88085
2023-07-20 10:21:00+00:00,193.92,193.92,193.92,5,193.92,493,193.919797
2023-07-20 10:22:00+00:00,193.87,193.92,193.87,14,193.92,807,193.88886
2023-07-20 10:23:00+00:00,193.8,193.86,193.8,27,193.86,653,193.820015
2023-07-20 10:24:00+00:00,193.78,193.78,193.78,22,193.78,2796,193.782539
2023-07-20 10:25:00+00:00,193.91,193.91,193.91,3,193.91,198,193.90702
2023-07-20 10:26:00+00:00,193.9,193.96,193.9,8,193.9,457,193.919759
2023-07-20 10:27:00+00:00,193.9,193.9,193.9,9,193.9,309,193.902104
2023-07-20 10:32:00+00:00,193.89,193.89,193.89,20,193.89,543,193.884549
2023-07-20 10:35:00+00:00,193.9,193.9,193.89,35,193.89,2273,193.89311
2023-07-20 10:39:00+00:00,194.0,194.0,194.0,24,194.0,609,193.993645
2023-07-20 10:40:00+00:00,194.0,194.0,194.0,21,194.0,1671,193.999473
2023-07-20 10:42:00+00:00,194.0,194.0,194.0,5,194.0,123,194.0
2023-07-20 10:54:00+00:00,193.89,193.89,193.87,10,193.87,535,193.881757
2023-07-20 10:55:00+00:00,193.89,193.89,193.88,12,193.88,690,193.889217
2023-07-20 10:57:00+00:00,193.9,193.9,193.9,9,193.9,197,193.897614
2023-07-20 10:58:00+00:00,193.9,193.9,193.9,18,193.9,652,193.896748
2023-07-20 11:00:00+00:00,193.95,194.0,193.9,154,193.9,4888,193.939857
2023-07-20 11:01:00+00:00,193.99,193.99,193.95,33,193.95,1866,193.967889
2023-07-20 11:02:00+00:00,194.0,194.01,193.98,64,193.98,5603,194.002998
2023-07-20 11:03:00+00:00,194.0,194.04,194.0,23,194.04,4132,194.005917
2023-07-20 11:04:00+00:00,193.95,193.95,193.95,21,193.95,599,193.960518
2023-07-20 11:07:00+00:00,193.92,193.95,193.92,24,193.95,2115,193.928161
2023-07-20 11:08:00+00:00,193.79,193.89,193.65,139,193.89,6564,193.782791
2023-07-20 11:10:00+00:00,193.84,193.84,193.84,14,193.84,428,193.83979
2023-07-20 11:12:00+00:00,193.87,193.87,193.87,13,193.87,451,193.861375
2023-07-20 11:13:00+00:00,193.82,193.85,193.82,24,193.85,1909,193.841006
2023-07-20 11:16:00+00:00,193.74,193.74,193.74,8,193.74,241,193.741452
2023-07-20 11:17:00+00:00,193.76,193.76,193.75,31,193.75,1502,193.750732
2023-07-20 11:20:00+00:00,193.76,193.76,193.76,18,193.76,716,193.759679
2023-07-20 11:22:00+00:00,193.75,193.76,193.75,12,193.76,882,193.75449
2023-07-20 11:23:00+00:00,193.74,193.75,193.74,24,193.75,642,193.749221
2023-07-20 11:24:00+00:00,193.8,193.8,193.8,95,193.8,4776,193.799874
2023-07-20 11:27:00+00:00,193.91,193.91,193.81,55,193.81,2442,193.854058
2023-07-20 11:29:00+00:00,193.95,193.95,193.95,12,193.95,692,193.949653
2023-07-20 11:30:00+00:00,193.9,193.91,193.9,39,193.91,2354,193.913798
2023-07-20 11:32:00+00:00,194.0,194.0,193.97,43,193.97,3334,193.985267
2023-07-20 11:33:00+00:00,194.07,194.07,194.05,30,194.05,1009,194.054668
2023-07-20 11:34:00+00:00,194.1,194.1,194.08,63,194.08,2669,194.109966
2023-07-20 11:35:00+00:00,194.15,194.15,194.1,52,194.1,2230,194.131063
2023-07-20 11:36:00+00:00,194.21,194.21,194.19,36,194.2,1180,194.195568
2023-07-20 11:37:00+00:00,194.26,194.3,194.26,31,194.3,847,194.283211
2023-07-20 11:38:00+00:00,194.25,194.25,194.25,22,194.25,446,194.251345
2023-07-20 11:39:00+00:00,194.26,194.26,194.25,38,194.25,1942,194.253893
2023-07-20 11:41:00+00:00,194.25,194.25,194.22,41,194.25,1839,194.244258
2023-07-20 11:42:00+00:00,194.36,194.36,194.3,60,194.3,3496,194.318229
2023-07-20 11:43:00+00:00,194.31,194.35,194.31,22,194.35,931,194.328271
2023-07-20 11:44:00+00:00,194.3,194.31,194.3,16,194.3,1359,194.299007
2023-07-20 11:45:00+00:00,194.26,194.26,194.26,40,194.26,872,194.266044
2023-07-20 11:46:00+00:00,194.23,194.25,194.23,24,194.25,2167,194.242566
2023-07-20 11:51:00+00:00,194.31,194.34,194.28,48,194.28,2055,194.308681
2023-07-20 11:52:00+00:00,194.38,194.38,194.28,59,194.28,2816,194.326996
2023-07-20 11:53:00+00:00,194.37,194.38,194.37,16,194.38,530,194.369962
2023-07-20 11:54:00+00:00,194.36,194.36,194.35,17,194.35,628,194.358089
2023-07-20 11:55:00+00:00,194.33,194.33,194.33,17,194.33,813,194.332325
2023-07-20 11:56:00+00:00,194.3,194.3,194.23,77,194.3,2828,194.273271
2023-07-20 11:58:00+00:00,194.3,194.3,194.26,134,194.26,6640,194.29312
2023-07-20 12:00:00+00:00,194.3,194.4418,193.74,577,193.95,59007,194.095574
2023-07-20 12:01:00+00:00,194.51,194.51,193.82,838,194.32,7411,194.291343
2023-07-20 12:02:00+00:00,194.2,194.32,194.2,291,194.32,3300,194.30366
2023-07-20 12:03:00+00:00,194.4,194.7,194.0,462,194.32,5696,194.39745
2023-07-20 12:04:00+00:00,194.43,194.44,194.4,69,194.44,3635,194.417234
2023-07-20 12:05:00+00:00,194.44,194.44,194.44,22,194.44,419,194.402013
2023-07-20 12:06:00+00:00,194.4,194.4,194.3995,44,194.3995,850,194.396494
2023-07-20 12:07:00+00:00,194.38,194.38,194.38,11,194.38,494,194.379453
2023-07-20 12:08:00+00:00,194.32,194.34,194.31,41,194.34,2928,194.322122
2023-07-20 12:09:00+00:00,194.34,194.34,194.34,36,194.34,530,194.312406
2023-07-20 12:10:00+00:00,194.26,194.28,194.26,67,194.28,1897,194.270198
2023-07-20 12:11:00+00:00,194.18,194.26,194.12,148,194.26,7434,194.21839
2023-07-20 12:12:00+00:00,194.13,194.14,194.08,56,194.1,2322,194.117657
2023-07-20 12:13:00+00:00,194.12,194.12,194.1,19,194.1,2470,194.117973
2023-07-20 12:15:00+00:00,194.15,194.15,194.12,41,194.1399,3295,194.139579
2023-07-20 12:16:00+00:00,194.16,194.17,194.16,20,194.17,446,194.164552
2023-07-20 12:20:00+00:00,194.1702,194.1702,194.1702,24,194.1702,381,194.170892
2023-07-20 12:21:00+00:00,194.17,194.17,194.13,49,194.13,848,194.14043
2023-07-20 12:22:00+00:00,194.12,194.1678,194.12,37,194.12,1047,194.133133
2023-07-20 12:23:00+00:00,194.1299,194.1299,194.04,104,194.11,3925,194.07383
2023-07-20 12:24:00+00:00,194.08,194.08,194.08,23,194.08,305,194.093836
2023-07-20 12:25:00+00:00,194.13,194.13,194.13,46,194.13,1033,194.135198
2023-07-20 12:26:00+00:00,194.15,194.15,194.15,40,194.15,627,194.150154
2023-07-20 12:27:00+00:00,194.13,194.13,194.13,23,194.13,247,194.153462
2023-07-20 12:28:00+00:00,194.19,194.19,194.19,24,194.19,260,194.186181
2023-07-20 12:29:00+00:00,194.15,194.1503,194.15,24,194.1503,2095,194.150158
2023-07-20 12:30:00+00:00,194.05,194.08,194.0,94,194.03,3057,194.041029
2023-07-20 12:31:00+00:00,194.1165,194.1165,194.06,42,194.06,1148,194.072099
2023-07-20 12:32:00+00:00,194.1,194.1,194.1,29,194.1,507,194.080976
2023-07-20 12:33:00+00:00,194.02,194.08,194.02,43,194.05,4161,194.039178
2023-07-20 12:34:00+00:00,193.93,194.05,193.93,138,194.05,9091,193.996959
2023-07-20 12:35:00+00:00,193.99,193.99,193.93,54,193.93,2195,193.962472
2023-07-20 12:36:00+00:00,194.09,194.09,193.98,65,193.98,3060,194.026124
2023-07-20 12:37:00+00:00,194.1009,194.13,194.09,103,194.09,3899,194.105681
2023-07-20 12:38:00+00:00,194.11,194.11,194.09,47,194.1,1249,194.102089
2023-07-20 12:39:00+00:00,194.02,194.14,194.02,63,194.14,6603,194.064642
2023-07-20 12:40:00+00:00,193.9419,194.01,193.9419,92,194.01,2766,193.974532
2023-07-20 12:41:00+00:00,193.95,194.0,193.95,46,193.99,2771,193.991006
2023-07-20 12:42:00+00:00,193.93,193.96,193.93,37,193.96,922,193.948968
2023-07-20 12:43:00+00:00,193.88,193.95,193.85,150,193.93,9211,193.895933
2023-07-20 12:44:00+00:00,193.8001,193.86,193.8001,80,193.85,5677,193.832699
2023-07-20 12:45:00+00:00,193.95,193.95,193.8,192,193.83,8126,193.842245
2023-07-20 12:46:00+00:00,194.06,194.06,193.8902,87,193.95,3340,193.982202
2023-07-20 12:47:00+00:00,194.1092,194.1092,194.1,64,194.1,1724,194.100206
2023-07-20 12:48:00+00:00,194.02,194.1296,194.02,59,194.11,2880,194.110096
2023-07-20 12:49:00+00:00,194.08,194.08,194.04,41,194.04,2236,194.050087
2023-07-20 12:50:00+00:00,194.08,194.13,194.07,51,194.1,3949,194.085952
2023-07-20 12:51:00+00:00,194.01,194.06,194.01,75,194.06,6564,194.027576
2023-07-20 12:52:00+00:00,194.04,194.04,193.97,41,194.02,5966,194.019366
2023-07-20 12:53:00+00:00,194.04,194.04,194.04,20,194.04,307,194.032503
2023-07-20 12:54:00+00:00,194.05,194.0526,194.05,35,194.0526,1015,194.06664
2023-07-20 12:55:00+00:00,194.09,194.09,194.0511,41,194.0511,1040,194.067225
2023-07-20 12:56:00+00:00,194.09,194.09,194.09,31,194.09,445,194.098611
2023-07-20 12:57:00+00:00,194.11,194.13,194.11,30,194.13,1907,194.124782
2023-07-20 12:58:00+00:00,194.0883,194.0883,194.0883,39,194.0883,850,194.085848
2023-07-20 12:59:00+00:00,194.01,194.04,194.0,89,194.04,4353,194.015534
2023-07-20 13:00:00+00:00,193.98,194.01,193.98,61,194.0,2964,194.003875
2023-07-20 13:01:00+00:00,193.93,193.95,193.88,123,193.93,5655,193.944034
2023-07-20 13:02:00+00:00,194.04,194.04,193.99,66,193.99,1249,194.016625
2023-07-20 13:03:00+00:00,193.96,194.04,193.95,121,194.04,3516,193.984627
2023-07-20 13:04:00+00:00,194.13,194.13,193.971,75,193.971,3370,194.017862
2023-07-20 13:05:00+00:00,194.16,194.17,194.13,85,194.13,8782,194.158927
2023-07-20 13:06:00+00:00,194.1,194.16,194.1,46,194.16,1260,194.135921
2023-07-20 13:07:00+00:00,193.96,194.0801,193.96,103,194.08,5309,194.056756
2023-07-20 13:08:00+00:00,194.01,194.01,193.96,109,193.97,12675,193.998967
2023-07-20 13:09:00+00:00,194.01,194.01,194.0,56,194.01,7962,194.006621
2023-07-20 13:10:00+00:00,194.02,194.07,194.0,187,194.01,15136,194.015561
2023-07-20 13:11:00+00:00,193.92,194.07,193.87,124,194.07,6986,193.939319
2023-07-20 13:13:00+00:00,193.9411,193.97,193.94,68,193.95,3014,193.953637
2023-07-20 13:14:00+00:00,193.83,193.94,193.81,137,193.94,24557,194.850058
2023-07-20 13:15:00+00:00,193.939,193.939,193.8201,85,193.828,5562,193.864957
2023-07-20 13:16:00+00:00,193.93,193.93,193.91,45,193.93,1028,193.919995
2023-07-20 13:17:00+00:00,193.91,193.9758,193.9,152,193.9296,4940,193.924547
2023-07-20 13:18:00+00:00,193.93,193.93,193.91,90,193.91,2058,193.918911
2023-07-20 13:19:00+00:00,193.9685,193.9685,193.9528,59,193.9528,843,193.944829
2023-07-20 13:20:00+00:00,194.0,194.0,193.97,100,193.97,2043,193.991402
2023-07-20 13:21:00+00:00,193.99,194.02,193.95,101,194.02,6651,193.988367
2023-07-20 13:22:00+00:00,194.15,194.15,193.94,83,193.94,2084,194.051729
2023-07-20 13:23:00+00:00,194.13,194.17,194.12,48,194.17,2991,194.134396
2023-07-20 13:24:00+00:00,194.12,194.13,194.1,49,194.1,1459,194.122961
2023-07-20 13:25:00+00:00,194.29,194.29,194.12,115,194.12,6845,194.195228
2023-07-20 13:26:00+00:00,194.361,194.4,194.21,184,194.26,9653,194.309753
2023-07-20 13:27:00+00:00,194.91,194.98,194.36,449,194.4,35447,194.63235
2023-07-20 13:28:00+00:00,194.9,195.08,194.84,379,194.85,34756,194.950484
2023-07-20 13:29:00+00:00,195.08,195.08,194.88,271,194.9,29514,194.965863
2023-07-20 13:30:00+00:00,195.4301,195.6,195.02,8827,195.08,1259200,195.294891
2023-07-20 13:31:00+00:00,195.8199,195.85,195.38,3811,195.43,456600,195.638343
2023-07-20 13:32:00+00:00,195.92,195.97,195.73,3336,195.79,395342,195.872245
2023-07-20 13:33:00+00:00,195.95,196.16,195.86,3945,195.9,405861,195.989184
2023-07-20 13:34:00+00:00,195.87,196.17,195.83,3334,195.95,349676,195.993171
2023-07-20 13:35:00+00:00,195.855,195.95,195.745,2941,195.88,289647,195.846313
2023-07-20 13:36:00+00:00,195.66,195.86,195.61,2517,195.86,205833,195.683372
2023-07-20 13:37:00+00:00,195.81,195.92,195.61,2838,195.65,268309,195.770406
2023-07-20 13:38:00+00:00,195.8141,195.9862,195.69,2228,195.8,203629,195.863031
2023-07-20 13:39:00+00:00,196.09,196.17,195.82,3890,195.83,333253,196.027756
2023-07-20 13:40:00+00:00,196.11,196.21,196.0,3376,196.07,306764,196.105385
2023-07-20 13:41:00+00:00,196.25,196.32,195.98,2970,196.115,387580,196.108224
2023-07-20 13:42:00+00:00,196.2301,196.31,196.0309,2309,196.2466,238258,196.189532
2023-07-20 13:43:00+00:00,196.44,196.45,196.15,2776,196.23,244335,196.290495
2023-07-20 13:44:00+00:00,196.33,196.47,196.12,2862,196.45,289190,196.309883
2023-07-20 13:45:00+00:00,196.28,196.3367,196.13,2525,196.335,165468,196.225879
2023-07-20 13:46:00+00:00,196.18,196.33,196.168,4019,196.29,154798,196.261374
2023-07-20 13:47:00+00:00,196.1266,196.22,195.97,4143,196.19,189019,196.073932
2023-07-20 13:48:00+00:00,196.1655,196.24,196.0801,3609,196.13,142413,196.165554
2023-07-20 13:49:00+00:00,196.0839,196.27,196.08,3938,196.17,174945,196.206719
2023-07-20 13:50:00+00:00,196.07,196.12,195.93,3759,196.1,135085,196.02538
2023-07-20 13:51:00+00:00,195.945,196.135,195.93,3674,196.06,140400,196.048635
2023-07-20 13:52:00+00:00,195.8638,195.9801,195.76,4119,195.95,229763,195.865875
2023-07-20 13:53:00+00:00,195.66,195.9,195.63,3980,195.855,196772,195.745897
2023-07-20 13:54:00+00:00,195.7,195.73,195.61,3639,195.66,128842,195.674104
2023-07-20 13:55:00+00:00,195.72,195.76,195.57,3697,195.6895,152773,195.660769
2023-07-20 13:56:00+00:00,195.86,195.94,195.7221,3655,195.73,190958,195.838125
2023-07-20 13:57:00+00:00,195.795,195.9,195.72,3681,195.86,156791,195.801494
2023-07-20 13:58:00+00:00,195.835,195.8499,195.71,3372,195.795,114844,195.788259
2023-07-20 13:59:00+00:00,195.7303,195.9497,195.7,3534,195.83,146976,195.82944
2023-07-20 14:00:00+00:00,195.5399,195.77,195.42,4768,195.74,259423,195.576312
2023-07-20 14:01:00+00:00,195.445,195.58,195.33,3827,195.5287,129146,195.452451
2023-07-20 14:02:00+00:00,195.41,195.473,195.355,3472,195.45,150812,195.415569
2023-07-20 14:03:00+00:00,195.265,195.4054,195.22,4117,195.4001,244407,195.295328
2023-07-20 14:04:00+00:00,195.3401,195.37,195.22,4838,195.26,376287,195.294856
2023-07-20 14:05:00+00:00,195.2897,195.35,195.2,4451,195.34,305163,195.264386
2023-07-20 14:06:00+00:00,195.34,195.355,195.25,3747,195.295,144536,195.303773
2023-07-20 14:07:00+00:00,195.37,195.42,195.295,3492,195.34,165173,195.356681
2023-07-20 14:08:00+00:00,195.469,195.47,195.23,3807,195.38,203560,195.353714
2023-07-20 14:09:00+00:00,195.3804,195.46,195.3201,3727,195.46,190127,195.409715
2023-07-20 14:10:00+00:00,195.255,195.41,195.16,4010,195.38,204974,195.260796
2023-07-20 14:11:00+00:00,195.365,195.37,195.15,3502,195.24,166301,195.251267
2023-07-20 14:12:00+00:00,195.45,195.45,195.31,3385,195.37,120343,195.387204
2023-07-20 14:13:00+00:00,195.45,195.57,195.39,3515,195.455,136690,195.485949
2023-07-20 14:14:00+00:00,195.33,195.47,195.33,3203,195.4491,132566,195.380433
2023-07-20 14:15:00+00:00,195.38,195.54,195.33,3063,195.34,93973,195.457017
2023-07-20 14:16:00+00:00,195.43,195.43,195.26,3319,195.37,127419,195.318521
2023-07-20 14:17:00+00:00,195.3499,195.46,195.325,3262,195.435,93279,195.408546
2023-07-20 14:18:00+00:00,195.23,195.36,195.2108,3370,195.35,120086,195.305225
2023-07-20 14:19:00+00:00,195.13,195.26,195.1,3585,195.231,183608,195.184493
2023-07-20 14:20:00+00:00,195.04,195.135,194.94,5112,195.1209,313299,195.033139
2023-07-20 14:21:00+00:00,195.1499,195.16,195.03,3604,195.04,166380,195.093011
2023-07-20 14:22:00+00:00,195.1113,195.22,195.09,3396,195.14,250022,195.179714
2023-07-20 14:23:00+00:00,194.845,195.1299,194.8401,3968,195.1199,262440,195.002567
2023-07-20 14:24:00+00:00,194.78,194.87,194.72,4421,194.8401,271520,194.791258
2023-07-20 14:25:00+00:00,194.88,194.94,194.74,3808,194.79,209143,194.827733
2023-07-20 14:26:00+00:00,194.78,194.92,194.702,3511,194.87,128619,194.790891
2023-07-20 14:27:00+00:00,194.7897,194.83,194.7301,3171,194.79,87257,194.79046
2023-07-20 14:28:00+00:00,194.81,194.93,194.765,3311,194.786,217230,194.838892
2023-07-20 14:29:00+00:00,194.908,194.91,194.76,3564,194.81,135912,194.811774
2023-07-20 14:30:00+00:00,194.6355,194.9026,194.62,4003,194.9026,168793,194.746324
2023-07-20 14:31:00+00:00,194.565,194.71,194.565,3329,194.63,127364,194.658911
2023-07-20 14:32:00+00:00,194.5,194.58,194.47,3846,194.57,234496,194.519281
2023-07-20 14:33:00+00:00,194.37,194.54,194.365,4079,194.5,250645,194.441149
2023-07-20 14:34:00+00:00,194.15,194.4,194.1301,5079,194.37,332449,194.257807
2023-07-20 14:35:00+00:00,194.16,194.17,193.97,5680,194.15,505875,194.056868
2023-07-20 14:36:00+00:00,194.1,194.17,193.96,3129,194.1699,362577,194.061691
2023-07-20 14:37:00+00:00,194.165,194.219,193.9501,1433,194.1001,157406,194.085544
2023-07-20 14:38:00+00:00,194.24,194.31,194.13,1503,194.1609,164460,194.225919
2023-07-20 14:39:00+00:00,194.15,194.33,194.14,1648,194.24,171695,194.250893
2023-07-20 14:40:00+00:00,194.395,194.41,194.15,1302,194.17,131829,194.285064
2023-07-20 14:41:00+00:00,194.4,194.46,194.34,1379,194.395,203377,194.411371
2023-07-20 14:42:00+00:00,194.415,194.55,194.392,1551,194.4,160546,194.463716
2023-07-20 14:43:00+00:00,194.4339,194.49,194.35,1020,194.415,81712,194.428191
2023-07-20 14:44:00+00:00,194.4691,194.49,194.39,1098,194.42,83415,194.450505
2023-07-20 14:45:00+00:00,194.56,194.57,194.42,1418,194.45,156842,194.491367
2023-07-20 14:46:00+00:00,194.6999,194.7,194.56,1420,194.56,149796,194.617948
2023-07-20 14:47:00+00:00,194.535,194.7,194.53,1204,194.7,146113,194.618287
2023-07-20 14:48:00+00:00,194.66,194.66,194.47,1037,194.53,108417,194.561004
2023-07-20 14:49:00+00:00,194.58,194.66,194.56,987,194.64,99739,194.597862
2023-07-20 14:50:00+00:00,194.39,194.59,194.38,1116,194.57,81701,194.503752
2023-07-20 14:51:00+00:00,194.3998,194.43,194.34,1137,194.385,84419,194.383153
2023-07-20 14:52:00+00:00,194.5877,194.6,194.32,1598,194.4,136741,194.422835
2023-07-20 14:53:00+00:00,194.64,194.68,194.56,991,194.58,71296,194.616701
2023-07-20 14:54:00+00:00,194.5774,194.64,194.5,1030,194.635,87088,194.579567
2023-07-20 14:55:00+00:00,194.58,194.58,194.49,877,194.57,58899,194.523805
2023-07-20 14:56:00+00:00,194.63,194.65,194.57,820,194.59,74694,194.613746
2023-07-20 14:57:00+00:00,194.52,194.63,194.43,1015,194.63,107611,194.494177
2023-07-20 14:58:00+00:00,194.4481,194.5499,194.39,842,194.53,72636,194.448331
2023-07-20 14:59:00+00:00,194.45,194.55,194.41,943,194.465,90151,194.510675
2023-07-20 15:00:00+00:00,194.21,194.45,194.21,1430,194.445,109487,194.315301
2023-07-20 15:01:00+00:00,194.34,194.36,194.215,1081,194.22,94254,194.259766
2023-07-20 15:02:00+00:00,194.415,194.4699,194.29,1049,194.345,109510,194.37867
2023-07-20 15:03:00+00:00,194.47,194.495,194.39,802,194.4035,75893,194.44608
2023-07-20 15:04:00+00:00,194.65,194.69,194.475,996,194.48,127786,194.59644
2023-07-20 15:05:00+00:00,194.685,194.72,194.6108,994,194.655,167952,194.673774
2023-07-20 15:06:00+00:00,194.665,194.7,194.64,731,194.68,76699,194.67446
2023-07-20 15:07:00+00:00,194.69,194.75,194.66,934,194.665,105929,194.7039
2023-07-20 15:08:00+00:00,194.75,194.78,194.66,1062,194.7,104534,194.728007
2023-07-20 15:09:00+00:00,194.78,194.85,194.75,1186,194.77,84907,194.801165
2023-07-20 15:10:00+00:00,194.88,194.9,194.74,942,194.78,77060,194.858411
2023-07-20 15:11:00+00:00,194.8652,194.965,194.84,961,194.881,101348,194.904542
2023-07-20 15:12:00+00:00,194.87,194.925,194.8309,1102,194.86,103036,194.877553
2023-07-20 15:13:00+00:00,194.7855,194.92,194.785,721,194.86,52718,194.867096
2023-07-20 15:14:00+00:00,194.77,194.79,194.68,845,194.79,76840,194.725155
2023-07-20 15:15:00+00:00,194.74,194.82,194.7118,631,194.77,57540,194.759644
2023-07-20 15:16:00+00:00,194.67,194.74,194.64,959,194.74,93786,194.68858
2023-07-20 15:17:00+00:00,194.59,194.66,194.55,1033,194.65,106227,194.603583
2023-07-20 15:18:00+00:00,194.69,194.72,194.6,759,194.6,61271,194.658271
2023-07-20 15:19:00+00:00,194.7,194.79,194.661,893,194.695,86967,194.733321
2023-07-20 15:20:00+00:00,194.76,194.8,194.71,831,194.71,81029,194.758101
2023-07-20 15:21:00+00:00,194.555,194.775,194.555,1017,194.755,97440,194.657234
2023-07-20 15:22:00+00:00,194.4199,194.6047,194.412,1087,194.55,96340,194.520985
2023-07-20 15:23:00+00:00,194.44,194.48,194.335,1120,194.411,121663,194.403762
2023-07-20 15:24:00+00:00,194.305,194.44,194.3,1194,194.435,107313,194.353581
2023-07-20 15:25:00+00:00,194.42,194.49,194.29,1060,194.3,109452,194.425385
2023-07-20 15:26:00+00:00,194.62,194.6399,194.42,1124,194.43,117745,194.560373
2023-07-20 15:27:00+00:00,194.721,194.721,194.55,1110,194.61,130824,194.64753
2023-07-20 15:28:00+00:00,194.561,194.8,194.561,1032,194.73,113404,194.695679
2023-07-20 15:29:00+00:00,194.6,194.6608,194.53,782,194.56,70392,194.61523
2023-07-20 15:30:00+00:00,194.64,194.69,194.6,799,194.61,74149,194.658781
2023-07-20 15:31:00+00:00,194.6199,194.68,194.55,901,194.6411,72617,194.616933
2023-07-20 15:32:00+00:00,194.65,194.73,194.59,1040,194.61,76130,194.654496
2023-07-20 15:33:00+00:00,194.76,194.77,194.65,630,194.65,73202,194.719576
2023-07-20 15:34:00+00:00,194.76,194.81,194.7,1005,194.76,103391,194.761296
2023-07-20 15:35:00+00:00,194.79,194.86,194.76,920,194.7663,86426,194.81626
2023-07-20 15:36:00+00:00,194.7999,194.81,194.74,733,194.79,74508,194.768577
2023-07-20 15:37:00+00:00,194.9701,194.99,194.78,1308,194.79,127130,194.91087
2023-07-20 15:38:00+00:00,194.97,195.0454,194.95,1419,194.9801,112380,194.99967
2023-07-20 15:39:00+00:00,195.045,195.09,194.955,847,194.96,99634,195.042935
2023-07-20 15:40:00+00:00,195.01,195.05,194.9713,660,195.05,64416,195.010473
2023-07-20 15:41:00+00:00,194.8699,195.015,194.84,823,195.0,86147,194.899295
2023-07-20 15:42:00+00:00,194.885,194.91,194.81,635,194.85,61010,194.866258
2023-07-20 15:43:00+00:00,194.94,194.98,194.8801,816,194.89,79387,194.938473
2023-07-20 15:44:00+00:00,195.0,195.01,194.91,622,194.93,46893,194.970463
2023-07-20 15:45:00+00:00,194.94,195.0199,194.94,542,195.0,48627,194.979992
2023-07-20 15:46:00+00:00,194.81,194.93,194.81,654,194.92,65623,194.882057
2023-07-20 15:47:00+00:00,194.85,194.915,194.73,1315,194.82,95521,194.824557
2023-07-20 15:48:00+00:00,194.8609,194.94,194.84,739,194.8424,62085,194.897542
2023-07-20 15:49:00+00:00,194.8661,194.99,194.84,817,194.87,70271,194.917043
2023-07-20 15:50:00+00:00,194.81,194.8602,194.77,676,194.86,46318,194.820289
2023-07-20 15:51:00+00:00,194.85,194.86,194.77,656,194.82,92369,194.828127
2023-07-20 15:52:00+00:00,195.09,195.09,194.81,1029,194.85,130476,194.930465
2023-07-20 15:53:00+00:00,195.098,195.11,195.04,843,195.0716,92604,195.075013
2023-07-20 15:54:00+00:00,195.03,195.14,195.01,877,195.0997,92406,195.075195
2023-07-20 15:55:00+00:00,194.999,195.04,194.94,829,195.0299,102940,194.99089
2023-07-20 15:56:00+00:00,194.915,195.01,194.9109,688,194.99,64625,194.972611
2023-07-20 15:57:00+00:00,195.0101,195.03,194.88,632,194.91,60350,194.974091
2023-07-20 15:58:00+00:00,194.91,195.04,194.91,504,195.0249,50064,194.982798
2023-07-20 15:59:00+00:00,194.93,194.9599,194.9,490,194.92,210938,194.9225
2023-07-20 16:00:00+00:00,194.93,194.9899,194.905,640,194.94,50881,194.939169
2023-07-20 16:01:00+00:00,194.955,194.96,194.86,681,194.925,48505,194.914575
2023-07-20 16:02:00+00:00,195.13,195.15,194.915,1045,194.95,102438,195.066193
2023-07-20 16:03:00+00:00,195.27,195.2899,195.1201,1097,195.14,136736,195.214075
2023-07-20 16:04:00+00:00,195.28,195.31,195.23,839,195.2712,100386,195.268908
2023-07-20 16:05:00+00:00,195.35,195.35,195.2627,717,195.29,61642,195.306672
2023-07-20 16:06:00+00:00,195.275,195.35,195.27,815,195.35,78465,195.308724
2023-07-20 16:07:00+00:00,195.31,195.3285,195.25,657,195.28,46790,195.285848
2023-07-20 16:08:00+00:00,195.335,195.34,195.26,689,195.31,48373,195.305219
2023-07-20 16:09:00+00:00,195.4099,195.42,195.302,906,195.3399,70843,195.35156
2023-07-20 16:10:00+00:00,195.35,195.43,195.31,790,195.41,84759,195.368781
2023-07-20 16:11:00+00:00,195.41,195.43,195.345,653,195.3499,54746,195.389012
2023-07-20 16:12:00+00:00,195.4811,195.4881,195.36,977,195.4087,95131,195.438119
2023-07-20 16:13:00+00:00,195.47,195.505,195.41,978,195.48,123821,195.459969
2023-07-20 16:14:00+00:00,195.47,195.5313,195.46,807,195.47,73120,195.497625
2023-07-20 16:15:00+00:00,195.4,195.48,195.391,656,195.48,47477,195.433385
2023-07-20 16:16:00+00:00,195.49,195.53,195.39,827,195.41,94694,195.477116
2023-07-20 16:17:00+00:00,195.53,195.55,195.46,771,195.49,88100,195.510658
2023-07-20 16:18:00+00:00,195.39,195.5899,195.33,1414,195.525,145977,195.490049
2023-07-20 16:19:00+00:00,195.3097,195.38,195.29,944,195.38,92291,195.323644
2023-07-20 16:20:00+00:00,195.245,195.3734,195.24,812,195.3,96809,195.302909
2023-07-20 16:21:00+00:00,195.3213,195.405,195.25,627,195.25,57785,195.339528
2023-07-20 16:22:00+00:00,195.06,195.41,194.4,3333,195.33,306277,195.028317
2023-07-20 16:23:00+00:00,194.64,195.12,194.28,10174,195.07,985581,194.621354
2023-07-20 16:24:00+00:00,194.5675,194.6695,194.26,5668,194.63,623700,194.424747
2023-07-20 16:25:00+00:00,194.7966,194.89,194.33,3354,194.57,369960,194.626702
2023-07-20 16:26:00+00:00,194.99,195.13,194.64,2928,194.78,310853,194.894809
2023-07-20 16:27:00+00:00,195.0,195.04,194.74,2732,194.99,288202,194.908601
2023-07-20 16:28:00+00:00,194.83,194.95,194.68,1792,194.95,173014,194.781362
2023-07-20 16:29:00+00:00,194.62,194.91,194.57,1554,194.821,151641,194.738393
2023-07-20 16:30:00+00:00,194.5999,194.68,194.53,1583,194.58,146587,194.599236
2023-07-20 16:31:00+00:00,194.64,194.75,194.5769,1209,194.59,135610,194.658365
2023-07-20 16:32:00+00:00,194.75,194.83,194.62,1323,194.6381,124431,194.714885
2023-07-20 16:33:00+00:00,194.7902,194.87,194.73,1489,194.75,136537,194.789411
2023-07-20 16:34:00+00:00,194.62,194.92,194.6002,1527,194.7806,124306,194.782039
2023-07-20 16:35:00+00:00,194.87,194.895,194.54,1976,194.61,162255,194.687684
2023-07-20 16:36:00+00:00,194.88,194.89,194.79,1095,194.87,90682,194.8416
2023-07-20 16:37:00+00:00,194.65,194.88,194.63,1317,194.87,121297,194.772481
2023-07-20 16:38:00+00:00,194.63,194.6965,194.62,1231,194.66,107870,194.646893
2023-07-20 16:39:00+00:00,194.685,194.7401,194.43,1930,194.64,212237,194.586125
2023-07-20 16:40:00+00:00,194.87,194.98,194.68,1424,194.685,158638,194.834491
2023-07-20 16:41:00+00:00,194.82,194.92,194.8,845,194.8701,88785,194.848138
2023-07-20 16:42:00+00:00,194.92,194.92,194.8102,694,194.83,59347,194.865543
2023-07-20 16:43:00+00:00,194.8999,194.95,194.85,599,194.91,67358,194.900784
2023-07-20 16:44:00+00:00,194.86,194.9278,194.86,590,194.89,55305,194.901058
2023-07-20 16:45:00+00:00,194.81,194.89,194.8,672,194.88,61970,194.862445
2023-07-20 16:46:00+00:00,194.67,194.8599,194.65,784,194.82,79941,194.770334
2023-07-20 16:47:00+00:00,194.6601,194.715,194.5912,691,194.69,67164,194.656615
2023-07-20 16:48:00+00:00,194.66,194.7301,194.61,650,194.67,77256,194.682361
2023-07-20 16:49:00+00:00,194.7201,194.75,194.65,485,194.66,34211,194.700642
2023-07-20 16:50:00+00:00,194.8501,194.93,194.73,950,194.73,91881,194.835383
2023-07-20 16:51:00+00:00,194.825,194.92,194.8102,570,194.855,77624,194.864291
2023-07-20 16:52:00+00:00,194.9109,194.93,194.79,646,194.829,63832,194.842951
2023-07-20 16:53:00+00:00,194.84,194.93,194.84,634,194.915,61605,194.893155
2023-07-20 16:54:00+00:00,194.795,194.89,194.76,558,194.85,44835,194.827221
2023-07-20 16:55:00+00:00,194.6,194.7809,194.6,1029,194.7809,88414,194.676457
2023-07-20 16:56:00+00:00,194.655,194.6699,194.4805,959,194.59,85954,194.576157
2023-07-20 16:57:00+00:00,194.65,194.77,194.62,575,194.66,63474,194.689666
2023-07-20 16:58:00+00:00,194.61,194.67,194.54,540,194.6432,53188,194.58718
2023-07-20 16:59:00+00:00,194.48,194.62,194.47,790,194.6,103924,194.541743
2023-07-20 17:00:00+00:00,194.3,194.475,194.28,1342,194.475,144451,194.378928
2023-07-20 17:01:00+00:00,194.43,194.4601,194.28,999,194.29,112691,194.380427
2023-07-20 17:02:00+00:00,194.3965,194.42,194.32,666,194.41,69858,194.373169
2023-07-20 17:03:00+00:00,194.42,194.43,194.36,483,194.4015,39929,194.403154
2023-07-20 17:04:00+00:00,194.415,194.48,194.3703,626,194.4201,54368,194.424471
2023-07-20 17:05:00+00:00,194.2107,194.415,194.2107,924,194.415,106802,194.30631
2023-07-20 17:06:00+00:00,194.2101,194.26,194.1106,1472,194.2193,168837,194.183868
2023-07-20 17:07:00+00:00,194.265,194.2908,194.11,899,194.215,105963,194.209082
2023-07-20 17:08:00+00:00,194.24,194.32,194.18,711,194.27,64669,194.256305
2023-07-20 17:09:00+00:00,194.09,194.32,194.09,777,194.24,66274,194.192915
2023-07-20 17:10:00+00:00,194.105,194.15,194.08,953,194.095,112820,194.108176
2023-07-20 17:11:00+00:00,194.095,194.1,194.025,823,194.1,93104,194.061304
2023-07-20 17:12:00+00:00,194.2642,194.3,194.0943,785,194.0991,80139,194.210371
2023-07-20 17:13:00+00:00,194.2508,194.3,194.23,575,194.26,55151,194.268273
2023-07-20 17:14:00+00:00,194.19,194.25,194.17,547,194.25,50926,194.213079
2023-07-20 17:15:00+00:00,194.15,194.22,194.15,503,194.18,35835,194.178135
2023-07-20 17:16:00+00:00,194.17,194.27,194.1,878,194.15,100542,194.199707
2023-07-20 17:17:00+00:00,194.1197,194.1887,194.11,592,194.175,113075,194.213314
2023-07-20 17:18:00+00:00,194.12,194.13,194.06,652,194.115,55234,194.093452
2023-07-20 17:19:00+00:00,194.175,194.2,194.1101,481,194.1112,37387,194.166386
2023-07-20 17:20:00+00:00,194.12,194.25,194.1,548,194.175,41249,194.17631
2023-07-20 17:21:00+00:00,194.2401,194.27,194.115,686,194.12,63941,194.226565
2023-07-20 17:22:00+00:00,194.08,194.26,194.07,686,194.2499,54692,194.145539
2023-07-20 17:23:00+00:00,194.08,194.1,194.04,686,194.08,54734,194.07235
2023-07-20 17:24:00+00:00,194.04,194.11,193.97,1848,194.085,163396,194.01874
2023-07-20 17:25:00+00:00,194.05,194.0634,194.0018,580,194.04,65074,194.0379
2023-07-20 17:26:00+00:00,194.04,194.05,193.96,723,194.04,93559,194.004058
2023-07-20 17:27:00+00:00,194.0,194.07,193.88,1207,194.045,102849,193.970756
2023-07-20 17:28:00+00:00,194.13,194.16,193.94,822,194.0023,86520,194.042816
2023-07-20 17:29:00+00:00,194.26,194.3,194.12,945,194.13,95747,194.219838
2023-07-20 17:30:00+00:00,194.19,194.31,194.16,1018,194.25,78374,194.235588
2023-07-20 17:31:00+00:00,194.0984,194.2,194.0516,850,194.2,73537,194.116863
2023-07-20 17:32:00+00:00,194.24,194.24,194.08,644,194.1,47831,194.147734
2023-07-20 17:33:00+00:00,194.36,194.39,194.2,848,194.245,83432,194.284208
2023-07-20 17:34:00+00:00,194.3001,194.34,194.2324,805,194.32,83068,194.294465
2023-07-20 17:35:00+00:00,194.2803,194.3314,194.2693,581,194.2986,53347,194.299412
2023-07-20 17:36:00+00:00,194.3137,194.34,194.26,456,194.29,41306,194.305133
2023-07-20 17:37:00+00:00,194.2431,194.33,194.23,527,194.32,47520,194.28615
2023-07-20 17:38:00+00:00,194.2,194.305,194.18,510,194.2401,42874,194.235838
2023-07-20 17:39:00+00:00,194.0812,194.26,194.07,656,194.2,49914,194.158726
2023-07-20 17:40:00+00:00,194.05,194.11,194.05,759,194.08,55368,194.079743
2023-07-20 17:41:00+00:00,194.0801,194.12,194.0401,564,194.07,45499,194.08186
2023-07-20 17:42:00+00:00,194.0301,194.14,194.0301,583,194.09,37298,194.091206
2023-07-20 17:43:00+00:00,194.0009,194.05,193.96,710,194.035,72273,194.007576
2023-07-20 17:44:00+00:00,194.1,194.11,193.96,534,193.99,51615,194.018932
2023-07-20 17:45:00+00:00,194.18,194.2014,194.08,534,194.1099,51264,194.134223
2023-07-20 17:46:00+00:00,194.2204,194.2691,194.17,549,194.18,62844,194.226131
2023-07-20 17:47:00+00:00,194.29,194.3,194.17,705,194.21,60176,194.246908
2023-07-20 17:48:00+00:00,194.3,194.3,194.25,464,194.285,34880,194.278967
2023-07-20 17:49:00+00:00,194.3495,194.35,194.28,559,194.2901,46747,194.314974
2023-07-20 17:50:00+00:00,194.3799,194.4,194.335,671,194.3496,56799,194.369339
2023-07-20 17:51:00+00:00,194.435,194.45,194.3501,557,194.37,54066,194.414749
2023-07-20 17:52:00+00:00,194.53,194.5478,194.4,1057,194.445,110077,194.475545
2023-07-20 17:53:00+00:00,194.4,194.55,194.3801,655,194.525,65343,194.453581
2023-07-20 17:54:00+00:00,194.35,194.4499,194.34,555,194.41,50723,194.379364
2023-07-20 17:55:00+00:00,194.3294,194.35,194.28,614,194.35,53479,194.316336
2023-07-20 17:56:00+00:00,194.33,194.36,194.25,591,194.33,60582,194.314038
2023-07-20 17:57:00+00:00,194.3301,194.38,194.3,543,194.33,39147,194.339725
2023-07-20 17:58:00+00:00,194.35,194.415,194.33,484,194.33,39303,194.374886
2023-07-20 17:59:00+00:00,194.3099,194.375,194.3,469,194.35,32745,194.333804
2023-07-20 18:00:00+00:00,194.14,194.32,194.1202,962,194.3,92833,194.232946
2023-07-20 18:01:00+00:00,194.17,194.19,194.08,670,194.14,60421,194.129057
2023-07-20 18:02:00+00:00,194.1015,194.2201,194.1,949,194.165,79961,194.150957
2023-07-20 18:03:00+00:00,194.06,194.1199,194.02,648,194.1014,52882,194.066092
2023-07-20 18:04:00+00:00,194.103,194.14,194.04,576,194.05,42803,194.101556
2023-07-20 18:05:00+00:00,194.14,194.14,194.05,572,194.105,38965,194.099979
2023-07-20 18:06:00+00:00,194.24,194.245,194.13,540,194.14,46881,194.188744
2023-07-20 18:07:00+00:00,194.2733,194.295,194.235,646,194.24,74958,194.262293
2023-07-20 18:08:00+00:00,194.3411,194.35,194.26,818,194.28,76378,194.301901
2023-07-20 18:09:00+00:00,194.29,194.36,194.29,488,194.35,42980,194.324475
2023-07-20 18:10:00+00:00,194.205,194.3,194.2,596,194.29,53449,194.24593
2023-07-20 18:11:00+00:00,194.1005,194.2113,194.1,701,194.205,54835,194.144253
2023-07-20 18:12:00+00:00,194.11,194.1509,194.075,945,194.1,98083,194.113502
2023-07-20 18:13:00+00:00,194.12,194.12,194.06,587,194.09,37519,194.091933
2023-07-20 18:14:00+00:00,194.0448,194.15,194.02,618,194.12,46340,194.090255
2023-07-20 18:15:00+00:00,194.01,194.08,193.98,761,194.03,59116,194.033278
2023-07-20 18:16:00+00:00,194.03,194.07,193.9652,953,194.01,85196,194.012519
2023-07-20 18:17:00+00:00,194.005,194.06,194.0,628,194.04,53797,194.029486
2023-07-20 18:18:00+00:00,193.93,194.01,193.905,742,194.0,60393,193.965928
2023-07-20 18:19:00+00:00,193.77,193.9302,193.75,1630,193.93,132123,193.833104
2023-07-20 18:20:00+00:00,193.66,193.77,193.59,1673,193.77,148264,193.660293
2023-07-20 18:21:00+00:00,193.63,193.72,193.61,959,193.66,119157,193.662521
2023-07-20 18:22:00+00:00,193.6,193.71,193.56,1026,193.6601,83272,193.62637
2023-07-20 18:23:00+00:00,193.6046,193.6676,193.58,676,193.6001,57414,193.621813
2023-07-20 18:24:00+00:00,193.455,193.61,193.445,1765,193.61,218664,193.520229
2023-07-20 18:25:00+00:00,193.3399,193.453,193.3109,1332,193.45,110987,193.368014
2023-07-20 18:26:00+00:00,193.32,193.4791,193.27,1383,193.335,139014,193.367319
2023-07-20 18:27:00+00:00,193.245,193.36,193.205,1230,193.33,117962,193.251085
2023-07-20 18:28:00+00:00,193.15,193.25,193.14,1112,193.24,115344,193.197647
2023-07-20 18:29:00+00:00,193.1901,193.23,193.12,909,193.145,93831,193.188295
2023-07-20 18:30:00+00:00,193.31,193.32,193.19,1365,193.19,109725,193.242952
2023-07-20 18:31:00+00:00,193.1921,193.34,193.1061,1310,193.32,138898,193.203686
2023-07-20 18:32:00+00:00,193.23,193.27,193.14,864,193.21,82054,193.204936
2023-07-20 18:33:00+00:00,193.242,193.308,193.22,977,193.22,79958,193.253398
2023-07-20 18:34:00+00:00,193.3,193.31,193.235,945,193.25,71633,193.280813
2023-07-20 18:35:00+00:00,193.35,193.38,193.27,1421,193.3001,130523,193.328095
2023-07-20 18:36:00+00:00,193.32,193.36,193.31,900,193.36,79013,193.337528
2023-07-20 18:37:00+00:00,193.3949,193.44,193.31,1083,193.32,85770,193.379106
2023-07-20 18:38:00+00:00,193.41,193.43,193.3801,715,193.39,59131,193.400314
2023-07-20 18:39:00+00:00,193.3188,193.47,193.29,996,193.41,113059,193.397811
2023-07-20 18:40:00+00:00,193.3441,193.39,193.3,667,193.3399,47424,193.344774
2023-07-20 18:41:00+00:00,193.44,193.44,193.345,673,193.35,48994,193.3902
2023-07-20 18:42:00+00:00,193.39,193.4599,193.36,809,193.44,54105,193.414719
2023-07-20 18:43:00+00:00,193.2543,193.4,193.23,968,193.4,67793,193.295152
2023-07-20 18:44:00+00:00,193.24,193.31,193.22,749,193.245,51321,193.25248
2023-07-20 18:45:00+00:00,193.3749,193.3999,193.2234,1026,193.24,85524,193.344971
2023-07-20 18:46:00+00:00,193.44,193.44,193.36,811,193.37,72216,193.410382
2023-07-20 18:47:00+00:00,193.3699,193.44,193.3699,606,193.44,52067,193.410275
2023-07-20 18:48:00+00:00,193.4109,193.435,193.36,731,193.37,50764,193.402487
2023-07-20 18:49:00+00:00,193.385,193.445,193.341,687,193.4179,50219,193.397631
2023-07-20 18:50:00+00:00,193.36,193.49,193.35,967,193.38,92358,193.42251
2023-07-20 18:51:00+00:00,193.305,193.35,193.21,1002,193.35,80561,193.278968
2023-07-20 18:52:00+00:00,193.3001,193.36,193.29,717,193.3001,50845,193.324788
2023-07-20 18:53:00+00:00,193.25,193.35,193.25,849,193.3,68780,193.30802
2023-07-20 18:54:00+00:00,193.3724,193.38,193.23,783,193.24,60824,193.309552
2023-07-20 18:55:00+00:00,193.3856,193.3856,193.33,658,193.375,53708,193.365476
2023-07-20 18:56:00+00:00,193.38,193.43,193.36,786,193.39,71975,193.391737
2023-07-20 18:57:00+00:00,193.37,193.42,193.3,932,193.385,73401,193.361917
2023-07-20 18:58:00+00:00,193.25,193.37,193.23,912,193.36,78005,193.277694
2023-07-20 18:59:00+00:00,193.27,193.2801,193.225,714,193.24,52225,193.251089
2023-07-20 19:00:00+00:00,193.415,193.42,193.22,947,193.275,82778,193.299012
2023-07-20 19:01:00+00:00,193.315,193.45,193.31,786,193.415,77460,193.376043
2023-07-20 19:02:00+00:00,193.158,193.325,193.13,1220,193.32,161181,193.277061
2023-07-20 19:03:00+00:00,193.23,193.25,193.13,915,193.155,70257,193.17382
2023-07-20 19:04:00+00:00,193.14,193.24,193.11,1147,193.2299,98016,193.149398
2023-07-20 19:05:00+00:00,193.14,193.21,193.12,1017,193.15,86020,193.159577
2023-07-20 19:06:00+00:00,193.21,193.2199,193.12,980,193.14,85048,193.174612
2023-07-20 19:07:00+00:00,193.165,193.27,193.16,1249,193.215,100720,193.220046
2023-07-20 19:08:00+00:00,193.11,193.18,193.11,861,193.16,80827,193.141698
2023-07-20 19:09:00+00:00,193.08,193.16,193.06,1470,193.11,157982,193.093951
2023-07-20 19:10:00+00:00,193.07,193.09,193.02,1188,193.08,107014,193.059668
2023-07-20 19:11:00+00:00,192.95,193.065,192.95,3149,193.06,227744,192.997012
2023-07-20 19:12:00+00:00,193.045,193.05,192.955,1424,192.955,140988,193.061558
2023-07-20 19:13:00+00:00,192.91,193.07,192.88,1453,193.05,144951,192.974373
2023-07-20 19:14:00+00:00,192.96,193.0,192.86,1438,192.9,115764,192.94868
2023-07-20 19:15:00+00:00,192.86,193.01,192.83,1284,192.97,115085,192.909951
2023-07-20 19:16:00+00:00,192.79,192.92,192.781,1292,192.86,116454,192.845402
2023-07-20 19:17:00+00:00,192.7,192.79,192.64,2002,192.78,157194,192.704147
2023-07-20 19:18:00+00:00,192.71,192.82,192.68,1342,192.7,143288,192.745559
2023-07-20 19:19:00+00:00,192.755,192.79,192.7,1226,192.71,109581,192.747432
2023-07-20 19:20:00+00:00,192.78,192.8195,192.74,1042,192.75,105224,192.779455
2023-07-20 19:21:00+00:00,192.8,192.88,192.75,1449,192.78,152411,192.807063
2023-07-20 19:22:00+00:00,192.8,192.865,192.7601,1243,192.8,117156,192.816091
2023-07-20 19:23:00+00:00,192.78,192.81,192.76,1036,192.8,93992,192.788069
2023-07-20 19:24:00+00:00,192.811,192.845,192.78,1050,192.79,72101,192.816038
2023-07-20 19:25:00+00:00,192.84,192.855,192.775,902,192.82,65061,192.809404
2023-07-20 19:26:00+00:00,192.68,192.83,192.67,1488,192.83,147801,192.740307
2023-07-20 19:27:00+00:00,192.62,192.685,192.56,1719,192.68,158649,192.61327
2023-07-20 19:28:00+00:00,192.51,192.625,192.5,1640,192.6,176354,192.566147
2023-07-20 19:29:00+00:00,192.545,192.61,192.495,1723,192.51,168533,192.541805
2023-07-20 19:30:00+00:00,192.76,192.8,192.52,1949,192.545,254859,192.674797
2023-07-20 19:31:00+00:00,192.93,192.93,192.68,1751,192.76,230138,192.785641
2023-07-20 19:32:00+00:00,192.91,193.005,192.89,1547,192.92,178674,192.944514
2023-07-20 19:33:00+00:00,192.9249,192.97,192.865,1065,192.915,90877,192.920269
2023-07-20 19:34:00+00:00,192.97,193.0,192.85,1457,192.935,123278,192.936735
2023-07-20 19:35:00+00:00,193.065,193.08,192.955,1301,192.97,142460,193.022645
2023-07-20 19:36:00+00:00,193.105,193.14,193.035,2056,193.065,211790,193.08334
2023-07-20 19:37:00+00:00,193.2,193.23,193.1,1451,193.105,128486,193.191017
2023-07-20 19:38:00+00:00,193.155,193.23,193.09,1128,193.22,103560,193.134233
2023-07-20 19:39:00+00:00,193.0899,193.182,193.05,1267,193.16,111214,193.101009
2023-07-20 19:40:00+00:00,193.25,193.27,193.07,1247,193.08,103070,193.193102
2023-07-20 19:41:00+00:00,193.225,193.3,193.225,1202,193.2499,100638,193.263173
2023-07-20 19:42:00+00:00,193.2472,193.27,193.17,1220,193.23,99333,193.220627
2023-07-20 19:43:00+00:00,193.2012,193.27,193.2,1347,193.2445,117401,193.234576
2023-07-20 19:44:00+00:00,193.215,193.27,193.151,1643,193.205,134810,193.216422
2023-07-20 19:45:00+00:00,193.14,193.26,193.09,1820,193.21,152985,193.176907
2023-07-20 19:46:00+00:00,193.075,193.18,193.061,1888,193.14,172029,193.114853
2023-07-20 19:47:00+00:00,193.0219,193.15,193.005,1873,193.079,132047,193.061931
2023-07-20 19:48:00+00:00,193.07,193.09,193.025,1879,193.04,156133,193.062481
2023-07-20 19:49:00+00:00,193.05,193.15,193.05,1560,193.065,122299,193.094053
2023-07-20 19:50:00+00:00,193.16,193.2,193.06,3031,193.06,285804,193.129237
2023-07-20 19:51:00+00:00,193.1371,193.165,193.06,2579,193.15,214860,193.099883
2023-07-20 19:52:00+00:00,193.155,193.2,193.03,2576,193.135,215522,193.130397
2023-07-20 19:53:00+00:00,193.205,193.23,193.11,2150,193.155,183675,193.168471
2023-07-20 19:54:00+00:00,193.211,193.34,193.11,4563,193.22,394575,193.220742
2023-07-20 19:55:00+00:00,193.33,193.38,193.16,3706,193.22,342538,193.309114
2023-07-20 19:56:00+00:00,193.255,193.34,193.19,3049,193.33,269692,193.25279
2023-07-20 19:57:00+00:00,193.265,193.32,193.22,2677,193.2501,245635,193.26473
2023-07-20 19:58:00+00:00,193.3,193.34,193.24,4082,193.27,369880,193.288657
2023-07-20 19:59:00+00:00,193.14,193.41,193.13,10797,193.295,1327030,193.297812
2023-07-20 20:00:00+00:00,193.3,193.58,193.13,435,193.14,7009733,193.13351
2023-07-20 20:01:00+00:00,193.23,193.3,193.16,200,193.3,67944,193.165813
2023-07-20 20:02:00+00:00,193.18,193.24,193.16,135,193.22,258748,193.132231
2023-07-20 20:03:00+00:00,193.19,193.2,193.14,122,193.19,9601,193.168797
2023-07-20 20:04:00+00:00,193.2,193.2,193.18,39,193.18,2248,193.192923
2023-07-20 20:05:00+00:00,193.21,193.21,193.21,43,193.21,1538,193.209157
2023-07-20 20:06:00+00:00,193.2,193.21,193.13,80,193.2,10083,193.166474
2023-07-20 20:07:00+00:00,193.02,193.2,193.02,156,193.2,19699,193.1377
2023-07-20 20:08:00+00:00,193.05,193.07,192.98,253,193.03,22607,193.025792
2023-07-20 20:09:00+00:00,193.09,193.09,192.91,153,193.0399,22221,193.051115
2023-07-20 20:10:00+00:00,193.01,193.13,193.0,92,193.03,62485,193.121123
2023-07-20 20:11:00+00:00,193.05,193.05,192.9518,75,193.0,5449,192.999604
2023-07-20 20:12:00+00:00,193.04,193.07,193.0,67,193.0,6756,193.075256
2023-07-20 20:13:00+00:00,193.11,193.13,193.08,88,193.08,5472,193.108395
2023-07-20 20:14:00+00:00,193.06,193.1,193.06,56,193.09,3228,193.080417
2023-07-20 20:15:00+00:00,193.15,193.15,193.04,98,193.05,6386,193.082253
2023-07-20 20:16:00+00:00,193.16,193.16,193.06,109,193.13,30132,193.127577
2023-07-20 20:17:00+00:00,193.19,193.24,193.11,110,193.12,6647,193.164946
2023-07-20 20:18:00+00:00,193.19,193.19,193.11,77,193.19,5558,193.16253
2023-07-20 20:19:00+00:00,193.24,193.25,193.11,95,193.14,8450,193.179993
2023-07-20 20:20:00+00:00,193.24,193.24,193.22,29,193.24,1392,193.236142
2023-07-20 20:21:00+00:00,193.25,193.27,193.21,84,193.25,4665,193.245406
2023-07-20 20:22:00+00:00,193.24,193.24,193.17,46,193.24,2321,193.21666
2023-07-20 20:23:00+00:00,193.25,193.27,193.24,53,193.25,2297,193.248803
2023-07-20 20:24:00+00:00,193.18,193.24,193.18,50,193.24,2574,193.211542
2023-07-20 20:25:00+00:00,193.24,193.25,193.19,52,193.19,2678,193.235094
2023-07-20 20:26:00+00:00,193.2,193.25,193.19,58,193.25,5800,193.171577
2023-07-20 20:27:00+00:00,193.28,193.28,193.22,43,193.22,3500,193.247474
2023-07-20 20:28:00+00:00,193.3,193.3,193.26,28,193.26,1382,193.286233
2023-07-20 20:29:00+00:00,193.19,193.27,193.18,91,193.27,4988,193.21858
2023-07-20 20:30:00+00:00,193.13,193.2,193.13,59,193.2,2513,193.164584
2023-07-20 20:31:00+00:00,193.13,193.19,193.13,45,193.18,1986,193.157002
2023-07-20 20:32:00+00:00,193.06,193.17,193.06,114,193.12,9037,193.109534
2023-07-20 20:33:00+00:00,193.13,193.14,193.13,21,193.14,536,193.137263
2023-07-20 20:34:00+00:00,193.16,193.16,193.07,77,193.14,4318,193.122627
2023-07-20 20:35:00+00:00,193.12,193.15,193.12,50,193.13,2040,193.132543
2023-07-20 20:36:00+00:00,193.13,193.13,193.13,23,193.13,34771,193.130003
2023-07-20 20:37:00+00:00,193.17,193.2,193.12,74,193.12,4609,193.176634
2023-07-20 20:38:00+00:00,193.16,193.17,193.15,32,193.15,1425,193.165115
2023-07-20 20:39:00+00:00,193.22,193.25,193.16,90,193.18,6644,193.19945
2023-07-20 20:40:00+00:00,193.18,193.23,193.18,42,193.23,1621,193.19265
2023-07-20 20:42:00+00:00,193.19,193.21,193.19,40,193.19,1696,193.196908
2023-07-20 20:43:00+00:00,193.15,193.2,193.15,49,193.19,2467,193.170201
2023-07-20 20:44:00+00:00,193.15,193.19,193.15,29,193.17,1523,193.170272
2023-07-20 20:45:00+00:00,193.16,193.16,193.08,74,193.15,2396,193.130758
2023-07-20 20:46:00+00:00,193.13,193.13,193.13,15,193.13,129,193.135736
2023-07-20 20:47:00+00:00,193.06,193.17,193.06,71,193.17,3310,193.113668
2023-07-20 20:48:00+00:00,193.13,193.13,193.07,41,193.07,1854,193.101139
2023-07-20 20:49:00+00:00,193.14,193.14,193.05,76,193.09,4378,193.090679
2023-07-20 20:50:00+00:00,193.14,193.14,193.04,179,193.11,96975,193.12505
2023-07-20 20:51:00+00:00,193.07,193.15,193.07,131,193.12,11126,193.110771
2023-07-20 20:52:00+00:00,193.05,193.13,193.03,116,193.07,7468,193.058023
2023-07-20 20:53:00+00:00,193.05,193.1,193.04,78,193.05,6266,193.061951
2023-07-20 20:54:00+00:00,193.06,193.08,193.06,26,193.08,661,193.072465
2023-07-20 20:55:00+00:00,193.08,193.1,193.03,126,193.05,8897,193.062724
2023-07-20 20:56:00+00:00,193.01,193.05,193.0,68,193.05,3791,193.025621
2023-07-20 20:57:00+00:00,193.01,193.05,193.01,49,193.05,2423,193.029131
2023-07-20 20:58:00+00:00,193.0,193.03,193.0,68,193.03,5653,193.005083
2023-07-20 20:59:00+00:00,192.96,193.0,192.94,62,192.99,10956,192.977712
2023-07-20 21:00:00+00:00,192.95,192.97,192.93,37,192.96,1411,192.979433
2023-07-20 21:01:00+00:00,192.97,192.97,192.95,39,192.95,2413,192.950868
2023-07-20 21:02:00+00:00,192.92,192.97,192.92,68,192.95,3273,192.93237
2023-07-20 21:03:00+00:00,192.97,193.0393,192.92,47,192.96,2543,192.972763
2023-07-20 21:04:00+00:00,192.94,192.99,192.94,39,192.97,1318,192.963148
2023-07-20 21:05:00+00:00,192.94,192.95,192.9,78,192.95,2873,192.926144
2023-07-20 21:06:00+00:00,192.94,192.94,192.91,31,192.91,810,192.298691
2023-07-20 21:07:00+00:00,192.84,192.92,192.84,124,192.92,9598,192.870105
2023-07-20 21:08:00+00:00,192.8,192.9,192.78,112,192.9,6992,192.843604
2023-07-20 21:09:00+00:00,192.94,192.94,192.78,101,192.8,10887,192.84623
2023-07-20 21:11:00+00:00,192.84,192.87,192.84,43,192.87,2065,192.865024
2023-07-20 21:12:00+00:00,192.85,192.85,192.84,31,192.84,770,192.844961
2023-07-20 21:13:00+00:00,192.8233,192.85,192.8233,28,192.85,1975,192.842448
2023-07-20 21:14:00+00:00,192.86,192.86,192.8,99,192.86,6915,192.827509
2023-07-20 21:16:00+00:00,192.8,192.81,192.8,42,192.8013,2133,192.80752
2023-07-20 21:17:00+00:00,192.76,192.8,192.76,32,192.8,997,192.790652
2023-07-20 21:18:00+00:00,192.8,192.82,192.7633,41,192.82,3671,192.79921
2023-07-20 21:19:00+00:00,192.699,192.79,192.66,70,192.79,5758,192.724974
2023-07-20 21:20:00+00:00,192.74,192.74,192.6,65,192.66,5950,192.645061
2023-07-20 21:23:00+00:00,192.72,192.8174,192.72,20,192.72,834,192.754654
2023-07-20 21:24:00+00:00,192.75,192.78,192.75,19,192.78,1853,192.771255
2023-07-20 21:25:00+00:00,192.77,192.77,192.76,25,192.76,1890,192.756845
2023-07-20 21:26:00+00:00,192.87,192.87,192.8,36,192.8,664,192.83622
2023-07-20 21:27:00+00:00,192.89,192.89,192.89,29,192.89,487,192.857183
2023-07-20 21:30:00+00:00,192.78,192.78,192.78,22,192.78,464,192.792651
2023-07-20 21:32:00+00:00,192.89,192.89,192.79,31,192.79,857,192.854393
2023-07-20 21:33:00+00:00,192.78,192.78,192.78,21,192.78,393,192.79303
2023-07-20 21:34:00+00:00,192.8855,192.8855,192.8855,45,192.8855,463,192.870541
2023-07-20 21:35:00+00:00,192.83,192.86,192.83,36,192.86,661,192.842836
2023-07-20 21:36:00+00:00,192.83,192.84,192.83,36,192.84,3485,192.828135
2023-07-20 21:37:00+00:00,192.75,192.75,192.75,22,192.75,504,192.752123
2023-07-20 21:38:00+00:00,192.79,192.8238,192.79,88,192.8238,1004,192.821031
2023-07-20 21:39:00+00:00,192.83,192.83,192.83,19,192.83,485,192.837715
2023-07-20 21:40:00+00:00,192.95,192.95,192.85,83,192.85,2504,192.882438
2023-07-20 21:43:00+00:00,192.95,192.95,192.95,36,192.95,166,192.944398
2023-07-20 21:44:00+00:00,192.94,193.0,192.89,71,192.89,9156,192.907489
2023-07-20 21:45:00+00:00,192.89,192.9,192.89,40,192.89,6227,192.890053
2023-07-20 21:46:00+00:00,192.89,192.92,192.89,30,192.92,1317,192.907578
2023-07-20 21:48:00+00:00,192.92,192.92,192.89,34,192.89,1569,192.911294
2023-07-20 21:49:00+00:00,192.92,192.92,192.91,23,192.91,559,192.915371
2023-07-20 21:52:00+00:00,192.9,192.9,192.9,15,192.9,332,192.906717
2023-07-20 21:55:00+00:00,192.91,192.91,192.91,11,192.91,208,192.909832
2023-07-20 21:56:00+00:00,192.9,192.9,192.9,16,192.9,354,192.901257
2023-07-20 21:59:00+00:00,192.92,192.92,192.91,17,192.91,379,192.912243
2023-07-20 22:00:00+00:00,192.9,192.9,192.9,26,192.9,805,192.895994
2023-07-20 22:01:00+00:00,192.89,192.89,192.89,30,192.89,439,192.907096
2023-07-20 22:02:00+00:00,192.92,192.92,192.9,48,192.9,2559,192.912259
2023-07-20 22:04:00+00:00,192.99,192.99,192.98,25,192.98,2042,192.988697
2023-07-20 22:07:00+00:00,193.0376,193.0376,192.94,57,192.94,1436,192.982274
2023-07-20 22:14:00+00:00,193.04,193.04,193.0042,38,193.01,2852,193.022916
2023-07-20 22:16:00+00:00,193.02,193.02,193.02,17,193.02,407,193.0157
2023-07-20 22:17:00+00:00,193.08,193.12,193.03,57,193.03,3517,193.068543
2023-07-20 22:21:00+00:00,193.12,193.12,193.12,22,193.12,645,193.103163
2023-07-20 22:23:00+00:00,193.1,193.1,193.1,14,193.1,518,193.099073
2023-07-20 22:25:00+00:00,193.0403,193.0403,193.0403,13,193.0403,555,193.047946
2023-07-20 22:26:00+00:00,193.0404,193.07,193.0404,20,193.07,352,193.051756
2023-07-20 22:27:00+00:00,193.0853,193.0853,193.0853,19,193.0853,300,193.078799
2023-07-20 22:28:00+00:00,193.0702,193.15,193.0702,64,193.08,5820,193.082516
2023-07-20 22:29:00+00:00,193.05,193.13,193.05,27,193.13,979,193.096966
2023-07-20 22:30:00+00:00,193.14,193.14,193.0,123,193.07,5718,193.08778
2023-07-20 22:31:00+00:00,193.05,193.05,193.01,64,193.01,6155,193.037849
2023-07-20 22:32:00+00:00,193.0163,193.0163,193.01,18,193.01,1225,193.011473
2023-07-20 22:33:00+00:00,193.0,193.0109,193.0,87,193.0109,2860,193.00208
2023-07-20 22:34:00+00:00,193.0,193.05,192.98,72,193.05,3184,193.008062
2023-07-20 22:35:00+00:00,192.91,192.99,192.91,56,192.99,3078,192.961157
2023-07-20 22:36:00+00:00,192.96,192.96,192.866,52,192.91,3247,192.937176
2023-07-20 22:37:00+00:00,192.93,192.95,192.8645,37,192.95,1531,192.943119
2023-07-20 22:38:00+00:00,192.82,192.97,192.82,95,192.9,4756,192.890529
2023-07-20 22:39:00+00:00,192.95,192.95,192.8,105,192.83,7743,192.891214
2023-07-20 22:41:00+00:00,192.9,192.9,192.83,36,192.8318,1521,192.851602
2023-07-20 22:42:00+00:00,192.9,192.9,192.83,37,192.83,3201,192.850313
2023-07-20 22:43:00+00:00,192.93,192.93,192.9,83,192.9,2098,192.910753
2023-07-20 22:44:00+00:00,192.87,192.88,192.84,25,192.88,1268,192.872689
2023-07-20 22:45:00+00:00,192.9274,192.9274,192.83,43,192.83,3661,192.894527
2023-07-20 22:46:00+00:00,192.87,192.87,192.87,32,192.87,654,192.895138
2023-07-20 22:47:00+00:00,192.99,192.99,192.84,57,192.9,3484,192.924063
2023-07-20 22:48:00+00:00,192.9,192.9,192.9,19,192.9,564,192.907411
2023-07-20 22:49:00+00:00,192.8304,192.87,192.8304,23,192.87,2236,192.845352
2023-07-20 22:50:00+00:00,192.95,192.95,192.8402,17,192.8402,395,192.909772
2023-07-20 22:51:00+00:00,192.952,192.97,192.9,36,192.9682,3472,192.949425
2023-07-20 22:52:00+00:00,192.952,192.952,192.952,16,192.952,840,192.910545
2023-07-20 22:53:00+00:00,192.98,192.98,192.9,46,192.94,3304,192.950854
2023-07-20 22:54:00+00:00,192.8802,192.9668,192.8802,15,192.9668,264,192.927481
2023-07-20 22:55:00+00:00,192.98,192.98,192.97,35,192.97,1350,192.972344
2023-07-20 22:56:00+00:00,193.0,193.0,192.98,40,192.98,1750,192.987197
2023-07-20 22:57:00+00:00,193.0,193.0,193.0,13,193.0,197,192.978274
2023-07-20 22:58:00+00:00,193.04,193.05,192.95,59,192.95,2639,193.021358
2023-07-20 22:59:00+00:00,193.0,193.05,192.95,24,193.04,1186,192.998002
2023-07-20 23:00:00+00:00,193.09,193.09,193.04,34,193.04,2394,193.062312
2023-07-20 23:01:00+00:00,193.0,193.06,193.0,28,193.06,786,193.019249
2023-07-20 23:04:00+00:00,193.09,193.09,193.09,22,193.09,532,193.082265
2023-07-20 23:05:00+00:00,193.04,193.05,192.99,32,193.01,1411,193.021828
2023-07-20 23:06:00+00:00,193.0,193.0,193.0,12,193.0,190,192.990368
2023-07-20 23:07:00+00:00,193.0,193.0,192.99,29,193.0,809,192.996879
2023-07-20 23:08:00+00:00,192.9,193.0,192.9,56,193.0,4564,192.938222
2023-07-20 23:09:00+00:00,192.87,192.87,192.87,31,192.87,774,192.872875
2023-07-20 23:10:00+00:00,192.9,192.9,192.89,26,192.89,2011,192.898762
2023-07-20 23:11:00+00:00,192.9,192.9,192.9,33,192.9,2873,192.899325
2023-07-20 23:12:00+00:00,192.86,192.87,192.86,17,192.87,480,192.876083
2023-07-20 23:13:00+00:00,193.05,193.05,192.86,46,192.89,2314,192.943764
2023-07-20 23:15:00+00:00,192.91,193.03,192.9,51,192.95,4985,192.914529
2023-07-20 23:18:00+00:00,192.87,192.87,192.87,19,192.87,645,192.87494
2023-07-20 23:19:00+00:00,192.85,192.88,192.85,25,192.88,1204,192.864449
2023-07-20 23:20:00+00:00,192.85,192.9,192.85,15,192.9,850,192.869194
2023-07-20 23:21:00+00:00,192.88,192.88,192.87,29,192.87,759,192.869554
2023-07-20 23:23:00+00:00,192.81,192.85,192.81,37,192.85,748,192.835094
2023-07-20 23:24:00+00:00,192.76,192.82,192.76,16,192.82,272,192.795496
2023-07-20 23:25:00+00:00,192.8,192.82,192.76,24,192.82,3332,192.7763
2023-07-20 23:26:00+00:00,192.76,192.77,192.6,77,192.77,4798,192.720951
2023-07-20 23:27:00+00:00,192.77,192.77,192.77,23,192.77,674,192.766869
2023-07-20 23:28:00+00:00,192.8,192.8,192.8,16,192.8,1082,192.798022
2023-07-20 23:29:00+00:00,192.76,192.8,192.76,20,192.8,754,192.785212
2023-07-20 23:30:00+00:00,192.86,192.86,192.84,24,192.84,953,192.841679
2023-07-20 23:31:00+00:00,192.8,192.86,192.8,13,192.86,601,192.825932
2023-07-20 23:32:00+00:00,192.9,192.9,192.81,41,192.86,2556,192.868241
2023-07-20 23:36:00+00:00,192.75,192.85,192.75,36,192.85,928,192.812807
2023-07-20 23:37:00+00:00,192.7,192.76,192.62,105,192.76,8241,192.703834
2023-07-20 23:39:00+00:00,192.7,192.7,192.7,32,192.7,1216,192.70111
2023-07-20 23:40:00+00:00,192.7,192.77,192.7,23,192.77,619,192.733764
2023-07-20 23:44:00+00:00,192.62,192.6701,192.62,63,192.6701,4291,192.647405
2023-07-20 23:45:00+00:00,192.62,192.63,192.62,25,192.63,680,192.634632
2023-07-20 23:46:00+00:00,192.66,192.66,192.62,39,192.62,1734,192.63404
2023-07-20 23:47:00+00:00,192.7,192.7,192.66,49,192.66,1365,192.670612
2023-07-20 23:48:00+00:00,192.7,192.7,192.66,40,192.66,879,192.684084
2023-07-20 23:49:00+00:00,192.63,192.7,192.62,42,192.68,2872,192.645571
2023-07-20 23:50:00+00:00,192.64,192.67,192.64,38,192.67,1268,192.658052
2023-07-20 23:51:00+00:00,192.66,192.74,192.66,44,192.69,1056,192.707348
2023-07-20 23:53:00+00:00,192.67,192.73,192.67,46,192.7,2068,192.699202
2023-07-20 23:55:00+00:00,192.69,192.7,192.69,24,192.7,1473,192.689555
2023-07-20 23:56:00+00:00,192.66,192.67,192.65,37,192.67,1011,192.661687
2023-07-20 23:57:00+00:00,192.68,192.68,192.64,55,192.65,1280,192.668133
2023-07-20 23:58:00+00:00,192.9,192.9,192.67,114,192.69,7462,192.801618
2023-07-20 23:59:00+00:00,192.99,192.99,192.9,58,192.9,4135,192.94916
