timestamp,close,high,low,trade_count,open,volume,vwap
2023-10-09 08:00:00+00:00,175.96,176.3,175.73,126,176.0,4378,176.000302
2023-10-09 08:01:00+00:00,176.01,176.01,176.0,61,176.0,1978,176.021537
2023-10-09 08:02:00+00:00,176.0,176.01,175.97,51,176.01,4579,175.996672
2023-10-09 08:03:00+00:00,176.2,176.2,176.06,53,176.06,1707,176.123562
2023-10-09 08:04:00+00:00,176.02,176.02,176.02,17,176.02,1067,176.030984
2023-10-09 08:05:00+00:00,176.02,176.02,176.02,7,176.02,287,175.997491
2023-10-09 08:07:00+00:00,175.95,175.95,175.95,23,175.95,938,175.951994
2023-10-09 08:08:00+00:00,175.86,175.95,175.86,34,175.95,1536,175.885404
2023-10-09 08:09:00+00:00,175.75,175.82,175.75,48,175.82,1992,175.775151
2023-10-09 08:10:00+00:00,175.91,175.91,175.91,30,175.91,1839,175.900174
2023-10-09 08:14:00+00:00,175.78,175.78,175.77,24,175.77,645,175.771178
2023-10-09 08:15:00+00:00,175.88,175.88,175.88,36,175.88,779,175.843659
2023-10-09 08:16:00+00:00,175.95,175.95,175.78,27,175.78,969,175.894788
2023-10-09 08:19:00+00:00,175.89,175.89,175.89,12,175.89,408,175.883309
2023-10-09 08:24:00+00:00,175.8,175.85,175.8,26,175.85,1594,175.828193
2023-10-09 08:25:00+00:00,175.8,175.8,175.8,22,175.8,1271,175.797372
2023-10-09 08:26:00+00:00,175.78,175.78,175.78,6,175.78,137,175.775036
2023-10-09 08:29:00+00:00,175.8,175.8,175.8,10,175.8,557,175.803052
2023-10-09 08:30:00+00:00,175.81,175.81,175.81,21,175.81,591,175.823875
2023-10-09 08:33:00+00:00,175.94,175.94,175.92,22,175.92,857,175.920408
2023-10-09 08:36:00+00:00,175.95,175.95,175.95,22,175.95,552,175.934764
2023-10-09 08:37:00+00:00,176.03,176.03,175.93,67,175.93,2399,175.993439
2023-10-09 08:38:00+00:00,175.98,176.0,175.98,27,176.0,1101,175.990309
2023-10-09 08:39:00+00:00,176.07,176.07,176.04,24,176.04,1592,176.042632
2023-10-09 08:40:00+00:00,176.08,176.08,176.07,18,176.07,1259,176.064361
2023-10-09 08:41:00+00:00,176.04,176.06,176.04,6,176.06,407,176.044644
2023-10-09 08:45:00+00:00,176.03,176.08,176.03,10,176.08,603,176.043914
2023-10-09 08:48:00+00:00,176.03,176.08,176.03,27,176.08,1486,176.071231
2023-10-09 08:49:00+00:00,176.07,176.07,176.0,26,176.07,1468,176.051989
2023-10-09 08:51:00+00:00,176.07,176.07,176.07,6,176.07,116,176.070345
2023-10-09 08:52:00+00:00,176.1,176.1,176.1,19,176.1,751,176.105406
2023-10-09 08:53:00+00:00,176.14,176.15,176.14,19,176.15,1215,176.148856
2023-10-09 08:56:00+00:00,176.14,176.14,176.14,15,176.14,677,176.137223
2023-10-09 08:58:00+00:00,176.18,176.18,176.18,8,176.18,166,176.184096
2023-10-09 09:00:00+00:00,176.1,176.1,176.1,23,176.1,983,176.096826
2023-10-09 09:01:00+00:00,176.04,176.04,176.04,6,176.04,129,176.040465
2023-10-09 09:07:00+00:00,176.15,176.15,176.15,36,176.15,911,176.160735
2023-10-09 09:09:00+00:00,176.17,176.17,176.17,6,176.17,191,176.150628
2023-10-09 09:10:00+00:00,176.13,176.15,176.13,8,176.15,332,176.138614
2023-10-09 09:12:00+00:00,176.05,176.1,176.05,25,176.1,1007,176.072185
2023-10-09 09:13:00+00:00,176.08,176.08,176.08,7,176.08,218,176.077477
2023-10-09 09:14:00+00:00,176.06,176.06,176.06,19,176.06,1276,176.053871
2023-10-09 09:17:00+00:00,176.11,176.11,176.09,15,176.1,1561,176.096534
2023-10-09 09:38:00+00:00,176.0,176.01,176.0,43,176.01,1679,175.999613
2023-10-09 09:40:00+00:00,175.9,175.9,175.9,25,175.9,1440,175.910083
2023-10-09 09:43:00+00:00,175.9,175.9,175.9,11,175.9,230,175.913087
2023-10-09 09:50:00+00:00,175.85,175.86,175.85,32,175.86,2917,175.852712
2023-10-09 09:51:00+00:00,175.85,175.85,175.84,17,175.84,2409,175.848161
2023-10-09 09:52:00+00:00,175.88,175.88,175.87,13,175.88,866,175.878637
2023-10-09 10:02:00+00:00,176.0,176.0,175.99,32,175.99,1622,175.993101
2023-10-09 10:03:00+00:00,176.04,176.04,176.04,11,176.04,638,176.031975
2023-10-09 10:05:00+00:00,176.06,176.06,176.06,24,176.06,931,176.050258
2023-10-09 10:06:00+00:00,176.15,176.15,176.07,86,176.07,6319,176.123846
2023-10-09 10:07:00+00:00,176.1,176.15,176.05,37,176.15,1806,176.098128
2023-10-09 10:08:00+00:00,176.14,176.14,176.14,17,176.14,640,176.138156
2023-10-09 10:10:00+00:00,176.13,176.13,176.13,7,176.13,334,176.131617
2023-10-09 10:11:00+00:00,176.14,176.14,176.14,7,176.14,356,176.14
2023-10-09 10:13:00+00:00,176.2,176.2,176.19,34,176.19,1299,176.188237
2023-10-09 10:14:00+00:00,176.2,176.2,176.2,49,176.2,2371,176.213906
2023-10-09 10:16:00+00:00,176.3,176.3,176.28,18,176.28,537,176.288547
2023-10-09 10:17:00+00:00,176.26,176.26,176.26,11,176.26,572,176.270524
2023-10-09 10:19:00+00:00,176.28,176.28,176.28,52,176.28,2833,176.281013
2023-10-09 10:20:00+00:00,176.28,176.28,176.28,30,176.28,1665,176.282474
2023-10-09 10:23:00+00:00,176.35,176.35,176.35,33,176.35,710,176.343479
2023-10-09 10:25:00+00:00,176.22,176.22,176.22,5,176.22,390,176.226154
2023-10-09 10:28:00+00:00,176.15,176.2,176.15,22,176.2,641,176.18376
2023-10-09 10:29:00+00:00,176.16,176.16,176.16,8,176.16,232,176.153362
2023-10-09 10:31:00+00:00,176.18,176.18,176.18,18,176.18,768,176.174401
2023-10-09 10:32:00+00:00,176.14,176.14,176.14,10,176.14,410,176.14
2023-10-09 10:33:00+00:00,176.15,176.15,176.15,9,176.15,271,176.147565
2023-10-09 10:36:00+00:00,176.21,176.21,176.2,15,176.2,1010,176.197089
2023-10-09 10:38:00+00:00,176.18,176.18,176.18,17,176.18,556,176.182878
2023-10-09 10:44:00+00:00,176.15,176.16,176.15,28,176.16,1384,176.1544
2023-10-09 10:48:00+00:00,176.1,176.15,176.1,37,176.15,7332,176.130634
2023-10-09 10:51:00+00:00,176.07,176.1,176.07,14,176.09,1874,176.083645
2023-10-09 10:52:00+00:00,176.1,176.1,176.1,14,176.1,1706,176.098658
2023-10-09 10:54:00+00:00,176.03,176.04,176.03,6,176.04,1073,176.033774
2023-10-09 10:55:00+00:00,176.04,176.07,176.04,16,176.07,617,176.054538
2023-10-09 10:57:00+00:00,176.0,176.04,176.0,37,176.04,3502,176.019315
2023-10-09 11:00:00+00:00,176.03,176.03,175.98,138,175.98,4395,176.012234
2023-10-09 11:01:00+00:00,176.05,176.08,176.05,62,176.07,2566,176.073472
2023-10-09 11:02:00+00:00,176.06,176.06,176.01,20,176.05,1830,176.045989
2023-10-09 11:03:00+00:00,176.03,176.05,176.0,52,176.01,2176,176.029375
2023-10-09 11:04:00+00:00,176.0,176.02,176.0,50,176.02,1942,176.007024
2023-10-09 11:05:00+00:00,175.9,175.95,175.9,52,175.95,1701,175.945326
2023-10-09 11:06:00+00:00,176.03,176.03,176.0,81,176.0,5932,176.017945
2023-10-09 11:07:00+00:00,175.88,176.03,175.88,103,176.03,14297,175.995261
2023-10-09 11:08:00+00:00,175.96,175.96,175.96,9,175.96,235,175.95834
2023-10-09 11:09:00+00:00,175.98,175.98,175.98,26,175.98,797,175.994304
2023-10-09 11:11:00+00:00,176.06,176.06,176.06,38,176.06,1396,176.055315
2023-10-09 11:12:00+00:00,176.01,176.05,176.01,18,176.05,1041,176.034861
2023-10-09 11:13:00+00:00,176.05,176.05,176.02,27,176.02,1133,176.03925
2023-10-09 11:14:00+00:00,176.05,176.06,176.05,16,176.05,857,176.054026
2023-10-09 11:15:00+00:00,176.0,176.06,176.0,72,176.06,5352,176.03117
2023-10-09 11:16:00+00:00,176.0,176.0,176.0,23,176.0,1409,176.005947
2023-10-09 11:17:00+00:00,175.86,176.0,175.86,99,176.0,5373,175.928001
2023-10-09 11:18:00+00:00,175.86,175.86,175.86,19,175.86,483,175.860145
2023-10-09 11:19:00+00:00,175.85,175.87,175.85,17,175.87,581,175.859518
2023-10-09 11:20:00+00:00,175.89,175.89,175.89,8,175.89,149,175.885973
2023-10-09 11:21:00+00:00,175.85,175.91,175.85,39,175.86,2623,175.88682
2023-10-09 11:23:00+00:00,176.01,176.01,176.01,16,176.01,443,176.006795
2023-10-09 11:24:00+00:00,175.98,176.03,175.98,49,176.01,2992,176.005605
2023-10-09 11:26:00+00:00,175.98,176.0,175.98,30,176.0,2218,175.986637
2023-10-09 11:28:00+00:00,175.95,175.95,175.95,13,175.95,324,175.979198
2023-10-09 11:29:00+00:00,175.99,175.99,175.99,12,175.99,504,175.990595
2023-10-09 11:30:00+00:00,175.99,175.99,175.99,33,175.99,1115,175.95852
2023-10-09 11:31:00+00:00,175.9,175.92,175.9,14,175.92,462,175.912013
2023-10-09 11:34:00+00:00,175.95,175.95,175.95,10,175.95,603,175.951692
2023-10-09 11:36:00+00:00,176.0,176.0,176.0,35,176.0,1081,175.982118
2023-10-09 11:38:00+00:00,175.95,175.95,175.95,4,175.95,154,175.956494
2023-10-09 11:39:00+00:00,175.92,175.95,175.92,22,175.95,1071,175.932521
2023-10-09 11:41:00+00:00,175.91,175.92,175.91,28,175.92,1228,175.910033
2023-10-09 11:43:00+00:00,175.92,175.92,175.92,32,175.92,3191,175.920263
2023-10-09 11:44:00+00:00,175.85,175.9,175.85,29,175.89,1062,175.886714
2023-10-09 11:51:00+00:00,175.89,175.9,175.89,22,175.9,1521,175.897278
2023-10-09 11:52:00+00:00,175.95,175.95,175.93,53,175.94,2388,175.947521
2023-10-09 11:53:00+00:00,175.94,175.94,175.94,9,175.94,1223,175.94018
2023-10-09 11:54:00+00:00,175.93,175.93,175.93,64,175.93,2312,175.939087
2023-10-09 11:55:00+00:00,175.98,175.98,175.98,16,175.98,495,175.977111
2023-10-09 11:57:00+00:00,175.98,175.98,175.98,26,175.98,1050,175.980095
2023-10-09 11:58:00+00:00,175.98,175.98,175.98,16,175.98,673,175.980297
2023-10-09 11:59:00+00:00,176.01,176.03,176.0,75,176.0,2476,176.013489
2023-10-09 12:00:00+00:00,176.0,176.15,175.82,469,175.94,63532,175.985372
2023-10-09 12:01:00+00:00,175.79,176.19,175.6,633,175.86,8634,175.957118
2023-10-09 12:02:00+00:00,176.12,176.15,175.54,267,175.74,8452,175.763323
2023-10-09 12:03:00+00:00,175.54,176.1,175.5,189,175.54,4644,175.85413
2023-10-09 12:04:00+00:00,176.15,176.15,175.65,39,175.65,918,175.948971
2023-10-09 12:05:00+00:00,176.16,176.16,176.15,32,176.15,3873,176.148214
2023-10-09 12:08:00+00:00,176.25,176.25,176.02,83,176.02,5080,176.737056
2023-10-09 12:09:00+00:00,176.315,176.315,176.2,25,176.26,721,176.255118
2023-10-09 12:10:00+00:00,176.29,176.34,176.2502,31,176.28,1884,176.287702
2023-10-09 12:11:00+00:00,176.3,176.3486,176.25,57,176.25,1635,176.292823
2023-10-09 12:12:00+00:00,176.38,176.38,176.31,54,176.31,5586,176.352571
2023-10-09 12:13:00+00:00,176.38,176.4,176.38,45,176.4,1851,176.381096
2023-10-09 12:14:00+00:00,176.36,176.38,176.36,24,176.38,1038,176.353538
2023-10-09 12:15:00+00:00,176.32,176.36,176.32,32,176.36,1153,176.34431
2023-10-09 12:16:00+00:00,176.35,176.36,176.35,32,176.35,1129,176.347688
2023-10-09 12:18:00+00:00,176.2123,176.25,176.2123,34,176.25,1519,176.244349
2023-10-09 12:19:00+00:00,176.34,176.34,176.25,46,176.25,2518,176.282667
2023-10-09 12:20:00+00:00,176.3,176.3,176.3,14,176.3,265,176.291057
2023-10-09 12:21:00+00:00,176.15,176.22,176.15,90,176.22,4718,176.198329
2023-10-09 12:22:00+00:00,176.1,176.2,176.1,163,176.13,7758,176.140189
2023-10-09 12:23:00+00:00,176.1,176.14,176.0,108,176.0,5979,176.04807
2023-10-09 12:24:00+00:00,176.0101,176.1,176.01,61,176.1,4536,176.058825
2023-10-09 12:25:00+00:00,176.1,176.11,176.0,84,176.05,6557,176.077675
2023-10-09 12:26:00+00:00,176.1,176.1,176.1,43,176.1,1012,176.083972
2023-10-09 12:27:00+00:00,176.3497,176.3497,176.2,83,176.23,4544,176.257941
2023-10-09 12:28:00+00:00,176.34,176.34,176.2,40,176.2,1396,176.307778
2023-10-09 12:29:00+00:00,176.24,176.24,176.24,17,176.24,501,176.241836
2023-10-09 12:30:00+00:00,176.2,176.33,176.2,62,176.22,8108,176.229897
2023-10-09 12:31:00+00:00,176.2,176.2898,176.2,22,176.2001,2264,176.240468
2023-10-09 12:32:00+00:00,176.42,176.43,176.25,230,176.25,18582,176.345366
2023-10-09 12:33:00+00:00,176.44,176.4899,176.37,165,176.4,24112,176.432704
2023-10-09 12:34:00+00:00,176.38,176.44,176.34,41,176.44,2492,176.370339
2023-10-09 12:35:00+00:00,176.33,176.35,176.33,21,176.33,1000,176.340875
2023-10-09 12:36:00+00:00,176.35,176.35,176.3,67,176.33,3657,176.323975
2023-10-09 12:37:00+00:00,176.31,176.31,176.22,135,176.3,4465,176.259918
2023-10-09 12:38:00+00:00,176.17,176.25,176.15,91,176.25,3941,176.192337
2023-10-09 12:39:00+00:00,176.14,176.19,176.14,37,176.19,1283,176.165004
2023-10-09 12:40:00+00:00,176.13,176.19,176.09,151,176.15,7398,176.126171
2023-10-09 12:41:00+00:00,176.17,176.22,176.13,53,176.22,1948,176.175298
2023-10-09 12:42:00+00:00,176.15,176.2,176.15,33,176.15,3149,176.156499
2023-10-09 12:43:00+00:00,176.12,176.15,176.12,50,176.15,1248,176.146379
2023-10-09 12:44:00+00:00,176.17,176.17,176.1,102,176.11,3298,176.152166
2023-10-09 12:46:00+00:00,176.35,176.35,176.15,96,176.15,3905,176.217161
2023-10-09 12:47:00+00:00,176.23,176.4,176.23,65,176.34,3271,176.352053
2023-10-09 12:48:00+00:00,176.26,176.26,176.26,19,176.26,445,176.256562
2023-10-09 12:49:00+00:00,176.24,176.35,176.24,24,176.35,306,176.284248
2023-10-09 12:51:00+00:00,176.33,176.33,176.33,19,176.33,214,176.320888
2023-10-09 12:52:00+00:00,176.24,176.24,176.24,21,176.24,557,176.243501
2023-10-09 12:53:00+00:00,176.24,176.27,176.24,65,176.24,6812,176.243832
2023-10-09 12:54:00+00:00,176.32,176.32,176.3,30,176.3,3388,176.305
2023-10-09 12:55:00+00:00,176.3,176.32,176.3,36,176.32,870,176.308885
2023-10-09 12:56:00+00:00,176.2589,176.2589,176.2589,12,176.2589,355,176.302254
2023-10-09 12:57:00+00:00,176.3,176.3,176.3,27,176.3,1335,176.306802
2023-10-09 12:58:00+00:00,176.3387,176.3387,176.3,38,176.3,1578,176.303479
2023-10-09 13:00:00+00:00,176.96,176.96,176.35,374,176.35,14255,176.607516
2023-10-09 13:01:00+00:00,176.82,176.93,176.7,71,176.93,4263,176.827939
2023-10-09 13:02:00+00:00,176.81,176.99,176.8,109,176.89,6105,176.854529
2023-10-09 13:03:00+00:00,176.76,176.76,176.6,128,176.62,9619,176.667043
2023-10-09 13:04:00+00:00,176.7,176.7,176.62,86,176.62,2488,176.704051
2023-10-09 13:05:00+00:00,176.6208,176.75,176.6208,24,176.75,1548,176.715219
2023-10-09 13:06:00+00:00,176.68,176.68,176.68,47,176.68,1630,176.677987
2023-10-09 13:07:00+00:00,176.66,176.66,176.62,37,176.62,2504,176.625455
2023-10-09 13:08:00+00:00,176.5873,176.5873,176.5786,47,176.5786,1051,176.63742
2023-10-09 13:09:00+00:00,176.75,176.75,176.64,76,176.64,2665,176.687565
2023-10-09 13:10:00+00:00,176.81,176.81,176.7601,87,176.78,2463,176.789279
2023-10-09 13:11:00+00:00,176.84,176.9326,176.83,55,176.84,2908,176.873061
2023-10-09 13:12:00+00:00,176.86,176.89,176.76,76,176.86,2797,176.804895
2023-10-09 13:13:00+00:00,176.8286,176.8286,176.8286,27,176.8286,494,176.838501
2023-10-09 13:14:00+00:00,176.8,176.83,176.76,132,176.76,6715,176.796412
2023-10-09 13:15:00+00:00,176.76,176.85,176.76,41,176.8,1656,176.806244
2023-10-09 13:16:00+00:00,176.76,176.8591,176.76,85,176.84,3549,176.812629
2023-10-09 13:17:00+00:00,176.76,176.8,176.76,69,176.76,5556,176.767599
2023-10-09 13:18:00+00:00,176.8,176.8,176.76,39,176.76,1755,176.786268
2023-10-09 13:19:00+00:00,176.84,176.86,176.84,64,176.86,1270,176.827209
2023-10-09 13:20:00+00:00,176.85,176.88,176.81,38,176.85,5254,176.848617
2023-10-09 13:21:00+00:00,176.85,176.87,176.81,62,176.81,2071,176.853822
2023-10-09 13:22:00+00:00,177.05,177.07,176.8,389,176.8,21581,176.960539
2023-10-09 13:23:00+00:00,177.14,177.14,177.03,126,177.05,7954,177.079524
2023-10-09 13:24:00+00:00,176.97,177.14,176.85,204,177.14,13679,177.026015
2023-10-09 13:25:00+00:00,176.81,176.84,176.73,200,176.75,26986,176.765934
2023-10-09 13:26:00+00:00,176.85,176.98,176.6394,152,176.77,8129,176.818185
2023-10-09 13:27:00+00:00,176.85,177.0,176.7,67,176.78,6655,176.838726
2023-10-09 13:28:00+00:00,176.91,177.0,176.9,61,176.9,4212,176.931447
2023-10-09 13:29:00+00:00,176.8,177.0,176.8,156,177.0,12610,176.931811
2023-10-09 13:30:00+00:00,176.7046,176.87,176.47,7723,176.8,754884,176.789543
2023-10-09 13:31:00+00:00,176.64,176.88,176.56,2287,176.695,208140,176.717273
2023-10-09 13:32:00+00:00,176.2482,176.65,176.17,2549,176.64,247194,176.349004
2023-10-09 13:33:00+00:00,176.255,176.32,176.18,1762,176.2412,154056,176.227086
2023-10-09 13:34:00+00:00,176.21,176.36,176.16,2221,176.2488,190118,176.255131
2023-10-09 13:35:00+00:00,176.055,176.24,175.8,3621,176.195,388632,175.971145
2023-10-09 13:36:00+00:00,176.27,176.38,176.02,1981,176.055,219671,176.242726
2023-10-09 13:37:00+00:00,176.1878,176.27,175.99,1886,176.22,172254,176.135432
2023-10-09 13:38:00+00:00,176.08,176.22,176.06,1079,176.18,99528,176.128091
2023-10-09 13:39:00+00:00,176.235,176.27,176.045,1351,176.09,142654,176.193749
2023-10-09 13:40:00+00:00,176.215,176.38,176.15,2208,176.24,236312,176.268697
2023-10-09 13:41:00+00:00,176.4,176.4,176.12,1379,176.2189,124760,176.281742
2023-10-09 13:42:00+00:00,176.63,176.73,176.39,1908,176.41,234419,176.573144
2023-10-09 13:43:00+00:00,176.69,176.7499,176.61,1147,176.64,117518,176.674756
2023-10-09 13:44:00+00:00,176.84,176.84,176.62,1068,176.69,105450,176.741904
2023-10-09 13:45:00+00:00,176.9,176.98,176.77,2244,176.82,193730,176.896778
2023-10-09 13:46:00+00:00,176.76,176.94,176.65,2055,176.9001,110493,176.788428
2023-10-09 13:47:00+00:00,176.7,176.78,176.65,2141,176.76,121799,176.708909
2023-10-09 13:48:00+00:00,177.0,177.01,176.6901,2773,176.7073,158572,176.903885
2023-10-09 13:49:00+00:00,177.02,177.09,176.91,2830,177.01,185857,177.00713
2023-10-09 13:50:00+00:00,176.7856,177.08,176.7856,2675,177.02,127097,176.971095
2023-10-09 13:51:00+00:00,177.01,177.02,176.7309,2826,176.79,148414,176.867077
2023-10-09 13:52:00+00:00,177.02,177.06,176.96,2261,177.02,105801,177.007038
2023-10-09 13:53:00+00:00,177.04,177.06,176.87,2637,177.01,121337,176.972997
2023-10-09 13:54:00+00:00,177.08,177.17,177.02,2618,177.04,114685,177.111729
2023-10-09 13:55:00+00:00,177.05,177.12,177.0,2281,177.07,89706,177.058025
2023-10-09 13:56:00+00:00,177.19,177.29,177.0522,2788,177.06,158555,177.176695
2023-10-09 13:57:00+00:00,177.2,177.299,177.12,2467,177.2,104477,177.206644
2023-10-09 13:58:00+00:00,177.07,177.2793,177.07,2623,177.2,136064,177.170056
2023-10-09 13:59:00+00:00,177.18,177.18,177.05,2397,177.09,93210,177.121401
2023-10-09 14:00:00+00:00,177.1525,177.36,177.15,4055,177.18,181920,177.248109
2023-10-09 14:01:00+00:00,177.125,177.23,177.12,3395,177.15,140030,177.168329
2023-10-09 14:02:00+00:00,177.04,177.185,177.0,3400,177.13,147880,177.10365
2023-10-09 14:03:00+00:00,176.74,177.06,176.725,3419,177.05,211447,176.879861
2023-10-09 14:04:00+00:00,176.4973,176.79,176.44,4030,176.76,182811,176.630175
2023-10-09 14:05:00+00:00,176.59,176.6,176.4607,3397,176.5,128677,176.528654
2023-10-09 14:06:00+00:00,176.5299,176.66,176.51,3276,176.59,147268,176.588932
2023-10-09 14:07:00+00:00,176.3503,176.57,176.3501,3373,176.525,170976,176.441416
2023-10-09 14:08:00+00:00,176.37,176.41,176.3121,3063,176.3503,90281,176.368688
2023-10-09 14:09:00+00:00,176.39,176.5201,176.3601,2792,176.38,158118,176.433056
2023-10-09 14:10:00+00:00,176.56,176.57,176.39,2324,176.4,89730,176.492743
2023-10-09 14:11:00+00:00,176.35,176.56,176.35,2664,176.55,118248,176.472951
2023-10-09 14:12:00+00:00,176.425,176.425,176.33,2023,176.35,83173,176.376428
2023-10-09 14:13:00+00:00,176.48,176.51,176.38,2039,176.41,83146,176.448757
2023-10-09 14:14:00+00:00,176.57,176.57,176.45,1922,176.5099,77729,176.504625
2023-10-09 14:15:00+00:00,176.75,176.8,176.56,2516,176.58,147134,176.678117
2023-10-09 14:16:00+00:00,176.7785,176.82,176.73,2128,176.76,84371,176.769801
2023-10-09 14:17:00+00:00,176.9633,176.975,176.77,2193,176.77,104034,176.864327
2023-10-09 14:18:00+00:00,176.9708,177.05,176.91,2311,176.965,115832,176.979822
2023-10-09 14:19:00+00:00,176.975,177.08,176.9535,1856,176.9535,85656,177.020031
2023-10-09 14:20:00+00:00,176.82,176.97,176.79,1935,176.97,86515,176.883207
2023-10-09 14:21:00+00:00,176.84,176.91,176.76,1534,176.83,53139,176.848447
2023-10-09 14:22:00+00:00,177.0,177.0,176.82,1580,176.82,65346,176.938808
2023-10-09 14:23:00+00:00,177.102,177.11,176.99,1805,177.0,81216,177.057263
2023-10-09 14:24:00+00:00,177.21,177.22,177.095,1846,177.1,81506,177.162418
2023-10-09 14:25:00+00:00,177.1203,177.215,177.105,1877,177.21,79191,177.159
2023-10-09 14:26:00+00:00,177.1201,177.2,177.09,1794,177.12,73422,177.134216
2023-10-09 14:27:00+00:00,177.1,177.1373,177.03,1792,177.13,90152,177.081349
2023-10-09 14:28:00+00:00,176.93,177.1118,176.92,1791,177.1118,80984,176.990331
2023-10-09 14:29:00+00:00,176.87,176.935,176.835,1804,176.9296,102283,176.876198
2023-10-09 14:30:00+00:00,176.8,176.9248,176.73,1698,176.87,99733,176.822701
2023-10-09 14:31:00+00:00,176.93,176.93,176.77,1570,176.79,93384,176.844228
2023-10-09 14:32:00+00:00,176.83,176.98,176.79,1687,176.92,79627,176.90133
2023-10-09 14:33:00+00:00,176.93,176.9301,176.77,1421,176.83,37196,176.850547
2023-10-09 14:34:00+00:00,176.79,176.9399,176.78,1838,176.9144,72162,176.862971
2023-10-09 14:35:00+00:00,176.71,176.8191,176.69,1853,176.78,73983,176.756832
2023-10-09 14:36:00+00:00,176.74,176.77,176.6875,1886,176.71,67044,176.73633
2023-10-09 14:37:00+00:00,176.5699,176.7499,176.55,2171,176.7405,87258,176.64277
2023-10-09 14:38:00+00:00,176.448,176.58,176.41,2134,176.5634,100042,176.48853
2023-10-09 14:39:00+00:00,176.41,176.5824,176.41,2041,176.45,80366,176.506792
2023-10-09 14:40:00+00:00,176.4099,176.51,176.3801,2029,176.44,66616,176.44177
2023-10-09 14:41:00+00:00,176.39,176.43,176.35,2086,176.42,82428,176.389012
2023-10-09 14:42:00+00:00,176.375,176.39,176.29,1959,176.37,101969,176.332054
2023-10-09 14:43:00+00:00,176.64,176.67,176.38,2164,176.38,108378,176.519863
2023-10-09 14:44:00+00:00,176.59,176.65,176.54,1610,176.6401,49820,176.601683
2023-10-09 14:45:00+00:00,176.635,176.64,176.57,1607,176.58,76452,176.603711
2023-10-09 14:46:00+00:00,176.5401,176.6662,176.54,1615,176.63,69886,176.605478
2023-10-09 14:47:00+00:00,176.49,176.605,176.44,1464,176.5623,51811,176.542792
2023-10-09 14:48:00+00:00,176.45,176.55,176.41,1681,176.4999,70850,176.479997
2023-10-09 14:49:00+00:00,176.23,176.45,176.2006,2121,176.45,109132,176.312719
2023-10-09 14:50:00+00:00,176.375,176.38,176.22,1826,176.22,102192,176.309901
2023-10-09 14:51:00+00:00,176.347,176.38,176.2399,1663,176.38,58237,176.297469
2023-10-09 14:52:00+00:00,176.36,176.38,176.26,1757,176.3405,57533,176.315953
2023-10-09 14:53:00+00:00,176.51,176.5499,176.357,2190,176.357,116423,176.447911
2023-10-09 14:54:00+00:00,176.48,176.56,176.43,2111,176.51,100635,176.483095
2023-10-09 14:55:00+00:00,176.42,176.495,176.42,1842,176.485,62965,176.448815
2023-10-09 14:56:00+00:00,176.425,176.475,176.4,1743,176.43,40733,176.440002
2023-10-09 14:57:00+00:00,176.48,176.4801,176.35,1905,176.425,55261,176.41234
2023-10-09 14:58:00+00:00,176.51,176.58,176.485,1868,176.49,62240,176.531086
2023-10-09 14:59:00+00:00,176.37,176.53,176.36,1957,176.5136,67325,176.443326
2023-10-09 15:00:00+00:00,176.3,176.365,176.29,1983,176.365,74235,176.323936
2023-10-09 15:01:00+00:00,176.39,176.44,176.27,1987,176.295,91640,176.36068
2023-10-09 15:02:00+00:00,176.37,176.44,176.35,1818,176.39,71461,176.385141
2023-10-09 15:03:00+00:00,176.46,176.47,176.33,1837,176.39,64085,176.378661
2023-10-09 15:04:00+00:00,176.56,176.58,176.41,1783,176.46,66778,176.502713
2023-10-09 15:05:00+00:00,176.53,176.56,176.505,1725,176.56,54802,176.526633
2023-10-09 15:06:00+00:00,176.475,176.52,176.44,1891,176.52,73855,176.467883
2023-10-09 15:07:00+00:00,176.3315,176.47,176.3,2023,176.4661,126485,176.374279
2023-10-09 15:08:00+00:00,176.34,176.4278,176.3002,1791,176.34,80099,176.366972
2023-10-09 15:09:00+00:00,176.31,176.38,176.26,1750,176.34,80353,176.319066
2023-10-09 15:10:00+00:00,176.2512,176.31,176.22,1500,176.3094,58722,176.255575
2023-10-09 15:11:00+00:00,176.2708,176.31,176.19,1705,176.255,74843,176.240538
2023-10-09 15:12:00+00:00,176.43,176.49,176.29,1553,176.29,99755,176.418532
2023-10-09 15:13:00+00:00,176.5287,176.59,176.42,1420,176.44,64034,176.511628
2023-10-09 15:14:00+00:00,176.45,176.565,176.44,1519,176.5281,70155,176.530731
2023-10-09 15:15:00+00:00,176.52,176.555,176.445,1462,176.445,57540,176.512607
2023-10-09 15:16:00+00:00,176.53,176.56,176.51,1481,176.521,46702,176.536097
2023-10-09 15:17:00+00:00,176.595,176.67,176.54,1873,176.54,82523,176.607646
2023-10-09 15:18:00+00:00,176.65,176.655,176.55,1906,176.5992,83241,176.597369
2023-10-09 15:19:00+00:00,176.675,176.69,176.62,1964,176.6499,79027,176.650781
2023-10-09 15:20:00+00:00,176.6888,176.73,176.66,1837,176.67,81940,176.695642
2023-10-09 15:21:00+00:00,176.63,176.685,176.58,1792,176.68,64529,176.641822
2023-10-09 15:22:00+00:00,176.79,176.79,176.63,1741,176.64,70589,176.702107
2023-10-09 15:23:00+00:00,176.89,176.9,176.76,2042,176.7813,97174,176.854217
2023-10-09 15:24:00+00:00,176.87,176.9,176.79,2032,176.8801,107019,176.840949
2023-10-09 15:25:00+00:00,176.85,176.89,176.83,1747,176.8601,61016,176.853117
2023-10-09 15:26:00+00:00,176.88,176.9042,176.84,1813,176.865,58902,176.878374
2023-10-09 15:27:00+00:00,176.95,176.97,176.8849,1871,176.8849,84752,176.932129
2023-10-09 15:28:00+00:00,177.11,177.11,176.94,2184,176.94,118506,177.034389
2023-10-09 15:29:00+00:00,177.085,177.125,177.05,1913,177.105,140166,176.978992
2023-10-09 15:30:00+00:00,177.21,177.23,177.075,2100,177.075,91867,177.158878
2023-10-09 15:31:00+00:00,177.17,177.21,177.12,1719,177.205,78671,177.161187
2023-10-09 15:32:00+00:00,177.15,177.17,177.11,2023,177.16,98775,177.134475
2023-10-09 15:33:00+00:00,177.2,177.2,177.1301,1571,177.16,50721,177.161405
2023-10-09 15:34:00+00:00,177.1414,177.22,177.14,1675,177.2,58602,177.181818
2023-10-09 15:35:00+00:00,177.18,177.2048,177.1219,1648,177.14,56422,177.168133
2023-10-09 15:36:00+00:00,177.1738,177.2,177.11,1668,177.18,51681,177.149572
2023-10-09 15:37:00+00:00,177.13,177.19,177.125,1549,177.17,46864,177.150759
2023-10-09 15:38:00+00:00,177.105,177.15,177.05,2044,177.135,165899,177.099764
2023-10-09 15:39:00+00:00,177.09,177.13,177.0372,1703,177.092,65589,177.083581
2023-10-09 15:40:00+00:00,177.14,177.14,177.035,1871,177.09,88086,177.07768
2023-10-09 15:41:00+00:00,177.09,177.1504,177.0701,1645,177.14,48593,177.11905
2023-10-09 15:42:00+00:00,177.09,177.13,177.05,1632,177.095,35986,177.101267
2023-10-09 15:43:00+00:00,177.115,177.13,177.05,1651,177.08,48939,177.087616
2023-10-09 15:44:00+00:00,177.12,177.16,177.08,1611,177.12,38854,177.124344
2023-10-09 15:45:00+00:00,177.02,177.13,177.01,1731,177.13,59627,177.045446
2023-10-09 15:46:00+00:00,176.975,177.04,176.87,3057,177.025,271330,176.953218
2023-10-09 15:47:00+00:00,177.005,177.07,176.92,1911,176.96,72258,176.98265
2023-10-09 15:48:00+00:00,177.1,177.1,177.0001,1490,177.01,52804,177.06691
2023-10-09 15:49:00+00:00,177.07,177.0909,177.0352,1447,177.09,39524,177.06471
2023-10-09 15:50:00+00:00,177.0057,177.07,176.985,1596,177.06,63383,177.038556
2023-10-09 15:51:00+00:00,177.0401,177.0401,176.995,1403,177.015,40204,177.020344
2023-10-09 15:52:00+00:00,177.04,177.07,177.03,1386,177.05,53119,177.057945
2023-10-09 15:53:00+00:00,177.07,177.07,177.035,1407,177.05,42798,177.054187
2023-10-09 15:54:00+00:00,177.045,177.06,177.01,1226,177.06,31733,177.035526
2023-10-09 15:55:00+00:00,177.05,177.0582,176.98,1322,177.03,55407,177.013891
2023-10-09 15:56:00+00:00,176.995,177.04,176.99,1075,177.04,31390,177.0147
2023-10-09 15:57:00+00:00,177.04,177.059,176.99,516,177.0,45180,177.025943
2023-10-09 15:58:00+00:00,177.092,177.19,177.05,663,177.05,67800,177.122476
2023-10-09 15:59:00+00:00,177.195,177.2,177.105,394,177.11,41703,177.146816
2023-10-09 16:00:00+00:00,177.29,177.3,177.18,1713,177.2,222656,177.253344
2023-10-09 16:01:00+00:00,177.47,177.49,177.285,1593,177.29,170021,177.420326
2023-10-09 16:02:00+00:00,177.4001,177.49,177.33,1159,177.47,112130,177.427507
2023-10-09 16:03:00+00:00,177.4811,177.495,177.4,932,177.41,113409,177.462309
2023-10-09 16:04:00+00:00,177.53,177.55,177.48,1361,177.4899,186203,177.510065
2023-10-09 16:05:00+00:00,177.495,177.545,177.43,735,177.54,72595,177.476877
2023-10-09 16:06:00+00:00,177.58,177.58,177.45,705,177.5,80548,177.510179
2023-10-09 16:07:00+00:00,177.6699,177.7,177.56,932,177.59,87834,177.634863
2023-10-09 16:08:00+00:00,177.66,177.67,177.62,701,177.67,72044,177.646971
2023-10-09 16:09:00+00:00,177.64,177.665,177.61,590,177.65,51904,177.639456
2023-10-09 16:10:00+00:00,177.75,177.76,177.6,1480,177.64,116310,177.696191
2023-10-09 16:11:00+00:00,177.6582,177.76,177.6201,731,177.755,67317,177.680654
2023-10-09 16:12:00+00:00,177.7,177.7,177.6,485,177.665,44587,177.64904
2023-10-09 16:13:00+00:00,177.67,177.7344,177.65,575,177.6999,55181,177.694911
2023-10-09 16:14:00+00:00,177.695,177.73,177.67,475,177.67,42858,177.698483
2023-10-09 16:15:00+00:00,177.7541,177.77,177.692,649,177.7,53802,177.742737
2023-10-09 16:16:00+00:00,177.77,177.81,177.73,897,177.76,106071,177.771373
2023-10-09 16:17:00+00:00,177.811,177.85,177.73,619,177.76,71183,177.799612
2023-10-09 16:18:00+00:00,177.87,177.88,177.79,734,177.81,79553,177.855492
2023-10-09 16:19:00+00:00,177.862,177.889,177.84,548,177.8875,49886,177.866461
2023-10-09 16:20:00+00:00,177.9181,177.9299,177.82,691,177.87,49965,177.868141
2023-10-09 16:21:00+00:00,178.06,178.0666,177.91,2621,177.9165,295738,177.993479
2023-10-09 16:22:00+00:00,177.99,178.07,177.97,1095,178.07,113303,178.024202
2023-10-09 16:23:00+00:00,177.92,177.99,177.86,934,177.99,79305,177.918658
2023-10-09 16:24:00+00:00,177.84,177.92,177.83,498,177.91,46018,177.886593
2023-10-09 16:25:00+00:00,177.7214,177.845,177.72,811,177.837,79286,177.771913
2023-10-09 16:26:00+00:00,177.685,177.74,177.66,674,177.74,70236,177.694179
2023-10-09 16:27:00+00:00,177.69,177.7,177.62,604,177.68,91603,177.671731
2023-10-09 16:28:00+00:00,177.63,177.7,177.6,587,177.68,51329,177.649126
2023-10-09 16:29:00+00:00,177.61,177.65,177.6,455,177.63,39186,177.623693
2023-10-09 16:30:00+00:00,177.66,177.6999,177.6,511,177.6,45447,177.662164
2023-10-09 16:31:00+00:00,177.7002,177.71,177.6501,494,177.665,37330,177.690944
2023-10-09 16:32:00+00:00,177.74,177.77,177.69,659,177.6929,79402,177.734109
2023-10-09 16:33:00+00:00,177.69,177.7499,177.66,655,177.7469,93040,177.704381
2023-10-09 16:34:00+00:00,177.74,177.74,177.635,486,177.68,33076,177.680903
2023-10-09 16:35:00+00:00,177.65,177.75,177.64,399,177.75,37450,177.681868
2023-10-09 16:36:00+00:00,177.59,177.67,177.57,595,177.67,55837,177.608744
2023-10-09 16:37:00+00:00,177.59,177.62,177.56,476,177.5999,45920,177.587058
2023-10-09 16:38:00+00:00,177.61,177.6157,177.57,416,177.5972,33864,177.596435
2023-10-09 16:39:00+00:00,177.6211,177.7,177.595,696,177.605,68864,177.654134
2023-10-09 16:40:00+00:00,177.715,177.72,177.63,469,177.6386,38460,177.662258
2023-10-09 16:41:00+00:00,177.685,177.73,177.64,368,177.7173,27974,177.702795
2023-10-09 16:42:00+00:00,177.69,177.695,177.64,326,177.68,19265,177.677771
2023-10-09 16:43:00+00:00,177.6801,177.69,177.63,417,177.689,30949,177.663261
2023-10-09 16:44:00+00:00,177.55,177.69,177.54,660,177.68,67500,177.598915
2023-10-09 16:45:00+00:00,177.53,177.61,177.5,582,177.555,66643,177.537323
2023-10-09 16:46:00+00:00,177.6317,177.6451,177.5125,467,177.5218,46008,177.595444
2023-10-09 16:47:00+00:00,177.7372,177.7427,177.61,471,177.6427,50356,177.673557
2023-10-09 16:48:00+00:00,177.736,177.75,177.72,397,177.74,34819,177.733432
2023-10-09 16:49:00+00:00,177.7001,177.7446,177.68,372,177.73,39335,177.706627
2023-10-09 16:50:00+00:00,177.7,177.75,177.6803,498,177.705,51524,177.723454
2023-10-09 16:51:00+00:00,177.74,177.77,177.71,467,177.72,39748,177.747194
2023-10-09 16:52:00+00:00,177.6582,177.7499,177.63,577,177.74,45523,177.682471
2023-10-09 16:53:00+00:00,177.62,177.67,177.58,479,177.6499,46624,177.622197
2023-10-09 16:54:00+00:00,177.66,177.68,177.63,361,177.63,29535,177.65706
2023-10-09 16:55:00+00:00,177.601,177.67,177.601,385,177.6572,27606,177.635056
2023-10-09 16:56:00+00:00,177.63,177.64,177.5912,370,177.6,33347,177.618164
2023-10-09 16:57:00+00:00,177.49,177.63,177.4501,961,177.6211,94930,177.526269
2023-10-09 16:58:00+00:00,177.51,177.54,177.435,691,177.4881,61897,177.485055
2023-10-09 16:59:00+00:00,177.6,177.61,177.5101,451,177.52,50472,177.557651
2023-10-09 17:00:00+00:00,177.65,177.67,177.5901,594,177.61,59160,177.634097
2023-10-09 17:01:00+00:00,177.611,177.708,177.56,991,177.64,90465,177.628705
2023-10-09 17:02:00+00:00,177.681,177.7,177.6,414,177.62,34051,177.658816
2023-10-09 17:03:00+00:00,177.71,177.76,177.67,467,177.69,43666,177.719418
2023-10-09 17:04:00+00:00,177.64,177.72,177.64,399,177.706,29550,177.691786
2023-10-09 17:05:00+00:00,177.632,177.6844,177.62,392,177.64,37059,177.661874
2023-10-09 17:06:00+00:00,177.69,177.6999,177.58,388,177.64,30721,177.628163
2023-10-09 17:07:00+00:00,177.68,177.695,177.6401,385,177.68,30188,177.668112
2023-10-09 17:08:00+00:00,177.715,177.72,177.67,316,177.6873,22722,177.696836
2023-10-09 17:09:00+00:00,177.73,177.73,177.68,340,177.71,25759,177.703047
2023-10-09 17:10:00+00:00,177.6413,177.75,177.63,511,177.7389,53424,177.709822
2023-10-09 17:11:00+00:00,177.69,177.7338,177.63,377,177.65,30885,177.698081
2023-10-09 17:12:00+00:00,177.74,177.75,177.675,383,177.69,31852,177.731325
2023-10-09 17:13:00+00:00,177.77,177.78,177.7288,510,177.74,42206,177.759417
2023-10-09 17:14:00+00:00,177.72,177.785,177.69,344,177.78,27939,177.72735
2023-10-09 17:15:00+00:00,177.8,177.81,177.7,452,177.72,37708,177.774756
2023-10-09 17:16:00+00:00,177.8255,177.84,177.7701,526,177.7903,78202,177.793846
2023-10-09 17:17:00+00:00,177.805,177.84,177.79,348,177.83,29804,177.807152
2023-10-09 17:18:00+00:00,177.795,177.815,177.78,423,177.805,28989,177.798043
2023-10-09 17:19:00+00:00,177.74,177.79,177.72,439,177.79,41890,177.763087
2023-10-09 17:20:00+00:00,177.71,177.7798,177.71,375,177.7301,30033,177.747822
2023-10-09 17:21:00+00:00,177.705,177.73,177.6814,408,177.71,33124,177.707068
2023-10-09 17:22:00+00:00,177.77,177.79,177.71,423,177.71,42253,177.753608
2023-10-09 17:23:00+00:00,177.75,177.765,177.7245,292,177.76,22281,177.745946
2023-10-09 17:24:00+00:00,177.78,177.785,177.73,290,177.76,19156,177.754792
2023-10-09 17:25:00+00:00,177.8491,177.8604,177.765,554,177.78,61160,177.825577
2023-10-09 17:26:00+00:00,177.88,177.905,177.8401,539,177.8419,54730,177.882649
2023-10-09 17:27:00+00:00,177.92,177.93,177.89,343,177.89,28219,177.916279
2023-10-09 17:28:00+00:00,177.94,177.96,177.9101,513,177.925,45749,177.937749
2023-10-09 17:29:00+00:00,177.95,177.97,177.94,383,177.945,30318,177.954465
2023-10-09 17:30:00+00:00,177.97,178.06,177.94,1787,177.96,169083,178.013789
2023-10-09 17:31:00+00:00,178.0601,178.08,177.98,766,177.98,50235,178.044151
2023-10-09 17:32:00+00:00,178.03,178.085,178.025,969,178.07,77781,178.066379
2023-10-09 17:33:00+00:00,178.05,178.05,178.02,552,178.03,33049,178.033866
2023-10-09 17:34:00+00:00,178.06,178.1,178.05,926,178.06,66978,178.072654
2023-10-09 17:35:00+00:00,178.0217,178.07,177.99,680,178.0601,51918,178.020508
2023-10-09 17:36:00+00:00,178.04,178.0649,178.0,622,178.025,50726,178.026047
2023-10-09 17:37:00+00:00,178.095,178.1299,178.04,873,178.04,68422,178.088501
2023-10-09 17:38:00+00:00,178.105,178.105,178.03,579,178.085,59184,178.073514
2023-10-09 17:39:00+00:00,178.12,178.14,178.095,434,178.105,43309,178.110742
2023-10-09 17:40:00+00:00,178.18,178.19,178.115,946,178.12,94705,178.154611
2023-10-09 17:41:00+00:00,178.185,178.2199,178.15,767,178.18,70535,178.186422
2023-10-09 17:42:00+00:00,178.1984,178.23,178.18,470,178.18,42566,178.206029
2023-10-09 17:43:00+00:00,178.3913,178.41,178.195,1365,178.205,197228,178.314501
2023-10-09 17:44:00+00:00,178.33,178.455,178.28,1071,178.41,171772,178.388558
2023-10-09 17:45:00+00:00,178.365,178.3951,178.31,599,178.32,65335,178.35812
2023-10-09 17:46:00+00:00,178.29,178.37,178.23,755,178.37,64261,178.283669
2023-10-09 17:47:00+00:00,178.3604,178.37,178.25,683,178.285,132271,178.309991
2023-10-09 17:48:00+00:00,178.58,178.6,178.354,1500,178.3602,189878,178.480624
2023-10-09 17:49:00+00:00,178.42,178.585,178.4,958,178.58,178497,178.482458
2023-10-09 17:50:00+00:00,178.4432,178.4628,178.39,780,178.41,104269,178.423927
2023-10-09 17:51:00+00:00,178.51,178.55,178.45,724,178.45,88989,178.4968
2023-10-09 17:52:00+00:00,178.55,178.61,178.49,876,178.5001,104986,178.563234
2023-10-09 17:53:00+00:00,178.545,178.6,178.52,518,178.55,56029,178.546464
2023-10-09 17:54:00+00:00,178.57,178.58,178.51,525,178.53,43122,178.545488
2023-10-09 17:55:00+00:00,178.6099,178.63,178.56,774,178.57,76975,178.593753
2023-10-09 17:56:00+00:00,178.6174,178.62,178.54,696,178.6,84643,178.581278
2023-10-09 17:57:00+00:00,178.7637,178.79,178.6,1794,178.61,252059,178.712315
2023-10-09 17:58:00+00:00,178.6,178.77,178.6,1156,178.7601,159225,178.674318
2023-10-09 17:59:00+00:00,178.72,178.73,178.58,744,178.61,74003,178.643534
2023-10-09 18:00:00+00:00,178.6671,178.75,178.605,1006,178.72,119888,178.681216
2023-10-09 18:01:00+00:00,178.6,178.7,178.5803,925,178.67,108393,178.636843
2023-10-09 18:02:00+00:00,178.72,178.73,178.6,840,178.6,103297,178.678874
2023-10-09 18:03:00+00:00,178.66,178.76,178.65,639,178.73,64521,178.715322
2023-10-09 18:04:00+00:00,178.7693,178.7699,178.655,720,178.655,68583,178.719916
2023-10-09 18:05:00+00:00,178.72,178.76,178.68,903,178.75,134573,178.708686
2023-10-09 18:06:00+00:00,178.81,178.825,178.715,1115,178.72,106985,178.779049
2023-10-09 18:07:00+00:00,178.8999,178.93,178.82,1203,178.82,123097,178.874295
2023-10-09 18:08:00+00:00,178.955,178.97,178.87,954,178.8873,93629,178.929712
2023-10-09 18:09:00+00:00,178.875,178.955,178.85,645,178.955,58946,178.895827
2023-10-09 18:10:00+00:00,178.85,178.8887,178.83,586,178.875,54249,178.859146
2023-10-09 18:11:00+00:00,178.88,178.89,178.825,620,178.841,50764,178.848977
2023-10-09 18:12:00+00:00,178.91,178.95,178.87,827,178.88,124265,178.910557
2023-10-09 18:13:00+00:00,178.8925,178.93,178.861,628,178.92,61395,178.903662
2023-10-09 18:14:00+00:00,178.85,178.9351,178.8458,784,178.9,74279,178.883875
2023-10-09 18:15:00+00:00,178.885,178.93,178.85,886,178.86,92871,178.883776
2023-10-09 18:16:00+00:00,178.855,178.91,178.85,748,178.88,67072,178.880602
2023-10-09 18:17:00+00:00,178.88,178.92,178.85,656,178.85,61543,178.887623
2023-10-09 18:18:00+00:00,178.86,178.9,178.84,561,178.89,51585,178.876719
2023-10-09 18:19:00+00:00,178.8285,178.88,178.78,843,178.855,81643,178.833513
2023-10-09 18:20:00+00:00,178.8,178.8499,178.79,617,178.82,68652,178.816615
2023-10-09 18:21:00+00:00,178.7501,178.81,178.72,771,178.79,80661,178.774634
2023-10-09 18:22:00+00:00,178.8175,178.82,178.73,748,178.77,70220,178.794108
2023-10-09 18:23:00+00:00,178.755,178.81,178.755,494,178.81,37627,178.786156
2023-10-09 18:24:00+00:00,178.7999,178.825,178.74,470,178.75,39552,178.792581
2023-10-09 18:25:00+00:00,178.785,178.835,178.76,545,178.79,64719,178.792531
2023-10-09 18:26:00+00:00,178.8001,178.81,178.71,686,178.785,91304,178.76681
2023-10-09 18:27:00+00:00,178.83,178.87,178.7935,677,178.8068,85255,178.835825
2023-10-09 18:28:00+00:00,178.81,178.87,178.81,543,178.825,44748,178.836697
2023-10-09 18:29:00+00:00,178.84,178.87,178.79,515,178.8,51538,178.827795
2023-10-09 18:30:00+00:00,178.855,178.9,178.8,867,178.845,125652,178.850565
2023-10-09 18:31:00+00:00,178.7124,178.86,178.68,871,178.8583,96836,178.756857
2023-10-09 18:32:00+00:00,178.74,178.78,178.7,573,178.72,47835,178.736364
2023-10-09 18:33:00+00:00,178.762,178.79,178.7,544,178.73,50646,178.746388
2023-10-09 18:34:00+00:00,178.6575,178.78,178.6575,695,178.765,79286,178.708295
2023-10-09 18:35:00+00:00,178.58,178.72,178.56,1093,178.66,114687,178.638659
2023-10-09 18:36:00+00:00,178.485,178.586,178.42,1274,178.586,170640,178.48778
2023-10-09 18:37:00+00:00,178.57,178.59,178.48,630,178.48,79736,178.528887
2023-10-09 18:38:00+00:00,178.6,178.66,178.49,779,178.57,70878,178.58198
2023-10-09 18:39:00+00:00,178.76,178.7699,178.58,828,178.6,87469,178.674928
2023-10-09 18:40:00+00:00,178.8237,178.83,178.74,680,178.75,65603,178.782558
2023-10-09 18:41:00+00:00,178.82,178.87,178.78,641,178.82,85554,178.826106
2023-10-09 18:42:00+00:00,178.8799,178.88,178.795,706,178.81,104335,178.824455
2023-10-09 18:43:00+00:00,178.97,178.98,178.84,1174,178.8701,114502,178.919653
2023-10-09 18:44:00+00:00,178.95,179.02,178.9003,2056,178.97,233364,178.978366
2023-10-09 18:45:00+00:00,178.835,178.97,178.82,952,178.9499,125046,178.862362
2023-10-09 18:46:00+00:00,178.88,178.91,178.83,604,178.835,75907,178.881588
2023-10-09 18:47:00+00:00,178.9191,178.9349,178.87,547,178.88,73933,178.907841
2023-10-09 18:48:00+00:00,178.82,178.93,178.82,525,178.915,48663,178.878993
2023-10-09 18:49:00+00:00,178.8738,178.88,178.81,583,178.83,58565,178.843825
2023-10-09 18:50:00+00:00,178.9099,178.93,178.845,494,178.875,44983,178.885277
2023-10-09 18:51:00+00:00,178.84,178.91,178.84,586,178.905,48583,178.879477
2023-10-09 18:52:00+00:00,178.815,178.85,178.785,572,178.845,52325,178.820823
2023-10-09 18:53:00+00:00,178.83,178.87,178.7799,638,178.8199,56385,178.829275
2023-10-09 18:54:00+00:00,178.9399,178.94,178.84,569,178.84,47850,178.893328
2023-10-09 18:55:00+00:00,179.0101,179.02,178.9387,1095,178.9387,126608,178.991521
2023-10-09 18:56:00+00:00,179.04,179.04,178.9728,775,179.02,93212,179.005969
2023-10-09 18:57:00+00:00,178.99,179.04,178.9606,711,179.031,76113,179.006273
2023-10-09 18:58:00+00:00,178.95,179.04,178.9101,715,179.0,78958,178.990189
2023-10-09 18:59:00+00:00,178.8879,178.9599,178.87,731,178.95,64012,178.914877
2023-10-09 19:00:00+00:00,178.8,178.93,178.72,1433,178.89,129747,178.809377
2023-10-09 19:01:00+00:00,178.96,178.96,178.775,1073,178.8,99959,178.849305
2023-10-09 19:02:00+00:00,179.01,179.01,178.82,1180,178.958,117956,178.945653
2023-10-09 19:03:00+00:00,178.87,179.02,178.87,673,179.0,63344,178.948964
2023-10-09 19:04:00+00:00,178.835,178.9399,178.81,617,178.8688,64791,178.872778
2023-10-09 19:05:00+00:00,178.99,178.9901,178.805,753,178.83,64582,178.894422
2023-10-09 19:06:00+00:00,178.89,178.9969,178.8601,600,178.983,61269,178.929755
2023-10-09 19:07:00+00:00,178.94,178.95,178.86,635,178.8948,59955,178.909542
2023-10-09 19:08:00+00:00,178.8791,178.94,178.85,533,178.932,48515,178.887844
2023-10-09 19:09:00+00:00,178.945,178.965,178.87,536,178.87,48597,178.938507
2023-10-09 19:10:00+00:00,178.985,178.985,178.93,624,178.95,54988,178.955079
2023-10-09 19:11:00+00:00,178.92,179.02,178.92,838,178.98,91007,178.965686
2023-10-09 19:12:00+00:00,179.04,179.04,178.93,698,178.93,75531,178.976567
2023-10-09 19:13:00+00:00,178.8757,179.05,178.85,1176,179.0355,122966,178.949837
2023-10-09 19:14:00+00:00,178.89,178.96,178.87,952,178.88,96938,178.922454
2023-10-09 19:15:00+00:00,178.77,178.8942,178.761,986,178.89,111983,178.827828
2023-10-09 19:16:00+00:00,178.74,178.82,178.71,824,178.78,85304,178.763801
2023-10-09 19:17:00+00:00,178.8059,178.85,178.735,941,178.735,91702,178.810429
2023-10-09 19:18:00+00:00,178.68,178.84,178.67,1203,178.8025,127938,178.752883
2023-10-09 19:19:00+00:00,178.745,178.7717,178.665,982,178.675,90842,178.704545
2023-10-09 19:20:00+00:00,178.815,178.815,178.72,792,178.74,74180,178.774906
2023-10-09 19:21:00+00:00,178.8222,178.84,178.77,809,178.81,71675,178.804784
2023-10-09 19:22:00+00:00,178.785,178.82,178.755,721,178.82,63048,178.78716
2023-10-09 19:23:00+00:00,178.82,178.85,178.785,946,178.785,91659,178.781635
2023-10-09 19:24:00+00:00,178.86,178.9,178.8001,744,178.815,65760,178.86063
2023-10-09 19:25:00+00:00,178.86,178.88,178.8236,690,178.856,72708,178.850883
2023-10-09 19:26:00+00:00,178.8401,178.9,178.8108,762,178.86,74241,178.859857
2023-10-09 19:27:00+00:00,178.885,178.885,178.8005,720,178.84,60981,178.831166
2023-10-09 19:28:00+00:00,178.925,178.95,178.87,853,178.8899,82037,178.905856
2023-10-09 19:29:00+00:00,178.9,178.9392,178.865,774,178.925,69533,178.909413
2023-10-09 19:30:00+00:00,178.78,178.9012,178.7509,1097,178.9,91148,178.826761
2023-10-09 19:31:00+00:00,178.775,178.82,178.745,882,178.78,75854,178.781055
2023-10-09 19:32:00+00:00,178.815,178.8301,178.76,891,178.775,70263,178.792673
2023-10-09 19:33:00+00:00,178.78,178.8187,178.75,711,178.8187,56962,178.78236
2023-10-09 19:34:00+00:00,178.735,178.7772,178.7,1213,178.7761,126123,178.75254
2023-10-09 19:35:00+00:00,178.75,178.8099,178.665,1001,178.73,99507,178.73963
2023-10-09 19:36:00+00:00,178.74,178.78,178.705,842,178.75,477712,178.799302
2023-10-09 19:37:00+00:00,178.7834,178.82,178.72,947,178.74,83272,178.773239
2023-10-09 19:38:00+00:00,178.79,178.8299,178.78,755,178.785,52006,178.80006
2023-10-09 19:39:00+00:00,178.795,178.8,178.75,936,178.795,74389,178.775558
2023-10-09 19:40:00+00:00,178.885,178.89,178.795,1164,178.795,132945,178.838852
2023-10-09 19:41:00+00:00,178.875,178.91,178.87,1020,178.8888,103881,178.891159
2023-10-09 19:42:00+00:00,178.845,178.91,178.845,1038,178.875,102323,178.883877
2023-10-09 19:43:00+00:00,178.805,178.91,178.79,1210,178.85,123877,178.843563
2023-10-09 19:44:00+00:00,178.81,178.85,178.795,1209,178.805,138514,178.823135
2023-10-09 19:45:00+00:00,178.845,178.85,178.76,1289,178.8,139919,178.811046
2023-10-09 19:46:00+00:00,178.8,178.85,178.78,1016,178.845,110914,178.808743
2023-10-09 19:47:00+00:00,178.915,178.925,178.805,1398,178.81,150228,178.854619
2023-10-09 19:48:00+00:00,178.91,178.925,178.87,1528,178.91,183617,178.897851
2023-10-09 19:49:00+00:00,179.0,179.0007,178.885,1447,178.91,155168,178.959406
2023-10-09 19:50:00+00:00,178.9,179.0,178.88,2520,179.0,240427,178.953349
2023-10-09 19:51:00+00:00,178.825,178.91,178.82,2129,178.9,208636,178.859481
2023-10-09 19:52:00+00:00,178.95,178.975,178.8,1931,178.825,200921,178.849253
2023-10-09 19:53:00+00:00,178.9304,178.98,178.9,1845,178.94,153422,178.934329
2023-10-09 19:54:00+00:00,178.9243,178.99,178.87,2469,178.93,217336,178.929615
2023-10-09 19:55:00+00:00,179.015,179.05,178.925,2982,178.93,291057,179.006893
2023-10-09 19:56:00+00:00,178.97,179.02,178.925,2111,179.01,208246,178.980506
2023-10-09 19:57:00+00:00,178.99,179.02,178.95,2221,178.97,183928,178.976687
2023-10-09 19:58:00+00:00,178.95,179.0012,178.94,3247,178.98,347245,178.973409
2023-10-09 19:59:00+00:00,179.0,179.02,178.92,5098,178.945,564537,178.964359
2023-10-09 20:00:00+00:00,178.9,178.99,178.85,150,178.99,4960872,178.989918
2023-10-09 20:01:00+00:00,178.98,178.98,178.83,191,178.88,29682,178.965239
2023-10-09 20:02:00+00:00,178.98,178.98,178.95,42,178.98,3464,178.970228
2023-10-09 20:03:00+00:00,178.94,178.95,178.94,38,178.95,4440,178.948733
2023-10-09 20:04:00+00:00,178.98,178.99,178.96,100,178.97,218727,178.989725
2023-10-09 20:05:00+00:00,179.0,179.01,178.98,47,178.99,2126,178.995316
2023-10-09 20:06:00+00:00,178.92,178.99,178.92,49,178.99,112880,178.989228
2023-10-09 20:07:00+00:00,178.93,178.95,178.91,36,178.91,1798,178.926806
2023-10-09 20:08:00+00:00,178.94,178.99,178.94,40,178.99,3584,178.971374
2023-10-09 20:09:00+00:00,178.94,178.94,178.91,50,178.92,9508,178.97292
2023-10-09 20:10:00+00:00,178.98,178.98,178.92,29,178.92,761,178.937027
2023-10-09 20:11:00+00:00,178.91,178.93,178.91,60,178.93,1645,178.90696
2023-10-09 20:12:00+00:00,178.91,178.99,178.88,42,178.91,15620,178.973092
2023-10-09 20:13:00+00:00,178.93,178.97,178.91,54,178.91,2168,178.927523
2023-10-09 20:14:00+00:00,178.91,178.93,178.91,33,178.93,854,178.920989
2023-10-09 20:15:00+00:00,178.91,178.94,178.91,53,178.94,2199,178.926574
2023-10-09 20:16:00+00:00,178.96,178.97,178.93,61,178.93,3314,178.954839
2023-10-09 20:17:00+00:00,178.93,178.97,178.93,23,178.97,864,178.960434
2023-10-09 20:18:00+00:00,178.93,178.93,178.93,29,178.93,2138,178.930165
2023-10-09 20:19:00+00:00,178.93,178.95,178.93,33,178.95,675,178.941596
2023-10-09 20:20:00+00:00,178.95,178.97,178.93,48,178.93,1701,178.952225
2023-10-09 20:21:00+00:00,178.97,178.97,178.95,19,178.95,1131,178.962656
2023-10-09 20:22:00+00:00,178.93,178.93,178.93,29,178.93,443,178.933453
2023-10-09 20:24:00+00:00,178.95,178.97,178.93,40,178.93,968,178.946028
2023-10-09 20:25:00+00:00,178.93,178.93,178.93,31,178.93,2439,178.930224
2023-10-09 20:27:00+00:00,178.92,178.95,178.92,34,178.95,1734,178.94756
2023-10-09 20:28:00+00:00,178.91,178.92,178.91,33,178.92,919,178.912813
2023-10-09 20:29:00+00:00,178.9,178.92,178.9,36,178.91,2093,178.90456
2023-10-09 20:30:00+00:00,178.9,178.9,178.9,25,178.9,360,178.906088
2023-10-09 20:31:00+00:00,178.91,178.91,178.88,28,178.9,921,178.900407
2023-10-09 20:32:00+00:00,178.9,178.9,178.9,31,178.9,999,178.896546
2023-10-09 20:33:00+00:00,178.89,178.89,178.89,11,178.89,429,178.889441
2023-10-09 20:34:00+00:00,178.85,178.88,178.85,55,178.88,4064,178.889319
2023-10-09 20:35:00+00:00,178.89,178.89,178.84,21,178.8401,1025,178.853297
2023-10-09 20:36:00+00:00,178.83,178.88,178.83,38,178.84,1191,178.856348
2023-10-09 20:37:00+00:00,178.85,178.85,178.85,15,178.85,290,178.851345
2023-10-09 20:38:00+00:00,178.8305,178.86,178.8305,29,178.85,1042,178.844452
2023-10-09 20:39:00+00:00,178.84,178.84,178.83,24,178.83,2474,178.832403
2023-10-09 20:40:00+00:00,178.85,178.85,178.85,23,178.85,215,178.849279
2023-10-09 20:43:00+00:00,178.84,178.84,178.84,23,178.84,982,178.840392
2023-10-09 20:44:00+00:00,178.85,178.85,178.84,30,178.84,584,178.84645
2023-10-09 20:45:00+00:00,178.84,178.85,178.84,16,178.85,455,178.844308
2023-10-09 20:46:00+00:00,178.86,178.86,178.86,28,178.86,528,178.858996
2023-10-09 20:47:00+00:00,178.82,178.87,178.82,63,178.86,6570,178.83499
2023-10-09 20:49:00+00:00,178.82,178.83,178.82,17,178.83,861,178.820447
2023-10-09 20:50:00+00:00,178.81,178.83,178.81,19,178.83,1003,178.820533
2023-10-09 20:52:00+00:00,178.87,178.89,178.83,35,178.83,1949,178.843969
2023-10-09 20:53:00+00:00,178.87,178.87,178.87,19,178.87,323,178.856625
2023-10-09 20:54:00+00:00,178.84,178.84,178.84,11,178.84,169,178.840828
2023-10-09 20:55:00+00:00,178.85,178.85,178.85,11,178.85,242,178.849157
2023-10-09 20:56:00+00:00,178.86,178.86,178.86,24,178.86,648,178.8587
2023-10-09 20:57:00+00:00,178.87,178.99,178.87,19,178.99,33860,178.988787
2023-10-09 21:01:00+00:00,178.84,178.84,178.84,9,178.84,325,178.840269
2023-10-09 21:04:00+00:00,178.87,178.87,178.87,17,178.87,231,178.86895
2023-10-09 21:05:00+00:00,178.87,178.87,178.87,19,178.87,880,178.869888
2023-10-09 21:06:00+00:00,178.86,178.87,178.86,16,178.87,1063,178.864746
2023-10-09 21:08:00+00:00,178.9,178.9,178.89,19,178.9,667,178.892969
2023-10-09 21:14:00+00:00,178.87,178.87,178.87,12,178.87,326,178.870289
2023-10-09 21:15:00+00:00,178.8702,178.8702,178.8702,14,178.8702,590,178.871249
2023-10-09 21:23:00+00:00,178.87,178.87,178.87,12,178.87,160,178.874813
2023-10-09 21:24:00+00:00,178.87,178.87,178.87,12,178.87,254,178.870472
2023-10-09 21:26:00+00:00,178.9,178.9,178.9,8,178.9,542,178.898372
2023-10-09 21:29:00+00:00,178.9,178.9,178.9,18,178.9,344,178.887538
2023-10-09 21:31:00+00:00,178.88,178.88,178.88,10,178.88,156,178.87391
2023-10-09 21:32:00+00:00,178.86,178.86,178.86,15,178.86,558,178.860179
2023-10-09 21:38:00+00:00,178.82,178.83,178.82,23,178.83,721,178.833329
2023-10-09 21:39:00+00:00,178.82,178.82,178.82,19,178.82,255,178.820765
2023-10-09 21:40:00+00:00,178.8205,178.83,178.8205,14,178.83,366,178.827239
2023-10-09 21:41:00+00:00,178.83,178.83,178.83,20,178.83,346,178.354481
2023-10-09 21:42:00+00:00,178.85,178.85,178.85,15,178.85,397,178.848564
2023-10-09 21:50:00+00:00,178.81,178.82,178.81,11,178.82,2009,178.815207
2023-10-09 21:51:00+00:00,178.81,178.81,178.81,27,178.81,1184,178.808834
2023-10-09 21:52:00+00:00,178.82,178.82,178.82,18,178.82,422,178.819171
2023-10-09 21:53:00+00:00,178.83,178.83,178.83,14,178.83,442,178.829785
2023-10-09 21:54:00+00:00,178.83,178.84,178.83,11,178.84,225,178.834512
2023-10-09 21:55:00+00:00,178.82,178.83,178.81,17,178.81,1016,178.817613
2023-10-09 22:00:00+00:00,178.87,178.87,178.87,47,178.87,1096,178.868171
2023-10-09 22:04:00+00:00,178.83,178.83,178.83,11,178.83,521,178.829309
2023-10-09 22:07:00+00:00,178.82,178.82,178.82,19,178.82,361,178.815748
2023-10-09 22:08:00+00:00,178.8,178.8,178.8,16,178.8,564,178.802394
2023-10-09 22:10:00+00:00,178.84,178.84,178.8358,10,178.8358,359,178.834206
2023-10-09 22:11:00+00:00,178.8001,178.8001,178.8,10,178.8,365,178.800137
2023-10-09 22:12:00+00:00,178.8009,178.8009,178.8009,3,178.8009,105,178.800952
2023-10-09 22:13:00+00:00,178.8,178.8,178.8,18,178.8,858,178.799924
2023-10-09 22:14:00+00:00,178.8,178.8,178.8,17,178.8,130,178.799269
2023-10-09 22:15:00+00:00,178.84,178.84,178.79,26,178.8,1671,178.802244
2023-10-09 22:16:00+00:00,178.84,178.84,178.84,16,178.84,386,178.832073
2023-10-09 22:20:00+00:00,178.83,178.83,178.83,14,178.83,290,178.825034
2023-10-09 22:26:00+00:00,178.8,178.83,178.8,29,178.83,1600,178.806684
2023-10-09 22:27:00+00:00,178.8,178.8,178.8,14,178.8,1138,178.806385
2023-10-09 22:28:00+00:00,178.8,178.85,178.8,15,178.85,2073,178.81521
2023-10-09 22:29:00+00:00,178.85,178.85,178.85,17,178.85,488,178.844457
2023-10-09 22:30:00+00:00,178.86,178.86,178.86,6,178.86,513,178.858616
2023-10-09 22:31:00+00:00,178.84,178.85,178.81,25,178.81,2435,178.832641
2023-10-09 22:33:00+00:00,178.85,178.85,178.85,19,178.85,444,178.84839
2023-10-09 22:34:00+00:00,178.83,178.83,178.83,4,178.83,103,178.83
2023-10-09 22:35:00+00:00,178.83,178.83,178.8,24,178.83,1750,178.822014
2023-10-09 22:36:00+00:00,178.8001,178.8001,178.8,9,178.8,1297,178.800231
2023-10-09 22:38:00+00:00,178.85,178.85,178.85,24,178.85,931,178.850687
2023-10-09 22:42:00+00:00,178.8122,178.8122,178.8122,17,178.8122,353,178.819904
2023-10-09 22:48:00+00:00,178.8201,178.8201,178.8201,4,178.8201,165,178.820182
2023-10-09 22:49:00+00:00,178.89,178.89,178.89,7,178.89,506,178.889348
2023-10-09 22:51:00+00:00,178.88,178.88,178.88,9,178.88,514,178.878696
2023-10-09 22:52:00+00:00,178.88,178.88,178.88,29,178.88,672,178.877403
2023-10-09 22:53:00+00:00,178.8888,178.8888,178.8888,12,178.8888,1038,178.888399
2023-10-09 22:57:00+00:00,178.85,178.85,178.85,12,178.85,138,178.845254
2023-10-09 23:00:00+00:00,178.85,178.85,178.85,21,178.85,508,178.851378
2023-10-09 23:01:00+00:00,178.82,178.82,178.82,9,178.82,285,178.822912
2023-10-09 23:03:00+00:00,178.82,178.82,178.82,17,178.82,289,178.824637
2023-10-09 23:09:00+00:00,178.87,178.87,178.87,10,178.87,315,178.869143
2023-10-09 23:13:00+00:00,178.88,178.89,178.88,32,178.89,645,178.87955
2023-10-09 23:14:00+00:00,178.89,178.89,178.89,15,178.89,353,178.884589
2023-10-09 23:15:00+00:00,178.9,178.9,178.9,15,178.9,272,178.88489
2023-10-09 23:17:00+00:00,178.9,178.9,178.9,33,178.9,1039,178.894779
2023-10-09 23:20:00+00:00,178.89,178.89,178.88,11,178.88,967,178.880817
2023-10-09 23:22:00+00:00,178.85,178.95,178.85,41,178.87,1280,178.902241
2023-10-09 23:25:00+00:00,178.88,178.88,178.88,12,178.88,840,178.879405
2023-10-09 23:26:00+00:00,178.85,178.88,178.85,17,178.88,3434,178.853307
2023-10-09 23:30:00+00:00,178.88,178.88,178.88,8,178.88,489,178.878661
2023-10-09 23:32:00+00:00,178.94,178.94,178.9,14,178.9,451,178.922284
2023-10-09 23:34:00+00:00,178.95,178.95,178.94,40,178.94,2212,178.943072
2023-10-09 23:36:00+00:00,178.95,178.95,178.95,19,178.95,1503,178.949887
2023-10-09 23:37:00+00:00,178.95,178.95,178.95,16,178.95,4516,178.950306
2023-10-09 23:40:00+00:00,178.97,178.97,178.97,7,178.97,109,178.968119
2023-10-09 23:44:00+00:00,178.91,178.91,178.91,8,178.91,530,178.912575
2023-10-09 23:46:00+00:00,178.87,178.87,178.87,8,178.87,258,178.869845
2023-10-09 23:49:00+00:00,178.88,178.88,178.88,10,178.88,522,178.879444
2023-10-09 23:50:00+00:00,178.86,178.86,178.86,11,178.86,532,178.858985
2023-10-09 23:52:00+00:00,178.89,178.89,178.89,14,178.89,4690,178.889621
2023-10-09 23:54:00+00:00,178.96,178.96,178.94,16,178.94,1492,178.94755
2023-10-09 23:55:00+00:00,178.96,178.96,178.96,12,178.96,279,178.936577
2023-10-09 23:56:00+00:00,178.99,178.99,178.95,26,178.95,792,178.969362
2023-10-09 23:57:00+00:00,178.99,178.99,178.95,47,178.95,3091,178.957147
2023-10-09 23:59:00+00:00,178.88,179.0,178.88,60,178.95,2265,178.968649
