timestamp,close,high,low,trade_count,open,volume,vwap
2023-09-14 08:00:00+00:00,174.66,174.66,174.58,71,174.58,1590,174.637868
2023-09-14 08:01:00+00:00,174.78,174.78,174.71,69,174.71,1843,174.726945
2023-09-14 08:02:00+00:00,174.7,174.75,174.7,62,174.75,2362,174.718417
2023-09-14 08:03:00+00:00,174.76,174.76,174.7,21,174.7,976,174.733443
2023-09-14 08:04:00+00:00,174.66,174.72,174.66,93,174.72,3342,174.700305
2023-09-14 08:05:00+00:00,174.68,174.68,174.68,17,174.68,390,174.671436
2023-09-14 08:06:00+00:00,174.63,174.63,174.63,48,174.63,673,174.618722
2023-09-14 08:07:00+00:00,174.53,174.56,174.51,65,174.51,1554,174.550373
2023-09-14 08:08:00+00:00,174.55,174.56,174.55,56,174.56,2307,174.572237
2023-09-14 08:09:00+00:00,174.5,174.59,174.5,85,174.59,1906,174.520955
2023-09-14 08:11:00+00:00,174.49,174.49,174.49,34,174.49,783,174.496794
2023-09-14 08:12:00+00:00,174.47,174.47,174.47,73,174.47,992,174.456452
2023-09-14 08:14:00+00:00,174.46,174.46,174.46,17,174.46,283,174.456325
2023-09-14 08:15:00+00:00,174.42,174.44,174.4,32,174.44,995,174.423146
2023-09-14 08:16:00+00:00,174.42,174.42,174.4,25,174.41,824,174.410813
2023-09-14 08:17:00+00:00,174.45,174.45,174.45,25,174.45,435,174.458713
2023-09-14 08:20:00+00:00,174.41,174.43,174.41,23,174.43,593,174.427099
2023-09-14 08:22:00+00:00,174.46,174.46,174.46,12,174.46,295,174.468983
2023-09-14 08:23:00+00:00,174.37,174.43,174.37,113,174.43,3833,174.412713
2023-09-14 08:24:00+00:00,174.34,174.35,174.32,44,174.35,880,174.336341
2023-09-14 08:25:00+00:00,174.22,174.35,174.22,95,174.35,1912,174.291726
2023-09-14 08:27:00+00:00,174.41,174.48,174.35,41,174.35,2199,174.423256
2023-09-14 08:28:00+00:00,174.55,174.55,174.47,42,174.47,2836,174.501668
2023-09-14 08:29:00+00:00,174.51,174.56,174.51,44,174.52,1886,174.541029
2023-09-14 08:30:00+00:00,174.55,174.55,174.55,13,174.55,361,174.549086
2023-09-14 08:33:00+00:00,174.55,174.55,174.55,21,174.55,700,174.547657
2023-09-14 08:34:00+00:00,174.56,174.56,174.56,16,174.56,384,174.578672
2023-09-14 08:37:00+00:00,174.7,174.7,174.7,16,174.7,299,174.700535
2023-09-14 08:40:00+00:00,174.7,174.7,174.7,10,174.7,218,174.704908
2023-09-14 08:41:00+00:00,174.78,174.9,174.78,71,174.8,3347,174.850376
2023-09-14 08:42:00+00:00,174.71,174.71,174.71,18,174.71,1030,174.715728
2023-09-14 08:44:00+00:00,174.82,174.82,174.82,19,174.82,746,174.824839
2023-09-14 08:48:00+00:00,174.8,174.8,174.8,22,174.8,452,174.776504
2023-09-14 08:51:00+00:00,174.8,174.8,174.8,15,174.8,655,174.799008
2023-09-14 08:52:00+00:00,174.85,174.87,174.81,40,174.81,1535,174.845388
2023-09-14 08:53:00+00:00,174.83,174.88,174.83,16,174.88,648,174.845185
2023-09-14 08:54:00+00:00,174.77,174.82,174.77,37,174.82,895,174.798402
2023-09-14 08:55:00+00:00,174.8,174.8,174.8,19,174.8,485,174.797835
2023-09-14 08:56:00+00:00,174.7,174.75,174.7,62,174.75,1242,174.72318
2023-09-14 08:59:00+00:00,174.7,174.7,174.7,22,174.7,647,174.692998
2023-09-14 09:00:00+00:00,174.68,174.7,174.68,31,174.7,1012,174.682945
2023-09-14 09:01:00+00:00,174.65,174.68,174.65,22,174.68,498,174.672189
2023-09-14 09:03:00+00:00,174.65,174.67,174.65,8,174.67,285,174.668702
2023-09-14 09:06:00+00:00,174.8,174.8,174.8,10,174.8,347,174.815014
2023-09-14 09:15:00+00:00,174.84,174.85,174.84,27,174.85,492,174.844472
2023-09-14 09:17:00+00:00,174.81,174.84,174.81,7,174.84,273,174.829011
2023-09-14 09:19:00+00:00,174.76,174.76,174.76,39,174.76,556,174.755288
2023-09-14 09:20:00+00:00,174.73,174.73,174.73,5,174.73,113,174.730885
2023-09-14 09:32:00+00:00,174.8,174.8,174.8,6,174.8,113,174.800885
2023-09-14 09:33:00+00:00,174.8,174.8,174.8,27,174.8,818,174.797653
2023-09-14 09:34:00+00:00,174.77,174.77,174.75,27,174.77,952,174.764275
2023-09-14 09:36:00+00:00,174.72,174.72,174.71,48,174.71,547,174.72245
2023-09-14 09:41:00+00:00,174.7,174.7,174.69,9,174.69,431,174.686961
2023-09-14 09:43:00+00:00,174.71,174.74,174.7,34,174.72,2247,174.712737
2023-09-14 09:47:00+00:00,174.77,174.77,174.77,8,174.77,171,174.769064
2023-09-14 09:49:00+00:00,174.72,174.72,174.72,26,174.72,756,174.729008
2023-09-14 09:51:00+00:00,174.75,174.75,174.75,10,174.75,294,174.754252
2023-09-14 09:52:00+00:00,174.72,174.72,174.72,26,174.72,552,174.72875
2023-09-14 09:53:00+00:00,174.72,174.72,174.72,15,174.72,521,174.734107
2023-09-14 09:55:00+00:00,174.77,174.77,174.77,14,174.77,637,174.767724
2023-09-14 09:57:00+00:00,174.76,174.76,174.76,11,174.76,252,174.761111
2023-09-14 09:58:00+00:00,174.72,174.73,174.72,39,174.73,1059,174.724089
2023-09-14 10:02:00+00:00,174.75,174.75,174.74,18,174.74,569,174.744411
2023-09-14 10:08:00+00:00,174.72,174.76,174.72,34,174.76,909,174.747338
2023-09-14 10:10:00+00:00,174.78,174.78,174.78,13,174.78,352,174.788551
2023-09-14 10:11:00+00:00,174.81,174.81,174.81,9,174.81,208,174.80726
2023-09-14 10:14:00+00:00,174.84,174.84,174.84,6,174.84,175,174.835886
2023-09-14 10:16:00+00:00,174.83,174.84,174.83,13,174.84,422,174.836114
2023-09-14 10:17:00+00:00,174.8,174.8,174.8,44,174.8,2840,174.801961
2023-09-14 10:21:00+00:00,174.88,174.88,174.81,89,174.81,3495,174.85271
2023-09-14 10:22:00+00:00,174.79,174.79,174.79,26,174.79,679,174.795346
2023-09-14 10:23:00+00:00,174.87,174.87,174.82,20,174.82,1156,174.853529
2023-09-14 10:24:00+00:00,174.87,174.87,174.87,27,174.87,493,174.870953
2023-09-14 10:25:00+00:00,175.0,175.0,174.9,61,174.9,3231,174.978474
2023-09-14 10:27:00+00:00,175.0,175.0,175.0,31,175.0,961,175.013725
2023-09-14 10:28:00+00:00,175.02,175.02,175.02,13,175.02,346,175.02896
2023-09-14 10:30:00+00:00,174.96,174.96,174.96,12,174.96,235,174.967872
2023-09-14 10:31:00+00:00,174.96,174.96,174.96,9,174.96,192,174.973594
2023-09-14 10:32:00+00:00,174.97,174.97,174.97,10,174.97,262,174.963092
2023-09-14 10:33:00+00:00,175.07,175.07,174.97,43,174.97,2346,174.998598
2023-09-14 10:35:00+00:00,175.0,175.01,175.0,25,175.01,1030,175.006806
2023-09-14 10:36:00+00:00,175.06,175.1,175.04,54,175.04,2104,175.079572
2023-09-14 10:38:00+00:00,175.04,175.06,175.04,32,175.05,1038,175.033382
2023-09-14 10:40:00+00:00,175.1,175.1,175.04,17,175.04,633,175.067188
2023-09-14 10:41:00+00:00,175.04,175.05,175.04,16,175.05,443,175.050158
2023-09-14 10:42:00+00:00,175.01,175.02,175.01,22,175.02,918,175.01781
2023-09-14 10:44:00+00:00,175.08,175.08,175.06,28,175.06,1639,175.060055
2023-09-14 10:45:00+00:00,175.06,175.06,175.06,12,175.06,268,175.060522
2023-09-14 10:46:00+00:00,175.1,175.1,175.1,31,175.1,1387,175.104052
2023-09-14 10:47:00+00:00,175.14,175.14,175.1,36,175.14,1891,175.133146
2023-09-14 10:48:00+00:00,175.12,175.15,175.12,57,175.14,2574,175.133155
2023-09-14 10:49:00+00:00,175.15,175.19,175.08,38,175.12,1821,175.13799
2023-09-14 10:50:00+00:00,175.06,175.06,175.06,20,175.06,556,175.060881
2023-09-14 10:51:00+00:00,175.02,175.09,175.0,68,175.09,2389,175.033596
2023-09-14 10:52:00+00:00,175.0,175.02,175.0,51,175.02,1273,175.004195
2023-09-14 10:54:00+00:00,174.96,175.0,174.96,44,175.0,876,174.962043
2023-09-14 10:55:00+00:00,174.96,174.96,174.96,19,174.96,675,174.958726
2023-09-14 10:57:00+00:00,174.99,174.99,174.98,23,174.98,959,174.985985
2023-09-14 10:58:00+00:00,175.0,175.0,175.0,20,175.0,984,175.000203
2023-09-14 11:00:00+00:00,174.88,175.0,174.84,279,174.97,23920,174.889699
2023-09-14 11:01:00+00:00,174.88,174.88,174.85,113,174.88,7837,174.87399
2023-09-14 11:02:00+00:00,174.89,174.93,174.88,59,174.88,8641,174.905766
2023-09-14 11:03:00+00:00,174.85,174.85,174.85,29,174.85,663,174.859155
2023-09-14 11:04:00+00:00,174.9,174.9,174.88,16,174.88,1342,174.888629
2023-09-14 11:05:00+00:00,174.93,174.93,174.9,44,174.9,3896,174.914063
2023-09-14 11:06:00+00:00,174.97,174.97,174.93,14,174.93,936,174.949113
2023-09-14 11:07:00+00:00,174.95,174.99,174.93,78,174.96,4083,174.96252
2023-09-14 11:08:00+00:00,174.95,175.0,174.95,95,174.96,4938,174.973985
2023-09-14 11:09:00+00:00,174.98,174.98,174.98,11,174.98,266,174.980602
2023-09-14 11:10:00+00:00,174.92,174.96,174.92,114,174.95,12528,174.951972
2023-09-14 11:11:00+00:00,174.96,174.96,174.95,25,174.95,1219,174.954323
2023-09-14 11:12:00+00:00,175.0,175.0,174.98,65,174.98,4920,174.996636
2023-09-14 11:13:00+00:00,174.99,175.02,174.99,49,175.02,1298,174.995817
2023-09-14 11:14:00+00:00,174.9,175.02,174.9,109,175.0,23367,174.949561
2023-09-14 11:15:00+00:00,174.93,174.93,174.89,88,174.91,4199,174.905997
2023-09-14 11:16:00+00:00,174.88,174.93,174.88,62,174.91,18124,174.907016
2023-09-14 11:17:00+00:00,174.79,174.88,174.79,169,174.88,14322,174.832683
2023-09-14 11:18:00+00:00,174.7,174.77,174.7,171,174.77,11952,174.709761
2023-09-14 11:19:00+00:00,174.72,174.72,174.66,115,174.69,5388,174.696399
2023-09-14 11:20:00+00:00,174.85,174.9,174.83,48,174.83,2282,174.858146
2023-09-14 11:21:00+00:00,174.92,174.92,174.8,78,174.83,8049,174.837549
2023-09-14 11:22:00+00:00,174.8,174.86,174.8,60,174.86,18608,174.830478
2023-09-14 11:23:00+00:00,174.74,174.78,174.74,34,174.78,4480,174.776683
2023-09-14 11:24:00+00:00,174.75,174.78,174.75,29,174.78,826,174.761792
2023-09-14 11:25:00+00:00,174.67,174.73,174.67,71,174.73,2169,174.691365
2023-09-14 11:26:00+00:00,174.69,174.69,174.69,28,174.69,1216,174.690354
2023-09-14 11:27:00+00:00,174.72,174.72,174.72,17,174.72,279,174.720968
2023-09-14 11:28:00+00:00,174.7,174.72,174.7,45,174.72,1786,174.711859
2023-09-14 11:29:00+00:00,174.65,174.68,174.65,48,174.68,1176,174.674048
2023-09-14 11:30:00+00:00,174.73,174.73,174.63,52,174.64,2312,174.661211
2023-09-14 11:31:00+00:00,174.73,174.78,174.73,29,174.78,1305,174.740153
2023-09-14 11:32:00+00:00,174.69,174.71,174.69,27,174.71,453,174.697152
2023-09-14 11:33:00+00:00,174.62,174.66,174.62,57,174.65,2499,174.632385
2023-09-14 11:34:00+00:00,174.51,174.6,174.51,155,174.6,3201,174.571956
2023-09-14 11:35:00+00:00,174.56,174.57,174.56,43,174.56,1644,174.548406
2023-09-14 11:36:00+00:00,174.6,174.62,174.56,29,174.56,2273,174.587585
2023-09-14 11:37:00+00:00,174.56,174.6,174.56,29,174.6,1456,174.580817
2023-09-14 11:38:00+00:00,174.5,174.55,174.5,168,174.55,5382,174.50568
2023-09-14 11:39:00+00:00,174.47,174.48,174.47,40,174.48,1339,174.4705
2023-09-14 11:40:00+00:00,174.41,174.46,174.41,110,174.45,3788,174.434757
2023-09-14 11:41:00+00:00,174.5,174.51,174.41,68,174.41,6303,174.481993
2023-09-14 11:42:00+00:00,174.42,174.45,174.41,65,174.45,2207,174.424558
2023-09-14 11:43:00+00:00,174.44,174.45,174.4,48,174.4,1683,174.430636
2023-09-14 11:44:00+00:00,174.42,174.42,174.42,11,174.42,411,174.420073
2023-09-14 11:45:00+00:00,174.49,174.49,174.49,20,174.49,795,174.483635
2023-09-14 11:46:00+00:00,174.5,174.5,174.48,36,174.48,1865,174.486332
2023-09-14 11:48:00+00:00,174.51,174.51,174.51,16,174.51,455,174.513231
2023-09-14 11:49:00+00:00,174.54,174.55,174.54,37,174.55,1586,174.544641
2023-09-14 11:50:00+00:00,174.57,174.59,174.57,32,174.59,790,174.579797
2023-09-14 11:51:00+00:00,174.56,174.58,174.56,43,174.58,1332,174.553769
2023-09-14 11:53:00+00:00,174.54,174.54,174.54,18,174.54,933,174.538607
2023-09-14 11:54:00+00:00,174.55,174.55,174.55,20,174.55,423,174.548156
2023-09-14 11:56:00+00:00,174.63,174.63,174.63,10,174.63,364,174.623159
2023-09-14 11:57:00+00:00,174.6,174.61,174.6,35,174.6,3967,174.605427
2023-09-14 11:58:00+00:00,174.52,174.55,174.52,48,174.55,849,174.540424
2023-09-14 11:59:00+00:00,174.55,174.55,174.55,8,174.55,709,174.554133
2023-09-14 12:00:00+00:00,174.54,175.0,174.4001,992,174.88,110406,174.782432
2023-09-14 12:01:00+00:00,175.0,175.12,174.52,2003,174.59,18281,174.850793
2023-09-14 12:02:00+00:00,174.48,175.14,174.45,763,174.53,13833,174.688125
2023-09-14 12:03:00+00:00,174.5101,174.62,174.38,189,174.51,7081,174.46586
2023-09-14 12:04:00+00:00,174.62,174.65,174.61,53,174.62,2985,174.623978
2023-09-14 12:05:00+00:00,174.7,174.7,174.65,78,174.65,9539,174.683541
2023-09-14 12:06:00+00:00,174.6998,174.7,174.65,46,174.6505,7108,174.676636
2023-09-14 12:07:00+00:00,174.74,174.75,174.7,49,174.7,5586,174.735366
2023-09-14 12:08:00+00:00,174.73,174.73,174.7001,25,174.7283,3178,174.714997
2023-09-14 12:09:00+00:00,174.76,174.77,174.73,39,174.73,2534,174.752963
2023-09-14 12:10:00+00:00,174.93,174.93,174.77,86,174.77,8684,174.869694
2023-09-14 12:11:00+00:00,174.96,175.0,174.9171,105,174.9171,7491,174.950607
2023-09-14 12:12:00+00:00,174.96,175.05,174.96,184,174.96,16525,174.982917
2023-09-14 12:13:00+00:00,175.0,175.0,174.84,105,174.96,13044,174.936534
2023-09-14 12:14:00+00:00,174.87,174.87,174.85,42,174.85,1680,174.871214
2023-09-14 12:15:00+00:00,174.6,174.9,174.52,219,174.9,9046,174.670578
2023-09-14 12:16:00+00:00,174.83,174.9,174.73,59,174.8,5069,174.830927
2023-09-14 12:17:00+00:00,174.95,174.95,174.7932,64,174.9,8007,174.892348
2023-09-14 12:18:00+00:00,175.08,175.08,174.96,157,174.96,16988,174.999059
2023-09-14 12:19:00+00:00,175.0,175.08,175.0,97,175.0,11012,175.035315
2023-09-14 12:20:00+00:00,175.03,175.04,174.94,93,174.99,7473,174.982435
2023-09-14 12:21:00+00:00,174.85,175.02,174.8418,144,175.02,9307,174.902328
2023-09-14 12:22:00+00:00,174.67,174.8,174.67,185,174.8,7536,174.739912
2023-09-14 12:23:00+00:00,174.6895,174.7,174.64,51,174.67,3775,174.676599
2023-09-14 12:24:00+00:00,174.76,174.76,174.64,165,174.69,11120,174.69432
2023-09-14 12:25:00+00:00,174.8,174.8,174.67,76,174.68,3556,174.718512
2023-09-14 12:26:00+00:00,174.84,174.87,174.82,57,174.87,2143,174.841435
2023-09-14 12:27:00+00:00,174.77,174.8,174.69,56,174.7801,2820,174.767912
2023-09-14 12:28:00+00:00,174.75,174.78,174.75,50,174.77,2686,174.765068
2023-09-14 12:29:00+00:00,174.72,174.75,174.72,63,174.75,1162,174.736341
2023-09-14 12:30:00+00:00,174.3,174.71,174.3,428,174.71,22631,174.434369
2023-09-14 12:31:00+00:00,174.36,174.54,174.36,93,174.41,5946,174.469062
2023-09-14 12:32:00+00:00,174.45,174.5,174.34,76,174.39,7656,174.432937
2023-09-14 12:33:00+00:00,174.55,174.7,174.47,169,174.51,9605,174.529363
2023-09-14 12:34:00+00:00,174.4001,174.51,174.4,123,174.51,10985,174.421936
2023-09-14 12:35:00+00:00,174.26,174.48,174.26,246,174.48,16508,174.337558
2023-09-14 12:36:00+00:00,174.23,174.31,174.21,334,174.31,15448,174.265726
2023-09-14 12:37:00+00:00,174.11,174.29,174.11,408,174.24,26410,174.224561
2023-09-14 12:38:00+00:00,174.24,174.24,174.1,246,174.1287,16033,174.133277
2023-09-14 12:39:00+00:00,174.336,174.36,174.25,122,174.26,6592,174.289053
2023-09-14 12:40:00+00:00,174.3,174.42,174.3,145,174.34,6260,174.367029
2023-09-14 12:41:00+00:00,174.3,174.31,174.24,105,174.31,5056,174.279501
2023-09-14 12:42:00+00:00,174.45,174.45,174.38,98,174.41,6440,174.422287
2023-09-14 12:43:00+00:00,174.46,174.46,174.44,104,174.44,5749,174.457772
2023-09-14 12:44:00+00:00,174.47,174.49,174.45,99,174.45,5901,174.469488
2023-09-14 12:45:00+00:00,174.35,174.49,174.33,148,174.49,7719,174.409186
2023-09-14 12:46:00+00:00,174.38,174.41,174.38,82,174.4,3545,174.397918
2023-09-14 12:47:00+00:00,174.32,174.42,174.32,120,174.36,5406,174.369469
2023-09-14 12:48:00+00:00,174.3,174.33,174.27,147,174.33,7379,174.290527
2023-09-14 12:49:00+00:00,174.29,174.33,174.27,75,174.29,6395,174.300921
2023-09-14 12:50:00+00:00,174.37,174.44,174.27,176,174.3199,11065,174.321346
2023-09-14 12:51:00+00:00,174.5,174.5,174.33,127,174.33,11163,174.424116
2023-09-14 12:52:00+00:00,174.69,174.74,174.5,351,174.5,25264,174.608828
2023-09-14 12:53:00+00:00,174.55,174.72,174.55,168,174.69,8653,174.623352
2023-09-14 12:54:00+00:00,174.5,174.53,174.45,154,174.52,8736,174.495729
2023-09-14 12:55:00+00:00,174.58,174.58,174.5,119,174.53,5443,174.558963
2023-09-14 12:56:00+00:00,174.42,174.58,174.3416,133,174.58,6750,174.457226
2023-09-14 12:57:00+00:00,174.44,174.47,174.3416,148,174.4,9476,174.400995
2023-09-14 12:58:00+00:00,174.39,174.49,174.39,71,174.49,3452,174.437943
2023-09-14 12:59:00+00:00,174.44,174.44,174.33,71,174.33,6087,174.372228
2023-09-14 13:00:00+00:00,174.46,174.55,174.38,135,174.41,9576,174.476003
2023-09-14 13:01:00+00:00,174.48,174.5,174.4,113,174.45,5172,174.43675
2023-09-14 13:02:00+00:00,174.45,174.48,174.45,65,174.48,3315,174.461743
2023-09-14 13:03:00+00:00,174.45,174.45,174.4,124,174.45,5493,174.434505
2023-09-14 13:04:00+00:00,174.57,174.6,174.46,131,174.46,11174,174.536247
2023-09-14 13:05:00+00:00,174.65,174.7,174.5999,164,174.5999,13814,174.64921
2023-09-14 13:06:00+00:00,174.62,174.68,174.58,205,174.67,13251,174.628046
2023-09-14 13:07:00+00:00,174.6814,174.87,174.67,309,174.67,30589,174.774714
2023-09-14 13:08:00+00:00,174.69,174.71,174.6499,84,174.71,6823,174.683206
2023-09-14 13:09:00+00:00,174.73,174.74,174.68,108,174.69,8997,174.710161
2023-09-14 13:10:00+00:00,174.5,174.72,174.5,278,174.69,19676,174.613906
2023-09-14 13:11:00+00:00,174.68,174.68,174.52,112,174.52,13372,174.575465
2023-09-14 13:12:00+00:00,174.6,174.66,174.58,79,174.66,2445,174.604106
2023-09-14 13:13:00+00:00,174.61,174.63,174.53,126,174.62,4803,174.576784
2023-09-14 13:14:00+00:00,174.58,174.6101,174.57,69,174.57,2986,174.607717
2023-09-14 13:15:00+00:00,174.67,174.68,174.61,64,174.63,5026,174.645347
2023-09-14 13:16:00+00:00,174.63,174.64,174.58,84,174.62,2576,174.620809
2023-09-14 13:17:00+00:00,174.57,174.64,174.54,119,174.64,9335,174.571792
2023-09-14 13:18:00+00:00,174.6,174.61,174.55,81,174.55,3481,174.581832
2023-09-14 13:19:00+00:00,174.59,174.61,174.58,124,174.61,5246,174.595965
2023-09-14 13:20:00+00:00,174.62,174.65,174.59,147,174.59,7647,174.627136
2023-09-14 13:21:00+00:00,174.81,174.88,174.63,239,174.63,18896,174.774476
2023-09-14 13:22:00+00:00,174.7201,174.85,174.72,137,174.82,8007,174.782043
2023-09-14 13:23:00+00:00,174.75,174.75,174.67,130,174.741,5604,174.708656
2023-09-14 13:24:00+00:00,174.66,174.73,174.63,205,174.71,10098,174.671095
2023-09-14 13:25:00+00:00,174.33,174.5,174.23,625,174.49,31361,174.356098
2023-09-14 13:26:00+00:00,174.3,174.33,174.22,425,174.25,37014,174.270179
2023-09-14 13:27:00+00:00,174.44,174.44,174.14,458,174.3,22826,174.253765
2023-09-14 13:28:00+00:00,174.13,174.3,174.03,449,174.3,38648,174.12445
2023-09-14 13:29:00+00:00,174.01,174.24,174.0,1139,174.15,54884,174.100928
2023-09-14 13:30:00+00:00,173.8728,174.2,173.81,13143,174.0,1453291,173.990298
2023-09-14 13:31:00+00:00,173.66,174.0997,173.58,4940,173.88,359213,173.812027
2023-09-14 13:32:00+00:00,174.18,174.197,173.6,3991,173.655,359102,173.790705
2023-09-14 13:33:00+00:00,174.34,174.47,174.0,4202,174.18,372417,174.282429
2023-09-14 13:34:00+00:00,174.27,174.45,174.13,2742,174.31,196096,174.280959
2023-09-14 13:35:00+00:00,174.36,174.39,174.1,2536,174.29,190100,174.244807
2023-09-14 13:36:00+00:00,174.575,174.78,174.33,4861,174.365,487658,174.590716
2023-09-14 13:37:00+00:00,174.935,174.95,174.5472,3638,174.57,346659,174.779055
2023-09-14 13:38:00+00:00,175.022,175.13,174.89,4640,174.94,411821,174.997323
2023-09-14 13:39:00+00:00,174.99,175.13,174.91,3152,175.03,297616,175.027485
2023-09-14 13:40:00+00:00,175.27,175.35,174.88,3926,174.99,400021,175.108291
2023-09-14 13:41:00+00:00,175.46,175.53,175.14,3509,175.2552,378796,175.393901
2023-09-14 13:42:00+00:00,175.468,175.4703,175.31,2417,175.47,227054,175.385012
2023-09-14 13:43:00+00:00,175.1903,175.4699,175.07,3617,175.4643,348404,175.254676
2023-09-14 13:44:00+00:00,175.4301,175.46,175.12,2127,175.2,210443,175.272327
2023-09-14 13:45:00+00:00,175.4699,175.49,175.29,2001,175.445,208784,175.412374
2023-09-14 13:46:00+00:00,175.28,175.63,175.27,4947,175.47,363367,175.500054
2023-09-14 13:47:00+00:00,175.185,175.38,174.98,5501,175.2925,363908,175.12926
2023-09-14 13:48:00+00:00,175.135,175.29,175.0,4675,175.18,236133,175.153236
2023-09-14 13:49:00+00:00,174.97,175.24,174.94,4994,175.13,290888,175.08022
2023-09-14 13:50:00+00:00,174.76,175.04,174.74,5747,174.97,306352,174.842037
2023-09-14 13:51:00+00:00,174.8739,174.91,174.7,4129,174.76,162256,174.780148
2023-09-14 13:52:00+00:00,175.21,175.265,174.865,4835,174.865,264508,175.074917
2023-09-14 13:53:00+00:00,174.91,175.25,174.82,4506,175.22,229716,175.036881
2023-09-14 13:54:00+00:00,174.99,175.05,174.825,3885,174.9,158195,174.944213
2023-09-14 13:55:00+00:00,174.93,174.99,174.8,3752,174.98,167169,174.876592
2023-09-14 13:56:00+00:00,174.7,174.92,174.5822,4484,174.91,226873,174.692258
2023-09-14 13:57:00+00:00,175.0501,175.08,174.71,3839,174.72,174059,174.939123
2023-09-14 13:58:00+00:00,175.0909,175.22,175.04,3787,175.05,170085,175.126196
2023-09-14 13:59:00+00:00,175.37,175.4,175.09,4132,175.1,223367,175.280563
2023-09-14 14:00:00+00:00,175.3067,175.46,175.2,4496,175.4,212005,175.32805
2023-09-14 14:01:00+00:00,175.1,175.3,175.04,3939,175.3,135108,175.156826
2023-09-14 14:02:00+00:00,174.97,175.14,174.93,3681,175.09,153625,175.015898
2023-09-14 14:03:00+00:00,174.9473,174.99,174.82,4168,174.976,174627,174.912016
2023-09-14 14:04:00+00:00,174.7999,174.94,174.79,3842,174.94,96797,174.849398
2023-09-14 14:05:00+00:00,174.7495,174.79,174.665,4446,174.79,211911,174.733071
2023-09-14 14:06:00+00:00,174.83,174.88,174.69,4170,174.75,169005,174.773712
2023-09-14 14:07:00+00:00,174.9,175.0631,174.81,4868,174.81,277770,174.975805
2023-09-14 14:08:00+00:00,174.64,174.9599,174.64,3819,174.9101,133445,174.8128
2023-09-14 14:09:00+00:00,174.575,174.77,174.52,4993,174.65,272310,174.636758
2023-09-14 14:10:00+00:00,174.545,174.59,174.4,5151,174.57,270481,174.490765
2023-09-14 14:11:00+00:00,174.64,174.65,174.485,3827,174.545,171418,174.580285
2023-09-14 14:12:00+00:00,174.6289,174.77,174.5601,3485,174.64,136512,174.680152
2023-09-14 14:13:00+00:00,174.7936,174.87,174.59,3792,174.63,167820,174.779363
2023-09-14 14:14:00+00:00,174.76,174.83,174.7,3279,174.795,94816,174.755989
2023-09-14 14:15:00+00:00,174.72,174.83,174.68,3559,174.75,121927,174.753971
2023-09-14 14:16:00+00:00,174.5401,174.73,174.52,4048,174.72,161024,174.652248
2023-09-14 14:17:00+00:00,174.56,174.61,174.44,4246,174.5515,172966,174.525864
2023-09-14 14:18:00+00:00,174.41,174.58,174.38,3976,174.56,151773,174.477376
2023-09-14 14:19:00+00:00,174.44,174.49,174.3219,3762,174.4099,169735,174.406212
2023-09-14 14:20:00+00:00,174.4399,174.45,174.31,3653,174.44,189044,174.387647
2023-09-14 14:21:00+00:00,174.5401,174.5999,174.375,4106,174.42,158008,174.478713
2023-09-14 14:22:00+00:00,174.715,174.7299,174.5301,3513,174.54,146939,174.626785
2023-09-14 14:23:00+00:00,174.7007,174.74,174.62,3102,174.71,112084,174.694192
2023-09-14 14:24:00+00:00,174.685,174.74,174.58,2902,174.705,139009,174.667555
2023-09-14 14:25:00+00:00,174.62,174.71,174.5825,3050,174.68,112829,174.645202
2023-09-14 14:26:00+00:00,174.55,174.7,174.53,3241,174.63,106726,174.630475
2023-09-14 14:27:00+00:00,174.59,174.62,174.52,3007,174.54,86780,174.586437
2023-09-14 14:28:00+00:00,174.7,174.7099,174.58,2673,174.585,110404,174.64621
2023-09-14 14:29:00+00:00,174.81,174.82,174.63,3541,174.69,227379,174.743431
2023-09-14 14:30:00+00:00,175.0022,175.049,174.81,3894,174.81,219755,174.922908
2023-09-14 14:31:00+00:00,175.1899,175.1899,174.93,3839,175.0099,158328,175.071352
2023-09-14 14:32:00+00:00,175.09,175.26,175.07,4497,175.185,226787,175.167518
2023-09-14 14:33:00+00:00,175.19,175.24,175.07,3957,175.0801,196169,175.178192
2023-09-14 14:34:00+00:00,175.22,175.23,175.11,3761,175.1825,159782,175.169334
2023-09-14 14:35:00+00:00,175.09,175.23,175.06,3524,175.22,129073,175.148142
2023-09-14 14:36:00+00:00,175.0562,175.13,175.05,3174,175.09,131466,175.094185
2023-09-14 14:37:00+00:00,175.1401,175.17,175.05,2964,175.052,107472,175.129354
2023-09-14 14:38:00+00:00,175.13,175.22,175.1201,1435,175.15,121366,175.179244
2023-09-14 14:39:00+00:00,174.99,175.175,174.97,2307,175.135,225723,175.028035
2023-09-14 14:40:00+00:00,175.235,175.29,174.98,1974,174.99,218736,175.136179
2023-09-14 14:41:00+00:00,175.35,175.4,175.22,1989,175.23,255924,175.318676
2023-09-14 14:42:00+00:00,175.035,175.37,175.03,2146,175.36,238346,175.207755
2023-09-14 14:43:00+00:00,175.1807,175.26,175.03,1410,175.048,136421,175.136539
2023-09-14 14:44:00+00:00,175.3399,175.35,175.16,1166,175.2,91069,175.243423
2023-09-14 14:45:00+00:00,175.49,175.55,175.34,2735,175.34,377914,175.468721
2023-09-14 14:46:00+00:00,175.54,175.57,175.49,1540,175.51,177997,175.52923
2023-09-14 14:47:00+00:00,175.46,175.57,175.4518,1844,175.55,232103,175.508857
2023-09-14 14:48:00+00:00,175.35,175.47,175.325,1544,175.4642,166356,175.390413
2023-09-14 14:49:00+00:00,175.32,175.41,175.3042,1501,175.358,119569,175.364795
2023-09-14 14:50:00+00:00,175.26,175.4,175.25,1246,175.325,102699,175.334265
2023-09-14 14:51:00+00:00,175.35,175.42,175.23,1751,175.2611,168966,175.336632
2023-09-14 14:52:00+00:00,175.3802,175.44,175.34,1392,175.345,122225,175.384635
2023-09-14 14:53:00+00:00,175.3609,175.4552,175.36,941,175.3836,77200,175.39876
2023-09-14 14:54:00+00:00,175.28,175.39,175.26,1459,175.36,130873,175.313888
2023-09-14 14:55:00+00:00,175.35,175.4066,175.31,1013,175.31,87649,175.363713
2023-09-14 14:56:00+00:00,175.3202,175.3599,175.305,1267,175.34,116951,175.334521
2023-09-14 14:57:00+00:00,175.3,175.356,175.2901,936,175.32,97679,175.31903
2023-09-14 14:58:00+00:00,175.1954,175.31,175.18,1309,175.2997,651348,175.271193
2023-09-14 14:59:00+00:00,175.22,175.26,175.2,857,175.2,161990,175.237102
2023-09-14 15:00:00+00:00,175.2751,175.355,175.21,1333,175.225,109639,175.269158
2023-09-14 15:01:00+00:00,175.52,175.5299,175.28,1998,175.28,267102,175.413345
2023-09-14 15:02:00+00:00,175.55,175.62,175.51,1541,175.53,183120,175.565886
2023-09-14 15:03:00+00:00,175.45,175.59,175.44,1047,175.5577,98247,175.512892
2023-09-14 15:04:00+00:00,175.515,175.5353,175.42,883,175.45,73504,175.490812
2023-09-14 15:05:00+00:00,175.473,175.58,175.47,1120,175.51,95503,175.534124
2023-09-14 15:06:00+00:00,175.5,175.57,175.46,1443,175.47,188005,175.460652
2023-09-14 15:07:00+00:00,175.5999,175.62,175.509,1118,175.51,115303,175.569538
2023-09-14 15:08:00+00:00,175.64,175.67,175.59,1476,175.59,184682,175.644902
2023-09-14 15:09:00+00:00,175.63,175.76,175.6201,1562,175.65,167034,175.688278
2023-09-14 15:10:00+00:00,175.59,175.73,175.59,1594,175.63,144966,175.654653
2023-09-14 15:11:00+00:00,175.52,175.63,175.5,1433,175.5925,124796,175.567164
2023-09-14 15:12:00+00:00,175.405,175.52,175.32,1803,175.52,141842,175.432494
2023-09-14 15:13:00+00:00,175.4,175.47,175.36,1137,175.41,124796,175.417544
2023-09-14 15:14:00+00:00,175.34,175.46,175.33,1303,175.4099,142670,175.396021
2023-09-14 15:15:00+00:00,175.3565,175.36,175.25,1322,175.3303,103942,175.300318
2023-09-14 15:16:00+00:00,175.4019,175.42,175.31,1047,175.355,105266,175.36075
2023-09-14 15:17:00+00:00,175.455,175.48,175.38,894,175.41,67334,175.442307
2023-09-14 15:18:00+00:00,175.6099,175.6099,175.4239,1101,175.46,118390,175.498322
2023-09-14 15:19:00+00:00,175.54,175.65,175.53,965,175.605,108454,175.590305
2023-09-14 15:20:00+00:00,175.51,175.61,175.51,916,175.54,73390,175.555995
2023-09-14 15:21:00+00:00,175.5177,175.54,175.45,866,175.51,60243,175.500066
2023-09-14 15:22:00+00:00,175.4012,175.515,175.38,889,175.515,71335,175.44118
2023-09-14 15:23:00+00:00,175.42,175.46,175.36,833,175.4,76351,175.411223
2023-09-14 15:24:00+00:00,175.4501,175.49,175.38,749,175.4089,55405,175.432953
2023-09-14 15:25:00+00:00,175.375,175.47,175.3508,734,175.46,72286,175.412613
2023-09-14 15:26:00+00:00,175.35,175.41,175.3201,737,175.3752,54438,175.359744
2023-09-14 15:27:00+00:00,175.42,175.42,175.33,865,175.3486,65890,175.382376
2023-09-14 15:28:00+00:00,175.4899,175.52,175.39,1027,175.4054,89678,175.474012
2023-09-14 15:29:00+00:00,175.39,175.49,175.36,1020,175.47,84054,175.40495
2023-09-14 15:30:00+00:00,175.51,175.53,175.39,1147,175.39,98772,175.478456
2023-09-14 15:31:00+00:00,175.41,175.56,175.37,803,175.5178,75437,175.474816
2023-09-14 15:32:00+00:00,175.35,175.42,175.35,797,175.4024,63025,175.391183
2023-09-14 15:33:00+00:00,175.35,175.38,175.31,820,175.35,55267,175.34994
2023-09-14 15:34:00+00:00,175.35,175.38,175.32,710,175.3401,50321,175.358144
2023-09-14 15:35:00+00:00,175.2118,175.4,175.21,1219,175.34,106842,175.314103
2023-09-14 15:36:00+00:00,175.27,175.34,175.18,1076,175.21,112140,175.256934
2023-09-14 15:37:00+00:00,175.3,175.31,175.26,683,175.27,42141,175.284171
2023-09-14 15:38:00+00:00,175.245,175.3,175.18,973,175.3,75618,175.235441
2023-09-14 15:39:00+00:00,175.155,175.25,175.13,1021,175.2477,79441,175.170021
2023-09-14 15:40:00+00:00,175.145,175.16,175.07,1044,175.15,91574,175.121055
2023-09-14 15:41:00+00:00,175.078,175.145,175.06,923,175.145,80314,175.091659
2023-09-14 15:42:00+00:00,174.91,175.09,174.83,3620,175.09,281155,174.932811
2023-09-14 15:43:00+00:00,175.05,175.1,174.9,1185,174.9199,130019,175.015226
2023-09-14 15:44:00+00:00,174.91,175.04,174.83,1335,175.04,119711,174.919644
2023-09-14 15:45:00+00:00,175.025,175.0399,174.885,915,174.91,98431,174.95465
2023-09-14 15:46:00+00:00,175.135,175.2,175.02,1312,175.025,155592,175.112675
2023-09-14 15:47:00+00:00,175.02,175.13,174.9541,852,175.13,69954,175.03695
2023-09-14 15:48:00+00:00,175.05,175.06,174.98,787,175.01,72203,175.024539
2023-09-14 15:49:00+00:00,175.1199,175.14,175.03,708,175.05,58453,175.095781
2023-09-14 15:50:00+00:00,175.175,175.19,175.1,1066,175.11,114043,175.156726
2023-09-14 15:51:00+00:00,175.21,175.26,175.16,1201,175.18,162150,175.19914
2023-09-14 15:52:00+00:00,175.265,175.28,175.18,752,175.23,53414,175.23379
2023-09-14 15:53:00+00:00,175.29,175.3,175.23,698,175.27,58680,175.267635
2023-09-14 15:54:00+00:00,175.3466,175.36,175.281,803,175.281,70879,175.322098
2023-09-14 15:55:00+00:00,175.29,175.36,175.28,654,175.35,47281,175.330824
2023-09-14 15:56:00+00:00,175.38,175.4,175.305,752,175.305,55398,175.349688
2023-09-14 15:57:00+00:00,175.4001,175.4217,175.35,720,175.3866,59339,175.381899
2023-09-14 15:58:00+00:00,175.425,175.46,175.405,829,175.41,76625,175.440782
2023-09-14 15:59:00+00:00,175.5,175.51,175.4,974,175.42,116614,175.468847
2023-09-14 16:00:00+00:00,175.4373,175.54,175.4,1003,175.5,76672,175.476149
2023-09-14 16:01:00+00:00,175.32,175.43,175.3,1002,175.43,86294,175.353031
2023-09-14 16:02:00+00:00,175.31,175.32,175.27,938,175.31,88743,175.298977
2023-09-14 16:03:00+00:00,175.345,175.345,175.29,1136,175.31,109183,175.311225
2023-09-14 16:04:00+00:00,175.3451,175.36,175.31,694,175.35,57375,175.330153
2023-09-14 16:05:00+00:00,175.36,175.44,175.31,1201,175.33,129857,175.370531
2023-09-14 16:06:00+00:00,175.4173,175.42,175.35,615,175.36,49808,175.37815
2023-09-14 16:07:00+00:00,175.401,175.43,175.35,773,175.42,64587,175.385997
2023-09-14 16:08:00+00:00,175.39,175.405,175.3,820,175.4025,66534,175.345913
2023-09-14 16:09:00+00:00,175.315,175.385,175.31,657,175.385,54298,175.349598
2023-09-14 16:10:00+00:00,175.43,175.43,175.2806,1238,175.31,112503,175.345403
2023-09-14 16:11:00+00:00,175.535,175.545,175.4218,1035,175.44,141653,175.496508
2023-09-14 16:12:00+00:00,175.54,175.56,175.48,1084,175.54,109750,175.521703
2023-09-14 16:13:00+00:00,175.65,175.72,175.53,1562,175.555,165490,175.628736
2023-09-14 16:14:00+00:00,175.78,175.79,175.65,1353,175.65,130095,175.739968
2023-09-14 16:15:00+00:00,175.899,176.0,175.755,2575,175.775,295182,175.909882
2023-09-14 16:16:00+00:00,175.7399,175.94,175.7201,1123,175.895,109953,175.841394
2023-09-14 16:17:00+00:00,175.76,175.785,175.69,941,175.735,71029,175.734755
2023-09-14 16:18:00+00:00,175.74,175.8,175.72,865,175.76,93403,175.75638
2023-09-14 16:19:00+00:00,175.62,175.73,175.62,958,175.73,92864,175.666385
2023-09-14 16:20:00+00:00,175.61,175.71,175.55,1123,175.6213,109532,175.635458
2023-09-14 16:21:00+00:00,175.5103,175.6599,175.46,1094,175.615,84635,175.564475
2023-09-14 16:22:00+00:00,175.4685,175.53,175.46,896,175.51,74026,175.512389
2023-09-14 16:23:00+00:00,175.525,175.55,175.46,763,175.475,65144,175.496062
2023-09-14 16:24:00+00:00,175.51,175.6,175.5,732,175.5288,70113,175.554387
2023-09-14 16:25:00+00:00,175.5,175.5299,175.43,857,175.5199,78700,175.476773
2023-09-14 16:26:00+00:00,175.5283,175.58,175.47,694,175.51,50690,175.531133
2023-09-14 16:27:00+00:00,175.5199,175.59,175.4901,769,175.52,83768,175.537343
2023-09-14 16:28:00+00:00,175.59,175.59,175.48,672,175.51,50734,175.537942
2023-09-14 16:29:00+00:00,175.52,175.58,175.48,691,175.57,54530,175.530346
2023-09-14 16:30:00+00:00,175.62,175.63,175.49,767,175.51,69233,175.567417
2023-09-14 16:31:00+00:00,175.74,175.7601,175.6171,868,175.6282,70297,175.703823
2023-09-14 16:32:00+00:00,175.735,175.76,175.69,881,175.7376,97431,175.720325
2023-09-14 16:33:00+00:00,175.53,175.735,175.53,783,175.735,54530,175.61303
2023-09-14 16:34:00+00:00,175.53,175.56,175.46,854,175.53,69309,175.512525
2023-09-14 16:35:00+00:00,175.365,175.52,175.32,1484,175.52,138365,175.426605
2023-09-14 16:36:00+00:00,175.4028,175.45,175.34,798,175.36,74181,175.395747
2023-09-14 16:37:00+00:00,175.44,175.44,175.375,654,175.41,43008,175.398493
2023-09-14 16:38:00+00:00,175.09,175.48,175.02,3802,175.44,378324,175.232743
2023-09-14 16:39:00+00:00,175.4,175.41,175.0999,1357,175.1,144991,175.234549
2023-09-14 16:40:00+00:00,175.46,175.4791,175.375,852,175.38,81093,175.428155
2023-09-14 16:41:00+00:00,175.51,175.5346,175.45,897,175.47,87435,175.486776
2023-09-14 16:42:00+00:00,175.51,175.54,175.4815,599,175.5,44087,175.513117
2023-09-14 16:43:00+00:00,175.48,175.51,175.46,589,175.49,39143,175.480285
2023-09-14 16:44:00+00:00,175.5593,175.5593,175.46,776,175.49,73961,175.506542
2023-09-14 16:45:00+00:00,175.4989,175.55,175.47,666,175.55,65816,175.50702
2023-09-14 16:46:00+00:00,175.51,175.54,175.475,555,175.4982,40030,175.506381
2023-09-14 16:47:00+00:00,175.465,175.53,175.44,632,175.5,45335,175.488455
2023-09-14 16:48:00+00:00,175.49,175.49,175.425,637,175.46,42686,175.45075
2023-09-14 16:49:00+00:00,175.65,175.65,175.4801,915,175.49,85061,175.586238
2023-09-14 16:50:00+00:00,175.73,175.73,175.615,1105,175.66,131825,175.681395
2023-09-14 16:51:00+00:00,175.815,175.82,175.71,1166,175.72,147423,175.755467
2023-09-14 16:52:00+00:00,175.83,175.85,175.745,1396,175.815,178442,175.80389
2023-09-14 16:53:00+00:00,175.8295,175.88,175.78,1473,175.84,181520,175.832778
2023-09-14 16:54:00+00:00,175.84,175.86,175.75,816,175.82,74805,175.815817
2023-09-14 16:55:00+00:00,175.825,175.89,175.8,816,175.8403,92398,175.84577
2023-09-14 16:56:00+00:00,175.87,175.87,175.7725,854,175.81,73893,175.816778
2023-09-14 16:57:00+00:00,175.88,175.88,175.83,763,175.865,66926,175.853788
2023-09-14 16:58:00+00:00,175.955,175.96,175.85,1188,175.86,137287,175.91477
2023-09-14 16:59:00+00:00,175.87,175.97,175.83,982,175.9599,95081,175.915928
2023-09-14 17:00:00+00:00,175.69,175.878,175.68,1145,175.8759,102565,175.767292
2023-09-14 17:01:00+00:00,175.7204,175.74,175.675,806,175.69,103674,175.707113
2023-09-14 17:02:00+00:00,175.69,175.7354,175.62,825,175.727,61434,175.670446
2023-09-14 17:03:00+00:00,175.65,175.7,175.62,597,175.68,43546,175.660311
2023-09-14 17:04:00+00:00,175.68,175.72,175.6,776,175.6444,57714,175.658058
2023-09-14 17:05:00+00:00,175.5897,175.68,175.57,690,175.67,49281,175.621842
2023-09-14 17:06:00+00:00,175.5,175.62,175.49,1002,175.59,79172,175.538776
2023-09-14 17:07:00+00:00,175.57,175.58,175.46,704,175.49,68650,175.538068
2023-09-14 17:08:00+00:00,175.57,175.63,175.56,857,175.5792,68293,175.599895
2023-09-14 17:09:00+00:00,175.5,175.57,175.49,777,175.56,66086,175.523055
2023-09-14 17:10:00+00:00,175.49,175.55,175.4601,647,175.51,644554,175.499857
2023-09-14 17:11:00+00:00,175.64,175.6495,175.4789,715,175.48,58123,175.563494
2023-09-14 17:12:00+00:00,175.59,175.71,175.59,938,175.63,78681,175.655156
2023-09-14 17:13:00+00:00,175.71,175.74,175.6,652,175.6099,71059,175.673582
2023-09-14 17:14:00+00:00,175.68,175.7,175.63,571,175.7,51616,175.668387
2023-09-14 17:15:00+00:00,175.6699,175.69,175.63,676,175.67,59989,175.666819
2023-09-14 17:16:00+00:00,175.7199,175.7229,175.64,667,175.67,53413,175.687445
2023-09-14 17:17:00+00:00,175.65,175.72,175.6098,698,175.72,56253,175.654031
2023-09-14 17:18:00+00:00,175.71,175.74,175.655,592,175.66,42605,175.703078
2023-09-14 17:19:00+00:00,175.825,175.84,175.695,920,175.715,96466,175.776504
2023-09-14 17:20:00+00:00,175.91,175.93,175.81,915,175.825,127917,175.875274
2023-09-14 17:21:00+00:00,175.83,175.93,175.82,942,175.91,105410,175.86595
2023-09-14 17:22:00+00:00,175.77,175.83,175.76,798,175.83,65373,175.79143
2023-09-14 17:23:00+00:00,175.72,175.7768,175.68,722,175.77,85209,175.71558
2023-09-14 17:24:00+00:00,175.69,175.73,175.67,604,175.72,54834,175.698769
2023-09-14 17:25:00+00:00,175.6827,175.72,175.66,710,175.68,50492,175.686898
2023-09-14 17:26:00+00:00,175.7396,175.76,175.68,645,175.6801,44852,175.732602
2023-09-14 17:27:00+00:00,175.74,175.77,175.68,722,175.735,60257,175.725208
2023-09-14 17:28:00+00:00,175.8492,175.87,175.75,759,175.75,61595,175.824536
2023-09-14 17:29:00+00:00,175.7946,175.85,175.7701,568,175.839,48755,175.809986
2023-09-14 17:30:00+00:00,175.92,175.92,175.8,1133,175.8,89436,175.854848
2023-09-14 17:31:00+00:00,175.945,175.97,175.89,1088,175.92,82433,175.930805
2023-09-14 17:32:00+00:00,175.945,175.95,175.88,837,175.945,93414,175.918958
2023-09-14 17:33:00+00:00,175.91,175.96,175.88,980,175.94,117306,175.916528
2023-09-14 17:34:00+00:00,175.9361,175.95,175.9001,580,175.9012,42130,175.9233
2023-09-14 17:35:00+00:00,175.95,175.97,175.91,846,175.9499,82618,175.942264
2023-09-14 17:36:00+00:00,175.95,175.99,175.9,838,175.959,94812,175.946115
2023-09-14 17:37:00+00:00,175.8836,175.9484,175.87,681,175.94,62885,175.90829
2023-09-14 17:38:00+00:00,175.9392,175.94,175.85,731,175.87,100257,175.875718
2023-09-14 17:39:00+00:00,175.9467,175.98,175.91,773,175.935,90660,175.948171
2023-09-14 17:40:00+00:00,175.8873,175.95,175.86,747,175.95,74342,175.895951
2023-09-14 17:41:00+00:00,175.88,175.92,175.87,532,175.89,39885,175.879989
2023-09-14 17:42:00+00:00,175.87,175.89,175.811,831,175.88,70686,175.849814
2023-09-14 17:43:00+00:00,175.86,175.905,175.83,590,175.87,41730,175.867655
2023-09-14 17:44:00+00:00,176.02,176.04,175.86,2290,175.8701,247757,175.989802
2023-09-14 17:45:00+00:00,175.92,176.0303,175.9,887,176.0188,121490,175.981198
2023-09-14 17:46:00+00:00,175.8501,175.925,175.821,1040,175.92,125283,175.869586
2023-09-14 17:47:00+00:00,175.845,175.88,175.81,652,175.87,64593,175.854498
2023-09-14 17:48:00+00:00,175.855,175.86,175.82,551,175.85,65373,175.846212
2023-09-14 17:49:00+00:00,175.875,175.93,175.82,873,175.85,85733,175.871337
2023-09-14 17:50:00+00:00,175.8201,175.88,175.82,543,175.8746,35420,175.847962
2023-09-14 17:51:00+00:00,175.9142,175.9261,175.76,951,175.8299,83718,175.837693
2023-09-14 17:52:00+00:00,175.9,175.965,175.8701,767,175.9199,60668,175.933671
2023-09-14 17:53:00+00:00,175.8,175.9,175.7901,550,175.89,47179,175.837227
2023-09-14 17:54:00+00:00,175.86,175.88,175.8,454,175.8,38391,175.833156
2023-09-14 17:55:00+00:00,175.79,175.87,175.7827,562,175.865,40692,175.826444
2023-09-14 17:56:00+00:00,175.73,175.82,175.72,673,175.81,62520,175.758506
2023-09-14 17:57:00+00:00,175.8,175.85,175.71,958,175.7247,100929,175.777394
2023-09-14 17:58:00+00:00,175.77,175.83,175.76,547,175.8,36044,175.786796
2023-09-14 17:59:00+00:00,175.745,175.83,175.745,660,175.7639,48959,175.778006
2023-09-14 18:00:00+00:00,175.685,175.75,175.63,1142,175.74,95525,175.675676
2023-09-14 18:01:00+00:00,175.7792,175.8,175.66,910,175.685,80950,175.725684
2023-09-14 18:02:00+00:00,175.755,175.8,175.74,774,175.79,65715,175.774776
2023-09-14 18:03:00+00:00,175.7142,175.775,175.71,838,175.7591,73383,175.736052
2023-09-14 18:04:00+00:00,175.71,175.75,175.685,644,175.71,74453,175.715778
2023-09-14 18:05:00+00:00,175.809,175.82,175.665,869,175.72,72728,175.727968
2023-09-14 18:06:00+00:00,175.85,175.9,175.8027,1000,175.8069,133143,175.85451
2023-09-14 18:07:00+00:00,175.81,175.89,175.7942,850,175.85,64715,175.846179
2023-09-14 18:08:00+00:00,175.76,175.85,175.7457,667,175.81,57254,175.809025
2023-09-14 18:09:00+00:00,175.6399,175.76,175.57,1095,175.76,93385,175.638077
2023-09-14 18:10:00+00:00,175.61,175.67,175.55,933,175.63,75913,175.599871
2023-09-14 18:11:00+00:00,175.56,175.63,175.5293,724,175.6095,65057,175.578167
2023-09-14 18:12:00+00:00,175.56,175.59,175.52,792,175.55,63450,175.564264
2023-09-14 18:13:00+00:00,175.62,175.6691,175.5344,941,175.54,134925,175.6034
2023-09-14 18:14:00+00:00,175.5551,175.64,175.5499,668,175.6274,60867,175.589358
2023-09-14 18:15:00+00:00,175.5,175.6,175.48,1217,175.5501,119795,175.532218
2023-09-14 18:16:00+00:00,175.6,175.63,175.4901,901,175.5,90375,175.563776
2023-09-14 18:17:00+00:00,175.48,175.62,175.48,861,175.5979,80649,175.550451
2023-09-14 18:18:00+00:00,175.4967,175.52,175.45,830,175.4698,74648,175.486425
2023-09-14 18:19:00+00:00,175.51,175.53,175.46,677,175.49,83938,175.499053
2023-09-14 18:20:00+00:00,175.58,175.58,175.5,715,175.52,63409,175.540917
2023-09-14 18:21:00+00:00,175.6338,175.67,175.55,903,175.5774,91965,175.630011
2023-09-14 18:22:00+00:00,175.575,175.63,175.55,662,175.63,57072,175.579375
2023-09-14 18:23:00+00:00,175.51,175.61,175.51,875,175.57,79897,175.569727
2023-09-14 18:24:00+00:00,175.3199,175.5001,175.31,1273,175.5,128947,175.3854
2023-09-14 18:25:00+00:00,175.34,175.405,175.31,873,175.32,80514,175.358619
2023-09-14 18:26:00+00:00,175.44,175.45,175.31,1030,175.34,105930,175.381188
2023-09-14 18:27:00+00:00,175.43,175.48,175.39,687,175.44,56829,175.425476
2023-09-14 18:28:00+00:00,175.33,175.44,175.33,755,175.43,67059,175.373617
2023-09-14 18:29:00+00:00,175.37,175.4,175.3,1020,175.32,152353,175.444157
2023-09-14 18:30:00+00:00,175.365,175.48,175.32,1150,175.365,134319,175.390317
2023-09-14 18:31:00+00:00,175.46,175.47,175.31,906,175.36,94809,175.373503
2023-09-14 18:32:00+00:00,175.45,175.5,175.39,853,175.46,84944,175.449942
2023-09-14 18:33:00+00:00,175.47,175.53,175.44,736,175.44,74648,175.494226
2023-09-14 18:34:00+00:00,175.5601,175.57,175.431,880,175.4614,74732,175.50681
2023-09-14 18:35:00+00:00,175.55,175.5899,175.5,795,175.57,103076,175.54305
2023-09-14 18:36:00+00:00,175.54,175.57,175.47,663,175.5599,73254,175.518028
2023-09-14 18:37:00+00:00,175.5363,175.55,175.501,664,175.53,62263,175.527617
2023-09-14 18:38:00+00:00,175.585,175.5862,175.53,668,175.53,62944,175.548405
2023-09-14 18:39:00+00:00,175.5601,175.6,175.56,506,175.59,43485,175.577152
2023-09-14 18:40:00+00:00,175.53,175.57,175.5,683,175.57,63065,175.536435
2023-09-14 18:41:00+00:00,175.46,175.53,175.4301,801,175.53,75407,175.492346
2023-09-14 18:42:00+00:00,175.5252,175.53,175.46,777,175.46,70954,175.506688
2023-09-14 18:43:00+00:00,175.6801,175.7,175.5248,1185,175.53,139397,175.616939
2023-09-14 18:44:00+00:00,175.65,175.69,175.6125,739,175.69,382423,175.570728
2023-09-14 18:45:00+00:00,175.61,175.68,175.59,804,175.6501,97373,175.632754
2023-09-14 18:46:00+00:00,175.56,175.61,175.53,787,175.61,76005,175.566855
2023-09-14 18:47:00+00:00,175.565,175.62,175.56,580,175.564,53164,175.587295
2023-09-14 18:48:00+00:00,175.545,175.6,175.54,646,175.5799,53512,175.569456
2023-09-14 18:49:00+00:00,175.6,175.6,175.53,682,175.555,52200,175.566661
2023-09-14 18:50:00+00:00,175.5992,175.63,175.58,623,175.6,47276,175.597717
2023-09-14 18:51:00+00:00,175.51,175.61,175.49,921,175.6,77488,175.531106
2023-09-14 18:52:00+00:00,175.55,175.55,175.485,762,175.515,67912,175.514811
2023-09-14 18:53:00+00:00,175.59,175.61,175.525,538,175.55,43977,175.567655
2023-09-14 18:54:00+00:00,175.64,175.645,175.59,684,175.59,61706,175.627945
2023-09-14 18:55:00+00:00,175.6333,175.68,175.63,734,175.65,71305,175.656539
2023-09-14 18:56:00+00:00,175.62,175.65,175.6083,669,175.64,60206,175.634181
2023-09-14 18:57:00+00:00,175.67,175.68,175.62,615,175.62,45868,175.652327
2023-09-14 18:58:00+00:00,175.7599,175.8,175.641,1326,175.67,141763,175.734374
2023-09-14 18:59:00+00:00,175.725,175.79,175.72,663,175.7501,73930,175.749088
2023-09-14 19:00:00+00:00,175.7,175.74,175.67,688,175.73,57193,175.717119
2023-09-14 19:01:00+00:00,175.82,175.83,175.69,1263,175.7,122169,175.760605
2023-09-14 19:02:00+00:00,175.87,175.87,175.81,739,175.8116,90032,175.834749
2023-09-14 19:03:00+00:00,175.89,175.9,175.86,789,175.88,61123,175.879577
2023-09-14 19:04:00+00:00,175.9,175.9,175.86,686,175.89,61233,175.883796
2023-09-14 19:05:00+00:00,175.975,175.98,175.89,1086,175.905,90898,175.952981
2023-09-14 19:06:00+00:00,176.0494,176.1,175.97,1923,175.98,221773,176.035388
2023-09-14 19:07:00+00:00,176.07,176.08,176.01,1143,176.0401,109463,176.049297
2023-09-14 19:08:00+00:00,176.0,176.08,176.0,1243,176.07,119782,176.04274
2023-09-14 19:09:00+00:00,176.0,176.07,176.0,1091,176.0,107748,176.023246
2023-09-14 19:10:00+00:00,176.015,176.055,176.0,777,176.01,66730,176.031349
2023-09-14 19:11:00+00:00,175.995,176.045,175.99,824,176.01,73997,176.020588
2023-09-14 19:12:00+00:00,175.995,176.03,175.94,936,176.0,91127,175.983888
2023-09-14 19:13:00+00:00,175.9885,176.03,175.93,853,175.9902,89297,175.971769
2023-09-14 19:14:00+00:00,175.975,176.02,175.91,927,175.99,79358,175.965247
2023-09-14 19:15:00+00:00,175.8819,175.975,175.84,1100,175.975,121205,175.889405
2023-09-14 19:16:00+00:00,175.8299,175.9,175.81,1066,175.895,111336,175.845416
2023-09-14 19:17:00+00:00,175.845,175.86,175.79,741,175.8223,78836,175.824885
2023-09-14 19:18:00+00:00,175.91,175.93,175.78,1064,175.85,111098,175.83697
2023-09-14 19:19:00+00:00,175.85,175.91,175.81,830,175.905,79064,175.853184
2023-09-14 19:20:00+00:00,175.835,175.87,175.8,940,175.85,95446,175.841048
2023-09-14 19:21:00+00:00,175.795,175.835,175.7709,861,175.8345,80484,175.809279
2023-09-14 19:22:00+00:00,175.7687,175.7999,175.6988,1224,175.79,113187,175.740709
2023-09-14 19:23:00+00:00,175.875,175.875,175.7401,952,175.76,97240,175.803861
2023-09-14 19:24:00+00:00,175.78,175.89,175.78,845,175.87,71988,175.827644
2023-09-14 19:25:00+00:00,175.76,175.81,175.7482,798,175.8,68100,175.775731
2023-09-14 19:26:00+00:00,175.735,175.78,175.7,884,175.76,82551,175.743888
2023-09-14 19:27:00+00:00,175.665,175.76,175.66,912,175.73,71815,175.725129
2023-09-14 19:28:00+00:00,175.65,175.68,175.64,710,175.6625,58444,175.657578
2023-09-14 19:29:00+00:00,175.67,175.7,175.64,821,175.659,77786,175.672844
2023-09-14 19:30:00+00:00,175.6399,175.68,175.605,952,175.67,82390,175.64189
2023-09-14 19:31:00+00:00,175.61,175.6512,175.59,1071,175.64,97330,175.626105
2023-09-14 19:32:00+00:00,175.6,175.668,175.56,1142,175.6,120769,175.608444
2023-09-14 19:33:00+00:00,175.67,175.6972,175.595,1182,175.595,131337,175.634603
2023-09-14 19:34:00+00:00,175.6707,175.69,175.64,858,175.68,80004,175.664663
2023-09-14 19:35:00+00:00,175.7098,175.72,175.64,906,175.66,75005,175.676774
2023-09-14 19:36:00+00:00,175.69,175.72,175.65,828,175.7099,74941,175.687281
2023-09-14 19:37:00+00:00,175.79,175.8,175.685,1070,175.69,108046,175.748769
2023-09-14 19:38:00+00:00,175.771,175.84,175.77,970,175.8,110913,175.806505
2023-09-14 19:39:00+00:00,175.7299,175.775,175.7,1221,175.77,118972,175.7323
2023-09-14 19:40:00+00:00,175.7301,175.79,175.72,1267,175.73,113182,175.75448
2023-09-14 19:41:00+00:00,175.78,175.8071,175.72,1321,175.74,116452,175.769943
2023-09-14 19:42:00+00:00,175.77,175.8,175.75,1180,175.78,110600,175.781455
2023-09-14 19:43:00+00:00,175.73,175.79,175.71,1056,175.77,90076,175.748678
2023-09-14 19:44:00+00:00,175.77,175.7799,175.7,1231,175.74,101838,175.741052
2023-09-14 19:45:00+00:00,175.755,175.7873,175.74,1095,175.77,105689,175.763132
2023-09-14 19:46:00+00:00,175.7278,175.76,175.66,1267,175.76,115690,175.720568
2023-09-14 19:47:00+00:00,175.74,175.74,175.7,1064,175.73,91202,175.721186
2023-09-14 19:48:00+00:00,175.745,175.7585,175.71,1277,175.74,107426,175.736766
2023-09-14 19:49:00+00:00,175.77,175.8,175.685,1600,175.74,146964,175.749199
2023-09-14 19:50:00+00:00,175.675,175.86,175.6001,3068,175.76,291162,175.739533
2023-09-14 19:51:00+00:00,175.635,175.71,175.58,2383,175.65,217985,175.658097
2023-09-14 19:52:00+00:00,175.7,175.77,175.64,2016,175.64,208267,175.701192
2023-09-14 19:53:00+00:00,175.712,175.73,175.63,2188,175.69,214222,175.678199
2023-09-14 19:54:00+00:00,175.675,175.73,175.61,2836,175.71,270368,175.682093
2023-09-14 19:55:00+00:00,175.7399,175.74,175.64,2583,175.68,247401,175.686152
2023-09-14 19:56:00+00:00,175.745,175.75,175.685,2311,175.73,214705,175.728226
2023-09-14 19:57:00+00:00,175.6606,175.75,175.625,2796,175.75,254744,175.674446
2023-09-14 19:58:00+00:00,175.738,175.74,175.64,3309,175.665,355922,175.685493
2023-09-14 19:59:00+00:00,175.73,175.81,175.62,8115,175.74,957430,175.731967
2023-09-14 20:00:00+00:00,175.7299,175.78,175.71,150,175.72,6841716,175.739986
2023-09-14 20:01:00+00:00,175.75,175.75,175.72,94,175.72,590988,175.739884
2023-09-14 20:02:00+00:00,175.72,175.76,175.72,124,175.76,705513,175.739969
2023-09-14 20:03:00+00:00,175.66,175.71,175.65,61,175.71,2058,175.670782
2023-09-14 20:04:00+00:00,175.64,175.66,175.54,57,175.54,34124,175.553678
2023-09-14 20:05:00+00:00,175.74,175.74,175.65,52,175.66,119926,175.738859
2023-09-14 20:06:00+00:00,175.7,175.74,175.7,55,175.7,4132,175.719539
2023-09-14 20:07:00+00:00,175.68,175.68,175.68,45,175.68,6279,175.729189
2023-09-14 20:08:00+00:00,175.65,175.74,175.65,45,175.69,2602,175.684501
2023-09-14 20:09:00+00:00,175.69,175.74,175.67,37,175.74,22193,175.736749
2023-09-14 20:10:00+00:00,175.69,175.69,175.67,41,175.67,2746,175.679486
2023-09-14 20:11:00+00:00,175.69,175.69,175.6899,45,175.69,1682,175.687088
2023-09-14 20:12:00+00:00,175.74,175.74,175.68,28,175.68,20905,175.738896
2023-09-14 20:13:00+00:00,175.74,175.74,175.65,67,175.67,3968,175.695857
2023-09-14 20:14:00+00:00,175.76,175.76,175.74,34,175.74,2916,175.74674
2023-09-14 20:15:00+00:00,175.76,175.78,175.74,30,175.78,8352,175.744834
2023-09-14 20:16:00+00:00,175.7691,175.7691,175.74,33,175.76,1306,175.756243
2023-09-14 20:18:00+00:00,175.7006,175.75,175.7006,32,175.74,1346,175.739279
2023-09-14 20:19:00+00:00,175.75,175.75,175.75,20,175.75,382,175.740906
2023-09-14 20:21:00+00:00,175.74,175.74,175.74,21,175.74,545,175.741927
2023-09-14 20:22:00+00:00,175.73,175.73,175.73,32,175.73,601,175.730882
2023-09-14 20:23:00+00:00,175.74,175.74,175.74,25,175.74,1209,175.737229
2023-09-14 20:24:00+00:00,175.72,175.74,175.72,30,175.74,1045,175.734479
2023-09-14 20:27:00+00:00,175.72,175.72,175.72,18,175.72,313,175.722332
2023-09-14 20:28:00+00:00,175.7207,175.7207,175.72,27,175.72,407,175.722778
2023-09-14 20:29:00+00:00,175.78,175.79,175.73,62,175.73,3786,175.74976
2023-09-14 20:30:00+00:00,175.78,175.78,175.77,22,175.77,847,175.775998
2023-09-14 20:31:00+00:00,175.84,175.84,175.78,45,175.79,2157,175.806191
2023-09-14 20:32:00+00:00,175.8315,175.85,175.83,25,175.84,1807,175.841859
2023-09-14 20:33:00+00:00,175.84,175.84,175.84,17,175.84,857,175.840255
2023-09-14 20:34:00+00:00,175.86,175.88,175.85,30,175.85,1697,175.865143
2023-09-14 20:35:00+00:00,175.85,175.85,175.85,23,175.85,4943,175.84976
2023-09-14 20:36:00+00:00,175.7812,175.849,175.75,31,175.849,8310,175.753352
2023-09-14 20:37:00+00:00,175.78,175.8,175.78,19,175.78,878736,175.740056
2023-09-14 20:38:00+00:00,175.8,175.8,175.74,51,175.78,46110,175.741312
2023-09-14 20:39:00+00:00,175.79,175.79,175.79,15,175.79,206,175.799539
2023-09-14 20:40:00+00:00,175.8,175.81,175.74,17,175.8,35437,175.742579
2023-09-14 20:41:00+00:00,175.8,175.81,175.8,20,175.81,536,175.808032
2023-09-14 20:42:00+00:00,175.82,175.82,175.8159,22,175.8159,818,175.816395
2023-09-14 20:44:00+00:00,175.82,175.82,175.8,68,175.8,3347,175.809404
2023-09-14 20:45:00+00:00,175.8,175.8,175.8,21,175.8,298,175.778166
2023-09-14 20:46:00+00:00,175.75,175.8,175.74,49,175.8,5814,175.789884
2023-09-14 20:47:00+00:00,175.75,175.77,175.75,10,175.77,663,175.754855
2023-09-14 20:48:00+00:00,175.75,175.75,175.75,25,175.75,818,175.749817
2023-09-14 20:49:00+00:00,175.74,175.74,175.74,42,175.74,1081,175.738456
2023-09-14 20:50:00+00:00,175.7,175.7,175.7,50,175.7,95689,175.7396
2023-09-14 20:51:00+00:00,175.72,175.77,175.71,46,175.73,3673,175.745207
2023-09-14 20:52:00+00:00,175.7,175.7,175.7,14,175.7,414,175.701106
2023-09-14 20:53:00+00:00,175.74,175.74,175.68,26,175.68,710,175.70156
2023-09-14 20:54:00+00:00,175.7,175.74,175.69,27,175.74,1126,175.714472
2023-09-14 20:55:00+00:00,175.7,175.7,175.7,25,175.7,1111,175.699343
2023-09-14 20:57:00+00:00,175.7,175.7,175.68,35,175.7,1473,175.689925
2023-09-14 20:58:00+00:00,175.67,175.67,175.67,25,175.67,276,175.67125
2023-09-14 20:59:00+00:00,175.61,175.69,175.61,75,175.69,2458,175.656392
2023-09-14 21:01:00+00:00,175.62,175.66,175.62,18,175.66,336,175.642864
2023-09-14 21:03:00+00:00,175.65,175.65,175.63,21,175.63,351,175.646068
2023-09-14 21:05:00+00:00,175.66,175.66,175.65,21,175.66,1032,175.658183
2023-09-14 21:06:00+00:00,175.65,175.65,175.63,23,175.65,1247,175.647128
2023-09-14 21:07:00+00:00,175.6,175.65,175.6,67,175.65,5970,175.623532
2023-09-14 21:08:00+00:00,175.6,175.6,175.6,33,175.6,1032,175.600806
2023-09-14 21:09:00+00:00,175.58,175.59,175.58,45,175.59,4908,175.554921
2023-09-14 21:10:00+00:00,175.65,175.65,175.59,18,175.59,396,175.604697
2023-09-14 21:11:00+00:00,175.58,175.59,175.57,21,175.59,1338,175.580472
2023-09-14 21:13:00+00:00,175.58,175.58,175.55,37,175.55,3274,175.52628
2023-09-14 21:14:00+00:00,175.5,175.54,175.49,115,175.54,8601,175.519243
2023-09-14 21:15:00+00:00,175.48,175.5,175.47,40,175.5,3071,175.48111
2023-09-14 21:16:00+00:00,175.49,175.49,175.48,24,175.48,1789,175.397038
2023-09-14 21:17:00+00:00,175.5,175.52,175.5,39,175.5,1383,175.50154
2023-09-14 21:19:00+00:00,175.5,175.51,175.5,48,175.51,3481,175.464441
2023-09-14 21:20:00+00:00,175.52,175.52,175.49,24,175.49,1230,175.85873
2023-09-14 21:21:00+00:00,175.51,175.56,175.5,25,175.5,7091,175.504916
2023-09-14 21:22:00+00:00,175.53,175.54,175.53,30,175.54,474,175.540506
2023-09-14 21:23:00+00:00,175.55,175.55,175.53,24,175.53,627,175.542057
2023-09-14 21:25:00+00:00,175.56,175.56,175.56,25,175.56,527,175.577434
2023-09-14 21:26:00+00:00,175.61,175.62,175.6,23,175.62,4495,175.618171
2023-09-14 21:27:00+00:00,175.65,175.65,175.61,34,175.61,1787,175.630672
2023-09-14 21:28:00+00:00,175.631,175.65,175.631,16,175.65,1523,175.648831
2023-09-14 21:29:00+00:00,175.65,175.65,175.65,22,175.65,291,175.6515
2023-09-14 21:31:00+00:00,175.7125,175.7125,175.7125,16,175.7125,229,175.67821
2023-09-14 21:33:00+00:00,175.64,175.64,175.64,15,175.64,162,175.644444
2023-09-14 21:37:00+00:00,175.65,175.68,175.65,22,175.68,1781,175.676002
2023-09-14 21:40:00+00:00,175.63,175.63,175.63,24,175.63,941,175.630287
2023-09-14 21:42:00+00:00,175.63,175.63,175.63,8,175.63,147,175.632376
2023-09-14 21:43:00+00:00,175.62,175.62,175.62,17,175.62,432,175.621676
2023-09-14 21:44:00+00:00,175.62,175.62,175.62,20,175.62,738,175.62187
2023-09-14 21:45:00+00:00,175.62,175.62,175.62,10,175.62,386,175.622228
2023-09-14 21:46:00+00:00,175.63,175.63,175.63,16,175.63,365,175.630055
2023-09-14 21:47:00+00:00,175.64,175.64,175.64,19,175.64,435,175.639069
2023-09-14 21:48:00+00:00,175.62,175.64,175.62,22,175.62,9713,175.620369
2023-09-14 21:49:00+00:00,175.62,175.62,175.62,10,175.62,1916,175.620013
2023-09-14 21:50:00+00:00,175.62,175.62,175.62,14,175.62,625,175.620368
2023-09-14 21:51:00+00:00,175.64,175.64,175.62,21,175.62,685,175.627442
2023-09-14 21:53:00+00:00,175.65,175.65,175.65,23,175.65,393,175.648919
2023-09-14 21:54:00+00:00,175.66,175.6771,175.65,24,175.65,1230,175.660156
2023-09-14 21:55:00+00:00,175.68,175.68,175.68,8,175.68,280,175.679946
2023-09-14 21:57:00+00:00,175.65,175.65,175.65,19,175.65,408,175.656152
2023-09-14 22:02:00+00:00,175.68,175.68,175.65,19,175.65,11786,175.678493
2023-09-14 22:05:00+00:00,175.68,175.68,175.66,19,175.66,1740,175.671273
2023-09-14 22:06:00+00:00,175.73,175.73,175.69,34,175.69,1094,175.706001
2023-09-14 22:07:00+00:00,175.69,175.69,175.69,7,175.69,891,175.690466
2023-09-14 22:09:00+00:00,175.7005,175.7005,175.7005,13,175.7005,397,175.709975
2023-09-14 22:10:00+00:00,175.75,175.75,175.7,42,175.73,1945,175.727602
2023-09-14 22:12:00+00:00,175.78,175.78,175.78,25,175.78,458,175.757613
2023-09-14 22:13:00+00:00,175.75,175.75,175.75,22,175.75,708,175.746688
2023-09-14 22:14:00+00:00,175.61,175.61,175.61,37,175.61,583,175.618448
2023-09-14 22:15:00+00:00,175.7,175.7,175.7,9,175.7,160,175.675563
2023-09-14 22:18:00+00:00,175.66,175.66,175.66,15,175.66,551,175.648512
2023-09-14 22:21:00+00:00,175.67,175.67,175.67,15,175.67,241,175.67556
2023-09-14 22:25:00+00:00,175.66,175.75,175.66,15,175.69,652,175.69865
2023-09-14 22:27:00+00:00,175.73,175.73,175.73,20,175.73,574,175.711324
2023-09-14 22:29:00+00:00,175.71,175.71,175.71,10,175.71,339,175.708319
2023-09-14 22:30:00+00:00,175.75,175.75,175.7499,15,175.7499,1115,175.746341
2023-09-14 22:32:00+00:00,175.7733,175.7733,175.7733,19,175.7733,548,175.755931
2023-09-14 22:33:00+00:00,175.73,175.73,175.73,12,175.73,148,175.7325
2023-09-14 22:34:00+00:00,175.71,175.71,175.71,15,175.71,408,175.730711
2023-09-14 22:38:00+00:00,175.75,175.75,175.75,21,175.75,314,175.745908
2023-09-14 22:40:00+00:00,175.71,175.71,175.71,20,175.71,562,175.709964
2023-09-14 22:41:00+00:00,175.69,175.7,175.69,16,175.7,676,175.698543
2023-09-14 22:42:00+00:00,175.7,175.7,175.7,23,175.7,7692,175.699505
2023-09-14 22:43:00+00:00,175.7,175.7,175.68,19,175.68,3695,175.695751
2023-09-14 22:47:00+00:00,175.73,175.73,175.73,13,175.73,270,175.72837
2023-09-14 22:48:00+00:00,175.75,175.75,175.75,10,175.75,332,175.744443
2023-09-14 22:49:00+00:00,175.78,175.78,175.76,21,175.76,4176,175.769211
2023-09-14 22:50:00+00:00,175.7901,175.7901,175.7901,19,175.7901,1125,175.790418
2023-09-14 22:52:00+00:00,175.8,175.8,175.8,21,175.8,536,175.812101
2023-09-14 22:54:00+00:00,175.81,175.81,175.81,9,175.81,1075,175.811395
2023-09-14 22:55:00+00:00,175.81,175.81,175.81,13,175.81,176,175.804205
2023-09-14 22:57:00+00:00,175.8,175.8,175.8,19,175.8,577,175.791577
2023-09-14 23:02:00+00:00,175.77,175.77,175.77,20,175.77,827,175.769643
2023-09-14 23:04:00+00:00,175.7,175.73,175.7,28,175.73,7112,175.703389
2023-09-14 23:05:00+00:00,175.7,175.7,175.7,10,175.7,333,175.718093
2023-09-14 23:06:00+00:00,175.77,175.77,175.77,15,175.77,649,175.76161
2023-09-14 23:08:00+00:00,175.7,175.7001,175.7,10,175.7001,1909,175.701697
2023-09-14 23:09:00+00:00,175.77,175.77,175.77,17,175.77,376,175.792992
2023-09-14 23:11:00+00:00,175.75,175.75,175.75,15,175.75,220,175.750795
2023-09-14 23:13:00+00:00,175.77,175.89,175.77,16,175.89,630,175.790119
2023-09-14 23:15:00+00:00,175.85,175.85,175.85,22,175.85,880,175.845409
2023-09-14 23:16:00+00:00,175.85,175.85,175.85,23,175.85,1046,175.85348
2023-09-14 23:17:00+00:00,175.84,175.84,175.84,17,175.84,233,175.843262
2023-09-14 23:18:00+00:00,175.88,175.88,175.88,20,175.88,358,175.869539
2023-09-14 23:20:00+00:00,175.83,175.83,175.83,17,175.83,259,175.859363
2023-09-14 23:25:00+00:00,175.87,175.87,175.87,18,175.87,283,175.859117
2023-09-14 23:27:00+00:00,175.84,175.84,175.84,19,175.84,195,175.851384
2023-09-14 23:28:00+00:00,175.86,175.86,175.86,11,175.86,265,175.858302
2023-09-14 23:30:00+00:00,175.82,175.84,175.82,23,175.84,2173,175.838283
2023-09-14 23:32:00+00:00,175.8201,175.8201,175.8201,16,175.8201,1110,175.82578
2023-09-14 23:36:00+00:00,175.86,175.89,175.86,22,175.89,1277,175.882125
2023-09-14 23:38:00+00:00,175.8,175.8,175.8,21,175.8,615,175.816715
2023-09-14 23:42:00+00:00,175.88,175.88,175.83,32,175.83,458,175.844498
2023-09-14 23:43:00+00:00,175.85,175.88,175.85,11,175.88,523,175.874082
2023-09-14 23:44:00+00:00,175.8698,175.8698,175.8698,13,175.8698,650,175.868892
2023-09-14 23:46:00+00:00,175.8812,175.8812,175.88,11,175.88,1046,175.880459
2023-09-14 23:47:00+00:00,175.82,175.89,175.82,29,175.88,1765,175.846283
2023-09-14 23:48:00+00:00,175.82,175.82,175.82,13,175.82,347,175.848905
2023-09-14 23:49:00+00:00,175.82,175.82,175.82,16,175.82,239,175.822657
2023-09-14 23:50:00+00:00,175.84,175.88,175.84,15,175.88,403,175.856067
2023-09-14 23:51:00+00:00,175.8,175.8,175.8,18,175.8,331,175.798958
2023-09-14 23:54:00+00:00,175.8,175.83,175.8,19,175.83,938,175.807132
2023-09-14 23:56:00+00:00,175.87,175.87,175.87,15,175.87,464,175.875442
2023-09-14 23:57:00+00:00,175.93,175.93,175.86,35,175.89,1970,175.904287
2023-09-14 23:58:00+00:00,175.9,175.92,175.9,23,175.92,843,175.914211
2023-09-14 23:59:00+00:00,175.86,175.89,175.86,29,175.89,879,175.871115
