timestamp,close,high,low,trade_count,open,volume,vwap
2023-04-24 08:00:00+00:00,164.84,164.84,164.84,29,164.84,329,164.782492
2023-04-24 08:03:00+00:00,164.55,164.55,164.55,23,164.55,400,164.529325
2023-04-24 08:05:00+00:00,164.44,164.5,164.44,26,164.5,643,164.474168
2023-04-24 08:07:00+00:00,164.4,164.4,164.4,8,164.4,257,164.413696
2023-04-24 08:14:00+00:00,164.37,164.37,164.37,13,164.37,328,164.366189
2023-04-24 08:15:00+00:00,164.26,164.26,164.26,31,164.26,682,164.278196
2023-04-24 08:20:00+00:00,164.31,164.31,164.31,6,164.31,337,164.306083
2023-04-24 08:22:00+00:00,164.25,164.25,164.25,14,164.25,372,164.253575
2023-04-24 08:24:00+00:00,164.2,164.23,164.2,36,164.21,1993,164.21137
2023-04-24 08:25:00+00:00,164.19,164.19,164.19,2,164.19,331,164.19
2023-04-24 08:28:00+00:00,164.27,164.27,164.27,22,164.27,790,164.233443
2023-04-24 08:30:00+00:00,164.25,164.25,164.25,9,164.25,2248,164.250182
2023-04-24 08:35:00+00:00,164.23,164.23,164.23,5,164.23,190,164.225263
2023-04-24 08:36:00+00:00,164.27,164.27,164.27,15,164.27,361,164.249557
2023-04-24 08:40:00+00:00,164.2,164.23,164.2,37,164.23,1442,164.210014
2023-04-24 08:46:00+00:00,164.13,164.13,164.13,19,164.13,451,164.135011
2023-04-24 08:48:00+00:00,164.12,164.12,164.12,27,164.12,1267,164.118208
2023-04-24 08:49:00+00:00,164.06,164.06,164.06,18,164.06,615,164.091561
2023-04-24 08:51:00+00:00,164.2,164.2,164.19,22,164.19,1053,164.191852
2023-04-24 08:52:00+00:00,164.2,164.2,164.2,10,164.2,326,164.190337
2023-04-24 08:58:00+00:00,164.2,164.2,164.2,23,164.2,705,164.198028
2023-04-24 09:03:00+00:00,164.25,164.25,164.25,4,164.25,347,164.245677
2023-04-24 09:07:00+00:00,164.25,164.25,164.25,19,164.25,425,164.247976
2023-04-24 09:10:00+00:00,164.33,164.33,164.33,5,164.33,262,164.317977
2023-04-24 09:11:00+00:00,164.33,164.33,164.33,2,164.33,109,164.325046
2023-04-24 09:14:00+00:00,164.33,164.33,164.33,16,164.33,2257,164.328666
2023-04-24 09:18:00+00:00,164.43,164.43,164.43,34,164.43,823,164.380814
2023-04-24 09:20:00+00:00,164.43,164.43,164.43,14,164.43,688,164.424826
2023-04-24 09:21:00+00:00,164.44,164.44,164.41,18,164.43,772,164.42465
2023-04-24 09:22:00+00:00,164.44,164.44,164.42,17,164.42,1209,164.424392
2023-04-24 09:26:00+00:00,164.44,164.44,164.44,8,164.44,1617,164.44
2023-04-24 09:29:00+00:00,164.5,164.5,164.5,26,164.5,605,164.469967
2023-04-24 09:30:00+00:00,164.5,164.5,164.5,5,164.5,500,164.502
2023-04-24 09:32:00+00:00,164.5,164.5,164.5,5,164.5,401,164.500249
2023-04-24 09:37:00+00:00,164.6,164.6,164.6,12,164.6,279,164.592724
2023-04-24 09:43:00+00:00,164.59,164.59,164.59,14,164.59,609,164.598292
2023-04-24 09:44:00+00:00,164.59,164.59,164.59,4,164.59,103,164.589417
2023-04-24 09:55:00+00:00,164.61,164.61,164.59,21,164.59,894,164.6067
2023-04-24 10:02:00+00:00,164.56,164.56,164.56,7,164.56,169,164.562722
2023-04-24 10:10:00+00:00,164.54,164.54,164.54,13,164.54,610,164.534689
2023-04-24 10:11:00+00:00,164.5,164.5,164.5,12,164.5,264,164.490568
2023-04-24 10:24:00+00:00,164.39,164.39,164.39,28,164.39,844,164.390154
2023-04-24 10:27:00+00:00,164.39,164.39,164.39,4,164.39,259,164.39
2023-04-24 10:31:00+00:00,164.39,164.39,164.39,23,164.39,644,164.39573
2023-04-24 10:36:00+00:00,164.33,164.33,164.33,6,164.33,159,164.334717
2023-04-24 10:38:00+00:00,164.38,164.38,164.38,15,164.38,721,164.380374
2023-04-24 10:44:00+00:00,164.41,164.41,164.41,5,164.41,500,164.4103
2023-04-24 10:54:00+00:00,164.44,164.44,164.42,14,164.42,1474,164.425224
2023-04-24 10:55:00+00:00,164.44,164.44,164.44,6,164.44,503,164.439006
2023-04-24 10:56:00+00:00,164.44,164.44,164.44,18,164.44,546,164.441557
2023-04-24 10:57:00+00:00,164.48,164.48,164.48,25,164.48,1365,164.485048
2023-04-24 10:59:00+00:00,164.57,164.57,164.55,10,164.55,1147,164.557995
2023-04-24 11:00:00+00:00,164.5,164.5,164.5,123,164.5,2591,164.60081
2023-04-24 11:01:00+00:00,164.75,164.75,164.74,28,164.74,1232,164.734797
2023-04-24 11:02:00+00:00,164.69,164.75,164.69,23,164.75,1166,164.725437
2023-04-24 11:04:00+00:00,164.7,164.7,164.7,48,164.7,1406,164.730797
2023-04-24 11:05:00+00:00,164.75,164.75,164.75,9,164.75,1175,164.751149
2023-04-24 11:06:00+00:00,164.85,164.85,164.78,62,164.78,3774,164.823911
2023-04-24 11:07:00+00:00,164.75,164.75,164.75,29,164.75,1108,164.764287
2023-04-24 11:08:00+00:00,164.78,164.78,164.78,13,164.78,526,164.77749
2023-04-24 11:09:00+00:00,164.88,164.88,164.83,54,164.84,5099,164.860988
2023-04-24 11:12:00+00:00,164.88,164.88,164.88,39,164.88,1483,164.857869
2023-04-24 11:14:00+00:00,164.92,164.92,164.88,36,164.88,1228,164.895977
2023-04-24 11:15:00+00:00,164.96,164.96,164.94,71,164.94,1765,164.947728
2023-04-24 11:17:00+00:00,164.92,164.92,164.92,45,164.92,1592,164.914956
2023-04-24 11:18:00+00:00,164.89,164.89,164.88,41,164.88,2283,164.894796
2023-04-24 11:19:00+00:00,164.85,164.86,164.85,16,164.86,921,164.863811
2023-04-24 11:23:00+00:00,164.9,164.9,164.9,7,164.9,337,164.897864
2023-04-24 11:27:00+00:00,164.93,164.93,164.93,34,164.93,2407,164.925866
2023-04-24 11:31:00+00:00,164.98,164.98,164.95,70,164.95,14663,164.97542
2023-04-24 11:32:00+00:00,164.98,164.98,164.97,37,164.97,2638,164.967995
2023-04-24 11:34:00+00:00,164.92,164.92,164.92,7,164.92,291,164.922887
2023-04-24 11:35:00+00:00,164.75,164.87,164.75,129,164.85,4990,164.816425
2023-04-24 11:36:00+00:00,164.75,164.8,164.74,86,164.75,4949,164.762621
2023-04-24 11:37:00+00:00,164.71,164.75,164.7,91,164.75,4534,164.726317
2023-04-24 11:38:00+00:00,164.75,164.75,164.75,24,164.75,2252,164.74778
2023-04-24 11:39:00+00:00,164.75,164.76,164.75,17,164.75,2506,164.748851
2023-04-24 11:40:00+00:00,164.75,164.77,164.75,21,164.77,2017,164.761353
2023-04-24 11:41:00+00:00,164.75,164.75,164.75,4,164.75,607,164.75
2023-04-24 11:44:00+00:00,164.75,164.75,164.75,21,164.75,1314,164.743828
2023-04-24 11:45:00+00:00,164.75,164.75,164.75,23,164.75,2070,164.748787
2023-04-24 11:47:00+00:00,164.75,164.75,164.68,79,164.75,3892,164.701043
2023-04-24 11:48:00+00:00,164.74,164.74,164.74,64,164.74,2722,164.739912
2023-04-24 11:49:00+00:00,164.75,164.75,164.74,68,164.74,5747,164.74649
2023-04-24 11:50:00+00:00,164.73,164.75,164.72,52,164.75,2254,164.726491
2023-04-24 11:51:00+00:00,164.72,164.72,164.69,39,164.69,1711,164.702437
2023-04-24 11:52:00+00:00,164.73,164.73,164.71,26,164.71,3209,164.725871
2023-04-24 11:57:00+00:00,164.75,164.75,164.75,24,164.75,974,164.750062
2023-04-24 11:59:00+00:00,164.73,164.73,164.73,17,164.73,444,164.726577
2023-04-24 12:00:00+00:00,164.7,164.99,164.6,338,164.7,26576,164.781516
2023-04-24 12:01:00+00:00,164.68,164.7,163.86,662,164.7,9483,164.536107
2023-04-24 12:02:00+00:00,164.69,164.69,163.98,282,163.98,8607,164.499044
2023-04-24 12:03:00+00:00,164.7,164.7,164.7,36,164.7,641,164.712222
2023-04-24 12:04:00+00:00,164.75,164.75,164.75,35,164.75,918,164.745686
2023-04-24 12:05:00+00:00,164.77,164.77,164.73,17,164.73,365,164.744753
2023-04-24 12:07:00+00:00,164.78,164.78,164.78,22,164.78,2384,164.780354
2023-04-24 12:08:00+00:00,164.75,164.84,164.75,59,164.81,6766,164.815813
2023-04-24 12:09:00+00:00,164.75,164.75,164.75,17,164.75,267,164.751357
2023-04-24 12:10:00+00:00,164.75,164.75,164.735,26,164.735,604,164.745642
2023-04-24 12:11:00+00:00,164.72,164.73,164.72,55,164.73,1470,164.71648
2023-04-24 12:12:00+00:00,164.71,164.71,164.63,28,164.7,1585,164.682025
2023-04-24 12:13:00+00:00,164.68,164.68,164.68,26,164.68,760,164.678591
2023-04-24 12:14:00+00:00,164.7,164.7,164.7,26,164.7,831,164.698808
2023-04-24 12:15:00+00:00,164.68,164.68,164.68,49,164.68,1683,164.685948
2023-04-24 12:17:00+00:00,164.59,164.73,164.58,105,164.69,4005,164.672845
2023-04-24 12:18:00+00:00,164.59,164.59,164.59,22,164.59,509,164.593694
2023-04-24 12:19:00+00:00,164.6096,164.61,164.6096,10,164.61,226,164.609878
2023-04-24 12:21:00+00:00,164.68,164.68,164.63,40,164.63,1505,164.654917
2023-04-24 12:22:00+00:00,164.67,164.69,164.67,23,164.69,1613,164.675806
2023-04-24 12:23:00+00:00,164.67,164.68,164.67,32,164.68,4297,164.67133
2023-04-24 12:24:00+00:00,164.7,164.74,164.69,38,164.69,2478,164.730406
2023-04-24 12:25:00+00:00,164.71,164.71,164.71,9,164.71,140,164.717168
2023-04-24 12:26:00+00:00,164.74,164.74,164.73,24,164.73,471,164.731588
2023-04-24 12:27:00+00:00,164.7016,164.7016,164.7016,22,164.7016,261,164.701973
2023-04-24 12:28:00+00:00,164.68,164.73,164.68,30,164.73,984,164.702529
2023-04-24 12:30:00+00:00,164.64,164.67,164.64,57,164.67,2809,164.656682
2023-04-24 12:31:00+00:00,164.69,164.69,164.64,13,164.64,2261,164.684805
2023-04-24 12:32:00+00:00,164.64,164.64,164.64,12,164.64,1257,164.641326
2023-04-24 12:33:00+00:00,164.65,164.65,164.65,20,164.65,569,164.652118
2023-04-24 12:34:00+00:00,164.62,164.63,164.62,24,164.63,308,164.631136
2023-04-24 12:37:00+00:00,164.62,164.6399,164.62,18,164.6399,962,164.626011
2023-04-24 12:38:00+00:00,164.65,164.65,164.65,27,164.65,169,164.646104
2023-04-24 12:39:00+00:00,164.66,164.66,164.66,19,164.66,268,164.65644
2023-04-24 12:40:00+00:00,164.6,164.65,164.6,58,164.65,6235,164.623864
2023-04-24 12:41:00+00:00,164.6,164.6,164.6,64,164.6,5992,164.599624
2023-04-24 12:42:00+00:00,164.59,164.6,164.59,59,164.6,6728,164.599537
2023-04-24 12:43:00+00:00,164.59,164.6,164.59,269,164.6,38094,164.600011
2023-04-24 12:44:00+00:00,164.6,164.6,164.58,54,164.58,2697,164.59468
2023-04-24 12:45:00+00:00,164.65,164.69,164.59,74,164.59,7094,164.660348
2023-04-24 12:46:00+00:00,164.6,164.6499,164.6,56,164.6499,1818,164.614721
2023-04-24 12:47:00+00:00,164.6,164.61,164.58,48,164.61,1222,164.589988
2023-04-24 12:48:00+00:00,164.6299,164.6299,164.57,63,164.57,3739,164.615593
2023-04-24 12:49:00+00:00,164.6,164.6,164.57,37,164.57,909,164.59239
2023-04-24 12:50:00+00:00,164.68,164.68,164.63,52,164.63,1653,164.656011
2023-04-24 12:51:00+00:00,164.69,164.7,164.67,132,164.67,8594,164.692231
2023-04-24 12:52:00+00:00,164.7,164.7,164.65,44,164.65,1514,164.690202
2023-04-24 12:53:00+00:00,164.72,164.7798,164.71,100,164.72,8176,164.745928
2023-04-24 12:54:00+00:00,164.79,164.8,164.74,63,164.74,5573,164.770241
2023-04-24 12:55:00+00:00,164.7,164.81,164.7,46,164.81,2767,164.764492
2023-04-24 12:56:00+00:00,164.69,164.8,164.68,132,164.72,6114,164.752392
2023-04-24 12:57:00+00:00,164.61,164.78,164.61,85,164.6986,6945,164.705828
2023-04-24 12:58:00+00:00,164.7488,164.7488,164.7488,36,164.7488,818,164.698753
2023-04-24 12:59:00+00:00,164.67,164.67,164.6699,15,164.6699,784,164.667677
2023-04-24 13:00:00+00:00,164.7,164.74,164.67,44,164.67,1476,164.696749
2023-04-24 13:01:00+00:00,164.62,164.67,164.62,48,164.67,2219,164.635858
2023-04-24 13:02:00+00:00,164.63,164.69,164.63,33,164.68,970,164.657149
2023-04-24 13:03:00+00:00,164.6199,164.63,164.6,80,164.63,2970,164.61109
2023-04-24 13:04:00+00:00,164.61,164.6199,164.6,37,164.6,2015,164.605865
2023-04-24 13:06:00+00:00,164.6696,164.6696,164.6696,35,164.6696,574,164.645249
2023-04-24 13:07:00+00:00,164.61,164.61,164.61,18,164.61,351,164.619597
2023-04-24 13:08:00+00:00,164.6507,164.6507,164.61,31,164.62,1898,164.619214
2023-04-24 13:09:00+00:00,164.68,164.68,164.6799,46,164.6799,1228,164.680785
2023-04-24 13:10:00+00:00,164.724,164.75,164.72,55,164.72,1717,164.733203
2023-04-24 13:11:00+00:00,164.74,164.74,164.72,32,164.72,1293,164.730488
2023-04-24 13:12:00+00:00,164.6801,164.74,164.68,54,164.74,4223,164.716584
2023-04-24 13:13:00+00:00,164.67,164.69,164.67,44,164.68,3094,164.681755
2023-04-24 13:14:00+00:00,164.6,164.65,164.6,73,164.63,2734,164.623963
2023-04-24 13:15:00+00:00,164.55,164.6,164.53,96,164.6,9808,164.558123
2023-04-24 13:16:00+00:00,164.54,164.5616,164.53,41,164.5616,1796,164.540562
2023-04-24 13:17:00+00:00,164.58,164.59,164.53,60,164.53,7584,164.560222
2023-04-24 13:18:00+00:00,164.53,164.54,164.53,37,164.54,1131,164.535778
2023-04-24 13:19:00+00:00,164.52,164.53,164.5103,53,164.53,4714,164.51881
2023-04-24 13:20:00+00:00,164.4588,164.51,164.45,150,164.51,12387,164.48459
2023-04-24 13:21:00+00:00,164.42,164.46,164.4,89,164.45,4612,164.421318
2023-04-24 13:22:00+00:00,164.46,164.48,164.4,106,164.443,6220,164.424214
2023-04-24 13:23:00+00:00,164.45,164.51,164.45,70,164.51,3649,164.484873
2023-04-24 13:24:00+00:00,164.4,164.49,164.4,91,164.46,7530,164.427175
2023-04-24 13:25:00+00:00,164.51,164.51,164.41,60,164.44,3311,164.461704
2023-04-24 13:26:00+00:00,164.53,164.53,164.48,47,164.48,2916,164.508059
2023-04-24 13:27:00+00:00,164.85,164.92,164.53,243,164.53,24565,164.750908
2023-04-24 13:28:00+00:00,164.84,164.99,164.84,162,164.97,20853,164.946323
2023-04-24 13:29:00+00:00,164.95,165.0,164.85,172,164.9,13877,164.937945
2023-04-24 13:30:00+00:00,164.8579,165.02,164.7,7439,164.98,1592920,164.972898
2023-04-24 13:31:00+00:00,164.48,164.86,164.45,2734,164.85,203070,164.642256
2023-04-24 13:32:00+00:00,164.45,164.52,164.41,2394,164.48,252710,164.46034
2023-04-24 13:33:00+00:00,164.72,164.73,164.42,2071,164.445,214956,164.605614
2023-04-24 13:34:00+00:00,164.7232,164.73,164.58,2144,164.7135,180506,164.654923
2023-04-24 13:35:00+00:00,164.94,165.05,164.71,2748,164.71,232828,164.925798
2023-04-24 13:36:00+00:00,165.0599,165.0785,164.82,1957,164.94,213285,164.968471
2023-04-24 13:37:00+00:00,165.14,165.225,165.055,2914,165.06,284202,165.155102
2023-04-24 13:38:00+00:00,165.12,165.22,165.1,1656,165.195,141570,165.151958
2023-04-24 13:39:00+00:00,165.05,165.24,165.03,1847,165.115,191904,165.155957
2023-04-24 13:40:00+00:00,165.27,165.29,164.93,2311,165.05,237499,165.112285
2023-04-24 13:41:00+00:00,165.22,165.32,165.17,1441,165.27,131348,165.247856
2023-04-24 13:42:00+00:00,165.14,165.23,165.12,1400,165.22,148143,165.195102
2023-04-24 13:43:00+00:00,165.2975,165.34,165.095,1331,165.15,142870,165.203225
2023-04-24 13:44:00+00:00,165.265,165.35,165.25,1111,165.29,101882,165.29619
2023-04-24 13:45:00+00:00,165.3849,165.44,165.22,1464,165.2699,136553,165.361056
2023-04-24 13:46:00+00:00,165.3582,165.47,165.31,1387,165.4055,113958,165.38126
2023-04-24 13:47:00+00:00,165.3877,165.43,165.305,3561,165.34,116703,165.361465
2023-04-24 13:48:00+00:00,165.27,165.41,165.24,3390,165.38,92411,165.325887
2023-04-24 13:49:00+00:00,165.14,165.28,165.11,3826,165.26,133012,165.181371
2023-04-24 13:50:00+00:00,165.1699,165.25,165.11,3454,165.13,106215,165.176176
2023-04-24 13:51:00+00:00,165.15,165.2,165.125,3024,165.16,49110,165.158988
2023-04-24 13:52:00+00:00,165.29,165.295,165.14,3388,165.1493,76180,165.221749
2023-04-24 13:53:00+00:00,165.28,165.33,165.2,3364,165.29,91994,165.267253
2023-04-24 13:54:00+00:00,165.36,165.415,165.26,3420,165.27,86872,165.35056
2023-04-24 13:55:00+00:00,165.22,165.37,165.22,3197,165.37,74421,165.316971
2023-04-24 13:56:00+00:00,165.1481,165.23,165.11,3213,165.23,100400,165.154376
2023-04-24 13:57:00+00:00,165.18,165.265,165.13,3385,165.14,74846,165.196078
2023-04-24 13:58:00+00:00,165.14,165.22,165.1001,3264,165.2088,69606,165.167407
2023-04-24 13:59:00+00:00,165.16,165.18,165.075,3278,165.14,81793,165.130576
2023-04-24 14:00:00+00:00,165.11,165.18,165.08,3083,165.16,87433,165.131511
2023-04-24 14:01:00+00:00,165.025,165.13,164.96,4827,165.115,200439,165.026524
2023-04-24 14:02:00+00:00,164.9599,165.03,164.94,3646,165.02,91102,164.994418
2023-04-24 14:03:00+00:00,164.9302,164.98,164.84,3658,164.95,102886,164.915762
2023-04-24 14:04:00+00:00,165.02,165.05,164.91,3368,164.935,79743,164.980743
2023-04-24 14:05:00+00:00,164.8501,165.05,164.815,3939,165.0229,169195,164.927552
2023-04-24 14:06:00+00:00,164.9181,164.9181,164.83,2862,164.85,84859,164.864858
2023-04-24 14:07:00+00:00,165.0,165.0192,164.9,3168,164.9,98071,164.972507
2023-04-24 14:08:00+00:00,164.9588,165.03,164.9501,2618,164.9901,60215,164.993521
2023-04-24 14:09:00+00:00,164.97,165.0036,164.9231,2864,164.95,73523,164.957558
2023-04-24 14:10:00+00:00,164.83,164.9679,164.82,3334,164.9679,104669,164.883784
2023-04-24 14:11:00+00:00,164.995,165.0,164.829,2949,164.83,71153,164.911259
2023-04-24 14:12:00+00:00,165.115,165.115,164.99,3284,165.0,116754,165.047134
2023-04-24 14:13:00+00:00,165.18,165.22,165.115,3713,165.12,150689,165.155333
2023-04-24 14:14:00+00:00,165.05,165.29,165.03,4048,165.18,201050,165.155423
2023-04-24 14:15:00+00:00,164.98,165.13,164.93,3136,165.06,95532,165.02503
2023-04-24 14:16:00+00:00,165.045,165.07,164.9,2975,164.98,100534,164.984544
2023-04-24 14:17:00+00:00,165.105,165.16,165.05,2778,165.0585,93016,165.111642
2023-04-24 14:18:00+00:00,165.1576,165.19,165.07,2317,165.12,75632,165.139899
2023-04-24 14:19:00+00:00,165.252,165.285,165.14,2699,165.16,111923,165.223037
2023-04-24 14:20:00+00:00,165.2,165.3,165.16,2833,165.2601,125137,165.239103
2023-04-24 14:21:00+00:00,165.1601,165.27,165.16,2591,165.2,92239,165.215934
2023-04-24 14:22:00+00:00,165.3199,165.32,165.17,2485,165.17,69594,165.260014
2023-04-24 14:23:00+00:00,165.33,165.3629,165.31,2513,165.33,75585,165.337863
2023-04-24 14:24:00+00:00,165.3636,165.3701,165.32,2325,165.3499,53373,165.349706
2023-04-24 14:25:00+00:00,165.3714,165.4279,165.3,2578,165.36,107636,165.359372
2023-04-24 14:26:00+00:00,165.3628,165.39,165.31,2552,165.3724,67579,165.35022
2023-04-24 14:27:00+00:00,165.35,165.3899,165.31,2352,165.365,59598,165.353945
2023-04-24 14:28:00+00:00,165.3001,165.39,165.26,2464,165.3512,61698,165.319904
2023-04-24 14:29:00+00:00,165.2988,165.34,165.245,2506,165.31,80850,165.292675
2023-04-24 14:30:00+00:00,165.25,165.34,165.22,2602,165.29,75182,165.280095
2023-04-24 14:31:00+00:00,165.255,165.2883,165.18,1739,165.2599,95554,165.226129
2023-04-24 14:32:00+00:00,165.35,165.35,165.2,888,165.25,85850,165.276157
2023-04-24 14:33:00+00:00,165.23,165.37,165.18,899,165.35,98282,165.278445
2023-04-24 14:34:00+00:00,165.1,165.25,165.1,1055,165.2275,90942,165.1902
2023-04-24 14:35:00+00:00,165.01,165.1,164.96,1606,165.09,165655,165.019897
2023-04-24 14:36:00+00:00,164.8582,165.01,164.81,1290,165.01,103829,164.903688
2023-04-24 14:37:00+00:00,164.7215,164.8588,164.71,1172,164.85,93256,164.796758
2023-04-24 14:38:00+00:00,164.626,164.73,164.59,1373,164.72,627901,164.750145
2023-04-24 14:39:00+00:00,164.5,164.625,164.48,1617,164.62,121704,164.524016
2023-04-24 14:40:00+00:00,164.5,164.53,164.4722,1392,164.51,138873,164.509498
2023-04-24 14:41:00+00:00,164.46,164.52,164.46,949,164.4901,93437,164.498342
2023-04-24 14:42:00+00:00,164.2968,164.47,164.27,1910,164.46,165550,164.380381
2023-04-24 14:43:00+00:00,164.38,164.405,164.22,1722,164.29,665940,164.328951
2023-04-24 14:44:00+00:00,164.2,164.3702,164.2,1620,164.37,137733,164.256434
2023-04-24 14:45:00+00:00,164.22,164.25,164.1601,1665,164.2,156201,164.219659
2023-04-24 14:46:00+00:00,164.285,164.3,164.19,1432,164.22,151549,164.252792
2023-04-24 14:47:00+00:00,164.2558,164.29,164.1987,944,164.28,82360,164.251798
2023-04-24 14:48:00+00:00,164.236,164.26,164.21,630,164.2599,56889,164.492155
2023-04-24 14:49:00+00:00,164.2508,164.27,164.17,813,164.23,59529,164.226281
2023-04-24 14:50:00+00:00,164.345,164.365,164.2201,970,164.24,81140,164.306017
2023-04-24 14:51:00+00:00,164.32,164.38,164.295,1242,164.345,117604,164.33692
2023-04-24 14:52:00+00:00,164.205,164.36,164.19,1034,164.3259,78997,164.275034
2023-04-24 14:53:00+00:00,164.23,164.28,164.18,1072,164.205,105350,164.224441
2023-04-24 14:54:00+00:00,164.248,164.27,164.225,691,164.25,68531,164.245734
2023-04-24 14:55:00+00:00,164.115,164.2499,164.1102,1170,164.24,115299,164.164669
2023-04-24 14:56:00+00:00,164.12,164.185,164.06,1161,164.12,94892,164.112547
2023-04-24 14:57:00+00:00,164.166,164.19,164.101,918,164.1193,126561,164.146374
2023-04-24 14:58:00+00:00,164.0912,164.1999,164.0601,945,164.17,81798,164.12997
2023-04-24 14:59:00+00:00,164.04,164.095,164.03,1331,164.09,111534,164.061114
2023-04-24 15:00:00+00:00,164.1201,164.13,164.01,1280,164.035,120725,164.084347
2023-04-24 15:01:00+00:00,163.92,164.13,163.92,2404,164.13,179685,164.00494
2023-04-24 15:02:00+00:00,164.06,164.08,163.89,1254,163.92,87102,163.992513
2023-04-24 15:03:00+00:00,164.09,164.11,163.975,791,164.0495,58543,164.043095
2023-04-24 15:04:00+00:00,164.05,164.108,163.99,769,164.095,55374,164.040391
2023-04-24 15:05:00+00:00,164.06,164.115,164.03,799,164.055,74439,164.073119
2023-04-24 15:06:00+00:00,164.1799,164.18,164.04,870,164.06,71343,164.119184
2023-04-24 15:07:00+00:00,164.1295,164.23,164.129,846,164.175,70586,164.184569
2023-04-24 15:08:00+00:00,164.1301,164.1607,164.095,521,164.13,39271,164.118944
2023-04-24 15:09:00+00:00,164.15,164.2,164.11,658,164.13,64152,164.16422
2023-04-24 15:10:00+00:00,164.2415,164.27,164.09,1097,164.15,87315,164.18386
2023-04-24 15:11:00+00:00,164.275,164.3,164.215,695,164.24,62673,164.263682
2023-04-24 15:12:00+00:00,164.245,164.32,164.21,726,164.275,63768,164.265049
2023-04-24 15:13:00+00:00,164.17,164.25,164.17,775,164.25,53307,164.206287
2023-04-24 15:14:00+00:00,164.17,164.24,164.155,665,164.175,56836,164.195966
2023-04-24 15:15:00+00:00,164.1786,164.25,164.17,774,164.17,46489,164.210891
2023-04-24 15:16:00+00:00,164.0884,164.21,164.08,1188,164.175,110458,164.138968
2023-04-24 15:17:00+00:00,164.1501,164.1772,164.065,759,164.1,57361,164.116873
2023-04-24 15:18:00+00:00,164.33,164.34,164.1412,892,164.16,70148,164.252978
2023-04-24 15:19:00+00:00,164.37,164.38,164.3,1012,164.329,102558,164.347347
2023-04-24 15:20:00+00:00,164.3409,164.41,164.29,932,164.3631,76819,164.352502
2023-04-24 15:21:00+00:00,164.2857,164.35,164.2826,575,164.35,49658,164.314611
2023-04-24 15:22:00+00:00,164.28,164.36,164.27,559,164.285,43897,164.325581
2023-04-24 15:23:00+00:00,164.2789,164.33,164.23,704,164.3,49402,164.283137
2023-04-24 15:24:00+00:00,164.265,164.29,164.22,624,164.27,37001,164.247995
2023-04-24 15:25:00+00:00,164.35,164.36,164.2229,657,164.26,55869,164.295152
2023-04-24 15:26:00+00:00,164.29,164.37,164.26,908,164.36,67280,164.311404
2023-04-24 15:27:00+00:00,164.27,164.3,164.23,757,164.29,47244,164.273714
2023-04-24 15:28:00+00:00,164.2377,164.296,164.23,601,164.29,38209,164.259005
2023-04-24 15:29:00+00:00,164.18,164.25,164.15,790,164.231,51780,164.19748
2023-04-24 15:30:00+00:00,164.265,164.27,164.1,1343,164.18,111263,164.168748
2023-04-24 15:31:00+00:00,164.275,164.31,164.26,908,164.28,90089,164.286311
2023-04-24 15:32:00+00:00,164.1688,164.3,164.15,894,164.28,83058,164.227437
2023-04-24 15:33:00+00:00,164.2899,164.31,164.1504,957,164.16,83902,164.24312
2023-04-24 15:34:00+00:00,164.315,164.3242,164.23,895,164.28,58403,164.273221
2023-04-24 15:35:00+00:00,164.31,164.3341,164.26,619,164.33,38061,164.297468
2023-04-24 15:36:00+00:00,164.28,164.33,164.2101,547,164.3299,39868,164.27268
2023-04-24 15:37:00+00:00,164.2,164.275,164.18,668,164.274,38421,164.2236
2023-04-24 15:38:00+00:00,164.23,164.24,164.13,783,164.205,55562,164.181302
2023-04-24 15:39:00+00:00,164.145,164.25,164.1,837,164.2335,62950,164.141296
2023-04-24 15:40:00+00:00,164.08,164.15,164.07,755,164.14,63231,164.108692
2023-04-24 15:41:00+00:00,164.0593,164.11,164.05,738,164.085,63404,164.073551
2023-04-24 15:42:00+00:00,164.0,164.1,164.0,1221,164.0501,90107,164.030072
2023-04-24 15:43:00+00:00,164.1301,164.14,164.0,1201,164.0,82833,164.070332
2023-04-24 15:44:00+00:00,164.08,164.14,164.05,885,164.14,62827,164.101316
2023-04-24 15:45:00+00:00,164.09,164.11,164.0101,955,164.08,70983,164.058206
2023-04-24 15:46:00+00:00,164.31,164.31,164.09,1201,164.09,90361,164.224713
2023-04-24 15:47:00+00:00,164.2599,164.32,164.23,1059,164.3,430892,164.21885
2023-04-24 15:48:00+00:00,164.2113,164.275,164.16,890,164.25,62586,164.227485
2023-04-24 15:49:00+00:00,164.14,164.21,164.14,778,164.19,55025,164.172712
2023-04-24 15:50:00+00:00,164.16,164.19,164.13,706,164.145,45406,164.16495
2023-04-24 15:51:00+00:00,164.17,164.21,164.14,648,164.15,41972,164.169364
2023-04-24 15:52:00+00:00,164.18,164.215,164.13,656,164.18,40463,164.16901
2023-04-24 15:53:00+00:00,164.09,164.18,164.09,778,164.175,52514,164.126291
2023-04-24 15:54:00+00:00,164.0309,164.095,164.02,855,164.09,62674,164.044256
2023-04-24 15:55:00+00:00,164.03,164.1,164.01,801,164.0244,54606,164.053007
2023-04-24 15:56:00+00:00,164.07,164.08,164.0,660,164.04,48386,164.03239
2023-04-24 15:57:00+00:00,164.13,164.1899,164.06,1095,164.0601,75228,164.143054
2023-04-24 15:58:00+00:00,164.085,164.15,164.06,744,164.14,49305,164.096672
2023-04-24 15:59:00+00:00,164.125,164.15,164.0925,638,164.0925,42374,164.120714
2023-04-24 16:00:00+00:00,164.255,164.27,164.11,884,164.14,75432,164.194755
2023-04-24 16:01:00+00:00,164.2476,164.2699,164.1902,615,164.255,49271,164.236537
2023-04-24 16:02:00+00:00,164.2799,164.31,164.22,759,164.24,62240,164.273551
2023-04-24 16:03:00+00:00,164.275,164.29,164.23,681,164.27,62603,164.266726
2023-04-24 16:04:00+00:00,164.2237,164.2783,164.19,710,164.2783,53438,164.219483
2023-04-24 16:05:00+00:00,164.2299,164.2401,164.2,482,164.22,31188,164.224972
2023-04-24 16:06:00+00:00,164.215,164.26,164.19,515,164.22,34561,164.223604
2023-04-24 16:07:00+00:00,164.22,164.25,164.22,647,164.22,34654,164.232737
2023-04-24 16:08:00+00:00,164.1,164.22,164.1,759,164.22,58109,164.148666
2023-04-24 16:09:00+00:00,164.1082,164.13,164.09,528,164.09,36841,164.106236
2023-04-24 16:10:00+00:00,164.165,164.18,164.1012,529,164.1012,36751,164.14214
2023-04-24 16:11:00+00:00,164.195,164.2472,164.165,531,164.17,56644,164.206503
2023-04-24 16:12:00+00:00,164.15,164.21,164.14,416,164.205,34217,164.168387
2023-04-24 16:13:00+00:00,164.1425,164.17,164.13,390,164.15,24188,164.150056
2023-04-24 16:14:00+00:00,164.0884,164.14,164.08,547,164.14,33733,164.105668
2023-04-24 16:15:00+00:00,164.1442,164.16,164.0804,629,164.0804,45705,164.131314
2023-04-24 16:16:00+00:00,164.055,164.145,164.04,727,164.145,68791,164.075746
2023-04-24 16:17:00+00:00,164.165,164.165,164.055,676,164.06,64012,164.123178
2023-04-24 16:18:00+00:00,164.179,164.2,164.14,632,164.17,124082,164.225841
2023-04-24 16:19:00+00:00,164.25,164.25,164.1546,577,164.17,48089,164.201726
2023-04-24 16:20:00+00:00,164.255,164.2614,164.2,497,164.25,43350,164.239783
2023-04-24 16:21:00+00:00,164.29,164.29,164.225,639,164.2577,61367,164.247858
2023-04-24 16:22:00+00:00,164.27,164.31,164.22,741,164.2801,69084,164.263911
2023-04-24 16:23:00+00:00,164.2634,164.27,164.2339,503,164.2697,37592,164.258109
2023-04-24 16:24:00+00:00,164.2599,164.28,164.2201,506,164.265,50216,164.247466
2023-04-24 16:25:00+00:00,164.305,164.32,164.25,715,164.265,50575,164.2955
2023-04-24 16:26:00+00:00,164.3382,164.3382,164.29,597,164.31,55623,164.310194
2023-04-24 16:27:00+00:00,164.31,164.335,164.301,386,164.33,28408,164.316476
2023-04-24 16:28:00+00:00,164.331,164.34,164.31,415,164.315,32607,164.326656
2023-04-24 16:29:00+00:00,164.34,164.35,164.32,692,164.3318,43446,164.336069
2023-04-24 16:30:00+00:00,164.34,164.34,164.289,634,164.33,52017,164.307067
2023-04-24 16:31:00+00:00,164.4079,164.41,164.33,560,164.335,52243,164.372529
2023-04-24 16:32:00+00:00,164.41,164.43,164.3591,534,164.41,37363,164.390421
2023-04-24 16:33:00+00:00,164.3801,164.42,164.365,511,164.42,46535,164.38105
2023-04-24 16:34:00+00:00,164.37,164.39,164.36,563,164.38,49786,164.374808
2023-04-24 16:35:00+00:00,164.4104,164.43,164.37,386,164.375,40071,164.399923
2023-04-24 16:36:00+00:00,164.5,164.5,164.4,654,164.411,62000,164.451624
2023-04-24 16:37:00+00:00,164.5395,164.54,164.49,907,164.4903,75743,164.507552
2023-04-24 16:38:00+00:00,164.55,164.5775,164.5201,770,164.54,89310,164.548451
2023-04-24 16:39:00+00:00,164.605,164.61,164.54,578,164.545,55792,164.578011
2023-04-24 16:40:00+00:00,164.515,164.62,164.5,887,164.61,109161,164.561984
2023-04-24 16:41:00+00:00,164.51,164.5401,164.4902,590,164.5182,58322,164.519188
2023-04-24 16:42:00+00:00,164.4718,164.52,164.4309,583,164.52,57629,164.471106
2023-04-24 16:43:00+00:00,164.5,164.52,164.47,501,164.475,39591,164.499478
2023-04-24 16:44:00+00:00,164.455,164.5001,164.455,486,164.49,32637,164.480595
2023-04-24 16:45:00+00:00,164.43,164.4744,164.41,552,164.455,50665,164.437
2023-04-24 16:46:00+00:00,164.44,164.44,164.405,632,164.425,60714,164.425068
2023-04-24 16:47:00+00:00,164.4201,164.4399,164.39,539,164.435,38803,164.414262
2023-04-24 16:48:00+00:00,164.44,164.45,164.41,437,164.43,30124,164.426951
2023-04-24 16:49:00+00:00,164.495,164.5,164.415,563,164.44,53346,164.461398
2023-04-24 16:50:00+00:00,164.59,164.6,164.48,622,164.5,74153,164.5353
2023-04-24 16:51:00+00:00,164.61,164.62,164.55,631,164.58,55915,164.589131
2023-04-24 16:52:00+00:00,164.495,164.61,164.4901,545,164.61,46117,164.540113
2023-04-24 16:53:00+00:00,164.45,164.49,164.43,509,164.49,43513,164.46562
2023-04-24 16:54:00+00:00,164.4903,164.4997,164.41,663,164.455,65973,164.451587
2023-04-24 16:55:00+00:00,164.4515,164.495,164.4397,489,164.495,37308,164.458247
2023-04-24 16:56:00+00:00,164.4415,164.455,164.42,458,164.45,26540,164.436136
2023-04-24 16:57:00+00:00,164.495,164.4969,164.43,432,164.45,31355,164.466842
2023-04-24 16:58:00+00:00,164.516,164.5606,164.495,708,164.5,72850,164.522388
2023-04-24 16:59:00+00:00,164.5117,164.55,164.51,551,164.51,46089,164.52343
2023-04-24 17:00:00+00:00,164.495,164.52,164.46,556,164.515,51781,164.489784
2023-04-24 17:01:00+00:00,164.475,164.51,164.46,441,164.49,37804,164.486718
2023-04-24 17:02:00+00:00,164.4,164.4722,164.38,677,164.4722,61414,164.413978
2023-04-24 17:03:00+00:00,164.4712,164.4712,164.38,555,164.4,40407,164.410378
2023-04-24 17:04:00+00:00,164.525,164.55,164.47,538,164.475,56752,164.512766
2023-04-24 17:05:00+00:00,164.48,164.52,164.4307,605,164.52,48273,164.474756
2023-04-24 17:06:00+00:00,164.5,164.5,164.46,339,164.475,26051,164.48622
2023-04-24 17:07:00+00:00,164.4999,164.5,164.4301,559,164.5,47681,164.461074
2023-04-24 17:08:00+00:00,164.5001,164.54,164.475,479,164.495,33042,164.507624
2023-04-24 17:09:00+00:00,164.505,164.51,164.47,470,164.51,50171,164.492259
2023-04-24 17:10:00+00:00,164.59,164.62,164.47,1208,164.5,110825,164.56477
2023-04-24 17:11:00+00:00,164.59,164.68,164.59,922,164.5909,100425,164.635677
2023-04-24 17:12:00+00:00,164.74,164.74,164.57,1117,164.5962,127070,164.664998
2023-04-24 17:13:00+00:00,164.72,164.74,164.7,621,164.74,70166,164.719823
2023-04-24 17:14:00+00:00,164.77,164.77,164.71,685,164.7299,81928,164.74104
2023-04-24 17:15:00+00:00,164.7599,164.775,164.7221,640,164.775,83261,164.745938
2023-04-24 17:16:00+00:00,164.7101,164.88,164.69,1744,164.755,199499,164.787322
2023-04-24 17:17:00+00:00,164.675,164.74,164.6683,542,164.715,57651,164.693081
2023-04-24 17:18:00+00:00,164.6887,164.6954,164.62,647,164.67,78823,164.654936
2023-04-24 17:19:00+00:00,164.67,164.71,164.6501,616,164.69,62721,164.685241
2023-04-24 17:20:00+00:00,164.635,164.6788,164.62,445,164.6609,40944,164.650942
2023-04-24 17:21:00+00:00,164.69,164.74,164.6311,549,164.6372,52544,164.695466
2023-04-24 17:22:00+00:00,164.71,164.715,164.68,271,164.6999,24193,164.696918
2023-04-24 17:23:00+00:00,164.68,164.76,164.67,540,164.72,55310,164.715148
2023-04-24 17:24:00+00:00,164.7425,164.7599,164.67,431,164.68,53061,164.710312
2023-04-24 17:25:00+00:00,164.7731,164.7863,164.73,564,164.75,55888,164.759234
2023-04-24 17:26:00+00:00,164.795,164.82,164.7525,557,164.77,70869,164.794705
2023-04-24 17:27:00+00:00,164.844,164.88,164.79,712,164.8,82989,164.84201
2023-04-24 17:28:00+00:00,164.76,164.87,164.76,568,164.85,51848,164.814945
2023-04-24 17:29:00+00:00,164.78,164.78,164.745,485,164.77,47986,164.758748
2023-04-24 17:30:00+00:00,164.735,164.82,164.73,738,164.78,45780,164.77505
2023-04-24 17:31:00+00:00,164.785,164.7899,164.7301,431,164.75,26104,164.759177
2023-04-24 17:32:00+00:00,164.85,164.8552,164.77,788,164.785,65929,164.812708
2023-04-24 17:33:00+00:00,164.91,164.91,164.835,991,164.85,81607,164.869554
2023-04-24 17:34:00+00:00,164.85,164.92,164.84,660,164.905,63496,164.876973
2023-04-24 17:35:00+00:00,164.82,164.85,164.7703,557,164.85,47996,164.810825
2023-04-24 17:36:00+00:00,164.795,164.845,164.795,518,164.82,52040,164.824704
2023-04-24 17:37:00+00:00,164.8557,164.885,164.79,584,164.8,48031,164.848627
2023-04-24 17:38:00+00:00,164.875,164.91,164.84,477,164.86,43001,164.869761
2023-04-24 17:39:00+00:00,164.8501,164.9,164.8501,435,164.88,45680,164.877399
2023-04-24 17:40:00+00:00,164.83,164.8685,164.81,433,164.855,36907,164.836448
2023-04-24 17:41:00+00:00,164.795,164.88,164.795,465,164.8385,42658,164.83571
2023-04-24 17:42:00+00:00,164.81,164.8579,164.79,509,164.795,53222,164.822219
2023-04-24 17:43:00+00:00,164.838,164.86,164.8,547,164.81,67663,164.833543
2023-04-24 17:44:00+00:00,164.83,164.8552,164.8,459,164.836,48940,164.822496
2023-04-24 17:45:00+00:00,164.83,164.849,164.795,439,164.83,41249,164.817196
2023-04-24 17:46:00+00:00,164.775,164.8399,164.75,519,164.8399,62681,164.784016
2023-04-24 17:47:00+00:00,164.8201,164.835,164.75,557,164.7747,68846,164.795648
2023-04-24 17:48:00+00:00,164.816,164.8592,164.8078,564,164.83,75193,164.828246
2023-04-24 17:49:00+00:00,164.9,164.9,164.82,556,164.82,51084,164.859194
2023-04-24 17:50:00+00:00,164.91,164.93,164.8901,720,164.895,89362,164.916927
2023-04-24 17:51:00+00:00,164.97,164.99,164.905,807,164.91,92421,164.958692
2023-04-24 17:52:00+00:00,165.05,165.06,164.974,1572,164.975,163675,165.001558
2023-04-24 17:53:00+00:00,165.005,165.07,165.002,667,165.0501,71667,165.036379
2023-04-24 17:54:00+00:00,165.1,165.12,164.99,836,165.01,80439,165.069579
2023-04-24 17:55:00+00:00,165.1199,165.13,165.08,577,165.1,47992,165.1105
2023-04-24 17:56:00+00:00,165.085,165.16,165.075,872,165.12,97125,165.116662
2023-04-24 17:57:00+00:00,165.15,165.16,165.08,628,165.085,47961,165.115278
2023-04-24 17:58:00+00:00,165.1907,165.2199,165.1401,815,165.1416,101531,165.180188
2023-04-24 17:59:00+00:00,165.1324,165.2073,165.1324,704,165.195,76233,165.177697
2023-04-24 18:00:00+00:00,165.215,165.22,165.15,689,165.15,68856,165.198396
2023-04-24 18:01:00+00:00,165.195,165.26,165.17,780,165.22,83275,165.216825
2023-04-24 18:02:00+00:00,165.315,165.3169,165.18,1134,165.19,117204,165.24974
2023-04-24 18:03:00+00:00,165.29,165.3513,165.25,952,165.31,100628,165.311693
2023-04-24 18:04:00+00:00,165.255,165.31,165.254,688,165.2982,56492,165.287797
2023-04-24 18:05:00+00:00,165.29,165.33,165.25,743,165.26,60040,165.291111
2023-04-24 18:06:00+00:00,165.1999,165.3108,165.17,1663,165.29,141227,165.227128
2023-04-24 18:07:00+00:00,165.165,165.23,165.1643,843,165.19,83633,165.202998
2023-04-24 18:08:00+00:00,165.19,165.21,165.142,723,165.17,59383,165.175315
2023-04-24 18:09:00+00:00,165.18,165.22,165.18,594,165.19,49526,165.197236
2023-04-24 18:10:00+00:00,165.285,165.2999,165.175,753,165.18,88868,165.250145
2023-04-24 18:11:00+00:00,165.2414,165.2801,165.23,610,165.28,49597,165.243729
2023-04-24 18:12:00+00:00,165.3021,165.33,165.23,744,165.25,78319,165.290491
2023-04-24 18:13:00+00:00,165.4199,165.4199,165.305,1233,165.3091,146749,165.375727
2023-04-24 18:14:00+00:00,165.4091,165.44,165.4,849,165.42,80893,165.418342
2023-04-24 18:15:00+00:00,165.3301,165.44,165.33,1230,165.405,129225,165.391824
2023-04-24 18:16:00+00:00,165.325,165.3603,165.3099,528,165.3293,49719,165.330364
2023-04-24 18:17:00+00:00,165.38,165.42,165.32,696,165.3269,67952,165.375658
2023-04-24 18:18:00+00:00,165.295,165.39,165.265,1024,165.39,87684,165.313952
2023-04-24 18:19:00+00:00,165.255,165.29,165.24,689,165.29,63297,165.265821
2023-04-24 18:20:00+00:00,165.2299,165.255,165.21,579,165.255,42681,165.227932
2023-04-24 18:21:00+00:00,165.29,165.3099,165.2172,478,165.225,55323,165.271677
2023-04-24 18:22:00+00:00,165.295,165.34,165.2648,506,165.28,48003,165.305313
2023-04-24 18:23:00+00:00,165.165,165.293,165.16,680,165.29,59024,165.213933
2023-04-24 18:24:00+00:00,165.151,165.19,165.13,676,165.17,58481,165.158621
2023-04-24 18:25:00+00:00,165.1093,165.15,165.1,621,165.15,43722,165.124075
2023-04-24 18:26:00+00:00,165.13,165.165,165.105,405,165.105,28383,165.141846
2023-04-24 18:27:00+00:00,165.1455,165.16,165.1127,380,165.125,27124,165.144799
2023-04-24 18:28:00+00:00,165.1226,165.15,165.12,388,165.145,29086,165.134791
2023-04-24 18:29:00+00:00,165.1722,165.18,165.12,407,165.1293,36990,165.158755
2023-04-24 18:30:00+00:00,165.2084,165.21,165.17,486,165.18,52374,165.191195
2023-04-24 18:31:00+00:00,165.095,165.205,165.0814,692,165.2001,70721,165.130875
2023-04-24 18:32:00+00:00,165.02,165.0976,165.01,790,165.09,87962,165.041125
2023-04-24 18:33:00+00:00,165.1,165.13,165.025,767,165.03,70294,165.085161
2023-04-24 18:34:00+00:00,165.09,165.12,165.06,485,165.1099,53519,165.083918
2023-04-24 18:35:00+00:00,165.16,165.16,165.07,566,165.09,45815,165.126614
2023-04-24 18:36:00+00:00,165.1612,165.17,165.1228,486,165.16,38219,165.148841
2023-04-24 18:37:00+00:00,165.11,165.16,165.1,460,165.16,36886,165.128553
2023-04-24 18:38:00+00:00,165.05,165.1,165.05,504,165.1,42286,165.076405
2023-04-24 18:39:00+00:00,165.05,165.079,165.04,389,165.055,28926,165.057495
2023-04-24 18:40:00+00:00,165.09,165.09,165.03,684,165.05,53919,165.054508
2023-04-24 18:41:00+00:00,165.05,165.1,165.03,626,165.0854,70807,165.061332
2023-04-24 18:42:00+00:00,165.0,165.07,165.0,691,165.06,58431,165.023065
2023-04-24 18:43:00+00:00,165.0603,165.0603,164.99,641,164.991,51174,165.035459
2023-04-24 18:44:00+00:00,165.055,165.065,165.01,466,165.06,35376,165.041898
2023-04-24 18:45:00+00:00,165.02,165.05,164.98,573,165.05,40033,165.010831
2023-04-24 18:46:00+00:00,165.0385,165.07,165.01,484,165.02,39040,165.041655
2023-04-24 18:47:00+00:00,165.12,165.12,165.04,536,165.045,41136,165.07496
2023-04-24 18:48:00+00:00,165.1496,165.15,165.1,618,165.11,67523,165.121081
2023-04-24 18:49:00+00:00,165.15,165.1699,165.13,518,165.14,44237,165.145252
2023-04-24 18:50:00+00:00,165.16,165.22,165.14,879,165.1569,80982,165.1747
2023-04-24 18:51:00+00:00,165.205,165.205,165.1501,505,165.1501,42017,165.17937
2023-04-24 18:52:00+00:00,165.19,165.235,165.18,557,165.21,56852,165.212743
2023-04-24 18:53:00+00:00,165.145,165.2001,165.1385,479,165.2,38014,165.156569
2023-04-24 18:54:00+00:00,165.21,165.21,165.135,401,165.145,32087,165.186544
2023-04-24 18:55:00+00:00,165.205,165.2299,165.1901,515,165.21,47776,165.210894
2023-04-24 18:56:00+00:00,165.2153,165.24,165.185,556,165.205,47856,165.210488
2023-04-24 18:57:00+00:00,165.2475,165.26,165.21,786,165.215,85927,165.244374
2023-04-24 18:58:00+00:00,165.285,165.3,165.2421,549,165.245,60088,165.274724
2023-04-24 18:59:00+00:00,165.2942,165.3076,165.27,597,165.285,54595,165.289262
2023-04-24 19:00:00+00:00,165.275,165.34,165.26,876,165.3,68599,165.304288
2023-04-24 19:01:00+00:00,165.33,165.35,165.275,727,165.2786,72058,165.328335
2023-04-24 19:02:00+00:00,165.26,165.3516,165.25,672,165.34,59593,165.296131
2023-04-24 19:03:00+00:00,165.2582,165.31,165.23,571,165.255,51484,165.273147
2023-04-24 19:04:00+00:00,165.295,165.3155,165.25,520,165.26,32820,165.28535
2023-04-24 19:05:00+00:00,165.31,165.3547,165.29,606,165.3,44091,165.330481
2023-04-24 19:06:00+00:00,165.29,165.336,165.27,479,165.31,32210,165.30274
2023-04-24 19:07:00+00:00,165.28,165.345,165.28,540,165.2856,60284,165.319601
2023-04-24 19:08:00+00:00,165.3167,165.32,165.27,531,165.275,54920,165.291496
2023-04-24 19:09:00+00:00,165.34,165.37,165.315,656,165.315,67910,165.349172
2023-04-24 19:10:00+00:00,165.37,165.4,165.335,871,165.35,72139,165.366509
2023-04-24 19:11:00+00:00,165.425,165.425,165.3501,713,165.3601,81305,165.384712
2023-04-24 19:12:00+00:00,165.36,165.44,165.34,881,165.4231,83985,165.394324
2023-04-24 19:13:00+00:00,165.3399,165.39,165.3399,665,165.37,55402,165.361067
2023-04-24 19:14:00+00:00,165.39,165.41,165.32,710,165.335,64259,165.367819
2023-04-24 19:15:00+00:00,165.325,165.42,165.3201,681,165.39,62906,165.372622
2023-04-24 19:16:00+00:00,165.35,165.36,165.27,674,165.325,70675,165.319033
2023-04-24 19:17:00+00:00,165.3101,165.38,165.302,740,165.356,81359,165.354438
2023-04-24 19:18:00+00:00,165.365,165.38,165.304,560,165.3101,67699,165.330287
2023-04-24 19:19:00+00:00,165.4,165.41,165.355,640,165.365,63599,165.385101
2023-04-24 19:20:00+00:00,165.3299,165.4,165.2979,1017,165.4,105993,165.341705
2023-04-24 19:21:00+00:00,165.33,165.37,165.32,670,165.3276,56553,165.344556
2023-04-24 19:22:00+00:00,165.32,165.36,165.315,543,165.326,43647,165.340314
2023-04-24 19:23:00+00:00,165.3128,165.35,165.31,450,165.325,34175,165.330485
2023-04-24 19:24:00+00:00,165.306,165.36,165.3001,489,165.31,41947,165.33296
2023-04-24 19:25:00+00:00,165.325,165.39,165.31,697,165.31,61950,165.357163
2023-04-24 19:26:00+00:00,165.29,165.34,165.28,845,165.3229,76489,165.304428
2023-04-24 19:27:00+00:00,165.36,165.36,165.28,562,165.29,54938,165.32052
2023-04-24 19:28:00+00:00,165.33,165.4,165.24,1372,165.36,136161,165.330041
2023-04-24 19:29:00+00:00,165.345,165.37,165.315,632,165.32,50423,165.344665
2023-04-24 19:30:00+00:00,165.355,165.355,165.29,1107,165.345,102179,165.319412
2023-04-24 19:31:00+00:00,165.3706,165.39,165.3201,774,165.3591,69427,165.356539
2023-04-24 19:32:00+00:00,165.43,165.44,165.37,915,165.37,102515,165.414815
2023-04-24 19:33:00+00:00,165.48,165.54,165.4201,1940,165.4254,289331,165.490721
2023-04-24 19:34:00+00:00,165.465,165.4939,165.435,867,165.4824,72218,165.463681
2023-04-24 19:35:00+00:00,165.565,165.57,165.46,1352,165.465,144854,165.537177
2023-04-24 19:36:00+00:00,165.49,165.6,165.47,1097,165.5673,126017,165.548239
2023-04-24 19:37:00+00:00,165.39,165.505,165.37,1095,165.4808,96649,165.425423
2023-04-24 19:38:00+00:00,165.3626,165.4,165.35,1058,165.3902,91084,165.379595
2023-04-24 19:39:00+00:00,165.429,165.43,165.36,1094,165.36,105921,165.404469
2023-04-24 19:40:00+00:00,165.45,165.46,165.41,830,165.425,57559,165.434102
2023-04-24 19:41:00+00:00,165.534,165.54,165.44,912,165.445,110424,165.484862
2023-04-24 19:42:00+00:00,165.445,165.55,165.44,1404,165.54,140509,165.50547
2023-04-24 19:43:00+00:00,165.3672,165.44,165.3672,1270,165.44,137044,165.404841
2023-04-24 19:44:00+00:00,165.275,165.3672,165.27,1182,165.3672,110237,165.303548
2023-04-24 19:45:00+00:00,165.415,165.415,165.27,1212,165.28,131148,165.349779
2023-04-24 19:46:00+00:00,165.46,165.4823,165.41,1017,165.415,107599,165.452236
2023-04-24 19:47:00+00:00,165.4501,165.5199,165.45,1130,165.47,112499,165.48772
2023-04-24 19:48:00+00:00,165.4501,165.48,165.43,1059,165.46,120217,165.45774
2023-04-24 19:49:00+00:00,165.455,165.52,165.44,1122,165.455,110316,165.478474
2023-04-24 19:50:00+00:00,165.355,165.45,165.27,3135,165.45,313718,165.354074
2023-04-24 19:51:00+00:00,165.32,165.38,165.32,1344,165.35,110264,165.361108
2023-04-24 19:52:00+00:00,165.314,165.42,165.29,1710,165.315,179890,165.362151
2023-04-24 19:53:00+00:00,165.291,165.3756,165.29,1523,165.31,126104,165.331411
2023-04-24 19:54:00+00:00,165.1886,165.31,165.09,2867,165.29,254959,165.20445
2023-04-24 19:55:00+00:00,165.166,165.19,165.09,2745,165.19,311291,165.138137
2023-04-24 19:56:00+00:00,165.18,165.275,165.15,2904,165.16,375606,165.206325
2023-04-24 19:57:00+00:00,165.205,165.25,165.185,2064,165.185,210135,165.223274
2023-04-24 19:58:00+00:00,165.195,165.3,165.19,2904,165.2,329807,165.253448
2023-04-24 19:59:00+00:00,165.36,165.37,165.18,7282,165.195,917651,165.275803
2023-04-24 20:00:00+00:00,165.32,165.355,165.23,145,165.35,6394423,165.329942
2023-04-24 20:01:00+00:00,165.43,165.45,165.32,107,165.33,158487,165.332254
2023-04-24 20:02:00+00:00,165.33,165.39,165.32,72,165.39,2776,165.356171
2023-04-24 20:03:00+00:00,165.31,165.31,165.29,31,165.31,1120,165.305543
2023-04-24 20:05:00+00:00,165.26,165.2882,165.26,34,165.26,1254,165.267652
2023-04-24 20:06:00+00:00,165.0,165.0,165.0,21,165.0,423,165.038889
2023-04-24 20:07:00+00:00,165.29,165.33,165.27,25,165.27,9402,165.320497
2023-04-24 20:08:00+00:00,165.33,165.33,165.33,24,165.33,47938,165.329398
2023-04-24 20:09:00+00:00,165.26,165.26,165.26,14,165.26,284,165.260628
2023-04-24 20:10:00+00:00,165.26,165.26,165.26,21,165.26,5364,165.325341
2023-04-24 20:12:00+00:00,165.25,165.29,165.24,53,165.25,2721,165.265644
2023-04-24 20:13:00+00:00,165.255,165.2689,165.255,14,165.2689,343,165.254796
2023-04-24 20:14:00+00:00,165.27,165.27,165.27,17,165.27,281,165.262126
2023-04-24 20:15:00+00:00,165.28,165.33,165.28,20,165.33,381,165.274178
2023-04-24 20:16:00+00:00,165.3,165.3,165.297,15,165.297,462,165.295583
2023-04-24 20:17:00+00:00,165.3,165.3,165.2801,25,165.2801,1733,165.297934
2023-04-24 20:18:00+00:00,165.31,165.33,165.3,22,165.3,10000,165.319749
2023-04-24 20:19:00+00:00,165.33,165.33,165.33,14,165.33,1750,165.329834
2023-04-24 20:20:00+00:00,165.33,165.33,165.33,15,165.33,2042,165.329838
2023-04-24 20:21:00+00:00,165.34,165.34,165.33,24,165.33,1449,165.336925
2023-04-24 20:22:00+00:00,165.35,165.35,165.35,27,165.35,2085,165.336399
2023-04-24 20:23:00+00:00,165.35,165.37,165.35,9,165.3682,2131,165.367794
2023-04-24 20:24:00+00:00,165.3,165.37,165.3,59,165.37,5850,165.315298
2023-04-24 20:25:00+00:00,165.34,165.34,165.32,30,165.33,2312,165.331267
2023-04-24 20:26:00+00:00,165.3388,165.3388,165.3388,13,165.3388,254,165.336268
2023-04-24 20:28:00+00:00,165.34,165.34,165.34,13,165.34,613,165.338124
2023-04-24 20:31:00+00:00,165.31,165.3395,165.31,28,165.3395,2107,165.325517
2023-04-24 20:32:00+00:00,165.3,165.3,165.3,13,165.3,141,165.300884
2023-04-24 20:33:00+00:00,165.3,165.3,165.3,10,165.3,282,165.299486
2023-04-24 20:34:00+00:00,165.24,165.33,165.23,23,165.33,8357,165.323391
2023-04-24 20:35:00+00:00,165.25,165.25,165.25,23,165.25,724,165.244027
2023-04-24 20:36:00+00:00,165.26,165.26,165.26,18,165.26,310,165.249452
2023-04-24 20:37:00+00:00,165.29,165.29,165.24,24,165.24,565,165.261796
2023-04-24 20:39:00+00:00,165.27,165.27,165.24,58,165.26,1659,165.254289
2023-04-24 20:40:00+00:00,165.26,165.26,165.26,15,165.26,190,165.261098
2023-04-24 20:43:00+00:00,165.25,165.25,165.23,10,165.23,627,165.237751
2023-04-24 20:46:00+00:00,165.25,165.26,165.25,14,165.26,436,165.25281
2023-04-24 20:48:00+00:00,165.25,165.25,165.25,18,165.25,438,165.245719
2023-04-24 20:49:00+00:00,165.24,165.24,165.24,17,165.24,122,165.239598
2023-04-24 20:50:00+00:00,165.24,165.24,165.24,14,165.24,537,165.23973
2023-04-24 20:51:00+00:00,165.26,165.26,165.23,29,165.23,1803,165.240987
2023-04-24 20:53:00+00:00,165.21,165.24,165.21,19,165.24,865,165.227376
2023-04-24 20:54:00+00:00,165.12,165.22,165.12,69,165.22,8760,165.153273
2023-04-24 20:55:00+00:00,165.15,165.15,165.15,7,165.15,160,165.147656
2023-04-24 20:56:00+00:00,165.16,165.16,165.13,14,165.13,872,165.13681
2023-04-24 20:57:00+00:00,165.13,165.13,165.13,6,165.13,207,165.130797
2023-04-24 20:59:00+00:00,165.14,165.14,165.14,30,165.14,1349,165.138629
2023-04-24 21:00:00+00:00,165.14,165.16,165.14,12,165.16,2671,165.147289
2023-04-24 21:01:00+00:00,165.1405,165.1405,165.11,37,165.14,1507,165.125862
2023-04-24 21:04:00+00:00,165.13,165.15,165.13,11,165.15,3035,165.136649
2023-04-24 21:07:00+00:00,165.12,165.12,165.1,16,165.11,1112,165.108943
2023-04-24 21:08:00+00:00,165.12,165.13,165.12,15,165.13,1378,165.129263
2023-04-24 21:09:00+00:00,165.11,165.12,165.11,13,165.12,621,165.113283
2023-04-24 21:10:00+00:00,165.12,165.12,165.11,21,165.11,1008,164.962128
2023-04-24 21:12:00+00:00,165.12,165.12,165.12,17,165.12,174,165.116178
2023-04-24 21:16:00+00:00,165.13,165.13,165.11,22,165.11,825,165.123464
2023-04-24 21:17:00+00:00,165.13,165.13,165.13,16,165.13,1095,165.130644
2023-04-24 21:20:00+00:00,165.11,165.13,165.11,17,165.13,1734,165.112777
2023-04-24 21:21:00+00:00,165.1,165.11,165.1,17,165.11,1098,165.102313
2023-04-24 21:23:00+00:00,165.1,165.1,165.1,11,165.1,282,165.111312
2023-04-24 21:24:00+00:00,165.1,165.1,165.1,12,165.1,118,165.101525
2023-04-24 21:25:00+00:00,165.13,165.13,165.12,15,165.13,1008,165.127169
2023-04-24 21:26:00+00:00,165.1,165.13,165.1,23,165.13,1109,165.117314
2023-04-24 21:27:00+00:00,165.08,165.1,165.08,21,165.1,653,165.083348
2023-04-24 21:28:00+00:00,165.1,165.1,165.07,11,165.08,7181,165.082581
2023-04-24 21:29:00+00:00,165.13,165.13,165.13,11,165.13,119,165.128403
2023-04-24 21:31:00+00:00,165.0905,165.0905,165.0905,17,165.0905,1098,165.091097
2023-04-24 21:33:00+00:00,165.07,165.0789,165.07,14,165.0789,1190,165.074076
2023-04-24 21:36:00+00:00,165.13,165.13,165.13,9,165.13,158,165.10981
2023-04-24 21:37:00+00:00,165.0708,165.0708,165.0708,11,165.0708,1069,165.07305
2023-04-24 21:39:00+00:00,165.0707,165.0707,165.0707,10,165.0707,1047,165.072302
2023-04-24 21:40:00+00:00,165.05,165.0799,165.05,20,165.0799,637,165.075243
2023-04-24 21:42:00+00:00,165.1,165.1,165.1,6,165.1,3008,165.099987
2023-04-24 21:43:00+00:00,165.05,165.05,165.05,7,165.05,275,165.053709
2023-04-24 21:44:00+00:00,165.11,165.11,165.11,19,165.11,630,165.100302
2023-04-24 21:47:00+00:00,165.1,165.1,165.1,6,165.1,824,165.100722
2023-04-24 21:49:00+00:00,165.1,165.1,165.1,12,165.1,181,165.098674
2023-04-24 21:54:00+00:00,165.08,165.08,165.08,16,165.08,2187,165.080809
2023-04-24 21:56:00+00:00,165.08,165.08,165.08,19,165.08,991,165.080248
2023-04-24 22:00:00+00:00,165.14,165.15,165.12,53,165.12,2934,165.136476
2023-04-24 22:01:00+00:00,165.16,165.16,165.15,20,165.15,2441,165.158116
2023-04-24 22:04:00+00:00,165.22,165.22,165.18,24,165.18,1314,165.200308
2023-04-24 22:05:00+00:00,165.27,165.27,165.27,10,165.27,116,165.254569
2023-04-24 22:07:00+00:00,165.22,165.24,165.22,8,165.24,581,165.218055
2023-04-24 22:09:00+00:00,165.24,165.24,165.24,8,165.24,269,165.233755
2023-04-24 22:11:00+00:00,165.14,165.14,165.14,12,165.14,3796,165.140047
2023-04-24 22:12:00+00:00,165.14,165.14,165.14,10,165.14,331,165.139249
2023-04-24 22:19:00+00:00,165.14,165.14,165.14,20,165.14,858,165.138013
2023-04-24 22:20:00+00:00,165.18,165.18,165.1101,24,165.1101,2613,165.176638
2023-04-24 22:22:00+00:00,165.22,165.22,165.19,13,165.19,844,165.211374
2023-04-24 22:23:00+00:00,165.22,165.23,165.22,7,165.23,641,165.220242
2023-04-24 22:24:00+00:00,165.2,165.2,165.2,8,165.2,177,165.198701
2023-04-24 22:25:00+00:00,165.2,165.2,165.16,14,165.16,1257,165.190517
2023-04-24 22:44:00+00:00,165.13,165.13,165.13,4,165.13,204,165.136176
2023-04-24 22:45:00+00:00,165.14,165.14,165.14,8,165.14,386,165.14158
2023-04-24 22:49:00+00:00,165.2184,165.2184,165.2184,6,165.2184,110,165.213682
2023-04-24 22:54:00+00:00,165.19,165.2,165.19,14,165.2,1798,165.190131
2023-04-24 22:58:00+00:00,165.13,165.13,165.13,8,165.13,126,165.133651
2023-04-24 23:01:00+00:00,165.16,165.16,165.16,7,165.16,560,165.159741
2023-04-24 23:03:00+00:00,165.11,165.11,165.11,9,165.11,324,165.118688
2023-04-24 23:04:00+00:00,165.11,165.11,165.11,8,165.11,210,165.111714
2023-04-24 23:05:00+00:00,165.11,165.11,165.11,16,165.11,396,165.119495
2023-04-24 23:07:00+00:00,165.19,165.19,165.19,9,165.19,213,165.186925
2023-04-24 23:10:00+00:00,165.19,165.19,165.19,13,165.19,197,165.174036
2023-04-24 23:11:00+00:00,165.19,165.19,165.18,13,165.18,656,165.186448
2023-04-24 23:12:00+00:00,165.11,165.11,165.11,14,165.11,177,165.123475
2023-04-24 23:13:00+00:00,165.12,165.12,165.12,15,165.12,228,165.127346
2023-04-24 23:15:00+00:00,165.11,165.11,165.11,12,165.11,428,165.140876
2023-04-24 23:26:00+00:00,165.12,165.12,165.12,21,165.12,288,165.137205
2023-04-24 23:27:00+00:00,165.18,165.18,165.18,10,165.18,411,165.178552
2023-04-24 23:29:00+00:00,165.16,165.16,165.16,8,165.16,253,165.160791
2023-04-24 23:30:00+00:00,165.15,165.16,165.15,10,165.16,446,165.155404
2023-04-24 23:31:00+00:00,165.2,165.2,165.15,46,165.16,2461,165.188234
2023-04-24 23:32:00+00:00,165.24,165.24,165.2,23,165.23,2150,165.233238
2023-04-24 23:33:00+00:00,165.25,165.25,165.25,9,165.25,721,165.249688
2023-04-24 23:45:00+00:00,165.25,165.25,165.2,7,165.2,590,165.227119
2023-04-24 23:46:00+00:00,165.21,165.21,165.21,6,165.21,105,165.211537
2023-04-24 23:47:00+00:00,165.25,165.26,165.25,14,165.26,405,165.255037
2023-04-24 23:49:00+00:00,165.23,165.23,165.22,6,165.22,309,165.216858
2023-04-24 23:50:00+00:00,165.23,165.27,165.2,21,165.2,966,165.227909
2023-04-24 23:52:00+00:00,165.27,165.27,165.27,16,165.27,608,165.256447
2023-04-24 23:56:00+00:00,165.26,165.26,165.22,28,165.22,817,165.23213
2023-04-24 23:57:00+00:00,165.2,165.2,165.2,21,165.2,333,165.213438
2023-04-24 23:58:00+00:00,165.22,165.22,165.22,13,165.22,285,165.197351
