timestamp,close,high,low,trade_count,open,volume,vwap
2023-07-07 08:00:00+00:00,191.5,192.46,191.5,57,192.4,2393,191.882386
2023-07-07 08:01:00+00:00,191.43,191.43,191.43,38,191.43,833,191.470708
2023-07-07 08:02:00+00:00,191.3,191.36,191.3,30,191.36,2377,191.334472
2023-07-07 08:03:00+00:00,191.34,191.34,191.34,15,191.34,857,191.368366
2023-07-07 08:04:00+00:00,191.33,191.33,191.33,12,191.33,1019,191.331364
2023-07-07 08:08:00+00:00,191.35,191.35,191.35,15,191.35,529,191.334934
2023-07-07 08:09:00+00:00,191.32,191.34,191.32,12,191.34,668,191.334042
2023-07-07 08:10:00+00:00,191.35,191.35,191.35,4,191.35,104,191.349327
2023-07-07 08:11:00+00:00,191.34,191.34,191.34,7,191.34,350,191.340943
2023-07-07 08:13:00+00:00,191.38,191.38,191.38,9,191.38,228,191.379123
2023-07-07 08:14:00+00:00,191.43,191.43,191.43,25,191.43,588,191.387653
2023-07-07 08:16:00+00:00,191.45,191.45,191.45,12,191.45,639,191.443834
2023-07-07 08:18:00+00:00,191.5,191.5,191.5,13,191.5,997,191.499308
2023-07-07 08:22:00+00:00,191.51,191.51,191.51,14,191.51,178,191.484045
2023-07-07 08:25:00+00:00,191.5,191.5,191.5,8,191.5,531,191.501055
2023-07-07 08:26:00+00:00,191.5,191.5,191.49,10,191.49,387,191.493101
2023-07-07 08:32:00+00:00,191.58,191.58,191.58,19,191.58,564,191.568723
2023-07-07 08:41:00+00:00,191.6,191.6,191.6,8,191.6,406,191.602315
2023-07-07 08:42:00+00:00,191.68,191.68,191.68,11,191.68,225,191.656711
2023-07-07 08:46:00+00:00,191.72,191.72,191.71,10,191.71,459,191.715904
2023-07-07 08:51:00+00:00,191.77,191.77,191.73,22,191.73,745,191.744255
2023-07-07 08:53:00+00:00,191.75,191.77,191.75,10,191.77,460,191.756957
2023-07-07 08:56:00+00:00,191.75,191.75,191.75,6,191.75,214,191.748318
2023-07-07 08:59:00+00:00,191.79,191.79,191.79,20,191.79,766,191.787728
2023-07-07 09:00:00+00:00,191.72,191.75,191.72,28,191.75,966,191.744296
2023-07-07 09:01:00+00:00,191.7,191.7,191.7,10,191.7,502,191.703625
2023-07-07 09:02:00+00:00,191.7,191.7,191.7,7,191.7,663,191.699382
2023-07-07 09:03:00+00:00,191.65,191.65,191.65,18,191.65,393,191.652316
2023-07-07 09:04:00+00:00,191.78,191.78,191.78,16,191.78,506,191.75749
2023-07-07 09:09:00+00:00,191.73,191.75,191.73,6,191.75,628,191.737022
2023-07-07 09:11:00+00:00,191.71,191.71,191.71,8,191.71,202,191.711089
2023-07-07 09:22:00+00:00,191.78,191.79,191.74,30,191.74,1185,191.763781
2023-07-07 09:23:00+00:00,191.74,191.79,191.74,18,191.79,2085,191.783424
2023-07-07 09:32:00+00:00,191.75,191.75,191.75,5,191.75,390,191.75
2023-07-07 09:35:00+00:00,191.8,191.8,191.75,22,191.75,1098,191.771348
2023-07-07 09:36:00+00:00,191.8,191.8,191.8,3,191.8,230,191.798609
2023-07-07 09:40:00+00:00,191.75,191.75,191.75,3,191.75,143,191.753077
2023-07-07 09:48:00+00:00,191.77,191.77,191.77,3,191.77,120,191.770333
2023-07-07 09:57:00+00:00,191.79,191.79,191.79,8,191.79,300,191.780233
2023-07-07 09:59:00+00:00,191.73,191.73,191.73,17,191.73,436,191.734174
2023-07-07 10:00:00+00:00,191.67,191.73,191.67,66,191.73,1339,191.677894
2023-07-07 10:01:00+00:00,191.46,191.46,191.46,27,191.46,249,191.490321
2023-07-07 10:03:00+00:00,191.48,191.48,191.48,16,191.48,255,191.498235
2023-07-07 10:06:00+00:00,191.47,191.47,191.47,10,191.47,229,191.474716
2023-07-07 10:08:00+00:00,191.47,191.5,191.47,26,191.5,841,191.481106
2023-07-07 10:17:00+00:00,191.44,191.44,191.44,3,191.44,259,191.442587
2023-07-07 10:18:00+00:00,191.5,191.5,191.5,5,191.5,1111,191.49901
2023-07-07 10:21:00+00:00,191.5,191.52,191.5,3,191.52,418,191.514641
2023-07-07 10:24:00+00:00,191.53,191.53,191.53,3,191.53,2146,191.529981
2023-07-07 10:28:00+00:00,191.5,191.5,191.5,8,191.5,520,191.504154
2023-07-07 10:31:00+00:00,191.55,191.55,191.55,13,191.55,354,191.54904
2023-07-07 10:35:00+00:00,191.59,191.59,191.59,21,191.59,521,191.578676
2023-07-07 10:39:00+00:00,191.5,191.51,191.5,27,191.51,1298,191.506202
2023-07-07 10:59:00+00:00,191.61,191.61,191.61,5,191.61,200,191.6035
2023-07-07 11:00:00+00:00,191.65,191.65,191.65,58,191.65,1107,191.610587
2023-07-07 11:01:00+00:00,191.65,191.65,191.65,6,191.65,217,191.646498
2023-07-07 11:03:00+00:00,191.6,191.6,191.6,21,191.6,691,191.614674
2023-07-07 11:04:00+00:00,191.68,191.68,191.68,14,191.68,325,191.667477
2023-07-07 11:05:00+00:00,191.7,191.7,191.7,20,191.7,550,191.697145
2023-07-07 11:08:00+00:00,191.7,191.7,191.7,6,191.7,233,191.70133
2023-07-07 11:10:00+00:00,191.76,191.76,191.76,23,191.76,592,191.75652
2023-07-07 11:12:00+00:00,191.76,191.76,191.76,15,191.76,1842,191.758143
2023-07-07 11:13:00+00:00,191.7,191.7,191.7,9,191.7,258,191.700853
2023-07-07 11:14:00+00:00,191.76,191.76,191.75,9,191.75,848,191.754281
2023-07-07 11:15:00+00:00,191.66,191.66,191.66,16,191.66,631,191.676593
2023-07-07 11:16:00+00:00,191.6,191.76,191.6,55,191.73,4797,191.665061
2023-07-07 11:17:00+00:00,191.62,191.62,191.62,10,191.62,9274,191.619772
2023-07-07 11:18:00+00:00,191.63,191.63,191.63,16,191.63,501,191.643074
2023-07-07 11:19:00+00:00,191.63,191.63,191.63,10,191.63,300,191.639167
2023-07-07 11:21:00+00:00,191.65,191.65,191.65,8,191.65,240,191.645833
2023-07-07 11:24:00+00:00,191.63,191.63,191.63,25,191.63,505,191.648574
2023-07-07 11:26:00+00:00,191.64,191.64,191.64,38,191.64,1108,191.637599
2023-07-07 11:27:00+00:00,191.65,191.65,191.65,6,191.65,222,191.650766
2023-07-07 11:30:00+00:00,191.61,191.61,191.61,4,191.61,245,191.619347
2023-07-07 11:36:00+00:00,191.61,191.65,191.61,58,191.65,2485,191.624817
2023-07-07 11:38:00+00:00,191.6,191.6,191.6,28,191.6,729,191.591193
2023-07-07 11:39:00+00:00,191.61,191.61,191.61,24,191.61,996,191.609729
2023-07-07 11:40:00+00:00,191.61,191.61,191.61,8,191.61,284,191.610845
2023-07-07 11:43:00+00:00,191.61,191.61,191.61,22,191.61,1181,191.609136
2023-07-07 11:44:00+00:00,191.58,191.58,191.58,12,191.58,200,191.5752
2023-07-07 11:48:00+00:00,191.69,191.7,191.62,72,191.62,12905,191.665156
2023-07-07 11:50:00+00:00,191.74,191.74,191.73,36,191.73,2029,191.729478
2023-07-07 11:53:00+00:00,191.7,191.7,191.67,19,191.67,2173,191.672006
2023-07-07 11:57:00+00:00,191.66,191.66,191.66,14,191.66,610,191.650607
2023-07-07 11:58:00+00:00,191.58,191.6,191.58,16,191.6,491,191.592912
2023-07-07 11:59:00+00:00,191.56,191.61,191.56,31,191.6,2492,191.602817
2023-07-07 12:00:00+00:00,191.57,191.77,191.5,281,191.63,19007,191.663054
2023-07-07 12:01:00+00:00,191.5,191.86,191.5,589,191.58,34703,191.79279
2023-07-07 12:02:00+00:00,191.66,191.81,191.6,524,191.8,8247,191.692212
2023-07-07 12:03:00+00:00,191.63,191.66,191.63,98,191.66,858,191.550439
2023-07-07 12:04:00+00:00,191.65,191.65,191.65,20,191.65,186,191.653791
2023-07-07 12:05:00+00:00,191.68,191.7,191.68,16,191.7,518,191.688098
2023-07-07 12:06:00+00:00,191.63,191.63,191.63,12,191.63,116,191.638319
2023-07-07 12:07:00+00:00,191.7,191.7,191.7,16,191.7,251,191.703088
2023-07-07 12:08:00+00:00,191.72,191.72,191.72,7,191.72,327,191.718517
2023-07-07 12:10:00+00:00,191.67,191.7,191.67,75,191.7,1906,191.696068
2023-07-07 12:11:00+00:00,191.69,191.69,191.69,16,191.69,550,191.669207
2023-07-07 12:13:00+00:00,191.65,191.68,191.65,63,191.68,2973,191.658486
2023-07-07 12:16:00+00:00,191.68,191.7,191.68,60,191.7,2519,191.69465
2023-07-07 12:17:00+00:00,191.72,191.72,191.72,24,191.72,853,191.716186
2023-07-07 12:20:00+00:00,191.64,191.65,191.64,54,191.65,1318,191.647808
2023-07-07 12:21:00+00:00,191.61,191.61,191.61,33,191.61,427,191.62767
2023-07-07 12:22:00+00:00,191.65,191.65,191.61,43,191.64,2235,191.631675
2023-07-07 12:24:00+00:00,191.6468,191.6468,191.61,39,191.62,2065,191.621981
2023-07-07 12:25:00+00:00,191.61,191.62,191.61,44,191.62,3383,191.613506
2023-07-07 12:26:00+00:00,191.6,191.65,191.6,40,191.6484,3023,191.616624
2023-07-07 12:27:00+00:00,191.63,191.63,191.63,9,191.63,1544,191.629915
2023-07-07 12:28:00+00:00,191.62,191.63,191.62,27,191.63,727,191.629732
2023-07-07 12:29:00+00:00,191.67,191.68,191.6,53,191.62,4885,191.63674
2023-07-07 12:30:00+00:00,192.25,192.29,191.76,558,191.76,44886,192.001888
2023-07-07 12:31:00+00:00,192.2,192.3,192.11,197,192.16,10597,192.22892
2023-07-07 12:32:00+00:00,192.37,192.42,192.23,255,192.27,25490,192.344523
2023-07-07 12:33:00+00:00,192.35,192.38,192.22,228,192.3504,16195,192.310722
2023-07-07 12:34:00+00:00,192.44,192.44,192.35,150,192.35,20026,192.399741
2023-07-07 12:35:00+00:00,192.33,192.44,192.3203,160,192.44,12543,192.393621
2023-07-07 12:36:00+00:00,192.296,192.34,192.23,144,192.32,9894,192.276436
2023-07-07 12:37:00+00:00,192.0,192.28,192.0,192,192.28,6042,192.164878
2023-07-07 12:38:00+00:00,192.02,192.15,191.97,188,192.0,19631,192.085955
2023-07-07 12:39:00+00:00,192.12,192.12,192.0499,104,192.05,7022,192.079282
2023-07-07 12:40:00+00:00,191.9,192.1,191.9,212,192.1,13200,191.980267
2023-07-07 12:41:00+00:00,191.71,191.96,191.69,409,191.96,21509,191.780923
2023-07-07 12:42:00+00:00,191.68,191.73,191.66,164,191.68,9942,191.693096
2023-07-07 12:43:00+00:00,191.65,191.7,191.51,335,191.7,13389,191.612172
2023-07-07 12:44:00+00:00,191.75,191.75,191.55,201,191.62,9709,191.692813
2023-07-07 12:45:00+00:00,191.83,191.9,191.75,165,191.86,12771,191.807321
2023-07-07 12:46:00+00:00,191.63,191.75,191.45,375,191.71,20286,191.567646
2023-07-07 12:47:00+00:00,191.63,191.73,191.63,83,191.63,6661,191.690112
2023-07-07 12:48:00+00:00,191.79,191.8,191.71,136,191.71,3731,191.752746
2023-07-07 12:49:00+00:00,191.85,191.9,191.82,110,191.8397,7068,191.85819
2023-07-07 12:50:00+00:00,192.0,192.0,191.88,109,191.88,6907,191.93148
2023-07-07 12:51:00+00:00,192.08,192.12,192.0,193,192.01,11367,192.050451
2023-07-07 12:52:00+00:00,192.11,192.14,192.0,144,192.03,10208,192.05634
2023-07-07 12:53:00+00:00,192.08,192.17,192.08,104,192.1105,11352,192.122061
2023-07-07 12:54:00+00:00,191.93,192.07,191.88,140,192.07,9077,192.003087
2023-07-07 12:55:00+00:00,191.91,191.93,191.89,124,191.93,5059,191.919502
2023-07-07 12:56:00+00:00,191.94,191.94,191.94,41,191.94,593,191.945795
2023-07-07 12:57:00+00:00,191.72,191.92,191.72,209,191.92,12963,191.78541
2023-07-07 12:58:00+00:00,191.85,191.9597,191.7541,193,191.7541,9121,191.884435
2023-07-07 12:59:00+00:00,191.85,191.86,191.83,80,191.83,6709,191.855431
2023-07-07 13:00:00+00:00,191.73,191.82,191.72,137,191.75,7580,191.751141
2023-07-07 13:01:00+00:00,191.66,191.76,191.66,124,191.72,13040,191.711519
2023-07-07 13:02:00+00:00,191.5,191.73,191.5,181,191.73,16984,191.589001
2023-07-07 13:03:00+00:00,191.55,191.5992,191.54,109,191.54,6925,191.556773
2023-07-07 13:04:00+00:00,191.76,191.76,191.54,135,191.55,14369,191.652774
2023-07-07 13:05:00+00:00,191.67,191.74,191.67,71,191.72,8348,191.691634
2023-07-07 13:06:00+00:00,191.51,191.68,191.51,111,191.68,7553,191.61515
2023-07-07 13:07:00+00:00,191.5225,191.58,191.5,130,191.54,9946,191.520034
2023-07-07 13:08:00+00:00,191.5999,191.65,191.52,141,191.62,14300,191.567778
2023-07-07 13:09:00+00:00,191.69,191.7,191.63,76,191.63,11537,191.679126
2023-07-07 13:10:00+00:00,191.7,191.74,191.68,50,191.7399,2972,191.721613
2023-07-07 13:11:00+00:00,191.9,191.9,191.7411,187,191.76,20993,191.853616
2023-07-07 13:12:00+00:00,191.86,191.9,191.84,132,191.871,10614,191.875295
2023-07-07 13:13:00+00:00,191.7533,191.86,191.71,91,191.84,6356,191.751408
2023-07-07 13:14:00+00:00,191.72,191.86,191.72,115,191.76,12606,191.768015
2023-07-07 13:15:00+00:00,191.86,191.88,191.72,89,191.72,6674,191.843746
2023-07-07 13:16:00+00:00,191.82,191.83,191.8,55,191.83,3564,191.811418
2023-07-07 13:17:00+00:00,191.83,191.88,191.83,53,191.88,1457,191.844654
2023-07-07 13:18:00+00:00,191.77,191.81,191.75,79,191.81,3991,191.784248
2023-07-07 13:19:00+00:00,191.85,191.86,191.81,57,191.81,5363,191.839721
2023-07-07 13:20:00+00:00,191.889,191.889,191.79,112,191.84,8252,191.855306
2023-07-07 13:21:00+00:00,191.8,191.88,191.8,159,191.85,14678,191.838853
2023-07-07 13:22:00+00:00,191.75,191.77,191.74,85,191.77,1930,191.747243
2023-07-07 13:23:00+00:00,191.89,191.93,191.76,151,191.76,4171,191.843916
2023-07-07 13:24:00+00:00,191.87,191.93,191.87,67,191.89,2682,191.895505
2023-07-07 13:25:00+00:00,191.73,191.85,191.57,400,191.85,27604,191.671002
2023-07-07 13:26:00+00:00,191.67,191.87,191.62,397,191.66,18930,191.710481
2023-07-07 13:27:00+00:00,191.6,191.73,191.32,490,191.64,38698,191.544818
2023-07-07 13:28:00+00:00,191.42,191.56,191.29,384,191.56,34090,191.355583
2023-07-07 13:29:00+00:00,191.4,191.51,191.34,350,191.43,24850,191.446352
2023-07-07 13:30:00+00:00,191.23,191.5,191.0,9859,191.4,1074635,191.302591
2023-07-07 13:31:00+00:00,191.19,191.39,191.0,2949,191.3,297128,191.199465
2023-07-07 13:32:00+00:00,191.393,191.47,190.99,3462,191.17,325229,191.192813
2023-07-07 13:33:00+00:00,191.08,191.46,191.08,2553,191.41,209917,191.336535
2023-07-07 13:34:00+00:00,191.3,191.32,190.98,2947,191.08,247819,191.112852
2023-07-07 13:35:00+00:00,191.01,191.42,190.98,2690,191.31,180275,191.156324
2023-07-07 13:36:00+00:00,191.0099,191.15,191.0,2334,191.0,193416,191.057555
2023-07-07 13:37:00+00:00,190.865,191.04,190.71,3964,191.01,320780,190.848763
2023-07-07 13:38:00+00:00,191.2,191.23,190.855,2563,190.865,247806,191.08569
2023-07-07 13:39:00+00:00,190.99,191.24,190.98,1833,191.21,144661,191.126264
2023-07-07 13:40:00+00:00,191.02,191.125,190.945,1609,190.97,135180,191.038234
2023-07-07 13:41:00+00:00,191.105,191.11,190.77,2302,191.0333,216066,190.937857
2023-07-07 13:42:00+00:00,190.95,191.1499,190.935,1429,191.11,126652,191.061522
2023-07-07 13:43:00+00:00,190.9781,191.0855,190.95,1177,190.97,89381,191.021068
2023-07-07 13:44:00+00:00,190.94,191.02,190.9,1489,190.9792,126096,190.950588
2023-07-07 13:45:00+00:00,191.22,191.22,190.97,1759,190.97,181891,191.118241
2023-07-07 13:46:00+00:00,191.3257,191.375,191.205,4179,191.225,241222,191.281197
2023-07-07 13:47:00+00:00,191.235,191.43,191.22,4218,191.325,184798,191.359728
2023-07-07 13:48:00+00:00,191.215,191.32,191.2,3650,191.2392,126767,191.257733
2023-07-07 13:49:00+00:00,191.11,191.2553,191.08,3714,191.21,173414,191.166832
2023-07-07 13:50:00+00:00,191.305,191.305,191.09,3467,191.11,111573,191.176519
2023-07-07 13:51:00+00:00,191.405,191.4299,191.28,3641,191.3021,156414,191.358358
2023-07-07 13:52:00+00:00,191.5,191.54,191.31,3979,191.41,184201,191.472625
2023-07-07 13:53:00+00:00,191.47,191.565,191.42,3661,191.495,134683,191.511105
2023-07-07 13:54:00+00:00,191.44,191.4701,191.36,3378,191.47,113028,191.416757
2023-07-07 13:55:00+00:00,191.6,191.67,191.425,3591,191.44,144365,191.570789
2023-07-07 13:56:00+00:00,191.56,191.625,191.525,3045,191.605,75235,191.579986
2023-07-07 13:57:00+00:00,191.48,191.5716,191.47,2971,191.56,73258,191.529243
2023-07-07 13:58:00+00:00,191.51,191.54,191.46,3271,191.48,115861,191.496379
2023-07-07 13:59:00+00:00,191.535,191.55,191.4701,3116,191.51,81133,191.512149
2023-07-07 14:00:00+00:00,191.51,191.558,191.45,3741,191.535,107675,191.509876
2023-07-07 14:01:00+00:00,191.455,191.54,191.4399,3289,191.505,73521,191.476802
2023-07-07 14:02:00+00:00,191.495,191.5,191.38,3393,191.45,112926,191.445444
2023-07-07 14:03:00+00:00,191.59,191.6,191.485,3408,191.4989,105632,191.542448
2023-07-07 14:04:00+00:00,191.5701,191.63,191.565,3518,191.59,114610,191.59502
2023-07-07 14:05:00+00:00,191.58,191.58,191.46,3300,191.57,74318,191.501579
2023-07-07 14:06:00+00:00,191.637,191.67,191.56,3139,191.58,96520,191.619647
2023-07-07 14:07:00+00:00,191.55,191.72,191.52,3299,191.645,100715,191.627999
2023-07-07 14:08:00+00:00,191.4301,191.55,191.37,3618,191.55,143605,191.439399
2023-07-07 14:09:00+00:00,191.3015,191.44,191.25,3301,191.44,98393,191.315364
2023-07-07 14:10:00+00:00,191.1803,191.3199,191.155,3208,191.31,98056,191.219325
2023-07-07 14:11:00+00:00,191.28,191.305,191.165,3115,191.18,113590,191.252413
2023-07-07 14:12:00+00:00,191.285,191.36,191.26,2968,191.275,102282,191.303482
2023-07-07 14:13:00+00:00,191.37,191.38,191.27,2880,191.282,62092,191.332703
2023-07-07 14:14:00+00:00,191.2724,191.41,191.265,3285,191.38,92026,191.359018
2023-07-07 14:15:00+00:00,191.022,191.3099,190.99,4788,191.273,230103,191.130546
2023-07-07 14:16:00+00:00,190.8599,191.1,190.83,4017,191.03,226821,191.050003
2023-07-07 14:17:00+00:00,190.77,190.87,190.73,4172,190.855,184688,190.780821
2023-07-07 14:18:00+00:00,190.82,190.825,190.725,3675,190.765,161875,190.775439
2023-07-07 14:19:00+00:00,190.9742,190.98,190.82,3374,190.82,133322,190.896062
2023-07-07 14:20:00+00:00,190.925,191.0,190.88,3168,190.9709,83218,190.942782
2023-07-07 14:21:00+00:00,190.85,190.98,190.85,3368,190.9228,102789,190.916476
2023-07-07 14:22:00+00:00,190.92,190.92,190.81,3188,190.86,97703,190.849795
2023-07-07 14:23:00+00:00,190.995,191.01,190.9102,3374,190.9102,150816,190.974138
2023-07-07 14:24:00+00:00,191.05,191.095,190.99,3090,190.99,121241,190.98181
2023-07-07 14:25:00+00:00,190.925,191.065,190.88,2985,191.06,73087,190.9917
2023-07-07 14:26:00+00:00,190.975,190.975,190.85,3182,190.9265,114664,190.895601
2023-07-07 14:27:00+00:00,190.82,190.97,190.82,3108,190.97,73984,190.878113
2023-07-07 14:28:00+00:00,190.76,190.82,190.73,3267,190.81,115562,190.779445
2023-07-07 14:29:00+00:00,190.62,190.77,190.62,3471,190.75,106125,190.70737
2023-07-07 14:30:00+00:00,190.615,190.66,190.52,4051,190.62,166319,190.584423
2023-07-07 14:31:00+00:00,190.57,190.62,190.56,3131,190.61,71935,190.590272
2023-07-07 14:32:00+00:00,190.56,190.64,190.52,3392,190.575,130063,190.569721
2023-07-07 14:33:00+00:00,190.455,190.565,190.4,3802,190.5509,156296,190.470771
2023-07-07 14:34:00+00:00,190.3697,190.45,190.24,3920,190.45,168850,190.327467
2023-07-07 14:35:00+00:00,190.34,190.42,190.31,3306,190.36,103005,190.368843
2023-07-07 14:36:00+00:00,190.445,190.47,190.345,1542,190.36,110539,190.41596
2023-07-07 14:37:00+00:00,190.576,190.6,190.438,1119,190.445,102308,190.509171
2023-07-07 14:38:00+00:00,190.578,190.67,190.57,988,190.57,94874,190.631593
2023-07-07 14:39:00+00:00,190.48,190.585,190.47,979,190.57,80720,190.52607
2023-07-07 14:40:00+00:00,190.4899,190.53,190.35,1379,190.47,124111,190.456347
2023-07-07 14:41:00+00:00,190.48,190.55,190.42,1187,190.4875,103273,190.488312
2023-07-07 14:42:00+00:00,190.5,190.58,190.47,1195,190.48,121445,190.522418
2023-07-07 14:43:00+00:00,190.56,190.59,190.49,878,190.5,84552,190.546134
2023-07-07 14:44:00+00:00,190.5,190.57,190.5,845,190.565,61261,190.540887
2023-07-07 14:45:00+00:00,190.65,190.6591,190.47,945,190.509,71660,190.576585
2023-07-07 14:46:00+00:00,190.66,190.68,190.6102,770,190.65,52434,190.638572
2023-07-07 14:47:00+00:00,190.605,190.69,190.54,1171,190.6699,93115,190.615785
2023-07-07 14:48:00+00:00,190.62,190.68,190.6,927,190.62,57714,190.649346
2023-07-07 14:49:00+00:00,190.5899,190.6401,190.5624,782,190.6401,49958,190.590324
2023-07-07 14:50:00+00:00,190.6291,190.63,190.54,786,190.59,70792,190.577948
2023-07-07 14:51:00+00:00,190.6701,190.6753,190.585,711,190.625,58322,190.63933
2023-07-07 14:52:00+00:00,190.695,190.705,190.6401,865,190.68,68148,190.67571
2023-07-07 14:53:00+00:00,190.75,190.76,190.6942,847,190.695,72163,190.735096
2023-07-07 14:54:00+00:00,190.8915,190.91,190.76,1289,190.76,121543,190.837853
2023-07-07 14:55:00+00:00,190.67,190.9,190.64,1838,190.895,155056,190.762724
2023-07-07 14:56:00+00:00,190.5,190.66,190.4809,1398,190.655,166211,190.574148
2023-07-07 14:57:00+00:00,190.505,190.565,190.5,799,190.5,67573,190.541588
2023-07-07 14:58:00+00:00,190.61,190.65,190.51,950,190.51,65547,190.59557
2023-07-07 14:59:00+00:00,190.6899,190.71,190.62,839,190.62,60787,190.6732
2023-07-07 15:00:00+00:00,190.74,190.755,190.675,849,190.68,67289,190.715804
2023-07-07 15:01:00+00:00,190.86,190.87,190.72,773,190.72,56599,190.787993
2023-07-07 15:02:00+00:00,190.99,191.0,190.83,1113,190.85,99220,190.919902
2023-07-07 15:03:00+00:00,190.99,191.02,190.91,1047,190.99,75549,190.9726
2023-07-07 15:04:00+00:00,191.025,191.04,190.945,949,190.98,83161,191.009455
2023-07-07 15:05:00+00:00,190.96,191.05,190.94,1019,191.023,87706,191.003828
2023-07-07 15:06:00+00:00,190.93,190.98,190.87,866,190.965,67010,190.930911
2023-07-07 15:07:00+00:00,190.925,190.98,190.92,753,190.94,97883,190.950847
2023-07-07 15:08:00+00:00,190.895,190.93,190.86,892,190.9288,97638,190.892337
2023-07-07 15:09:00+00:00,190.97,191.0,190.895,599,190.8999,48849,190.94899
2023-07-07 15:10:00+00:00,190.96,191.01,190.94,740,190.965,69476,190.978368
2023-07-07 15:11:00+00:00,190.92,190.97,190.875,800,190.96,61351,190.920324
2023-07-07 15:12:00+00:00,190.8699,190.92,190.85,652,190.915,39566,190.886097
2023-07-07 15:13:00+00:00,190.9801,191.0,190.8519,744,190.86,60859,190.928381
2023-07-07 15:14:00+00:00,190.96,190.98,190.92,577,190.98,32246,190.950278
2023-07-07 15:15:00+00:00,190.94,190.9652,190.885,768,190.96,65684,190.926683
2023-07-07 15:16:00+00:00,190.855,190.95,190.85,798,190.935,63391,190.913805
2023-07-07 15:17:00+00:00,190.905,190.92,190.85,532,190.85,37037,190.890181
2023-07-07 15:18:00+00:00,190.92,190.94,190.86,757,190.915,56310,190.904712
2023-07-07 15:19:00+00:00,190.9829,191.01,190.91,921,190.93,77094,190.967526
2023-07-07 15:20:00+00:00,191.0184,191.02,190.945,779,190.98,68268,190.972735
2023-07-07 15:21:00+00:00,191.165,191.24,191.01,1503,191.02,163243,191.128481
2023-07-07 15:22:00+00:00,191.2099,191.29,191.16,928,191.1627,70845,191.227725
2023-07-07 15:23:00+00:00,191.135,191.2002,191.13,803,191.2002,67521,191.161679
2023-07-07 15:24:00+00:00,191.2015,191.22,191.12,631,191.145,63939,191.164451
2023-07-07 15:25:00+00:00,191.2,191.23,191.19,805,191.21,77810,191.205786
2023-07-07 15:26:00+00:00,191.26,191.27,191.19,657,191.2,51053,191.225431
2023-07-07 15:27:00+00:00,191.21,191.2699,191.205,770,191.26,54694,191.224618
2023-07-07 15:28:00+00:00,191.2611,191.2881,191.211,706,191.211,90453,191.262907
2023-07-07 15:29:00+00:00,191.2095,191.27,191.2,664,191.2603,50793,191.233015
2023-07-07 15:30:00+00:00,191.295,191.305,191.21,730,191.21,58870,191.271002
2023-07-07 15:31:00+00:00,191.235,191.35,191.215,839,191.2901,78964,191.273796
2023-07-07 15:32:00+00:00,191.34,191.34,191.24,666,191.24,58919,191.300373
2023-07-07 15:33:00+00:00,191.29,191.36,191.29,693,191.35,45009,191.339257
2023-07-07 15:34:00+00:00,191.23,191.31,191.19,962,191.29,141926,191.265483
2023-07-07 15:35:00+00:00,191.23,191.3115,191.185,900,191.22,112342,191.227128
2023-07-07 15:36:00+00:00,191.37,191.38,191.22,789,191.24,68772,191.302757
2023-07-07 15:37:00+00:00,191.4364,191.4364,191.33,723,191.375,60459,191.383852
2023-07-07 15:38:00+00:00,191.41,191.47,191.3801,843,191.44,74454,191.425409
2023-07-07 15:39:00+00:00,191.4221,191.4299,191.3705,712,191.415,68705,191.401803
2023-07-07 15:40:00+00:00,191.45,191.46,191.395,673,191.4225,50416,191.439637
2023-07-07 15:41:00+00:00,191.47,191.52,191.44,1080,191.4533,134786,191.490956
2023-07-07 15:42:00+00:00,191.5399,191.55,191.47,667,191.475,68288,191.516895
2023-07-07 15:43:00+00:00,191.55,191.55,191.51,661,191.54,61711,191.533414
2023-07-07 15:44:00+00:00,191.55,191.55,191.45,856,191.545,101390,191.499783
2023-07-07 15:45:00+00:00,191.525,191.56,191.5,667,191.545,56355,191.525015
2023-07-07 15:46:00+00:00,191.54,191.56,191.47,661,191.52,57216,191.528246
2023-07-07 15:47:00+00:00,191.57,191.57,191.51,640,191.5414,88146,191.540033
2023-07-07 15:48:00+00:00,191.635,191.635,191.56,840,191.5601,82809,191.582437
2023-07-07 15:49:00+00:00,191.6399,191.66,191.59,788,191.63,59782,191.630514
2023-07-07 15:50:00+00:00,191.62,191.64,191.6,670,191.63,56234,191.619954
2023-07-07 15:51:00+00:00,191.6722,191.69,191.615,649,191.62,66399,191.655239
2023-07-07 15:52:00+00:00,191.605,191.69,191.605,815,191.6721,79641,191.670395
2023-07-07 15:53:00+00:00,191.56,191.68,191.55,990,191.6099,137862,191.608496
2023-07-07 15:54:00+00:00,191.62,191.64,191.54,563,191.5638,40770,191.598097
2023-07-07 15:55:00+00:00,191.695,191.7,191.62,607,191.6207,70030,191.667629
2023-07-07 15:56:00+00:00,191.69,191.76,191.69,1187,191.6929,113445,191.730115
2023-07-07 15:57:00+00:00,191.705,191.75,191.67,671,191.695,120372,191.70131
2023-07-07 15:58:00+00:00,191.75,191.75,191.6704,743,191.705,116829,191.718416
2023-07-07 15:59:00+00:00,191.7525,191.78,191.73,814,191.7417,81007,191.760216
2023-07-07 16:00:00+00:00,191.93,192.0,191.76,2186,191.76,277030,191.867068
2023-07-07 16:01:00+00:00,191.965,191.97,191.895,995,191.935,108904,191.939299
2023-07-07 16:02:00+00:00,191.9718,191.99,191.93,854,191.965,91120,191.965212
2023-07-07 16:03:00+00:00,192.115,192.12,191.9769,2406,191.9769,356580,192.039194
2023-07-07 16:04:00+00:00,192.1009,192.12,192.021,933,192.11,108933,192.060951
2023-07-07 16:05:00+00:00,192.065,192.11,192.05,852,192.0901,83063,192.074451
2023-07-07 16:06:00+00:00,192.205,192.21,192.0401,1432,192.06,156249,192.151563
2023-07-07 16:07:00+00:00,192.1801,192.21,192.1652,858,192.21,89941,192.192726
2023-07-07 16:08:00+00:00,192.11,192.19,192.08,955,192.19,117181,192.123878
2023-07-07 16:09:00+00:00,192.0801,192.1774,192.08,957,192.11,72012,192.137675
2023-07-07 16:10:00+00:00,192.1493,192.165,192.0814,756,192.085,60931,192.121268
2023-07-07 16:11:00+00:00,192.07,192.17,192.07,642,192.1462,57912,192.115079
2023-07-07 16:12:00+00:00,192.1273,192.13,192.03,865,192.075,85810,192.074781
2023-07-07 16:13:00+00:00,192.11,192.1301,192.07,750,192.122,67785,192.094715
2023-07-07 16:14:00+00:00,192.12,192.12,192.07,688,192.105,90125,192.086445
2023-07-07 16:15:00+00:00,192.06,192.13,192.03,876,192.12,96354,192.068163
2023-07-07 16:16:00+00:00,192.055,192.11,192.025,904,192.0599,91500,192.06896
2023-07-07 16:17:00+00:00,192.165,192.175,192.06,933,192.06,96337,192.127812
2023-07-07 16:18:00+00:00,192.16,192.165,192.105,831,192.16,72169,192.131397
2023-07-07 16:19:00+00:00,192.175,192.185,192.13,943,192.155,72136,192.162292
2023-07-07 16:20:00+00:00,192.125,192.18,192.11,839,192.17,60724,192.138346
2023-07-07 16:21:00+00:00,192.1488,192.19,192.12,938,192.125,111476,192.159209
2023-07-07 16:22:00+00:00,192.0899,192.165,192.085,744,192.1482,58468,192.135637
2023-07-07 16:23:00+00:00,192.14,192.165,192.075,1112,192.09,98312,192.117687
2023-07-07 16:24:00+00:00,192.235,192.24,192.14,1079,192.14,114288,192.215149
2023-07-07 16:25:00+00:00,192.1824,192.25,192.17,875,192.235,88715,192.208853
2023-07-07 16:26:00+00:00,192.1201,192.18,192.085,1143,192.18,99597,192.125607
2023-07-07 16:27:00+00:00,192.11,192.1681,192.1,551,192.125,58400,192.143606
2023-07-07 16:28:00+00:00,192.1502,192.18,192.09,651,192.11,52639,192.146788
2023-07-07 16:29:00+00:00,192.1299,192.168,192.125,491,192.153,29514,192.151709
2023-07-07 16:30:00+00:00,192.145,192.18,192.12,523,192.125,42156,192.150876
2023-07-07 16:31:00+00:00,192.165,192.185,192.15,447,192.15,32682,192.167302
2023-07-07 16:32:00+00:00,192.405,192.43,192.16,2199,192.1645,266859,192.295517
2023-07-07 16:33:00+00:00,192.36,192.44,192.36,960,192.4012,120346,192.402697
2023-07-07 16:34:00+00:00,192.3721,192.38,192.31,692,192.36,55315,192.34935
2023-07-07 16:35:00+00:00,192.385,192.45,192.3503,1549,192.38,160549,192.397841
2023-07-07 16:36:00+00:00,192.4,192.43,192.32,1695,192.38,161176,192.367792
2023-07-07 16:37:00+00:00,192.4624,192.48,192.4,860,192.4,104826,192.401605
2023-07-07 16:38:00+00:00,192.47,192.5,192.43,1525,192.468,146235,192.478946
2023-07-07 16:39:00+00:00,192.4,192.4744,192.38,1073,192.4744,129046,192.35649
2023-07-07 16:40:00+00:00,192.48,192.48,192.4,685,192.4,46306,192.447424
2023-07-07 16:41:00+00:00,192.4275,192.5,192.41,706,192.48,58275,192.462852
2023-07-07 16:42:00+00:00,192.445,192.53,192.41,1262,192.42,118063,192.431665
2023-07-07 16:43:00+00:00,192.455,192.47,192.435,596,192.445,41488,192.451096
2023-07-07 16:44:00+00:00,192.46,192.48,192.44,499,192.4599,30616,192.458322
2023-07-07 16:45:00+00:00,192.41,192.485,192.41,685,192.47,44232,192.444532
2023-07-07 16:46:00+00:00,192.425,192.445,192.4001,539,192.41,37855,192.425339
2023-07-07 16:47:00+00:00,192.39,192.4375,192.39,689,192.4224,54425,192.415698
2023-07-07 16:48:00+00:00,192.325,192.3907,192.32,1137,192.3907,96806,192.347072
2023-07-07 16:49:00+00:00,192.435,192.435,192.325,865,192.325,64728,192.376708
2023-07-07 16:50:00+00:00,192.4326,192.4612,192.4201,663,192.43,41302,192.441441
2023-07-07 16:51:00+00:00,192.445,192.5,192.39,1058,192.445,90593,192.445954
2023-07-07 16:52:00+00:00,192.3993,192.44,192.3993,587,192.44,39969,192.417684
2023-07-07 16:53:00+00:00,192.34,192.395,192.3331,747,192.395,52784,192.354751
2023-07-07 16:54:00+00:00,192.31,192.35,192.29,743,192.335,54721,192.310995
2023-07-07 16:55:00+00:00,192.2943,192.31,192.2601,493,192.3,41109,192.289479
2023-07-07 16:56:00+00:00,192.275,192.32,192.26,620,192.2999,71746,192.290493
2023-07-07 16:57:00+00:00,192.3,192.31,192.27,564,192.275,48630,192.297635
2023-07-07 16:58:00+00:00,192.34,192.35,192.29,634,192.295,62557,192.325519
2023-07-07 16:59:00+00:00,192.31,192.34,192.3,500,192.33,43869,192.31839
2023-07-07 17:00:00+00:00,192.445,192.45,192.31,1115,192.31,105812,192.376479
2023-07-07 17:01:00+00:00,192.452,192.452,192.39,708,192.445,66709,192.431867
2023-07-07 17:02:00+00:00,192.48,192.5,192.45,612,192.46,58604,192.477703
2023-07-07 17:03:00+00:00,192.435,192.49,192.405,615,192.48,65580,192.443576
2023-07-07 17:04:00+00:00,192.43,192.44,192.405,500,192.4316,42677,192.424182
2023-07-07 17:05:00+00:00,192.452,192.5,192.435,902,192.44,93672,192.470297
2023-07-07 17:06:00+00:00,192.49,192.5,192.445,529,192.4505,56830,192.483148
2023-07-07 17:07:00+00:00,192.4633,192.51,192.45,684,192.49,48830,192.489508
2023-07-07 17:08:00+00:00,192.485,192.49,192.45,535,192.465,45932,192.470329
2023-07-07 17:09:00+00:00,192.49,192.4916,192.435,673,192.485,91719,192.4647
2023-07-07 17:10:00+00:00,192.485,192.495,192.46,569,192.4882,49912,192.47744
2023-07-07 17:11:00+00:00,192.47,192.4836,192.43,513,192.4836,38455,192.454175
2023-07-07 17:12:00+00:00,192.5,192.505,192.46,737,192.46,72947,192.491382
2023-07-07 17:13:00+00:00,192.515,192.52,192.48,693,192.49,72014,192.499604
2023-07-07 17:14:00+00:00,192.49,192.55,192.47,842,192.52,77915,192.508595
2023-07-07 17:15:00+00:00,192.5,192.5171,192.45,664,192.49,53334,192.48266
2023-07-07 17:16:00+00:00,192.4554,192.5,192.45,684,192.5,56663,192.484529
2023-07-07 17:17:00+00:00,192.485,192.49,192.41,731,192.455,86051,192.437331
2023-07-07 17:18:00+00:00,192.415,192.5069,192.4,788,192.488,85177,192.470692
2023-07-07 17:19:00+00:00,192.4,192.455,192.39,712,192.4109,233462,192.485984
2023-07-07 17:20:00+00:00,192.36,192.42,192.35,656,192.4,60283,192.380605
2023-07-07 17:21:00+00:00,192.4,192.42,192.37,592,192.37,58662,192.393863
2023-07-07 17:22:00+00:00,192.45,192.48,192.4,632,192.41,60294,192.443162
2023-07-07 17:23:00+00:00,192.52,192.53,192.4531,464,192.455,37840,192.496428
2023-07-07 17:24:00+00:00,192.5418,192.55,192.49,602,192.52,58160,192.519912
2023-07-07 17:25:00+00:00,192.502,192.57,192.495,680,192.55,56175,192.538878
2023-07-07 17:26:00+00:00,192.5,192.53,192.4722,576,192.5023,51921,192.501634
2023-07-07 17:27:00+00:00,192.575,192.58,192.481,685,192.51,69091,192.529768
2023-07-07 17:28:00+00:00,192.55,192.59,192.535,829,192.58,62743,192.566613
2023-07-07 17:29:00+00:00,192.56,192.575,192.5499,535,192.5512,32708,192.558468
2023-07-07 17:30:00+00:00,192.5739,192.6,192.55,1030,192.56,59517,192.57502
2023-07-07 17:31:00+00:00,192.55,192.6,192.54,688,192.57,41647,192.571526
2023-07-07 17:32:00+00:00,192.62,192.63,192.54,1412,192.55,178426,192.600892
2023-07-07 17:33:00+00:00,192.61,192.67,192.61,905,192.62,77306,192.634801
2023-07-07 17:34:00+00:00,192.62,192.63,192.595,563,192.615,54794,192.614093
2023-07-07 17:35:00+00:00,192.43,192.63,192.425,1414,192.625,159660,192.541339
2023-07-07 17:36:00+00:00,192.5,192.5,192.39,839,192.435,59676,192.433876
2023-07-07 17:37:00+00:00,192.56,192.56,192.49,597,192.505,44459,192.516448
2023-07-07 17:38:00+00:00,192.4684,192.58,192.46,924,192.555,71782,192.504787
2023-07-07 17:39:00+00:00,192.5622,192.58,192.4631,610,192.4631,45647,192.546044
2023-07-07 17:40:00+00:00,192.5633,192.58,192.54,534,192.56,49115,192.556212
2023-07-07 17:41:00+00:00,192.6113,192.64,192.565,763,192.565,80045,192.610275
2023-07-07 17:42:00+00:00,192.6201,192.65,192.6,732,192.615,65008,192.626835
2023-07-07 17:43:00+00:00,192.615,192.63,192.59,628,192.625,40752,192.612382
2023-07-07 17:44:00+00:00,192.64,192.64,192.6,610,192.615,50600,192.618876
2023-07-07 17:45:00+00:00,192.6037,192.64,192.6037,635,192.63,60710,192.629699
2023-07-07 17:46:00+00:00,192.525,192.6,192.5213,651,192.6,48890,192.564839
2023-07-07 17:47:00+00:00,192.51,192.565,192.51,517,192.525,35209,192.531157
2023-07-07 17:48:00+00:00,192.5475,192.56,192.51,554,192.5104,55320,192.538646
2023-07-07 17:49:00+00:00,192.5288,192.55,192.52,438,192.54,29230,192.529835
2023-07-07 17:50:00+00:00,192.49,192.525,192.47,534,192.52,38809,192.490994
2023-07-07 17:51:00+00:00,192.45,192.5,192.43,616,192.48,54381,192.466424
2023-07-07 17:52:00+00:00,192.46,192.49,192.431,612,192.45,61381,192.461467
2023-07-07 17:53:00+00:00,192.42,192.47,192.42,682,192.46,52996,192.438039
2023-07-07 17:54:00+00:00,192.41,192.45,192.41,476,192.415,31236,192.42704
2023-07-07 17:55:00+00:00,192.4588,192.46,192.41,586,192.4166,51971,192.434133
2023-07-07 17:56:00+00:00,192.4,192.45,192.4,519,192.45,38364,192.416454
2023-07-07 17:57:00+00:00,192.27,192.42,192.16,2166,192.39,193547,192.28276
2023-07-07 17:58:00+00:00,192.285,192.32,192.23,1111,192.27,98264,192.27591
2023-07-07 17:59:00+00:00,192.315,192.34,192.27,562,192.29,52118,192.298451
2023-07-07 18:00:00+00:00,192.3,192.3358,192.28,524,192.32,49247,192.311008
2023-07-07 18:01:00+00:00,192.27,192.3,192.24,486,192.29,27918,192.270537
2023-07-07 18:02:00+00:00,192.235,192.28,192.21,539,192.265,53507,192.235822
2023-07-07 18:03:00+00:00,192.2015,192.245,192.2,627,192.235,83986,192.226087
2023-07-07 18:04:00+00:00,192.255,192.27,192.19,548,192.205,57859,192.214292
2023-07-07 18:05:00+00:00,192.27,192.29,192.23,555,192.26,45607,192.257177
2023-07-07 18:06:00+00:00,192.3194,192.34,192.26,618,192.28,47269,192.305505
2023-07-07 18:07:00+00:00,192.345,192.36,192.3,589,192.32,40185,192.329775
2023-07-07 18:08:00+00:00,192.33,192.35,192.31,488,192.34,61338,192.335774
2023-07-07 18:09:00+00:00,192.345,192.3499,192.31,385,192.335,24512,192.326752
2023-07-07 18:10:00+00:00,192.285,192.38,192.26,819,192.3401,90088,192.332127
2023-07-07 18:11:00+00:00,192.275,192.295,192.27,440,192.275,32404,192.281366
2023-07-07 18:12:00+00:00,192.27,192.29,192.25,555,192.273,38240,192.273811
2023-07-07 18:13:00+00:00,192.285,192.31,192.255,632,192.265,48930,192.287825
2023-07-07 18:14:00+00:00,192.375,192.3775,192.28,692,192.2818,48892,192.316755
2023-07-07 18:15:00+00:00,192.345,192.39,192.325,660,192.38,41118,192.348994
2023-07-07 18:16:00+00:00,192.26,192.345,192.235,771,192.345,55637,192.283835
2023-07-07 18:17:00+00:00,192.295,192.3,192.235,659,192.265,42415,192.275618
2023-07-07 18:18:00+00:00,192.375,192.38,192.29,623,192.295,46600,192.344658
2023-07-07 18:19:00+00:00,192.3299,192.39,192.31,557,192.38,45959,192.351468
2023-07-07 18:20:00+00:00,192.32,192.328,192.26,541,192.328,35809,192.292952
2023-07-07 18:21:00+00:00,192.34,192.36,192.315,655,192.315,41839,192.342034
2023-07-07 18:22:00+00:00,192.385,192.4,192.34,559,192.345,44365,192.37631
2023-07-07 18:23:00+00:00,192.41,192.42,192.38,626,192.38,52451,192.389033
2023-07-07 18:24:00+00:00,192.39,192.42,192.37,515,192.4117,31690,192.398608
2023-07-07 18:25:00+00:00,192.3901,192.4,192.37,652,192.395,40196,192.38044
2023-07-07 18:26:00+00:00,192.435,192.44,192.38,530,192.39,29117,192.404222
2023-07-07 18:27:00+00:00,192.455,192.5,192.415,783,192.4376,71194,192.453369
2023-07-07 18:28:00+00:00,192.39,192.455,192.385,635,192.455,37206,192.413604
2023-07-07 18:29:00+00:00,192.4,192.427,192.38,495,192.3887,27804,192.399621
2023-07-07 18:30:00+00:00,192.37,192.43,192.36,768,192.405,45728,192.40214
2023-07-07 18:31:00+00:00,192.25,192.3698,192.23,712,192.3618,71622,192.287399
2023-07-07 18:32:00+00:00,192.385,192.39,192.24,1044,192.25,85034,192.33293
2023-07-07 18:33:00+00:00,192.36,192.4,192.35,608,192.385,44190,192.378646
2023-07-07 18:34:00+00:00,192.32,192.41,192.3,1177,192.355,108558,192.368514
2023-07-07 18:35:00+00:00,192.3801,192.385,192.32,569,192.325,40371,192.358781
2023-07-07 18:36:00+00:00,192.485,192.49,192.38,686,192.39,57903,192.454457
2023-07-07 18:37:00+00:00,192.44,192.49,192.4313,593,192.48,38345,192.457673
2023-07-07 18:38:00+00:00,192.3903,192.45,192.38,739,192.445,57409,192.408441
2023-07-07 18:39:00+00:00,192.38,192.41,192.36,491,192.39,29096,192.385836
2023-07-07 18:40:00+00:00,192.335,192.41,192.3201,622,192.38,49714,192.368997
2023-07-07 18:41:00+00:00,192.2947,192.35,192.29,596,192.33,44328,192.324976
2023-07-07 18:42:00+00:00,192.31,192.3154,192.2372,810,192.29,77237,192.272341
2023-07-07 18:43:00+00:00,192.24,192.31,192.24,518,192.31,38455,192.268175
2023-07-07 18:44:00+00:00,192.245,192.27,192.21,707,192.25,64335,192.241025
2023-07-07 18:45:00+00:00,192.19,192.26,192.19,758,192.252,68798,192.220081
2023-07-07 18:46:00+00:00,192.195,192.23,192.17,707,192.19,103489,192.203022
2023-07-07 18:47:00+00:00,192.24,192.25,192.195,643,192.195,57339,192.229815
2023-07-07 18:48:00+00:00,192.233,192.26,192.22,526,192.24,39267,192.242697
2023-07-07 18:49:00+00:00,192.21,192.25,192.2,478,192.24,31689,192.222571
2023-07-07 18:50:00+00:00,192.23,192.245,192.2,489,192.2179,29127,192.218427
2023-07-07 18:51:00+00:00,192.2904,192.32,192.22,638,192.228,56305,192.289712
2023-07-07 18:52:00+00:00,192.27,192.305,192.25,475,192.295,34624,192.273489
2023-07-07 18:53:00+00:00,192.28,192.28,192.19,649,192.26,50309,192.229282
2023-07-07 18:54:00+00:00,192.32,192.32,192.26,495,192.28,34974,192.288093
2023-07-07 18:55:00+00:00,192.26,192.32,192.25,618,192.32,63741,192.27848
2023-07-07 18:56:00+00:00,192.265,192.2695,192.22,481,192.25,39101,192.251676
2023-07-07 18:57:00+00:00,192.2899,192.2899,192.22,602,192.26,61725,192.250895
2023-07-07 18:58:00+00:00,192.2623,192.29,192.25,561,192.28,47167,192.270089
2023-07-07 18:59:00+00:00,192.265,192.27,192.25,389,192.255,35920,192.256596
2023-07-07 19:00:00+00:00,192.285,192.3,192.22,564,192.26,48373,192.266044
2023-07-07 19:01:00+00:00,192.265,192.27,192.2,859,192.27,69892,192.23211
2023-07-07 19:02:00+00:00,192.31,192.34,192.25,900,192.27,101106,192.29008
2023-07-07 19:03:00+00:00,192.35,192.365,192.31,565,192.31,44064,192.341057
2023-07-07 19:04:00+00:00,192.37,192.38,192.3,718,192.35,65262,192.339521
2023-07-07 19:05:00+00:00,192.335,192.3728,192.315,570,192.36,50106,192.340154
2023-07-07 19:06:00+00:00,192.285,192.355,192.285,594,192.3399,38534,192.322713
2023-07-07 19:07:00+00:00,192.35,192.36,192.26,816,192.28,83194,192.309018
2023-07-07 19:08:00+00:00,192.2975,192.35,192.275,1187,192.35,136335,192.322711
2023-07-07 19:09:00+00:00,192.254,192.3199,192.22,718,192.3,54375,192.254058
2023-07-07 19:10:00+00:00,192.305,192.34,192.255,1089,192.255,116305,192.310184
2023-07-07 19:11:00+00:00,192.32,192.32,192.2835,504,192.31,38412,192.302792
2023-07-07 19:12:00+00:00,192.335,192.335,192.28,564,192.3175,39225,192.305801
2023-07-07 19:13:00+00:00,192.3319,192.3494,192.315,496,192.33,40326,192.331283
2023-07-07 19:14:00+00:00,192.305,192.335,192.28,532,192.335,41934,192.311943
2023-07-07 19:15:00+00:00,192.28,192.34,192.28,642,192.3,84332,192.325862
2023-07-07 19:16:00+00:00,192.29,192.32,192.26,586,192.28,52984,192.294903
2023-07-07 19:17:00+00:00,192.255,192.285,192.24,556,192.28,35861,192.255006
2023-07-07 19:18:00+00:00,192.1201,192.265,192.105,1357,192.26,125027,192.2049
2023-07-07 19:19:00+00:00,192.1,192.15,192.02,1636,192.11,171609,192.089784
2023-07-07 19:20:00+00:00,192.15,192.16,192.04,828,192.09,72216,192.097832
2023-07-07 19:21:00+00:00,192.15,192.175,192.1205,705,192.1538,57978,192.150791
2023-07-07 19:22:00+00:00,192.05,192.145,192.025,839,192.145,74203,192.067988
2023-07-07 19:23:00+00:00,192.025,192.06,191.995,1111,192.0414,72635,192.024165
2023-07-07 19:24:00+00:00,191.985,192.04,191.94,1016,192.015,74928,191.986067
2023-07-07 19:25:00+00:00,191.965,192.0,191.93,999,191.985,78164,191.972773
2023-07-07 19:26:00+00:00,191.8719,191.985,191.8719,1059,191.96,88845,191.926874
2023-07-07 19:27:00+00:00,191.85,191.91,191.83,1048,191.88,81248,191.868752
2023-07-07 19:28:00+00:00,191.83,191.88,191.81,916,191.8499,78540,191.84777
2023-07-07 19:29:00+00:00,191.75,191.83,191.74,1157,191.83,79232,191.772533
2023-07-07 19:30:00+00:00,191.805,191.84,191.7,1305,191.74,103925,191.777549
2023-07-07 19:31:00+00:00,191.78,191.82,191.76,807,191.805,61285,191.784653
2023-07-07 19:32:00+00:00,191.695,191.7781,191.68,1005,191.7781,72862,191.721893
2023-07-07 19:33:00+00:00,191.79,191.795,191.7,790,191.7,64222,191.74671
2023-07-07 19:34:00+00:00,191.88,191.88,191.77,1021,191.795,107745,191.828596
2023-07-07 19:35:00+00:00,191.905,191.91,191.86,965,191.88,78981,191.883595
2023-07-07 19:36:00+00:00,191.91,191.91,191.82,948,191.9,69315,191.873818
2023-07-07 19:37:00+00:00,191.9,191.9158,191.8646,784,191.9,51355,191.892233
2023-07-07 19:38:00+00:00,191.885,191.92,191.8799,795,191.905,58441,191.897144
2023-07-07 19:39:00+00:00,191.85,191.93,191.78,1429,191.8899,130298,191.852664
2023-07-07 19:40:00+00:00,191.73,191.845,191.7,1609,191.845,124772,191.742552
2023-07-07 19:41:00+00:00,191.74,191.75,191.7,1282,191.73,90825,191.725025
2023-07-07 19:42:00+00:00,191.66,191.76,191.66,1279,191.75,103484,191.704463
2023-07-07 19:43:00+00:00,191.6791,191.71,191.62,1201,191.665,64769,191.673649
2023-07-07 19:44:00+00:00,191.59,191.67,191.55,1531,191.67,116624,191.62165
2023-07-07 19:45:00+00:00,191.6047,191.63,191.55,1674,191.59,133194,191.599261
2023-07-07 19:46:00+00:00,191.52,191.68,191.51,1654,191.61,162727,191.592354
2023-07-07 19:47:00+00:00,191.46,191.54,191.44,2068,191.52,215187,191.485106
2023-07-07 19:48:00+00:00,191.28,191.49,191.28,1776,191.47,151435,191.366686
2023-07-07 19:49:00+00:00,191.29,191.3396,191.17,2040,191.28,154764,191.26285
2023-07-07 19:50:00+00:00,191.055,191.43,190.76,6736,191.29,548492,190.976135
2023-07-07 19:51:00+00:00,191.04,191.16,190.995,2762,191.055,267624,191.079187
2023-07-07 19:52:00+00:00,191.19,191.27,190.96,3066,191.05,322154,191.111258
2023-07-07 19:53:00+00:00,191.01,191.18,190.97,2304,191.18,177717,191.050965
2023-07-07 19:54:00+00:00,190.825,191.01,190.825,3617,191.0,289483,190.897217
2023-07-07 19:55:00+00:00,190.845,190.935,190.73,3829,190.83,359884,190.855143
2023-07-07 19:56:00+00:00,190.82,190.87,190.8,2321,190.84,223429,190.830774
2023-07-07 19:57:00+00:00,190.85,190.88,190.765,2760,190.825,243094,190.823835
2023-07-07 19:58:00+00:00,190.765,190.8693,190.75,3798,190.85,370029,190.789204
2023-07-07 19:59:00+00:00,190.71,190.79,190.6,11232,190.76,1244486,190.677936
2023-07-07 20:00:00+00:00,190.68,190.72,190.5,336,190.71,7018868,190.67993
2023-07-07 20:01:00+00:00,190.7,190.74,190.65,159,190.68,282304,190.680267
2023-07-07 20:02:00+00:00,190.76,190.76,190.68,130,190.68,297307,190.680861
2023-07-07 20:03:00+00:00,190.78,190.78,190.72,82,190.76,8005,190.753128
2023-07-07 20:04:00+00:00,190.8109,190.82,190.78,61,190.78,4429,190.797184
2023-07-07 20:05:00+00:00,190.82,190.82,190.78,53,190.82,3399,190.794465
2023-07-07 20:06:00+00:00,190.82,190.8207,190.82,45,190.82,2042,190.819567
2023-07-07 20:07:00+00:00,190.84,190.84,190.68,55,190.83,43157,190.69306
2023-07-07 20:08:00+00:00,190.68,190.83,190.68,40,190.83,10287,190.700507
2023-07-07 20:09:00+00:00,190.83,190.84,190.83,55,190.83,11144,190.839353
2023-07-07 20:10:00+00:00,190.84,190.84,190.83,50,190.83,2994,190.837124
2023-07-07 20:11:00+00:00,190.84,190.84,190.83,40,190.83,1814,190.836649
2023-07-07 20:12:00+00:00,190.84,190.84,190.83,21,190.84,588,190.836056
2023-07-07 20:13:00+00:00,190.83,190.85,190.72,178,190.83,248635,190.688173
2023-07-07 20:14:00+00:00,190.83,190.83,190.83,27,190.83,502,190.826853
2023-07-07 20:15:00+00:00,190.8,190.8,190.8,28,190.8,776,190.797859
2023-07-07 20:16:00+00:00,190.81,190.81,190.68,27,190.68,9049,190.683559
2023-07-07 20:17:00+00:00,190.83,190.83,190.81,43,190.81,1795,190.817304
2023-07-07 20:18:00+00:00,190.85,190.85,190.84,24,190.84,270,190.843328
2023-07-07 20:19:00+00:00,190.83,190.83,190.83,31,190.83,1046,190.831907
2023-07-07 20:20:00+00:00,190.84,190.84,190.82,81,190.83,7229,190.830686
2023-07-07 20:21:00+00:00,190.85,190.85,190.84,35,190.84,924,190.842125
2023-07-07 20:23:00+00:00,190.82,190.82,190.81,32,190.82,929,190.816895
2023-07-07 20:24:00+00:00,190.81,190.81,190.76,38,190.81,1648,190.790516
2023-07-07 20:25:00+00:00,190.76,190.8,190.75,41,190.8,2031,190.78881
2023-07-07 20:26:00+00:00,190.77,190.77,190.76,22,190.76,760,190.761276
2023-07-07 20:27:00+00:00,190.67,190.76,190.67,104,190.76,7609,190.718311
2023-07-07 20:28:00+00:00,190.72,190.72,190.67,29,190.7,2917,190.699833
2023-07-07 20:30:00+00:00,190.71,190.71,190.71,29,190.71,402,190.70817
2023-07-07 20:31:00+00:00,190.71,190.71,190.71,15,190.71,438,190.709492
2023-07-07 20:32:00+00:00,190.74,190.74,190.71,34,190.71,5855,190.729375
2023-07-07 20:33:00+00:00,190.72,190.72,190.72,29,190.72,712,190.715813
2023-07-07 20:35:00+00:00,190.74,190.74,190.73,27,190.73,885,190.735429
2023-07-07 20:36:00+00:00,190.74,190.74,190.74,22,190.74,1163,190.739996
2023-07-07 20:37:00+00:00,190.73,190.73,190.73,17,190.73,212,190.729764
2023-07-07 20:38:00+00:00,190.68,190.72,190.68,27,190.72,39994,190.681642
2023-07-07 20:39:00+00:00,190.73,190.73,190.73,17,190.73,248,190.720732
2023-07-07 20:40:00+00:00,190.73,190.73,190.73,20,190.73,285,190.729509
2023-07-07 20:41:00+00:00,190.72,190.72,190.72,18,190.72,2029,190.720116
2023-07-07 20:43:00+00:00,190.701,190.701,190.701,18,190.701,637,190.703885
2023-07-07 20:44:00+00:00,190.73,190.73,190.73,18,190.73,244,190.727049
2023-07-07 20:46:00+00:00,190.7,190.7,190.7,27,190.7,289,190.708183
2023-07-07 20:47:00+00:00,190.74,190.74,190.74,19,190.74,145,190.736617
2023-07-07 20:48:00+00:00,190.68,190.68,190.68,22,190.68,1674,190.681439
2023-07-07 20:49:00+00:00,190.7,190.7,190.7,54,190.7,1138,190.699649
2023-07-07 20:50:00+00:00,190.73,190.73,190.73,23,190.73,290,190.719357
2023-07-07 20:51:00+00:00,190.68,190.6804,190.68,11,190.6804,96627,190.680002
2023-07-07 20:54:00+00:00,190.7277,190.7277,190.7,19,190.7,1527,190.714414
2023-07-07 20:55:00+00:00,190.7,190.7,190.69,30,190.69,947,190.695797
2023-07-07 20:58:00+00:00,190.71,190.71,190.65,105,190.69,4591,190.690347
2023-07-07 20:59:00+00:00,190.75,190.75,190.71,44,190.71,2741,190.737235
2023-07-07 21:00:00+00:00,190.76,190.76,190.75,22,190.75,686,190.766101
2023-07-07 21:02:00+00:00,190.76,190.76,190.76,15,190.76,256,190.758691
2023-07-07 21:03:00+00:00,190.78,190.78,190.78,20,190.78,881,190.781044
2023-07-07 21:04:00+00:00,190.7999,190.7999,190.7999,10,190.7999,473,190.796195
2023-07-07 21:09:00+00:00,190.79,190.791,190.79,22,190.7902,646,190.789872
2023-07-07 21:13:00+00:00,190.8,190.8,190.8,16,190.8,448,190.799085
2023-07-07 21:15:00+00:00,190.8,190.8,190.8,10,190.8,2126,190.799958
2023-07-07 21:17:00+00:00,190.8,190.8,190.8,13,190.8,2019,190.800069
2023-07-07 21:18:00+00:00,190.8,190.8,190.8,12,190.8,382,190.800157
2023-07-07 21:19:00+00:00,190.82,190.82,190.82,30,190.82,693,190.821516
2023-07-07 21:28:00+00:00,190.84,190.84,190.84,15,190.84,252,190.839048
2023-07-07 21:29:00+00:00,190.83,190.83,190.83,18,190.83,424,190.831698
2023-07-07 21:34:00+00:00,190.8,190.8,190.8,15,190.8,315,190.804635
2023-07-07 21:39:00+00:00,190.83,190.83,190.83,23,190.83,460,190.828107
2023-07-07 21:40:00+00:00,190.83,190.83,190.83,10,190.83,406,190.829975
2023-07-07 21:47:00+00:00,190.83,190.83,190.83,10,190.83,138,190.825652
2023-07-07 21:48:00+00:00,190.85,190.85,190.85,23,190.85,416,190.845505
2023-07-07 21:53:00+00:00,190.83,190.83,190.83,12,190.83,259,190.832008
2023-07-07 21:55:00+00:00,190.81,190.81,190.81,15,190.81,257,190.812977
2023-07-07 22:01:00+00:00,190.81,190.81,190.81,8,190.81,112,190.810938
2023-07-07 22:05:00+00:00,190.84,190.84,190.84,18,190.84,314,190.837255
2023-07-07 22:08:00+00:00,190.84,190.84,190.84,10,190.84,272,190.840074
2023-07-07 22:11:00+00:00,190.86,190.86,190.84,14,190.84,719,190.851613
2023-07-07 22:12:00+00:00,190.86,190.86,190.86,20,190.86,1960,190.862714
2023-07-07 22:15:00+00:00,190.86,190.86,190.86,11,190.86,242,190.855207
2023-07-07 22:18:00+00:00,190.86,190.86,190.86,10,190.86,319,190.860031
2023-07-07 22:19:00+00:00,190.88,190.88,190.88,11,190.88,706,190.879986
2023-07-07 22:20:00+00:00,190.88,190.88,190.88,6,190.88,335,190.88003
2023-07-07 22:21:00+00:00,190.88,190.88,190.88,11,190.88,1016,190.880128
2023-07-07 22:23:00+00:00,190.88,190.88,190.88,7,190.88,352,190.880582
2023-07-07 22:24:00+00:00,190.9,190.9,190.9,25,190.9,1089,190.898365
2023-07-07 22:27:00+00:00,190.8999,190.8999,190.8999,17,190.8999,125,190.897336
2023-07-07 22:28:00+00:00,190.89,190.89,190.89,9,190.89,469,190.892079
2023-07-07 22:33:00+00:00,190.9,190.9,190.9,6,190.9,608,190.900058
2023-07-07 22:34:00+00:00,190.89,190.89,190.88,20,190.88,645,190.889341
2023-07-07 22:35:00+00:00,190.89,190.89,190.88,12,190.88,331,190.588459
2023-07-07 22:36:00+00:00,190.88,190.88,190.88,14,190.88,1524,190.882418
2023-07-07 22:43:00+00:00,190.9,190.9,190.9,21,190.9,389,190.900231
2023-07-07 22:45:00+00:00,190.92,190.92,190.92,12,190.92,224,190.914866
2023-07-07 22:46:00+00:00,190.97,190.97,190.97,25,190.97,234,190.947799
2023-07-07 22:49:00+00:00,190.9401,190.9401,190.9401,31,190.9401,228,190.947061
2023-07-07 22:50:00+00:00,190.97,190.97,190.97,9,190.97,122,190.967172
2023-07-07 22:51:00+00:00,190.95,190.95,190.95,13,190.95,198,190.948535
2023-07-07 22:52:00+00:00,190.96,190.96,190.96,9,190.96,427,190.958712
2023-07-07 22:53:00+00:00,190.94,190.95,190.94,18,190.95,614,190.944031
2023-07-07 22:54:00+00:00,190.91,190.91,190.91,36,190.91,725,190.916352
2023-07-07 22:55:00+00:00,190.9,190.91,190.9,15,190.91,1066,190.908405
2023-07-07 22:56:00+00:00,190.94,190.94,190.94,19,190.94,518,190.938736
2023-07-07 22:57:00+00:00,190.95,190.95,190.94,11,190.94,243,190.944053
2023-07-07 22:58:00+00:00,190.97,190.97,190.97,15,190.97,619,190.967278
2023-07-07 23:01:00+00:00,190.93,190.93,190.93,10,190.93,574,190.93081
2023-07-07 23:07:00+00:00,190.93,190.93,190.93,11,190.93,471,190.930786
2023-07-07 23:11:00+00:00,190.96,190.96,190.96,11,190.96,276,190.958877
2023-07-07 23:13:00+00:00,190.93,190.93,190.93,14,190.93,492,190.932043
2023-07-07 23:15:00+00:00,190.9499,190.9499,190.9499,7,190.9499,153,190.944588
2023-07-07 23:21:00+00:00,190.98,190.98,190.98,18,190.98,438,190.976689
2023-07-07 23:22:00+00:00,190.98,190.98,190.97,20,190.97,839,190.977956
2023-07-07 23:30:00+00:00,190.93,190.93,190.93,22,190.93,439,190.9332
2023-07-07 23:31:00+00:00,190.96,190.96,190.96,8,190.96,118,190.956314
2023-07-07 23:33:00+00:00,190.98,190.98,190.93,15,190.93,1873,190.970093
2023-07-07 23:34:00+00:00,190.9,190.97,190.9,19,190.97,1875,190.917736
2023-07-07 23:39:00+00:00,190.95,190.95,190.95,9,190.95,661,190.950961
2023-07-07 23:41:00+00:00,190.95,190.95,190.95,6,190.95,205,190.950366
2023-07-07 23:42:00+00:00,190.95,190.95,190.95,22,190.95,583,190.948027
2023-07-07 23:43:00+00:00,190.95,190.95,190.95,6,190.95,299,190.940217
2023-07-07 23:47:00+00:00,190.9,190.99,190.9,19,190.99,1521,190.961759
2023-07-07 23:48:00+00:00,190.9,190.95,190.9,12,190.95,647,190.916423
2023-07-07 23:49:00+00:00,190.95,190.95,190.95,16,190.95,292,190.928253
2023-07-07 23:55:00+00:00,190.9006,190.9006,190.89,15,190.89,1005,190.89694
2023-07-07 23:56:00+00:00,190.9,190.91,190.9,29,190.9,1397,190.901811
2023-07-07 23:58:00+00:00,190.89,190.89,190.89,24,190.89,521,190.89333
2023-07-07 23:59:00+00:00,190.89,190.9,190.88,16,190.9,818,190.894902
