timestamp,close,high,low,trade_count,open,volume,vwap
2023-09-25 08:00:00+00:00,175.5,175.58,175.29,117,175.58,4204,175.413311
2023-09-25 08:01:00+00:00,175.5,175.57,175.5,42,175.57,767,175.458918
2023-09-25 08:03:00+00:00,175.34,175.34,175.34,11,175.34,373,175.333244
2023-09-25 08:04:00+00:00,175.3,175.36,175.3,20,175.36,1058,175.32018
2023-09-25 08:06:00+00:00,175.28,175.28,175.28,32,175.28,625,175.279984
2023-09-25 08:08:00+00:00,175.29,175.29,175.29,9,175.29,252,175.288651
2023-09-25 08:09:00+00:00,175.24,175.24,175.24,21,175.24,1362,175.2442
2023-09-25 08:10:00+00:00,175.26,175.26,175.26,5,175.26,246,175.259919
2023-09-25 08:11:00+00:00,175.26,175.26,175.26,20,175.26,408,175.252794
2023-09-25 08:12:00+00:00,175.24,175.27,175.24,23,175.27,1700,175.247629
2023-09-25 08:13:00+00:00,175.24,175.26,175.24,25,175.24,2813,175.245467
2023-09-25 08:16:00+00:00,175.2,175.2,175.2,23,175.2,880,175.217364
2023-09-25 08:18:00+00:00,175.12,175.17,175.12,29,175.17,1250,175.146168
2023-09-25 08:19:00+00:00,175.2,175.2,175.2,7,175.2,246,175.190488
2023-09-25 08:21:00+00:00,175.13,175.14,175.13,15,175.14,581,175.133305
2023-09-25 08:22:00+00:00,175.12,175.15,175.12,22,175.15,2744,175.12688
2023-09-25 08:26:00+00:00,175.1,175.14,175.1,21,175.14,1648,175.111292
2023-09-25 08:27:00+00:00,175.01,175.12,175.0,108,175.12,4737,175.027178
2023-09-25 08:28:00+00:00,174.94,175.01,174.94,130,175.01,1335,174.96576
2023-09-25 08:30:00+00:00,174.81,174.81,174.81,24,174.81,603,174.823499
2023-09-25 08:32:00+00:00,174.8,174.8,174.8,19,174.8,564,174.818617
2023-09-25 08:33:00+00:00,174.79,174.81,174.79,52,174.8,2074,174.797686
2023-09-25 08:34:00+00:00,174.71,174.71,174.71,12,174.71,492,174.709858
2023-09-25 08:35:00+00:00,174.71,174.72,174.71,12,174.72,584,174.712723
2023-09-25 08:36:00+00:00,174.5,174.71,174.5,75,174.71,3540,174.542681
2023-09-25 08:37:00+00:00,174.36,174.5,174.36,87,174.5,6656,174.48285
2023-09-25 08:38:00+00:00,174.52,174.52,174.42,28,174.42,788,174.463921
2023-09-25 08:39:00+00:00,174.6,174.6,174.53,21,174.54,825,174.54577
2023-09-25 08:40:00+00:00,174.27,174.5,174.27,42,174.5,1758,174.354454
2023-09-25 08:42:00+00:00,174.29,174.3,174.26,37,174.3,2089,174.29505
2023-09-25 08:43:00+00:00,174.28,174.28,174.28,14,174.28,494,174.298441
2023-09-25 08:44:00+00:00,174.1,174.28,174.1,76,174.21,3078,174.195188
2023-09-25 08:45:00+00:00,174.0,174.11,174.0,125,174.02,3017,174.031395
2023-09-25 08:46:00+00:00,174.1,174.1,174.0,83,174.07,6432,174.024709
2023-09-25 08:48:00+00:00,174.03,174.03,173.99,23,173.99,1103,174.039918
2023-09-25 08:49:00+00:00,174.23,174.23,174.18,98,174.18,3916,174.210368
2023-09-25 08:50:00+00:00,174.4,174.4,174.35,28,174.35,3802,174.382604
2023-09-25 08:52:00+00:00,174.35,174.35,174.35,11,174.35,393,174.340916
2023-09-25 08:56:00+00:00,174.47,174.47,174.46,15,174.47,756,174.463161
2023-09-25 08:57:00+00:00,174.5,174.5,174.47,16,174.47,506,174.479289
2023-09-25 08:59:00+00:00,174.47,174.47,174.47,6,174.47,287,174.470697
2023-09-25 09:02:00+00:00,174.55,174.55,174.52,38,174.52,2763,174.534061
2023-09-25 09:04:00+00:00,174.55,174.56,174.55,20,174.56,682,174.584487
2023-09-25 09:07:00+00:00,174.73,174.73,174.72,30,174.72,2278,174.720435
2023-09-25 09:08:00+00:00,174.5,174.8,174.5,80,174.75,6975,174.620206
2023-09-25 09:09:00+00:00,174.57,174.6,174.57,19,174.6,1079,174.59443
2023-09-25 09:10:00+00:00,174.57,174.57,174.57,9,174.57,491,174.571711
2023-09-25 09:11:00+00:00,174.57,174.57,174.57,4,174.57,241,174.569876
2023-09-25 09:12:00+00:00,174.52,174.52,174.52,4,174.52,123,174.520081
2023-09-25 09:14:00+00:00,174.47,174.5,174.47,10,174.5,535,174.483944
2023-09-25 09:15:00+00:00,174.5,174.5,174.5,17,174.5,465,174.491398
2023-09-25 09:16:00+00:00,174.46,174.46,174.46,36,174.46,1263,174.429818
2023-09-25 09:17:00+00:00,174.45,174.45,174.45,24,174.45,1089,174.445243
2023-09-25 09:21:00+00:00,174.56,174.56,174.56,16,174.56,521,174.543205
2023-09-25 09:23:00+00:00,174.59,174.59,174.59,30,174.59,956,174.560262
2023-09-25 09:27:00+00:00,174.45,174.45,174.45,38,174.45,662,174.434894
2023-09-25 09:40:00+00:00,174.42,174.42,174.42,5,174.42,184,174.415489
2023-09-25 09:41:00+00:00,174.41,174.41,174.41,15,174.41,727,174.409312
2023-09-25 09:42:00+00:00,174.35,174.4,174.34,37,174.4,2426,174.359027
2023-09-25 09:43:00+00:00,174.4,174.4,174.4,11,174.4,1001,174.398741
2023-09-25 09:44:00+00:00,174.4,174.4,174.4,6,174.4,172,174.398547
2023-09-25 09:45:00+00:00,174.4,174.4,174.4,13,174.4,1020,174.400098
2023-09-25 09:46:00+00:00,174.41,174.44,174.41,29,174.44,1675,174.425534
2023-09-25 09:49:00+00:00,174.47,174.47,174.47,6,174.47,176,174.465455
2023-09-25 09:52:00+00:00,174.58,174.58,174.57,26,174.57,1233,174.560795
2023-09-25 09:53:00+00:00,174.58,174.6,174.54,21,174.54,1178,174.573345
2023-09-25 09:54:00+00:00,174.69,174.69,174.6,27,174.6,1225,174.641706
2023-09-25 09:57:00+00:00,174.76,174.78,174.76,15,174.78,768,174.764635
2023-09-25 10:01:00+00:00,174.8,174.8,174.76,35,174.8,1953,174.774542
2023-09-25 10:03:00+00:00,174.77,174.77,174.77,18,174.77,618,174.737023
2023-09-25 10:07:00+00:00,174.78,174.78,174.75,10,174.75,720,174.754444
2023-09-25 10:08:00+00:00,174.7,174.71,174.7,13,174.71,670,174.70403
2023-09-25 10:09:00+00:00,174.66,174.66,174.66,39,174.66,2486,174.66827
2023-09-25 10:10:00+00:00,174.7,174.72,174.7,10,174.72,749,174.705474
2023-09-25 10:12:00+00:00,174.71,174.71,174.71,17,174.71,1012,174.701996
2023-09-25 10:16:00+00:00,174.8,174.8,174.72,57,174.72,3797,174.769987
2023-09-25 10:20:00+00:00,174.9,174.9,174.9,13,174.9,2094,174.900301
2023-09-25 10:21:00+00:00,174.88,174.93,174.88,50,174.93,3699,174.895637
2023-09-25 10:24:00+00:00,174.83,174.89,174.83,26,174.89,1143,174.871759
2023-09-25 10:26:00+00:00,174.85,174.85,174.85,4,174.85,393,174.849389
2023-09-25 10:28:00+00:00,174.81,174.81,174.81,44,174.81,1161,174.818157
2023-09-25 10:30:00+00:00,174.89,174.89,174.89,16,174.89,1211,174.886441
2023-09-25 10:31:00+00:00,174.89,174.91,174.89,12,174.91,1023,174.897879
2023-09-25 10:32:00+00:00,174.84,174.89,174.84,22,174.89,3348,174.855929
2023-09-25 10:33:00+00:00,174.9,174.9,174.9,6,174.9,221,174.903529
2023-09-25 10:34:00+00:00,174.84,174.84,174.84,16,174.84,1608,174.840106
2023-09-25 10:36:00+00:00,174.86,174.86,174.86,15,174.86,599,174.869716
2023-09-25 10:37:00+00:00,174.85,174.86,174.85,26,174.85,1867,174.848757
2023-09-25 10:38:00+00:00,174.67,174.85,174.67,76,174.85,3315,174.751237
2023-09-25 10:39:00+00:00,174.8,174.8,174.8,40,174.8,2115,174.796619
2023-09-25 10:40:00+00:00,174.8,174.8,174.8,17,174.8,682,174.772185
2023-09-25 10:41:00+00:00,174.74,174.8,174.74,45,174.8,3118,174.793021
2023-09-25 10:43:00+00:00,174.8,174.8,174.8,10,174.8,459,174.8
2023-09-25 10:57:00+00:00,174.89,174.89,174.89,11,174.89,304,174.874211
2023-09-25 11:00:00+00:00,174.95,174.96,174.89,132,174.93,8136,174.937445
2023-09-25 11:01:00+00:00,174.9,174.92,174.9,12,174.92,621,174.914155
2023-09-25 11:03:00+00:00,174.9,174.9,174.9,19,174.9,1037,174.90323
2023-09-25 11:05:00+00:00,174.9,174.9,174.9,13,174.9,477,174.918113
2023-09-25 11:06:00+00:00,175.0,175.0,174.96,56,174.96,7915,174.967822
2023-09-25 11:07:00+00:00,175.1,175.1,175.09,21,175.1,1438,175.095772
2023-09-25 11:08:00+00:00,175.1,175.1,175.09,25,175.09,2697,175.098862
2023-09-25 11:09:00+00:00,175.17,175.17,175.11,17,175.11,647,175.133369
2023-09-25 11:10:00+00:00,175.17,175.17,175.15,37,175.17,2997,175.165349
2023-09-25 11:11:00+00:00,175.05,175.12,175.05,37,175.12,2145,175.094671
2023-09-25 11:13:00+00:00,175.0,175.03,175.0,30,175.03,853,175.008089
2023-09-25 11:14:00+00:00,175.08,175.08,175.0,50,175.0,3804,175.050202
2023-09-25 11:15:00+00:00,175.15,175.15,175.15,14,175.15,1086,175.146897
2023-09-25 11:16:00+00:00,175.13,175.13,175.13,10,175.13,875,175.127851
2023-09-25 11:18:00+00:00,175.05,175.07,175.05,58,175.07,3380,175.058923
2023-09-25 11:19:00+00:00,175.0,175.05,175.0,23,175.05,1347,175.027543
2023-09-25 11:20:00+00:00,175.05,175.05,175.0,24,175.0,1723,175.043291
2023-09-25 11:23:00+00:00,175.03,175.03,175.03,6,175.03,621,175.030709
2023-09-25 11:24:00+00:00,175.0,175.01,175.0,49,175.01,1928,175.002775
2023-09-25 11:25:00+00:00,174.95,174.95,174.9,49,174.91,6462,174.903954
2023-09-25 11:31:00+00:00,174.92,174.95,174.92,17,174.95,893,174.945263
2023-09-25 11:32:00+00:00,174.76,174.92,174.76,115,174.92,2160,174.831333
2023-09-25 11:33:00+00:00,174.67,174.78,174.67,42,174.78,1039,174.723831
2023-09-25 11:34:00+00:00,174.65,174.66,174.65,37,174.66,1120,174.658973
2023-09-25 11:37:00+00:00,174.69,174.69,174.65,29,174.65,858,174.65993
2023-09-25 11:38:00+00:00,174.77,174.77,174.77,27,174.77,1343,174.777677
2023-09-25 11:39:00+00:00,174.83,174.83,174.83,17,174.83,498,174.825241
2023-09-25 11:41:00+00:00,174.77,174.77,174.77,11,174.77,392,174.767883
2023-09-25 11:42:00+00:00,174.57,174.6,174.57,89,174.6,3123,174.592395
2023-09-25 11:44:00+00:00,174.53,174.61,174.53,62,174.61,893,174.553998
2023-09-25 11:45:00+00:00,174.5,174.5,174.5,20,174.5,1010,174.497564
2023-09-25 11:47:00+00:00,174.5,174.5,174.5,12,174.5,454,174.513921
2023-09-25 11:48:00+00:00,174.35,174.5,174.35,72,174.5,3599,174.46262
2023-09-25 11:49:00+00:00,174.35,174.35,174.35,24,174.35,906,174.34926
2023-09-25 11:51:00+00:00,174.42,174.44,174.31,58,174.35,2602,174.363966
2023-09-25 11:53:00+00:00,174.44,174.45,174.44,50,174.45,1551,174.458388
2023-09-25 11:55:00+00:00,174.5,174.5,174.5,25,174.5,575,174.523443
2023-09-25 11:56:00+00:00,174.46,174.46,174.46,20,174.46,287,174.442683
2023-09-25 12:00:00+00:00,174.59,175.17,174.3,522,174.5,45722,174.748292
2023-09-25 12:01:00+00:00,174.5,175.44,174.39,896,174.695,6459,174.973853
2023-09-25 12:02:00+00:00,175.2,175.57,174.5,352,174.57,4473,175.156961
2023-09-25 12:03:00+00:00,174.4,175.42,174.4,80,175.42,7747,174.478752
2023-09-25 12:05:00+00:00,174.56,174.56,174.49,33,174.49,1304,174.519567
2023-09-25 12:06:00+00:00,174.6,174.6,174.491,27,174.491,1263,174.542573
2023-09-25 12:07:00+00:00,174.5,174.5,174.5,19,174.5,959,174.527315
2023-09-25 12:09:00+00:00,174.6,174.6,174.6,17,174.6,309,174.589951
2023-09-25 12:10:00+00:00,174.5,174.506,174.5,86,174.5031,3208,174.544091
2023-09-25 12:11:00+00:00,174.6,174.61,174.506,65,174.506,2096,174.578819
2023-09-25 12:13:00+00:00,174.7,174.7,174.63,24,174.63,563,174.646792
2023-09-25 12:15:00+00:00,174.5904,174.62,174.5904,26,174.62,1564,174.615323
2023-09-25 12:16:00+00:00,174.6568,174.6568,174.6568,25,174.6568,415,174.649489
2023-09-25 12:17:00+00:00,174.614,174.64,174.614,36,174.64,572,174.624878
2023-09-25 12:18:00+00:00,174.55,174.64,174.55,43,174.64,450,174.574213
2023-09-25 12:19:00+00:00,174.44,174.5,174.44,60,174.5,3463,174.49027
2023-09-25 12:20:00+00:00,174.4,174.5,174.4,49,174.5,704,174.428527
2023-09-25 12:21:00+00:00,174.25,174.35,174.25,104,174.35,2288,174.302467
2023-09-25 12:22:00+00:00,174.25,174.25,174.25,60,174.25,679,174.250309
2023-09-25 12:23:00+00:00,174.25,174.28,174.25,48,174.28,852,174.270617
2023-09-25 12:24:00+00:00,174.4,174.4,174.35,143,174.35,4479,174.355847
2023-09-25 12:25:00+00:00,174.33,174.39,174.33,74,174.39,3341,174.348963
2023-09-25 12:26:00+00:00,174.4,174.4,174.28,49,174.28,1423,174.358869
2023-09-25 12:27:00+00:00,174.2,174.38,174.2,184,174.35,11577,174.268171
2023-09-25 12:28:00+00:00,174.35,174.4,174.25,66,174.27,2829,174.320403
2023-09-25 12:29:00+00:00,174.4,174.4,174.35,54,174.35,3550,174.376162
2023-09-25 12:30:00+00:00,174.5,174.5,174.45,60,174.45,1739,174.467884
2023-09-25 12:31:00+00:00,174.49,174.5,174.47,144,174.47,5732,174.49129
2023-09-25 12:32:00+00:00,174.56,174.56,174.55,41,174.55,999,174.546782
2023-09-25 12:33:00+00:00,174.55,174.55,174.55,41,174.55,543,174.564959
2023-09-25 12:34:00+00:00,174.5,174.5,174.5,38,174.5,775,174.500707
2023-09-25 12:35:00+00:00,174.6,174.6,174.454,40,174.454,1157,174.51815
2023-09-25 12:36:00+00:00,174.56,174.6,174.5,50,174.5,1742,174.533533
2023-09-25 12:37:00+00:00,174.75,174.75,174.56,99,174.56,5715,174.655195
2023-09-25 12:38:00+00:00,174.7,174.7,174.7,36,174.7,664,174.75311
2023-09-25 12:39:00+00:00,174.71,174.79,174.71,64,174.79,1684,174.723319
2023-09-25 12:40:00+00:00,174.65,174.65,174.65,70,174.65,2222,174.655819
2023-09-25 12:41:00+00:00,174.55,174.65,174.55,57,174.65,2533,174.60952
2023-09-25 12:42:00+00:00,174.67,174.67,174.67,28,174.67,825,174.65863
2023-09-25 12:43:00+00:00,174.73,174.73,174.73,24,174.73,341,174.696921
2023-09-25 12:44:00+00:00,174.9,174.9,174.71,125,174.71,4621,174.808156
2023-09-25 12:45:00+00:00,175.1,175.1,174.9,132,174.9,5665,174.993987
2023-09-25 12:46:00+00:00,175.0,175.1,175.0,97,175.1,2880,175.048174
2023-09-25 12:47:00+00:00,174.99,175.0295,174.99,42,175.0,947,174.99085
2023-09-25 12:48:00+00:00,174.9,174.92,174.8,97,174.92,4573,174.885693
2023-09-25 12:49:00+00:00,174.9,174.9,174.9,43,174.9,1229,174.896216
2023-09-25 12:51:00+00:00,174.9,174.9,174.9,30,174.9,342,174.93095
2023-09-25 12:52:00+00:00,174.9,174.9792,174.9,49,174.9792,3213,174.915326
2023-09-25 12:53:00+00:00,174.9,174.9,174.86,29,174.86,709,174.878442
2023-09-25 12:54:00+00:00,174.9,174.9,174.86,54,174.89,3063,174.887409
2023-09-25 12:55:00+00:00,174.86,174.91,174.86,97,174.86,4311,174.883758
2023-09-25 12:56:00+00:00,174.65,174.85,174.65,80,174.85,3377,174.779504
2023-09-25 12:57:00+00:00,174.63,174.66,174.6,58,174.66,1968,174.635018
2023-09-25 12:58:00+00:00,174.68,174.7,174.55,47,174.55,1263,174.632573
2023-09-25 12:59:00+00:00,174.67,174.67,174.65,37,174.65,1021,174.671491
2023-09-25 13:00:00+00:00,174.7,174.7,174.62,66,174.62,3460,174.665173
2023-09-25 13:01:00+00:00,174.54,174.7,174.53,174,174.7,8214,174.625602
2023-09-25 13:02:00+00:00,174.62,174.62,174.5,112,174.515,5177,174.542902
2023-09-25 13:03:00+00:00,174.6,174.66,174.6,109,174.61,5589,174.608447
2023-09-25 13:04:00+00:00,174.5,174.51,174.5,76,174.51,2605,174.500964
2023-09-25 13:05:00+00:00,174.47,174.53,174.46,94,174.53,3484,174.504123
2023-09-25 13:06:00+00:00,174.45,174.51,174.45,127,174.5,8523,174.488015
2023-09-25 13:07:00+00:00,174.35,174.43,174.35,110,174.4,4424,174.381223
2023-09-25 13:08:00+00:00,174.32,174.38,174.22,131,174.35,8480,174.310978
2023-09-25 13:09:00+00:00,174.3,174.3,174.21,68,174.28,2209,174.263667
2023-09-25 13:10:00+00:00,174.35,174.36,174.25,111,174.25,4612,174.320263
2023-09-25 13:11:00+00:00,174.24,174.4,174.24,258,174.4,8834,174.367572
2023-09-25 13:12:00+00:00,174.34,174.35,174.22,70,174.22,3685,174.329803
2023-09-25 13:13:00+00:00,174.3113,174.35,174.3113,85,174.3481,1881,174.334641
2023-09-25 13:14:00+00:00,174.44,174.44,174.3,94,174.35,5643,174.348752
2023-09-25 13:15:00+00:00,174.45,174.45,174.44,84,174.44,1353,174.438725
2023-09-25 13:16:00+00:00,174.5,174.55,174.4309,66,174.4309,1523,174.488446
2023-09-25 13:17:00+00:00,174.54,174.54,174.45,39,174.45,785,174.495796
2023-09-25 13:18:00+00:00,174.62,174.62,174.49,119,174.49,3441,174.550548
2023-09-25 13:19:00+00:00,174.7064,174.7064,174.6,98,174.66,3190,174.684155
2023-09-25 13:20:00+00:00,174.46,174.59,174.45,49,174.59,1295,174.559232
2023-09-25 13:21:00+00:00,174.5,174.55,174.5,42,174.55,1350,174.518923
2023-09-25 13:22:00+00:00,174.5699,174.58,174.51,50,174.58,1250,174.539873
2023-09-25 13:23:00+00:00,174.56,174.57,174.5,73,174.51,6189,174.529258
2023-09-25 13:24:00+00:00,174.65,174.65,174.62,53,174.63,2539,174.633673
2023-09-25 13:25:00+00:00,174.3,174.55,174.23,257,174.55,21673,174.369508
2023-09-25 13:26:00+00:00,174.15,174.36,174.15,317,174.3,20647,174.235489
2023-09-25 13:27:00+00:00,174.18,174.2999,174.07,268,174.18,16503,174.143674
2023-09-25 13:28:00+00:00,174.15,174.5,174.15,200,174.18,13503,174.304516
2023-09-25 13:29:00+00:00,174.11,174.17,174.08,249,174.17,23417,174.127738
2023-09-25 13:30:00+00:00,174.9869,175.14,174.15,14651,174.2,1334461,174.572236
2023-09-25 13:31:00+00:00,174.61,174.9718,174.5,2701,174.9718,238933,174.75133
2023-09-25 13:32:00+00:00,174.7267,174.745,174.51,2382,174.6,240895,174.631078
2023-09-25 13:33:00+00:00,174.3387,174.7,174.25,2442,174.7,192561,174.407913
2023-09-25 13:34:00+00:00,174.5488,174.5547,174.32,1854,174.35,132938,174.455292
2023-09-25 13:35:00+00:00,174.53,174.63,174.27,1902,174.55,157682,174.480612
2023-09-25 13:36:00+00:00,174.65,174.75,174.445,1641,174.55,149383,174.602939
2023-09-25 13:37:00+00:00,174.74,174.74,174.42,1959,174.63,184611,174.551725
2023-09-25 13:38:00+00:00,174.51,174.83,174.44,1978,174.735,177171,174.58405
2023-09-25 13:39:00+00:00,174.66,174.68,174.4,1398,174.49,122548,174.587885
2023-09-25 13:40:00+00:00,174.85,174.91,174.657,1593,174.66,163914,174.799394
2023-09-25 13:41:00+00:00,174.83,174.88,174.705,1766,174.85,180615,174.796208
2023-09-25 13:42:00+00:00,174.8699,174.91,174.76,1901,174.83,198564,174.834623
2023-09-25 13:43:00+00:00,174.68,174.94,174.67,1580,174.85,164176,174.822809
2023-09-25 13:44:00+00:00,174.6135,174.7876,174.61,1412,174.672,144227,174.673749
2023-09-25 13:45:00+00:00,174.54,174.67,174.4,2023,174.635,198886,174.520989
2023-09-25 13:46:00+00:00,174.71,174.7274,174.49,3542,174.53,149634,174.613998
2023-09-25 13:47:00+00:00,174.63,174.8,174.6022,3615,174.71,198276,174.716604
2023-09-25 13:48:00+00:00,174.68,174.85,174.6,4176,174.63,148768,174.73681
2023-09-25 13:49:00+00:00,174.74,174.805,174.68,3753,174.685,124769,174.748252
2023-09-25 13:50:00+00:00,174.8081,174.94,174.71,4147,174.73,164959,174.839689
2023-09-25 13:51:00+00:00,174.7999,174.95,174.68,4505,174.8,176093,174.817242
2023-09-25 13:52:00+00:00,174.95,175.08,174.76,4296,174.76,140526,174.946512
2023-09-25 13:53:00+00:00,174.82,174.97,174.72,4476,174.945,148924,174.834628
2023-09-25 13:54:00+00:00,174.94,174.9465,174.77,3758,174.82,86421,174.862217
2023-09-25 13:55:00+00:00,175.1294,175.16,174.91,4322,174.94,156311,175.044813
2023-09-25 13:56:00+00:00,175.45,175.46,175.11,4891,175.125,221082,175.316971
2023-09-25 13:57:00+00:00,175.2501,175.505,175.21,4252,175.45,181835,175.356311
2023-09-25 13:58:00+00:00,175.33,175.46,175.17,4023,175.255,119784,175.342609
2023-09-25 13:59:00+00:00,175.34,175.43,175.22,4085,175.35,144728,175.331229
2023-09-25 14:00:00+00:00,175.4901,175.55,175.28,4535,175.35,157188,175.405649
2023-09-25 14:01:00+00:00,175.4,175.54,175.37,4673,175.5,160408,175.449101
2023-09-25 14:02:00+00:00,175.28,175.41,175.22,3994,175.41,141023,175.289875
2023-09-25 14:03:00+00:00,175.19,175.33,175.12,3779,175.29,124178,175.204757
2023-09-25 14:04:00+00:00,175.13,175.22,175.08,3056,175.21,133999,175.154783
2023-09-25 14:05:00+00:00,175.26,175.2884,175.095,3222,175.12,81321,175.159841
2023-09-25 14:06:00+00:00,175.15,175.3594,175.14,3373,175.2887,111148,175.262859
2023-09-25 14:07:00+00:00,175.1,175.2799,175.1,3435,175.1753,112185,175.187689
2023-09-25 14:08:00+00:00,174.98,175.19,174.94,3544,175.11,133911,175.045566
2023-09-25 14:09:00+00:00,174.9901,175.06,174.9401,3043,174.9814,78806,174.987662
2023-09-25 14:10:00+00:00,175.04,175.05,174.94,3466,174.975,103666,174.99684
2023-09-25 14:11:00+00:00,175.07,175.1199,174.95,3535,175.03,99609,175.030674
2023-09-25 14:12:00+00:00,175.05,175.1386,175.0203,3407,175.08,111969,175.086689
2023-09-25 14:13:00+00:00,175.0,175.15,174.925,3708,175.05,119318,175.021418
2023-09-25 14:14:00+00:00,175.07,175.1,174.9401,3382,175.0,94922,175.024151
2023-09-25 14:15:00+00:00,174.98,175.07,174.87,3243,175.05,123044,174.964615
2023-09-25 14:16:00+00:00,175.02,175.0999,174.94,2885,174.9776,99616,175.021301
2023-09-25 14:17:00+00:00,174.995,175.1499,174.94,2930,175.0404,119253,175.013894
2023-09-25 14:18:00+00:00,174.87,175.04,174.82,3045,174.99,116308,174.917727
2023-09-25 14:19:00+00:00,174.775,174.91,174.76,3442,174.8668,159600,174.828113
2023-09-25 14:20:00+00:00,174.8101,174.86,174.76,3477,174.78,108490,174.808161
2023-09-25 14:21:00+00:00,174.57,174.8205,174.53,4341,174.8205,174608,174.657314
2023-09-25 14:22:00+00:00,174.52,174.6049,174.48,3861,174.57,126823,174.540346
2023-09-25 14:23:00+00:00,174.51,174.5499,174.42,3493,174.53,120350,174.4739
2023-09-25 14:24:00+00:00,174.44,174.605,174.4399,3405,174.51,91123,174.54346
2023-09-25 14:25:00+00:00,174.35,174.455,174.27,3835,174.4399,142325,174.36584
2023-09-25 14:26:00+00:00,174.26,174.38,174.23,3408,174.33,124531,174.30777
2023-09-25 14:27:00+00:00,174.3201,174.3577,174.21,3071,174.25,93396,174.303388
2023-09-25 14:28:00+00:00,174.49,174.52,174.32,3331,174.32,118072,174.457681
2023-09-25 14:29:00+00:00,174.47,174.57,174.44,2816,174.4801,117360,174.504136
2023-09-25 14:30:00+00:00,174.46,174.57,174.43,2618,174.46,102394,174.489621
2023-09-25 14:31:00+00:00,174.48,174.49,174.37,2647,174.45,74855,174.433917
2023-09-25 14:32:00+00:00,174.68,174.69,174.47,3094,174.481,108721,174.587868
2023-09-25 14:33:00+00:00,174.78,174.79,174.665,3566,174.6812,138929,174.717761
2023-09-25 14:34:00+00:00,174.7599,174.92,174.73,3415,174.77,150154,174.827329
2023-09-25 14:35:00+00:00,174.761,174.83,174.66,3533,174.76,124907,174.747206
2023-09-25 14:36:00+00:00,174.77,174.865,174.73,3172,174.765,103306,174.799872
2023-09-25 14:37:00+00:00,174.881,174.8965,174.7521,3154,174.7799,77063,174.829105
2023-09-25 14:38:00+00:00,174.79,174.9299,174.78,3155,174.88,101788,174.857585
2023-09-25 14:39:00+00:00,174.8601,174.88,174.783,2787,174.783,71140,174.836137
2023-09-25 14:40:00+00:00,174.8278,174.8861,174.76,3009,174.865,65913,174.806646
2023-09-25 14:41:00+00:00,174.92,174.94,174.8,3075,174.82,88943,174.86425
2023-09-25 14:42:00+00:00,174.94,174.99,174.89,3041,174.915,88115,174.947675
2023-09-25 14:43:00+00:00,174.91,174.96,174.85,2883,174.92,53025,174.907595
2023-09-25 14:44:00+00:00,174.95,174.95,174.86,2727,174.91,84933,174.896505
2023-09-25 14:45:00+00:00,175.04,175.19,174.95,3331,174.95,163714,175.08609
2023-09-25 14:46:00+00:00,175.08,175.09,174.96,3199,175.03,102681,175.029898
2023-09-25 14:47:00+00:00,175.1714,175.2193,175.055,3262,175.07,83736,175.157356
2023-09-25 14:48:00+00:00,175.12,175.1864,175.09,3056,175.175,58732,175.134746
2023-09-25 14:49:00+00:00,175.02,175.13,174.99,3251,175.13,91068,175.070763
2023-09-25 14:50:00+00:00,174.86,175.03,174.84,3405,175.03,151530,174.942018
2023-09-25 14:51:00+00:00,174.83,174.955,174.77,2735,174.87,89907,174.860308
2023-09-25 14:52:00+00:00,174.88,174.92,174.83,2361,174.835,71009,174.880018
2023-09-25 14:53:00+00:00,175.035,175.0693,174.87,1401,174.89,68858,174.96066
2023-09-25 14:54:00+00:00,175.03,175.097,174.97,958,175.04,87778,175.034953
2023-09-25 14:55:00+00:00,174.9501,175.04,174.88,1014,175.04,107039,174.945229
2023-09-25 14:56:00+00:00,175.01,175.03,174.9406,740,174.97,80717,174.996402
2023-09-25 14:57:00+00:00,175.06,175.085,174.96,741,175.01,55274,175.024314
2023-09-25 14:58:00+00:00,174.97,175.06,174.91,778,175.06,84853,174.954488
2023-09-25 14:59:00+00:00,174.88,174.99,174.87,839,174.9698,98611,174.926792
2023-09-25 15:00:00+00:00,174.93,175.0,174.87,834,174.89,87154,174.943674
2023-09-25 15:01:00+00:00,175.02,175.045,174.88,942,174.94,73283,174.974295
2023-09-25 15:02:00+00:00,174.93,175.0567,174.89,769,175.025,72855,174.967423
2023-09-25 15:03:00+00:00,174.9885,175.03,174.93,918,174.93,82502,174.971436
2023-09-25 15:04:00+00:00,175.15,175.17,174.97,1443,174.98,201164,175.090021
2023-09-25 15:05:00+00:00,175.2713,175.315,175.14,1447,175.15,149294,175.23734
2023-09-25 15:06:00+00:00,175.28,175.33,175.205,849,175.27,85696,175.257562
2023-09-25 15:07:00+00:00,175.3,175.3299,175.2001,733,175.2707,67492,175.255556
2023-09-25 15:08:00+00:00,175.48,175.515,175.28,1427,175.3,194889,175.427984
2023-09-25 15:09:00+00:00,175.705,175.78,175.47,1797,175.47,176100,175.651513
2023-09-25 15:10:00+00:00,175.81,175.84,175.64,1072,175.705,104229,175.727546
2023-09-25 15:11:00+00:00,175.84,175.86,175.76,1022,175.815,107129,175.802498
2023-09-25 15:12:00+00:00,175.85,175.85,175.73,918,175.83,107122,175.787884
2023-09-25 15:13:00+00:00,175.785,175.9,175.76,1161,175.8599,134103,175.821472
2023-09-25 15:14:00+00:00,175.8983,175.91,175.75,1100,175.78,104530,175.842319
2023-09-25 15:15:00+00:00,175.9702,175.9702,175.86,1028,175.9,92568,175.924936
2023-09-25 15:16:00+00:00,176.08,176.13,175.91,2099,175.975,217992,176.020447
2023-09-25 15:17:00+00:00,176.23,176.34,176.075,2229,176.09,224976,176.186217
2023-09-25 15:18:00+00:00,176.23,176.33,176.2,1887,176.24,212856,176.259213
2023-09-25 15:19:00+00:00,176.28,176.32,176.17,1311,176.23,141718,176.255334
2023-09-25 15:20:00+00:00,176.21,176.34,176.18,1231,176.29,131299,176.275426
2023-09-25 15:21:00+00:00,176.2415,176.26,176.16,854,176.215,91133,176.213214
2023-09-25 15:22:00+00:00,176.279,176.31,176.24,821,176.26,160106,176.259131
2023-09-25 15:23:00+00:00,176.385,176.43,176.23,1379,176.28,162111,176.365235
2023-09-25 15:24:00+00:00,176.405,176.4361,176.32,972,176.38,95852,176.364877
2023-09-25 15:25:00+00:00,176.39,176.44,176.31,1095,176.409,109487,176.377295
2023-09-25 15:26:00+00:00,176.42,176.435,176.33,799,176.41,75673,176.40032
2023-09-25 15:27:00+00:00,176.41,176.54,176.38,1633,176.43,173375,176.47124
2023-09-25 15:28:00+00:00,176.395,176.41,176.32,1026,176.4,100873,176.364892
2023-09-25 15:29:00+00:00,176.27,176.39,176.2415,1049,176.39,122561,176.302304
2023-09-25 15:30:00+00:00,176.2001,176.35,176.13,1236,176.288,143125,176.225739
2023-09-25 15:31:00+00:00,176.14,176.26,176.08,1074,176.21,111357,176.160897
2023-09-25 15:32:00+00:00,176.15,176.23,176.13,803,176.14,69292,176.184994
2023-09-25 15:33:00+00:00,176.23,176.24,176.1,905,176.153,104819,176.164028
2023-09-25 15:34:00+00:00,176.15,176.2599,176.14,656,176.2201,82178,176.207632
2023-09-25 15:35:00+00:00,176.22,176.25,176.14,850,176.16,73802,176.171378
2023-09-25 15:36:00+00:00,176.1644,176.23,176.1301,547,176.215,48271,176.170916
2023-09-25 15:37:00+00:00,176.15,176.18,176.1301,617,176.16,82500,176.161369
2023-09-25 15:38:00+00:00,176.15,176.173,176.11,648,176.166,48172,176.143831
2023-09-25 15:39:00+00:00,176.14,176.17,176.11,588,176.16,50059,176.146499
2023-09-25 15:40:00+00:00,176.14,176.17,176.1,686,176.1401,64085,176.138605
2023-09-25 15:41:00+00:00,176.2,176.2,176.07,849,176.14,86172,176.12144
2023-09-25 15:42:00+00:00,176.3082,176.31,176.19,1103,176.21,92442,176.250461
2023-09-25 15:43:00+00:00,176.47,176.47,176.305,1797,176.305,163118,176.373572
2023-09-25 15:44:00+00:00,176.345,176.4727,176.32,1011,176.4727,98853,176.38786
2023-09-25 15:45:00+00:00,176.3552,176.42,176.27,936,176.345,94972,176.339799
2023-09-25 15:46:00+00:00,176.37,176.49,176.3,1315,176.365,167816,176.418268
2023-09-25 15:47:00+00:00,176.4401,176.4501,176.35,959,176.375,117836,176.409685
2023-09-25 15:48:00+00:00,176.34,176.46,176.32,748,176.45,66952,176.393729
2023-09-25 15:49:00+00:00,176.23,176.39,176.2,1162,176.34,108777,176.281523
2023-09-25 15:50:00+00:00,176.21,176.26,176.19,836,176.24,77564,176.228842
2023-09-25 15:51:00+00:00,176.2,176.28,176.19,1271,176.22,131354,176.23417
2023-09-25 15:52:00+00:00,176.15,176.22,176.14,852,176.19,77176,176.186306
2023-09-25 15:53:00+00:00,176.11,176.1601,176.1,573,176.14,51065,176.129463
2023-09-25 15:54:00+00:00,176.03,176.11,176.0,1069,176.1035,165860,176.037047
2023-09-25 15:55:00+00:00,176.0,176.05,175.96,1256,176.021,134301,176.006086
2023-09-25 15:56:00+00:00,176.045,176.1,175.99,845,176.0,87478,176.070739
2023-09-25 15:57:00+00:00,175.965,176.08,175.91,793,176.04,72844,175.982896
2023-09-25 15:58:00+00:00,175.9488,176.0,175.88,942,175.961,92015,175.947788
2023-09-25 15:59:00+00:00,176.03,176.09,175.92,666,175.94,51131,176.000135
2023-09-25 16:00:00+00:00,175.9961,176.1,175.9383,679,176.04,64689,176.018835
2023-09-25 16:01:00+00:00,176.03,176.12,175.99,852,175.99,64680,176.054472
2023-09-25 16:02:00+00:00,176.01,176.105,176.01,592,176.0212,39538,176.064585
2023-09-25 16:03:00+00:00,175.955,176.0399,175.9,695,176.01,61316,175.966578
2023-09-25 16:04:00+00:00,175.9299,175.97,175.88,540,175.96,36234,175.922487
2023-09-25 16:05:00+00:00,175.99,176.03,175.9259,701,175.9282,48939,175.993214
2023-09-25 16:06:00+00:00,175.9199,175.985,175.89,496,175.985,36963,175.926053
2023-09-25 16:07:00+00:00,176.05,176.075,175.92,1004,175.92,118778,176.040746
2023-09-25 16:08:00+00:00,176.079,176.11,176.03,715,176.05,91821,176.064101
2023-09-25 16:09:00+00:00,176.085,176.22,176.07,987,176.079,109193,176.144044
2023-09-25 16:10:00+00:00,176.03,176.11,175.97,729,176.09,66485,176.052366
2023-09-25 16:11:00+00:00,176.2,176.24,176.01,1593,176.02,186550,176.156345
2023-09-25 16:12:00+00:00,176.31,176.32,176.181,961,176.2001,132205,176.253104
2023-09-25 16:13:00+00:00,176.39,176.44,176.28,968,176.29,95596,176.373067
2023-09-25 16:14:00+00:00,176.38,176.4221,176.31,567,176.385,63615,176.355827
2023-09-25 16:15:00+00:00,176.415,176.43,176.36,643,176.385,71491,176.399239
2023-09-25 16:16:00+00:00,176.615,176.62,176.41,1982,176.4111,177255,176.540915
2023-09-25 16:17:00+00:00,176.7002,176.73,176.615,1229,176.62,133242,176.686202
2023-09-25 16:18:00+00:00,176.76,176.78,176.67,922,176.71,116078,176.715854
2023-09-25 16:19:00+00:00,176.7201,176.76,176.67,846,176.75,82620,176.709879
2023-09-25 16:20:00+00:00,176.8199,176.83,176.69,1023,176.7201,100237,176.751531
2023-09-25 16:21:00+00:00,176.81,176.84,176.72,936,176.8,103202,176.774794
2023-09-25 16:22:00+00:00,176.86,176.8969,176.8001,1011,176.81,98035,176.858416
2023-09-25 16:23:00+00:00,176.93,176.95,176.85,1143,176.87,214018,176.910441
2023-09-25 16:24:00+00:00,176.8925,176.97,176.8501,963,176.92,104223,176.909249
2023-09-25 16:25:00+00:00,176.89,176.907,176.85,720,176.9,70749,176.872791
2023-09-25 16:26:00+00:00,176.92,176.9299,176.87,512,176.88,43565,176.903422
2023-09-25 16:27:00+00:00,176.85,176.93,176.83,660,176.918,55166,176.873871
2023-09-25 16:28:00+00:00,176.935,176.94,176.84,645,176.86,58755,176.896726
2023-09-25 16:29:00+00:00,176.88,176.94,176.86,612,176.935,60912,176.888384
2023-09-25 16:30:00+00:00,176.82,176.91,176.81,759,176.885,73776,176.866973
2023-09-25 16:31:00+00:00,176.81,176.84,176.76,800,176.81,123977,176.80671
2023-09-25 16:32:00+00:00,176.81,176.83,176.73,788,176.8,89605,176.792954
2023-09-25 16:33:00+00:00,176.77,176.8213,176.73,648,176.8185,89901,176.765178
2023-09-25 16:34:00+00:00,176.69,176.79,176.65,692,176.79,89947,176.71336
2023-09-25 16:35:00+00:00,176.64,176.7,176.62,635,176.6821,63820,176.662662
2023-09-25 16:36:00+00:00,176.64,176.68,176.62,567,176.635,58998,176.650171
2023-09-25 16:37:00+00:00,176.6,176.67,176.58,815,176.64,85168,176.629184
2023-09-25 16:38:00+00:00,176.56,176.63,176.53,873,176.5801,98894,176.573154
2023-09-25 16:39:00+00:00,176.58,176.63,176.5565,622,176.58,50777,176.592389
2023-09-25 16:40:00+00:00,176.64,176.66,176.5524,609,176.5784,65546,176.614051
2023-09-25 16:41:00+00:00,176.64,176.65,176.56,592,176.64,52174,176.600682
2023-09-25 16:42:00+00:00,176.57,176.6791,176.5444,602,176.645,80098,176.605887
2023-09-25 16:43:00+00:00,176.5501,176.6252,176.5501,533,176.58,54738,176.586367
2023-09-25 16:44:00+00:00,176.53,176.5957,176.53,604,176.57,61086,176.557946
2023-09-25 16:45:00+00:00,176.545,176.55,176.49,660,176.5301,69848,176.516171
2023-09-25 16:46:00+00:00,176.4699,176.5799,176.44,618,176.545,63795,176.511989
2023-09-25 16:47:00+00:00,176.49,176.53,176.42,655,176.44,78407,176.48522
2023-09-25 16:48:00+00:00,176.4201,176.51,176.41,738,176.4847,64116,176.464901
2023-09-25 16:49:00+00:00,176.45,176.53,176.41,512,176.42,50107,176.479842
2023-09-25 16:50:00+00:00,176.28,176.45,176.28,695,176.45,60761,176.377757
2023-09-25 16:51:00+00:00,176.2352,176.2801,176.15,830,176.2801,91838,176.225945
2023-09-25 16:52:00+00:00,176.15,176.24,176.13,755,176.23,83405,176.186049
2023-09-25 16:53:00+00:00,176.23,176.255,176.13,700,176.16,87432,176.197507
2023-09-25 16:54:00+00:00,176.3401,176.36,176.22,689,176.2221,84987,176.290591
2023-09-25 16:55:00+00:00,176.3,176.3599,176.28,545,176.34,66474,176.322601
2023-09-25 16:56:00+00:00,176.21,176.31,176.21,426,176.3,42404,176.272994
2023-09-25 16:57:00+00:00,176.2112,176.329,176.2,763,176.22,77073,176.266266
2023-09-25 16:58:00+00:00,176.1901,176.2777,176.18,535,176.21,56904,176.235407
2023-09-25 16:59:00+00:00,176.29,176.31,176.17,537,176.195,45411,176.252534
2023-09-25 17:00:00+00:00,176.2042,176.28,176.201,497,176.28,44765,176.234705
2023-09-25 17:01:00+00:00,176.2155,176.235,176.16,518,176.21,57560,176.200545
2023-09-25 17:02:00+00:00,176.13,176.24,176.11,716,176.2,77931,176.184559
2023-09-25 17:03:00+00:00,176.13,176.17,176.11,556,176.14,53400,176.140779
2023-09-25 17:04:00+00:00,176.0783,176.142,176.04,721,176.13,75502,176.090854
2023-09-25 17:05:00+00:00,176.14,176.17,176.065,607,176.0711,54751,176.102514
2023-09-25 17:06:00+00:00,176.3,176.3,176.1146,674,176.12,75838,176.177865
2023-09-25 17:07:00+00:00,176.46,176.46,176.3,942,176.308,109545,176.380377
2023-09-25 17:08:00+00:00,176.52,176.55,176.44,835,176.4517,117184,176.485728
2023-09-25 17:09:00+00:00,176.52,176.55,176.51,521,176.53,50997,176.526355
2023-09-25 17:10:00+00:00,176.561,176.59,176.5,606,176.53,74689,176.537976
2023-09-25 17:11:00+00:00,176.66,176.67,176.5594,980,176.5594,142475,176.60643
2023-09-25 17:12:00+00:00,176.73,176.74,176.64,974,176.6401,107346,176.691647
2023-09-25 17:13:00+00:00,176.79,176.8,176.72,764,176.72,103425,176.752814
2023-09-25 17:14:00+00:00,176.695,176.8,176.661,824,176.7924,115375,176.750046
2023-09-25 17:15:00+00:00,176.6,176.73,176.59,606,176.6919,58827,176.645692
2023-09-25 17:16:00+00:00,176.53,176.5999,176.52,455,176.5811,48016,176.56154
2023-09-25 17:17:00+00:00,176.5191,176.55,176.45,749,176.54,92131,176.493399
2023-09-25 17:18:00+00:00,176.51,176.535,176.4201,430,176.52,51008,176.493627
2023-09-25 17:19:00+00:00,176.42,176.53,176.3786,540,176.5146,58707,176.438049
2023-09-25 17:20:00+00:00,176.43,176.48,176.36,519,176.42,82057,176.404427
2023-09-25 17:21:00+00:00,176.3801,176.47,176.37,531,176.45,75179,176.409712
2023-09-25 17:22:00+00:00,176.3153,176.41,176.29,509,176.39,56026,176.350385
2023-09-25 17:23:00+00:00,176.3601,176.4039,176.31,472,176.32,43437,176.374705
2023-09-25 17:24:00+00:00,176.3299,176.39,176.29,429,176.37,37138,176.333898
2023-09-25 17:25:00+00:00,176.2422,176.37,176.23,558,176.33,59669,176.292165
2023-09-25 17:26:00+00:00,176.25,176.29,176.19,627,176.24,57239,176.235764
2023-09-25 17:27:00+00:00,176.19,176.3086,176.18,444,176.265,31322,176.244349
2023-09-25 17:28:00+00:00,176.12,176.2099,176.08,1174,176.19,116953,176.134994
2023-09-25 17:29:00+00:00,176.13,176.18,176.1008,546,176.1118,55448,176.142354
2023-09-25 17:30:00+00:00,176.155,176.185,176.085,951,176.15,78001,176.134043
2023-09-25 17:31:00+00:00,176.09,176.1681,176.07,787,176.1681,66357,176.123117
2023-09-25 17:32:00+00:00,176.1,176.14,176.06,639,176.11,52601,176.093147
2023-09-25 17:33:00+00:00,176.1301,176.1662,176.11,615,176.11,36701,176.139005
2023-09-25 17:34:00+00:00,176.1885,176.22,176.12,787,176.13,69828,176.184248
2023-09-25 17:35:00+00:00,176.1,176.2139,176.09,797,176.18,79118,176.165634
2023-09-25 17:36:00+00:00,176.13,176.1799,176.105,580,176.11,34359,176.149054
2023-09-25 17:37:00+00:00,176.1691,176.23,176.14,599,176.14,47258,176.188387
2023-09-25 17:38:00+00:00,176.25,176.25,176.153,600,176.16,50798,176.216255
2023-09-25 17:39:00+00:00,176.2993,176.3,176.235,517,176.25,56901,176.267352
2023-09-25 17:40:00+00:00,176.26,176.29,176.23,482,176.29,42576,176.261023
2023-09-25 17:41:00+00:00,176.1901,176.315,176.14,582,176.27,51874,176.218998
2023-09-25 17:42:00+00:00,176.1612,176.1876,176.13,573,176.1876,51041,176.149628
2023-09-25 17:43:00+00:00,176.115,176.18,176.07,510,176.17,49442,176.103341
2023-09-25 17:44:00+00:00,176.0799,176.12,176.05,623,176.12,51638,176.082231
2023-09-25 17:45:00+00:00,176.04,176.145,176.01,691,176.07,59517,176.063967
2023-09-25 17:46:00+00:00,176.1299,176.1299,176.03,532,176.04,48171,176.065456
2023-09-25 17:47:00+00:00,175.89,176.158,175.88,1499,176.13,139220,176.018993
2023-09-25 17:48:00+00:00,176.02,176.07,175.88,688,175.9,76445,175.978137
2023-09-25 17:49:00+00:00,176.1,176.13,176.0,671,176.032,59227,176.067262
2023-09-25 17:50:00+00:00,176.12,176.14,176.0801,566,176.09,59804,176.109184
2023-09-25 17:51:00+00:00,176.1374,176.1799,176.1001,495,176.11,54129,176.140048
2023-09-25 17:52:00+00:00,176.3099,176.34,176.14,1126,176.14,120039,176.266249
2023-09-25 17:53:00+00:00,176.15,176.3,176.13,758,176.3,79801,176.217685
2023-09-25 17:54:00+00:00,176.19,176.21,176.1427,432,176.17,256139,176.2627
2023-09-25 17:55:00+00:00,176.14,176.24,176.102,586,176.17,61986,176.17553
2023-09-25 17:56:00+00:00,176.15,176.1799,176.12,335,176.135,27806,176.146756
2023-09-25 17:57:00+00:00,176.19,176.2299,176.1409,574,176.15,62719,176.189397
2023-09-25 17:58:00+00:00,176.19,176.22,176.1501,526,176.19,43045,176.187421
2023-09-25 17:59:00+00:00,176.26,176.2703,176.18,664,176.18,77910,176.240777
2023-09-25 18:00:00+00:00,176.335,176.35,176.253,684,176.27,80755,176.313669
2023-09-25 18:01:00+00:00,176.24,176.34,176.21,681,176.3381,147255,176.209598
2023-09-25 18:02:00+00:00,176.17,176.3,176.16,706,176.235,79022,176.237672
2023-09-25 18:03:00+00:00,176.1991,176.245,176.15,549,176.175,47195,176.188393
2023-09-25 18:04:00+00:00,176.24,176.25,176.2,395,176.2,35982,176.228562
2023-09-25 18:05:00+00:00,176.3399,176.3676,176.23,641,176.245,71667,176.313213
2023-09-25 18:06:00+00:00,176.23,176.32,176.17,551,176.32,56763,176.242788
2023-09-25 18:07:00+00:00,176.1,176.24,176.095,605,176.23,65328,176.162611
2023-09-25 18:08:00+00:00,176.0,176.145,175.965,937,176.1,94843,176.043142
2023-09-25 18:09:00+00:00,175.98,176.07,175.9601,648,175.99,60458,176.004436
2023-09-25 18:10:00+00:00,176.05,176.06,175.95,578,175.98,40185,176.00626
2023-09-25 18:11:00+00:00,175.97,176.07,175.9655,636,176.06,59585,176.019207
2023-09-25 18:12:00+00:00,175.95,176.02,175.9215,567,175.98,47790,175.967421
2023-09-25 18:13:00+00:00,175.9601,176.03,175.93,563,175.94,46196,175.976334
2023-09-25 18:14:00+00:00,175.975,176.03,175.97,606,175.98,51138,176.000728
2023-09-25 18:15:00+00:00,175.8999,176.01,175.88,679,175.96,62060,175.938405
2023-09-25 18:16:00+00:00,175.91,175.9799,175.89,569,175.9,48636,175.932142
2023-09-25 18:17:00+00:00,175.86,175.93,175.85,712,175.89,69578,175.889855
2023-09-25 18:18:00+00:00,175.7847,175.89,175.7404,995,175.86,96375,175.811448
2023-09-25 18:19:00+00:00,175.88,175.9,175.7899,669,175.7899,67643,175.841411
2023-09-25 18:20:00+00:00,175.81,175.938,175.81,714,175.87,64385,175.877143
2023-09-25 18:21:00+00:00,175.79,175.8299,175.76,541,175.8,42896,175.792198
2023-09-25 18:22:00+00:00,175.705,175.7991,175.705,676,175.7832,59431,175.754817
2023-09-25 18:23:00+00:00,175.7828,175.82,175.68,621,175.7,56176,175.761567
2023-09-25 18:24:00+00:00,175.72,175.8299,175.72,561,175.785,75545,175.754888
2023-09-25 18:25:00+00:00,175.78,175.7999,175.71,427,175.72,41203,175.758636
2023-09-25 18:26:00+00:00,175.8099,175.815,175.73,553,175.7872,41388,175.784636
2023-09-25 18:27:00+00:00,175.88,175.89,175.785,764,175.801,97240,175.854921
2023-09-25 18:28:00+00:00,175.85,175.92,175.81,649,175.88,57741,175.863618
2023-09-25 18:29:00+00:00,175.775,175.87,175.77,536,175.86,45719,175.833704
2023-09-25 18:30:00+00:00,175.69,175.78,175.68,914,175.7701,75867,175.719868
2023-09-25 18:31:00+00:00,175.67,175.71,175.66,572,175.7059,46516,175.685505
2023-09-25 18:32:00+00:00,175.7634,175.82,175.67,601,175.675,64842,175.737097
2023-09-25 18:33:00+00:00,175.79,175.79,175.7294,451,175.765,42126,175.758256
2023-09-25 18:34:00+00:00,175.83,175.9,175.75,604,175.78,101063,175.854824
2023-09-25 18:35:00+00:00,175.9602,175.97,175.82,672,175.82,76979,175.892503
2023-09-25 18:36:00+00:00,176.045,176.12,175.96,1267,175.96,143761,176.04914
2023-09-25 18:37:00+00:00,176.1,176.129,176.02,564,176.041,65731,176.068342
2023-09-25 18:38:00+00:00,175.96,176.09,175.922,733,176.09,73426,175.991839
2023-09-25 18:39:00+00:00,175.95,175.97,175.89,822,175.955,79329,175.920247
2023-09-25 18:40:00+00:00,176.0145,176.02,175.92,657,175.95,76557,175.975756
2023-09-25 18:41:00+00:00,175.9299,176.02,175.91,549,176.0,56604,175.980773
2023-09-25 18:42:00+00:00,175.885,175.97,175.87,761,175.92,79619,175.915833
2023-09-25 18:43:00+00:00,175.79,175.9,175.75,889,175.8871,97163,175.826258
2023-09-25 18:44:00+00:00,175.78,175.825,175.72,674,175.79,70744,175.773373
2023-09-25 18:45:00+00:00,175.73,175.805,175.7109,515,175.781,46733,175.756876
2023-09-25 18:46:00+00:00,175.83,175.85,175.745,661,175.75,63550,175.802082
2023-09-25 18:47:00+00:00,175.7014,175.825,175.69,572,175.825,54023,175.734264
2023-09-25 18:48:00+00:00,175.74,175.76,175.61,783,175.7,73298,175.681819
2023-09-25 18:49:00+00:00,175.69,175.755,175.68,568,175.74,52028,175.718672
2023-09-25 18:50:00+00:00,175.56,175.69,175.55,859,175.68,99816,175.633691
2023-09-25 18:51:00+00:00,175.65,175.66,175.51,749,175.5682,102735,175.607793
2023-09-25 18:52:00+00:00,175.6209,175.695,175.584,675,175.65,70340,175.632742
2023-09-25 18:53:00+00:00,175.72,175.72,175.6,528,175.62,63210,175.660507
2023-09-25 18:54:00+00:00,175.645,175.7658,175.61,735,175.72,74106,175.681226
2023-09-25 18:55:00+00:00,175.61,175.688,175.61,546,175.64,48471,175.643532
2023-09-25 18:56:00+00:00,175.56,175.6,175.48,1244,175.6,121238,175.536609
2023-09-25 18:57:00+00:00,175.5588,175.64,175.54,1118,175.56,118726,175.583091
2023-09-25 18:58:00+00:00,175.56,175.6,175.48,511,175.5599,44919,175.53604
2023-09-25 18:59:00+00:00,175.55,175.59,175.54,446,175.56,39039,175.561195
2023-09-25 19:00:00+00:00,175.57,175.57,175.5,596,175.555,69538,175.53568
2023-09-25 19:01:00+00:00,175.31,175.59,175.31,1304,175.5685,123329,175.470425
2023-09-25 19:02:00+00:00,175.2818,175.379,175.26,1188,175.33,121929,175.31046
2023-09-25 19:03:00+00:00,175.21,175.3592,175.16,1346,175.27,151751,175.26142
2023-09-25 19:04:00+00:00,175.275,175.335,175.2,660,175.2,61008,175.268291
2023-09-25 19:05:00+00:00,175.21,175.3,175.21,865,175.275,80872,175.269208
2023-09-25 19:06:00+00:00,175.16,175.23,175.1,1276,175.21,119099,175.160476
2023-09-25 19:07:00+00:00,175.08,175.16,175.07,796,175.16,82808,175.110249
2023-09-25 19:08:00+00:00,175.01,175.09,174.97,1941,175.0705,206905,175.023766
2023-09-25 19:09:00+00:00,175.055,175.1,174.97,835,175.0,100307,175.025057
2023-09-25 19:10:00+00:00,175.09,175.19,175.01,1186,175.04,162521,175.127074
2023-09-25 19:11:00+00:00,175.0751,175.15,175.065,878,175.1,82148,175.09926
2023-09-25 19:12:00+00:00,175.1899,175.1899,175.03,1243,175.07,142641,175.12486
2023-09-25 19:13:00+00:00,175.11,175.1785,175.07,695,175.171,73453,175.118302
2023-09-25 19:14:00+00:00,175.2699,175.29,175.1,839,175.11,89438,175.202175
2023-09-25 19:15:00+00:00,175.4101,175.43,175.2428,1007,175.26,123657,175.357805
2023-09-25 19:16:00+00:00,175.6645,175.68,175.42,1661,175.42,255916,175.57746
2023-09-25 19:17:00+00:00,175.61,175.6655,175.575,971,175.65,118464,175.621361
2023-09-25 19:18:00+00:00,175.45,175.61,175.45,1525,175.61,178647,175.510908
2023-09-25 19:19:00+00:00,175.5459,175.55,175.45,781,175.45,64308,175.488436
2023-09-25 19:20:00+00:00,175.4843,175.549,175.43,700,175.535,85188,175.477399
2023-09-25 19:21:00+00:00,175.5836,175.64,175.45,905,175.47,158367,175.573246
2023-09-25 19:22:00+00:00,175.6262,175.65,175.59,675,175.6,105697,175.624848
2023-09-25 19:23:00+00:00,175.485,175.635,175.48,814,175.62,82822,175.565856
2023-09-25 19:24:00+00:00,175.51,175.5714,175.43,732,175.48,72302,175.49996
2023-09-25 19:25:00+00:00,175.48,175.54,175.44,850,175.51,75013,175.489168
2023-09-25 19:26:00+00:00,175.505,175.5599,175.48,503,175.48,43358,175.513001
2023-09-25 19:27:00+00:00,175.475,175.5,175.4301,707,175.5,65388,175.468615
2023-09-25 19:28:00+00:00,175.39,175.495,175.35,950,175.47,103288,175.42511
2023-09-25 19:29:00+00:00,175.6105,175.6168,175.38,1061,175.395,122583,175.493348
2023-09-25 19:30:00+00:00,175.515,175.61,175.4601,1279,175.61,116549,175.543974
2023-09-25 19:31:00+00:00,175.555,175.58,175.491,955,175.52,111914,175.557325
2023-09-25 19:32:00+00:00,175.66,175.66,175.54,929,175.55,89348,175.603894
2023-09-25 19:33:00+00:00,175.64,175.665,175.51,1098,175.65,92985,175.603383
2023-09-25 19:34:00+00:00,175.57,175.65,175.54,810,175.645,114210,175.585568
2023-09-25 19:35:00+00:00,175.5828,175.59,175.49,930,175.57,82753,175.528195
2023-09-25 19:36:00+00:00,175.58,175.63,175.56,947,175.58,77931,175.596578
2023-09-25 19:37:00+00:00,175.56,175.58,175.5,687,175.57,55426,175.540173
2023-09-25 19:38:00+00:00,175.665,175.67,175.54,802,175.555,107408,175.602286
2023-09-25 19:39:00+00:00,175.75,175.78,175.66,1484,175.665,207775,175.736267
2023-09-25 19:40:00+00:00,175.7,175.81,175.69,1234,175.75,132322,175.763283
2023-09-25 19:41:00+00:00,175.69,175.73,175.64,1045,175.695,106080,175.674086
2023-09-25 19:42:00+00:00,175.625,175.69,175.59,836,175.675,83892,175.650764
2023-09-25 19:43:00+00:00,175.54,175.631,175.5,896,175.625,82196,175.552188
2023-09-25 19:44:00+00:00,175.485,175.57,175.46,955,175.5499,87427,175.512018
2023-09-25 19:45:00+00:00,175.54,175.55,175.44,954,175.485,91055,175.502163
2023-09-25 19:46:00+00:00,175.5099,175.59,175.49,1074,175.54,95482,175.543027
2023-09-25 19:47:00+00:00,175.51,175.54,175.46,892,175.5,81234,175.498139
2023-09-25 19:48:00+00:00,175.54,175.57,175.5,884,175.5,80348,175.535851
2023-09-25 19:49:00+00:00,175.645,175.7,175.51,1115,175.53,92626,175.612069
2023-09-25 19:50:00+00:00,175.87,175.87,175.603,1991,175.645,204230,175.710672
2023-09-25 19:51:00+00:00,175.635,175.9,175.59,1726,175.87,169683,175.729188
2023-09-25 19:52:00+00:00,175.66,175.68,175.59,1479,175.62,125906,175.632587
2023-09-25 19:53:00+00:00,175.53,175.66,175.49,1841,175.66,175591,175.554431
2023-09-25 19:54:00+00:00,175.485,175.53,175.37,2358,175.53,219595,175.464942
2023-09-25 19:55:00+00:00,175.8316,175.84,175.47,2281,175.48,259308,175.621459
2023-09-25 19:56:00+00:00,176.04,176.04,175.8,3001,175.835,356793,175.909191
2023-09-25 19:57:00+00:00,176.025,176.15,175.98,2648,176.03,288820,176.049458
2023-09-25 19:58:00+00:00,176.005,176.05,175.955,2555,176.025,294875,176.010389
2023-09-25 19:59:00+00:00,176.09,176.13,175.96,5180,176.005,625169,176.045604
2023-09-25 20:00:00+00:00,176.2,176.2,176.08,191,176.08,4555926,176.080118
2023-09-25 20:01:00+00:00,176.36,176.4,176.2,189,176.21,33276,176.147016
2023-09-25 20:02:00+00:00,176.36,176.39,176.31,250,176.36,87651,176.158382
2023-09-25 20:03:00+00:00,176.28,176.5,176.25,131,176.34,15258,176.276403
2023-09-25 20:04:00+00:00,176.09,176.27,176.08,192,176.27,25257,176.135054
2023-09-25 20:05:00+00:00,176.29,176.29,176.08,32,176.15,85491,176.08508
2023-09-25 20:06:00+00:00,176.08,176.22,176.08,32,176.22,4556,176.101097
2023-09-25 20:07:00+00:00,176.19,176.23,176.19,45,176.23,3238,176.209453
2023-09-25 20:08:00+00:00,176.15,176.19,176.08,41,176.19,6239,176.095783
2023-09-25 20:09:00+00:00,176.18,176.18,176.11,43,176.15,5566,176.120023
2023-09-25 20:10:00+00:00,176.12,176.15,176.08,22,176.08,13909,176.083147
2023-09-25 20:11:00+00:00,176.18,176.18,176.18,22,176.18,444,176.181081
2023-09-25 20:12:00+00:00,176.1895,176.1895,176.15,17,176.18,1182,176.179442
2023-09-25 20:13:00+00:00,176.19,176.2,176.19,25,176.19,2211,176.193967
2023-09-25 20:14:00+00:00,176.2,176.23,176.2,28,176.2,3186,176.213487
2023-09-25 20:15:00+00:00,176.2,176.22,176.2,32,176.2,1615,176.205755
2023-09-25 20:16:00+00:00,176.22,176.27,176.22,19,176.25,1000,176.2442
2023-09-25 20:17:00+00:00,176.27,176.27,176.27,23,176.27,299,176.264326
2023-09-25 20:18:00+00:00,176.27,176.27,176.27,18,176.27,254,176.265825
2023-09-25 20:19:00+00:00,176.25,176.26,176.25,27,176.26,398,176.255212
2023-09-25 20:20:00+00:00,176.22,176.25,176.22,29,176.24,1439,176.237388
2023-09-25 20:21:00+00:00,176.27,176.27,176.23,30,176.23,2598,176.246236
2023-09-25 20:22:00+00:00,176.3,176.38,176.29,90,176.29,12012,176.364476
2023-09-25 20:24:00+00:00,176.2,176.3,176.2,73,176.3,9166,176.229504
2023-09-25 20:25:00+00:00,176.23,176.23,176.23,16,176.23,137,176.230146
2023-09-25 20:27:00+00:00,176.2,176.23,176.2,21,176.23,319,176.222868
2023-09-25 20:29:00+00:00,176.21,176.21,176.21,11,176.21,160,176.217375
2023-09-25 20:32:00+00:00,176.23,176.24,176.23,20,176.24,234,176.233056
2023-09-25 20:33:00+00:00,176.22,176.22,176.22,20,176.22,1915,176.112219
2023-09-25 20:34:00+00:00,176.22,176.2201,176.22,13,176.2201,1251,176.220049
2023-09-25 20:36:00+00:00,176.29,176.38,176.24,43,176.24,3006,176.299375
2023-09-25 20:37:00+00:00,176.27,176.31,176.27,18,176.27,1073,176.287182
2023-09-25 20:38:00+00:00,176.27,176.27,176.27,22,176.27,220,176.27637
2023-09-25 20:39:00+00:00,176.28,176.31,176.2791,34,176.31,2127,176.288107
2023-09-25 20:40:00+00:00,176.28,176.28,176.28,22,176.28,260,176.280385
2023-09-25 20:41:00+00:00,176.3,176.31,176.27,30,176.31,1008,176.292635
2023-09-25 20:42:00+00:00,176.31,176.31,176.31,25,176.31,563,176.310143
2023-09-25 20:43:00+00:00,176.32,176.32,176.32,14,176.32,292,176.317825
2023-09-25 20:44:00+00:00,176.3,176.3,176.3,15,176.3,484,176.300661
2023-09-25 20:46:00+00:00,176.31,176.31,176.31,15,176.31,197,176.307284
2023-09-25 20:47:00+00:00,176.31,176.31,176.31,15,176.31,3053,176.310116
2023-09-25 20:48:00+00:00,176.31,176.31,176.31,13,176.31,147,176.310865
2023-09-25 20:50:00+00:00,176.33,176.33,176.32,28,176.32,769,176.320975
2023-09-25 20:51:00+00:00,176.32,176.32,176.32,14,176.32,478,176.32023
2023-09-25 20:52:00+00:00,176.32,176.32,176.08,13,176.08,33182,176.082211
2023-09-25 20:55:00+00:00,176.3294,176.3294,176.3,10,176.3,362,176.309006
2023-09-25 20:57:00+00:00,176.3,176.34,176.3,27,176.34,1020,176.304191
2023-09-25 20:58:00+00:00,176.29,176.29,176.29,18,176.29,768,176.294825
2023-09-25 21:01:00+00:00,176.32,176.32,176.32,25,176.32,329,176.312027
2023-09-25 21:02:00+00:00,176.28,176.3,176.28,29,176.3,894,176.284937
2023-09-25 21:04:00+00:00,176.25,176.28,176.25,32,176.28,5324,176.278885
2023-09-25 21:05:00+00:00,176.2203,176.25,176.22,41,176.24,4937,176.240492
2023-09-25 21:06:00+00:00,176.22,176.22,176.22,12,176.22,144,176.226563
2023-09-25 21:07:00+00:00,176.23,176.23,176.23,15,176.23,209,176.229545
2023-09-25 21:08:00+00:00,176.23,176.24,176.21,22,176.23,4279,176.222743
2023-09-25 21:09:00+00:00,176.23,176.23,176.23,18,176.23,1324,176.226822
2023-09-25 21:10:00+00:00,176.22,176.22,176.1203,51,176.2,6494,176.197262
2023-09-25 21:12:00+00:00,176.18,176.18,176.18,15,176.18,231,176.182229
2023-09-25 21:14:00+00:00,176.17,176.17,176.17,18,176.17,1795,176.170255
2023-09-25 21:15:00+00:00,176.18,176.19,176.17,15,176.17,1175,176.175489
2023-09-25 21:16:00+00:00,176.189,176.189,176.1512,17,176.1512,557,176.172259
2023-09-25 21:17:00+00:00,176.17,176.17,176.16,18,176.16,648,176.167902
2023-09-25 21:19:00+00:00,176.0954,176.15,176.0954,40,176.14,3948,176.1176
2023-09-25 21:20:00+00:00,176.092,176.1,176.08,30,176.1,2135,176.096099
2023-09-25 21:22:00+00:00,176.1,176.1,176.08,30,176.09,1234,176.091239
2023-09-25 21:23:00+00:00,176.09,176.1,176.09,23,176.1,1450,176.096189
2023-09-25 21:24:00+00:00,176.12,176.12,176.1,28,176.1,926,176.102484
2023-09-25 21:25:00+00:00,176.1,176.11,176.1,16,176.11,240,176.10975
2023-09-25 21:26:00+00:00,176.14,176.14,176.13,13,176.14,952,176.137484
2023-09-25 21:27:00+00:00,176.13,176.13,176.11,17,176.11,26121,176.080902
2023-09-25 21:28:00+00:00,176.1,176.1,176.1,34,176.1,557,176.107415
2023-09-25 21:29:00+00:00,176.08,176.08,176.08,12,176.08,476,176.08185
2023-09-25 21:30:00+00:00,176.12,176.12,176.12,18,176.12,587,176.118945
2023-09-25 21:33:00+00:00,176.16,176.16,176.1466,13,176.1466,561,176.150392
2023-09-25 21:35:00+00:00,176.11,176.1187,176.11,16,176.1187,649,176.12141
2023-09-25 21:37:00+00:00,176.15,176.15,176.15,11,176.15,123,176.148943
2023-09-25 21:38:00+00:00,176.15,176.15,176.15,10,176.15,1606,176.149866
2023-09-25 21:43:00+00:00,176.15,176.15,176.14,15,176.14,943,176.145186
2023-09-25 21:46:00+00:00,176.15,176.15,176.15,19,176.15,228,176.157197
2023-09-25 21:54:00+00:00,176.15,176.15,176.15,17,176.15,346,176.181171
2023-09-25 21:57:00+00:00,176.16,176.2,176.15,23,176.2,644,176.183253
2023-09-25 21:58:00+00:00,176.16,176.16,176.16,21,176.16,281,176.167817
2023-09-25 22:00:00+00:00,176.17,176.17,176.15,27,176.15,3787,176.150611
2023-09-25 22:02:00+00:00,176.14,176.14,176.14,21,176.14,284,176.144982
2023-09-25 22:07:00+00:00,176.15,176.15,176.15,11,176.15,174,176.156437
2023-09-25 22:09:00+00:00,176.18,176.18,176.18,15,176.18,253,176.179374
2023-09-25 22:11:00+00:00,176.19,176.19,176.19,7,176.19,372,176.189852
2023-09-25 22:14:00+00:00,176.16,176.1945,176.15,21,176.1945,1561,176.158258
2023-09-25 22:17:00+00:00,176.13,176.13,176.11,13,176.11,429,176.12042
2023-09-25 22:18:00+00:00,176.11,176.11,176.11,14,176.11,538,176.110195
2023-09-25 22:19:00+00:00,176.11,176.11,176.11,11,176.11,471,176.110372
2023-09-25 22:20:00+00:00,176.11,176.11,176.11,9,176.11,189,176.111508
2023-09-25 22:21:00+00:00,176.14,176.14,176.11,8,176.11,208,176.125192
2023-09-25 22:23:00+00:00,176.1499,176.1499,176.13,12,176.13,525,176.136246
2023-09-25 22:25:00+00:00,176.1301,176.1301,176.1301,8,176.1301,514,176.13037
2023-09-25 22:26:00+00:00,176.15,176.15,176.15,10,176.15,836,176.149988
2023-09-25 22:27:00+00:00,176.17,176.17,176.16,10,176.16,688,176.158808
2023-09-25 22:29:00+00:00,176.19,176.19,176.19,16,176.19,1166,176.188829
2023-09-25 22:32:00+00:00,176.18,176.18,176.18,7,176.18,133,176.178421
2023-09-25 22:36:00+00:00,176.19,176.19,176.14,10,176.14,369,176.157019
2023-09-25 22:38:00+00:00,176.2,176.2,176.18,22,176.18,1088,176.186585
2023-09-25 22:39:00+00:00,176.2,176.2,176.19,13,176.19,828,176.194994
2023-09-25 22:40:00+00:00,176.2,176.2,176.2,7,176.2,221,176.199118
2023-09-25 22:43:00+00:00,176.19,176.19,176.19,14,176.19,317,176.195473
2023-09-25 22:45:00+00:00,176.2,176.2,176.2,14,176.2,948,176.199768
2023-09-25 22:50:00+00:00,176.14,176.18,176.14,22,176.18,976,176.167853
2023-09-25 22:53:00+00:00,176.14,176.14,176.14,16,176.14,807,176.143606
2023-09-25 22:54:00+00:00,176.18,176.18,176.18,9,176.18,115,176.177565
2023-09-25 22:57:00+00:00,176.1415,176.1415,176.1415,10,176.1415,168,176.1525
2023-09-25 23:01:00+00:00,176.11,176.14,176.11,22,176.14,926,176.128904
2023-09-25 23:02:00+00:00,176.17,176.17,176.17,7,176.17,203,176.169631
2023-09-25 23:06:00+00:00,176.1,176.12,176.1,35,176.12,2195,176.114251
2023-09-25 23:08:00+00:00,176.11,176.11,176.11,13,176.11,226,176.11104
2023-09-25 23:09:00+00:00,176.08,176.08,176.08,53,176.08,3405,176.080733
2023-09-25 23:10:00+00:00,176.0,176.08,176.0,58,176.08,5923,176.027767
2023-09-25 23:11:00+00:00,175.97,175.97,175.97,24,175.97,494,175.982095
2023-09-25 23:12:00+00:00,175.99,175.99,175.99,11,175.99,184,175.991848
2023-09-25 23:14:00+00:00,176.0,176.0,176.0,10,176.0,1939,175.999933
2023-09-25 23:15:00+00:00,176.08,176.08,176.06,21,176.08,1803,176.074021
2023-09-25 23:21:00+00:00,176.1,176.11,176.1,12,176.11,872,176.10512
2023-09-25 23:23:00+00:00,176.0988,176.1,176.0988,12,176.1,542,176.098351
2023-09-25 23:24:00+00:00,176.1,176.1,176.1,11,176.1,274,176.098978
2023-09-25 23:28:00+00:00,176.06,176.06,176.06,22,176.06,1048,176.062261
2023-09-25 23:29:00+00:00,176.06,176.06,176.06,8,176.06,679,176.060766
2023-09-25 23:39:00+00:00,176.05,176.09,176.05,22,176.09,1437,176.080912
2023-09-25 23:41:00+00:00,176.09,176.09,176.09,15,176.09,173,176.088957
2023-09-25 23:42:00+00:00,176.09,176.09,176.08,11,176.09,463,176.086674
2023-09-25 23:44:00+00:00,176.1,176.1,176.1,8,176.1,487,176.099713
2023-09-25 23:45:00+00:00,176.1,176.1,176.1,12,176.1,1827,176.09991
2023-09-25 23:46:00+00:00,176.13,176.13,176.13,12,176.13,4144,176.129976
2023-09-25 23:47:00+00:00,176.1,176.13,176.1,20,176.1,1322,176.108082
2023-09-25 23:48:00+00:00,176.13,176.13,176.08,8,176.08,728,176.100776
2023-09-25 23:50:00+00:00,176.12,176.12,176.12,12,176.12,232,176.12528
2023-09-25 23:52:00+00:00,176.1,176.11,176.1,16,176.11,1017,176.105713
2023-09-25 23:53:00+00:00,176.1,176.1,176.1,20,176.1,290,176.093241
2023-09-25 23:54:00+00:00,176.1,176.1,176.1,16,176.1,427,176.096838
2023-09-25 23:55:00+00:00,176.1,176.1,176.1,13,176.1,327,176.100245
2023-09-25 23:56:00+00:00,176.08,176.13,176.08,39,176.12,2993,176.088328
2023-09-25 23:57:00+00:00,176.1,176.1,176.05,23,176.08,948,176.078349
2023-09-25 23:59:00+00:00,176.13,176.14,176.1,59,176.1,3696,176.130511
