timestamp,close,high,low,trade_count,open,volume,vwap
2023-06-08 08:00:00+00:00,177.69,177.69,177.69,66,177.69,948,177.375348
2023-06-08 08:01:00+00:00,177.21,177.4,177.21,39,177.4,1574,177.245826
2023-06-08 08:04:00+00:00,177.32,177.36,177.3,15,177.3,1073,177.3215
2023-06-08 08:05:00+00:00,177.23,177.23,177.23,17,177.23,342,177.237339
2023-06-08 08:06:00+00:00,177.3,177.3,177.27,15,177.27,530,177.297962
2023-06-08 08:08:00+00:00,177.23,177.23,177.23,10,177.23,639,177.234241
2023-06-08 08:10:00+00:00,177.39,177.39,177.32,35,177.33,2197,177.360114
2023-06-08 08:11:00+00:00,177.36,177.4,177.36,23,177.38,819,177.387424
2023-06-08 08:16:00+00:00,177.42,177.42,177.42,18,177.42,481,177.417588
2023-06-08 08:19:00+00:00,177.48,177.48,177.48,17,177.48,523,177.491128
2023-06-08 08:25:00+00:00,177.6,177.61,177.6,40,177.61,1438,177.609423
2023-06-08 08:26:00+00:00,177.67,177.67,177.64,16,177.64,788,177.653591
2023-06-08 08:29:00+00:00,177.65,177.65,177.65,18,177.65,464,177.650647
2023-06-08 08:35:00+00:00,177.77,177.77,177.77,12,177.77,1045,177.770852
2023-06-08 08:39:00+00:00,177.75,177.75,177.75,7,177.75,176,177.750511
2023-06-08 08:48:00+00:00,177.7,177.7,177.7,10,177.7,227,177.704758
2023-06-08 08:49:00+00:00,177.65,177.7,177.65,41,177.7,1161,177.6777
2023-06-08 08:50:00+00:00,177.64,177.64,177.64,13,177.64,647,177.64085
2023-06-08 08:52:00+00:00,177.61,177.61,177.61,5,177.61,406,177.610616
2023-06-08 08:59:00+00:00,177.77,177.77,177.74,16,177.74,1135,177.746291
2023-06-08 09:11:00+00:00,177.82,177.82,177.82,18,177.82,911,177.819396
2023-06-08 09:13:00+00:00,177.9,177.9,177.9,5,177.9,104,177.9
2023-06-08 09:14:00+00:00,177.91,177.91,177.89,24,177.89,1019,177.900373
2023-06-08 09:17:00+00:00,177.91,177.91,177.91,16,177.91,1903,177.910499
2023-06-08 09:18:00+00:00,177.91,177.91,177.91,11,177.91,646,177.909644
2023-06-08 09:19:00+00:00,177.88,177.88,177.88,8,177.88,138,177.890942
2023-06-08 09:24:00+00:00,177.99,177.99,177.99,19,177.99,402,177.982264
2023-06-08 09:32:00+00:00,177.98,177.98,177.98,10,177.98,167,177.973772
2023-06-08 09:34:00+00:00,177.99,177.99,177.99,6,177.99,148,177.986284
2023-06-08 09:35:00+00:00,177.89,177.93,177.89,20,177.93,655,177.911176
2023-06-08 09:39:00+00:00,178.03,178.03,178.03,35,178.03,572,178.004336
2023-06-08 09:40:00+00:00,178.1,178.1,178.1,5,178.1,118,178.100254
2023-06-08 09:42:00+00:00,178.16,178.16,178.16,20,178.16,807,178.156543
2023-06-08 09:44:00+00:00,178.25,178.25,178.25,11,178.25,429,178.250117
2023-06-08 09:49:00+00:00,178.25,178.25,178.19,11,178.19,411,178.222263
2023-06-08 09:50:00+00:00,178.27,178.27,178.24,15,178.24,1633,178.259976
2023-06-08 09:51:00+00:00,178.27,178.27,178.26,5,178.26,1020,178.265
2023-06-08 09:54:00+00:00,178.27,178.27,178.22,27,178.22,1143,178.244173
2023-06-08 09:55:00+00:00,178.27,178.27,178.27,28,178.27,2881,178.269986
2023-06-08 10:00:00+00:00,178.01,178.01,178.01,43,178.01,617,178.023079
2023-06-08 10:01:00+00:00,178.01,178.02,178.01,9,178.02,416,177.999663
2023-06-08 10:04:00+00:00,178.03,178.07,178.03,15,178.07,768,178.055742
2023-06-08 10:10:00+00:00,178.12,178.12,178.12,10,178.12,262,178.127481
2023-06-08 10:11:00+00:00,178.19,178.19,178.19,14,178.19,393,178.176768
2023-06-08 10:16:00+00:00,178.36,178.36,178.36,23,178.36,665,178.345925
2023-06-08 10:17:00+00:00,178.17,178.17,178.17,24,178.17,753,178.193147
2023-06-08 10:18:00+00:00,178.26,178.26,178.26,7,178.26,246,178.259228
2023-06-08 10:23:00+00:00,178.17,178.17,178.17,26,178.17,547,178.195759
2023-06-08 10:31:00+00:00,178.02,178.03,178.02,41,178.03,1031,178.046188
2023-06-08 10:36:00+00:00,178.05,178.05,178.03,13,178.04,713,178.042917
2023-06-08 10:37:00+00:00,178.1,178.1,178.1,4,178.1,116,178.104138
2023-06-08 10:38:00+00:00,178.15,178.15,178.15,13,178.15,851,178.14973
2023-06-08 10:39:00+00:00,178.11,178.11,178.11,10,178.11,277,178.121588
2023-06-08 10:41:00+00:00,178.11,178.11,178.11,5,178.11,208,178.110769
2023-06-08 10:43:00+00:00,178.03,178.08,178.03,15,178.08,503,178.063559
2023-06-08 10:46:00+00:00,178.15,178.15,178.04,31,178.04,1235,178.067611
2023-06-08 10:47:00+00:00,178.0,178.01,177.99,82,178.01,1837,178.002118
2023-06-08 10:48:00+00:00,178.15,178.15,178.12,23,178.12,1259,178.130969
2023-06-08 10:50:00+00:00,178.0,178.0,178.0,12,178.0,851,177.997732
2023-06-08 10:53:00+00:00,177.83,178.0,177.83,60,178.0,1650,177.936521
2023-06-08 10:54:00+00:00,177.91,177.91,177.91,19,177.91,486,177.922819
2023-06-08 11:00:00+00:00,178.05,178.1,177.9,158,177.94,7462,177.985539
2023-06-08 11:01:00+00:00,178.0,178.07,178.0,33,178.07,4104,178.042074
2023-06-08 11:04:00+00:00,178.05,178.05,178.05,29,178.05,1806,178.062243
2023-06-08 11:06:00+00:00,178.05,178.05,178.02,26,178.02,1707,178.038248
2023-06-08 11:07:00+00:00,178.04,178.04,178.04,14,178.04,331,178.051118
2023-06-08 11:08:00+00:00,177.87,178.02,177.87,115,178.02,9191,177.996366
2023-06-08 11:09:00+00:00,177.89,177.89,177.89,6,177.89,1141,177.891411
2023-06-08 11:11:00+00:00,177.86,177.94,177.86,48,177.94,2715,177.887761
2023-06-08 11:12:00+00:00,177.85,177.9,177.85,62,177.9,4175,177.855054
2023-06-08 11:13:00+00:00,177.74,177.81,177.74,84,177.81,2407,177.770141
2023-06-08 11:14:00+00:00,177.75,177.76,177.75,17,177.76,2658,177.753582
2023-06-08 11:15:00+00:00,177.75,177.75,177.75,38,177.75,1562,177.745493
2023-06-08 11:16:00+00:00,177.75,177.75,177.75,33,177.75,1712,177.749404
2023-06-08 11:17:00+00:00,177.8,177.8,177.8,5,177.8,165,177.811818
2023-06-08 11:18:00+00:00,177.8,177.84,177.8,19,177.84,1481,177.812424
2023-06-08 11:19:00+00:00,177.79,177.79,177.79,27,177.79,875,177.783063
2023-06-08 11:20:00+00:00,177.85,177.85,177.8,10,177.8,452,177.829757
2023-06-08 11:21:00+00:00,177.85,177.85,177.85,13,177.85,395,177.85
2023-06-08 11:22:00+00:00,177.85,177.85,177.85,22,177.85,1328,177.849623
2023-06-08 11:25:00+00:00,177.82,177.82,177.82,11,177.82,652,177.820153
2023-06-08 11:29:00+00:00,177.79,177.86,177.79,81,177.83,3581,177.825378
2023-06-08 11:31:00+00:00,177.82,177.82,177.82,16,177.82,816,177.808002
2023-06-08 11:32:00+00:00,177.72,177.75,177.72,42,177.75,1711,177.735114
2023-06-08 11:33:00+00:00,177.7,177.71,177.7,38,177.71,810,177.708914
2023-06-08 11:35:00+00:00,177.65,177.66,177.65,83,177.66,793,177.666066
2023-06-08 11:36:00+00:00,177.52,177.61,177.52,186,177.6,4796,177.568119
2023-06-08 11:38:00+00:00,177.6,177.6,177.6,16,177.6,480,177.579958
2023-06-08 11:39:00+00:00,177.67,177.67,177.6,78,177.6,2511,177.62002
2023-06-08 11:41:00+00:00,177.65,177.65,177.65,59,177.65,3316,177.652587
2023-06-08 11:43:00+00:00,177.68,177.68,177.67,37,177.67,923,177.675872
2023-06-08 11:45:00+00:00,177.67,177.67,177.67,19,177.67,511,177.682329
2023-06-08 11:47:00+00:00,177.65,177.68,177.65,52,177.68,1782,177.660107
2023-06-08 11:49:00+00:00,177.65,177.65,177.65,11,177.65,587,177.64879
2023-06-08 11:51:00+00:00,177.65,177.65,177.65,14,177.65,2191,177.654665
2023-06-08 11:52:00+00:00,177.7,177.7,177.69,25,177.69,1600,177.701706
2023-06-08 11:53:00+00:00,177.75,177.76,177.75,25,177.76,1295,177.759413
2023-06-08 11:54:00+00:00,177.75,177.75,177.75,23,177.75,225,177.752356
2023-06-08 12:00:00+00:00,177.76,178.1,177.5,431,177.99,29737,177.786655
2023-06-08 12:01:00+00:00,177.08,178.2685,176.58,1346,177.18,17454,177.442389
2023-06-08 12:02:00+00:00,177.2,177.71,176.87,515,176.87,4796,177.395619
2023-06-08 12:04:00+00:00,177.75,177.76,177.75,46,177.751,928,177.753309
2023-06-08 12:05:00+00:00,177.77,177.77,177.69,89,177.71,3804,177.708672
2023-06-08 12:08:00+00:00,177.67,177.68,177.6501,31,177.68,2448,177.66356
2023-06-08 12:09:00+00:00,177.7,177.7,177.7,42,177.7,651,177.696975
2023-06-08 12:10:00+00:00,177.67,177.72,177.67,67,177.67,4497,177.68239
2023-06-08 12:11:00+00:00,177.63,177.7,177.63,28,177.65,2010,177.64547
2023-06-08 12:12:00+00:00,177.6,177.63,177.6,73,177.63,2608,177.62561
2023-06-08 12:13:00+00:00,177.52,177.6,177.52,70,177.59,3560,177.569146
2023-06-08 12:14:00+00:00,177.5154,177.5154,177.5154,41,177.5154,520,177.546315
2023-06-08 12:15:00+00:00,177.43,177.55,177.4,186,177.55,5458,177.456535
2023-06-08 12:16:00+00:00,177.52,177.52,177.44,79,177.44,1477,177.495693
2023-06-08 12:17:00+00:00,177.53,177.53,177.49,44,177.49,1534,177.507297
2023-06-08 12:18:00+00:00,177.5809,177.5809,177.5809,29,177.5809,369,177.55632
2023-06-08 12:19:00+00:00,177.5876,177.5876,177.5876,30,177.5876,426,177.573556
2023-06-08 12:20:00+00:00,177.56,177.5899,177.55,26,177.55,3452,177.56829
2023-06-08 12:21:00+00:00,177.48,177.57,177.48,159,177.54,4740,177.523759
2023-06-08 12:22:00+00:00,177.5,177.5,177.5,29,177.5,839,177.518144
2023-06-08 12:23:00+00:00,177.58,177.58,177.58,42,177.58,767,177.58731
2023-06-08 12:25:00+00:00,177.6,177.63,177.6,16,177.63,507,177.625661
2023-06-08 12:26:00+00:00,177.6,177.6,177.6,48,177.6,914,177.582127
2023-06-08 12:27:00+00:00,177.65,177.6583,177.6498,37,177.6583,1187,177.641357
2023-06-08 12:28:00+00:00,177.63,177.63,177.6299,30,177.63,1535,177.628727
2023-06-08 12:29:00+00:00,177.6,177.63,177.6,57,177.61,2123,177.609821
2023-06-08 12:30:00+00:00,177.79,177.79,177.6,234,177.65,12580,177.669538
2023-06-08 12:31:00+00:00,178.38,178.38,177.61,799,177.79,32805,177.878854
2023-06-08 12:32:00+00:00,178.15,178.5,178.02,143,178.47,7137,178.334503
2023-06-08 12:33:00+00:00,178.0,178.04,177.94,120,178.0075,4042,177.985043
2023-06-08 12:34:00+00:00,178.0,178.0,177.9101,87,178.0,4276,177.977544
2023-06-08 12:35:00+00:00,178.01,178.05,178.0,72,178.0,4527,178.01442
2023-06-08 12:36:00+00:00,178.15,178.15,178.0,159,178.01,8645,178.066117
2023-06-08 12:37:00+00:00,178.14,178.23,178.14,216,178.18,6583,178.171058
2023-06-08 12:38:00+00:00,178.09,178.09,178.06,57,178.06,2611,178.066944
2023-06-08 12:39:00+00:00,177.94,178.09,177.94,134,178.09,6245,178.006555
2023-06-08 12:40:00+00:00,177.92,177.94,177.92,43,177.94,993,177.938385
2023-06-08 12:41:00+00:00,177.89,177.91,177.84,106,177.91,3141,177.882177
2023-06-08 12:42:00+00:00,178.04,178.04,178.04,40,178.04,842,178.029033
2023-06-08 12:44:00+00:00,177.99,177.99,177.96,95,177.99,2591,177.960492
2023-06-08 12:45:00+00:00,177.95,178.0,177.9,80,178.0,3940,177.947923
2023-06-08 12:46:00+00:00,177.95,178.0,177.9,86,177.91,2782,177.937132
2023-06-08 12:48:00+00:00,178.1,178.1,177.97,262,177.97,19435,178.040926
2023-06-08 12:49:00+00:00,177.95,178.0,177.95,85,177.99,4366,177.981463
2023-06-08 12:50:00+00:00,178.0,178.01,177.96,49,177.96,1459,177.996484
2023-06-08 12:51:00+00:00,178.0486,178.0486,178.0,43,178.0,772,178.056538
2023-06-08 12:52:00+00:00,178.0193,178.1,178.0,96,178.0985,2029,178.028174
2023-06-08 12:53:00+00:00,178.09,178.09,178.09,32,178.09,2195,178.08233
2023-06-08 12:54:00+00:00,178.15,178.23,178.08,143,178.08,12921,178.139615
2023-06-08 12:55:00+00:00,177.58,178.03,177.57,457,178.03,19773,177.811522
2023-06-08 12:56:00+00:00,177.8,177.8,177.69,123,177.69,5428,177.761951
2023-06-08 12:57:00+00:00,177.84,177.84,177.84,46,177.84,886,177.869459
2023-06-08 12:58:00+00:00,177.94,177.96,177.89,68,177.96,3837,177.924596
2023-06-08 12:59:00+00:00,177.96,178.0,177.96,86,178.0,2248,177.975463
2023-06-08 13:00:00+00:00,178.0,178.0,177.93,87,177.93,6020,177.988048
2023-06-08 13:01:00+00:00,177.9,178.0,177.9,148,177.99,8891,177.967009
2023-06-08 13:02:00+00:00,177.8,177.8773,177.75,171,177.7825,8290,177.786384
2023-06-08 13:03:00+00:00,177.8,177.81,177.72,114,177.77,4495,177.788184
2023-06-08 13:04:00+00:00,177.8,177.82,177.8,72,177.8,2553,177.807446
2023-06-08 13:05:00+00:00,177.7,177.85,177.7,264,177.82,13053,177.747369
2023-06-08 13:06:00+00:00,177.72,177.74,177.71,74,177.74,4168,177.720926
2023-06-08 13:07:00+00:00,177.69,177.72,177.69,71,177.72,2984,177.700123
2023-06-08 13:08:00+00:00,177.68,177.7,177.65,98,177.69,2818,177.671969
2023-06-08 13:09:00+00:00,177.63,177.68,177.62,110,177.65,6539,177.650526
2023-06-08 13:10:00+00:00,177.6,177.63,177.57,122,177.62,12597,177.590912
2023-06-08 13:11:00+00:00,177.6022,177.61,177.58,64,177.58,4770,177.599926
2023-06-08 13:12:00+00:00,177.67,177.69,177.6,75,177.6,4983,177.662883
2023-06-08 13:13:00+00:00,177.65,177.7,177.61,89,177.6965,3163,177.642858
2023-06-08 13:14:00+00:00,177.7,177.7,177.64,78,177.7,2229,177.715253
2023-06-08 13:15:00+00:00,177.76,177.76,177.76,57,177.76,1750,177.763445
2023-06-08 13:16:00+00:00,177.69,177.8,177.69,69,177.77,3856,177.735824
2023-06-08 13:17:00+00:00,177.59,177.67,177.57,127,177.67,8245,177.600258
2023-06-08 13:18:00+00:00,177.59,177.6,177.57,71,177.59,3007,177.588378
2023-06-08 13:19:00+00:00,177.69,177.73,177.6,112,177.6,7181,177.68523
2023-06-08 13:20:00+00:00,177.66,177.66,177.6,99,177.66,3755,177.625511
2023-06-08 13:21:00+00:00,177.63,177.6591,177.63,44,177.6591,1421,177.65199
2023-06-08 13:22:00+00:00,177.65,177.66,177.65,49,177.66,1733,177.649584
2023-06-08 13:23:00+00:00,177.61,177.65,177.61,66,177.65,4986,177.628382
2023-06-08 13:24:00+00:00,177.64,177.64,177.62,41,177.62,920,177.633015
2023-06-08 13:25:00+00:00,177.62,177.63,177.55,89,177.55,2253,177.588093
2023-06-08 13:26:00+00:00,177.68,177.68,177.64,92,177.64,4995,177.668898
2023-06-08 13:27:00+00:00,177.53,177.66,177.51,194,177.64,16846,177.598684
2023-06-08 13:28:00+00:00,177.59,177.59,177.54,56,177.55,1444,177.585465
2023-06-08 13:29:00+00:00,177.89,177.96,177.78,172,177.78,14586,177.846339
2023-06-08 13:30:00+00:00,178.445,178.56,177.86,6844,177.89,852741,178.061803
2023-06-08 13:31:00+00:00,178.6099,178.73,178.23,3215,178.44,305243,178.500861
2023-06-08 13:32:00+00:00,178.525,178.68,178.33,2966,178.59,250503,178.492029
2023-06-08 13:33:00+00:00,178.61,178.75,178.25,2700,178.54,242878,178.478357
2023-06-08 13:34:00+00:00,178.2417,178.7099,178.2,2491,178.63,281743,178.494452
2023-06-08 13:35:00+00:00,178.45,178.54,178.11,2354,178.255,183419,178.300124
2023-06-08 13:36:00+00:00,178.49,178.71,178.4,2021,178.4641,190499,178.575481
2023-06-08 13:37:00+00:00,178.57,178.57,178.44,1703,178.51,141062,178.50861
2023-06-08 13:38:00+00:00,178.4088,178.65,178.39,1770,178.58,150496,178.520778
2023-06-08 13:39:00+00:00,178.28,178.43,178.2,1751,178.415,156285,178.328458
2023-06-08 13:40:00+00:00,178.23,178.3,178.12,2068,178.29,179931,178.212258
2023-06-08 13:41:00+00:00,178.47,178.6,178.22,2373,178.2335,202409,178.475343
2023-06-08 13:42:00+00:00,178.5999,178.64,178.46,1662,178.4733,155691,178.557481
2023-06-08 13:43:00+00:00,178.425,178.605,178.36,1765,178.605,137641,178.479676
2023-06-08 13:44:00+00:00,178.38,178.495,178.35,1276,178.43,103264,178.428863
2023-06-08 13:45:00+00:00,178.18,178.37,178.16,1856,178.37,170984,178.252612
2023-06-08 13:46:00+00:00,178.0,178.22,177.88,3217,178.17,166032,178.06441
2023-06-08 13:47:00+00:00,178.2237,178.26,177.995,3363,177.995,116978,178.168398
2023-06-08 13:48:00+00:00,178.18,178.29,178.12,3605,178.23,110573,178.197812
2023-06-08 13:49:00+00:00,178.085,178.27,178.05,3677,178.19,132714,178.168844
2023-06-08 13:50:00+00:00,178.15,178.2,178.04,3346,178.09,104668,178.127313
2023-06-08 13:51:00+00:00,178.21,178.3,178.06,3764,178.15,165316,178.193357
2023-06-08 13:52:00+00:00,178.21,178.335,178.17,3738,178.21,135121,178.261223
2023-06-08 13:53:00+00:00,178.13,178.29,178.051,3873,178.2,140699,178.153779
2023-06-08 13:54:00+00:00,177.85,178.24,177.79,5162,178.13,227858,177.967408
2023-06-08 13:55:00+00:00,177.94,177.965,177.835,3791,177.84,178070,177.891538
2023-06-08 13:56:00+00:00,177.86,177.985,177.85,3739,177.95,184173,177.911968
2023-06-08 13:57:00+00:00,177.99,177.99,177.845,3549,177.85,163277,177.93291
2023-06-08 13:58:00+00:00,177.91,178.09,177.8433,3761,177.99,155615,177.947276
2023-06-08 13:59:00+00:00,177.86,177.9466,177.76,4068,177.9,225688,177.843383
2023-06-08 14:00:00+00:00,177.74,177.99,177.57,4822,177.865,281384,177.737138
2023-06-08 14:01:00+00:00,177.8289,177.84,177.6301,4091,177.75,165271,177.744891
2023-06-08 14:02:00+00:00,177.73,177.89,177.72,3422,177.83,122230,177.790598
2023-06-08 14:03:00+00:00,177.66,177.735,177.46,4485,177.73,240516,177.616395
2023-06-08 14:04:00+00:00,177.79,177.79,177.605,4104,177.65,203015,177.716051
2023-06-08 14:05:00+00:00,178.01,178.03,177.75,4129,177.78,195468,177.893715
2023-06-08 14:06:00+00:00,178.06,178.17,178.0001,3999,178.005,162810,178.094619
2023-06-08 14:07:00+00:00,177.98,178.11,177.97,3423,178.05,145201,178.037285
2023-06-08 14:08:00+00:00,177.845,177.9855,177.79,3589,177.98,154150,177.882829
2023-06-08 14:09:00+00:00,177.88,177.91,177.74,3746,177.845,188471,177.834014
2023-06-08 14:10:00+00:00,177.97,178.0,177.88,3215,177.88,88229,177.944744
2023-06-08 14:11:00+00:00,177.96,178.01,177.94,3174,177.9575,86628,177.977126
2023-06-08 14:12:00+00:00,178.0,178.01,177.9,3213,177.9615,105676,177.957448
2023-06-08 14:13:00+00:00,178.06,178.105,177.95,3738,178.0,171850,178.033992
2023-06-08 14:14:00+00:00,178.0999,178.1,177.96,3526,178.06,140719,178.049272
2023-06-08 14:15:00+00:00,178.3,178.35,178.095,3977,178.1,231811,178.201828
2023-06-08 14:16:00+00:00,178.17,178.34,178.17,3409,178.31,158125,178.277903
2023-06-08 14:17:00+00:00,178.1437,178.2699,178.135,3280,178.18,111160,178.183363
2023-06-08 14:18:00+00:00,178.05,178.21,178.035,3326,178.135,102192,178.123938
2023-06-08 14:19:00+00:00,178.04,178.06,177.945,3074,178.05,91159,178.006207
2023-06-08 14:20:00+00:00,178.1507,178.17,178.05,2947,178.05,74975,178.116365
2023-06-08 14:21:00+00:00,178.19,178.19,178.07,3011,178.15,87110,178.152388
2023-06-08 14:22:00+00:00,178.22,178.23,178.12,2973,178.2,72639,178.181576
2023-06-08 14:23:00+00:00,178.33,178.35,178.2,3322,178.22,144154,178.280791
2023-06-08 14:24:00+00:00,178.38,178.395,178.32,3510,178.34,116178,178.362301
2023-06-08 14:25:00+00:00,178.38,178.4,178.27,1593,178.37,90992,178.349224
2023-06-08 14:26:00+00:00,178.47,178.54,178.37,1733,178.38,167157,178.48694
2023-06-08 14:27:00+00:00,178.46,178.51,178.3101,1322,178.45,120714,178.42003
2023-06-08 14:28:00+00:00,178.61,178.61,178.45,1230,178.45,108899,178.537764
2023-06-08 14:29:00+00:00,178.47,178.63,178.4601,1283,178.61,133484,178.555843
2023-06-08 14:30:00+00:00,178.45,178.55,178.4,1438,178.49,131210,178.476314
2023-06-08 14:31:00+00:00,178.48,178.52,178.435,965,178.45,75240,178.492222
2023-06-08 14:32:00+00:00,178.46,178.565,178.43,902,178.49,73641,178.494701
2023-06-08 14:33:00+00:00,178.4299,178.55,178.4,909,178.45,74069,178.470662
2023-06-08 14:34:00+00:00,178.61,178.62,178.42,1330,178.4375,113626,178.528142
2023-06-08 14:35:00+00:00,178.7441,178.75,178.62,1368,178.62,156063,178.69342
2023-06-08 14:36:00+00:00,178.565,178.77,178.565,1307,178.74,115700,178.696991
2023-06-08 14:37:00+00:00,178.5683,178.7091,178.54,1297,178.56,143879,178.603988
2023-06-08 14:38:00+00:00,178.46,178.59,178.45,1027,178.575,92581,178.518443
2023-06-08 14:39:00+00:00,178.51,178.52,178.39,947,178.47,86574,178.458034
2023-06-08 14:40:00+00:00,178.51,178.53,178.4516,927,178.52,63663,178.506498
2023-06-08 14:41:00+00:00,178.58,178.59,178.5,1298,178.52,104623,178.53558
2023-06-08 14:42:00+00:00,178.8,178.83,178.54,1702,178.5799,170475,178.709557
2023-06-08 14:43:00+00:00,178.8,178.88,178.73,1437,178.805,143619,178.804372
2023-06-08 14:44:00+00:00,178.6501,178.7999,178.65,912,178.7999,83917,178.718185
2023-06-08 14:45:00+00:00,178.765,178.775,178.66,873,178.67,69938,178.722733
2023-06-08 14:46:00+00:00,178.81,178.83,178.7301,1010,178.77,91028,178.782646
2023-06-08 14:47:00+00:00,178.745,178.84,178.6987,1056,178.82,89711,178.759834
2023-06-08 14:48:00+00:00,178.73,178.77,178.66,805,178.74,63541,178.72585
2023-06-08 14:49:00+00:00,178.75,178.76,178.685,906,178.7259,73043,178.727762
2023-06-08 14:50:00+00:00,178.79,178.8,178.7,924,178.7383,71765,178.76095
2023-06-08 14:51:00+00:00,178.74,178.83,178.68,1081,178.79,90432,178.761236
2023-06-08 14:52:00+00:00,178.64,178.76,178.6129,904,178.745,71156,178.678235
2023-06-08 14:53:00+00:00,178.82,178.82,178.645,913,178.65,87680,178.747313
2023-06-08 14:54:00+00:00,178.9582,178.98,178.8014,1621,178.82,165606,178.903946
2023-06-08 14:55:00+00:00,179.125,179.14,178.945,2138,178.95,199086,179.043627
2023-06-08 14:56:00+00:00,179.11,179.19,179.1001,1431,179.12,149597,179.140709
2023-06-08 14:57:00+00:00,179.11,179.16,179.06,1032,179.11,92795,179.102929
2023-06-08 14:58:00+00:00,179.159,179.16,179.06,973,179.11,74251,179.111642
2023-06-08 14:59:00+00:00,179.11,179.18,179.07,1208,179.1599,102152,179.138851
2023-06-08 15:00:00+00:00,179.13,179.18,179.08,1169,179.12,110358,179.12589
2023-06-08 15:01:00+00:00,179.095,179.17,179.05,1285,179.1301,139726,179.111123
2023-06-08 15:02:00+00:00,179.14,179.16,179.06,1010,179.09,100811,179.101705
2023-06-08 15:03:00+00:00,179.185,179.27,179.12,1410,179.15,139034,179.213149
2023-06-08 15:04:00+00:00,179.196,179.24,179.16,873,179.185,72991,179.200863
2023-06-08 15:05:00+00:00,179.1589,179.2,179.0701,1124,179.195,90673,179.133404
2023-06-08 15:06:00+00:00,179.278,179.28,179.16,881,179.16,77402,179.21676
2023-06-08 15:07:00+00:00,179.191,179.28,179.1701,1053,179.28,93753,179.210868
2023-06-08 15:08:00+00:00,179.2,179.28,179.194,822,179.194,72702,179.230635
2023-06-08 15:09:00+00:00,179.33,179.35,179.205,1046,179.205,115925,179.280521
2023-06-08 15:10:00+00:00,179.2805,179.43,179.27,1297,179.33,110117,179.362105
2023-06-08 15:11:00+00:00,179.27,179.2999,179.21,1236,179.29,118712,179.256427
2023-06-08 15:12:00+00:00,179.11,179.28,179.105,1176,179.27,100616,179.19142
2023-06-08 15:13:00+00:00,179.0601,179.12,179.055,932,179.11,74955,179.088494
2023-06-08 15:14:00+00:00,179.07,179.09,179.005,1048,179.0595,103800,179.037867
2023-06-08 15:15:00+00:00,179.14,179.16,179.06,879,179.07,76110,179.123018
2023-06-08 15:16:00+00:00,179.045,179.1483,179.02,924,179.135,71386,179.094709
2023-06-08 15:17:00+00:00,179.015,179.08,178.971,1032,179.035,69068,179.028745
2023-06-08 15:18:00+00:00,179.08,179.12,179.005,937,179.01,67857,179.085889
2023-06-08 15:19:00+00:00,179.15,179.16,179.0688,923,179.07,84663,179.124232
2023-06-08 15:20:00+00:00,179.2401,179.25,179.155,1068,179.16,118049,179.203842
2023-06-08 15:21:00+00:00,179.14,179.26,179.14,957,179.24,64916,179.221621
2023-06-08 15:22:00+00:00,179.2,179.2,179.11,796,179.14,60086,179.164546
2023-06-08 15:23:00+00:00,179.161,179.22,179.14,651,179.205,59303,179.177296
2023-06-08 15:24:00+00:00,179.1801,179.23,179.1,771,179.165,49536,179.16776
2023-06-08 15:25:00+00:00,179.225,179.28,179.18,1354,179.18,133505,179.235238
2023-06-08 15:26:00+00:00,179.255,179.305,179.21,925,179.21,73551,179.279847
2023-06-08 15:27:00+00:00,179.21,179.31,179.21,810,179.25,74484,179.25875
2023-06-08 15:28:00+00:00,179.16,179.2211,179.12,780,179.22,61498,179.161899
2023-06-08 15:29:00+00:00,179.2391,179.255,179.12,961,179.16,73648,179.179428
2023-06-08 15:30:00+00:00,179.26,179.32,179.21,1063,179.2394,98343,179.265402
2023-06-08 15:31:00+00:00,179.265,179.315,179.24,884,179.26,63157,179.266897
2023-06-08 15:32:00+00:00,179.21,179.3495,179.2,974,179.28,89672,179.284252
2023-06-08 15:33:00+00:00,179.18,179.24,179.14,755,179.2121,61747,179.199864
2023-06-08 15:34:00+00:00,179.2299,179.25,179.17,868,179.1788,62810,179.207552
2023-06-08 15:35:00+00:00,179.33,179.35,179.22,1084,179.22,119457,179.305852
2023-06-08 15:36:00+00:00,179.48,179.48,179.31,1501,179.34,200727,179.423679
2023-06-08 15:37:00+00:00,179.395,179.48,179.38,930,179.4775,78753,179.415823
2023-06-08 15:38:00+00:00,179.405,179.45,179.38,809,179.4,65098,179.419361
2023-06-08 15:39:00+00:00,179.4699,179.51,179.4,1320,179.4072,115650,179.474471
2023-06-08 15:40:00+00:00,179.44,179.5,179.38,806,179.47,74797,179.453995
2023-06-08 15:41:00+00:00,179.47,179.495,179.4101,805,179.45,61441,179.452539
2023-06-08 15:42:00+00:00,179.48,179.48,179.4401,678,179.4799,57218,179.465289
2023-06-08 15:43:00+00:00,179.455,179.49,179.44,828,179.48,77338,179.465427
2023-06-08 15:44:00+00:00,179.3466,179.45,179.3,977,179.45,96553,179.354174
2023-06-08 15:45:00+00:00,179.475,179.49,179.34,913,179.35,71228,179.432102
2023-06-08 15:46:00+00:00,179.4758,179.51,179.44,850,179.4706,51116,179.48184
2023-06-08 15:47:00+00:00,179.525,179.54,179.44,1167,179.49,116971,179.49367
2023-06-08 15:48:00+00:00,179.56,179.57,179.48,848,179.5,85665,179.514353
2023-06-08 15:49:00+00:00,179.555,179.59,179.511,824,179.56,74015,179.551772
2023-06-08 15:50:00+00:00,179.5301,179.58,179.49,895,179.56,74675,179.536493
2023-06-08 15:51:00+00:00,179.6407,179.66,179.53,1166,179.53,103461,179.620077
2023-06-08 15:52:00+00:00,179.595,179.65,179.56,688,179.64,55245,179.608243
2023-06-08 15:53:00+00:00,179.665,179.67,179.595,718,179.5985,60304,179.63409
2023-06-08 15:54:00+00:00,179.695,179.71,179.65,986,179.6666,86426,179.682456
2023-06-08 15:55:00+00:00,179.81,179.81,179.685,1461,179.695,114702,179.767652
2023-06-08 15:56:00+00:00,179.715,179.88,179.7101,1234,179.81,128958,179.822292
2023-06-08 15:57:00+00:00,179.72,179.78,179.7,852,179.71,67156,179.736658
2023-06-08 15:58:00+00:00,179.71,179.78,179.71,923,179.715,59006,179.745877
2023-06-08 15:59:00+00:00,179.5099,179.72,179.5,1468,179.71,146418,179.576913
2023-06-08 16:00:00+00:00,179.4779,179.555,179.4546,1092,179.505,116102,179.505735
2023-06-08 16:01:00+00:00,179.48,179.535,179.44,897,179.47,83294,179.483422
2023-06-08 16:02:00+00:00,179.405,179.4895,179.35,1206,179.4799,110035,179.413782
2023-06-08 16:03:00+00:00,179.49,179.4993,179.38,752,179.41,59528,179.432563
2023-06-08 16:04:00+00:00,179.47,179.495,179.44,854,179.48,67005,179.46388
2023-06-08 16:05:00+00:00,179.49,179.5,179.455,707,179.4629,44784,179.478022
2023-06-08 16:06:00+00:00,179.4,179.51,179.38,742,179.48,56606,179.434513
2023-06-08 16:07:00+00:00,179.4,179.44,179.37,772,179.39,51467,179.405306
2023-06-08 16:08:00+00:00,179.3999,179.43,179.385,644,179.3987,37213,179.403743
2023-06-08 16:09:00+00:00,179.425,179.46,179.31,859,179.395,72385,179.376739
2023-06-08 16:10:00+00:00,179.475,179.52,179.425,718,179.4256,55731,179.485082
2023-06-08 16:11:00+00:00,179.5521,179.58,179.45,741,179.47,58797,179.518023
2023-06-08 16:12:00+00:00,179.485,179.58,179.48,1061,179.56,93931,179.533082
2023-06-08 16:13:00+00:00,179.555,179.6,179.47,726,179.485,70055,179.551643
2023-06-08 16:14:00+00:00,179.56,179.595,179.53,703,179.555,446698,179.5689
2023-06-08 16:15:00+00:00,179.575,179.62,179.54,959,179.5501,76275,179.581816
2023-06-08 16:16:00+00:00,179.78,179.8,179.57,1118,179.578,113571,179.717692
2023-06-08 16:17:00+00:00,179.745,179.805,179.7401,1175,179.79,103004,179.778297
2023-06-08 16:18:00+00:00,179.755,179.78,179.72,652,179.74,51683,179.752268
2023-06-08 16:19:00+00:00,179.77,179.81,179.76,925,179.76,92817,179.790551
2023-06-08 16:20:00+00:00,179.8802,179.91,179.78,1335,179.78,125079,179.851996
2023-06-08 16:21:00+00:00,179.9005,179.96,179.85,1810,179.885,182680,179.905511
2023-06-08 16:22:00+00:00,179.84,179.905,179.8201,873,179.9,63944,179.851729
2023-06-08 16:23:00+00:00,179.8762,179.89,179.8,820,179.8385,69852,179.843016
2023-06-08 16:24:00+00:00,179.8579,179.88,179.84,648,179.875,52429,179.861963
2023-06-08 16:25:00+00:00,179.92,179.92,179.81,931,179.85,75694,179.867634
2023-06-08 16:26:00+00:00,179.91,179.9484,179.89,803,179.9184,67642,179.918249
2023-06-08 16:27:00+00:00,179.8499,179.925,179.84,744,179.905,64288,179.891548
2023-06-08 16:28:00+00:00,179.96,179.96,179.84,934,179.8499,78197,179.914169
2023-06-08 16:29:00+00:00,179.9699,180.0,179.9501,1408,179.96,138103,179.981548
2023-06-08 16:30:00+00:00,179.895,179.97,179.89,879,179.96,69648,179.921338
2023-06-08 16:31:00+00:00,179.79,179.9,179.79,915,179.895,80952,179.84382
2023-06-08 16:32:00+00:00,179.87,179.88,179.76,791,179.7901,54375,179.832154
2023-06-08 16:33:00+00:00,179.78,179.87,179.78,636,179.8667,45025,179.826872
2023-06-08 16:34:00+00:00,179.8,179.82,179.7801,627,179.8,49272,179.803048
2023-06-08 16:35:00+00:00,179.7081,179.84,179.7,694,179.8,65666,179.787895
2023-06-08 16:36:00+00:00,179.66,179.7573,179.6201,858,179.71,83749,179.684254
2023-06-08 16:37:00+00:00,179.595,179.67,179.585,696,179.6613,266028,179.757507
2023-06-08 16:38:00+00:00,179.665,179.67,179.5901,556,179.6,53344,179.631586
2023-06-08 16:39:00+00:00,179.63,179.66,179.5628,580,179.66,47605,179.619742
2023-06-08 16:40:00+00:00,179.545,179.64,179.545,552,179.64,36018,179.596825
2023-06-08 16:41:00+00:00,179.6397,179.66,179.53,666,179.55,56148,179.588076
2023-06-08 16:42:00+00:00,179.66,179.679,179.6,581,179.635,51976,179.639714
2023-06-08 16:43:00+00:00,179.6301,179.71,179.61,702,179.6595,66407,179.662398
2023-06-08 16:44:00+00:00,179.682,179.6891,179.605,490,179.63,28213,179.64268
2023-06-08 16:45:00+00:00,179.57,179.69,179.57,812,179.69,63765,179.617876
2023-06-08 16:46:00+00:00,179.61,179.63,179.565,567,179.565,38267,179.609138
2023-06-08 16:47:00+00:00,179.4962,179.6699,179.49,806,179.6142,71797,179.578578
2023-06-08 16:48:00+00:00,179.405,179.49,179.4,975,179.49,81398,179.445422
2023-06-08 16:49:00+00:00,179.445,179.4748,179.41,733,179.415,69618,179.439601
2023-06-08 16:50:00+00:00,179.505,179.53,179.45,529,179.45,33414,179.493797
2023-06-08 16:51:00+00:00,179.6003,179.62,179.5,747,179.51,65880,179.568659
2023-06-08 16:52:00+00:00,179.63,179.64,179.57,541,179.6,37100,179.602743
2023-06-08 16:53:00+00:00,179.53,179.64,179.5299,760,179.6399,63138,179.588502
2023-06-08 16:54:00+00:00,179.5589,179.58,179.49,775,179.54,58705,179.53805
2023-06-08 16:55:00+00:00,179.6199,179.62,179.55,435,179.5502,30570,179.588664
2023-06-08 16:56:00+00:00,179.5401,179.62,179.53,685,179.62,49372,179.564807
2023-06-08 16:57:00+00:00,179.6,179.61,179.52,851,179.53,64516,179.571625
2023-06-08 16:58:00+00:00,179.56,179.63,179.5532,677,179.59,54700,179.601505
2023-06-08 16:59:00+00:00,179.615,179.6281,179.56,534,179.57,39516,179.588897
2023-06-08 17:00:00+00:00,179.5914,179.625,179.54,784,179.615,63767,179.575694
2023-06-08 17:01:00+00:00,179.5665,179.5988,179.52,553,179.595,43862,179.553757
2023-06-08 17:02:00+00:00,179.565,179.6284,179.55,577,179.57,41569,179.589979
2023-06-08 17:03:00+00:00,179.56,179.585,179.515,575,179.56,36839,179.54703
2023-06-08 17:04:00+00:00,179.615,179.6282,179.53,660,179.57,51821,179.590269
2023-06-08 17:05:00+00:00,179.7175,179.73,179.62,914,179.62,75631,179.670546
2023-06-08 17:06:00+00:00,179.7323,179.77,179.72,635,179.72,57405,179.738761
2023-06-08 17:07:00+00:00,179.71,179.74,179.68,654,179.74,47851,179.71137
2023-06-08 17:08:00+00:00,179.76,179.78,179.7,586,179.71,44626,179.745054
2023-06-08 17:09:00+00:00,179.84,179.85,179.74,828,179.7485,63681,179.801804
2023-06-08 17:10:00+00:00,179.78,179.86,179.76,835,179.85,56455,179.810412
2023-06-08 17:11:00+00:00,179.8,179.81,179.76,593,179.78,42875,179.784977
2023-06-08 17:12:00+00:00,179.8,179.85,179.7801,539,179.8,38271,179.812299
2023-06-08 17:13:00+00:00,179.7971,179.8,179.74,701,179.7988,54863,179.77605
2023-06-08 17:14:00+00:00,179.77,179.83,179.755,469,179.79,35253,179.78851
2023-06-08 17:15:00+00:00,179.81,179.81,179.76,719,179.76,68349,179.790283
2023-06-08 17:16:00+00:00,179.8494,179.86,179.7801,749,179.81,67370,179.828501
2023-06-08 17:17:00+00:00,179.8383,179.87,179.79,675,179.85,63371,179.832567
2023-06-08 17:18:00+00:00,179.835,179.85,179.7901,715,179.835,46349,179.828112
2023-06-08 17:19:00+00:00,179.84,179.86,179.78,617,179.84,48268,179.814511
2023-06-08 17:20:00+00:00,179.76,179.8617,179.73,755,179.8404,61277,179.800554
2023-06-08 17:21:00+00:00,179.61,179.82,179.61,881,179.75,75385,179.732494
2023-06-08 17:22:00+00:00,179.4738,179.64,179.47,953,179.61,90817,179.578337
2023-06-08 17:23:00+00:00,179.46,179.52,179.405,953,179.47,81266,179.465783
2023-06-08 17:24:00+00:00,179.545,179.5479,179.4101,525,179.4443,42737,179.465665
2023-06-08 17:25:00+00:00,179.5984,179.65,179.55,656,179.55,56897,179.617859
2023-06-08 17:26:00+00:00,179.6018,179.6018,179.535,540,179.5984,38933,179.575498
2023-06-08 17:27:00+00:00,179.59,179.61,179.55,642,179.605,48296,179.584199
2023-06-08 17:28:00+00:00,179.58,179.61,179.5501,472,179.5881,37833,179.579194
2023-06-08 17:29:00+00:00,179.47,179.58,179.41,935,179.57,82855,179.471838
2023-06-08 17:30:00+00:00,179.46,179.51,179.4531,715,179.465,37470,179.485091
2023-06-08 17:31:00+00:00,179.38,179.4566,179.36,1160,179.455,98437,179.394429
2023-06-08 17:32:00+00:00,179.37,179.4,179.33,770,179.38,57266,179.365817
2023-06-08 17:33:00+00:00,179.3191,179.39,179.3,817,179.37,60040,179.331252
2023-06-08 17:34:00+00:00,179.35,179.355,179.28,672,179.3174,53533,179.325418
2023-06-08 17:35:00+00:00,179.215,179.3501,179.205,739,179.35,57213,179.272869
2023-06-08 17:36:00+00:00,179.28,179.29,179.175,763,179.215,63089,179.236711
2023-06-08 17:37:00+00:00,179.3899,179.39,179.265,637,179.27,50085,179.333253
2023-06-08 17:38:00+00:00,179.3801,179.43,179.37,566,179.39,45344,179.399038
2023-06-08 17:39:00+00:00,179.276,179.38,179.27,585,179.38,56462,179.315778
2023-06-08 17:40:00+00:00,179.19,179.2875,179.1601,758,179.275,63980,179.221539
2023-06-08 17:41:00+00:00,179.235,179.31,179.18,604,179.18,52197,179.253612
2023-06-08 17:42:00+00:00,179.16,179.24,179.14,628,179.24,59647,179.174461
2023-06-08 17:43:00+00:00,179.225,179.24,179.14,647,179.16,55930,179.189912
2023-06-08 17:44:00+00:00,179.145,179.23,179.12,571,179.23,50853,179.166873
2023-06-08 17:45:00+00:00,179.13,179.17,179.01,952,179.14,89588,179.086259
2023-06-08 17:46:00+00:00,179.12,179.19,179.075,710,179.12,60130,179.134802
2023-06-08 17:47:00+00:00,179.155,179.19,179.07,549,179.12,48330,179.131494
2023-06-08 17:48:00+00:00,179.09,179.19,179.07,604,179.1588,44364,179.140468
2023-06-08 17:49:00+00:00,179.17,179.18,179.06,651,179.105,62807,179.104844
2023-06-08 17:50:00+00:00,179.1698,179.18,179.12,540,179.175,38665,179.151022
2023-06-08 17:51:00+00:00,179.3602,179.365,179.15,1058,179.16,92469,179.287412
2023-06-08 17:52:00+00:00,179.395,179.42,179.3105,666,179.366,70323,179.37125
2023-06-08 17:53:00+00:00,179.405,179.44,179.38,793,179.4,72940,179.415614
2023-06-08 17:54:00+00:00,179.4,179.42,179.34,594,179.4016,46955,179.381108
2023-06-08 17:55:00+00:00,179.51,179.5107,179.38,789,179.395,65855,179.454102
2023-06-08 17:56:00+00:00,179.52,179.5543,179.485,713,179.515,58531,179.520043
2023-06-08 17:57:00+00:00,179.52,179.54,179.4544,592,179.52,41745,179.498014
2023-06-08 17:58:00+00:00,179.48,179.55,179.46,584,179.525,48515,179.503284
2023-06-08 17:59:00+00:00,179.53,179.54,179.47,631,179.48,51993,179.503575
2023-06-08 18:00:00+00:00,179.5,179.57,179.466,631,179.54,47585,179.517932
2023-06-08 18:01:00+00:00,179.565,179.595,179.5,735,179.5,82725,179.550184
2023-06-08 18:02:00+00:00,179.6,179.62,179.542,574,179.565,51876,179.588589
2023-06-08 18:03:00+00:00,179.62,179.69,179.595,597,179.595,50466,179.643018
2023-06-08 18:04:00+00:00,179.651,179.67,179.6099,506,179.6296,51834,179.630631
2023-06-08 18:05:00+00:00,179.59,179.6816,179.56,814,179.65,92235,179.62694
2023-06-08 18:06:00+00:00,179.5523,179.62,179.5501,586,179.59,47804,179.591603
2023-06-08 18:07:00+00:00,179.53,179.56,179.485,697,179.56,67956,179.52204
2023-06-08 18:08:00+00:00,179.585,179.59,179.485,812,179.53,75284,179.533035
2023-06-08 18:09:00+00:00,179.61,179.65,179.57,500,179.59,44972,179.614226
2023-06-08 18:10:00+00:00,179.52,179.64,179.51,607,179.61,43418,179.554724
2023-06-08 18:11:00+00:00,179.65,179.65,179.485,842,179.51,73796,179.568384
2023-06-08 18:12:00+00:00,179.6739,179.68,179.6,1028,179.65,78068,179.63831
2023-06-08 18:13:00+00:00,179.68,179.74,179.67,829,179.67,74082,179.700823
2023-06-08 18:14:00+00:00,179.7725,179.79,179.66,906,179.67,72530,179.738072
2023-06-08 18:15:00+00:00,179.7675,179.82,179.76,882,179.77,59478,179.78478
2023-06-08 18:16:00+00:00,179.815,179.86,179.7711,1106,179.7762,95752,179.812327
2023-06-08 18:17:00+00:00,179.8617,179.88,179.8,1019,179.815,99224,179.847004
2023-06-08 18:18:00+00:00,179.88,179.91,179.86,908,179.86,91639,179.890943
2023-06-08 18:19:00+00:00,179.97,179.97,179.87,904,179.88,81155,179.9273
2023-06-08 18:20:00+00:00,179.932,179.98,179.93,1015,179.97,95328,179.961364
2023-06-08 18:21:00+00:00,179.94,179.9499,179.87,932,179.93,78029,179.911097
2023-06-08 18:22:00+00:00,179.935,179.95,179.91,759,179.93,49082,179.933227
2023-06-08 18:23:00+00:00,179.93,179.95,179.9101,648,179.94,58779,179.928077
2023-06-08 18:24:00+00:00,179.86,179.935,179.825,982,179.92,108139,179.886447
2023-06-08 18:25:00+00:00,179.8982,179.9,179.8596,642,179.8596,44939,179.880679
2023-06-08 18:26:00+00:00,179.915,179.918,179.87,496,179.89,30973,179.897849
2023-06-08 18:27:00+00:00,179.925,179.96,179.9109,812,179.9177,63965,179.93313
2023-06-08 18:28:00+00:00,179.94,179.96,179.92,992,179.93,76202,179.942146
2023-06-08 18:29:00+00:00,179.945,179.97,179.93,650,179.9332,56928,179.951061
2023-06-08 18:30:00+00:00,180.0101,180.06,179.95,4215,179.95,404525,180.002755
2023-06-08 18:31:00+00:00,180.1628,180.17,179.975,2021,180.019,225190,180.10052
2023-06-08 18:32:00+00:00,180.1662,180.2,180.1,1535,180.165,162456,180.158546
2023-06-08 18:33:00+00:00,180.05,180.1885,180.05,1198,180.165,104586,180.103715
2023-06-08 18:34:00+00:00,180.035,180.07,180.02,1176,180.05,103793,180.043883
2023-06-08 18:35:00+00:00,179.995,180.06,179.99,1203,180.04,84084,180.027513
2023-06-08 18:36:00+00:00,179.9699,180.01,179.96,787,179.995,61655,179.983253
2023-06-08 18:37:00+00:00,179.975,179.995,179.95,1064,179.97,83735,179.971638
2023-06-08 18:38:00+00:00,179.9601,179.985,179.94,742,179.98,52499,179.965337
2023-06-08 18:39:00+00:00,179.925,179.97,179.9,919,179.97,55298,179.93422
2023-06-08 18:40:00+00:00,179.9492,179.96,179.915,738,179.93,56121,179.936102
2023-06-08 18:41:00+00:00,179.94,179.955,179.89,866,179.945,71584,179.93
2023-06-08 18:42:00+00:00,179.9122,179.955,179.905,931,179.94,74241,179.937714
2023-06-08 18:43:00+00:00,179.915,179.95,179.905,734,179.935,66305,179.927063
2023-06-08 18:44:00+00:00,179.925,179.95,179.9,865,179.91,72154,179.930103
2023-06-08 18:45:00+00:00,179.94,179.95,179.905,791,179.93,52449,179.923504
2023-06-08 18:46:00+00:00,179.96,179.96,179.88,926,179.95,69404,179.923876
2023-06-08 18:47:00+00:00,179.85,179.955,179.85,943,179.955,82369,179.914166
2023-06-08 18:48:00+00:00,179.9283,179.955,179.84,907,179.855,64320,179.916123
2023-06-08 18:49:00+00:00,179.881,179.93,179.8707,867,179.93,60690,179.892301
2023-06-08 18:50:00+00:00,179.9282,179.94,179.88,776,179.8849,89583,179.911393
2023-06-08 18:51:00+00:00,179.9921,180.0,179.9049,895,179.925,81113,179.958734
2023-06-08 18:52:00+00:00,180.105,180.16,179.99,1493,179.9901,174793,180.065528
2023-06-08 18:53:00+00:00,180.11,180.12,180.0601,814,180.105,78786,180.10064
2023-06-08 18:54:00+00:00,180.155,180.165,180.08,914,180.1031,67107,180.121982
2023-06-08 18:55:00+00:00,180.235,180.24,180.145,1227,180.15,130327,180.2121
2023-06-08 18:56:00+00:00,180.1132,180.24,180.1132,1003,180.235,94989,180.201106
2023-06-08 18:57:00+00:00,180.08,180.11,180.0,1247,180.11,145414,180.031192
2023-06-08 18:58:00+00:00,180.035,180.09,180.025,643,180.08,63832,180.046797
2023-06-08 18:59:00+00:00,179.926,180.0389,179.92,1424,180.0389,135026,179.992286
2023-06-08 19:00:00+00:00,179.9042,180.0199,179.9,1161,179.93,128273,179.9602
2023-06-08 19:01:00+00:00,179.86,179.93,179.8532,1003,179.9021,95161,179.896624
2023-06-08 19:02:00+00:00,179.9,179.94,179.8589,856,179.86,95557,179.901578
2023-06-08 19:03:00+00:00,179.918,179.94,179.88,792,179.9,69171,179.912098
2023-06-08 19:04:00+00:00,179.8599,179.93,179.8376,901,179.915,74789,179.873156
2023-06-08 19:05:00+00:00,179.7699,179.9,179.765,1157,179.86,103099,179.836359
2023-06-08 19:06:00+00:00,179.81,179.81,179.73,887,179.7692,84014,179.771268
2023-06-08 19:07:00+00:00,179.9,179.9,179.8,1187,179.8099,92522,179.830349
2023-06-08 19:08:00+00:00,179.83,179.925,179.815,905,179.905,324434,179.812338
2023-06-08 19:09:00+00:00,179.925,179.93,179.8381,938,179.84,86657,179.89583
2023-06-08 19:10:00+00:00,179.925,179.99,179.9201,914,179.93,86078,179.958225
2023-06-08 19:11:00+00:00,179.955,179.97,179.89,852,179.925,62754,179.939555
2023-06-08 19:12:00+00:00,179.975,180.0,179.9112,785,179.95,74732,179.960641
2023-06-08 19:13:00+00:00,179.96,179.99,179.91,801,179.9749,62420,179.952015
2023-06-08 19:14:00+00:00,179.89,179.985,179.89,840,179.95,67220,179.937669
2023-06-08 19:15:00+00:00,179.95,179.965,179.89,871,179.89,64505,179.925963
2023-06-08 19:16:00+00:00,180.0,180.0,179.945,933,179.95,80014,179.979823
2023-06-08 19:17:00+00:00,180.035,180.04,179.96,1209,179.995,124185,179.999097
2023-06-08 19:18:00+00:00,180.065,180.135,180.01,1931,180.0301,211132,180.078689
2023-06-08 19:19:00+00:00,180.1285,180.13,180.0543,1038,180.06,79208,180.093153
2023-06-08 19:20:00+00:00,180.17,180.225,180.12,1585,180.12,152155,180.170979
2023-06-08 19:21:00+00:00,180.155,180.1775,180.08,1059,180.17,99399,180.13113
2023-06-08 19:22:00+00:00,180.18,180.24,180.16,1144,180.16,107380,180.201045
2023-06-08 19:23:00+00:00,180.1685,180.205,180.1501,994,180.185,88847,180.180285
2023-06-08 19:24:00+00:00,180.25,180.29,180.155,1176,180.17,105067,180.229182
2023-06-08 19:25:00+00:00,180.18,180.26,180.08,1640,180.255,139108,180.164733
2023-06-08 19:26:00+00:00,180.1501,180.2,180.1099,828,180.1876,66981,180.152914
2023-06-08 19:27:00+00:00,180.225,180.225,180.15,861,180.16,81638,180.182364
2023-06-08 19:28:00+00:00,180.225,180.255,180.21,879,180.22,87464,180.225431
2023-06-08 19:29:00+00:00,180.255,180.27,180.22,869,180.23,66440,180.243538
2023-06-08 19:30:00+00:00,180.295,180.3,180.21,1564,180.25,157245,180.264279
2023-06-08 19:31:00+00:00,180.365,180.37,180.29,1322,180.3,146775,180.324449
2023-06-08 19:32:00+00:00,180.36,180.37,180.28,1195,180.36,131886,180.330693
2023-06-08 19:33:00+00:00,180.285,180.36,180.25,1418,180.36,166859,180.281124
2023-06-08 19:34:00+00:00,180.355,180.36,180.29,983,180.29,112905,180.330703
2023-06-08 19:35:00+00:00,180.4099,180.43,180.35,1407,180.35,140463,180.404292
2023-06-08 19:36:00+00:00,180.4,180.42,180.34,1476,180.4099,136007,180.393027
2023-06-08 19:37:00+00:00,180.405,180.42,180.32,1511,180.4,121390,180.377305
2023-06-08 19:38:00+00:00,180.46,180.46,180.39,1454,180.405,129434,180.420635
2023-06-08 19:39:00+00:00,180.5491,180.55,180.455,2233,180.46,279393,180.503391
2023-06-08 19:40:00+00:00,180.6669,180.67,180.53,1812,180.545,189256,180.589455
2023-06-08 19:41:00+00:00,180.82,180.82,180.63,2374,180.67,250853,180.720986
2023-06-08 19:42:00+00:00,180.525,180.83,180.5,2832,180.82,293923,180.62893
2023-06-08 19:43:00+00:00,180.655,180.69,180.5,1650,180.5399,153479,180.600582
2023-06-08 19:44:00+00:00,180.735,180.745,180.64,1598,180.65,137942,180.687022
2023-06-08 19:45:00+00:00,180.63,180.735,180.56,2336,180.735,227534,180.644051
2023-06-08 19:46:00+00:00,180.6083,180.64,180.54,2022,180.635,175359,180.598819
2023-06-08 19:47:00+00:00,180.7,180.71,180.605,1625,180.605,126255,180.648284
2023-06-08 19:48:00+00:00,180.805,180.805,180.69,1866,180.705,173693,180.744297
2023-06-08 19:49:00+00:00,180.815,180.83,180.75,2125,180.8099,191782,180.79321
2023-06-08 19:50:00+00:00,180.635,180.84,180.59,3266,180.81,329918,180.723272
2023-06-08 19:51:00+00:00,180.655,180.7191,180.6,2567,180.63,249251,180.662402
2023-06-08 19:52:00+00:00,180.685,180.74,180.62,2532,180.655,219784,180.673516
2023-06-08 19:53:00+00:00,180.7,180.71,180.58,2378,180.69,210362,180.646663
2023-06-08 19:54:00+00:00,180.52,180.7,180.515,2429,180.7,210495,180.640114
2023-06-08 19:55:00+00:00,180.505,180.56,180.49,2791,180.52,275361,180.528361
2023-06-08 19:56:00+00:00,180.675,180.69,180.5,3127,180.51,282116,180.578317
2023-06-08 19:57:00+00:00,180.625,180.68,180.62,2382,180.675,216205,180.652418
2023-06-08 19:58:00+00:00,180.66,180.68,180.61,3007,180.625,282580,180.649237
2023-06-08 19:59:00+00:00,180.55,180.69,180.54,6250,180.655,645691,180.627815
2023-06-08 20:00:00+00:00,180.56,180.58,180.54,201,180.54,7473588,180.569989
2023-06-08 20:01:00+00:00,180.53,180.56,180.53,95,180.56,74626,180.569309
2023-06-08 20:02:00+00:00,180.51,180.54,180.5,71,180.52,139049,180.567775
2023-06-08 20:03:00+00:00,180.54,180.54,180.54,43,180.54,8073,180.565217
2023-06-08 20:04:00+00:00,180.56,180.56,180.55,118,180.55,4634,180.573639
2023-06-08 20:05:00+00:00,180.67,180.67,180.55,128,180.55,6230,180.603307
2023-06-08 20:06:00+00:00,180.65,180.6868,180.57,85,180.67,97876,180.573233
2023-06-08 20:07:00+00:00,180.6,180.65,180.57,80,180.62,5492,180.612308
2023-06-08 20:08:00+00:00,180.58,180.58,180.5566,35,180.5566,842,180.576122
2023-06-08 20:09:00+00:00,180.55,180.59,180.55,50,180.59,1803,180.573293
2023-06-08 20:10:00+00:00,180.54,180.56,180.54,42,180.56,1445,180.551194
2023-06-08 20:11:00+00:00,180.54,180.55,180.54,35,180.55,1797,180.542838
2023-06-08 20:12:00+00:00,180.5501,180.57,180.55,33,180.56,20223,180.568924
2023-06-08 20:13:00+00:00,180.59,180.594,180.57,77,180.57,5548,180.577106
2023-06-08 20:14:00+00:00,180.6,180.6,180.58,44,180.59,2505,180.588948
2023-06-08 20:15:00+00:00,180.6,180.6,180.57,33,180.57,29878,180.570219
2023-06-08 20:16:00+00:00,180.595,180.595,180.58,46,180.58,703,180.588018
2023-06-08 20:17:00+00:00,180.59,180.6,180.58,49,180.6,596,180.572521
2023-06-08 20:18:00+00:00,180.6,180.6,180.6,67,180.6,1011,180.596741
2023-06-08 20:19:00+00:00,180.65,180.65,180.59,94,180.59,3579,180.615037
2023-06-08 20:20:00+00:00,180.64,180.65,180.64,31,180.64,2864,180.645408
2023-06-08 20:21:00+00:00,180.58,180.62,180.57,79,180.62,2820,180.593707
2023-06-08 20:22:00+00:00,180.6,180.6,180.59,23,180.59,324,180.545432
2023-06-08 20:23:00+00:00,180.59,180.59,180.59,35,180.59,362,180.584903
2023-06-08 20:24:00+00:00,180.58,180.58,180.57,54,180.58,2714,180.574672
2023-06-08 20:25:00+00:00,180.57,180.59,180.57,37,180.59,2639,180.574358
2023-06-08 20:26:00+00:00,180.59,180.61,180.55,103,180.56,3412,180.572398
2023-06-08 20:27:00+00:00,180.59,180.59,180.59,23,180.59,353,180.589788
2023-06-08 20:28:00+00:00,180.58,180.6,180.58,31,180.6,1291,180.596177
2023-06-08 20:29:00+00:00,180.61,180.61,180.6,116,180.6,906,180.596424
2023-06-08 20:30:00+00:00,180.6,180.6,180.6,43,180.6,323,180.605893
2023-06-08 20:31:00+00:00,180.61,180.63,180.61,56,180.63,512,180.621017
2023-06-08 20:32:00+00:00,180.61,180.63,180.61,74,180.63,1744,180.621175
2023-06-08 20:33:00+00:00,180.63,180.63,180.63,61,180.63,618,180.625291
2023-06-08 20:34:00+00:00,180.64,180.65,180.64,76,180.64,2077,180.640645
2023-06-08 20:35:00+00:00,180.57,180.65,180.57,37,180.65,51922,180.570418
2023-06-08 20:36:00+00:00,180.65,180.65,180.64,34,180.64,701,180.646612
2023-06-08 20:37:00+00:00,180.63,180.65,180.63,38,180.65,578,180.643106
2023-06-08 20:38:00+00:00,180.6136,180.63,180.6136,39,180.63,1273,180.629462
2023-06-08 20:39:00+00:00,180.64,180.64,180.6201,30,180.6301,1004,180.629156
2023-06-08 20:40:00+00:00,180.64,180.65,180.63,44,180.63,980,180.63674
2023-06-08 20:41:00+00:00,180.64,180.64,180.64,47,180.64,529,180.643922
2023-06-08 20:42:00+00:00,180.64,180.67,180.62,65,180.66,2578,180.648307
2023-06-08 20:44:00+00:00,180.62,180.62,180.62,76,180.62,1455,180.618509
2023-06-08 20:45:00+00:00,180.62,180.62,180.6,60,180.62,10742,180.606571
2023-06-08 20:46:00+00:00,180.61,180.6399,180.6,71,180.6,2001,180.614343
2023-06-08 20:48:00+00:00,180.61,180.62,180.58,51,180.61,4404,180.602041
2023-06-08 20:49:00+00:00,180.61,180.61,180.6,26,180.6,344,180.60998
2023-06-08 20:50:00+00:00,180.61,180.61,180.61,30,180.61,66344,180.570225
2023-06-08 20:51:00+00:00,180.6,180.6,180.59,24,180.59,1069,180.59775
2023-06-08 20:52:00+00:00,180.59,180.6,180.59,26,180.6,203966,180.570072
2023-06-08 20:53:00+00:00,180.6,180.6,180.59,46,180.59,1772,180.591148
2023-06-08 20:54:00+00:00,180.62,180.62,180.6,33,180.6,823,180.611902
2023-06-08 20:55:00+00:00,180.62,180.62,180.6,37,180.6,1195,180.607652
2023-06-08 20:57:00+00:00,180.58,180.58,180.58,22,180.58,637,180.581907
2023-06-08 20:59:00+00:00,180.56,180.6,180.56,55,180.6,2012,180.577359
2023-06-08 21:00:00+00:00,180.57,180.57,180.57,42,180.57,516,182.177965
2023-06-08 21:01:00+00:00,180.54,180.56,180.54,49,180.56,5371,180.563061
2023-06-08 21:02:00+00:00,180.54,180.54,180.54,29,180.54,517,180.541445
2023-06-08 21:03:00+00:00,180.54,180.54,180.53,28,180.53,1101,180.535763
2023-06-08 21:04:00+00:00,180.53,180.53,180.53,25,180.53,705,180.533603
2023-06-08 21:05:00+00:00,180.51,180.52,180.51,50,180.52,1949,180.51431
2023-06-08 21:06:00+00:00,180.52,180.52,180.52,23,180.52,1241,180.519693
2023-06-08 21:07:00+00:00,180.49,180.52,180.45,69,180.52,2659,180.498394
2023-06-08 21:08:00+00:00,180.52,180.52,180.43,38,180.43,1998,180.479864
2023-06-08 21:09:00+00:00,180.5,180.5,180.5,23,180.5,287,180.501005
2023-06-08 21:11:00+00:00,180.57,180.57,180.5,25,180.5,33665,180.569035
2023-06-08 21:13:00+00:00,180.48,180.48,180.48,26,180.48,368,180.487106
2023-06-08 21:14:00+00:00,180.45,180.5,180.45,51,180.48,2719,180.467464
2023-06-08 21:15:00+00:00,180.46,180.46,180.46,30,180.46,442,180.461946
2023-06-08 21:17:00+00:00,180.45,180.45,180.45,28,180.45,312,180.459837
2023-06-08 21:18:00+00:00,180.46,180.46,180.46,18,180.46,465,180.473086
2023-06-08 21:19:00+00:00,180.48,180.48,180.46,24,180.47,2008,180.478001
2023-06-08 21:21:00+00:00,180.49,180.49,180.49,20,180.49,138,180.487138
2023-06-08 21:22:00+00:00,180.49,180.49,180.49,16,180.49,946,180.490016
2023-06-08 21:23:00+00:00,180.4987,180.5,180.4987,22,180.5,1226,180.498157
2023-06-08 21:24:00+00:00,180.48,180.4809,180.48,20,180.4809,871,180.481732
2023-06-08 21:25:00+00:00,180.5,180.5,180.5,28,180.5,1109,180.499903
2023-06-08 21:26:00+00:00,180.5,180.5,180.5,25,180.5,376,180.504916
2023-06-08 21:27:00+00:00,180.5,180.51,180.5,30,180.51,578,180.505847
2023-06-08 21:32:00+00:00,180.5,180.5,180.5,35,180.5,296,180.514223
2023-06-08 21:33:00+00:00,180.5,180.5,180.5,41,180.5,2837,180.500402
2023-06-08 21:34:00+00:00,180.5,180.5,180.5,30,180.5,745,180.501048
2023-06-08 21:37:00+00:00,180.52,180.52,180.52,23,180.52,663,180.517873
2023-06-08 21:38:00+00:00,180.53,180.53,180.53,24,180.53,769,180.520091
2023-06-08 21:39:00+00:00,180.5,180.5,180.5,11,180.5,215,180.501674
2023-06-08 21:40:00+00:00,180.5,180.5,180.5,28,180.5,415,180.50094
2023-06-08 21:41:00+00:00,180.5,180.5001,180.5,23,180.5001,513,180.501637
2023-06-08 21:42:00+00:00,180.45,180.5,180.45,70,180.5,1940,180.482325
2023-06-08 21:43:00+00:00,180.49,180.49,180.49,29,180.49,263,180.493745
2023-06-08 21:44:00+00:00,180.49,180.49,180.49,20,180.49,406,180.489643
2023-06-08 21:45:00+00:00,180.5,180.5,180.5,15,180.5,276,180.496522
2023-06-08 21:48:00+00:00,180.47,180.47,180.47,25,180.47,300,180.471533
2023-06-08 21:50:00+00:00,180.46,180.49,180.46,23,180.49,720,180.481444
2023-06-08 21:51:00+00:00,180.4601,180.4601,180.4601,21,180.4601,230,180.467109
2023-06-08 21:52:00+00:00,180.5,180.5,180.47,29,180.47,1119,180.486982
2023-06-08 21:54:00+00:00,180.4987,180.4987,180.4987,18,180.4987,375,180.490507
2023-06-08 21:55:00+00:00,180.4997,180.4997,180.4997,20,180.4997,264,180.494457
2023-06-08 21:56:00+00:00,180.47,180.5,180.47,27,180.5,352,180.487401
2023-06-08 22:00:00+00:00,180.45,180.47,180.45,36,180.47,2447,180.460711
2023-06-08 22:01:00+00:00,180.46,180.46,180.45,22,180.45,1681,180.457341
2023-06-08 22:02:00+00:00,180.46,180.46,180.46,20,180.46,3243,180.46057
2023-06-08 22:03:00+00:00,180.46,180.46,180.46,35,180.46,1954,180.461576
2023-06-08 22:04:00+00:00,180.46,180.46,180.46,19,180.46,3153,180.460217
2023-06-08 22:05:00+00:00,180.49,180.49,180.46,27,180.46,4946,180.484511
2023-06-08 22:07:00+00:00,180.5,180.5,180.49,44,180.5,2660,180.496447
2023-06-08 22:08:00+00:00,180.49,180.49,180.49,30,180.49,1407,180.489193
2023-06-08 22:09:00+00:00,180.49,180.5,180.49,15,180.49,2577,180.493564
2023-06-08 22:10:00+00:00,180.5,180.5,180.5,30,180.5,3868,180.500602
2023-06-08 22:11:00+00:00,180.53,180.53,180.52,30,180.52,717,180.524289
2023-06-08 22:12:00+00:00,180.54,180.54,180.54,9,180.54,525,180.5394
2023-06-08 22:13:00+00:00,180.49,180.5,180.49,26,180.5,1167,180.495866
2023-06-08 22:14:00+00:00,180.53,180.53,180.53,11,180.53,557,180.529013
2023-06-08 22:16:00+00:00,180.51,180.51,180.51,21,180.51,481,180.51315
2023-06-08 22:17:00+00:00,180.4987,180.5,180.4987,24,180.5,1183,180.499307
2023-06-08 22:21:00+00:00,180.53,180.53,180.53,21,180.53,474,180.526076
2023-06-08 22:22:00+00:00,180.53,180.53,180.53,20,180.53,330,180.52753
2023-06-08 22:23:00+00:00,180.53,180.53,180.51,19,180.51,728,180.51511
2023-06-08 22:24:00+00:00,180.53,180.53,180.53,21,180.53,376,180.526303
2023-06-08 22:25:00+00:00,180.5,180.5,180.5,9,180.5,115,180.500391
2023-06-08 22:27:00+00:00,180.52,180.52,180.52,22,180.52,677,180.522112
2023-06-08 22:29:00+00:00,180.55,180.55,180.55,19,180.55,262,180.543492
2023-06-08 22:30:00+00:00,180.54,180.54,180.54,12,180.54,625,180.540816
2023-06-08 22:31:00+00:00,180.54,180.55,180.54,15,180.55,881,180.546163
2023-06-08 22:32:00+00:00,180.55,180.55,180.55,34,180.55,2200,180.550043
2023-06-08 22:33:00+00:00,180.54,180.55,180.54,31,180.55,1831,180.54908
2023-06-08 22:35:00+00:00,180.54,180.55,180.54,18,180.54,1377,180.541518
2023-06-08 22:36:00+00:00,180.46,180.56,180.46,39,180.55,1145,180.51779
2023-06-08 22:37:00+00:00,180.55,180.55,180.55,16,180.55,257,180.549669
2023-06-08 22:38:00+00:00,180.54,180.55,180.54,22,180.55,368,180.54397
2023-06-08 22:39:00+00:00,180.54,180.54,180.52,22,180.52,1597,180.523031
2023-06-08 22:42:00+00:00,180.5,180.52,180.5,28,180.52,616,180.505674
2023-06-08 22:43:00+00:00,180.52,180.52,180.5,37,180.51,2371,180.504941
2023-06-08 22:46:00+00:00,180.47,180.47,180.47,28,180.47,685,180.478788
2023-06-08 22:48:00+00:00,180.48,180.48,180.48,18,180.48,260,180.485808
2023-06-08 22:50:00+00:00,180.48,180.48,180.48,14,180.48,286,180.480857
2023-06-08 22:51:00+00:00,180.48,180.48,180.47,20,180.47,1590,180.477695
2023-06-08 22:52:00+00:00,180.45,180.46,180.45,37,180.46,1261,180.459239
2023-06-08 22:53:00+00:00,180.43,180.43,180.4229,28,180.4229,1720,180.427892
2023-06-08 22:54:00+00:00,180.46,180.46,180.46,10,180.46,219,180.462443
2023-06-08 22:55:00+00:00,180.43,180.43,180.43,19,180.43,524,180.431116
2023-06-08 22:56:00+00:00,180.43,180.43,180.43,21,180.43,689,180.4318
2023-06-08 22:57:00+00:00,180.43,180.43,180.43,52,180.43,842,180.428545
2023-06-08 22:58:00+00:00,180.43,180.43,180.43,55,180.43,449,180.43529
2023-06-08 22:59:00+00:00,180.43,180.43,180.43,37,180.43,1027,180.428628
2023-06-08 23:00:00+00:00,180.45,180.45,180.45,44,180.45,227,180.442401
2023-06-08 23:01:00+00:00,180.36,180.45,180.36,121,180.42,2662,180.395716
2023-06-08 23:02:00+00:00,180.36,180.36,180.35,54,180.36,1386,180.354477
2023-06-08 23:03:00+00:00,180.4,180.4,180.4,15,180.4,646,180.400333
2023-06-08 23:05:00+00:00,180.4,180.4,180.4,28,180.4,600,180.395808
2023-06-08 23:07:00+00:00,180.38,180.38,180.38,25,180.38,398,180.390025
2023-06-08 23:08:00+00:00,180.36,180.37,180.36,25,180.37,513,180.36537
2023-06-08 23:09:00+00:00,180.36,180.37,180.36,25,180.37,637,180.36708
2023-06-08 23:10:00+00:00,180.3613,180.3613,180.36,19,180.36,967,180.361117
2023-06-08 23:11:00+00:00,180.3604,180.3604,180.3604,29,180.3604,473,180.368203
2023-06-08 23:12:00+00:00,180.39,180.39,180.36,21,180.36,908,180.372131
2023-06-08 23:13:00+00:00,180.42,180.42,180.42,49,180.42,322,180.421677
2023-06-08 23:14:00+00:00,180.36,180.42,180.36,24,180.42,1562,180.374625
2023-06-08 23:18:00+00:00,180.42,180.42,180.37,34,180.38,1125,180.398453
2023-06-08 23:19:00+00:00,180.42,180.42,180.42,20,180.42,658,180.420638
2023-06-08 23:20:00+00:00,180.36,180.42,180.36,72,180.42,3684,180.391801
2023-06-08 23:21:00+00:00,180.39,180.4,180.36,21,180.4,1150,180.380057
2023-06-08 23:22:00+00:00,180.37,180.39,180.37,35,180.39,1999,180.387099
2023-06-08 23:23:00+00:00,180.36,180.36,180.36,16,180.36,2319,180.360367
2023-06-08 23:24:00+00:00,180.33,180.3601,180.33,31,180.36,7085,180.355528
2023-06-08 23:26:00+00:00,180.36,180.36,180.36,15,180.36,370,180.353784
2023-06-08 23:27:00+00:00,180.32,180.34,180.32,30,180.34,824,180.337178
2023-06-08 23:29:00+00:00,180.36,180.36,180.36,36,180.36,658,180.384863
2023-06-08 23:30:00+00:00,180.42,180.43,180.4,17,180.43,756,180.421991
2023-06-08 23:31:00+00:00,180.43,180.43,180.43,25,180.43,248,180.419879
2023-06-08 23:34:00+00:00,180.33,180.33,180.33,25,180.33,505,180.358129
2023-06-08 23:35:00+00:00,180.3999,180.3999,180.3999,24,180.3999,221,180.390995
2023-06-08 23:38:00+00:00,180.5,180.5,180.34,160,180.34,6288,180.456446
2023-06-08 23:39:00+00:00,180.5,180.5,180.5,39,180.5,6408,180.499826
2023-06-08 23:40:00+00:00,180.5,180.5,180.5,23,180.5,184,180.492636
2023-06-08 23:41:00+00:00,180.52,180.52,180.52,14,180.52,220,180.507227
2023-06-08 23:44:00+00:00,180.5,180.5,180.5,20,180.5,309,180.493851
2023-06-08 23:46:00+00:00,180.43,180.43,180.43,28,180.43,795,180.431748
2023-06-08 23:47:00+00:00,180.44,180.44,180.44,22,180.44,1064,180.437613
2023-06-08 23:48:00+00:00,180.43,180.43,180.43,19,180.43,511,180.428708
2023-06-08 23:49:00+00:00,180.38,180.4,180.38,37,180.4,1271,180.391676
2023-06-08 23:50:00+00:00,180.42,180.42,180.38,16,180.38,527,180.388359
2023-06-08 23:51:00+00:00,180.38,180.38,180.38,28,180.38,239,180.384623
2023-06-08 23:52:00+00:00,180.41,180.42,180.4,34,180.4,1088,180.409779
2023-06-08 23:55:00+00:00,180.41,180.45,180.33,28,180.33,1998,180.396489
2023-06-08 23:56:00+00:00,180.41,180.45,180.41,23,180.45,625,180.42352
2023-06-08 23:57:00+00:00,180.4,180.4,180.4,28,180.4,1382,180.404356
2023-06-08 23:58:00+00:00,180.45,180.45,180.41,28,180.41,1797,180.440234
2023-06-08 23:59:00+00:00,180.5,180.5,180.48,79,180.49,3108,180.482921
