timestamp,close,high,low,trade_count,open,volume,vwap
2023-06-09 08:03:00+00:00,180.19,180.19,180.19,18,180.19,773,180.186675
2023-06-09 08:04:00+00:00,180.1,180.13,180.1,23,180.13,696,180.12227
2023-06-09 08:05:00+00:00,180.05,180.12,180.05,30,180.12,1188,180.097197
2023-06-09 08:06:00+00:00,180.07,180.07,180.03,23,180.03,819,180.056459
2023-06-09 08:07:00+00:00,180.07,180.07,180.03,9,180.03,317,180.056498
2023-06-09 08:08:00+00:00,180.07,180.07,180.01,33,180.07,1432,180.035859
2023-06-09 08:09:00+00:00,180.01,180.01,180.01,20,180.01,715,180.036909
2023-06-09 08:11:00+00:00,180.05,180.06,180.01,29,180.01,3362,180.038611
2023-06-09 08:12:00+00:00,180.0,180.02,180.0,80,180.02,2874,180.004235
2023-06-09 08:13:00+00:00,180.02,180.02,180.0,21,180.0,4084,180.00561
2023-06-09 08:14:00+00:00,180.06,180.06,180.02,22,180.02,1452,180.040544
2023-06-09 08:15:00+00:00,180.06,180.06,180.06,5,180.06,233,180.06
2023-06-09 08:16:00+00:00,180.06,180.06,180.06,16,180.06,475,180.059516
2023-06-09 08:17:00+00:00,180.04,180.12,180.04,18,180.12,787,180.100673
2023-06-09 08:18:00+00:00,180.12,180.13,180.12,16,180.13,1771,180.1207
2023-06-09 08:20:00+00:00,180.05,180.06,180.02,15,180.02,885,180.048655
2023-06-09 08:21:00+00:00,180.01,180.02,180.01,19,180.02,1434,180.01705
2023-06-09 08:22:00+00:00,180.06,180.06,180.01,27,180.01,1201,180.032681
2023-06-09 08:23:00+00:00,180.06,180.06,180.06,6,180.06,107,180.059252
2023-06-09 08:25:00+00:00,180.03,180.03,180.03,18,180.03,492,180.02752
2023-06-09 08:26:00+00:00,180.02,180.03,180.02,13,180.03,644,180.023137
2023-06-09 08:28:00+00:00,180.23,180.23,180.09,62,180.09,3578,180.169282
2023-06-09 08:29:00+00:00,180.22,180.25,180.22,12,180.25,543,180.233886
2023-06-09 08:30:00+00:00,180.21,180.22,180.21,19,180.22,1329,180.215478
2023-06-09 08:31:00+00:00,180.18,180.23,180.18,20,180.19,2533,180.192317
2023-06-09 08:32:00+00:00,180.2,180.2,180.2,9,180.2,283,180.197314
2023-06-09 08:36:00+00:00,180.2,180.2,180.2,14,180.2,229,180.209782
2023-06-09 08:38:00+00:00,180.2,180.2,180.2,11,180.2,312,180.204872
2023-06-09 08:40:00+00:00,180.28,180.3,180.28,28,180.28,1133,180.287899
2023-06-09 08:41:00+00:00,180.3,180.3,180.3,7,180.3,1217,180.299992
2023-06-09 08:45:00+00:00,180.33,180.33,180.3,23,180.3,1536,180.320221
2023-06-09 08:46:00+00:00,180.33,180.33,180.31,22,180.31,503,180.314712
2023-06-09 08:47:00+00:00,180.33,180.33,180.32,13,180.32,548,180.331314
2023-06-09 08:48:00+00:00,180.35,180.35,180.35,13,180.35,1072,180.35431
2023-06-09 08:50:00+00:00,180.36,180.36,180.36,4,180.36,214,180.365935
2023-06-09 08:51:00+00:00,180.36,180.36,180.36,7,180.36,226,180.360354
2023-06-09 08:52:00+00:00,180.4,180.42,180.4,14,180.42,709,180.419605
2023-06-09 08:54:00+00:00,180.35,180.36,180.35,19,180.36,1572,180.355057
2023-06-09 08:56:00+00:00,180.35,180.39,180.35,7,180.39,460,180.37537
2023-06-09 08:59:00+00:00,180.4,180.4,180.4,14,180.4,575,180.395096
2023-06-09 09:00:00+00:00,180.32,180.39,180.32,42,180.39,1127,180.342742
2023-06-09 09:01:00+00:00,180.32,180.32,180.32,22,180.32,1555,180.328669
2023-06-09 09:07:00+00:00,180.4,180.5,180.4,45,180.5,1469,180.468564
2023-06-09 09:08:00+00:00,180.38,180.4,180.38,24,180.4,1321,180.381264
2023-06-09 09:12:00+00:00,180.48,180.48,180.45,34,180.46,2179,180.474901
2023-06-09 09:13:00+00:00,180.5,180.5,180.48,27,180.48,14567,180.482395
2023-06-09 09:17:00+00:00,180.39,180.4,180.39,14,180.4,450,180.399156
2023-06-09 09:18:00+00:00,180.38,180.38,180.38,8,180.38,452,180.388031
2023-06-09 09:19:00+00:00,180.38,180.38,180.38,13,180.38,656,180.383354
2023-06-09 09:22:00+00:00,180.38,180.38,180.38,17,180.38,460,180.38837
2023-06-09 09:23:00+00:00,180.3,180.38,180.3,30,180.38,741,180.357355
2023-06-09 09:28:00+00:00,180.4,180.4,180.4,17,180.4,464,180.396358
2023-06-09 09:32:00+00:00,180.47,180.47,180.47,12,180.47,414,180.471353
2023-06-09 09:35:00+00:00,180.4,180.4,180.4,21,180.4,2340,180.405218
2023-06-09 09:36:00+00:00,180.31,180.4,180.31,36,180.4,1173,180.353802
2023-06-09 09:39:00+00:00,180.36,180.36,180.36,8,180.36,330,180.362424
2023-06-09 09:40:00+00:00,180.31,180.32,180.31,12,180.32,479,180.323528
2023-06-09 09:42:00+00:00,180.35,180.35,180.35,17,180.35,566,180.349452
2023-06-09 09:44:00+00:00,180.29,180.3,180.29,28,180.3,3041,180.301243
2023-06-09 09:46:00+00:00,180.25,180.25,180.25,8,180.25,208,180.258125
2023-06-09 09:51:00+00:00,180.24,180.24,180.24,4,180.24,221,180.240271
2023-06-09 09:52:00+00:00,180.24,180.24,180.24,15,180.24,1220,180.245459
2023-06-09 10:01:00+00:00,180.25,180.25,180.25,7,180.25,254,180.250551
2023-06-09 10:04:00+00:00,180.35,180.35,180.35,15,180.35,382,180.348979
2023-06-09 10:07:00+00:00,180.35,180.35,180.35,12,180.35,245,180.361837
2023-06-09 10:11:00+00:00,180.35,180.36,180.35,32,180.35,1869,180.353478
2023-06-09 10:12:00+00:00,180.25,180.35,180.25,37,180.35,2507,180.327551
2023-06-09 10:13:00+00:00,180.21,180.21,180.21,16,180.21,433,180.214388
2023-06-09 10:15:00+00:00,180.2,180.22,180.2,46,180.22,2411,180.202783
2023-06-09 10:17:00+00:00,180.21,180.21,180.21,3,180.21,458,180.210895
2023-06-09 10:19:00+00:00,180.27,180.27,180.22,12,180.22,862,180.238097
2023-06-09 10:20:00+00:00,180.27,180.27,180.2,50,180.27,4992,180.243249
2023-06-09 10:22:00+00:00,180.3,180.3,180.3,21,180.3,613,180.299967
2023-06-09 10:23:00+00:00,180.29,180.29,180.29,5,180.29,128,180.292266
2023-06-09 10:25:00+00:00,180.37,180.37,180.3,31,180.3,1141,180.317195
2023-06-09 10:32:00+00:00,180.25,180.25,180.25,25,180.25,1011,180.258783
2023-06-09 10:34:00+00:00,180.2,180.22,180.2,17,180.22,1211,180.205467
2023-06-09 10:36:00+00:00,180.2,180.26,180.2,9,180.25,1200,180.247908
2023-06-09 10:37:00+00:00,180.25,180.25,180.2,46,180.2,1085,180.213622
2023-06-09 10:38:00+00:00,180.2,180.21,180.2,5,180.21,1454,180.203446
2023-06-09 10:40:00+00:00,180.25,180.25,180.25,6,180.25,847,180.25
2023-06-09 10:41:00+00:00,180.2,180.2,180.2,25,180.2,1167,180.204096
2023-06-09 10:42:00+00:00,180.15,180.15,180.15,20,180.15,505,180.135465
2023-06-09 10:43:00+00:00,180.13,180.13,180.13,6,180.13,202,180.131238
2023-06-09 10:45:00+00:00,180.18,180.18,180.15,4,180.15,501,180.174052
2023-06-09 10:46:00+00:00,180.27,180.27,180.27,17,180.27,509,180.240118
2023-06-09 10:47:00+00:00,180.27,180.27,180.27,26,180.27,1004,180.293396
2023-06-09 10:49:00+00:00,180.23,180.23,180.23,8,180.23,225,180.231244
2023-06-09 10:53:00+00:00,180.25,180.25,180.25,2,180.25,159,180.25
2023-06-09 10:55:00+00:00,180.38,180.38,180.38,3,180.38,235,180.377277
2023-06-09 11:00:00+00:00,180.39,180.39,180.39,52,180.39,1105,180.358778
2023-06-09 11:01:00+00:00,180.33,180.39,180.33,55,180.39,1526,180.33713
2023-06-09 11:02:00+00:00,180.3,180.3,180.3,45,180.3,2037,180.306421
2023-06-09 11:03:00+00:00,180.25,180.3,180.25,80,180.29,4029,180.271914
2023-06-09 11:04:00+00:00,180.07,180.24,180.07,110,180.23,5535,180.17235
2023-06-09 11:07:00+00:00,180.1,180.18,180.1,23,180.18,897,180.158718
2023-06-09 11:08:00+00:00,180.16,180.17,180.16,15,180.17,598,180.170452
2023-06-09 11:09:00+00:00,180.25,180.25,180.25,9,180.25,158,180.233608
2023-06-09 11:10:00+00:00,180.22,180.23,180.22,25,180.23,1111,180.219586
2023-06-09 11:12:00+00:00,180.3,180.3,180.29,30,180.29,1100,180.282955
2023-06-09 11:14:00+00:00,180.3,180.3,180.3,12,180.3,278,180.309568
2023-06-09 11:15:00+00:00,180.34,180.34,180.34,224,180.34,1384,180.311647
2023-06-09 11:16:00+00:00,180.26,180.26,180.25,47,180.26,1588,180.273312
2023-06-09 11:18:00+00:00,180.33,180.34,180.33,17,180.34,687,180.317715
2023-06-09 11:19:00+00:00,180.5,180.5,180.34,116,180.34,5849,180.391708
2023-06-09 11:20:00+00:00,180.4,180.4,180.4,32,180.4,907,180.409912
2023-06-09 11:21:00+00:00,180.24,180.32,180.24,34,180.32,1085,180.279954
2023-06-09 11:22:00+00:00,180.34,180.34,180.34,7,180.34,223,180.3187
2023-06-09 11:26:00+00:00,180.4,180.4,180.35,55,180.35,1857,180.362687
2023-06-09 11:28:00+00:00,180.35,180.37,180.35,25,180.37,1001,180.36027
2023-06-09 11:29:00+00:00,180.35,180.35,180.35,23,180.35,774,180.358307
2023-06-09 11:31:00+00:00,180.42,180.42,180.42,16,180.42,346,180.407428
2023-06-09 11:38:00+00:00,180.53,180.53,180.53,84,180.53,1819,180.495135
2023-06-09 11:39:00+00:00,180.53,180.55,180.5,74,180.5,2261,180.521756
2023-06-09 11:40:00+00:00,180.5,180.5,180.5,31,180.5,1175,180.505694
2023-06-09 11:41:00+00:00,180.55,180.55,180.49,87,180.5,3124,180.5017
2023-06-09 11:43:00+00:00,180.55,180.55,180.55,15,180.55,310,180.540742
2023-06-09 11:44:00+00:00,180.6,180.65,180.55,133,180.55,6559,180.590142
2023-06-09 11:45:00+00:00,180.57,180.57,180.56,54,180.56,1614,180.569114
2023-06-09 11:46:00+00:00,180.62,180.62,180.62,41,180.62,1735,180.60445
2023-06-09 11:48:00+00:00,180.64,180.68,180.64,13,180.66,1030,180.652641
2023-06-09 11:49:00+00:00,180.65,180.69,180.65,65,180.68,2254,180.677085
2023-06-09 11:50:00+00:00,180.68,180.7,180.64,78,180.69,4531,180.680885
2023-06-09 11:51:00+00:00,180.59,180.59,180.59,44,180.59,1303,180.604229
2023-06-09 11:52:00+00:00,180.61,180.63,180.61,22,180.61,1052,180.617557
2023-06-09 11:53:00+00:00,180.58,180.61,180.58,31,180.58,988,180.584666
2023-06-09 11:54:00+00:00,180.58,180.58,180.58,24,180.58,1744,180.580464
2023-06-09 11:55:00+00:00,180.59,180.59,180.58,25,180.58,794,180.580428
2023-06-09 11:56:00+00:00,180.56,180.56,180.51,56,180.56,1910,180.552215
2023-06-09 11:57:00+00:00,180.57,180.57,180.56,28,180.56,1102,180.557604
2023-06-09 11:58:00+00:00,180.55,180.55,180.55,18,180.55,596,180.540671
2023-06-09 12:00:00+00:00,180.59,180.69,180.05,616,180.45,93383,180.520957
2023-06-09 12:01:00+00:00,180.26,180.67,180.26,1294,180.52,9772,180.427911
2023-06-09 12:02:00+00:00,180.5,180.59,180.1,624,180.29,4868,180.445278
2023-06-09 12:03:00+00:00,180.59,180.7,180.59,36,180.67,2460,180.669299
2023-06-09 12:04:00+00:00,180.7,180.7,180.59,47,180.59,2150,180.62106
2023-06-09 12:05:00+00:00,180.6136,180.6136,180.6136,58,180.6136,1259,180.613862
2023-06-09 12:06:00+00:00,180.64,180.64,180.64,27,180.64,403,180.623883
2023-06-09 12:07:00+00:00,180.63,180.63,180.6001,39,180.6001,2137,180.615306
2023-06-09 12:08:00+00:00,180.66,180.67,180.66,35,180.67,1249,180.666257
2023-06-09 12:09:00+00:00,180.8,180.8,180.7,121,180.7,5188,180.750375
2023-06-09 12:10:00+00:00,180.79,180.85,180.7612,70,180.7612,4442,180.79944
2023-06-09 12:11:00+00:00,180.77,180.77,180.77,38,180.77,1410,180.775397
2023-06-09 12:12:00+00:00,180.82,180.82,180.75,51,180.77,1376,180.785136
2023-06-09 12:13:00+00:00,180.78,180.82,180.78,41,180.82,1163,180.802737
2023-06-09 12:14:00+00:00,180.82,180.83,180.82,66,180.82,3119,180.822217
2023-06-09 12:15:00+00:00,180.82,180.82,180.82,40,180.82,1750,180.815358
2023-06-09 12:16:00+00:00,180.71,180.82,180.71,96,180.82,4388,180.771311
2023-06-09 12:17:00+00:00,180.75,180.75,180.75,64,180.75,1458,180.766231
2023-06-09 12:18:00+00:00,180.77,180.8,180.76,63,180.76,3373,180.781494
2023-06-09 12:19:00+00:00,180.81,180.82,180.81,58,180.82,1422,180.814404
2023-06-09 12:20:00+00:00,180.81,180.8401,180.8,87,180.81,3633,180.809201
2023-06-09 12:21:00+00:00,180.75,180.81,180.75,119,180.8,8449,180.785036
2023-06-09 12:22:00+00:00,180.75,180.8,180.71,82,180.71,4670,180.773392
2023-06-09 12:23:00+00:00,180.7,180.8,180.7,95,180.75,3229,180.744326
2023-06-09 12:24:00+00:00,180.65,180.66,180.52,135,180.66,9672,180.578132
2023-06-09 12:25:00+00:00,180.64,180.71,180.64,56,180.71,5228,180.685596
2023-06-09 12:26:00+00:00,180.62,180.64,180.62,46,180.64,1744,180.63962
2023-06-09 12:28:00+00:00,180.69,180.7,180.69,52,180.69,1813,180.691053
2023-06-09 12:29:00+00:00,180.58,180.62,180.58,100,180.62,2267,180.607484
2023-06-09 12:30:00+00:00,180.58,180.69,180.58,50,180.69,2409,180.624516
2023-06-09 12:31:00+00:00,180.58,180.72,180.58,131,180.69,5281,180.663905
2023-06-09 12:32:00+00:00,180.6,180.62,180.6,46,180.62,1175,180.615858
2023-06-09 12:33:00+00:00,180.64,180.64,180.64,41,180.64,439,180.644139
2023-06-09 12:34:00+00:00,180.56,180.58,180.56,100,180.58,2088,180.584459
2023-06-09 12:35:00+00:00,180.6,180.6,180.6,39,180.6,1375,180.598771
2023-06-09 12:37:00+00:00,180.64,180.64,180.64,59,180.64,1534,180.636167
2023-06-09 12:38:00+00:00,180.69,180.75,180.69,127,180.69,3664,180.693051
2023-06-09 12:39:00+00:00,180.62,180.69,180.62,121,180.64,3629,180.657269
2023-06-09 12:40:00+00:00,180.6611,180.69,180.6,57,180.69,2629,180.644635
2023-06-09 12:41:00+00:00,180.67,180.67,180.64,44,180.66,1808,180.650858
2023-06-09 12:42:00+00:00,180.67,180.67,180.6326,40,180.6608,1372,180.649009
2023-06-09 12:43:00+00:00,180.639,180.66,180.62,64,180.63,1763,180.637319
2023-06-09 12:44:00+00:00,180.75,180.75,180.62,78,180.6202,4810,180.672617
2023-06-09 12:45:00+00:00,180.7,180.72,180.69,43,180.72,1816,180.706851
2023-06-09 12:46:00+00:00,180.734,180.734,180.7,48,180.7,1089,180.713435
2023-06-09 12:47:00+00:00,180.67,180.74,180.67,59,180.734,2262,180.692878
2023-06-09 12:49:00+00:00,180.64,180.64,180.64,64,180.64,1974,180.66365
2023-06-09 12:50:00+00:00,180.64,180.64,180.64,28,180.64,553,180.650769
2023-06-09 12:51:00+00:00,180.7,180.7,180.7,37,180.7,508,180.694013
2023-06-09 12:52:00+00:00,180.7315,180.7354,180.7315,37,180.7354,628,180.726092
2023-06-09 12:53:00+00:00,180.75,180.75,180.72,40,180.72,1317,180.733354
2023-06-09 12:54:00+00:00,180.7887,180.8,180.75,78,180.75,2638,180.762169
2023-06-09 12:55:00+00:00,180.73,180.79,180.73,70,180.75,4394,180.740781
2023-06-09 12:56:00+00:00,180.7,180.72,180.7,72,180.72,6468,180.717601
2023-06-09 12:57:00+00:00,180.76,180.77,180.7,63,180.7,4018,180.730601
2023-06-09 12:58:00+00:00,180.75,180.75,180.75,54,180.75,912,180.739684
2023-06-09 12:59:00+00:00,180.77,180.77,180.75,52,180.75,4310,180.759679
2023-06-09 13:00:00+00:00,180.77,180.78,180.76,46,180.77,1975,180.766572
2023-06-09 13:01:00+00:00,180.79,180.79,180.79,46,180.79,518,180.782211
2023-06-09 13:02:00+00:00,180.69,180.78,180.69,186,180.78,22840,180.734761
2023-06-09 13:03:00+00:00,180.7,180.7,180.66,83,180.68,5915,180.673175
2023-06-09 13:04:00+00:00,180.77,180.77,180.7,60,180.7,1832,180.729835
2023-06-09 13:05:00+00:00,180.77,180.77,180.74,93,180.77,3249,180.749906
2023-06-09 13:06:00+00:00,180.76,180.76,180.75,58,180.75,2218,180.750452
2023-06-09 13:07:00+00:00,180.8,180.8,180.75,120,180.75,7109,180.764856
2023-06-09 13:08:00+00:00,180.79,180.81,180.78,92,180.8,7427,180.792708
2023-06-09 13:09:00+00:00,180.73,180.8,180.73,86,180.8,3286,180.763692
2023-06-09 13:10:00+00:00,180.74,180.74,180.7,155,180.73,4753,180.727282
2023-06-09 13:11:00+00:00,180.75,180.75,180.71,76,180.74,5568,180.736137
2023-06-09 13:12:00+00:00,180.8,180.8,180.75,83,180.75,2318,180.773323
2023-06-09 13:13:00+00:00,180.782,180.81,180.77,87,180.77,3793,180.790295
2023-06-09 13:14:00+00:00,180.8,180.81,180.8,60,180.81,2010,180.804835
2023-06-09 13:15:00+00:00,180.82,180.82,180.81,67,180.81,1423,180.812265
2023-06-09 13:16:00+00:00,180.82,180.82,180.82,56,180.82,1039,180.817833
2023-06-09 13:17:00+00:00,180.92,180.93,180.82,260,180.82,7312,180.864403
2023-06-09 13:18:00+00:00,180.94,180.98,180.93,182,180.94,6213,180.944982
2023-06-09 13:19:00+00:00,181.13,181.13,180.97,457,180.97,32410,181.040949
2023-06-09 13:20:00+00:00,181.0908,181.151,181.09,212,181.13,20800,181.113724
2023-06-09 13:21:00+00:00,181.14,181.14,181.1,133,181.1,9941,181.114602
2023-06-09 13:22:00+00:00,181.14,181.19,181.1,157,181.17,11812,181.145251
2023-06-09 13:23:00+00:00,181.04,181.09,181.03,159,181.09,11393,181.041874
2023-06-09 13:24:00+00:00,181.0499,181.05,181.02,119,181.02,6132,181.0373
2023-06-09 13:25:00+00:00,181.13,181.16,181.01,172,181.05,13109,181.102657
2023-06-09 13:26:00+00:00,181.15,181.15,181.11,53,181.11,1972,181.126673
2023-06-09 13:27:00+00:00,181.29,181.29,181.14,265,181.14,20148,181.213667
2023-06-09 13:28:00+00:00,181.351,181.39,181.29,263,181.3,10716,181.339882
2023-06-09 13:29:00+00:00,181.52,181.52,181.35,205,181.35,10816,181.415289
2023-06-09 13:30:00+00:00,181.68,182.0,181.49,9709,181.52,1168072,181.651847
2023-06-09 13:31:00+00:00,181.77,181.94,181.67,2821,181.68,204827,181.813482
2023-06-09 13:32:00+00:00,181.98,182.03,181.7601,4335,181.77,458017,181.94671
2023-06-09 13:33:00+00:00,182.06,182.14,181.9,3583,181.99,321302,182.036534
2023-06-09 13:34:00+00:00,181.72,182.09,181.61,3142,182.08,296736,181.824426
2023-06-09 13:35:00+00:00,181.735,181.82,181.65,2412,181.72,177869,181.726677
2023-06-09 13:36:00+00:00,181.63,181.805,181.55,2568,181.735,216107,181.710867
2023-06-09 13:37:00+00:00,181.63,181.71,181.5,2302,181.6209,190727,181.605102
2023-06-09 13:38:00+00:00,181.59,181.71,181.5401,1838,181.6391,129071,181.640564
2023-06-09 13:39:00+00:00,181.41,181.63,181.4,2130,181.58,157711,181.544877
2023-06-09 13:40:00+00:00,181.3,181.54,181.27,2277,181.41,179515,181.388353
2023-06-09 13:41:00+00:00,181.67,181.68,181.24,2753,181.2934,257114,181.42465
2023-06-09 13:42:00+00:00,181.64,181.7,181.55,2155,181.6734,176360,181.619491
2023-06-09 13:43:00+00:00,181.61,181.75,181.56,1865,181.66,131816,181.662631
2023-06-09 13:44:00+00:00,181.4449,181.61,181.4,1670,181.61,116083,181.49311
2023-06-09 13:45:00+00:00,181.69,181.73,181.46,1587,181.46,120433,181.639875
2023-06-09 13:46:00+00:00,181.71,181.8,181.6735,3530,181.6735,192311,181.747949
2023-06-09 13:47:00+00:00,181.7388,181.78,181.67,3703,181.7128,161431,181.732973
2023-06-09 13:48:00+00:00,181.76,181.855,181.7,3734,181.72,142616,181.780718
2023-06-09 13:49:00+00:00,181.7547,181.87,181.735,3451,181.76,135797,181.805552
2023-06-09 13:50:00+00:00,182.01,182.09,181.77,4824,181.77,237203,181.972825
2023-06-09 13:51:00+00:00,182.17,182.185,182.0,4286,182.01,214477,182.117375
2023-06-09 13:52:00+00:00,182.1,182.19,182.05,3643,182.17,131647,182.122346
2023-06-09 13:53:00+00:00,181.995,182.13,181.96,3788,182.105,143865,182.031538
2023-06-09 13:54:00+00:00,182.15,182.17,181.9501,3581,181.99,122643,182.060652
2023-06-09 13:55:00+00:00,181.74,182.16,181.7,4370,182.16,314023,181.950652
2023-06-09 13:56:00+00:00,181.575,181.81,181.56,4115,181.74,158581,181.688312
2023-06-09 13:57:00+00:00,181.54,181.6,181.5,3996,181.57,165633,181.538327
2023-06-09 13:58:00+00:00,181.58,181.64,181.5,3620,181.5399,158553,181.580102
2023-06-09 13:59:00+00:00,181.58,181.67,181.51,3620,181.6,156945,181.572373
2023-06-09 14:00:00+00:00,181.615,181.615,181.5,3575,181.59,136025,181.560574
2023-06-09 14:01:00+00:00,181.72,181.72,181.585,3840,181.6,137562,181.663056
2023-06-09 14:02:00+00:00,181.78,181.81,181.7,3650,181.71,136181,181.757267
2023-06-09 14:03:00+00:00,181.78,181.81,181.67,3716,181.77,102251,181.737228
2023-06-09 14:04:00+00:00,181.765,181.83,181.695,3705,181.78,137926,181.770002
2023-06-09 14:05:00+00:00,181.97,181.97,181.7401,3651,181.7612,138638,181.867984
2023-06-09 14:06:00+00:00,181.86,182.03,181.85,4157,181.9744,177349,181.969265
2023-06-09 14:07:00+00:00,181.77,181.87,181.72,3447,181.87,109389,181.787238
2023-06-09 14:08:00+00:00,181.66,181.79,181.59,3457,181.78,100031,181.665438
2023-06-09 14:09:00+00:00,181.53,181.66,181.51,3735,181.66,170514,181.572684
2023-06-09 14:10:00+00:00,181.42,181.565,181.39,3668,181.53,192950,181.487721
2023-06-09 14:11:00+00:00,181.495,181.5,181.345,3654,181.42,178507,181.416697
2023-06-09 14:12:00+00:00,181.6165,181.63,181.48,3606,181.49,194387,181.559852
2023-06-09 14:13:00+00:00,181.575,181.67,181.4916,3449,181.595,113589,181.589696
2023-06-09 14:14:00+00:00,181.545,181.65,181.535,3241,181.57,100203,181.588635
2023-06-09 14:15:00+00:00,181.545,181.63,181.5,3703,181.54,147837,181.556067
2023-06-09 14:16:00+00:00,181.46,181.55,181.415,3625,181.55,106975,181.485075
2023-06-09 14:17:00+00:00,181.505,181.57,181.43,3630,181.4699,130912,181.496399
2023-06-09 14:18:00+00:00,181.58,181.64,181.45,3570,181.505,146262,181.552306
2023-06-09 14:19:00+00:00,181.735,181.75,181.6,3699,181.6,141426,181.679954
2023-06-09 14:20:00+00:00,181.87,181.93,181.66,4208,181.735,197646,181.782953
2023-06-09 14:21:00+00:00,182.02,182.11,181.81,5175,181.88,312185,182.001129
2023-06-09 14:22:00+00:00,182.015,182.0467,181.97,3953,182.025,177167,182.000242
2023-06-09 14:23:00+00:00,182.0475,182.0499,181.96,3386,182.015,117610,182.011231
2023-06-09 14:24:00+00:00,182.0,182.05,181.98,3338,182.05,128482,182.016425
2023-06-09 14:25:00+00:00,181.97,182.04,181.9009,3563,181.99,132605,181.989035
2023-06-09 14:26:00+00:00,181.7301,181.97,181.7,3868,181.96,159376,181.788383
2023-06-09 14:27:00+00:00,181.8091,181.92,181.73,3281,181.73,96013,181.838332
2023-06-09 14:28:00+00:00,181.865,181.91,181.8,1500,181.81,78311,181.858885
2023-06-09 14:29:00+00:00,181.92,181.94,181.7901,1097,181.87,74178,181.872702
2023-06-09 14:30:00+00:00,181.98,182.015,181.9156,1326,181.92,113617,181.975398
2023-06-09 14:31:00+00:00,181.95,182.1,181.89,1495,181.99,145514,181.993724
2023-06-09 14:32:00+00:00,181.945,182.02,181.93,1181,181.96,88048,181.985036
2023-06-09 14:33:00+00:00,181.891,182.02,181.8609,1197,181.95,96763,181.943258
2023-06-09 14:34:00+00:00,181.7435,181.91,181.69,1507,181.9,137739,181.76788
2023-06-09 14:35:00+00:00,181.74,181.76,181.6507,1211,181.7499,100898,181.707639
2023-06-09 14:36:00+00:00,181.76,181.76,181.7001,1100,181.735,94276,181.736135
2023-06-09 14:37:00+00:00,181.865,181.91,181.7513,1254,181.76,95103,181.832794
2023-06-09 14:38:00+00:00,181.75,181.88,181.75,857,181.86,63810,181.797174
2023-06-09 14:39:00+00:00,181.725,181.81,181.725,900,181.7438,60788,181.773323
2023-06-09 14:40:00+00:00,181.68,181.74,181.58,1313,181.73,103376,181.63889
2023-06-09 14:41:00+00:00,181.5,181.6801,181.46,1670,181.68,140327,181.562282
2023-06-09 14:42:00+00:00,181.4901,181.54,181.382,1885,181.51,160572,181.45705
2023-06-09 14:43:00+00:00,181.3203,181.51,181.28,1766,181.5,165123,181.345933
2023-06-09 14:44:00+00:00,181.4,181.48,181.325,1155,181.325,87087,181.414844
2023-06-09 14:45:00+00:00,181.31,181.415,181.26,1056,181.41,96367,181.325573
2023-06-09 14:46:00+00:00,181.3914,181.4,181.28,860,181.32,66007,181.333165
2023-06-09 14:47:00+00:00,181.47,181.58,181.38,1396,181.4,138076,181.495466
2023-06-09 14:48:00+00:00,181.55,181.555,181.42,1241,181.48,117670,181.495899
2023-06-09 14:49:00+00:00,181.2729,181.56,181.25,1921,181.56,186507,181.415831
2023-06-09 14:50:00+00:00,181.08,181.28,181.02,1923,181.27,160750,181.152561
2023-06-09 14:51:00+00:00,181.23,181.23,180.98,2284,181.085,193488,181.068793
2023-06-09 14:52:00+00:00,181.33,181.39,181.22,1648,181.235,150501,181.323973
2023-06-09 14:53:00+00:00,181.29,181.33,181.25,933,181.33,69274,181.287126
2023-06-09 14:54:00+00:00,181.225,181.3,181.2119,862,181.29,61660,181.259003
2023-06-09 14:55:00+00:00,181.3099,181.32,181.12,1180,181.22,94428,181.235378
2023-06-09 14:56:00+00:00,181.36,181.39,181.28,1238,181.31,103786,181.335012
2023-06-09 14:57:00+00:00,181.41,181.41,181.3077,983,181.359,85709,181.370715
2023-06-09 14:58:00+00:00,181.2901,181.415,181.275,979,181.415,98632,181.340875
2023-06-09 14:59:00+00:00,181.4,181.43,181.26,1257,181.3001,113766,181.336252
2023-06-09 15:00:00+00:00,181.39,181.44,181.3401,917,181.3988,65457,181.395139
2023-06-09 15:01:00+00:00,181.445,181.446,181.33,934,181.4,68418,181.37853
2023-06-09 15:02:00+00:00,181.5,181.5,181.38,1031,181.45,75711,181.441917
2023-06-09 15:03:00+00:00,181.55,181.5699,181.44,1014,181.49,87157,181.49648
2023-06-09 15:04:00+00:00,181.53,181.595,181.5,1105,181.54,153930,181.54688
2023-06-09 15:05:00+00:00,181.425,181.55,181.425,1191,181.535,136852,181.492337
2023-06-09 15:06:00+00:00,181.55,181.6,181.42,1058,181.43,90463,181.539993
2023-06-09 15:07:00+00:00,181.745,181.76,181.545,1283,181.5683,117384,181.673328
2023-06-09 15:08:00+00:00,181.8101,181.82,181.69,924,181.745,75811,181.740467
2023-06-09 15:09:00+00:00,181.77,181.8577,181.77,1058,181.8199,90829,181.811759
2023-06-09 15:10:00+00:00,181.89,181.9,181.77,1006,181.77,84625,181.841917
2023-06-09 15:11:00+00:00,181.9617,181.99,181.89,1265,181.89,120351,181.937234
2023-06-09 15:12:00+00:00,181.9399,181.98,181.86,848,181.9575,87901,181.907911
2023-06-09 15:13:00+00:00,181.9793,181.9878,181.91,761,181.93,58410,181.942612
2023-06-09 15:14:00+00:00,182.07,182.07,181.97,1775,181.98,185244,182.011007
2023-06-09 15:15:00+00:00,181.955,182.065,181.94,1159,182.06,107002,182.006824
2023-06-09 15:16:00+00:00,181.83,181.95,181.76,1164,181.95,138439,181.871149
2023-06-09 15:17:00+00:00,181.835,181.89,181.76,975,181.8301,91549,181.813684
2023-06-09 15:18:00+00:00,181.8,181.86,181.765,727,181.82,58161,181.83087
2023-06-09 15:19:00+00:00,181.82,181.83,181.7,1268,181.8,135854,181.759722
2023-06-09 15:20:00+00:00,181.885,181.92,181.78,829,181.82,81456,181.848656
2023-06-09 15:21:00+00:00,181.75,181.88,181.725,1094,181.88,99468,181.795407
2023-06-09 15:22:00+00:00,181.57,181.75,181.57,1161,181.75,100336,181.60858
2023-06-09 15:23:00+00:00,181.7004,181.7599,181.545,1147,181.55,95272,181.67798
2023-06-09 15:24:00+00:00,181.755,181.76,181.61,1347,181.71,130479,181.686963
2023-06-09 15:25:00+00:00,181.28,181.76,181.28,2428,181.75,233432,181.461405
2023-06-09 15:26:00+00:00,181.25,181.27,181.13,1427,181.27,168712,181.188196
2023-06-09 15:27:00+00:00,181.44,181.47,181.265,1866,181.27,202018,181.375369
2023-06-09 15:28:00+00:00,181.24,181.47,181.2,1575,181.445,161090,181.326801
2023-06-09 15:29:00+00:00,181.23,181.3299,181.21,1274,181.23,135915,181.254734
2023-06-09 15:30:00+00:00,181.16,181.25,181.08,1919,181.225,160980,181.177856
2023-06-09 15:31:00+00:00,181.07,181.16,180.97,2667,181.16,215874,181.072953
2023-06-09 15:32:00+00:00,181.025,181.1099,181.02,1115,181.06,95542,181.061389
2023-06-09 15:33:00+00:00,181.1095,181.1178,180.99,1424,181.02,114289,181.046299
2023-06-09 15:34:00+00:00,181.22,181.24,181.07,1843,181.1,164339,181.180279
2023-06-09 15:35:00+00:00,181.24,181.285,181.2,1016,181.21,73247,181.234108
2023-06-09 15:36:00+00:00,181.3101,181.33,181.24,906,181.24,83855,181.276739
2023-06-09 15:37:00+00:00,181.31,181.355,181.295,967,181.32,85412,181.319255
2023-06-09 15:38:00+00:00,181.4041,181.44,181.285,941,181.31,85353,181.357934
2023-06-09 15:39:00+00:00,181.29,181.42,181.26,1126,181.4,97611,181.343286
2023-06-09 15:40:00+00:00,181.29,181.41,181.23,945,181.305,82687,181.331192
2023-06-09 15:41:00+00:00,181.37,181.3787,181.26,856,181.281,71911,181.305137
2023-06-09 15:42:00+00:00,181.4389,181.44,181.31,872,181.36,70445,181.356484
2023-06-09 15:43:00+00:00,181.4122,181.445,181.2804,935,181.44,85108,181.365997
2023-06-09 15:44:00+00:00,181.4587,181.49,181.405,1017,181.41,82823,181.454126
2023-06-09 15:45:00+00:00,181.29,181.49,181.29,1096,181.455,90897,181.401308
2023-06-09 15:46:00+00:00,181.2701,181.3,181.175,1080,181.275,101497,181.240452
2023-06-09 15:47:00+00:00,181.265,181.31,181.25,830,181.28,66300,181.281216
2023-06-09 15:48:00+00:00,181.33,181.37,181.231,760,181.25,60094,181.298909
2023-06-09 15:49:00+00:00,181.27,181.32,181.2,810,181.32,63766,181.265477
2023-06-09 15:50:00+00:00,181.24,181.275,181.21,754,181.275,57428,181.244537
2023-06-09 15:51:00+00:00,181.12,181.24,181.12,869,181.24,86143,181.181099
2023-06-09 15:52:00+00:00,181.08,181.17,181.045,952,181.12,89168,181.119421
2023-06-09 15:53:00+00:00,181.3415,181.35,181.08,794,181.089,68293,181.225916
2023-06-09 15:54:00+00:00,181.2457,181.36,181.23,726,181.34,79369,181.286998
2023-06-09 15:55:00+00:00,181.17,181.2879,181.14,848,181.24,71673,181.212213
2023-06-09 15:56:00+00:00,181.02,181.21,181.01,948,181.17,86849,181.092281
2023-06-09 15:57:00+00:00,180.95,181.05,180.89,1354,181.01,106773,180.964999
2023-06-09 15:58:00+00:00,180.965,181.02,180.92,744,180.94,57275,180.983467
2023-06-09 15:59:00+00:00,180.92,181.01,180.86,875,180.97,70063,180.931234
2023-06-09 16:00:00+00:00,180.83,180.9699,180.77,1297,180.9,95318,180.875697
2023-06-09 16:01:00+00:00,180.65,180.8995,180.65,1791,180.84,133661,180.742966
2023-06-09 16:02:00+00:00,180.8804,180.89,180.63,1088,180.65,84686,180.781513
2023-06-09 16:03:00+00:00,181.0021,181.01,180.87,977,180.89,84399,180.939978
2023-06-09 16:04:00+00:00,181.18,181.19,180.965,999,181.01,95066,181.06941
2023-06-09 16:05:00+00:00,181.2868,181.32,181.16,1427,181.16,167846,181.251113
2023-06-09 16:06:00+00:00,181.2,181.32,181.1588,1014,181.285,100587,181.228791
2023-06-09 16:07:00+00:00,181.2817,181.32,181.17,1111,181.2,111956,181.246557
2023-06-09 16:08:00+00:00,181.27,181.3298,181.2,766,181.29,73660,181.252124
2023-06-09 16:09:00+00:00,181.195,181.28,181.13,808,181.28,76568,181.210702
2023-06-09 16:10:00+00:00,181.175,181.25,181.14,807,181.2,76218,181.177444
2023-06-09 16:11:00+00:00,181.29,181.34,181.1771,883,181.179,81996,181.287727
2023-06-09 16:12:00+00:00,181.23,181.295,181.2222,639,181.28,50376,181.250708
2023-06-09 16:13:00+00:00,181.29,181.32,181.235,554,181.235,41971,181.286647
2023-06-09 16:14:00+00:00,181.37,181.39,181.29,918,181.2984,81829,181.333095
2023-06-09 16:15:00+00:00,181.3001,181.375,181.3,786,181.37,74388,181.338648
2023-06-09 16:16:00+00:00,181.375,181.39,181.29,854,181.3,76219,181.361821
2023-06-09 16:17:00+00:00,181.465,181.53,181.37,1296,181.37,128299,181.465335
2023-06-09 16:18:00+00:00,181.47,181.495,181.4282,788,181.46,77356,181.462496
2023-06-09 16:19:00+00:00,181.53,181.5301,181.41,816,181.475,67603,181.483904
2023-06-09 16:20:00+00:00,181.415,181.525,181.39,664,181.525,50680,181.441492
2023-06-09 16:21:00+00:00,181.38,181.44,181.33,559,181.4189,57105,181.387895
2023-06-09 16:22:00+00:00,181.31,181.3899,181.27,869,181.38,63513,181.322402
2023-06-09 16:23:00+00:00,181.3,181.405,181.27,1041,181.3391,90863,181.307289
2023-06-09 16:24:00+00:00,181.42,181.425,181.3,705,181.3,55800,181.35438
2023-06-09 16:25:00+00:00,181.303,181.43,181.2904,632,181.4101,53141,181.365779
2023-06-09 16:26:00+00:00,181.23,181.35,181.17,1086,181.32,99062,181.250498
2023-06-09 16:27:00+00:00,181.13,181.23,181.07,1052,181.22,92851,181.137109
2023-06-09 16:28:00+00:00,181.2042,181.22,181.05,834,181.13,63299,181.133856
2023-06-09 16:29:00+00:00,181.16,181.26,181.16,709,181.21,46293,181.208266
2023-06-09 16:30:00+00:00,181.25,181.26,181.12,639,181.17,44320,181.187041
2023-06-09 16:31:00+00:00,181.315,181.33,181.22,756,181.25,69981,181.280687
2023-06-09 16:32:00+00:00,181.32,181.35,181.28,586,181.32,46886,181.315697
2023-06-09 16:33:00+00:00,181.28,181.37,181.25,662,181.33,47595,181.305817
2023-06-09 16:34:00+00:00,181.2801,181.33,181.25,537,181.28,26319,181.286332
2023-06-09 16:35:00+00:00,181.26,181.3,181.2119,590,181.28,46419,181.259628
2023-06-09 16:36:00+00:00,181.155,181.26,181.11,630,181.255,344998,181.206773
2023-06-09 16:37:00+00:00,181.17,181.22,181.14,539,181.15,37776,181.184155
2023-06-09 16:38:00+00:00,181.1,181.17,181.06,591,181.17,36154,181.111962
2023-06-09 16:39:00+00:00,181.115,181.15,181.08,740,181.11,79766,181.163798
2023-06-09 16:40:00+00:00,181.065,181.115,180.94,972,181.115,73436,181.023467
2023-06-09 16:41:00+00:00,181.24,181.25,181.07,999,181.075,96531,181.176267
2023-06-09 16:42:00+00:00,181.27,181.29,181.24,795,181.24,70600,181.266509
2023-06-09 16:43:00+00:00,181.275,181.32,181.23,767,181.2891,70440,181.296996
2023-06-09 16:44:00+00:00,181.26,181.3,181.25,896,181.28,25450,181.274506
2023-06-09 16:45:00+00:00,181.345,181.3499,181.25,617,181.27,43350,181.302112
2023-06-09 16:46:00+00:00,181.34,181.35,181.3,619,181.3479,42321,181.332899
2023-06-09 16:47:00+00:00,181.36,181.365,181.26,612,181.34,43843,181.307449
2023-06-09 16:48:00+00:00,181.48,181.49,181.345,972,181.35,84348,181.429652
2023-06-09 16:49:00+00:00,181.52,181.52,181.45,821,181.48,73644,181.48981
2023-06-09 16:50:00+00:00,181.477,181.51,181.45,530,181.505,43028,181.473235
2023-06-09 16:51:00+00:00,181.45,181.5,181.41,606,181.48,46368,181.45399
2023-06-09 16:52:00+00:00,181.51,181.58,181.45,982,181.45,113132,181.526191
2023-06-09 16:53:00+00:00,181.375,181.54,181.355,1046,181.5001,111649,181.440057
2023-06-09 16:54:00+00:00,181.369,181.415,181.34,607,181.4,43847,181.390784
2023-06-09 16:55:00+00:00,181.29,181.38,181.26,764,181.3686,65298,181.309143
2023-06-09 16:56:00+00:00,181.395,181.4,181.25,660,181.3,42670,181.331584
2023-06-09 16:57:00+00:00,181.42,181.43,181.38,577,181.4,54761,181.408864
2023-06-09 16:58:00+00:00,181.365,181.41,181.33,630,181.41,45258,181.375465
2023-06-09 16:59:00+00:00,181.39,181.4,181.315,653,181.37,65852,181.362057
2023-06-09 17:00:00+00:00,181.35,181.41,181.32,639,181.4099,49510,181.357886
2023-06-09 17:01:00+00:00,181.375,181.38,181.28,643,181.3421,54537,181.336376
2023-06-09 17:02:00+00:00,181.3027,181.39,181.3,524,181.38,40191,181.352458
2023-06-09 17:03:00+00:00,181.36,181.365,181.3,483,181.305,32709,181.326858
2023-06-09 17:04:00+00:00,181.37,181.42,181.3682,555,181.37,60523,181.400713
2023-06-09 17:05:00+00:00,181.39,181.435,181.37,614,181.37,43628,181.401752
2023-06-09 17:06:00+00:00,181.4,181.4377,181.3784,499,181.3901,33883,181.402868
2023-06-09 17:07:00+00:00,181.47,181.5236,181.4,787,181.4,77281,181.470326
2023-06-09 17:08:00+00:00,181.4591,181.48,181.4228,512,181.48,43246,181.458176
2023-06-09 17:09:00+00:00,181.5,181.5,181.44,506,181.46,39420,181.471232
2023-06-09 17:10:00+00:00,181.4518,181.51,181.4518,442,181.5,20912,181.487718
2023-06-09 17:11:00+00:00,181.455,181.47,181.4201,584,181.46,47988,181.449311
2023-06-09 17:12:00+00:00,181.405,181.465,181.369,531,181.46,38356,181.406334
2023-06-09 17:13:00+00:00,181.4,181.44,181.3715,493,181.4,37462,181.401139
2023-06-09 17:14:00+00:00,181.41,181.48,181.4,540,181.4099,43064,181.439813
2023-06-09 17:15:00+00:00,181.345,181.425,181.33,885,181.41,73037,181.38134
2023-06-09 17:16:00+00:00,181.42,181.43,181.3408,511,181.35,52430,181.379041
2023-06-09 17:17:00+00:00,181.385,181.42,181.36,577,181.415,42086,181.394929
2023-06-09 17:18:00+00:00,181.365,181.4,181.3201,428,181.3801,29774,181.358898
2023-06-09 17:19:00+00:00,181.34,181.39,181.32,557,181.355,40918,181.356443
2023-06-09 17:20:00+00:00,181.385,181.41,181.3101,527,181.34,39727,181.356841
2023-06-09 17:21:00+00:00,181.385,181.46,181.37,557,181.39,51294,181.424867
2023-06-09 17:22:00+00:00,181.44,181.44,181.36,489,181.4,32839,181.395132
2023-06-09 17:23:00+00:00,181.4006,181.49,181.4,618,181.43,56148,181.442204
2023-06-09 17:24:00+00:00,181.525,181.53,181.41,713,181.41,82768,181.487191
2023-06-09 17:25:00+00:00,181.555,181.56,181.48,453,181.5294,37842,181.516935
2023-06-09 17:26:00+00:00,181.555,181.6,181.54,781,181.555,77563,181.579228
2023-06-09 17:27:00+00:00,181.625,181.64,181.56,601,181.56,38402,181.606102
2023-06-09 17:28:00+00:00,181.66,181.68,181.59,776,181.625,63025,181.639162
2023-06-09 17:29:00+00:00,181.66,181.7,181.64,540,181.67,39624,181.668874
2023-06-09 17:30:00+00:00,181.6604,181.685,181.65,684,181.67,28944,181.670249
2023-06-09 17:31:00+00:00,181.715,181.72,181.62,795,181.66,49655,181.674521
2023-06-09 17:32:00+00:00,181.605,181.74,181.6,1024,181.72,83170,181.690026
2023-06-09 17:33:00+00:00,181.69,181.705,181.6,713,181.6,57006,181.657926
2023-06-09 17:34:00+00:00,181.71,181.71,181.64,507,181.6846,47423,181.680717
2023-06-09 17:35:00+00:00,181.67,181.77,181.67,859,181.7102,80234,181.719757
2023-06-09 17:36:00+00:00,181.68,181.71,181.64,478,181.675,58467,181.677997
2023-06-09 17:37:00+00:00,181.66,181.69,181.64,532,181.68,50649,181.672443
2023-06-09 17:38:00+00:00,181.655,181.67,181.62,396,181.65,26382,181.64989
2023-06-09 17:39:00+00:00,181.705,181.71,181.65,701,181.655,56544,181.680061
2023-06-09 17:40:00+00:00,181.72,181.72,181.68,551,181.71,49999,181.700106
2023-06-09 17:41:00+00:00,181.83,181.83,181.73,1008,181.73,87318,181.785369
2023-06-09 17:42:00+00:00,181.785,181.83,181.7816,510,181.83,35869,181.810707
2023-06-09 17:43:00+00:00,181.785,181.79,181.74,676,181.78,59472,181.763524
2023-06-09 17:44:00+00:00,181.85,181.85,181.78,506,181.785,47233,181.828833
2023-06-09 17:45:00+00:00,181.845,181.87,181.829,649,181.855,44374,181.849764
2023-06-09 17:46:00+00:00,181.92,181.93,181.83,932,181.85,103469,181.890327
2023-06-09 17:47:00+00:00,181.93,181.95,181.9,662,181.916,44572,181.930012
2023-06-09 17:48:00+00:00,181.81,181.9302,181.81,831,181.93,78938,181.878089
2023-06-09 17:49:00+00:00,181.78,181.81,181.68,1235,181.8,111786,181.756065
2023-06-09 17:50:00+00:00,181.8616,181.87,181.78,583,181.78,49039,181.834531
2023-06-09 17:51:00+00:00,181.85,181.87,181.7801,536,181.8629,48846,181.822311
2023-06-09 17:52:00+00:00,181.93,181.945,181.82,547,181.84,54863,181.875987
2023-06-09 17:53:00+00:00,181.915,181.94,181.86,606,181.92,54565,181.90114
2023-06-09 17:54:00+00:00,181.979,181.98,181.88,630,181.915,49886,181.937671
2023-06-09 17:55:00+00:00,182.03,182.03,181.95,2132,181.97,224934,181.995475
2023-06-09 17:56:00+00:00,181.9201,182.03,181.92,769,182.0286,70332,181.978511
2023-06-09 17:57:00+00:00,181.97,181.97,181.88,775,181.92,59297,181.915527
2023-06-09 17:58:00+00:00,181.99,182.01,181.9595,711,181.9725,62202,181.986793
2023-06-09 17:59:00+00:00,182.025,182.03,181.97,725,181.995,49407,181.993656
2023-06-09 18:00:00+00:00,181.9406,182.05,181.94,736,182.03,58442,181.996722
2023-06-09 18:01:00+00:00,181.9,181.95,181.85,774,181.9498,97941,181.853021
2023-06-09 18:02:00+00:00,181.925,181.943,181.85,502,181.9,44641,181.905914
2023-06-09 18:03:00+00:00,181.9547,181.99,181.92,507,181.925,51047,181.955776
2023-06-09 18:04:00+00:00,181.9289,181.955,181.9,452,181.95,27827,181.925841
2023-06-09 18:05:00+00:00,181.9686,181.97,181.91,502,181.92,36302,181.94461
2023-06-09 18:06:00+00:00,181.9,181.9778,181.89,661,181.97,50833,181.927723
2023-06-09 18:07:00+00:00,181.9483,181.9503,181.88,650,181.905,59945,181.910167
2023-06-09 18:08:00+00:00,181.935,181.96,181.89,483,181.94,24842,181.932009
2023-06-09 18:09:00+00:00,181.92,181.96,181.9,473,181.93,26397,181.935198
2023-06-09 18:10:00+00:00,181.98,182.02,181.925,835,181.925,70697,181.983697
2023-06-09 18:11:00+00:00,182.045,182.045,181.97,714,181.97,70975,182.024132
2023-06-09 18:12:00+00:00,182.025,182.055,182.01,701,182.045,73517,182.032568
2023-06-09 18:13:00+00:00,181.95,182.03,181.93,668,182.025,50229,181.992283
2023-06-09 18:14:00+00:00,181.99,182.0,181.9412,590,181.9412,42224,181.973646
2023-06-09 18:15:00+00:00,181.94,181.9888,181.91,596,181.9888,43470,181.946468
2023-06-09 18:16:00+00:00,181.87,181.955,181.848,782,181.955,66407,181.88375
2023-06-09 18:17:00+00:00,181.835,181.88,181.83,623,181.87,44812,181.850872
2023-06-09 18:18:00+00:00,181.877,181.89,181.83,560,181.83,44086,181.858027
2023-06-09 18:19:00+00:00,181.93,181.935,181.8612,633,181.8742,49053,181.895488
2023-06-09 18:20:00+00:00,181.935,181.9688,181.915,632,181.93,59657,181.940308
2023-06-09 18:21:00+00:00,182.06,182.06,181.94,871,181.94,98623,182.026131
2023-06-09 18:22:00+00:00,182.1595,182.17,182.045,1664,182.05,144237,182.110214
2023-06-09 18:23:00+00:00,182.17,182.17,182.1,878,182.15,70637,182.141584
2023-06-09 18:24:00+00:00,182.19,182.23,182.1699,1556,182.1699,159186,182.197518
2023-06-09 18:25:00+00:00,182.2,182.21,182.13,757,182.1976,61183,182.172065
2023-06-09 18:26:00+00:00,182.13,182.2,182.095,664,182.2,58171,182.131167
2023-06-09 18:27:00+00:00,182.115,182.125,182.0699,801,182.125,65346,182.101862
2023-06-09 18:28:00+00:00,181.99,182.15,181.95,1627,182.12,135296,182.047081
2023-06-09 18:29:00+00:00,182.0099,182.0245,181.985,680,181.99,45441,182.010972
2023-06-09 18:30:00+00:00,181.925,182.02,181.9001,695,182.01,60269,181.96374
2023-06-09 18:31:00+00:00,181.89,181.94,181.86,817,181.92,76430,181.904281
2023-06-09 18:32:00+00:00,181.8193,181.93,181.805,1003,181.8853,93179,181.850223
2023-06-09 18:33:00+00:00,181.98,181.98,181.8183,724,181.8183,81473,181.906974
2023-06-09 18:34:00+00:00,181.93,181.98,181.91,736,181.97,56272,181.94334
2023-06-09 18:35:00+00:00,181.9523,181.98,181.89,526,181.93,34123,181.934542
2023-06-09 18:36:00+00:00,181.97,181.97,181.9,578,181.95,37111,181.939467
2023-06-09 18:37:00+00:00,181.91,181.996,181.8801,701,181.975,62824,181.937803
2023-06-09 18:38:00+00:00,181.885,181.91,181.81,897,181.9,83553,181.858803
2023-06-09 18:39:00+00:00,181.885,181.898,181.84,692,181.89,54124,181.864088
2023-06-09 18:40:00+00:00,181.88,181.94,181.839,769,181.88,51458,181.896081
2023-06-09 18:41:00+00:00,181.935,181.97,181.865,751,181.88,57667,181.934233
2023-06-09 18:42:00+00:00,181.899,181.935,181.8699,634,181.933,48664,181.899737
2023-06-09 18:43:00+00:00,181.8233,181.895,181.79,739,181.895,72041,181.835311
2023-06-09 18:44:00+00:00,181.9179,181.93,181.82,659,181.83,67796,181.878664
2023-06-09 18:45:00+00:00,181.935,181.94,181.9,512,181.92,38908,181.918581
2023-06-09 18:46:00+00:00,181.895,181.95,181.88,739,181.94,102110,181.811445
2023-06-09 18:47:00+00:00,181.82,181.91,181.81,629,181.9,43108,181.84831
2023-06-09 18:48:00+00:00,181.825,181.88,181.79,755,181.8199,96828,181.834148
2023-06-09 18:49:00+00:00,181.765,181.865,181.755,696,181.825,73858,181.808795
2023-06-09 18:50:00+00:00,181.79,181.86,181.76,611,181.77,40717,181.797906
2023-06-09 18:51:00+00:00,181.8757,181.885,181.7809,532,181.785,46065,181.858324
2023-06-09 18:52:00+00:00,181.93,181.935,181.875,707,181.88,52210,181.899063
2023-06-09 18:53:00+00:00,181.94,181.945,181.8501,923,181.92,71603,181.901674
2023-06-09 18:54:00+00:00,181.915,181.9783,181.9,656,181.94,61631,181.946545
2023-06-09 18:55:00+00:00,181.9567,181.97,181.905,491,181.91,33566,181.940836
2023-06-09 18:56:00+00:00,181.95,181.97,181.935,734,181.955,73078,181.951957
2023-06-09 18:57:00+00:00,181.99,182.015,181.95,931,181.952,80001,181.985284
2023-06-09 18:58:00+00:00,182.0196,182.02,181.96,649,181.98,60691,181.991943
2023-06-09 18:59:00+00:00,182.035,182.06,181.99,974,182.017,87569,182.028309
2023-06-09 19:00:00+00:00,181.9799,182.05,181.9467,887,182.0397,73412,182.011884
2023-06-09 19:01:00+00:00,182.0192,182.025,181.9272,792,181.9791,64158,181.98145
2023-06-09 19:02:00+00:00,182.0773,182.09,182.0,1319,182.02,146033,182.046485
2023-06-09 19:03:00+00:00,182.01,182.08,182.0,652,182.08,55964,182.020209
2023-06-09 19:04:00+00:00,181.995,182.0254,181.96,718,182.0101,54248,181.992707
2023-06-09 19:05:00+00:00,181.95,182.0,181.935,1099,181.99,88149,181.966317
2023-06-09 19:06:00+00:00,181.69,181.95,181.66,1372,181.95,120949,181.78561
2023-06-09 19:07:00+00:00,181.6715,181.7419,181.64,1283,181.7,112971,181.691907
2023-06-09 19:08:00+00:00,181.82,181.83,181.675,1262,181.675,115169,181.767189
2023-06-09 19:09:00+00:00,181.68,181.84,181.625,1289,181.82,110205,181.726184
2023-06-09 19:10:00+00:00,181.67,181.69,181.61,1111,181.679,88432,181.65009
2023-06-09 19:11:00+00:00,181.735,181.76,181.665,928,181.67,78929,181.708532
2023-06-09 19:12:00+00:00,181.6753,181.76,181.66,736,181.73,65610,181.710548
2023-06-09 19:13:00+00:00,181.675,181.71,181.63,986,181.68,90697,181.670493
2023-06-09 19:14:00+00:00,181.65,181.78,181.65,833,181.67,70710,181.712582
2023-06-09 19:15:00+00:00,181.57,181.68,181.53,1025,181.655,88258,181.603977
2023-06-09 19:16:00+00:00,181.53,181.63,181.44,1677,181.56,162551,181.529239
2023-06-09 19:17:00+00:00,181.5701,181.6,181.495,907,181.535,77137,181.534235
2023-06-09 19:18:00+00:00,181.62,181.64,181.52,762,181.57,81319,181.572795
2023-06-09 19:19:00+00:00,181.615,181.65,181.585,855,181.62,71353,181.61354
2023-06-09 19:20:00+00:00,181.65,181.67,181.58,1014,181.62,85869,181.638721
2023-06-09 19:21:00+00:00,181.555,181.658,181.5301,832,181.65,71349,181.576393
2023-06-09 19:22:00+00:00,181.62,181.65,181.5,1052,181.55,75677,181.562523
2023-06-09 19:23:00+00:00,181.59,181.66,181.58,856,181.625,64188,181.622944
2023-06-09 19:24:00+00:00,181.505,181.6,181.49,827,181.595,65717,181.555936
2023-06-09 19:25:00+00:00,181.355,181.51,181.3301,1617,181.51,139397,181.398441
2023-06-09 19:26:00+00:00,181.42,181.44,181.3548,1240,181.355,102045,181.394418
2023-06-09 19:27:00+00:00,181.395,181.45,181.31,1183,181.41,111900,181.371513
2023-06-09 19:28:00+00:00,181.48,181.49,181.3983,926,181.3988,81016,181.454437
2023-06-09 19:29:00+00:00,181.49,181.54,181.46,914,181.49,71636,181.502602
2023-06-09 19:30:00+00:00,181.485,181.52,181.45,1022,181.48,80248,181.483251
2023-06-09 19:31:00+00:00,181.46,181.51,181.41,1191,181.489,105917,181.453322
2023-06-09 19:32:00+00:00,181.45,181.5,181.425,940,181.46,76891,181.464691
2023-06-09 19:33:00+00:00,181.5,181.51,181.415,746,181.449,50755,181.476003
2023-06-09 19:34:00+00:00,181.48,181.53,181.46,867,181.4981,59703,181.493616
2023-06-09 19:35:00+00:00,181.425,181.485,181.38,957,181.485,85039,181.426813
2023-06-09 19:36:00+00:00,181.47,181.49,181.41,870,181.41,60613,181.449894
2023-06-09 19:37:00+00:00,181.2582,181.48,181.17,2325,181.47,174443,181.299837
2023-06-09 19:38:00+00:00,181.245,181.31,181.205,1264,181.26,114540,181.257169
2023-06-09 19:39:00+00:00,181.3999,181.42,181.21,2444,181.242,245612,181.325226
2023-06-09 19:40:00+00:00,181.3703,181.395,181.29,1137,181.395,90787,181.338305
2023-06-09 19:41:00+00:00,181.25,181.41,181.21,1675,181.38,171446,181.306876
2023-06-09 19:42:00+00:00,181.23,181.29,181.21,970,181.25,77660,181.25169
2023-06-09 19:43:00+00:00,181.1543,181.24,181.131,1044,181.23,85444,181.172664
2023-06-09 19:44:00+00:00,181.04,181.17,181.03,1431,181.155,147770,181.105276
2023-06-09 19:45:00+00:00,181.115,181.13,181.02,2159,181.0483,203812,181.068175
2023-06-09 19:46:00+00:00,181.22,181.24,181.095,1598,181.1001,138967,181.181599
2023-06-09 19:47:00+00:00,181.225,181.26,181.165,1176,181.23,111246,181.211426
2023-06-09 19:48:00+00:00,181.205,181.26,181.16,1294,181.225,107884,181.208789
2023-06-09 19:49:00+00:00,181.225,181.26,181.2097,1012,181.21,81617,181.230644
2023-06-09 19:50:00+00:00,181.08,181.23,181.01,3079,181.23,257620,181.085863
2023-06-09 19:51:00+00:00,181.14,181.18,181.07,1766,181.08,136693,181.118601
2023-06-09 19:52:00+00:00,181.07,181.15,181.065,1181,181.14,99353,181.103206
2023-06-09 19:53:00+00:00,181.1133,181.14,181.03,1646,181.07,161170,181.084499
2023-06-09 19:54:00+00:00,181.0,181.16,181.0,3439,181.11,287026,181.057569
2023-06-09 19:55:00+00:00,180.865,181.0,180.81,3853,180.995,347056,180.896067
2023-06-09 19:56:00+00:00,180.82,180.88,180.8,2626,180.865,233445,180.834174
2023-06-09 19:57:00+00:00,180.92,180.94,180.73,4042,180.815,360015,180.840333
2023-06-09 19:58:00+00:00,180.91,180.94,180.85,3075,180.91,300412,180.884126
2023-06-09 19:59:00+00:00,181.05,181.07,180.905,8713,180.905,1113667,180.998149
2023-06-09 20:00:00+00:00,181.02,181.05,180.93,260,181.05,6877764,180.96015
2023-06-09 20:01:00+00:00,180.99,181.01,180.99,130,181.01,390717,180.960338
2023-06-09 20:02:00+00:00,181.02,181.02,180.97,70,180.98,200446,180.960433
2023-06-09 20:03:00+00:00,181.01,181.04,180.99,79,181.04,1936,181.009095
2023-06-09 20:04:00+00:00,181.04,181.04,181.03,27,181.03,3709,181.038304
2023-06-09 20:05:00+00:00,181.01,181.03,181.01,37,181.02,3703,180.997651
2023-06-09 20:06:00+00:00,181.04,181.04,181.0199,35,181.02,4332,181.023811
2023-06-09 20:07:00+00:00,181.07,181.07,181.03,41,181.03,4036,181.044192
2023-06-09 20:08:00+00:00,181.05,181.08,181.0401,49,181.07,59361,180.96439
2023-06-09 20:09:00+00:00,181.08,181.08,181.05,38,181.05,2518,181.070009
2023-06-09 20:10:00+00:00,181.08,181.1,181.08,42,181.08,1452,181.078116
2023-06-09 20:11:00+00:00,181.06,181.06,180.96,47,180.96,20373,180.96618
2023-06-09 20:12:00+00:00,181.04,181.04,181.04,44,181.04,1583,181.040461
2023-06-09 20:13:00+00:00,181.06,181.06,181.06,35,181.06,700,181.05935
2023-06-09 20:14:00+00:00,181.05,181.06,181.05,29,181.06,2170,181.056996
2023-06-09 20:15:00+00:00,181.04,181.06,181.04,15,181.06,422,181.050118
2023-06-09 20:16:00+00:00,181.06,181.06,181.0206,27,181.0206,1477,181.033189
2023-06-09 20:17:00+00:00,181.0593,181.06,181.0593,21,181.06,916,181.058035
2023-06-09 20:18:00+00:00,181.04,181.04,181.04,17,181.04,141,181.040674
2023-06-09 20:19:00+00:00,181.0408,181.05,180.96,22,180.96,10336,180.964707
2023-06-09 20:20:00+00:00,180.96,181.04,180.96,173,181.04,7683,180.995374
2023-06-09 20:22:00+00:00,180.96,180.96,180.96,31,180.96,828,180.959287
2023-06-09 20:23:00+00:00,180.96,180.96,180.96,27,180.96,1479,180.959679
2023-06-09 20:24:00+00:00,180.93,180.94,180.93,32,180.94,1472,180.933084
2023-06-09 20:25:00+00:00,180.96,180.96,180.94,32,180.94,5359,180.955271
2023-06-09 20:26:00+00:00,180.96,180.96,180.94,24,180.94,964,180.956319
2023-06-09 20:27:00+00:00,181.0,181.0,180.96,38,180.96,2193,180.967256
2023-06-09 20:28:00+00:00,181.0,181.0,180.9805,20,180.9805,763,180.984074
2023-06-09 20:29:00+00:00,181.02,181.02,181.01,32,181.01,835,181.015497
2023-06-09 20:30:00+00:00,181.0119,181.04,181.0119,47,181.03,1319,181.02628
2023-06-09 20:31:00+00:00,181.05,181.05,181.05,29,181.05,355,181.041099
2023-06-09 20:32:00+00:00,181.05,181.05,181.04,30,181.05,913,181.045316
2023-06-09 20:33:00+00:00,181.04,181.05,181.04,34,181.05,1667,181.048277
2023-06-09 20:34:00+00:00,181.04,181.05,181.04,28,181.05,800,181.043666
2023-06-09 20:35:00+00:00,181.0089,181.02,181.0089,26,181.02,2324,181.012696
2023-06-09 20:36:00+00:00,181.01,181.01,181.01,19,181.01,3465,181.009827
2023-06-09 20:37:00+00:00,180.96,181.01,180.96,44,181.01,5010,180.98513
2023-06-09 20:38:00+00:00,180.96,180.96,180.94,29,180.94,2094,180.942563
2023-06-09 20:39:00+00:00,180.96,180.98,180.95,32,180.96,2232,180.959904
2023-06-09 20:40:00+00:00,180.95,180.96,180.95,53,180.96,1956,180.952689
2023-06-09 20:41:00+00:00,180.95,180.95,180.95,27,180.95,308,180.946412
2023-06-09 20:42:00+00:00,180.91,180.95,180.8,75,180.95,3689,180.878711
2023-06-09 20:43:00+00:00,180.87,180.88,180.87,49,180.88,1277,180.873289
2023-06-09 20:45:00+00:00,180.88,180.88,180.83,19,180.85,991,180.854909
2023-06-09 20:46:00+00:00,180.88,180.88,180.88,19,180.88,463,180.87946
2023-06-09 20:48:00+00:00,180.84,180.87,180.84,32,180.87,1035,180.856362
2023-06-09 20:49:00+00:00,180.88,180.88,180.87,21,180.87,793,180.87686
2023-06-09 20:50:00+00:00,180.88,180.88,180.88,15,180.88,442,180.881493
2023-06-09 20:51:00+00:00,180.87,180.88,180.87,25,180.88,1247,180.876405
2023-06-09 20:52:00+00:00,180.87,180.9,180.87,26,180.87,1764,180.87369
2023-06-09 20:54:00+00:00,180.85,180.8501,180.85,21,180.8501,4655,180.850115
2023-06-09 20:55:00+00:00,180.88,180.88,180.88,18,180.88,493,180.878296
2023-06-09 20:56:00+00:00,180.86,180.97,180.86,54,180.88,4266,180.881895
2023-06-09 20:57:00+00:00,180.96,180.96,180.96,19,180.96,10460,180.959017
2023-06-09 20:58:00+00:00,180.9,180.9,180.86,13,180.86,821,180.894787
2023-06-09 20:59:00+00:00,180.8488,180.86,180.8488,35,180.86,748,180.86379
2023-06-09 21:00:00+00:00,180.87,180.87,180.87,19,180.87,1056,180.865161
2023-06-09 21:01:00+00:00,180.84,180.85,180.84,24,180.85,2059,180.84602
2023-06-09 21:04:00+00:00,180.86,180.88,180.86,18,180.88,650,180.869408
2023-06-09 21:07:00+00:00,180.84,180.84,180.84,21,180.84,334,180.846751
2023-06-09 21:11:00+00:00,180.82,180.83,180.82,29,180.82,2208,180.822111
2023-06-09 21:12:00+00:00,180.82,180.83,180.82,25,180.82,2507,180.824625
2023-06-09 21:13:00+00:00,180.79,180.81,180.75,68,180.81,4451,180.792635
2023-06-09 21:14:00+00:00,180.76,180.76,180.76,26,180.76,646,180.763082
2023-06-09 21:15:00+00:00,180.77,180.81,180.762,28,180.762,843,180.794994
2023-06-09 21:16:00+00:00,180.86,180.87,180.86,19,180.87,470,180.849117
2023-06-09 21:19:00+00:00,180.8,180.8,180.8,17,180.8,1528,180.799955
2023-06-09 21:20:00+00:00,180.8,180.8,180.8,14,180.8,1098,180.802951
2023-06-09 21:21:00+00:00,180.86,180.86,180.86,6,180.86,213,180.859437
2023-06-09 21:22:00+00:00,180.8,180.8,180.8,12,180.8,112,180.804821
2023-06-09 21:23:00+00:00,180.8,180.81,180.8,21,180.81,1064,180.810865
2023-06-09 21:24:00+00:00,180.79,180.79,180.79,15,180.79,542,180.790396
2023-06-09 21:25:00+00:00,180.78,180.78,180.78,12,180.78,1328,180.780218
2023-06-09 21:27:00+00:00,180.81,180.81,180.81,8,180.81,178,180.810365
2023-06-09 21:28:00+00:00,180.82,180.82,180.82,16,180.82,537,180.815409
2023-06-09 21:29:00+00:00,180.85,180.85,180.85,8,180.85,492,180.849187
2023-06-09 21:32:00+00:00,180.8688,180.8688,180.8688,9,180.8688,1041,180.868038
2023-06-09 21:33:00+00:00,180.86,180.86,180.86,12,180.86,358,180.850697
2023-06-09 21:34:00+00:00,180.7852,180.7852,180.7852,15,180.7852,437,180.791156
2023-06-09 21:35:00+00:00,180.78,180.7801,180.78,24,180.78,461,180.78584
2023-06-09 21:37:00+00:00,180.79,180.79,180.79,20,180.79,237,180.825865
2023-06-09 21:38:00+00:00,180.8699,180.8699,180.8699,13,180.8699,201,180.861907
2023-06-09 21:40:00+00:00,180.8,180.8,180.8,15,180.8,215,180.801767
2023-06-09 21:41:00+00:00,180.79,180.79,180.79,10,180.79,121,180.794008
2023-06-09 21:43:00+00:00,180.87,180.87,180.8,24,180.8,3273,180.755658
2023-06-09 21:52:00+00:00,180.85,180.85,180.85,11,180.85,169,180.848728
2023-06-09 21:58:00+00:00,180.79,180.79,180.79,30,180.79,451,180.797195
2023-06-09 21:59:00+00:00,180.78,180.78,180.78,16,180.78,793,180.780082
2023-06-09 22:00:00+00:00,180.7536,180.7536,180.7536,11,180.7536,121,180.756694
2023-06-09 22:02:00+00:00,180.77,180.77,180.77,15,180.77,231,180.766775
2023-06-09 22:04:00+00:00,180.82,180.82,180.75,9,180.75,500,180.77732
2023-06-09 22:07:00+00:00,180.83,180.83,180.83,10,180.83,110,180.8285
2023-06-09 22:15:00+00:00,180.8,180.81,180.8,18,180.81,1770,180.801333
2023-06-09 22:20:00+00:00,180.77,180.77,180.76,9,180.76,664,180.763803
2023-06-09 22:21:00+00:00,180.75,180.77,180.75,25,180.77,672,180.759397
2023-06-09 22:22:00+00:00,180.8069,180.8069,180.76,21,180.76,228,180.78364
2023-06-09 22:24:00+00:00,180.81,180.81,180.8,14,180.8,493,180.80002
2023-06-09 22:25:00+00:00,180.809,180.809,180.809,13,180.809,313,180.808227
2023-06-09 22:26:00+00:00,180.77,180.77,180.77,15,180.77,323,180.774226
2023-06-09 22:31:00+00:00,180.75,180.76,180.75,24,180.76,979,180.755373
2023-06-09 22:34:00+00:00,180.77,180.77,180.77,11,180.77,517,180.77028
2023-06-09 22:35:00+00:00,180.77,180.7701,180.77,14,180.7701,413,180.770206
2023-06-09 22:37:00+00:00,180.7701,180.7701,180.7701,21,180.7701,674,180.769037
2023-06-09 22:38:00+00:00,180.79,180.79,180.79,19,180.79,236,180.789958
2023-06-09 22:39:00+00:00,180.82,180.82,180.82,18,180.82,254,180.819705
2023-06-09 22:40:00+00:00,180.81,180.8407,180.81,17,180.82,957,180.829718
2023-06-09 22:41:00+00:00,180.81,180.81,180.81,15,180.81,123,180.80561
2023-06-09 22:43:00+00:00,180.85,180.85,180.81,16,180.81,1304,180.827216
2023-06-09 22:44:00+00:00,180.77,180.81,180.72,21,180.72,1043,180.771323
2023-06-09 22:46:00+00:00,180.81,180.81,180.81,14,180.81,227,180.810396
2023-06-09 22:47:00+00:00,180.81,180.81,180.81,18,180.81,328,180.818232
2023-06-09 22:49:00+00:00,180.84,180.84,180.84,14,180.84,141,180.836454
2023-06-09 22:50:00+00:00,180.81,180.81,180.81,14,180.81,387,180.812287
2023-06-09 22:53:00+00:00,180.85,180.85,180.84,15,180.84,463,180.842538
2023-06-09 22:54:00+00:00,180.85,180.85,180.85,10,180.85,118,180.849449
2023-06-09 22:56:00+00:00,180.81,180.84,180.81,16,180.84,971,180.82794
2023-06-09 22:57:00+00:00,180.73,180.73,180.73,14,180.73,228,180.742741
2023-06-09 22:58:00+00:00,180.84,180.84,180.81,13,180.81,437,180.820789
2023-06-09 23:00:00+00:00,180.78,180.78,180.78,8,180.78,116,180.782888
2023-06-09 23:02:00+00:00,180.85,180.85,180.85,23,180.85,1049,180.844638
2023-06-09 23:07:00+00:00,180.86,180.86,180.86,17,180.86,223,180.847758
2023-06-09 23:10:00+00:00,180.8,180.8,180.8,18,180.8,313,180.804026
2023-06-09 23:11:00+00:00,180.8,180.8,180.8,13,180.8,253,180.806482
2023-06-09 23:19:00+00:00,180.82,180.82,180.82,14,180.82,737,180.820326
2023-06-09 23:26:00+00:00,180.85,180.85,180.85,25,180.85,560,180.848946
2023-06-09 23:29:00+00:00,180.7907,180.7907,180.7907,21,180.7907,349,180.794327
2023-06-09 23:35:00+00:00,180.83,180.83,180.83,17,180.83,222,180.82768
2023-06-09 23:36:00+00:00,180.83,180.83,180.83,14,180.83,189,180.826455
2023-06-09 23:37:00+00:00,180.81,180.81,180.8,12,180.8,387,180.807351
2023-06-09 23:39:00+00:00,180.8,180.8,180.8,18,180.8,501,180.800519
2023-06-09 23:41:00+00:00,180.72,180.77,180.72,36,180.77,1594,180.758071
2023-06-09 23:53:00+00:00,180.78,180.78,180.78,18,180.78,789,180.779848
2023-06-09 23:55:00+00:00,180.79,180.79,180.79,17,180.79,393,180.78687
2023-06-09 23:56:00+00:00,180.79,180.79,180.79,15,180.79,656,180.789649
2023-06-09 23:58:00+00:00,180.85,180.85,180.8,14,180.8,634,180.816215
2023-06-09 23:59:00+00:00,180.81,180.81,180.81,22,180.81,1335,180.819929
