timestamp,close,high,low,trade_count,open,volume,vwap
2023-03-23 08:00:00+00:00,159.26,159.26,158.52,34,159.02,3408,158.992048
2023-03-23 08:01:00+00:00,159.3,159.3,159.05,42,159.05,3284,159.183721
2023-03-23 08:02:00+00:00,159.22,159.23,159.2,24,159.23,1547,159.222767
2023-03-23 08:04:00+00:00,159.48,159.48,159.48,22,159.48,418,159.46055
2023-03-23 08:05:00+00:00,159.45,159.5,159.45,20,159.48,2038,159.485162
2023-03-23 08:06:00+00:00,159.5,159.5,159.5,9,159.5,244,159.489918
2023-03-23 08:07:00+00:00,159.5,159.5,159.5,9,159.5,495,159.491677
2023-03-23 08:08:00+00:00,159.5,159.5,159.5,13,159.5,731,159.49513
2023-03-23 08:09:00+00:00,159.49,159.5,159.49,28,159.5,795,159.489723
2023-03-23 08:11:00+00:00,159.49,159.49,159.49,14,159.49,569,159.489086
2023-03-23 08:12:00+00:00,159.47,159.49,159.47,24,159.49,861,159.485261
2023-03-23 08:13:00+00:00,159.45,159.45,159.45,12,159.45,1130,159.450372
2023-03-23 08:14:00+00:00,159.39,159.45,159.39,63,159.45,3871,159.431328
2023-03-23 08:15:00+00:00,159.42,159.42,159.42,12,159.42,196,159.421837
2023-03-23 08:16:00+00:00,159.5,159.5,159.49,40,159.49,1192,159.497122
2023-03-23 08:17:00+00:00,159.55,159.55,159.54,13,159.54,844,159.545107
2023-03-23 08:18:00+00:00,159.45,159.51,159.45,27,159.51,1319,159.484329
2023-03-23 08:19:00+00:00,159.64,159.65,159.45,70,159.45,3600,159.534075
2023-03-23 08:20:00+00:00,159.62,159.62,159.6,10,159.6,642,159.601854
2023-03-23 08:21:00+00:00,159.61,159.61,159.6,16,159.6,575,159.60353
2023-03-23 08:22:00+00:00,159.61,159.61,159.6,7,159.6,354,159.596836
2023-03-23 08:24:00+00:00,159.59,159.6,159.59,11,159.6,513,159.594288
2023-03-23 08:25:00+00:00,159.59,159.59,159.59,25,159.59,494,159.582267
2023-03-23 08:27:00+00:00,159.54,159.61,159.54,25,159.61,670,159.573791
2023-03-23 08:33:00+00:00,159.5,159.5,159.5,23,159.5,584,159.507175
2023-03-23 08:34:00+00:00,159.51,159.6,159.51,20,159.58,1170,159.571453
2023-03-23 08:35:00+00:00,159.5,159.5,159.5,7,159.5,192,159.5
2023-03-23 08:38:00+00:00,159.48,159.48,159.48,24,159.48,478,159.474414
2023-03-23 08:39:00+00:00,159.42,159.42,159.42,26,159.42,514,159.437802
2023-03-23 08:41:00+00:00,159.56,159.56,159.44,23,159.44,1482,159.473205
2023-03-23 08:42:00+00:00,159.58,159.58,159.45,8,159.45,509,159.508291
2023-03-23 08:44:00+00:00,159.58,159.59,159.58,29,159.59,721,159.597503
2023-03-23 08:45:00+00:00,159.68,159.68,159.64,22,159.64,690,159.661449
2023-03-23 08:46:00+00:00,159.67,159.68,159.67,21,159.67,1372,159.673382
2023-03-23 08:48:00+00:00,159.67,159.67,159.65,6,159.65,513,159.661189
2023-03-23 08:49:00+00:00,159.7,159.7,159.65,39,159.67,2933,159.679986
2023-03-23 08:50:00+00:00,159.78,159.78,159.77,18,159.77,809,159.770148
2023-03-23 08:54:00+00:00,159.77,159.77,159.75,36,159.75,1530,159.767902
2023-03-23 08:57:00+00:00,159.71,159.75,159.71,9,159.73,1200,159.716667
2023-03-23 08:58:00+00:00,159.71,159.71,159.71,6,159.71,113,159.710531
2023-03-23 09:00:00+00:00,159.68,159.72,159.68,34,159.72,1586,159.710681
2023-03-23 09:02:00+00:00,159.67,159.72,159.67,32,159.72,1774,159.69257
2023-03-23 09:03:00+00:00,159.6,159.61,159.6,27,159.61,1225,159.612612
2023-03-23 09:04:00+00:00,159.56,159.61,159.56,17,159.61,802,159.590362
2023-03-23 09:05:00+00:00,159.6,159.6,159.6,21,159.6,775,159.598219
2023-03-23 09:07:00+00:00,159.6,159.6,159.6,45,159.6,2645,159.599879
2023-03-23 09:08:00+00:00,159.6,159.61,159.6,13,159.61,16742,159.600584
2023-03-23 09:09:00+00:00,159.6,159.6,159.6,28,159.6,990,159.608697
2023-03-23 09:10:00+00:00,159.59,159.59,159.59,11,159.59,608,159.588586
2023-03-23 09:11:00+00:00,159.64,159.64,159.64,11,159.64,546,159.645458
2023-03-23 09:13:00+00:00,159.65,159.65,159.65,7,159.65,506,159.656818
2023-03-23 09:14:00+00:00,159.79,159.79,159.64,32,159.64,2003,159.704628
2023-03-23 09:18:00+00:00,159.55,159.61,159.5,61,159.61,4925,159.557584
2023-03-23 09:24:00+00:00,159.66,159.66,159.65,27,159.65,1975,159.658967
2023-03-23 09:28:00+00:00,159.52,159.53,159.52,9,159.53,409,159.526553
2023-03-23 09:30:00+00:00,159.56,159.56,159.56,20,159.56,485,159.555918
2023-03-23 09:31:00+00:00,159.5,159.5,159.5,17,159.5,604,159.506026
2023-03-23 09:32:00+00:00,159.44,159.44,159.44,25,159.44,603,159.457595
2023-03-23 09:34:00+00:00,159.55,159.56,159.5,19,159.5,1374,159.536914
2023-03-23 09:35:00+00:00,159.6,159.62,159.6,14,159.6,725,159.605048
2023-03-23 09:36:00+00:00,159.72,159.72,159.72,16,159.72,260,159.699538
2023-03-23 09:37:00+00:00,159.72,159.72,159.7,38,159.71,1677,159.716267
2023-03-23 09:38:00+00:00,159.58,159.58,159.58,16,159.58,451,159.605898
2023-03-23 09:40:00+00:00,159.7,159.7,159.7,5,159.7,175,159.680571
2023-03-23 09:41:00+00:00,159.61,159.62,159.61,8,159.62,1720,159.614227
2023-03-23 09:46:00+00:00,159.65,159.65,159.65,18,159.65,479,159.658559
2023-03-23 09:47:00+00:00,159.74,159.74,159.66,23,159.7,685,159.700803
2023-03-23 09:51:00+00:00,159.73,159.73,159.61,12,159.61,713,159.640042
2023-03-23 09:52:00+00:00,159.8,159.82,159.74,79,159.74,2195,159.793066
2023-03-23 09:55:00+00:00,159.7,159.7,159.7,23,159.7,717,159.716904
2023-03-23 09:56:00+00:00,159.75,159.75,159.75,4,159.75,228,159.74943
2023-03-23 09:59:00+00:00,159.7,159.7,159.7,28,159.7,2693,159.700382
2023-03-23 10:01:00+00:00,159.75,159.75,159.75,7,159.75,160,159.75225
2023-03-23 10:06:00+00:00,159.82,159.82,159.82,26,159.82,738,159.788252
2023-03-23 10:12:00+00:00,159.73,159.73,159.69,18,159.69,641,159.701747
2023-03-23 10:13:00+00:00,159.67,159.7,159.67,21,159.69,1013,159.68617
2023-03-23 10:14:00+00:00,159.51,159.58,159.51,25,159.58,655,159.554626
2023-03-23 10:15:00+00:00,159.52,159.6,159.52,19,159.6,1555,159.558309
2023-03-23 10:17:00+00:00,159.59,159.59,159.59,14,159.59,386,159.620777
2023-03-23 10:20:00+00:00,159.51,159.55,159.51,22,159.55,1631,159.530159
2023-03-23 10:21:00+00:00,159.52,159.52,159.52,11,159.52,293,159.518771
2023-03-23 10:22:00+00:00,159.54,159.54,159.54,14,159.54,303,159.534191
2023-03-23 10:23:00+00:00,159.4,159.51,159.4,83,159.51,3627,159.443005
2023-03-23 10:24:00+00:00,159.38,159.41,159.38,19,159.41,1026,159.400166
2023-03-23 10:25:00+00:00,159.45,159.45,159.45,18,159.45,643,159.437294
2023-03-23 10:26:00+00:00,159.69,159.69,159.45,39,159.45,1061,159.555825
2023-03-23 10:29:00+00:00,159.56,159.64,159.56,9,159.64,1029,159.595918
2023-03-23 10:30:00+00:00,159.51,159.51,159.51,16,159.51,400,159.540325
2023-03-23 10:31:00+00:00,159.5,159.5,159.5,27,159.5,477,159.466562
2023-03-23 10:33:00+00:00,159.35,159.37,159.33,22,159.37,2561,159.347403
2023-03-23 10:35:00+00:00,159.39,159.5,159.39,15,159.5,773,159.464489
2023-03-23 10:36:00+00:00,159.4,159.46,159.4,13,159.46,411,159.42545
2023-03-23 10:39:00+00:00,159.4,159.4,159.4,17,159.4,1176,159.407321
2023-03-23 10:40:00+00:00,159.44,159.44,159.44,5,159.44,119,159.449496
2023-03-23 10:42:00+00:00,159.41,159.41,159.41,11,159.41,514,159.430447
2023-03-23 10:43:00+00:00,159.4,159.43,159.4,2,159.43,400,159.4225
2023-03-23 10:48:00+00:00,159.58,159.58,159.53,25,159.53,1064,159.555555
2023-03-23 10:53:00+00:00,159.6,159.6,159.6,17,159.6,897,159.609967
2023-03-23 11:00:00+00:00,159.52,159.68,159.43,242,159.61,13042,159.528841
2023-03-23 11:01:00+00:00,159.64,159.64,159.52,78,159.54,4932,159.556547
2023-03-23 11:02:00+00:00,159.6,159.64,159.6,41,159.64,2032,159.612259
2023-03-23 11:03:00+00:00,159.64,159.7,159.61,102,159.61,4821,159.650145
2023-03-23 11:04:00+00:00,159.74,159.74,159.66,44,159.66,2459,159.714974
2023-03-23 11:05:00+00:00,159.7,159.7,159.7,52,159.7,2584,159.677307
2023-03-23 11:06:00+00:00,159.7,159.7,159.7,34,159.7,1241,159.682732
2023-03-23 11:08:00+00:00,159.68,159.68,159.65,8,159.65,566,159.660724
2023-03-23 11:09:00+00:00,159.64,159.68,159.64,36,159.65,1896,159.662157
2023-03-23 11:10:00+00:00,159.62,159.66,159.62,16,159.66,910,159.640967
2023-03-23 11:13:00+00:00,159.7,159.7,159.65,39,159.65,1909,159.668717
2023-03-23 11:14:00+00:00,159.77,159.77,159.68,39,159.68,2814,159.72564
2023-03-23 11:15:00+00:00,159.8,159.8,159.8,41,159.8,948,159.804051
2023-03-23 11:16:00+00:00,159.8,159.8,159.8,17,159.8,373,159.798767
2023-03-23 11:18:00+00:00,159.77,159.79,159.77,9,159.79,328,159.784268
2023-03-23 11:20:00+00:00,159.7,159.8,159.7,27,159.8,941,159.745611
2023-03-23 11:22:00+00:00,159.7,159.7,159.7,23,159.7,1564,159.711873
2023-03-23 11:23:00+00:00,159.7,159.7,159.7,37,159.7,8265,159.699799
2023-03-23 11:24:00+00:00,159.66,159.67,159.66,30,159.67,1120,159.665348
2023-03-23 11:25:00+00:00,159.62,159.62,159.62,33,159.62,867,159.60293
2023-03-23 11:26:00+00:00,159.62,159.62,159.62,13,159.62,454,159.609339
2023-03-23 11:27:00+00:00,159.6,159.6,159.6,10,159.6,408,159.604828
2023-03-23 11:28:00+00:00,159.61,159.61,159.61,31,159.61,909,159.609109
2023-03-23 11:29:00+00:00,159.61,159.61,159.61,12,159.61,357,159.605658
2023-03-23 11:30:00+00:00,159.55,159.58,159.55,19,159.58,920,159.562957
2023-03-23 11:32:00+00:00,159.47,159.54,159.47,46,159.54,3632,159.521233
2023-03-23 11:33:00+00:00,159.52,159.52,159.52,15,159.52,692,159.520029
2023-03-23 11:34:00+00:00,159.5,159.5,159.5,13,159.5,359,159.52195
2023-03-23 11:35:00+00:00,159.6,159.6,159.6,74,159.6,6006,159.603891
2023-03-23 11:36:00+00:00,159.65,159.65,159.65,21,159.65,1722,159.648664
2023-03-23 11:38:00+00:00,159.55,159.55,159.55,21,159.55,727,159.56227
2023-03-23 11:39:00+00:00,159.55,159.55,159.55,23,159.55,950,159.552211
2023-03-23 11:40:00+00:00,159.54,159.54,159.54,17,159.54,261,159.541648
2023-03-23 11:41:00+00:00,159.52,159.57,159.52,39,159.56,1360,159.554066
2023-03-23 11:43:00+00:00,159.55,159.55,159.55,6,159.55,287,159.546202
2023-03-23 11:46:00+00:00,159.59,159.59,159.59,26,159.59,380,159.593211
2023-03-23 11:47:00+00:00,159.59,159.59,159.59,28,159.59,644,159.621739
2023-03-23 11:48:00+00:00,159.7,159.7,159.69,25,159.69,950,159.689621
2023-03-23 11:49:00+00:00,159.59,159.68,159.59,41,159.65,2183,159.649093
2023-03-23 11:50:00+00:00,159.5,159.59,159.45,110,159.59,4136,159.527771
2023-03-23 11:51:00+00:00,159.46,159.46,159.46,10,159.46,241,159.459129
2023-03-23 11:52:00+00:00,159.57,159.57,159.5,81,159.5,4912,159.530985
2023-03-23 11:53:00+00:00,159.6,159.6,159.57,39,159.57,1213,159.591533
2023-03-23 11:54:00+00:00,159.6,159.61,159.6,18,159.61,543,159.601805
2023-03-23 11:55:00+00:00,159.68,159.68,159.63,43,159.63,1115,159.643821
2023-03-23 11:57:00+00:00,159.46,159.65,159.46,117,159.65,4413,159.519504
2023-03-23 11:58:00+00:00,159.45,159.49,159.43,30,159.49,1736,159.45072
2023-03-23 12:00:00+00:00,159.33,159.85,159.33,588,159.7,61109,159.595992
2023-03-23 12:01:00+00:00,159.2,159.7285,158.68,777,159.32,10746,159.186606
2023-03-23 12:02:00+00:00,159.31,159.31,158.44,255,159.2002,6168,159.112402
2023-03-23 12:03:00+00:00,159.21,159.21,159.2,122,159.21,6066,159.201508
2023-03-23 12:04:00+00:00,159.32,159.32,159.18,100,159.21,4421,159.216408
2023-03-23 12:05:00+00:00,159.28,159.28,159.18,69,159.18,2884,159.240718
2023-03-23 12:06:00+00:00,159.31,159.31,159.29,38,159.29,1647,159.296607
2023-03-23 12:07:00+00:00,159.35,159.35,159.29,52,159.33,3309,159.313574
2023-03-23 12:08:00+00:00,159.3,159.35,159.3,26,159.35,1965,159.302204
2023-03-23 12:09:00+00:00,159.24,159.28,159.24,74,159.28,2896,159.262634
2023-03-23 12:10:00+00:00,159.34,159.34,159.28,31,159.28,764,159.313318
2023-03-23 12:11:00+00:00,159.25,159.34,159.25,85,159.34,3907,159.281393
2023-03-23 12:12:00+00:00,159.18,159.23,159.16,88,159.23,3497,159.204219
2023-03-23 12:13:00+00:00,159.18,159.21,159.18,37,159.19,2284,159.19602
2023-03-23 12:14:00+00:00,159.2379,159.2379,159.2379,25,159.2379,373,159.197694
2023-03-23 12:16:00+00:00,159.22,159.22,159.22,46,159.22,984,159.211992
2023-03-23 12:17:00+00:00,159.17,159.24,159.17,47,159.24,1900,159.206094
2023-03-23 12:18:00+00:00,159.3,159.3,159.23,66,159.23,2727,159.257127
2023-03-23 12:19:00+00:00,159.46,159.5,159.32,148,159.32,39871,158.155311
2023-03-23 12:20:00+00:00,159.58,159.58,159.5,49,159.5,3441,159.544747
2023-03-23 12:21:00+00:00,159.47,159.64,159.47,96,159.57,7240,159.589066
2023-03-23 12:22:00+00:00,159.42,159.42,159.42,23,159.42,978,159.42528
2023-03-23 12:23:00+00:00,159.5,159.5095,159.5,42,159.5095,1531,159.494025
2023-03-23 12:24:00+00:00,159.51,159.51,159.5093,40,159.5093,972,159.518928
2023-03-23 12:25:00+00:00,159.47,159.53,159.47,38,159.51,1206,159.500505
2023-03-23 12:26:00+00:00,159.53,159.53,159.42,83,159.42,3258,159.48405
2023-03-23 12:27:00+00:00,159.55,159.55,159.55,35,159.55,668,159.498087
2023-03-23 12:28:00+00:00,159.51,159.51,159.51,24,159.51,537,159.51595
2023-03-23 12:29:00+00:00,159.52,159.52,159.49,62,159.49,577,159.521005
2023-03-23 12:30:00+00:00,159.51,159.5999,159.51,39,159.5999,1484,159.524171
2023-03-23 12:31:00+00:00,159.47,159.55,159.47,162,159.55,8627,159.486711
2023-03-23 12:32:00+00:00,159.48,159.48,159.34,106,159.47,9497,159.451262
2023-03-23 12:33:00+00:00,159.45,159.45,159.38,22,159.38,1045,159.416582
2023-03-23 12:34:00+00:00,159.46,159.46,159.45,44,159.45,964,159.483377
2023-03-23 12:35:00+00:00,159.5399,159.5399,159.5399,34,159.5399,1320,159.559994
2023-03-23 12:36:00+00:00,159.61,159.61,159.61,65,159.61,1485,159.608815
2023-03-23 12:37:00+00:00,159.54,159.63,159.54,100,159.63,7038,159.590582
2023-03-23 12:38:00+00:00,159.5497,159.57,159.51,62,159.57,3202,159.541287
2023-03-23 12:39:00+00:00,159.6,159.6,159.55,26,159.55,1073,159.587206
2023-03-23 12:40:00+00:00,159.59,159.61,159.59,50,159.61,1365,159.598447
2023-03-23 12:41:00+00:00,159.54,159.6,159.54,72,159.6,1818,159.585135
2023-03-23 12:42:00+00:00,159.6,159.6,159.55,69,159.59,7366,159.590162
2023-03-23 12:43:00+00:00,159.6,159.6,159.58,74,159.6,8771,159.597589
2023-03-23 12:44:00+00:00,159.6,159.61,159.59,124,159.5999,17428,159.599594
2023-03-23 12:45:00+00:00,159.6,159.6,159.58,96,159.58,7232,159.598385
2023-03-23 12:46:00+00:00,159.6,159.6,159.59,113,159.6,7996,159.599412
2023-03-23 12:47:00+00:00,159.68,159.7,159.59,94,159.59,7252,159.64517
2023-03-23 12:48:00+00:00,159.71,159.74,159.68,128,159.68,8682,159.72243
2023-03-23 12:49:00+00:00,159.61,159.75,159.61,148,159.7,6295,159.700305
2023-03-23 12:50:00+00:00,159.52,159.66,159.5,166,159.66,19722,159.588547
2023-03-23 12:51:00+00:00,159.45,159.51,159.4,118,159.51,6223,159.44666
2023-03-23 12:52:00+00:00,159.45,159.49,159.41,77,159.49,4807,159.44528
2023-03-23 12:53:00+00:00,159.42,159.45,159.34,105,159.45,4978,159.3828
2023-03-23 12:54:00+00:00,159.48,159.48,159.48,31,159.48,1021,159.466631
2023-03-23 12:55:00+00:00,159.47,159.47,159.45,68,159.45,1907,159.455533
2023-03-23 12:56:00+00:00,159.54,159.54,159.5,35,159.5,3166,159.508916
2023-03-23 12:57:00+00:00,159.54,159.54,159.5025,21,159.5025,1458,159.518988
2023-03-23 12:58:00+00:00,159.54,159.54,159.52,72,159.54,3538,159.527857
2023-03-23 12:59:00+00:00,159.51,159.53,159.5,40,159.53,1587,159.519436
2023-03-23 13:00:00+00:00,159.56,159.56,159.5,52,159.51,2444,159.526677
2023-03-23 13:01:00+00:00,159.41,159.54,159.4,114,159.54,6482,159.501182
2023-03-23 13:02:00+00:00,159.3,159.41,159.3,126,159.41,11830,159.378516
2023-03-23 13:03:00+00:00,159.3001,159.31,159.3,58,159.31,7490,159.302271
2023-03-23 13:04:00+00:00,159.36,159.36,159.32,56,159.32,3899,159.347892
2023-03-23 13:05:00+00:00,159.35,159.46,159.35,68,159.45,9791,159.433487
2023-03-23 13:07:00+00:00,159.39,159.4,159.3601,27,159.3601,4536,159.395716
2023-03-23 13:08:00+00:00,159.45,159.45,159.39,67,159.4,5840,159.410976
2023-03-23 13:09:00+00:00,159.5,159.5,159.44,93,159.44,4143,159.490755
2023-03-23 13:10:00+00:00,159.54,159.54,159.53,65,159.53,2330,159.535237
2023-03-23 13:11:00+00:00,159.57,159.59,159.57,39,159.59,1650,159.572558
2023-03-23 13:12:00+00:00,159.59,159.59,159.56,47,159.59,2975,159.576089
2023-03-23 13:13:00+00:00,159.67,159.71,159.59,91,159.59,7332,159.653371
2023-03-23 13:14:00+00:00,159.61,159.61,159.61,58,159.61,1000,159.623683
2023-03-23 13:15:00+00:00,159.63,159.69,159.59,112,159.59,8758,159.651137
2023-03-23 13:16:00+00:00,159.5,159.63,159.5,142,159.63,9260,159.591021
2023-03-23 13:17:00+00:00,159.54,159.54,159.53,43,159.54,4261,159.539282
2023-03-23 13:18:00+00:00,159.585,159.59,159.54,57,159.54,5720,159.563993
2023-03-23 13:19:00+00:00,159.58,159.6,159.58,63,159.6,4425,159.588158
2023-03-23 13:20:00+00:00,159.5,159.58,159.5,70,159.56,2741,159.530312
2023-03-23 13:21:00+00:00,159.55,159.55,159.54,45,159.54,1470,159.543776
2023-03-23 13:22:00+00:00,159.51,159.55,159.48,97,159.53,6290,159.526346
2023-03-23 13:23:00+00:00,159.49,159.5,159.48,61,159.49,7128,159.491579
2023-03-23 13:24:00+00:00,159.46,159.48,159.46,59,159.475,4168,159.468247
2023-03-23 13:25:00+00:00,159.36,159.46,159.36,82,159.45,6480,159.419003
2023-03-23 13:26:00+00:00,159.3795,159.44,159.22,201,159.37,9404,159.301679
2023-03-23 13:27:00+00:00,159.1,159.3799,159.01,345,159.3799,20451,159.177331
2023-03-23 13:28:00+00:00,158.9,159.04,158.61,593,159.04,45471,158.806425
2023-03-23 13:29:00+00:00,158.77,158.97,158.77,374,158.9,30124,158.872243
2023-03-23 13:30:00+00:00,159.31,159.36,158.73,7460,158.77,1654452,158.850198
2023-03-23 13:31:00+00:00,159.05,159.4,159.04,3000,159.31,335758,159.273819
2023-03-23 13:32:00+00:00,159.09,159.195,158.89,2534,159.07,244159,159.057462
2023-03-23 13:33:00+00:00,159.39,159.48,159.07,2538,159.09,298127,159.321573
2023-03-23 13:34:00+00:00,159.2577,159.42,159.2,1903,159.38,201991,159.347036
2023-03-23 13:35:00+00:00,159.22,159.41,159.2001,2271,159.2415,248972,159.298209
2023-03-23 13:36:00+00:00,159.15,159.24,159.0,1757,159.2278,193658,159.126277
2023-03-23 13:37:00+00:00,159.04,159.3,159.03,1827,159.12,202539,159.173894
2023-03-23 13:38:00+00:00,159.09,159.1999,158.99,1488,159.045,169344,159.094141
2023-03-23 13:39:00+00:00,159.17,159.23,159.02,1847,159.09,200550,159.117843
2023-03-23 13:40:00+00:00,158.98,159.289,158.91,2128,159.1774,233905,159.078874
2023-03-23 13:41:00+00:00,158.99,159.139,158.95,1576,158.9728,163675,159.021225
2023-03-23 13:42:00+00:00,159.105,159.16,158.98,1617,158.9828,151447,159.082286
2023-03-23 13:43:00+00:00,159.35,159.56,159.11,2994,159.11,344696,159.413619
2023-03-23 13:44:00+00:00,159.17,159.36,159.15,1449,159.35,164187,159.24578
2023-03-23 13:45:00+00:00,159.295,159.32,159.08,2357,159.165,254921,159.22364
2023-03-23 13:46:00+00:00,159.4581,159.46,159.3,2224,159.3,210223,159.385531
2023-03-23 13:47:00+00:00,159.24,159.53,159.22,3781,159.46,200532,159.40484
2023-03-23 13:48:00+00:00,159.2,159.265,159.03,3883,159.2399,229890,159.154319
2023-03-23 13:49:00+00:00,159.19,159.22,159.08,3411,159.22,205538,159.116844
2023-03-23 13:50:00+00:00,159.0,159.26,159.0,4049,159.18,203564,159.149793
2023-03-23 13:51:00+00:00,159.12,159.19,159.0,3175,159.0,116570,159.122736
2023-03-23 13:52:00+00:00,159.16,159.23,159.1,3088,159.13,125411,159.158646
2023-03-23 13:53:00+00:00,159.03,159.2475,159.02,3246,159.16,121733,159.125449
2023-03-23 13:54:00+00:00,159.3,159.33,159.02,3423,159.033,185621,159.225697
2023-03-23 13:55:00+00:00,159.38,159.44,159.3,3671,159.3087,202987,159.392062
2023-03-23 13:56:00+00:00,159.41,159.505,159.28,3740,159.38,189549,159.424907
2023-03-23 13:57:00+00:00,159.55,159.64,159.43,4166,159.44,245440,159.542926
2023-03-23 13:58:00+00:00,159.615,159.78,159.551,3983,159.56,235543,159.665636
2023-03-23 13:59:00+00:00,159.67,159.73,159.61,3400,159.61,146998,159.673336
2023-03-23 14:00:00+00:00,159.89,159.915,159.58,4435,159.67,274963,159.819052
2023-03-23 14:01:00+00:00,160.04,160.06,159.75,5991,159.9,401536,159.951721
2023-03-23 14:02:00+00:00,159.9745,160.065,159.92,4044,160.04,222620,160.004729
2023-03-23 14:03:00+00:00,159.905,159.98,159.77,3984,159.96,215096,159.880688
2023-03-23 14:04:00+00:00,159.75,159.9,159.54,5020,159.89,265694,159.727859
2023-03-23 14:05:00+00:00,159.8095,159.8439,159.68,3165,159.74,120337,159.764344
2023-03-23 14:06:00+00:00,159.805,159.87,159.77,3133,159.81,170988,159.735242
2023-03-23 14:07:00+00:00,159.6978,159.8133,159.61,3494,159.8,139610,159.711378
2023-03-23 14:08:00+00:00,159.81,159.87,159.69,3281,159.7,136535,159.805685
2023-03-23 14:09:00+00:00,159.895,159.9199,159.7048,3400,159.8,151290,159.825143
2023-03-23 14:10:00+00:00,160.145,160.17,159.865,4224,159.8702,209199,160.037895
2023-03-23 14:11:00+00:00,160.2831,160.3,160.1,4199,160.15,231089,160.198749
2023-03-23 14:12:00+00:00,160.11,160.3,160.08,3551,160.29,157795,160.185134
2023-03-23 14:13:00+00:00,160.1257,160.15,160.03,3203,160.1069,117934,160.088441
2023-03-23 14:14:00+00:00,160.08,160.16,160.04,3159,160.115,112227,160.096926
2023-03-23 14:15:00+00:00,160.2,160.27,160.02,3866,160.07,219480,160.166111
2023-03-23 14:16:00+00:00,160.24,160.26,160.15,1368,160.19,136181,160.19826
2023-03-23 14:17:00+00:00,160.26,160.36,160.18,1908,160.2425,364664,160.221775
2023-03-23 14:18:00+00:00,160.31,160.31,160.2,1262,160.255,132096,160.259057
2023-03-23 14:19:00+00:00,160.25,160.3,160.2,1033,160.29,127687,160.24022
2023-03-23 14:20:00+00:00,160.22,160.2693,160.1601,1346,160.26,150341,160.206922
2023-03-23 14:21:00+00:00,160.1489,160.2912,160.135,1497,160.2201,170438,160.211383
2023-03-23 14:22:00+00:00,160.23,160.245,160.1,1057,160.1409,98677,160.173861
2023-03-23 14:23:00+00:00,160.29,160.295,160.22,979,160.24,92201,160.261122
2023-03-23 14:24:00+00:00,160.48,160.51,160.2696,2058,160.29,209676,160.4166
2023-03-23 14:25:00+00:00,160.48,160.57,160.41,1756,160.465,178303,160.490418
2023-03-23 14:26:00+00:00,160.5413,160.57,160.44,1325,160.495,125685,160.509646
2023-03-23 14:27:00+00:00,160.56,160.7,160.54,2249,160.55,236386,160.619436
2023-03-23 14:28:00+00:00,160.575,160.61,160.5,1259,160.545,127424,160.556706
2023-03-23 14:29:00+00:00,160.37,160.57,160.37,1622,160.57,164615,160.457679
2023-03-23 14:30:00+00:00,160.395,160.4,160.3063,1310,160.3787,133015,160.351563
2023-03-23 14:31:00+00:00,160.23,160.42,160.23,1614,160.4,168677,160.329772
2023-03-23 14:32:00+00:00,160.33,160.34,160.12,1641,160.25,148706,160.204078
2023-03-23 14:33:00+00:00,160.31,160.33,160.19,1140,160.33,89804,160.274208
2023-03-23 14:34:00+00:00,160.31,160.368,160.26,1038,160.3,75397,160.304953
2023-03-23 14:35:00+00:00,160.355,160.3666,160.2701,1087,160.31,96798,160.309017
2023-03-23 14:36:00+00:00,160.34,160.39,160.2201,1115,160.3575,87674,160.302828
2023-03-23 14:37:00+00:00,160.3632,160.3799,160.31,869,160.3435,59189,160.343673
2023-03-23 14:38:00+00:00,160.5,160.53,160.33,1504,160.3791,137027,160.456878
2023-03-23 14:39:00+00:00,160.51,160.55,160.47,993,160.5184,78717,160.504992
2023-03-23 14:40:00+00:00,160.6696,160.7,160.47,1690,160.5,163486,160.613699
2023-03-23 14:41:00+00:00,160.675,160.72,160.63,1113,160.6699,102625,160.666409
2023-03-23 14:42:00+00:00,160.61,160.7673,160.5801,1475,160.69,128080,160.662379
2023-03-23 14:43:00+00:00,160.73,160.73,160.605,916,160.62,76300,160.662331
2023-03-23 14:44:00+00:00,160.73,160.751,160.67,1003,160.74,105711,160.719019
2023-03-23 14:45:00+00:00,160.84,160.84,160.69,1498,160.725,131619,160.77349
2023-03-23 14:46:00+00:00,161.0101,161.17,160.85,3877,160.85,369646,161.024785
2023-03-23 14:47:00+00:00,161.045,161.06,160.92,1462,161.015,133802,160.991631
2023-03-23 14:48:00+00:00,161.01,161.1,160.98,1242,161.06,136206,161.03029
2023-03-23 14:49:00+00:00,161.08,161.12,161.0101,1509,161.02,148617,161.070539
2023-03-23 14:50:00+00:00,161.1886,161.2099,161.085,1809,161.085,184240,161.15456
2023-03-23 14:51:00+00:00,161.14,161.21,161.11,1114,161.19,111509,161.148434
2023-03-23 14:52:00+00:00,161.13,161.18,161.1,1185,161.14,107338,161.132982
2023-03-23 14:53:00+00:00,161.1525,161.2,161.125,1151,161.14,112248,161.160207
2023-03-23 14:54:00+00:00,161.14,161.18,161.1,1085,161.16,98521,161.134651
2023-03-23 14:55:00+00:00,161.1099,161.1473,161.05,1416,161.135,144526,161.085145
2023-03-23 14:56:00+00:00,161.015,161.1,161.0,1415,161.09,111116,161.044104
2023-03-23 14:57:00+00:00,160.97,161.0377,160.92,1576,161.019,154522,160.983218
2023-03-23 14:58:00+00:00,161.0414,161.0528,160.91,1429,160.96,125197,160.97084
2023-03-23 14:59:00+00:00,161.24,161.2999,161.045,2220,161.045,382640,161.110511
2023-03-23 15:00:00+00:00,161.305,161.37,161.14,1724,161.24,166303,161.252478
2023-03-23 15:01:00+00:00,161.315,161.39,161.25,1244,161.31,121088,161.324742
2023-03-23 15:02:00+00:00,161.26,161.33,161.21,987,161.3,99088,161.270997
2023-03-23 15:03:00+00:00,161.2,161.27,161.17,1077,161.25,80820,161.211577
2023-03-23 15:04:00+00:00,161.17,161.225,161.14,921,161.2,84538,161.187378
2023-03-23 15:05:00+00:00,161.2299,161.24,161.13,1091,161.17,80372,161.191685
2023-03-23 15:06:00+00:00,161.31,161.34,161.2,1471,161.225,140737,161.271275
2023-03-23 15:07:00+00:00,161.45,161.47,161.28,1680,161.31,169966,161.392147
2023-03-23 15:08:00+00:00,161.4197,161.5501,161.4001,2495,161.4477,251589,161.490322
2023-03-23 15:09:00+00:00,161.415,161.445,161.35,1279,161.4115,137262,161.400863
2023-03-23 15:10:00+00:00,161.3525,161.44,161.34,1104,161.42,100415,161.395418
2023-03-23 15:11:00+00:00,161.42,161.42,161.31,918,161.36,91579,161.353298
2023-03-23 15:12:00+00:00,161.44,161.49,161.38,1091,161.41,106122,161.446609
2023-03-23 15:13:00+00:00,161.3799,161.4747,161.37,767,161.44,55524,161.430498
2023-03-23 15:14:00+00:00,161.3499,161.4099,161.33,1007,161.39,97806,161.369032
2023-03-23 15:15:00+00:00,161.235,161.3599,161.21,1536,161.34,143079,161.27959
2023-03-23 15:16:00+00:00,160.995,161.26,160.98,1972,161.2373,200269,161.100483
2023-03-23 15:17:00+00:00,160.9499,161.04,160.881,1553,160.98,166624,160.967179
2023-03-23 15:18:00+00:00,160.88,160.99,160.85,1320,160.96,164826,160.920324
2023-03-23 15:19:00+00:00,160.7899,160.9,160.7,1917,160.89,188031,160.809635
2023-03-23 15:20:00+00:00,160.88,160.9199,160.78,1017,160.7899,108862,160.855991
2023-03-23 15:21:00+00:00,160.99,160.99,160.85,973,160.88,92327,160.914458
2023-03-23 15:22:00+00:00,160.8537,161.0,160.85,969,160.99,95959,160.928419
2023-03-23 15:23:00+00:00,160.89,160.91,160.85,1008,160.85,79161,160.882211
2023-03-23 15:24:00+00:00,160.8864,160.9699,160.85,1405,160.89,151517,160.907747
2023-03-23 15:25:00+00:00,160.735,160.89,160.71,1076,160.89,98426,160.803795
2023-03-23 15:26:00+00:00,160.594,160.7775,160.594,1308,160.74,149547,160.679411
2023-03-23 15:27:00+00:00,160.6688,160.78,160.6,1246,160.6,135628,160.683153
2023-03-23 15:28:00+00:00,160.59,160.68,160.58,964,160.67,98606,160.638262
2023-03-23 15:29:00+00:00,160.61,160.63,160.5425,918,160.6,101316,160.582949
2023-03-23 15:30:00+00:00,160.7701,160.7701,160.62,1179,160.62,609519,160.741902
2023-03-23 15:31:00+00:00,160.812,160.83,160.735,952,160.77,102957,160.781155
2023-03-23 15:32:00+00:00,160.86,160.89,160.81,909,160.81,92982,160.859135
2023-03-23 15:33:00+00:00,160.7,160.87,160.65,1242,160.86,123576,160.756412
2023-03-23 15:34:00+00:00,160.685,160.73,160.6,986,160.7,83169,160.646688
2023-03-23 15:35:00+00:00,160.65,160.73,160.62,725,160.68,74410,160.663339
2023-03-23 15:36:00+00:00,160.715,160.79,160.65,953,160.6588,114356,160.711668
2023-03-23 15:37:00+00:00,160.77,160.83,160.705,886,160.71,90817,160.774287
2023-03-23 15:38:00+00:00,160.8,160.84,160.745,749,160.77,67127,160.799544
2023-03-23 15:39:00+00:00,160.755,160.8758,160.73,992,160.8,91538,160.823436
2023-03-23 15:40:00+00:00,160.84,160.8685,160.74,787,160.7513,83347,160.815872
2023-03-23 15:41:00+00:00,160.79,160.89,160.77,839,160.84,77004,160.826489
2023-03-23 15:42:00+00:00,160.7162,160.795,160.62,957,160.79,77820,160.700697
2023-03-23 15:43:00+00:00,160.56,160.73,160.55,1064,160.71,172263,160.629441
2023-03-23 15:44:00+00:00,160.54,160.59,160.49,1051,160.5609,150141,160.548742
2023-03-23 15:45:00+00:00,160.4599,160.575,160.45,841,160.545,82040,160.523529
2023-03-23 15:46:00+00:00,160.365,160.46,160.36,1121,160.46,111648,160.418221
2023-03-23 15:47:00+00:00,160.64,160.6869,160.3601,1273,160.37,129325,160.598657
2023-03-23 15:48:00+00:00,160.7799,160.79,160.62,849,160.63,83022,160.706022
2023-03-23 15:49:00+00:00,160.7986,160.8262,160.74,764,160.7714,69147,160.779474
2023-03-23 15:50:00+00:00,160.9135,160.95,160.795,1362,160.795,132185,160.904843
2023-03-23 15:51:00+00:00,160.8,160.91,160.7989,687,160.91,61995,160.855182
2023-03-23 15:52:00+00:00,160.92,160.95,160.79,871,160.8,91344,160.903552
2023-03-23 15:53:00+00:00,160.97,160.98,160.9,842,160.92,84903,160.933757
2023-03-23 15:54:00+00:00,160.91,160.99,160.87,704,160.965,73367,160.916672
2023-03-23 15:55:00+00:00,160.8868,160.935,160.83,744,160.93,80164,160.863116
2023-03-23 15:56:00+00:00,160.81,160.9342,160.79,825,160.8835,82101,160.865442
2023-03-23 15:57:00+00:00,160.78,160.885,160.7,1180,160.8024,118335,160.767834
2023-03-23 15:58:00+00:00,160.55,160.77,160.36,3064,160.77,384704,160.526404
2023-03-23 15:59:00+00:00,160.6402,160.68,160.52,728,160.55,62967,160.632428
2023-03-23 16:00:00+00:00,160.59,160.65,160.545,883,160.645,73233,160.596321
2023-03-23 16:01:00+00:00,160.63,160.6793,160.55,757,160.6,64560,160.617876
2023-03-23 16:02:00+00:00,160.62,160.72,160.62,700,160.64,51033,160.657427
2023-03-23 16:03:00+00:00,160.5601,160.655,160.56,668,160.63,55145,160.619067
2023-03-23 16:04:00+00:00,160.6399,160.64,160.5281,627,160.555,508128,160.65784
2023-03-23 16:05:00+00:00,160.58,160.68,160.55,765,160.63,64668,160.621405
2023-03-23 16:06:00+00:00,160.63,160.63,160.52,844,160.6,62462,160.582449
2023-03-23 16:07:00+00:00,160.745,160.77,160.61,852,160.63,76453,160.692229
2023-03-23 16:08:00+00:00,160.71,160.7999,160.69,748,160.75,61488,160.751986
2023-03-23 16:09:00+00:00,160.75,160.77,160.705,665,160.7059,51111,160.742541
2023-03-23 16:10:00+00:00,160.6222,160.75,160.6,835,160.74,68451,160.655629
2023-03-23 16:11:00+00:00,160.6,160.65,160.53,1076,160.62,108402,160.59317
2023-03-23 16:12:00+00:00,160.7299,160.77,160.58,1436,160.59,153465,160.682922
2023-03-23 16:13:00+00:00,160.73,160.78,160.71,936,160.7275,120891,160.729828
2023-03-23 16:14:00+00:00,160.789,160.8199,160.76,753,160.77,559792,160.714266
2023-03-23 16:15:00+00:00,160.6,160.8,160.6,884,160.8,77385,160.670641
2023-03-23 16:16:00+00:00,160.53,160.645,160.52,1008,160.61,115641,160.576668
2023-03-23 16:17:00+00:00,160.685,160.69,160.52,840,160.52,100279,160.618135
2023-03-23 16:18:00+00:00,160.6402,160.75,160.62,963,160.6899,85556,160.677127
2023-03-23 16:19:00+00:00,160.83,160.84,160.6487,697,160.6487,61856,160.746978
2023-03-23 16:20:00+00:00,160.625,160.84,160.625,905,160.8299,86597,160.72572
2023-03-23 16:21:00+00:00,160.5913,160.65,160.56,662,160.62,59000,160.613027
2023-03-23 16:22:00+00:00,160.77,160.8,160.5599,764,160.5966,78529,160.684811
2023-03-23 16:23:00+00:00,160.81,160.8365,160.729,871,160.78,80004,160.798656
2023-03-23 16:24:00+00:00,160.85,160.88,160.8099,808,160.8199,72204,160.845152
2023-03-23 16:25:00+00:00,160.87,160.895,160.8201,684,160.845,75336,160.85592
2023-03-23 16:26:00+00:00,160.965,161.0,160.875,1292,160.875,135725,160.936791
2023-03-23 16:27:00+00:00,160.93,160.965,160.88,813,160.965,62718,160.909939
2023-03-23 16:28:00+00:00,160.9391,160.97,160.895,678,160.92,59332,160.938157
2023-03-23 16:29:00+00:00,160.8691,160.95,160.8,949,160.94,110552,160.865097
2023-03-23 16:30:00+00:00,160.955,160.99,160.8675,690,160.8675,72007,160.927072
2023-03-23 16:31:00+00:00,160.9299,161.02,160.88,1590,160.96,154742,160.975708
2023-03-23 16:32:00+00:00,160.9133,161.0199,160.87,858,160.93,96968,160.945817
2023-03-23 16:33:00+00:00,160.94,160.99,160.9,666,160.91,62350,160.941826
2023-03-23 16:34:00+00:00,160.925,160.96,160.82,806,160.94,85911,160.884511
2023-03-23 16:35:00+00:00,160.82,160.97,160.81,804,160.93,75278,160.899885
2023-03-23 16:36:00+00:00,160.7,160.85,160.68,971,160.83,105451,160.736958
2023-03-23 16:37:00+00:00,160.6401,160.69,160.61,692,160.68,79888,160.644869
2023-03-23 16:38:00+00:00,160.65,160.685,160.62,899,160.66,84747,160.642276
2023-03-23 16:39:00+00:00,160.64,160.67,160.609,678,160.65,68343,160.640068
2023-03-23 16:40:00+00:00,160.54,160.645,160.515,1038,160.645,97826,160.584527
2023-03-23 16:41:00+00:00,160.444,160.555,160.44,983,160.545,104223,160.499549
2023-03-23 16:42:00+00:00,160.5433,160.56,160.42,900,160.45,89465,160.477449
2023-03-23 16:43:00+00:00,160.5599,160.57,160.45,665,160.53,85152,160.49959
2023-03-23 16:44:00+00:00,160.64,160.68,160.56,804,160.56,97588,160.63446
2023-03-23 16:45:00+00:00,160.56,160.645,160.5327,773,160.63,61438,160.589601
2023-03-23 16:46:00+00:00,160.48,160.565,160.45,657,160.56,67500,160.484541
2023-03-23 16:47:00+00:00,160.43,160.49,160.33,1126,160.47,103971,160.394504
2023-03-23 16:48:00+00:00,160.47,160.4782,160.39,685,160.44,70615,160.425648
2023-03-23 16:49:00+00:00,160.59,160.59,160.46,758,160.46,69680,160.526719
2023-03-23 16:50:00+00:00,160.46,160.5938,160.46,655,160.5902,60397,160.522022
2023-03-23 16:51:00+00:00,160.4699,160.56,160.45,781,160.46,65318,160.504954
2023-03-23 16:52:00+00:00,160.44,160.475,160.375,684,160.47,57441,160.403787
2023-03-23 16:53:00+00:00,160.5701,160.58,160.41,653,160.4399,70823,160.500721
2023-03-23 16:54:00+00:00,160.5059,160.57,160.4799,800,160.57,73585,160.520477
2023-03-23 16:55:00+00:00,160.47,160.51,160.3873,873,160.5,82974,160.445907
2023-03-23 16:56:00+00:00,160.38,160.5,160.38,760,160.46,72604,160.440745
2023-03-23 16:57:00+00:00,160.3424,160.41,160.32,714,160.39,72052,160.364487
2023-03-23 16:58:00+00:00,160.41,160.47,160.31,792,160.3514,71908,160.385753
2023-03-23 16:59:00+00:00,160.41,160.4793,160.37,848,160.42,88248,160.425863
2023-03-23 17:00:00+00:00,160.31,160.42,160.28,905,160.41,109832,160.34582
2023-03-23 17:01:00+00:00,160.345,160.4,160.2509,724,160.2966,61807,160.347884
2023-03-23 17:02:00+00:00,160.335,160.41,160.33,630,160.3599,64279,160.371016
2023-03-23 17:03:00+00:00,160.36,160.37,160.31,554,160.3399,47748,160.34088
2023-03-23 17:04:00+00:00,160.47,160.49,160.35,922,160.35,62848,160.43697
2023-03-23 17:05:00+00:00,160.6177,160.64,160.46,1179,160.4675,118566,160.571911
2023-03-23 17:06:00+00:00,160.58,160.64,160.57,680,160.61,71587,160.609168
2023-03-23 17:07:00+00:00,160.5,160.59,160.458,627,160.58,56448,160.526196
2023-03-23 17:08:00+00:00,160.38,160.49,160.3389,706,160.49,66281,160.391272
2023-03-23 17:09:00+00:00,160.19,160.38,160.13,1278,160.37,142870,160.223904
2023-03-23 17:10:00+00:00,160.1001,160.2742,160.03,1489,160.2,176949,160.148795
2023-03-23 17:11:00+00:00,159.95,160.1,159.91,1936,160.1,169130,160.016421
2023-03-23 17:12:00+00:00,159.9,159.97,159.854,1394,159.95,143650,159.908078
2023-03-23 17:13:00+00:00,159.97,160.01,159.86,1291,159.9,153567,159.937731
2023-03-23 17:14:00+00:00,160.025,160.08,159.97,1015,159.9799,91578,160.047801
2023-03-23 17:15:00+00:00,159.9299,160.065,159.91,835,160.02,83427,159.989446
2023-03-23 17:16:00+00:00,159.9,159.98,159.8,1853,159.94,188167,159.876475
2023-03-23 17:17:00+00:00,160.02,160.085,159.9,902,159.9,94345,160.010119
2023-03-23 17:18:00+00:00,160.02,160.05,159.96,637,160.02,60311,160.007218
2023-03-23 17:19:00+00:00,160.031,160.095,159.9919,752,160.01,60686,160.052577
2023-03-23 17:20:00+00:00,160.1,160.15,159.99,847,160.03,87586,160.083171
2023-03-23 17:21:00+00:00,160.09,160.18,159.99,818,160.11,83912,160.09336
2023-03-23 17:22:00+00:00,160.2601,160.29,160.07,884,160.08,90929,160.195042
2023-03-23 17:23:00+00:00,160.235,160.2885,160.1832,688,160.27,63462,160.23746
2023-03-23 17:24:00+00:00,160.075,160.2699,160.03,1246,160.23,103852,160.154123
2023-03-23 17:25:00+00:00,159.8,160.2,159.76,2581,160.08,258259,159.964628
2023-03-23 17:26:00+00:00,159.745,159.83,159.62,1749,159.8,214984,159.731733
2023-03-23 17:27:00+00:00,159.7,159.77,159.62,1100,159.75,108806,159.697759
2023-03-23 17:28:00+00:00,159.945,160.0,159.6901,1523,159.71,163119,159.888637
2023-03-23 17:29:00+00:00,159.82,159.95,159.82,566,159.95,39925,159.876642
2023-03-23 17:30:00+00:00,159.96,159.96,159.75,991,159.8267,66883,159.860882
2023-03-23 17:31:00+00:00,159.97,160.07,159.91,1040,159.9614,92752,159.9796
2023-03-23 17:32:00+00:00,159.9493,159.99,159.895,540,159.97,51474,159.945434
2023-03-23 17:33:00+00:00,159.955,159.99,159.92,610,159.95,57473,159.956224
2023-03-23 17:34:00+00:00,159.8206,159.95,159.8201,692,159.95,70819,159.862853
2023-03-23 17:35:00+00:00,159.918,159.92,159.76,661,159.81,60756,159.817956
2023-03-23 17:36:00+00:00,159.92,159.94,159.8001,654,159.9112,66696,159.870426
2023-03-23 17:37:00+00:00,160.02,160.06,159.91,900,159.92,117844,160.00694
2023-03-23 17:38:00+00:00,159.9399,160.05,159.93,637,160.02,93610,159.991695
2023-03-23 17:39:00+00:00,160.06,160.07,159.94,682,159.94,97531,160.040565
2023-03-23 17:40:00+00:00,160.07,160.1123,160.005,886,160.04,90354,160.059614
2023-03-23 17:41:00+00:00,160.23,160.2566,160.05,1035,160.079,103896,160.142952
2023-03-23 17:42:00+00:00,160.16,160.27,160.16,906,160.24,93815,160.21687
2023-03-23 17:43:00+00:00,160.15,160.18,160.0925,623,160.1577,65254,160.140206
2023-03-23 17:44:00+00:00,160.19,160.26,160.15,697,160.155,75663,160.200353
2023-03-23 17:45:00+00:00,160.1735,160.21,160.1466,503,160.18,42339,160.179257
2023-03-23 17:46:00+00:00,159.9499,160.17,159.946,930,160.17,99253,160.055535
2023-03-23 17:47:00+00:00,159.8701,159.95,159.8,1068,159.95,99926,159.876781
2023-03-23 17:48:00+00:00,159.85,159.92,159.77,915,159.89,97149,159.815662
2023-03-23 17:49:00+00:00,159.9,159.92,159.795,687,159.855,82809,159.86877
2023-03-23 17:50:00+00:00,159.87,159.95,159.81,720,159.907,73832,159.863521
2023-03-23 17:51:00+00:00,159.82,159.9,159.784,744,159.8684,79769,159.828803
2023-03-23 17:52:00+00:00,159.795,159.8371,159.7,1277,159.82,133822,159.780513
2023-03-23 17:53:00+00:00,159.9062,159.91,159.7799,694,159.79,62405,159.84075
2023-03-23 17:54:00+00:00,159.7595,159.91,159.73,610,159.91,57479,159.804058
2023-03-23 17:55:00+00:00,159.805,159.81,159.69,686,159.76,89089,159.751971
2023-03-23 17:56:00+00:00,159.79,159.8418,159.76,535,159.81,64479,159.802492
2023-03-23 17:57:00+00:00,159.7438,159.8,159.7,703,159.8,69439,159.734362
2023-03-23 17:58:00+00:00,159.5401,159.75,159.535,1307,159.73,150258,159.637964
2023-03-23 17:59:00+00:00,159.61,159.647,159.52,778,159.545,92825,159.580975
2023-03-23 18:00:00+00:00,159.7009,159.725,159.598,864,159.6024,91179,159.64979
2023-03-23 18:01:00+00:00,159.77,159.83,159.71,914,159.71,118371,159.781092
2023-03-23 18:02:00+00:00,159.625,159.83,159.6,803,159.77,87725,159.717414
2023-03-23 18:03:00+00:00,159.54,159.62,159.51,705,159.62,83535,159.550812
2023-03-23 18:04:00+00:00,159.51,159.54,159.44,1140,159.54,166592,159.499658
2023-03-23 18:05:00+00:00,159.45,159.62,159.4438,769,159.52,76662,159.538113
2023-03-23 18:06:00+00:00,159.4297,159.55,159.39,971,159.4402,109307,159.466402
2023-03-23 18:07:00+00:00,159.52,159.5296,159.39,828,159.43,90392,159.45009
2023-03-23 18:08:00+00:00,159.4344,159.5343,159.43,644,159.53,71554,159.47964
2023-03-23 18:09:00+00:00,159.38,159.4799,159.325,948,159.43,123932,159.395602
2023-03-23 18:10:00+00:00,159.4405,159.47,159.37,657,159.37,65805,159.432591
2023-03-23 18:11:00+00:00,159.4,159.49,159.33,956,159.45,96684,159.39689
2023-03-23 18:12:00+00:00,159.54,159.54,159.39,799,159.39,129101,159.51799
2023-03-23 18:13:00+00:00,159.62,159.64,159.525,859,159.551,95454,159.592768
2023-03-23 18:14:00+00:00,159.6299,159.69,159.57,1133,159.62,139239,159.619313
2023-03-23 18:15:00+00:00,159.59,159.65,159.55,763,159.62,73816,159.599981
2023-03-23 18:16:00+00:00,159.63,159.71,159.59,661,159.6,85427,159.649039
2023-03-23 18:17:00+00:00,159.44,159.63,159.43,749,159.62,73488,159.503693
2023-03-23 18:18:00+00:00,159.56,159.57,159.4,681,159.445,86446,159.485878
2023-03-23 18:19:00+00:00,159.485,159.6399,159.48,622,159.56,64445,159.585421
2023-03-23 18:20:00+00:00,159.4,159.53,159.39,853,159.49,99742,159.463613
2023-03-23 18:21:00+00:00,159.31,159.43,159.265,1333,159.395,147300,159.32064
2023-03-23 18:22:00+00:00,159.2788,159.44,159.26,1165,159.31,125760,159.345626
2023-03-23 18:23:00+00:00,159.23,159.335,159.2,1172,159.28,127413,159.262555
2023-03-23 18:24:00+00:00,159.3,159.3,159.18,1732,159.2283,190600,159.241463
2023-03-23 18:25:00+00:00,158.955,159.34,158.94,2379,159.3,219425,159.124926
2023-03-23 18:26:00+00:00,159.07,159.12,158.95,1368,158.95,143661,159.058085
2023-03-23 18:27:00+00:00,158.89,159.0879,158.86,1406,159.08,182394,158.939229
2023-03-23 18:28:00+00:00,158.9,158.92,158.82,1100,158.89,124037,158.871883
2023-03-23 18:29:00+00:00,158.68,158.93,158.675,1413,158.91,135626,158.785696
2023-03-23 18:30:00+00:00,158.85,158.88,158.65,1395,158.68,142136,158.77865
2023-03-23 18:31:00+00:00,158.825,158.86,158.725,953,158.83,88748,158.795914
2023-03-23 18:32:00+00:00,158.68,158.83,158.6601,1220,158.82,123261,158.734448
2023-03-23 18:33:00+00:00,158.655,158.73,158.61,1389,158.69,142624,158.668785
2023-03-23 18:34:00+00:00,158.67,158.68,158.55,1771,158.6535,172674,158.60593
2023-03-23 18:35:00+00:00,158.87,158.87,158.62,1337,158.68,151320,158.750944
2023-03-23 18:36:00+00:00,158.6,158.88,158.59,1385,158.86,146570,158.721911
2023-03-23 18:37:00+00:00,158.525,158.67,158.51,1085,158.5854,119893,158.569549
2023-03-23 18:38:00+00:00,158.255,158.66,158.24,2019,158.5286,195895,158.441479
2023-03-23 18:39:00+00:00,158.16,158.32,158.15,1855,158.27,224821,158.212025
2023-03-23 18:40:00+00:00,158.035,158.24,157.955,2598,158.16,242800,158.072234
2023-03-23 18:41:00+00:00,157.9089,158.03,157.83,2019,158.02,258659,157.913585
2023-03-23 18:42:00+00:00,157.8721,158.0,157.84,1527,157.905,173881,157.955736
2023-03-23 18:43:00+00:00,157.77,157.935,157.76,1636,157.87,158880,157.84184
2023-03-23 18:44:00+00:00,157.77,157.82,157.7,1642,157.77,179024,157.763218
2023-03-23 18:45:00+00:00,158.13,158.165,157.79,2094,157.79,259741,158.034707
2023-03-23 18:46:00+00:00,158.13,158.18,158.0444,2106,158.12,215017,158.123468
2023-03-23 18:47:00+00:00,157.97,158.19,157.95,2742,158.14,328484,158.121205
2023-03-23 18:48:00+00:00,158.05,158.08,157.86,1331,157.95,134214,157.952846
2023-03-23 18:49:00+00:00,158.19,158.24,157.9787,1409,158.06,148642,158.099304
2023-03-23 18:50:00+00:00,158.08,158.2,158.01,1267,158.2,160718,158.121525
2023-03-23 18:51:00+00:00,158.35,158.38,158.08,1689,158.08,217856,158.284016
2023-03-23 18:52:00+00:00,158.22,158.395,158.12,1529,158.34,191225,158.268339
2023-03-23 18:53:00+00:00,158.2256,158.34,158.16,967,158.21,91333,158.242239
2023-03-23 18:54:00+00:00,157.9434,158.22,157.9434,1094,158.22,128008,158.047126
2023-03-23 18:55:00+00:00,157.945,157.995,157.85,1268,157.94,160190,157.902216
2023-03-23 18:56:00+00:00,158.06,158.07,157.82,1410,157.95,140750,157.918067
2023-03-23 18:57:00+00:00,158.07,158.21,158.05,1323,158.07,155120,158.115001
2023-03-23 18:58:00+00:00,158.46,158.46,158.065,1499,158.09,156150,158.244739
2023-03-23 18:59:00+00:00,158.6005,158.63,158.44,2325,158.46,274691,158.515897
2023-03-23 19:00:00+00:00,159.35,159.5,158.59,7324,158.61,856499,159.053476
2023-03-23 19:01:00+00:00,159.1219,159.5,158.87,5209,159.35,551121,159.209733
2023-03-23 19:02:00+00:00,158.83,159.18,158.74,1898,159.11,202027,158.948222
2023-03-23 19:03:00+00:00,159.02,159.1112,158.77,1635,158.83,159529,158.956472
2023-03-23 19:04:00+00:00,158.84,159.06,158.75,1234,159.04,132527,158.8552
2023-03-23 19:05:00+00:00,158.65,158.91,158.64,1457,158.85,156422,158.756123
2023-03-23 19:06:00+00:00,158.6505,158.84,158.6,1354,158.64,123625,158.712887
2023-03-23 19:07:00+00:00,158.46,158.7199,158.43,1628,158.66,153133,158.549626
2023-03-23 19:08:00+00:00,158.52,158.57,158.36,1255,158.47,140801,158.45439
2023-03-23 19:09:00+00:00,158.86,158.92,158.55,1861,158.55,221158,158.779855
2023-03-23 19:10:00+00:00,158.93,159.09,158.86,1802,158.86,201122,158.966367
2023-03-23 19:11:00+00:00,158.8136,159.12,158.81,1633,158.95,170629,158.991868
2023-03-23 19:12:00+00:00,158.8,158.95,158.76,940,158.81,89255,158.830218
2023-03-23 19:13:00+00:00,158.53,158.8083,158.5,1827,158.8,168838,158.624835
2023-03-23 19:14:00+00:00,158.72,158.73,158.49,1145,158.53,124562,158.589823
2023-03-23 19:15:00+00:00,158.64,158.9,158.61,1597,158.71,161714,158.741579
2023-03-23 19:16:00+00:00,158.55,158.74,158.5,1451,158.64,142568,158.616409
2023-03-23 19:17:00+00:00,158.49,158.72,158.46,1369,158.56,132080,158.567585
2023-03-23 19:18:00+00:00,158.26,158.59,158.18,3090,158.5,302916,158.359235
2023-03-23 19:19:00+00:00,158.0856,158.3,157.99,2335,158.28,244174,158.132629
2023-03-23 19:20:00+00:00,157.86,158.11,157.86,1487,158.075,132164,158.003325
2023-03-23 19:21:00+00:00,157.76,157.9206,157.68,2551,157.875,258529,157.814349
2023-03-23 19:22:00+00:00,158.16,158.17,157.73,1801,157.76,202262,157.906097
2023-03-23 19:23:00+00:00,158.38,158.48,158.04,1777,158.15,193680,158.266461
2023-03-23 19:24:00+00:00,158.4601,158.53,158.28,1212,158.3976,137421,158.397067
2023-03-23 19:25:00+00:00,158.51,158.63,158.36,1205,158.4701,123728,158.507911
2023-03-23 19:26:00+00:00,158.43,158.61,158.43,1088,158.4911,93218,158.506163
2023-03-23 19:27:00+00:00,158.51,158.71,158.4401,1162,158.48,117107,158.597224
2023-03-23 19:28:00+00:00,158.432,158.62,158.36,1493,158.51,166665,158.468018
2023-03-23 19:29:00+00:00,158.36,158.49,158.34,1135,158.41,128991,158.422377
2023-03-23 19:30:00+00:00,158.24,158.45,158.21,1214,158.35,117294,158.30656
2023-03-23 19:31:00+00:00,158.2,158.315,158.09,1817,158.25,196240,158.18304
2023-03-23 19:32:00+00:00,158.35,158.52,158.21,1548,158.21,156017,158.398619
2023-03-23 19:33:00+00:00,158.27,158.4,158.15,1766,158.36,181162,158.250141
2023-03-23 19:34:00+00:00,158.44,158.46,158.23,1487,158.25,139444,158.390606
2023-03-23 19:35:00+00:00,158.5,158.64,158.42,2196,158.44,238254,158.526144
2023-03-23 19:36:00+00:00,158.66,158.83,158.41,1809,158.49,195492,158.596496
2023-03-23 19:37:00+00:00,158.71,158.85,158.65,1586,158.66,147064,158.735457
2023-03-23 19:38:00+00:00,158.6,158.725,158.49,1439,158.71,146985,158.598158
2023-03-23 19:39:00+00:00,158.56,158.7,158.53,1118,158.62,100716,158.627847
2023-03-23 19:40:00+00:00,158.5615,158.67,158.47,1449,158.56,142210,158.565071
2023-03-23 19:41:00+00:00,158.62,158.71,158.46,1243,158.56,112443,158.567445
2023-03-23 19:42:00+00:00,158.79,158.79,158.51,1273,158.61,123027,158.628751
2023-03-23 19:43:00+00:00,158.82,158.89,158.72,1450,158.7887,146229,158.790345
2023-03-23 19:44:00+00:00,158.75,158.83,158.63,1351,158.81,130434,158.748005
2023-03-23 19:45:00+00:00,158.96,159.1,158.7093,2337,158.75,246740,158.972746
2023-03-23 19:46:00+00:00,159.16,159.29,158.935,2280,158.96,267360,159.161775
2023-03-23 19:47:00+00:00,159.245,159.31,159.1401,1824,159.16,212253,159.239989
2023-03-23 19:48:00+00:00,158.95,159.255,158.86,2502,159.24,274710,159.008312
2023-03-23 19:49:00+00:00,158.91,158.98,158.87,1531,158.96,145490,158.931677
2023-03-23 19:50:00+00:00,159.53,159.64,158.91,4980,158.91,552652,159.379008
2023-03-23 19:51:00+00:00,159.245,159.5702,159.18,2323,159.54,218620,159.38199
2023-03-23 19:52:00+00:00,159.125,159.24,159.12,2658,159.24,243287,159.178269
2023-03-23 19:53:00+00:00,159.27,159.3318,159.12,1993,159.12,206715,159.244382
2023-03-23 19:54:00+00:00,159.145,159.31,159.0799,2706,159.28,276297,159.180496
2023-03-23 19:55:00+00:00,159.085,159.28,158.97,3562,159.13,400014,159.098567
2023-03-23 19:56:00+00:00,159.2,159.25,159.03,3060,159.09,333587,159.150427
2023-03-23 19:57:00+00:00,159.27,159.2868,159.13,2471,159.21,269962,159.204218
2023-03-23 19:58:00+00:00,159.12,159.275,159.1,4255,159.26,511700,159.178692
2023-03-23 19:59:00+00:00,158.89,159.14,158.86,11456,159.125,1603647,158.982506
2023-03-23 20:00:00+00:00,158.93,158.95,158.66,209,158.89,14013827,158.929863
2023-03-23 20:01:00+00:00,158.93,158.93,158.64,110,158.64,672333,158.927489
2023-03-23 20:02:00+00:00,158.7,158.93,158.7,74,158.93,117863,158.923972
2023-03-23 20:03:00+00:00,158.7,158.76,158.67,81,158.76,6340,158.71764
2023-03-23 20:04:00+00:00,158.75,158.75,158.7,48,158.73,1972,158.722319
2023-03-23 20:05:00+00:00,158.73,158.73,158.7,44,158.7,1909,158.708193
2023-03-23 20:06:00+00:00,158.7,158.93,158.7,36,158.73,10897,158.910392
2023-03-23 20:07:00+00:00,158.71,158.71,158.68,29,158.68,1427,158.695424
2023-03-23 20:08:00+00:00,158.93,158.93,158.72,37,158.72,55414,158.925266
2023-03-23 20:09:00+00:00,158.93,158.93,158.93,23,158.93,656,158.848315
2023-03-23 20:10:00+00:00,158.75,158.86,158.75,19,158.86,347,158.796414
2023-03-23 20:11:00+00:00,158.75,158.93,158.74,33,158.74,17959,158.904541
2023-03-23 20:12:00+00:00,158.7752,158.7752,158.75,18,158.75,668,158.763174
2023-03-23 20:13:00+00:00,158.93,158.93,158.75,117,158.78,14225,158.883453
2023-03-23 20:14:00+00:00,158.88,158.911,158.88,28,158.88,1663,158.883476
2023-03-23 20:15:00+00:00,158.865,158.88,158.865,74,158.88,698,158.874054
2023-03-23 20:16:00+00:00,158.84,158.89,158.84,19,158.86,1737,158.856735
2023-03-23 20:17:00+00:00,158.82,158.82,158.82,17,158.82,932,158.821427
2023-03-23 20:18:00+00:00,158.81,158.81,158.81,21,158.81,771,158.815259
2023-03-23 20:20:00+00:00,158.8,158.83,158.8,23,158.83,1245,158.815478
2023-03-23 20:21:00+00:00,158.8,158.8,158.79,14,158.8,579,158.79791
2023-03-23 20:22:00+00:00,158.8,158.8,158.8,24,158.8,969,158.80016
2023-03-23 20:23:00+00:00,158.79,158.8,158.79,17,158.8,470,158.796766
2023-03-23 20:25:00+00:00,158.85,158.85,158.83,20,158.83,637,158.831884
2023-03-23 20:26:00+00:00,158.8,158.82,158.8,25,158.82,32328,158.927432
2023-03-23 20:27:00+00:00,158.82,158.82,158.82,22,158.82,380,158.818987
2023-03-23 20:28:00+00:00,158.81,158.82,158.81,28,158.82,885,158.818235
2023-03-23 20:29:00+00:00,158.84,158.84,158.82,20,158.82,2016,158.836203
2023-03-23 20:30:00+00:00,158.85,158.85,158.85,25,158.85,1543,158.849284
2023-03-23 20:31:00+00:00,158.93,158.93,158.82,59,158.82,5709,158.887366
2023-03-23 20:32:00+00:00,159.1,159.1,158.92,141,158.92,12812,159.018006
2023-03-23 20:33:00+00:00,159.18,159.32,159.08,102,159.1,5420,159.169231
2023-03-23 20:34:00+00:00,159.06,159.15,159.06,73,159.15,2040,159.097625
2023-03-23 20:35:00+00:00,159.0432,159.0432,159.01,34,159.01,848,159.028119
2023-03-23 20:36:00+00:00,158.99,159.04,158.99,34,159.04,2022,159.009567
2023-03-23 20:37:00+00:00,159.02,159.04,158.98,73,159.02,4842,159.015265
2023-03-23 20:38:00+00:00,159.0,159.04,159.0,19,159.02,2493,159.026978
2023-03-23 20:39:00+00:00,159.11,159.16,159.0205,59,159.03,4705,159.084578
2023-03-23 20:40:00+00:00,159.2,159.2,159.13,42,159.13,1833,159.169529
2023-03-23 20:41:00+00:00,159.5,159.5,159.33,87,159.34,6662,159.382874
2023-03-23 20:42:00+00:00,159.65,159.65,159.32,102,159.42,3849,159.509519
2023-03-23 20:43:00+00:00,159.97,159.97,159.55,184,159.5501,18659,159.706881
2023-03-23 20:44:00+00:00,159.59,159.6,159.55,67,159.58,5952,159.57796
2023-03-23 20:45:00+00:00,159.42,159.5552,158.93,50,159.5552,10579,159.084263
2023-03-23 20:46:00+00:00,159.4,159.4,159.4,27,159.4,4461,159.399409
2023-03-23 20:47:00+00:00,159.5,159.5,159.44,41,159.44,2928,159.456882
2023-03-23 20:48:00+00:00,159.43,159.5,159.4,55,159.5,2152,159.416357
2023-03-23 20:49:00+00:00,159.38,159.38,159.35,21,159.38,1164,159.372027
2023-03-23 20:50:00+00:00,159.39,159.41,159.35,28,159.35,2107,159.384324
2023-03-23 20:51:00+00:00,159.35,159.38,159.35,28,159.38,705,159.351397
2023-03-23 20:53:00+00:00,159.34,159.38,159.34,16,159.34,714,159.350448
2023-03-23 20:54:00+00:00,159.32,159.32,159.32,9,159.32,255,159.317804
2023-03-23 20:55:00+00:00,159.25,159.34,159.25,43,159.33,2619,159.30388
2023-03-23 20:56:00+00:00,159.29,159.29,159.29,13,159.29,212,159.284092
2023-03-23 20:57:00+00:00,159.19,159.27,159.19,19,159.27,746,160.894466
2023-03-23 20:58:00+00:00,159.23,159.23,159.19,30,159.19,1712,159.208445
2023-03-23 20:59:00+00:00,159.2,159.2,159.2,13,159.2,334,159.206018
2023-03-23 21:00:00+00:00,159.2,159.2,159.2,14,159.2,289,159.605173
2023-03-23 21:04:00+00:00,159.29,159.29,159.22,23,159.28,650,159.269531
2023-03-23 21:05:00+00:00,159.22,159.22,159.22,9,159.22,24222,158.933302
2023-03-23 21:06:00+00:00,159.31,159.32,159.27,15,159.27,1240,159.292552
2023-03-23 21:07:00+00:00,159.32,159.32,159.32,19,159.32,346,159.320997
2023-03-23 21:09:00+00:00,159.37,159.37,159.37,2,159.37,251,159.37
2023-03-23 21:12:00+00:00,159.3548,159.37,159.35,19,159.37,1412,159.358831
2023-03-23 21:13:00+00:00,159.33,159.35,159.33,11,159.35,616,159.346672
2023-03-23 21:14:00+00:00,159.26,159.31,159.26,53,159.31,4241,159.290078
2023-03-23 21:15:00+00:00,159.24,159.29,159.24,12,159.29,1358,159.27018
2023-03-23 21:16:00+00:00,159.24,159.24,159.24,13,159.24,311,159.243296
2023-03-23 21:18:00+00:00,159.25,159.25,159.25,12,159.25,442,159.25836
2023-03-23 21:19:00+00:00,158.93,158.93,158.93,11,158.93,164046,158.930054
2023-03-23 21:20:00+00:00,159.29,159.29,159.29,7,159.29,241,159.286973
2023-03-23 21:27:00+00:00,159.24,159.24,159.24,4,159.24,201,159.240124
2023-03-23 21:28:00+00:00,159.29,159.29,159.26,20,159.2858,818,159.279798
2023-03-23 21:30:00+00:00,159.26,159.26,159.26,7,159.26,170,159.262
2023-03-23 21:31:00+00:00,159.25,159.25,159.25,10,159.25,234,159.252607
2023-03-23 21:32:00+00:00,159.29,159.29,159.29,14,159.29,845,159.290964
2023-03-23 21:33:00+00:00,159.26,159.26,159.26,11,159.26,178,159.259242
2023-03-23 21:34:00+00:00,159.3,159.3,159.3,8,159.3,180,159.286806
2023-03-23 21:35:00+00:00,159.3,159.3,159.25,32,159.25,3644,159.263002
2023-03-23 21:36:00+00:00,159.3,159.3,159.3,10,159.3,449,159.300367
2023-03-23 21:41:00+00:00,159.3,159.3,159.3,11,159.3,457,159.30047
2023-03-23 21:42:00+00:00,159.31,159.31,159.3,13,159.3,2185,159.300657
2023-03-23 21:44:00+00:00,159.25,159.27,159.25,19,159.26,1162,159.259307
2023-03-23 21:45:00+00:00,159.26,159.3499,159.26,14,159.3499,434,159.323664
2023-03-23 21:46:00+00:00,159.2501,159.28,159.2501,23,159.28,1172,159.268857
2023-03-23 21:47:00+00:00,159.25,159.28,159.25,9,159.28,1723,159.252568
2023-03-23 21:48:00+00:00,159.28,159.28,159.28,11,159.28,464,159.280431
2023-03-23 21:49:00+00:00,159.28,159.28,159.28,6,159.28,1011,159.280336
2023-03-23 21:50:00+00:00,159.2904,159.2904,159.2904,14,159.2904,327,159.290489
2023-03-23 21:52:00+00:00,159.2624,159.2624,159.2624,13,159.2624,483,159.269482
2023-03-23 21:54:00+00:00,159.32,159.32,159.32,16,159.32,925,159.31293
2023-03-23 21:56:00+00:00,159.27,159.28,159.26,30,159.28,1630,159.273181
2023-03-23 21:57:00+00:00,159.25,159.27,159.25,28,159.26,4046,159.259655
2023-03-23 21:58:00+00:00,159.2228,159.2228,159.2228,16,159.2228,357,159.232325
2023-03-23 22:00:00+00:00,159.22,159.22,159.22,14,159.22,330,159.237424
2023-03-23 22:02:00+00:00,159.2,159.2,159.2,29,159.2,971,159.202868
2023-03-23 22:03:00+00:00,159.15,159.15,159.15,19,159.15,2188,159.149833
2023-03-23 22:06:00+00:00,159.15,159.15,159.15,11,159.15,2527,159.150133
2023-03-23 22:08:00+00:00,159.2,159.2,159.2,16,159.2,571,159.194623
2023-03-23 22:10:00+00:00,159.19,159.19,159.19,9,159.19,185,159.184622
2023-03-23 22:11:00+00:00,159.12,159.16,159.12,22,159.16,2115,159.150069
2023-03-23 22:12:00+00:00,159.12,159.12,159.12,10,159.12,409,159.120244
2023-03-23 22:15:00+00:00,159.15,159.15,159.15,10,159.15,244,159.12791
2023-03-23 22:16:00+00:00,159.06,159.06,159.06,6,159.06,334,159.06524
2023-03-23 22:17:00+00:00,159.02,159.06,159.02,29,159.06,1131,159.052056
2023-03-23 22:18:00+00:00,158.93,159.09,158.93,49,159.01,3382,159.047228
2023-03-23 22:19:00+00:00,158.9,158.91,158.81,45,158.91,3111,158.885236
2023-03-23 22:20:00+00:00,159.0,159.15,159.0,25,159.05,958,159.082667
2023-03-23 22:22:00+00:00,158.93,158.93,158.93,13,158.93,1136,158.931224
2023-03-23 22:23:00+00:00,158.94,158.94,158.94,12,158.94,218,158.943005
2023-03-23 22:24:00+00:00,158.95,158.95,158.95,23,158.95,1025,158.948244
2023-03-23 22:25:00+00:00,159.0,159.0,158.95,26,158.95,1615,158.98
2023-03-23 22:27:00+00:00,159.0,159.0,159.0,7,159.0,284,159.000563
2023-03-23 22:28:00+00:00,159.01,159.01,158.95,28,158.96,935,158.95315
2023-03-23 22:35:00+00:00,159.0,159.0,159.0,14,159.0,1079,159.001719
2023-03-23 22:36:00+00:00,158.96,159.04,158.96,30,159.0,1060,159.005066
2023-03-23 22:37:00+00:00,159.0,159.03,159.0,24,159.02,1017,159.017158
2023-03-23 22:38:00+00:00,159.03,159.03,159.03,10,159.03,471,159.030955
2023-03-23 22:39:00+00:00,158.81,159.0,158.81,45,159.0,5214,158.932649
2023-03-23 22:41:00+00:00,158.82,158.85,158.82,14,158.85,522,158.838908
2023-03-23 22:46:00+00:00,158.85,158.85,158.85,13,158.85,377,158.860332
2023-03-23 22:47:00+00:00,158.8,158.85,158.8,23,158.85,940,158.815186
2023-03-23 22:50:00+00:00,158.8,158.8,158.8,19,158.8,243,158.808354
2023-03-23 22:53:00+00:00,158.89,158.89,158.89,3,158.89,104,158.88899
2023-03-23 22:54:00+00:00,158.9,158.9,158.9,7,158.9,176,158.896193
2023-03-23 22:56:00+00:00,158.93,158.93,158.9,20,158.9,1198,158.91126
2023-03-23 22:57:00+00:00,158.93,158.93,158.93,18,158.93,920,158.932946
2023-03-23 23:00:00+00:00,158.93,158.94,158.93,9,158.94,803,158.934328
2023-03-23 23:02:00+00:00,159.0,159.0,159.0,11,159.0,922,158.998487
2023-03-23 23:03:00+00:00,159.0,159.07,158.98,19,158.98,1145,159.023162
2023-03-23 23:04:00+00:00,159.0,159.02,159.0,14,159.02,1346,159.003577
2023-03-23 23:05:00+00:00,158.98,158.98,158.98,6,158.98,292,158.981182
2023-03-23 23:07:00+00:00,159.07,159.07,158.98,15,158.98,1052,159.016488
2023-03-23 23:08:00+00:00,159.0,159.0,159.0,4,159.0,203,158.999803
2023-03-23 23:09:00+00:00,158.93,158.93,158.93,18,158.93,557,158.933645
2023-03-23 23:10:00+00:00,159.0,159.0,158.9,20,158.9,1636,158.967115
2023-03-23 23:14:00+00:00,159.09,159.09,159.09,12,159.09,370,159.087568
2023-03-23 23:16:00+00:00,159.08,159.08,159.0,12,159.0,840,159.043006
2023-03-23 23:18:00+00:00,158.94,158.94,158.94,6,158.94,209,158.94311
2023-03-23 23:19:00+00:00,158.94,159.09,158.94,16,159.07,1179,159.03855
2023-03-23 23:20:00+00:00,159.16,159.16,159.15,31,159.15,1074,159.162621
2023-03-23 23:22:00+00:00,159.08,159.08,159.08,8,159.08,115,159.080565
2023-03-23 23:24:00+00:00,159.29,159.29,159.24,21,159.27,1320,159.27083
2023-03-23 23:25:00+00:00,159.2,159.2,159.2,15,159.2,405,159.199383
2023-03-23 23:30:00+00:00,159.15,159.15,159.14,15,159.14,558,159.155833
2023-03-23 23:31:00+00:00,159.26,159.26,159.26,13,159.26,454,159.248117
2023-03-23 23:32:00+00:00,159.27,159.27,159.22,13,159.22,512,159.249229
2023-03-23 23:36:00+00:00,159.29,159.29,159.29,10,159.29,251,159.287908
2023-03-23 23:37:00+00:00,159.25,159.32,159.25,21,159.32,1030,159.264699
2023-03-23 23:38:00+00:00,159.2,159.28,159.2,15,159.28,777,159.246094
2023-03-23 23:42:00+00:00,159.18,159.18,159.18,12,159.18,567,159.177619
2023-03-23 23:43:00+00:00,159.24,159.24,159.19,7,159.19,357,159.225784
2023-03-23 23:44:00+00:00,159.24,159.24,159.23,15,159.23,659,159.234241
2023-03-23 23:45:00+00:00,159.15,159.15,159.15,25,159.15,668,159.175127
2023-03-23 23:46:00+00:00,159.19,159.19,159.19,10,159.19,215,159.185186
2023-03-23 23:47:00+00:00,159.16,159.16,159.16,10,159.16,244,159.1525
2023-03-23 23:48:00+00:00,159.1,159.1,159.1,20,159.1,591,159.106379
2023-03-23 23:49:00+00:00,159.15,159.15,159.15,7,159.15,130,159.1495
2023-03-23 23:50:00+00:00,159.1,159.1,159.1,8,159.1,336,159.103646
2023-03-23 23:51:00+00:00,159.15,159.15,159.15,13,159.15,567,159.14866
2023-03-23 23:52:00+00:00,159.15,159.15,159.15,15,159.15,266,159.145113
2023-03-23 23:53:00+00:00,159.15,159.15,159.1,18,159.1,873,159.104754
2023-03-23 23:54:00+00:00,159.15,159.15,159.02,18,159.02,886,159.127534
2023-03-23 23:55:00+00:00,159.01,159.04,159.01,30,159.04,935,159.039936
2023-03-23 23:56:00+00:00,159.12,159.12,159.12,12,159.12,672,159.114807
2023-03-23 23:57:00+00:00,159.17,159.17,159.13,14,159.13,888,159.142793
2023-03-23 23:58:00+00:00,159.22,159.22,159.2,9,159.2,369,159.213388
2023-03-23 23:59:00+00:00,159.05,159.14,159.05,23,159.14,576,159.140434
