timestamp,close,high,low,trade_count,open,volume,vwap
2023-08-22 08:00:00+00:00,176.17,176.17,176.16,60,176.16,1104,176.187301
2023-08-22 08:01:00+00:00,176.36,176.36,176.35,41,176.35,1691,176.371023
2023-08-22 08:03:00+00:00,176.3,176.3,176.3,41,176.3,877,176.321688
2023-08-22 08:04:00+00:00,176.37,176.39,176.35,24,176.39,937,176.370192
2023-08-22 08:05:00+00:00,176.38,176.38,176.38,36,176.38,820,176.439524
2023-08-22 08:06:00+00:00,176.48,176.51,176.48,59,176.5,2501,176.501088
2023-08-22 08:07:00+00:00,176.5,176.5,176.5,29,176.5,980,176.505235
2023-08-22 08:08:00+00:00,176.53,176.53,176.53,31,176.53,1005,176.567214
2023-08-22 08:09:00+00:00,176.59,176.61,176.59,33,176.61,653,176.604441
2023-08-22 08:10:00+00:00,176.62,176.62,176.62,17,176.62,383,176.601697
2023-08-22 08:11:00+00:00,176.56,176.66,176.56,42,176.66,1547,176.607014
2023-08-22 08:12:00+00:00,176.6,176.6,176.6,9,176.6,523,176.598451
2023-08-22 08:13:00+00:00,176.6,176.6,176.6,15,176.6,454,176.62174
2023-08-22 08:15:00+00:00,176.6,176.6,176.6,22,176.6,586,176.606706
2023-08-22 08:16:00+00:00,176.68,176.68,176.68,14,176.68,469,176.669382
2023-08-22 08:17:00+00:00,176.64,176.64,176.64,18,176.64,522,176.66113
2023-08-22 08:18:00+00:00,176.56,176.65,176.56,45,176.65,896,176.596016
2023-08-22 08:20:00+00:00,176.6,176.6,176.6,28,176.6,490,176.599347
2023-08-22 08:21:00+00:00,176.6,176.6,176.6,36,176.6,1755,176.637698
2023-08-22 08:22:00+00:00,176.6,176.6,176.6,20,176.6,488,176.626844
2023-08-22 08:23:00+00:00,176.66,176.66,176.64,31,176.64,1135,176.651648
2023-08-22 08:29:00+00:00,176.5,176.68,176.5,67,176.68,4647,176.589544
2023-08-22 08:31:00+00:00,176.5,176.5,176.5,11,176.5,1068,176.502734
2023-08-22 08:34:00+00:00,176.59,176.59,176.52,32,176.52,1503,176.568071
2023-08-22 08:36:00+00:00,176.59,176.59,176.59,7,176.59,192,176.589635
2023-08-22 08:37:00+00:00,176.6,176.6,176.6,32,176.6,1387,176.598508
2023-08-22 08:42:00+00:00,176.7,176.7,176.7,9,176.7,190,176.697842
2023-08-22 08:43:00+00:00,176.73,176.73,176.72,63,176.72,4493,176.718938
2023-08-22 08:44:00+00:00,176.77,176.77,176.74,26,176.74,1134,176.743104
2023-08-22 08:46:00+00:00,176.79,176.8,176.79,27,176.8,708,176.80178
2023-08-22 08:47:00+00:00,176.71,176.71,176.71,29,176.71,534,176.734775
2023-08-22 08:49:00+00:00,176.8,176.8,176.8,14,176.8,612,176.798676
2023-08-22 08:50:00+00:00,176.73,176.73,176.73,10,176.73,306,176.749608
2023-08-22 08:52:00+00:00,176.72,176.72,176.72,42,176.72,1003,176.722164
2023-08-22 08:53:00+00:00,176.76,176.76,176.76,7,176.76,582,176.756753
2023-08-22 08:54:00+00:00,176.79,176.79,176.76,47,176.76,1549,176.755888
2023-08-22 08:55:00+00:00,176.7,176.73,176.7,13,176.73,500,176.71928
2023-08-22 08:57:00+00:00,176.61,176.67,176.61,52,176.67,2974,176.662044
2023-08-22 08:58:00+00:00,176.6,176.6,176.6,13,176.6,257,176.606342
2023-08-22 09:00:00+00:00,176.67,176.7,176.67,31,176.69,706,176.683612
2023-08-22 09:01:00+00:00,176.66,176.66,176.64,25,176.64,978,176.653834
2023-08-22 09:02:00+00:00,176.66,176.66,176.66,5,176.66,196,176.648112
2023-08-22 09:03:00+00:00,176.63,176.63,176.63,26,176.63,273,176.609267
2023-08-22 09:04:00+00:00,176.54,176.57,176.54,44,176.57,1094,176.549817
2023-08-22 09:06:00+00:00,176.49,176.53,176.49,84,176.53,1924,176.497531
2023-08-22 09:07:00+00:00,176.54,176.54,176.54,8,176.54,337,176.532047
2023-08-22 09:09:00+00:00,176.53,176.58,176.5,53,176.58,1810,176.520166
2023-08-22 09:11:00+00:00,176.55,176.55,176.51,15,176.51,739,176.53885
2023-08-22 09:13:00+00:00,176.55,176.55,176.55,14,176.55,349,176.555817
2023-08-22 09:15:00+00:00,176.52,176.54,176.52,32,176.54,3891,176.524415
2023-08-22 09:17:00+00:00,176.5,176.5,176.5,19,176.5,407,176.503808
2023-08-22 09:21:00+00:00,176.53,176.53,176.53,2,176.53,103,176.529126
2023-08-22 09:22:00+00:00,176.5,176.51,176.5,17,176.51,691,176.503936
2023-08-22 09:24:00+00:00,176.59,176.59,176.59,18,176.59,592,176.590304
2023-08-22 09:27:00+00:00,176.55,176.56,176.55,46,176.56,909,176.560693
2023-08-22 09:30:00+00:00,176.65,176.7,176.61,44,176.61,2715,176.645201
2023-08-22 09:40:00+00:00,176.7,176.7,176.7,22,176.7,940,176.701979
2023-08-22 09:42:00+00:00,176.68,176.73,176.68,43,176.73,1686,176.696945
2023-08-22 09:43:00+00:00,176.67,176.67,176.67,9,176.67,315,176.670254
2023-08-22 09:44:00+00:00,176.69,176.69,176.69,14,176.69,691,176.689812
2023-08-22 09:45:00+00:00,176.7,176.7,176.67,20,176.67,726,176.684146
2023-08-22 09:46:00+00:00,176.75,176.75,176.74,18,176.74,747,176.736586
2023-08-22 09:47:00+00:00,176.76,176.76,176.75,22,176.75,3108,176.75842
2023-08-22 09:48:00+00:00,176.78,176.78,176.76,9,176.76,1877,176.763308
2023-08-22 09:50:00+00:00,176.79,176.79,176.78,34,176.78,1188,176.778914
2023-08-22 09:51:00+00:00,176.78,176.78,176.78,17,176.78,394,176.784264
2023-08-22 09:53:00+00:00,176.72,176.77,176.72,61,176.76,5040,176.747917
2023-08-22 09:54:00+00:00,176.76,176.76,176.73,49,176.73,2497,176.75648
2023-08-22 09:55:00+00:00,176.73,176.73,176.73,16,176.73,445,176.735461
2023-08-22 09:59:00+00:00,176.73,176.73,176.73,15,176.73,412,176.731311
2023-08-22 10:02:00+00:00,176.77,176.77,176.77,15,176.77,381,176.767822
2023-08-22 10:03:00+00:00,176.8,176.8,176.8,17,176.8,547,176.795722
2023-08-22 10:04:00+00:00,176.74,176.74,176.74,40,176.74,655,176.761466
2023-08-22 10:05:00+00:00,176.8,176.8,176.8,17,176.8,952,176.800084
2023-08-22 10:06:00+00:00,176.8,176.81,176.8,20,176.8,1124,176.801566
2023-08-22 10:08:00+00:00,176.84,176.84,176.82,27,176.82,1042,176.829942
2023-08-22 10:12:00+00:00,176.85,176.85,176.85,10,176.85,305,176.851607
2023-08-22 10:13:00+00:00,176.82,176.85,176.82,35,176.85,1138,176.831441
2023-08-22 10:14:00+00:00,176.83,176.83,176.83,18,176.83,197,176.82132
2023-08-22 10:15:00+00:00,176.79,176.81,176.79,15,176.81,1223,176.80668
2023-08-22 10:16:00+00:00,176.79,176.79,176.79,10,176.79,339,176.790501
2023-08-22 10:17:00+00:00,176.79,176.79,176.79,8,176.79,751,176.79008
2023-08-22 10:18:00+00:00,176.81,176.81,176.81,13,176.81,362,176.806105
2023-08-22 10:20:00+00:00,176.86,176.86,176.86,32,176.86,563,176.87032
2023-08-22 10:21:00+00:00,176.86,176.86,176.86,28,176.86,4323,176.858279
2023-08-22 10:23:00+00:00,176.82,176.82,176.82,14,176.82,418,176.823493
2023-08-22 10:28:00+00:00,176.85,176.85,176.85,14,176.85,591,176.848985
2023-08-22 10:30:00+00:00,176.82,176.84,176.82,57,176.83,1168,176.831318
2023-08-22 10:32:00+00:00,176.86,176.86,176.82,14,176.82,815,176.852319
2023-08-22 10:36:00+00:00,176.77,176.81,176.77,78,176.81,1604,176.811714
2023-08-22 10:41:00+00:00,176.84,176.84,176.84,12,176.84,350,176.841114
2023-08-22 10:43:00+00:00,176.88,176.88,176.88,4,176.88,172,176.879884
2023-08-22 10:44:00+00:00,176.88,176.88,176.88,19,176.88,966,176.879286
2023-08-22 10:45:00+00:00,176.81,176.87,176.8,42,176.87,1784,176.817438
2023-08-22 10:46:00+00:00,176.79,176.79,176.79,9,176.79,240,176.794208
2023-08-22 10:47:00+00:00,176.76,176.77,176.76,34,176.77,725,176.756524
2023-08-22 10:48:00+00:00,176.75,176.75,176.71,22,176.73,1307,176.731109
2023-08-22 10:50:00+00:00,176.71,176.71,176.71,31,176.71,477,176.708532
2023-08-22 10:51:00+00:00,176.69,176.7,176.69,17,176.7,646,176.694861
2023-08-22 10:54:00+00:00,176.7,176.7,176.7,11,176.7,757,176.696843
2023-08-22 10:55:00+00:00,176.8,176.8,176.72,54,176.72,2584,176.76844
2023-08-22 10:57:00+00:00,176.79,176.81,176.79,14,176.81,805,176.8
2023-08-22 10:58:00+00:00,176.81,176.81,176.81,8,176.81,117,176.809573
2023-08-22 11:00:00+00:00,176.68,176.81,176.68,208,176.76,9412,176.738691
2023-08-22 11:01:00+00:00,176.74,176.75,176.73,56,176.73,4492,176.733849
2023-08-22 11:02:00+00:00,176.7,176.73,176.7,39,176.7,1913,176.707967
2023-08-22 11:03:00+00:00,176.67,176.7,176.67,42,176.7,1368,176.688385
2023-08-22 11:04:00+00:00,176.66,176.66,176.66,33,176.66,930,176.661591
2023-08-22 11:05:00+00:00,176.7,176.7,176.67,33,176.67,3272,176.692897
2023-08-22 11:08:00+00:00,176.66,176.66,176.66,65,176.66,1307,176.663634
2023-08-22 11:09:00+00:00,176.64,176.66,176.64,38,176.66,1664,176.654093
2023-08-22 11:10:00+00:00,176.65,176.65,176.65,12,176.65,421,176.656532
2023-08-22 11:11:00+00:00,176.63,176.64,176.6,84,176.64,3439,176.614696
2023-08-22 11:13:00+00:00,176.71,176.71,176.71,10,176.71,392,176.708699
2023-08-22 11:15:00+00:00,176.69,176.71,176.69,66,176.71,3863,176.699728
2023-08-22 11:16:00+00:00,176.6,176.6,176.6,67,176.6,1393,176.593905
2023-08-22 11:17:00+00:00,176.65,176.65,176.59,25,176.59,1146,176.602016
2023-08-22 11:18:00+00:00,176.68,176.69,176.65,26,176.65,1965,176.680545
2023-08-22 11:19:00+00:00,176.71,176.71,176.69,58,176.69,5671,176.700041
2023-08-22 11:20:00+00:00,176.71,176.71,176.7,28,176.7,1063,176.698297
2023-08-22 11:21:00+00:00,176.67,176.71,176.67,54,176.71,1927,176.68122
2023-08-22 11:22:00+00:00,176.7,176.7,176.7,19,176.7,767,176.697027
2023-08-22 11:23:00+00:00,176.72,176.72,176.7,62,176.7,3153,176.708398
2023-08-22 11:24:00+00:00,176.77,176.78,176.73,41,176.73,1720,176.756186
2023-08-22 11:26:00+00:00,176.76,176.76,176.74,23,176.74,1140,176.746763
2023-08-22 11:28:00+00:00,176.65,176.7,176.63,77,176.7,2416,176.664905
2023-08-22 11:29:00+00:00,176.67,176.67,176.67,14,176.67,518,176.685907
2023-08-22 11:31:00+00:00,176.73,176.73,176.72,26,176.73,2152,176.731389
2023-08-22 11:32:00+00:00,176.77,176.77,176.77,19,176.77,651,176.771106
2023-08-22 11:35:00+00:00,176.8,176.8,176.8,44,176.8,1144,176.7709
2023-08-22 11:36:00+00:00,176.73,176.73,176.73,53,176.73,964,176.716981
2023-08-22 11:37:00+00:00,176.75,176.75,176.74,23,176.74,1682,176.740488
2023-08-22 11:38:00+00:00,176.82,176.82,176.79,30,176.79,1689,176.808526
2023-08-22 11:39:00+00:00,176.84,176.85,176.84,82,176.85,3656,176.843455
2023-08-22 11:40:00+00:00,176.86,176.86,176.84,45,176.86,2216,176.859928
2023-08-22 11:41:00+00:00,176.83,176.83,176.83,56,176.83,2023,176.839362
2023-08-22 11:42:00+00:00,176.85,176.85,176.83,35,176.83,2162,176.831906
2023-08-22 11:45:00+00:00,176.93,176.94,176.88,79,176.88,3801,176.897111
2023-08-22 11:46:00+00:00,176.95,176.95,176.95,32,176.95,648,176.944907
2023-08-22 11:47:00+00:00,176.98,176.98,176.95,30,176.95,1831,176.955609
2023-08-22 11:48:00+00:00,176.97,176.97,176.95,36,176.96,1949,176.961134
2023-08-22 11:50:00+00:00,176.97,176.97,176.95,44,176.95,1570,176.954185
2023-08-22 11:52:00+00:00,177.0,177.0,176.98,131,176.98,3706,176.992043
2023-08-22 11:54:00+00:00,177.04,177.04,177.04,20,177.04,1114,177.038061
2023-08-22 11:55:00+00:00,177.0,177.02,177.0,50,177.02,1772,177.0093
2023-08-22 11:57:00+00:00,176.99,177.0,176.99,31,177.0,1623,176.990881
2023-08-22 11:58:00+00:00,176.96,176.99,176.96,36,176.99,4769,176.980609
2023-08-22 11:59:00+00:00,176.95,176.96,176.95,38,176.96,3796,176.95205
2023-08-22 12:00:00+00:00,176.98,177.07,176.5732,808,176.7408,86835,176.814392
2023-08-22 12:02:00+00:00,176.0,176.98,175.98,665,176.36,4839,176.221738
2023-08-22 12:03:00+00:00,176.93,176.98,175.89,518,176.0,5384,176.232801
2023-08-22 12:04:00+00:00,177.0,177.0,176.95,63,176.95,3854,176.986668
2023-08-22 12:05:00+00:00,177.0,177.0,176.99,78,176.99,7542,176.998436
2023-08-22 12:06:00+00:00,177.05,177.05,176.9906,69,176.999,9821,177.000398
2023-08-22 12:07:00+00:00,177.06,177.08,177.05,84,177.08,4843,177.067613
2023-08-22 12:08:00+00:00,177.08,177.08,177.07,36,177.08,1163,177.076101
2023-08-22 12:09:00+00:00,177.08,177.08,177.06,41,177.06,1449,177.065465
2023-08-22 12:10:00+00:00,177.08,177.08,177.08,56,177.08,983,177.073784
2023-08-22 12:11:00+00:00,177.14,177.14,177.09,103,177.09,3179,177.109653
2023-08-22 12:12:00+00:00,177.11,177.15,177.08,69,177.15,3374,177.112151
2023-08-22 12:13:00+00:00,177.05,177.08,177.05,104,177.08,8365,177.07535
2023-08-22 12:14:00+00:00,177.01,177.07,177.0,110,177.07,3436,177.03008
2023-08-22 12:15:00+00:00,176.99,177.03,176.99,62,177.0,5663,177.000516
2023-08-22 12:16:00+00:00,176.95,176.99,176.93,60,176.99,2135,176.964664
2023-08-22 12:17:00+00:00,176.93,176.94,176.9,84,176.93,5449,176.916518
2023-08-22 12:18:00+00:00,176.94,176.94,176.94,34,176.94,516,176.940184
2023-08-22 12:19:00+00:00,176.97,176.97,176.93,46,176.93,2397,176.96316
2023-08-22 12:20:00+00:00,177.06,177.06,177.0,48,177.0,3720,177.033841
2023-08-22 12:21:00+00:00,177.06,177.06,177.06,26,177.06,263,177.048137
2023-08-22 12:22:00+00:00,176.97,177.02,176.97,74,177.02,3552,177.009949
2023-08-22 12:23:00+00:00,176.99,177.02,176.96,106,176.97,10248,176.995565
2023-08-22 12:24:00+00:00,177.03,177.03,177.0,41,177.0,797,177.010646
2023-08-22 12:25:00+00:00,177.0,177.04,177.0,64,177.0383,1659,177.026736
2023-08-22 12:26:00+00:00,177.0,177.02,177.0,63,177.02,2698,177.005287
2023-08-22 12:27:00+00:00,177.0,177.0297,177.0,61,177.0,2837,177.014549
2023-08-22 12:28:00+00:00,176.95,177.03,176.95,89,177.0,3409,177.000995
2023-08-22 12:29:00+00:00,176.98,176.98,176.97,43,176.97,2380,176.971573
2023-08-22 12:30:00+00:00,177.09,177.1,177.01,69,177.01,10872,177.075612
2023-08-22 12:31:00+00:00,177.15,177.15,177.08,92,177.09,6967,177.100989
2023-08-22 12:32:00+00:00,177.18,177.1999,177.15,92,177.1788,6157,177.187208
2023-08-22 12:33:00+00:00,177.14,177.1989,177.14,111,177.17,6800,177.15385
2023-08-22 12:34:00+00:00,177.15,177.165,177.13,49,177.13,1017,177.147588
2023-08-22 12:35:00+00:00,177.05,177.15,177.05,103,177.15,8390,177.098018
2023-08-22 12:36:00+00:00,177.0,177.05,177.0,100,177.0303,9319,177.011152
2023-08-22 12:37:00+00:00,177.0,177.0,176.97,49,176.99,1893,176.992005
2023-08-22 12:38:00+00:00,177.01,177.01,176.98,115,176.98,7995,176.99965
2023-08-22 12:39:00+00:00,177.05,177.07,177.049,56,177.049,3731,177.052198
2023-08-22 12:40:00+00:00,177.0,177.0516,177.0,65,177.0516,2724,177.016166
2023-08-22 12:41:00+00:00,177.0,177.01,177.0,90,177.0,5172,177.001615
2023-08-22 12:42:00+00:00,177.0,177.05,177.0,94,177.01,3699,177.007042
2023-08-22 12:43:00+00:00,176.96,177.01,176.9486,174,177.0,19273,176.976729
2023-08-22 12:44:00+00:00,176.91,177.0,176.91,105,176.9701,5435,176.96259
2023-08-22 12:45:00+00:00,176.92,176.92,176.9,101,176.9001,8368,176.901727
2023-08-22 12:46:00+00:00,176.96,176.96,176.95,53,176.95,1016,176.943996
2023-08-22 12:47:00+00:00,177.0,177.05,176.96,158,176.96,6730,177.010803
2023-08-22 12:48:00+00:00,177.01,177.02,177.0,44,177.02,6023,177.009559
2023-08-22 12:49:00+00:00,177.01,177.04,177.01,39,177.01,1473,177.024236
2023-08-22 12:50:00+00:00,177.08,177.08,177.04,65,177.04,3371,177.060608
2023-08-22 12:51:00+00:00,177.03,177.0678,177.03,80,177.04,3378,177.04477
2023-08-22 12:52:00+00:00,176.95,177.0497,176.95,126,177.02,4327,177.019775
2023-08-22 12:53:00+00:00,176.91,176.94,176.91,86,176.94,4258,176.923826
2023-08-22 12:54:00+00:00,176.9,176.9,176.9,61,176.9,742,176.908042
2023-08-22 12:55:00+00:00,176.82,176.92,176.82,103,176.92,2892,176.87249
2023-08-22 12:56:00+00:00,176.8899,176.895,176.82,29,176.82,564,176.870691
2023-08-22 12:57:00+00:00,176.9,176.9,176.9,43,176.9,584,176.883771
2023-08-22 12:58:00+00:00,176.88,176.91,176.88,43,176.89,1183,176.892135
2023-08-22 12:59:00+00:00,176.81,176.9,176.77,166,176.9,5559,176.830806
2023-08-22 13:00:00+00:00,176.89,176.89,176.84,105,176.84,6043,176.854998
2023-08-22 13:01:00+00:00,176.92,176.92,176.8817,46,176.8817,1168,176.899039
2023-08-22 13:02:00+00:00,176.8504,176.92,176.85,122,176.881,5241,176.888045
2023-08-22 13:04:00+00:00,176.91,176.91,176.9,58,176.9,1353,176.908263
2023-08-22 13:05:00+00:00,176.98,176.98,176.96,41,176.9799,1357,176.965962
2023-08-22 13:06:00+00:00,176.9,176.98,176.9,138,176.96,4847,176.93574
2023-08-22 13:07:00+00:00,176.87,176.88,176.85,94,176.88,2946,176.868591
2023-08-22 13:08:00+00:00,176.92,176.95,176.89,61,176.89,1563,176.919427
2023-08-22 13:09:00+00:00,176.92,176.9791,176.92,77,176.9791,2356,176.947276
2023-08-22 13:10:00+00:00,176.96,176.96,176.96,42,176.96,541,176.918041
2023-08-22 13:11:00+00:00,176.928,176.96,176.928,52,176.96,1038,176.950375
2023-08-22 13:12:00+00:00,176.87,176.92,176.87,94,176.9,2199,176.89116
2023-08-22 13:13:00+00:00,176.85,176.87,176.85,70,176.86,2985,176.865301
2023-08-22 13:14:00+00:00,176.83,176.83,176.8,73,176.8285,3298,176.817263
2023-08-22 13:15:00+00:00,176.79,176.82,176.79,135,176.82,6339,176.812677
2023-08-22 13:16:00+00:00,176.75,176.77,176.7,126,176.77,5388,176.743691
2023-08-22 13:17:00+00:00,176.79,176.8,176.77,65,176.77,5474,176.796469
2023-08-22 13:18:00+00:00,176.87,176.87,176.8,61,176.8,3022,176.853979
2023-08-22 13:19:00+00:00,176.8399,176.87,176.8399,62,176.85,2093,176.848756
2023-08-22 13:20:00+00:00,176.84,176.84,176.83,47,176.83,1375,176.828542
2023-08-22 13:21:00+00:00,176.87,176.87,176.81,58,176.82,2745,176.854553
2023-08-22 13:22:00+00:00,176.87,176.9199,176.87,97,176.9199,7271,176.890193
2023-08-22 13:23:00+00:00,176.81,176.9,176.81,153,176.87,10846,176.858283
2023-08-22 13:24:00+00:00,176.85,176.8669,176.84,77,176.85,1799,176.843091
2023-08-22 13:25:00+00:00,177.03,177.04,176.83,208,176.83,16424,176.969544
2023-08-22 13:26:00+00:00,177.0,177.0,176.9399,116,176.97,4921,176.974776
2023-08-22 13:27:00+00:00,177.22,177.24,176.999,232,176.999,9926,177.111149
2023-08-22 13:28:00+00:00,177.163,177.21,177.03,185,177.21,14438,177.125807
2023-08-22 13:29:00+00:00,177.07,177.2,177.04,255,177.14,25222,177.107807
2023-08-22 13:30:00+00:00,176.603,177.15,176.58,7744,177.06,1064080,176.935175
2023-08-22 13:31:00+00:00,176.45,176.63,176.41,3016,176.62,267032,176.481379
2023-08-22 13:32:00+00:00,176.32,176.5385,176.25,2348,176.5,170788,176.349877
2023-08-22 13:33:00+00:00,176.59,176.6,176.33,2238,176.33,231628,176.48873
2023-08-22 13:34:00+00:00,176.58,176.74,176.5419,2288,176.5975,278369,176.646019
2023-08-22 13:35:00+00:00,176.67,176.75,176.46,2416,176.58,209912,176.610117
2023-08-22 13:36:00+00:00,176.561,176.7,176.561,1704,176.66,132398,176.628007
2023-08-22 13:37:00+00:00,176.585,176.67,176.51,1703,176.57,124311,176.594232
2023-08-22 13:38:00+00:00,176.5,176.75,176.47,1969,176.59,147116,176.601448
2023-08-22 13:39:00+00:00,176.515,176.611,176.48,1302,176.495,122351,176.543644
2023-08-22 13:40:00+00:00,176.43,176.51,176.35,1973,176.51,177144,176.433964
2023-08-22 13:41:00+00:00,176.5,176.58,176.38,1231,176.44,106375,176.466835
2023-08-22 13:42:00+00:00,176.3885,176.52,176.32,1195,176.5,94514,176.404063
2023-08-22 13:43:00+00:00,176.59,176.635,176.39,1377,176.39,123186,176.529792
2023-08-22 13:44:00+00:00,176.56,176.695,176.56,1674,176.58,171043,176.616944
2023-08-22 13:45:00+00:00,176.56,176.675,176.5,1945,176.55,128097,176.586087
2023-08-22 13:46:00+00:00,176.52,176.615,176.45,3175,176.56,110197,176.531938
2023-08-22 13:47:00+00:00,176.8294,176.84,176.52,3653,176.525,164988,176.692973
2023-08-22 13:48:00+00:00,176.76,176.93,176.75,4052,176.83,189566,176.843686
2023-08-22 13:49:00+00:00,176.565,176.855,176.565,3348,176.75,134766,176.739514
2023-08-22 13:50:00+00:00,176.4929,176.5986,176.47,3136,176.57,131162,176.530519
2023-08-22 13:51:00+00:00,176.55,176.6,176.5,2890,176.5,99893,176.549439
2023-08-22 13:52:00+00:00,176.4801,176.565,176.47,3189,176.565,93738,176.50121
2023-08-22 13:53:00+00:00,176.485,176.53,176.4,3431,176.49,90465,176.463178
2023-08-22 13:54:00+00:00,176.435,176.49,176.39,3498,176.48,108207,176.443682
2023-08-22 13:55:00+00:00,176.36,176.4399,176.33,3476,176.435,105412,176.386322
2023-08-22 13:56:00+00:00,176.4142,176.4653,176.3199,3151,176.3599,105240,176.3676
2023-08-22 13:57:00+00:00,176.44,176.475,176.355,2867,176.42,69495,176.412619
2023-08-22 13:58:00+00:00,176.49,176.545,176.4,2972,176.44,82629,176.477674
2023-08-22 13:59:00+00:00,176.6,176.62,176.45,3622,176.49,220026,176.519824
2023-08-22 14:00:00+00:00,176.38,176.615,176.365,3775,176.595,129822,176.458101
2023-08-22 14:01:00+00:00,176.3688,176.435,176.33,3502,176.37,66849,176.379875
2023-08-22 14:02:00+00:00,176.37,176.42,176.355,3420,176.37,80499,176.386172
2023-08-22 14:03:00+00:00,176.665,176.67,176.37,3821,176.37,106602,176.561788
2023-08-22 14:04:00+00:00,176.555,176.6699,176.54,3459,176.6654,97027,176.614
2023-08-22 14:05:00+00:00,176.44,176.585,176.42,3655,176.555,109719,176.496292
2023-08-22 14:06:00+00:00,176.59,176.6,176.43,3418,176.43,83926,176.524163
2023-08-22 14:07:00+00:00,176.6901,176.7187,176.59,3384,176.59,84476,176.654584
2023-08-22 14:08:00+00:00,176.54,176.6908,176.53,3349,176.68,83239,176.61015
2023-08-22 14:09:00+00:00,176.58,176.62,176.52,2871,176.54,65420,176.574962
2023-08-22 14:10:00+00:00,176.61,176.7,176.55,3185,176.575,91473,176.612657
2023-08-22 14:11:00+00:00,176.79,176.85,176.61,3192,176.61,108023,176.758628
2023-08-22 14:12:00+00:00,176.936,176.94,176.79,2788,176.8,106449,176.877485
2023-08-22 14:13:00+00:00,176.999,177.0766,176.9217,3315,176.93,161823,176.992545
2023-08-22 14:14:00+00:00,176.98,177.01,176.96,3110,176.995,85416,176.988688
2023-08-22 14:15:00+00:00,177.0797,177.08,176.975,3368,176.98,93049,177.022536
2023-08-22 14:16:00+00:00,176.8999,177.09,176.87,3663,177.0774,153509,176.990656
2023-08-22 14:17:00+00:00,176.81,176.92,176.74,3517,176.8975,113871,176.831889
2023-08-22 14:18:00+00:00,176.8799,176.915,176.771,3194,176.7901,89747,176.847597
2023-08-22 14:19:00+00:00,176.89,176.92,176.835,3010,176.89,60224,176.890816
2023-08-22 14:20:00+00:00,176.88,176.91,176.83,2862,176.8901,72604,176.881851
2023-08-22 14:21:00+00:00,176.94,177.0446,176.88,3388,176.89,135128,176.96292
2023-08-22 14:22:00+00:00,176.73,176.955,176.73,3614,176.95,104196,176.851166
2023-08-22 14:23:00+00:00,176.71,176.78,176.68,3154,176.755,87528,176.722799
2023-08-22 14:24:00+00:00,176.685,176.81,176.671,2953,176.7127,105153,176.741771
2023-08-22 14:25:00+00:00,176.8,176.88,176.685,2786,176.685,63614,176.800241
2023-08-22 14:26:00+00:00,176.72,176.82,176.6889,2619,176.8099,74973,176.739151
2023-08-22 14:27:00+00:00,176.7187,176.75,176.64,2555,176.73,90494,176.696076
2023-08-22 14:28:00+00:00,176.84,176.86,176.725,3006,176.73,85836,176.786518
2023-08-22 14:29:00+00:00,176.93,176.94,176.83,3122,176.84,70296,176.902008
2023-08-22 14:30:00+00:00,176.945,176.98,176.85,3285,176.9229,78947,176.921517
2023-08-22 14:31:00+00:00,176.69,176.9462,176.67,3664,176.945,156758,176.757964
2023-08-22 14:32:00+00:00,176.66,176.75,176.61,3312,176.695,88047,176.675706
2023-08-22 14:33:00+00:00,176.57,176.72,176.55,3645,176.65,103905,176.626687
2023-08-22 14:34:00+00:00,176.43,176.57,176.415,3819,176.565,141514,176.484934
2023-08-22 14:35:00+00:00,176.335,176.44,176.32,3342,176.43,854422,176.707197
2023-08-22 14:36:00+00:00,176.4099,176.4099,176.26,1221,176.3299,89917,176.336251
2023-08-22 14:37:00+00:00,176.5406,176.55,176.4201,957,176.4285,87632,176.480695
2023-08-22 14:38:00+00:00,176.5568,176.63,176.53,787,176.5401,67111,176.576994
2023-08-22 14:39:00+00:00,176.55,176.62,176.55,752,176.555,64659,176.58459
2023-08-22 14:40:00+00:00,176.51,176.6,176.483,886,176.55,69921,176.543576
2023-08-22 14:41:00+00:00,176.49,176.532,176.43,828,176.51,65473,176.492984
2023-08-22 14:42:00+00:00,176.6,176.69,176.5,866,176.5,71550,176.6278
2023-08-22 14:43:00+00:00,176.5781,176.6099,176.47,599,176.59,63987,176.541852
2023-08-22 14:44:00+00:00,176.67,176.69,176.57,634,176.5701,62193,176.634331
2023-08-22 14:45:00+00:00,176.64,176.7482,176.6,785,176.68,60103,176.669266
2023-08-22 14:46:00+00:00,176.79,176.8,176.64,938,176.64,81397,176.738336
2023-08-22 14:47:00+00:00,176.6893,176.81,176.68,741,176.785,75004,176.74691
2023-08-22 14:48:00+00:00,176.75,176.76,176.68,672,176.69,48887,176.724479
2023-08-22 14:49:00+00:00,176.79,176.795,176.71,755,176.74,499915,176.792056
2023-08-22 14:50:00+00:00,176.84,176.84,176.75,804,176.785,68894,176.797127
2023-08-22 14:51:00+00:00,176.895,176.92,176.835,923,176.84,66389,176.87496
2023-08-22 14:52:00+00:00,176.97,176.97,176.85,779,176.8995,71090,176.929869
2023-08-22 14:53:00+00:00,177.08,177.1,176.94,1138,176.98,128337,177.017723
2023-08-22 14:54:00+00:00,177.15,177.18,177.0601,1175,177.0743,164162,177.135232
2023-08-22 14:55:00+00:00,177.2,177.225,177.15,1295,177.16,113861,177.187972
2023-08-22 14:56:00+00:00,177.2599,177.2899,177.19,1080,177.21,118417,177.240238
2023-08-22 14:57:00+00:00,177.28,177.28,177.21,716,177.26,77736,177.240949
2023-08-22 14:58:00+00:00,177.21,177.3174,177.21,1176,177.29,132333,177.26243
2023-08-22 14:59:00+00:00,177.205,177.27,177.16,1375,177.22,116738,177.219649
2023-08-22 15:00:00+00:00,177.2101,177.2599,177.2,937,177.21,99784,177.225415
2023-08-22 15:01:00+00:00,177.42,177.43,177.2208,1746,177.2269,188885,177.341817
2023-08-22 15:02:00+00:00,177.2899,177.43,177.26,2222,177.4124,252870,177.364072
2023-08-22 15:03:00+00:00,177.3,177.305,177.23,905,177.29,97327,177.271988
2023-08-22 15:04:00+00:00,177.1958,177.3,177.185,812,177.29,58738,177.23415
2023-08-22 15:05:00+00:00,177.065,177.195,177.031,1253,177.19,142995,177.088467
2023-08-22 15:06:00+00:00,177.12,177.138,177.01,969,177.07,127562,177.069482
2023-08-22 15:07:00+00:00,177.0505,177.1899,177.04,1008,177.125,114345,177.117455
2023-08-22 15:08:00+00:00,176.9971,177.11,176.9534,1072,177.055,113551,177.021136
2023-08-22 15:09:00+00:00,177.0378,177.05,176.98,658,176.99,60344,177.018991
2023-08-22 15:10:00+00:00,177.03,177.08,177.0102,664,177.03,52611,177.052731
2023-08-22 15:11:00+00:00,177.0906,177.1,176.96,888,177.02,75687,177.009664
2023-08-22 15:12:00+00:00,177.33,177.335,177.0525,1223,177.09,148098,177.21073
2023-08-22 15:13:00+00:00,177.09,177.33,177.08,998,177.33,108773,177.233128
2023-08-22 15:14:00+00:00,176.92,177.09,176.92,1241,177.09,168216,176.991791
2023-08-22 15:15:00+00:00,176.81,176.94,176.76,1470,176.9,151913,176.836724
2023-08-22 15:16:00+00:00,176.82,176.87,176.78,666,176.8,113723,176.953948
2023-08-22 15:17:00+00:00,176.915,176.935,176.8,649,176.8181,73073,176.889184
2023-08-22 15:18:00+00:00,176.978,176.985,176.88,516,176.92,38607,176.928139
2023-08-22 15:19:00+00:00,176.925,177.01,176.9189,789,176.9773,66243,176.961474
2023-08-22 15:20:00+00:00,177.04,177.04,176.92,677,176.92,59251,177.005384
2023-08-22 15:21:00+00:00,177.1189,177.13,176.98,656,177.05,71242,177.049728
2023-08-22 15:22:00+00:00,177.2699,177.27,177.115,1033,177.115,118191,177.220795
2023-08-22 15:23:00+00:00,177.25,177.31,177.24,702,177.27,71554,177.276338
2023-08-22 15:24:00+00:00,177.13,177.27,177.09,911,177.255,81826,177.156956
2023-08-22 15:25:00+00:00,177.055,177.13,177.05,632,177.13,57815,177.103467
2023-08-22 15:26:00+00:00,177.3071,177.318,177.0586,746,177.06,66179,177.191386
2023-08-22 15:27:00+00:00,177.31,177.325,177.237,698,177.305,54169,177.279235
2023-08-22 15:28:00+00:00,177.22,177.3199,177.19,813,177.31,50460,177.24153
2023-08-22 15:29:00+00:00,177.215,177.25,177.1899,744,177.22,50244,177.222574
2023-08-22 15:30:00+00:00,177.09,177.26,177.05,923,177.23,74764,177.161238
2023-08-22 15:31:00+00:00,177.25,177.32,177.08,870,177.09,74958,177.227531
2023-08-22 15:32:00+00:00,177.165,177.25,177.11,670,177.25,46991,177.170797
2023-08-22 15:33:00+00:00,177.085,177.1899,177.05,659,177.16,42227,177.136574
2023-08-22 15:34:00+00:00,177.14,177.14,177.07,561,177.075,41638,177.10328
2023-08-22 15:35:00+00:00,177.16,177.16,177.11,476,177.13,34143,177.137557
2023-08-22 15:36:00+00:00,177.215,177.235,177.14,876,177.15,82909,177.194337
2023-08-22 15:37:00+00:00,177.21,177.24,177.1,920,177.21,78249,177.196073
2023-08-22 15:38:00+00:00,177.19,177.22,177.149,787,177.2,73884,177.196322
2023-08-22 15:39:00+00:00,176.91,177.2,176.9,2018,177.1994,205009,177.006423
2023-08-22 15:40:00+00:00,176.9112,176.995,176.88,844,176.9091,82906,176.928125
2023-08-22 15:41:00+00:00,176.98,177.0,176.9105,737,176.915,71219,176.958872
2023-08-22 15:42:00+00:00,176.9,176.9781,176.85,661,176.9718,76936,176.911542
2023-08-22 15:43:00+00:00,176.91,176.9354,176.8699,553,176.9,47065,176.899111
2023-08-22 15:44:00+00:00,176.792,176.9771,176.77,1088,176.941,94658,176.891381
2023-08-22 15:45:00+00:00,176.8445,176.855,176.75,738,176.805,57802,176.806651
2023-08-22 15:46:00+00:00,176.885,176.9192,176.83,623,176.85,59078,176.886959
2023-08-22 15:47:00+00:00,176.865,176.92,176.855,492,176.885,38112,176.888917
2023-08-22 15:48:00+00:00,176.9117,176.98,176.84,692,176.87,63737,176.918686
2023-08-22 15:49:00+00:00,176.99,177.0,176.91,609,176.91,38890,176.968922
2023-08-22 15:50:00+00:00,176.88,177.0097,176.88,674,176.99,37332,176.944972
2023-08-22 15:51:00+00:00,176.84,176.8999,176.81,750,176.891,66503,176.846485
2023-08-22 15:52:00+00:00,176.6893,176.84,176.68,1051,176.84,102901,176.735988
2023-08-22 15:53:00+00:00,176.725,176.82,176.68,712,176.69,112550,176.857805
2023-08-22 15:54:00+00:00,176.66,176.7406,176.62,1021,176.7268,107721,176.67412
2023-08-22 15:55:00+00:00,176.63,176.65,176.58,851,176.65,89527,176.612321
2023-08-22 15:56:00+00:00,176.63,176.66,176.61,573,176.63,46159,176.633195
2023-08-22 15:57:00+00:00,176.65,176.6886,176.6305,545,176.64,47289,176.652023
2023-08-22 15:58:00+00:00,176.745,176.77,176.64,669,176.64,60181,176.720371
2023-08-22 15:59:00+00:00,176.7116,176.74,176.665,597,176.74,56383,176.705933
2023-08-22 16:00:00+00:00,176.69,176.735,176.67,526,176.72,39851,176.709492
2023-08-22 16:01:00+00:00,176.645,176.7202,176.6,833,176.695,63147,176.661379
2023-08-22 16:02:00+00:00,176.73,176.755,176.63,847,176.645,62811,176.697593
2023-08-22 16:03:00+00:00,176.7,176.76,176.68,620,176.735,41192,176.726315
2023-08-22 16:04:00+00:00,176.695,176.71,176.6465,542,176.705,26856,176.679372
2023-08-22 16:05:00+00:00,176.7399,176.79,176.695,697,176.699,60284,176.750829
2023-08-22 16:06:00+00:00,176.73,176.75,176.69,707,176.735,61277,176.721654
2023-08-22 16:07:00+00:00,176.7003,176.79,176.7003,708,176.73,46223,176.74003
2023-08-22 16:08:00+00:00,176.775,176.775,176.7,501,176.71,40520,176.741418
2023-08-22 16:09:00+00:00,176.72,176.78,176.67,954,176.7717,72553,176.713574
2023-08-22 16:10:00+00:00,176.725,176.76,176.69,816,176.72,70419,176.719509
2023-08-22 16:11:00+00:00,176.71,176.77,176.69,844,176.72,79123,176.719802
2023-08-22 16:12:00+00:00,176.71,176.73,176.695,536,176.72,32992,176.712808
2023-08-22 16:13:00+00:00,176.485,176.71,176.46,1692,176.71,160028,176.575737
2023-08-22 16:14:00+00:00,176.385,176.51,176.371,1371,176.4899,131028,176.439157
2023-08-22 16:15:00+00:00,176.3999,176.445,176.38,637,176.39,44400,176.415719
2023-08-22 16:16:00+00:00,176.32,176.4,176.27,1028,176.39,68795,176.324661
2023-08-22 16:17:00+00:00,176.4301,176.4467,176.3,830,176.3101,73233,176.374903
2023-08-22 16:18:00+00:00,176.4669,176.49,176.42,784,176.43,61811,176.453823
2023-08-22 16:19:00+00:00,176.5,176.519,176.43,687,176.47,48671,176.462552
2023-08-22 16:20:00+00:00,176.46,176.55,176.44,783,176.495,64368,176.506658
2023-08-22 16:21:00+00:00,176.4874,176.528,176.47,591,176.475,51900,176.497007
2023-08-22 16:22:00+00:00,176.51,176.51,176.4668,590,176.48,38519,176.485752
2023-08-22 16:23:00+00:00,176.52,176.53,176.4888,611,176.505,42103,176.507137
2023-08-22 16:24:00+00:00,176.61,176.62,176.5205,1904,176.5205,174152,176.592125
2023-08-22 16:25:00+00:00,176.6,176.62,176.53,901,176.61,86458,176.580392
2023-08-22 16:26:00+00:00,176.59,176.65,176.585,647,176.59,39677,176.61628
2023-08-22 16:27:00+00:00,176.66,176.67,176.58,714,176.6,54785,176.622389
2023-08-22 16:28:00+00:00,176.83,176.85,176.64,1140,176.66,104439,176.755625
2023-08-22 16:29:00+00:00,176.8141,176.84,176.772,895,176.83,74237,176.811975
2023-08-22 16:30:00+00:00,176.89,176.93,176.82,851,176.83,70274,176.874867
2023-08-22 16:31:00+00:00,176.875,176.91,176.84,611,176.89,41142,176.881575
2023-08-22 16:32:00+00:00,176.965,176.975,176.89,786,176.895,86327,176.924833
2023-08-22 16:33:00+00:00,176.975,177.025,176.9601,1594,176.9601,188505,176.988841
2023-08-22 16:34:00+00:00,176.995,177.025,176.9701,730,176.975,66768,176.993836
2023-08-22 16:35:00+00:00,177.03,177.06,176.98,722,176.995,70315,177.022925
2023-08-22 16:36:00+00:00,177.202,177.202,177.0201,840,177.0231,93366,177.121277
2023-08-22 16:37:00+00:00,177.2599,177.27,177.19,874,177.195,94456,177.229339
2023-08-22 16:38:00+00:00,177.2178,177.27,177.21,740,177.26,52437,177.235872
2023-08-22 16:39:00+00:00,177.215,177.3,177.15,889,177.22,82349,177.204735
2023-08-22 16:40:00+00:00,177.24,177.25,177.2033,510,177.22,47441,177.22562
2023-08-22 16:41:00+00:00,177.295,177.34,177.25,773,177.25,57111,177.293057
2023-08-22 16:42:00+00:00,177.275,177.295,177.25,702,177.295,72393,177.266949
2023-08-22 16:43:00+00:00,177.29,177.29,177.24,499,177.27,55228,177.269795
2023-08-22 16:44:00+00:00,177.28,177.295,177.254,567,177.28,48908,177.27174
2023-08-22 16:45:00+00:00,177.3,177.31,177.27,595,177.285,42479,177.288595
2023-08-22 16:46:00+00:00,177.299,177.35,177.29,620,177.3003,57500,177.32458
2023-08-22 16:47:00+00:00,177.2707,177.32,177.25,626,177.29,49222,177.289911
2023-08-22 16:48:00+00:00,177.2601,177.2999,177.25,669,177.275,50130,177.270439
2023-08-22 16:49:00+00:00,177.28,177.29,177.24,591,177.26,57162,177.26655
2023-08-22 16:50:00+00:00,177.26,177.29,177.25,626,177.29,42102,177.263656
2023-08-22 16:51:00+00:00,177.325,177.36,177.2625,820,177.2625,68772,177.324376
2023-08-22 16:52:00+00:00,177.3654,177.3799,177.3134,668,177.33,60854,177.354024
2023-08-22 16:53:00+00:00,177.335,177.3786,177.3,707,177.36,58482,177.334417
2023-08-22 16:54:00+00:00,177.35,177.37,177.31,688,177.335,73075,177.338241
2023-08-22 16:55:00+00:00,177.29,177.35,177.26,556,177.34,45480,177.291244
2023-08-22 16:56:00+00:00,177.34,177.34,177.26,770,177.3,76030,177.297152
2023-08-22 16:57:00+00:00,177.2901,177.3312,177.28,535,177.33,41871,177.310312
2023-08-22 16:58:00+00:00,177.245,177.3,177.23,785,177.29,69026,177.259335
2023-08-22 16:59:00+00:00,177.03,177.26,177.015,1977,177.2419,157382,177.119545
2023-08-22 17:00:00+00:00,177.1,177.14,177.0,941,177.02,90014,177.058121
2023-08-22 17:01:00+00:00,176.8172,177.11,176.81,2105,177.11,173948,176.922564
2023-08-22 17:02:00+00:00,176.9357,176.9424,176.77,924,176.81,76673,176.840486
2023-08-22 17:03:00+00:00,176.92,176.95,176.8801,603,176.95,48200,176.91381
2023-08-22 17:04:00+00:00,176.8371,176.94,176.81,771,176.92,53957,176.862337
2023-08-22 17:05:00+00:00,176.82,176.92,176.81,776,176.86,55646,176.8681
2023-08-22 17:06:00+00:00,176.87,176.92,176.81,575,176.82,50324,176.886332
2023-08-22 17:07:00+00:00,176.895,176.915,176.8601,652,176.8794,50391,176.890479
2023-08-22 17:08:00+00:00,176.9905,177.0099,176.881,691,176.8925,55586,176.953815
2023-08-22 17:09:00+00:00,177.03,177.07,176.96,673,176.985,56583,177.025284
2023-08-22 17:10:00+00:00,176.94,177.12,176.92,1849,177.04,156252,176.996271
2023-08-22 17:11:00+00:00,177.03,177.04,176.91,574,176.93,75847,176.967562
2023-08-22 17:12:00+00:00,177.06,177.09,176.96,649,177.03,104719,177.032982
2023-08-22 17:13:00+00:00,177.035,177.08,176.98,527,177.06,54541,177.043817
2023-08-22 17:14:00+00:00,177.0005,177.06,176.98,541,177.03,42871,177.022714
2023-08-22 17:15:00+00:00,176.905,177.005,176.84,951,177.005,74380,176.90478
2023-08-22 17:16:00+00:00,176.93,176.945,176.83,597,176.9,58693,176.899599
2023-08-22 17:17:00+00:00,176.96,177.0,176.9011,701,176.9388,96803,176.961523
2023-08-22 17:18:00+00:00,177.07,177.08,176.95,711,176.95,81341,177.038641
2023-08-22 17:19:00+00:00,177.1301,177.18,177.04,925,177.07,128361,177.129532
2023-08-22 17:20:00+00:00,177.2,177.24,177.14,812,177.1448,88983,177.205923
2023-08-22 17:21:00+00:00,177.145,177.245,177.145,625,177.195,57674,177.210767
2023-08-22 17:22:00+00:00,177.05,177.14,177.01,682,177.14,49066,177.064564
2023-08-22 17:23:00+00:00,177.04,177.06,177.001,626,177.045,44250,177.032552
2023-08-22 17:24:00+00:00,177.02,177.07,177.01,501,177.06,35293,177.035549
2023-08-22 17:25:00+00:00,177.05,177.08,176.98,487,177.01,36660,177.031736
2023-08-22 17:26:00+00:00,177.0682,177.08,177.01,445,177.04,26000,177.038568
2023-08-22 17:27:00+00:00,177.085,177.1072,177.05,557,177.06,43336,177.080136
2023-08-22 17:28:00+00:00,177.0701,177.105,177.045,485,177.08,30095,177.076791
2023-08-22 17:29:00+00:00,177.13,177.13,177.07,480,177.07,56373,177.096406
2023-08-22 17:30:00+00:00,177.0031,177.14,177.0,937,177.13,72948,177.077837
2023-08-22 17:31:00+00:00,177.09,177.1,177.01,627,177.01,45124,177.054481
2023-08-22 17:32:00+00:00,177.01,177.09,176.98,656,177.081,40101,177.02659
2023-08-22 17:33:00+00:00,177.12,177.13,176.99,491,177.0,38363,177.068169
2023-08-22 17:34:00+00:00,177.14,177.14,177.04,462,177.115,35765,177.096896
2023-08-22 17:35:00+00:00,177.0824,177.1999,177.07,679,177.1463,77283,177.152176
2023-08-22 17:36:00+00:00,177.17,177.18,177.05,590,177.077,47016,177.131071
2023-08-22 17:37:00+00:00,177.24,177.25,177.165,676,177.17,69527,177.204462
2023-08-22 17:38:00+00:00,177.02,177.255,176.96,2007,177.245,181040,177.127177
2023-08-22 17:39:00+00:00,176.985,177.085,176.985,666,177.01,43240,177.036861
2023-08-22 17:40:00+00:00,176.97,177.04,176.885,807,176.99,69410,176.953931
2023-08-22 17:41:00+00:00,177.035,177.04,176.95,614,176.955,46881,176.998565
2023-08-22 17:42:00+00:00,177.05,177.1,177.02,506,177.0327,32946,177.058841
2023-08-22 17:43:00+00:00,176.985,177.06,176.96,556,177.05,33965,177.002028
2023-08-22 17:44:00+00:00,176.98,177.01,176.96,549,176.995,57329,176.942699
2023-08-22 17:45:00+00:00,177.02,177.03,176.955,456,176.97,43160,177.017814
2023-08-22 17:46:00+00:00,177.065,177.085,177.0,702,177.03,63881,177.046981
2023-08-22 17:47:00+00:00,176.845,177.09,176.84,820,177.065,106908,177.02164
2023-08-22 17:48:00+00:00,176.97,176.97,176.8412,529,176.845,34482,176.891338
2023-08-22 17:49:00+00:00,176.925,177.01,176.92,568,176.96,37557,176.973761
2023-08-22 17:50:00+00:00,176.87,176.9714,176.83,592,176.93,44271,176.903388
2023-08-22 17:51:00+00:00,176.93,176.94,176.845,736,176.87,59227,176.889088
2023-08-22 17:52:00+00:00,176.99,177.0,176.915,796,176.935,58181,176.968845
2023-08-22 17:53:00+00:00,176.83,176.99,176.8031,858,176.99,58970,176.899233
2023-08-22 17:54:00+00:00,176.9,176.93,176.8216,707,176.83,40057,176.875318
2023-08-22 17:55:00+00:00,176.93,176.9499,176.8811,545,176.915,56065,176.91432
2023-08-22 17:56:00+00:00,176.935,176.96,176.895,586,176.93,42324,176.930454
2023-08-22 17:57:00+00:00,176.97,176.98,176.905,620,176.94,41482,176.949997
2023-08-22 17:58:00+00:00,177.06,177.0819,176.9607,692,176.97,65890,177.035924
2023-08-22 17:59:00+00:00,177.06,177.1,177.04,522,177.07,29302,177.071188
2023-08-22 18:00:00+00:00,176.95,177.06,176.9,910,177.06,75849,176.982456
2023-08-22 18:01:00+00:00,176.975,176.992,176.84,935,176.94,70016,176.909013
2023-08-22 18:02:00+00:00,177.02,177.055,176.94,626,176.97,41353,177.013301
2023-08-22 18:03:00+00:00,177.06,177.09,177.01,653,177.02,81875,177.049711
2023-08-22 18:04:00+00:00,177.025,177.11,176.99,1006,177.063,75839,177.036644
2023-08-22 18:05:00+00:00,176.995,177.02,176.921,783,177.02,43315,176.975402
2023-08-22 18:06:00+00:00,177.06,177.06,176.97,681,177.0,35171,177.01456
2023-08-22 18:07:00+00:00,177.125,177.13,177.06,719,177.07,44129,177.094248
2023-08-22 18:08:00+00:00,177.135,177.17,177.1222,915,177.13,68183,177.14303
2023-08-22 18:09:00+00:00,177.195,177.22,177.135,833,177.135,52780,177.188101
2023-08-22 18:10:00+00:00,177.19,177.21,177.13,905,177.19,61419,177.168214
2023-08-22 18:11:00+00:00,176.99,177.22,176.98,1257,177.185,86009,177.103923
2023-08-22 18:12:00+00:00,177.01,177.05,176.93,738,176.995,53023,176.994459
2023-08-22 18:13:00+00:00,177.02,177.04,176.96,541,177.005,29893,177.003301
2023-08-22 18:14:00+00:00,176.99,177.04,176.95,554,177.02,39779,176.985968
2023-08-22 18:15:00+00:00,177.02,177.03,176.946,503,176.995,30553,176.998277
2023-08-22 18:16:00+00:00,177.085,177.0899,177.0118,492,177.02,36699,177.059522
2023-08-22 18:17:00+00:00,177.055,177.1,177.04,496,177.0812,27143,177.072412
2023-08-22 18:18:00+00:00,176.98,177.05,176.98,776,177.05,56259,177.014024
2023-08-22 18:19:00+00:00,177.0,177.0066,176.9329,474,176.99,39671,176.970906
2023-08-22 18:20:00+00:00,176.92,177.0041,176.88,767,177.0041,56614,176.94076
2023-08-22 18:21:00+00:00,176.94,176.95,176.9,488,176.91,32868,176.919527
2023-08-22 18:22:00+00:00,176.985,176.99,176.92,553,176.9401,29262,176.956156
2023-08-22 18:23:00+00:00,177.06,177.07,176.98,720,176.99,58525,177.026773
2023-08-22 18:24:00+00:00,177.02,177.08,177.02,668,177.06,42815,177.052352
2023-08-22 18:25:00+00:00,177.05,177.06,176.99,493,177.0265,24254,177.028705
2023-08-22 18:26:00+00:00,177.01,177.06,176.99,582,177.04,29798,177.027629
2023-08-22 18:27:00+00:00,177.09,177.12,177.0104,594,177.0104,87851,177.095619
2023-08-22 18:28:00+00:00,177.16,177.18,177.09,860,177.1,62760,177.149151
2023-08-22 18:29:00+00:00,177.215,177.25,177.15,650,177.16,52171,177.206169
2023-08-22 18:30:00+00:00,177.21,177.24,177.1701,578,177.22,37048,177.201067
2023-08-22 18:31:00+00:00,177.22,177.25,177.18,573,177.2,29970,177.217662
2023-08-22 18:32:00+00:00,177.265,177.28,177.22,730,177.22,65282,177.253681
2023-08-22 18:33:00+00:00,177.21,177.28,177.18,797,177.2626,57495,177.240236
2023-08-22 18:34:00+00:00,177.28,177.28,177.215,470,177.22,25138,177.24946
2023-08-22 18:35:00+00:00,177.3,177.33,177.27,810,177.2799,70427,177.291187
2023-08-22 18:36:00+00:00,177.25,177.315,177.22,694,177.3,40327,177.255618
2023-08-22 18:37:00+00:00,177.205,177.29,177.1999,721,177.26,52810,177.24005
2023-08-22 18:38:00+00:00,177.24,177.2587,177.165,594,177.201,48596,177.217158
2023-08-22 18:39:00+00:00,177.22,177.245,177.21,479,177.2399,21428,177.226995
2023-08-22 18:40:00+00:00,177.055,177.24,177.04,1329,177.22,108409,177.124225
2023-08-22 18:41:00+00:00,177.12,177.14,177.05,646,177.06,87299,177.098247
2023-08-22 18:42:00+00:00,177.08,177.1445,177.07,617,177.12,28066,177.107152
2023-08-22 18:43:00+00:00,177.08,177.09,177.02,840,177.08,51568,177.052263
2023-08-22 18:44:00+00:00,177.0948,177.11,177.07,516,177.09,29917,177.092612
2023-08-22 18:45:00+00:00,177.07,177.17,177.03,1180,177.11,101247,177.108161
2023-08-22 18:46:00+00:00,177.095,177.115,177.045,915,177.06,80139,177.078934
2023-08-22 18:47:00+00:00,177.1,177.13,177.07,446,177.095,28395,177.108879
2023-08-22 18:48:00+00:00,177.105,177.11,177.05,566,177.09,31287,177.079599
2023-08-22 18:49:00+00:00,177.16,177.19,177.09,738,177.1,51786,177.146451
2023-08-22 18:50:00+00:00,177.22,177.2291,177.13,687,177.16,53668,177.175355
2023-08-22 18:51:00+00:00,177.23,177.25,177.22,673,177.225,40615,177.231687
2023-08-22 18:52:00+00:00,177.21,177.265,177.205,677,177.235,41452,177.241433
2023-08-22 18:53:00+00:00,177.225,177.23,177.18,627,177.21,66912,177.219058
2023-08-22 18:54:00+00:00,177.23,177.2419,177.195,503,177.2212,49523,177.225205
2023-08-22 18:55:00+00:00,177.21,177.24,177.2,576,177.235,44464,177.220803
2023-08-22 18:56:00+00:00,177.295,177.31,177.205,845,177.21,90438,177.265552
2023-08-22 18:57:00+00:00,177.31,177.35,177.28,958,177.29,115956,177.320798
2023-08-22 18:58:00+00:00,177.3,177.33,177.27,670,177.315,48505,177.30014
2023-08-22 18:59:00+00:00,177.355,177.37,177.295,582,177.295,43151,177.338557
2023-08-22 19:00:00+00:00,177.405,177.41,177.33,1179,177.36,120521,177.391735
2023-08-22 19:01:00+00:00,177.345,177.4,177.32,729,177.4,56333,177.360109
2023-08-22 19:02:00+00:00,177.3,177.345,177.3,614,177.34,49361,177.322988
2023-08-22 19:03:00+00:00,177.3201,177.35,177.2986,663,177.31,52284,177.32332
2023-08-22 19:04:00+00:00,177.375,177.43,177.33,866,177.33,77323,177.366502
2023-08-22 19:05:00+00:00,177.425,177.43,177.36,609,177.38,49304,177.390922
2023-08-22 19:06:00+00:00,177.515,177.5285,177.425,1887,177.43,186634,177.486955
2023-08-22 19:07:00+00:00,177.515,177.525,177.49,589,177.515,45945,177.500541
2023-08-22 19:08:00+00:00,177.4814,177.5299,177.47,713,177.515,47038,177.500894
2023-08-22 19:09:00+00:00,177.48,177.51,177.46,633,177.49,39275,177.484078
2023-08-22 19:10:00+00:00,177.545,177.57,177.475,1096,177.475,118994,177.53024
2023-08-22 19:11:00+00:00,177.5,177.59,177.46,1235,177.545,108245,177.524293
2023-08-22 19:12:00+00:00,177.5783,177.58,177.5,710,177.5,56038,177.537293
2023-08-22 19:13:00+00:00,177.545,177.59,177.52,728,177.575,66822,177.552
2023-08-22 19:14:00+00:00,177.63,177.64,177.54,930,177.545,95114,177.602105
2023-08-22 19:15:00+00:00,177.58,177.68,177.555,1229,177.64,95268,177.632202
2023-08-22 19:16:00+00:00,177.61,177.615,177.54,1061,177.585,132413,177.579715
2023-08-22 19:17:00+00:00,177.61,177.64,177.58,895,177.61,80677,177.611092
2023-08-22 19:18:00+00:00,177.65,177.655,177.61,1025,177.615,96079,177.625533
2023-08-22 19:19:00+00:00,177.4901,177.66,177.48,1703,177.65,148396,177.576835
2023-08-22 19:20:00+00:00,177.515,177.52,177.48,657,177.5,47460,177.502275
2023-08-22 19:21:00+00:00,177.4401,177.53,177.44,837,177.522,53041,177.501092
2023-08-22 19:22:00+00:00,177.3701,177.49,177.35,1118,177.4412,116764,177.421708
2023-08-22 19:23:00+00:00,177.3401,177.37,177.29,696,177.3684,52324,177.33264
2023-08-22 19:24:00+00:00,177.345,177.3987,177.33,722,177.35,63105,177.368223
2023-08-22 19:25:00+00:00,177.35,177.4082,177.34,855,177.345,123695,177.391821
2023-08-22 19:26:00+00:00,177.42,177.4399,177.33,634,177.34,104097,177.401776
2023-08-22 19:27:00+00:00,177.2699,177.41,177.25,974,177.41,90620,177.330347
2023-08-22 19:28:00+00:00,177.31,177.31,177.22,1013,177.2675,123605,177.248071
2023-08-22 19:29:00+00:00,177.31,177.345,177.29,650,177.31,57004,177.315218
2023-08-22 19:30:00+00:00,177.19,177.36,177.1,2917,177.31,283781,177.227744
2023-08-22 19:31:00+00:00,177.25,177.255,177.15,1067,177.195,105773,177.200135
2023-08-22 19:32:00+00:00,177.225,177.27,177.2,725,177.25,66842,177.229504
2023-08-22 19:33:00+00:00,177.19,177.24,177.12,880,177.22,68203,177.17001
2023-08-22 19:34:00+00:00,177.215,177.24,177.17,777,177.19,73877,177.200322
2023-08-22 19:35:00+00:00,177.165,177.23,177.16,965,177.215,78603,177.194792
2023-08-22 19:36:00+00:00,177.125,177.175,177.1,909,177.17,86695,177.14144
2023-08-22 19:37:00+00:00,177.145,177.2,177.11,789,177.12,69136,177.151107
2023-08-22 19:38:00+00:00,177.18,177.21,177.14,734,177.145,68140,177.180531
2023-08-22 19:39:00+00:00,177.17,177.19,177.1315,810,177.18,52442,177.161356
2023-08-22 19:40:00+00:00,177.11,177.19,177.1099,951,177.165,77119,177.139025
2023-08-22 19:41:00+00:00,177.145,177.15,177.08,972,177.1,95996,177.116595
2023-08-22 19:42:00+00:00,177.145,177.17,177.105,842,177.14,77894,177.131786
2023-08-22 19:43:00+00:00,177.195,177.23,177.13,1247,177.15,104360,177.181984
2023-08-22 19:44:00+00:00,177.155,177.195,177.13,958,177.19,82844,177.165604
2023-08-22 19:45:00+00:00,177.23,177.23,177.12,1710,177.15,148019,177.172183
2023-08-22 19:46:00+00:00,177.255,177.2799,177.23,1273,177.235,117437,177.255917
2023-08-22 19:47:00+00:00,177.25,177.27,177.23,1216,177.255,99321,177.250076
2023-08-22 19:48:00+00:00,177.12,177.255,177.12,1288,177.255,96624,177.169995
2023-08-22 19:49:00+00:00,177.14,177.15,177.08,1105,177.12,91552,177.121967
2023-08-22 19:50:00+00:00,177.17,177.21,177.08,1965,177.135,159782,177.156566
2023-08-22 19:51:00+00:00,177.23,177.28,177.16,1382,177.17,157715,177.225209
2023-08-22 19:52:00+00:00,177.25,177.28,177.2207,1205,177.24,108724,177.258263
2023-08-22 19:53:00+00:00,177.325,177.34,177.25,1421,177.25,180628,177.299837
2023-08-22 19:54:00+00:00,177.23,177.365,177.19,2755,177.33,337003,177.295727
2023-08-22 19:55:00+00:00,177.37,177.46,177.22,2677,177.24,342516,177.358882
2023-08-22 19:56:00+00:00,177.35,177.395,177.31,1867,177.37,202116,177.353161
2023-08-22 19:57:00+00:00,177.37,177.41,177.33,2564,177.345,287411,177.360004
2023-08-22 19:58:00+00:00,177.35,177.39,177.31,3283,177.375,369185,177.337528
2023-08-22 19:59:00+00:00,177.22,177.36,177.1,5546,177.345,741051,177.211473
2023-08-22 20:00:00+00:00,177.25,177.32,177.2,164,177.23,4230810,177.230038
2023-08-22 20:01:00+00:00,177.25,177.27,177.25,93,177.27,732853,177.230056
2023-08-22 20:02:00+00:00,177.1,177.23,177.1,103,177.23,100701,177.221793
2023-08-22 20:03:00+00:00,177.15,177.15,177.13,30,177.13,2282,177.148686
2023-08-22 20:04:00+00:00,177.13,177.23,177.11,40,177.18,3908,177.175215
2023-08-22 20:05:00+00:00,177.12,177.13,177.12,30,177.13,1493,177.125891
2023-08-22 20:06:00+00:00,177.2264,177.23,177.13,48,177.13,92502,177.226818
2023-08-22 20:07:00+00:00,177.22,177.22,177.22,27,177.22,391,177.217141
2023-08-22 20:08:00+00:00,177.23,177.23,177.2,25,177.2,21545,177.228565
2023-08-22 20:09:00+00:00,177.2,177.2,177.2,7,177.2,150,177.1988
2023-08-22 20:10:00+00:00,177.19,177.19,177.17,55,177.19,24634,177.226553
2023-08-22 20:11:00+00:00,177.19,177.19,177.17,39,177.19,2573,177.17961
2023-08-22 20:12:00+00:00,177.19,177.19,177.19,18,177.19,2324,177.18915
2023-08-22 20:13:00+00:00,177.1799,177.19,177.1799,29,177.19,1792,177.185802
2023-08-22 20:14:00+00:00,177.17,177.18,177.17,27,177.18,579,177.171041
2023-08-22 20:15:00+00:00,177.15,177.15,177.15,23,177.15,3609,177.214875
2023-08-22 20:16:00+00:00,177.12,177.15,177.12,26,177.1499,2635,177.138539
2023-08-22 20:17:00+00:00,177.1,177.11,177.1,44,177.11,4611,177.102865
2023-08-22 20:19:00+00:00,177.09,177.1001,177.09,26,177.1,2620,177.091765
2023-08-22 20:20:00+00:00,177.0806,177.0806,177.08,26,177.08,863,177.084044
2023-08-22 20:21:00+00:00,177.09,177.09,177.09,20,177.09,276,177.087609
2023-08-22 20:23:00+00:00,177.1,177.1,177.1,33,177.1,550,177.1013
2023-08-22 20:24:00+00:00,177.11,177.11,177.11,23,177.11,251,177.108924
2023-08-22 20:26:00+00:00,177.11,177.11,177.11,29,177.11,197,176.946117
2023-08-22 20:27:00+00:00,177.11,177.11,177.11,19,177.11,243,177.10834
2023-08-22 20:29:00+00:00,177.05,177.1091,177.05,34,177.1,3390,177.072302
2023-08-22 20:30:00+00:00,177.05,177.05,177.05,16,177.05,298,177.051614
2023-08-22 20:32:00+00:00,177.04,177.0891,177.04,31,177.0891,1344,177.049911
2023-08-22 20:34:00+00:00,177.03,177.05,177.03,34,177.04,2867,177.039798
2023-08-22 20:35:00+00:00,177.04,177.04,177.03,19,177.03,1056,177.031375
2023-08-22 20:36:00+00:00,177.23,177.23,177.06,24,177.06,43674,177.225166
2023-08-22 20:37:00+00:00,177.06,177.07,177.06,21,177.07,329,177.068024
2023-08-22 20:38:00+00:00,177.06,177.06,177.03,54,177.06,3308,177.050759
2023-08-22 20:39:00+00:00,177.05,177.06,177.05,13,177.06,481,177.05755
2023-08-22 20:40:00+00:00,177.05,177.07,177.04,25,177.05,1436,177.051831
2023-08-22 20:41:00+00:00,177.08,177.08,177.05,39,177.05,2749,177.063907
2023-08-22 20:44:00+00:00,177.06,177.06,177.06,18,177.06,921,177.062519
2023-08-22 20:46:00+00:00,177.09,177.09,177.08,19,177.08,1909,177.086642
2023-08-22 20:47:00+00:00,177.08,177.08,177.08,23,177.08,1178,177.080025
2023-08-22 20:48:00+00:00,177.0603,177.0603,177.0603,16,177.0603,298,177.068238
2023-08-22 20:50:00+00:00,177.0799,177.08,177.0799,20,177.08,1021,177.079726
2023-08-22 20:51:00+00:00,177.06,177.06,177.06,16,177.06,530514,177.229899
2023-08-22 20:52:00+00:00,177.07,177.07,177.07,5,177.07,104,177.069519
2023-08-22 20:55:00+00:00,177.08,177.23,177.08,19,177.23,38839,177.22899
2023-08-22 20:59:00+00:00,177.09,177.09,177.09,15,177.09,152,177.089145
2023-08-22 21:01:00+00:00,177.09,177.09,177.09,18,177.09,1055,177.089943
2023-08-22 21:02:00+00:00,177.09,177.09,177.09,26,177.09,587,177.087024
2023-08-22 21:04:00+00:00,177.09,177.1,177.09,15,177.1,982,177.081838
2023-08-22 21:05:00+00:00,177.08,177.09,177.08,26,177.09,372,177.08137
2023-08-22 21:06:00+00:00,177.09,177.09,177.08,21,177.08,1724,177.085815
2023-08-22 21:09:00+00:00,177.09,177.09,177.09,13,177.09,328,177.086982
2023-08-22 21:11:00+00:00,177.09,177.09,177.09,15,177.09,557,177.090359
2023-08-22 21:12:00+00:00,177.13,177.13,177.13,16,177.13,494,177.129615
2023-08-22 21:13:00+00:00,177.13,177.13,177.13,14,177.13,115,177.12813
2023-08-22 21:14:00+00:00,177.15,177.15,177.12,17,177.12,1409,177.142644
2023-08-22 21:17:00+00:00,177.12,177.12,177.12,13,177.12,129,177.122171
2023-08-22 21:18:00+00:00,177.15,177.15,177.15,14,177.15,458,177.146157
2023-08-22 21:19:00+00:00,177.16,177.16,177.16,13,177.16,302,177.158891
2023-08-22 21:20:00+00:00,177.1561,177.1561,177.1561,17,177.1561,124,177.152661
2023-08-22 21:21:00+00:00,177.14,177.14,177.14,10,177.14,119,177.137311
2023-08-22 21:35:00+00:00,177.1,177.1,177.1,22,177.1,274,177.10604
2023-08-22 21:36:00+00:00,177.09,177.09,177.09,24,177.09,765,177.093787
2023-08-22 21:38:00+00:00,177.07,177.08,177.07,17,177.08,878,177.073568
2023-08-22 21:42:00+00:00,177.1,177.1,177.1,13,177.1,509,177.102426
2023-08-22 21:43:00+00:00,177.0986,177.1,177.0986,12,177.1,245,177.098041
2023-08-22 21:44:00+00:00,177.04,177.08,177.04,35,177.08,1514,177.063065
2023-08-22 21:45:00+00:00,177.03,177.03,177.03,21,177.03,213,177.046122
2023-08-22 21:50:00+00:00,177.09,177.09,177.09,17,177.09,397,177.09032
2023-08-22 21:51:00+00:00,177.04,177.04,177.04,18,177.04,655,177.048427
2023-08-22 21:53:00+00:00,177.1,177.1,177.0517,19,177.07,1230,177.089004
2023-08-22 21:57:00+00:00,177.1,177.1,177.1,18,177.1,210,177.0875
2023-08-22 21:58:00+00:00,177.1,177.1,177.1,13,177.1,276,177.095145
2023-08-22 22:01:00+00:00,177.15,177.15,177.1,16,177.1,792,177.123131
2023-08-22 22:04:00+00:00,177.18,177.18,177.14,27,177.14,1253,177.162308
2023-08-22 22:05:00+00:00,177.1,177.1,177.1,15,177.1,154,177.120696
2023-08-22 22:06:00+00:00,177.17,177.17,177.17,8,177.17,208,177.169736
2023-08-22 22:07:00+00:00,177.17,177.17,177.17,26,177.17,1114,177.169291
2023-08-22 22:12:00+00:00,177.19,177.19,177.18,13,177.18,721,177.181345
2023-08-22 22:14:00+00:00,177.2,177.2,177.19,14,177.19,509,177.194145
2023-08-22 22:17:00+00:00,177.2,177.2,177.18,17,177.18,636,177.184426
2023-08-22 22:18:00+00:00,177.21,177.21,177.17,28,177.2,7783,177.200073
2023-08-22 22:19:00+00:00,177.23,177.23,177.23,13,177.23,725,177.229283
2023-08-22 22:20:00+00:00,177.24,177.24,177.23,69,177.23,7579,177.230391
2023-08-22 22:21:00+00:00,177.1904,177.1904,177.1904,5,177.1904,107,177.192336
2023-08-22 22:23:00+00:00,177.22,177.25,177.22,21,177.25,1600,177.226105
2023-08-22 22:29:00+00:00,177.22,177.23,177.22,26,177.23,1091,177.226494
2023-08-22 22:30:00+00:00,177.22,177.22,177.22,12,177.22,539,177.220334
2023-08-22 22:32:00+00:00,177.2118,177.2118,177.2118,9,177.2118,276,177.208146
2023-08-22 22:39:00+00:00,177.19,177.19,177.19,9,177.19,111,177.189369
2023-08-22 22:44:00+00:00,177.17,177.17,177.17,18,177.17,1164,177.170404
2023-08-22 22:45:00+00:00,177.17,177.17,177.17,8,177.17,290,177.170069
2023-08-22 22:47:00+00:00,177.16,177.16,177.16,29,177.16,593,177.163836
2023-08-22 22:48:00+00:00,177.15,177.15,177.15,17,177.15,1265,177.14996
2023-08-22 22:50:00+00:00,177.16,177.16,177.15,16,177.15,5116,177.159355
2023-08-22 22:51:00+00:00,177.11,177.11,177.11,16,177.11,273,177.112857
2023-08-22 22:52:00+00:00,177.12,177.12,177.12,6,177.12,203,177.120739
2023-08-22 22:59:00+00:00,177.1,177.1,177.1,13,177.1,362,177.103666
2023-08-22 23:04:00+00:00,177.03,177.03,177.03,7,177.03,223,177.035426
2023-08-22 23:12:00+00:00,177.06,177.06,177.06,10,177.06,298,177.055789
2023-08-22 23:16:00+00:00,177.06,177.06,177.06,8,177.06,132,177.062424
2023-08-22 23:19:00+00:00,177.06,177.06,177.06,15,177.06,212,177.063325
2023-08-22 23:21:00+00:00,177.08,177.08,177.08,9,177.08,257,177.08607
2023-08-22 23:22:00+00:00,177.08,177.08,177.08,15,177.08,467,177.086081
2023-08-22 23:37:00+00:00,177.1,177.1,177.1,3,177.1,205,177.1
2023-08-22 23:38:00+00:00,177.15,177.15,177.15,13,177.15,568,177.133548
2023-08-22 23:41:00+00:00,177.11,177.11,177.11,8,177.11,188,177.114096
2023-08-22 23:43:00+00:00,177.04,177.13,177.03,35,177.05,2330,177.054221
2023-08-22 23:44:00+00:00,177.08,177.08,177.08,24,177.08,593,177.086551
2023-08-22 23:45:00+00:00,177.02,177.07,177.02,50,177.07,1608,177.037139
2023-08-22 23:47:00+00:00,177.03,177.03,177.03,16,177.03,456,177.030987
2023-08-22 23:52:00+00:00,177.05,177.05,177.05,14,177.05,353,177.045462
2023-08-22 23:54:00+00:00,177.0399,177.0399,177.0399,16,177.0399,157,177.034745
2023-08-22 23:55:00+00:00,177.03,177.03,177.03,16,177.03,779,177.030597
2023-08-22 23:56:00+00:00,177.04,177.04,177.03,18,177.03,542,177.029935
2023-08-22 23:57:00+00:00,177.0,177.05,177.0,53,177.01,2842,177.027335
2023-08-22 23:58:00+00:00,177.0,177.03,177.0,30,177.02,2735,177.015183
2023-08-22 23:59:00+00:00,177.01,177.01,177.0,52,177.01,2303,177.008958
