timestamp,close,high,low,trade_count,open,volume,vwap
2023-02-13 09:00:00+00:00,150.98,150.98,150.78,48,150.78,1960,150.876515
2023-02-13 09:01:00+00:00,151.01,151.01,150.95,46,150.96,1829,150.987578
2023-02-13 09:02:00+00:00,150.94,151.03,150.9,28,150.99,4344,150.951404
2023-02-13 09:06:00+00:00,150.92,150.94,150.92,28,150.94,906,150.933797
2023-02-13 09:07:00+00:00,150.6,150.82,150.43,40,150.82,2005,150.626549
2023-02-13 09:08:00+00:00,150.61,150.61,150.6,17,150.6,1934,150.607151
2023-02-13 09:10:00+00:00,150.75,150.76,150.75,22,150.75,714,150.743277
2023-02-13 09:11:00+00:00,150.75,150.75,150.75,15,150.75,348,150.705833
2023-02-13 09:13:00+00:00,150.5,150.5,150.48,10,150.48,424,150.495
2023-02-13 09:19:00+00:00,150.76,150.76,150.76,16,150.76,484,150.714236
2023-02-13 09:20:00+00:00,150.73,150.73,150.73,15,150.73,437,150.690503
2023-02-13 09:30:00+00:00,150.8,150.8,150.8,9,150.8,353,150.797734
2023-02-13 09:31:00+00:00,150.88,150.88,150.88,10,150.88,548,150.870255
2023-02-13 09:32:00+00:00,150.82,150.82,150.82,14,150.82,534,150.819494
2023-02-13 09:33:00+00:00,150.85,150.87,150.82,28,150.82,2553,150.843525
2023-02-13 09:34:00+00:00,150.8,150.82,150.8,10,150.82,521,150.807716
2023-02-13 09:35:00+00:00,150.67,150.71,150.67,33,150.71,1203,150.720374
2023-02-13 09:38:00+00:00,150.63,150.65,150.63,17,150.65,1003,150.635165
2023-02-13 09:42:00+00:00,150.67,150.67,150.67,9,150.67,286,150.67
2023-02-13 09:43:00+00:00,150.6,150.61,150.6,34,150.61,1117,150.605175
2023-02-13 09:49:00+00:00,150.58,150.58,150.51,34,150.56,2728,150.558739
2023-02-13 09:51:00+00:00,150.7,150.7,150.67,30,150.67,691,150.672634
2023-02-13 09:52:00+00:00,150.58,150.6,150.58,11,150.6,407,150.592973
2023-02-13 09:59:00+00:00,150.62,150.62,150.62,15,150.62,296,150.615709
2023-02-13 10:00:00+00:00,150.59,150.59,150.58,12,150.59,609,150.588309
2023-02-13 10:01:00+00:00,150.62,150.62,150.62,7,150.62,860,150.619965
2023-02-13 10:02:00+00:00,150.7,150.7,150.7,21,150.7,622,150.690563
2023-02-13 10:05:00+00:00,150.7,150.7,150.7,21,150.7,597,150.695745
2023-02-13 10:10:00+00:00,150.65,150.68,150.65,15,150.68,2002,150.665529
2023-02-13 10:11:00+00:00,150.65,150.65,150.65,4,150.65,204,150.650784
2023-02-13 10:13:00+00:00,150.65,150.65,150.65,13,150.65,638,150.649185
2023-02-13 10:14:00+00:00,150.6,150.64,150.6,14,150.64,788,150.627893
2023-02-13 10:15:00+00:00,150.6,150.61,150.6,18,150.61,2373,150.602149
2023-02-13 10:17:00+00:00,150.57,150.57,150.57,24,150.57,1021,150.572831
2023-02-13 10:19:00+00:00,150.57,150.57,150.57,8,150.57,218,150.571284
2023-02-13 10:22:00+00:00,150.6,150.6,150.6,15,150.6,633,150.599937
2023-02-13 10:25:00+00:00,150.65,150.65,150.65,11,150.65,1000,150.6474
2023-02-13 10:28:00+00:00,150.65,150.66,150.65,19,150.66,1022,150.665978
2023-02-13 10:29:00+00:00,150.6,150.65,150.6,23,150.65,1212,150.626964
2023-02-13 10:30:00+00:00,150.64,150.64,150.64,2,150.64,111,150.64
2023-02-13 10:35:00+00:00,150.78,150.78,150.78,25,150.78,572,150.756416
2023-02-13 10:36:00+00:00,150.8,150.8,150.8,10,150.8,207,150.795749
2023-02-13 10:37:00+00:00,150.83,150.83,150.83,6,150.83,278,150.829784
2023-02-13 10:50:00+00:00,150.78,150.78,150.74,46,150.74,4551,150.757504
2023-02-13 10:51:00+00:00,150.78,150.78,150.78,5,150.78,429,150.780373
2023-02-13 10:52:00+00:00,150.82,150.82,150.82,19,150.82,532,150.806692
2023-02-13 10:54:00+00:00,150.89,150.89,150.87,27,150.87,909,150.877338
2023-02-13 10:55:00+00:00,150.87,150.87,150.86,14,150.87,1031,150.867042
2023-02-13 10:58:00+00:00,150.82,150.82,150.82,8,150.82,440,150.8195
2023-02-13 11:03:00+00:00,150.88,150.88,150.88,6,150.88,202,150.878762
2023-02-13 11:04:00+00:00,150.9,150.9,150.9,21,150.9,356,150.909635
2023-02-13 11:09:00+00:00,150.84,150.86,150.84,23,150.86,887,150.852537
2023-02-13 11:10:00+00:00,150.83,150.83,150.83,23,150.83,500,150.82228
2023-02-13 11:15:00+00:00,150.74,150.74,150.74,6,150.74,452,150.744425
2023-02-13 11:18:00+00:00,150.83,150.83,150.83,13,150.83,487,150.821951
2023-02-13 11:19:00+00:00,150.83,150.83,150.83,4,150.83,214,150.824953
2023-02-13 11:20:00+00:00,150.75,150.75,150.75,30,150.75,779,150.748858
2023-02-13 11:22:00+00:00,150.92,150.92,150.8,35,150.8,1152,150.833542
2023-02-13 11:23:00+00:00,150.9,150.9,150.9,17,150.9,385,150.901896
2023-02-13 11:24:00+00:00,150.9,150.9,150.9,7,150.9,215,150.898512
2023-02-13 11:25:00+00:00,150.88,150.95,150.86,23,150.86,2474,150.917575
2023-02-13 11:28:00+00:00,150.84,150.84,150.84,5,150.84,303,150.840462
2023-02-13 11:29:00+00:00,150.82,150.82,150.82,17,150.82,333,150.816036
2023-02-13 11:42:00+00:00,150.92,150.96,150.92,29,150.93,2165,150.93885
2023-02-13 11:43:00+00:00,150.86,150.86,150.86,24,150.86,701,150.860128
2023-02-13 11:44:00+00:00,150.83,150.86,150.83,15,150.86,1669,150.834823
2023-02-13 11:49:00+00:00,150.77,150.78,150.77,17,150.78,640,150.778063
2023-02-13 11:51:00+00:00,150.8,150.8,150.8,14,150.8,424,150.807925
2023-02-13 11:55:00+00:00,150.88,150.88,150.88,13,150.88,477,150.885136
2023-02-13 11:57:00+00:00,150.88,150.95,150.88,26,150.93,1663,150.93365
2023-02-13 11:59:00+00:00,150.92,150.95,150.92,27,150.93,1764,150.928991
2023-02-13 12:00:00+00:00,151.09,151.09,150.98,251,150.98,7930,151.0343
2023-02-13 12:01:00+00:00,151.06,151.13,151.03,196,151.09,5007,151.092487
2023-02-13 12:03:00+00:00,151.11,151.11,151.08,72,151.08,2973,151.084669
2023-02-13 12:04:00+00:00,151.11,151.11,151.11,107,151.11,882,151.116973
2023-02-13 12:05:00+00:00,151.06,151.09,151.06,79,151.06,2409,151.065778
2023-02-13 12:06:00+00:00,151.05,151.07,151.05,42,151.07,439,151.060888
2023-02-13 12:07:00+00:00,151.1,151.1,151.09,45,151.09,1109,151.093977
2023-02-13 12:08:00+00:00,151.04,151.09,151.04,82,151.09,2396,151.079695
2023-02-13 12:09:00+00:00,151.08,151.08,151.08,38,151.08,776,151.082049
2023-02-13 12:10:00+00:00,151.08,151.08,151.07,28,151.07,650,151.073785
2023-02-13 12:11:00+00:00,151.15,151.18,151.15,65,151.15,2928,151.162548
2023-02-13 12:12:00+00:00,151.2,151.2,151.2,69,151.2,1913,151.175494
2023-02-13 12:13:00+00:00,151.21,151.21,151.18,82,151.18,2463,151.194913
2023-02-13 12:14:00+00:00,151.21,151.21,151.21,61,151.21,1400,151.208043
2023-02-13 12:15:00+00:00,151.23,151.23,151.21,84,151.23,833,151.215618
2023-02-13 12:16:00+00:00,151.35,151.35,151.24,124,151.24,3347,151.294075
2023-02-13 12:17:00+00:00,151.4,151.4,151.4,83,151.4,1389,151.39126
2023-02-13 12:18:00+00:00,151.37,151.42,151.37,63,151.42,874,151.413295
2023-02-13 12:19:00+00:00,151.43,151.43,151.43,48,151.43,491,151.448269
2023-02-13 12:20:00+00:00,151.7,151.7,151.48,165,151.48,9502,151.613859
2023-02-13 12:21:00+00:00,151.6,151.65,151.6,51,151.65,1441,151.631138
2023-02-13 12:22:00+00:00,151.5,151.5,151.5,59,151.5,897,151.523211
2023-02-13 12:23:00+00:00,151.68,151.68,151.62,56,151.62,1209,151.644773
2023-02-13 12:24:00+00:00,151.6,151.65,151.6,101,151.65,7344,151.605922
2023-02-13 12:25:00+00:00,151.65,151.65,151.61,75,151.61,1216,151.614285
2023-02-13 12:27:00+00:00,151.7,151.7,151.69,45,151.7,3478,151.695066
2023-02-13 12:28:00+00:00,151.62,151.66,151.62,204,151.65,6075,151.640851
2023-02-13 12:31:00+00:00,151.6,151.6,151.6,84,151.6,250,151.59496
2023-02-13 12:32:00+00:00,151.5,151.6,151.5,112,151.6,2192,151.555885
2023-02-13 12:33:00+00:00,151.49,151.49,151.46,62,151.48,2467,151.471419
2023-02-13 12:35:00+00:00,151.46,151.5,151.46,101,151.5,7039,151.4993
2023-02-13 12:36:00+00:00,151.5,151.5,151.5,29,151.5,687,151.497991
2023-02-13 12:38:00+00:00,151.45,151.47,151.45,134,151.47,2951,151.453789
2023-02-13 12:39:00+00:00,151.42,151.42,151.42,77,151.42,869,151.40069
2023-02-13 12:40:00+00:00,151.3,151.32,151.3,85,151.32,3332,151.32172
2023-02-13 12:42:00+00:00,151.42,151.48,151.42,66,151.43,1813,151.45658
2023-02-13 12:43:00+00:00,151.47,151.47,151.43,47,151.43,1019,151.443749
2023-02-13 12:44:00+00:00,151.43,151.47,151.43,55,151.47,945,151.447196
2023-02-13 12:45:00+00:00,151.45,151.45,151.45,37,151.45,505,151.447663
2023-02-13 12:46:00+00:00,151.42,151.42,151.41,79,151.41,1251,151.418169
2023-02-13 12:47:00+00:00,151.4,151.41,151.4,82,151.41,1341,151.405712
2023-02-13 12:48:00+00:00,151.4,151.4,151.4,21,151.4,598,151.39903
2023-02-13 12:49:00+00:00,151.4,151.4,151.4,44,151.4,1323,151.398556
2023-02-13 12:51:00+00:00,151.61,151.61,151.49,64,151.49,1560,151.556506
2023-02-13 12:52:00+00:00,151.54,151.54,151.54,41,151.54,567,151.548783
2023-02-13 12:53:00+00:00,151.5,151.5,151.5,92,151.5,1239,151.494374
2023-02-13 12:54:00+00:00,151.41,151.41,151.41,49,151.41,761,151.411879
2023-02-13 12:56:00+00:00,151.41,151.41,151.41,74,151.41,244,151.41877
2023-02-13 12:58:00+00:00,151.41,151.41,151.41,75,151.41,522,151.40636
2023-02-13 12:59:00+00:00,151.38,151.4,151.35,132,151.4,2603,151.377949
2023-02-13 13:00:00+00:00,151.48,151.69,151.0329,533,151.07,58641,151.442717
2023-02-13 13:01:00+00:00,150.8215,151.6,149.98,1297,150.2,7631,150.577312
2023-02-13 13:02:00+00:00,151.51,151.59,151.51,1103,151.51,2998,151.469229
2023-02-13 13:03:00+00:00,151.6,151.6,151.56,292,151.56,1134,151.551533
2023-02-13 13:04:00+00:00,151.5,151.55,151.5,63,151.55,3643,151.538329
2023-02-13 13:05:00+00:00,151.5,151.6,151.49,90,151.5,3909,151.498933
2023-02-13 13:06:00+00:00,151.42,151.43,151.42,80,151.43,1213,151.44202
2023-02-13 13:07:00+00:00,151.45,151.45,151.41,75,151.41,1855,151.437144
2023-02-13 13:08:00+00:00,151.4246,151.47,151.4246,79,151.43,6968,151.461424
2023-02-13 13:09:00+00:00,151.5,151.5,151.47,68,151.47,2161,151.499769
2023-02-13 13:10:00+00:00,151.54,151.59,151.54,73,151.58,1684,151.569643
2023-02-13 13:11:00+00:00,151.5,151.5,151.5,78,151.5,626,151.513451
2023-02-13 13:13:00+00:00,151.54,151.54,151.5,45,151.5,1346,151.529215
2023-02-13 13:15:00+00:00,151.4,151.42,151.4,70,151.42,3379,151.420506
2023-02-13 13:16:00+00:00,151.4,151.4,151.4,66,151.4,2703,151.404181
2023-02-13 13:17:00+00:00,151.2994,151.42,151.2994,124,151.41,2106,151.375851
2023-02-13 13:18:00+00:00,151.36,151.36,151.3,82,151.3,1824,151.31045
2023-02-13 13:19:00+00:00,151.28,151.29,151.27,105,151.27,3004,151.28284
2023-02-13 13:20:00+00:00,151.33,151.33,151.3,77,151.3,2114,151.303749
2023-02-13 13:21:00+00:00,151.32,151.32,151.32,61,151.32,890,151.325631
2023-02-13 13:22:00+00:00,151.3,151.32,151.3,74,151.32,1164,151.326057
2023-02-13 13:23:00+00:00,151.39,151.39,151.39,35,151.39,818,151.394472
2023-02-13 13:24:00+00:00,151.41,151.41,151.38,68,151.38,2758,151.395874
2023-02-13 13:25:00+00:00,151.44,151.44,151.28,144,151.33,43863,151.305055
2023-02-13 13:28:00+00:00,151.36,151.37,151.36,47,151.3668,815,151.360389
2023-02-13 13:29:00+00:00,151.33,151.33,151.33,69,151.33,466,151.322474
2023-02-13 13:30:00+00:00,151.33,151.33,151.28,57,151.3,2822,151.298738
2023-02-13 13:31:00+00:00,151.33,151.33,151.33,43,151.33,524,151.305866
2023-02-13 13:32:00+00:00,151.22,151.25,151.22,129,151.25,46136,151.249926
2023-02-13 13:34:00+00:00,151.2,151.2,151.2,91,151.2,3050,151.214099
2023-02-13 13:35:00+00:00,151.26,151.26,151.22,69,151.22,1414,151.241755
2023-02-13 13:36:00+00:00,151.29,151.29,151.2,48,151.2,3248,151.251992
2023-02-13 13:37:00+00:00,151.25,151.37,151.25,85,151.37,2950,151.294927
2023-02-13 13:38:00+00:00,151.33,151.33,151.33,54,151.33,888,151.303238
2023-02-13 13:39:00+00:00,151.33,151.33,151.33,46,151.33,679,151.33342
2023-02-13 13:40:00+00:00,151.31,151.33,151.31,71,151.33,1730,151.319182
2023-02-13 13:41:00+00:00,151.32,151.32,151.32,52,151.32,741,151.31673
2023-02-13 13:42:00+00:00,151.33,151.33,151.31,68,151.31,1151,151.325804
2023-02-13 13:43:00+00:00,151.26,151.32,151.26,92,151.3,1869,151.290713
2023-02-13 13:44:00+00:00,151.22,151.29,151.21,70,151.29,2407,151.236717
2023-02-13 13:45:00+00:00,151.2,151.25,151.2,76,151.25,3003,151.229818
2023-02-13 13:46:00+00:00,151.2,151.2,151.2,70,151.2,1363,151.199428
2023-02-13 13:47:00+00:00,151.06,151.16,151.06,182,151.16,3117,151.101261
2023-02-13 13:49:00+00:00,151.12,151.12,151.12,52,151.12,360,151.130826
2023-02-13 13:50:00+00:00,151.16,151.21,151.12,92,151.13,4438,151.154168
2023-02-13 13:51:00+00:00,151.18,151.22,151.18,64,151.21,5186,151.202818
2023-02-13 13:53:00+00:00,151.1,151.1213,151.1,65,151.1213,1174,151.120516
2023-02-13 13:54:00+00:00,151.12,151.15,151.1,115,151.14,6643,151.111329
2023-02-13 13:55:00+00:00,151.11,151.11,151.11,63,151.11,669,151.11444
2023-02-13 13:57:00+00:00,151.17,151.17,151.17,61,151.17,1107,151.150167
2023-02-13 13:58:00+00:00,151.1,151.15,151.1,129,151.15,6001,151.109792
2023-02-13 13:59:00+00:00,151.05,151.05,151.05,64,151.05,1552,151.056327
2023-02-13 14:00:00+00:00,151.1,151.1,151.03,130,151.05,13696,151.065888
2023-02-13 14:01:00+00:00,151.15,151.15,151.14,46,151.14,1439,151.143555
2023-02-13 14:02:00+00:00,151.12,151.14,151.12,140,151.14,5082,151.124881
2023-02-13 14:03:00+00:00,151.1,151.1,151.03,87,151.06,3472,151.051682
2023-02-13 14:04:00+00:00,151.15,151.15,151.11,83,151.12,3380,151.129595
2023-02-13 14:05:00+00:00,151.14,151.14,151.14,37,151.14,446,151.136333
2023-02-13 14:06:00+00:00,151.17,151.19,151.14,60,151.14,2263,151.165574
2023-02-13 14:07:00+00:00,151.36,151.36,151.15,161,151.17,8222,151.247621
2023-02-13 14:08:00+00:00,151.31,151.32,151.31,52,151.32,971,151.299725
2023-02-13 14:09:00+00:00,151.19,151.19,151.19,57,151.19,273,151.192522
2023-02-13 14:10:00+00:00,151.19,151.2,151.18,66,151.18,2245,151.195362
2023-02-13 14:11:00+00:00,151.16,151.1999,151.16,49,151.1999,4992,151.186072
2023-02-13 14:13:00+00:00,151.19,151.19,151.19,44,151.19,375,151.188551
2023-02-13 14:14:00+00:00,151.09,151.17,151.09,184,151.17,4674,151.118726
2023-02-13 14:15:00+00:00,151.14,151.14,151.0899,86,151.0899,2445,151.095719
2023-02-13 14:16:00+00:00,151.13,151.16,151.07,78,151.1599,7550,151.141416
2023-02-13 14:17:00+00:00,151.12,151.12,151.12,43,151.12,524,151.110132
2023-02-13 14:18:00+00:00,151.11,151.14,151.09,81,151.1,4706,151.127717
2023-02-13 14:19:00+00:00,151.1,151.11,151.09,56,151.09,3810,151.102017
2023-02-13 14:20:00+00:00,151.09,151.09,151.05,126,151.09,9925,151.063633
2023-02-13 14:21:00+00:00,151.06,151.1,151.05,56,151.1,3688,151.085321
2023-02-13 14:22:00+00:00,151.09,151.11,151.06,180,151.06,27053,151.091406
2023-02-13 14:23:00+00:00,151.13,151.13,151.09,52,151.09,6836,151.104514
2023-02-13 14:24:00+00:00,151.11,151.14,151.1,79,151.1,6285,151.119227
2023-02-13 14:25:00+00:00,150.79,151.1,150.7506,494,151.1,23957,150.938681
2023-02-13 14:26:00+00:00,150.84,150.94,150.76,137,150.78,8109,150.8167
2023-02-13 14:27:00+00:00,150.81,150.89,150.78,120,150.84,10225,150.814807
2023-02-13 14:28:00+00:00,150.87,150.92,150.79,157,150.91,14365,150.851768
2023-02-13 14:29:00+00:00,150.96,150.96,150.9,110,150.901,9424,150.935739
2023-02-13 14:30:00+00:00,151.19,151.43,150.92,9838,150.96,1193592,151.019115
2023-02-13 14:31:00+00:00,151.1783,151.3476,151.04,4329,151.19,225882,151.217244
2023-02-13 14:32:00+00:00,151.3,151.69,151.18,8677,151.18,316201,151.483899
2023-02-13 14:33:00+00:00,151.06,151.3199,151.04,7573,151.29,161525,151.164963
2023-02-13 14:34:00+00:00,151.31,151.5,150.98,7587,151.07,188847,151.245248
2023-02-13 14:35:00+00:00,151.07,151.4599,151.02,7208,151.3215,144278,151.19198
2023-02-13 14:36:00+00:00,151.24,151.32,151.015,7352,151.08,153147,151.156581
2023-02-13 14:37:00+00:00,151.12,151.395,151.09,7270,151.24,154544,151.232801
2023-02-13 14:38:00+00:00,151.31,151.46,151.12,5684,151.12,164122,151.326333
2023-02-13 14:39:00+00:00,151.5305,151.57,151.23,1712,151.32,163858,151.372735
2023-02-13 14:40:00+00:00,151.7598,151.785,151.47,2050,151.54,206538,151.633783
2023-02-13 14:41:00+00:00,151.56,151.815,151.48,2581,151.76,277374,151.684938
2023-02-13 14:42:00+00:00,151.62,151.705,151.54,2011,151.56,205680,151.617908
2023-02-13 14:43:00+00:00,151.84,151.86,151.62,2383,151.6257,284588,151.738086
2023-02-13 14:44:00+00:00,151.64,151.88,151.64,2168,151.85,190092,151.800797
2023-02-13 14:45:00+00:00,151.84,151.89,151.605,2601,151.65,241999,151.740834
2023-02-13 14:46:00+00:00,151.7356,151.87,151.71,1679,151.845,254115,151.786161
2023-02-13 14:47:00+00:00,151.46,151.7874,151.44,1672,151.735,158683,151.60538
2023-02-13 14:48:00+00:00,151.62,151.62,151.425,1172,151.4628,161764,151.530731
2023-02-13 14:49:00+00:00,151.542,151.66,151.4616,1192,151.6242,104745,151.547981
2023-02-13 14:50:00+00:00,151.739,151.75,151.5,1197,151.55,123771,151.623711
2023-02-13 14:51:00+00:00,151.56,151.795,151.55,1228,151.735,118172,151.654693
2023-02-13 14:52:00+00:00,151.57,151.59,151.5,1387,151.55,136689,151.532069
2023-02-13 14:53:00+00:00,151.695,151.7,151.495,1253,151.58,128391,151.547344
2023-02-13 14:54:00+00:00,151.7,151.75,151.595,909,151.69,83737,151.673229
2023-02-13 14:55:00+00:00,151.74,151.85,151.71,1563,151.71,153332,151.771998
2023-02-13 14:56:00+00:00,151.62,151.745,151.62,1071,151.74,91570,151.675707
2023-02-13 14:57:00+00:00,151.815,151.83,151.64,1456,151.64,145694,151.759556
2023-02-13 14:58:00+00:00,151.9888,152.01,151.76,2747,151.83,290426,151.896286
2023-02-13 14:59:00+00:00,152.1807,152.19,151.97,2201,151.98,240513,152.103564
2023-02-13 15:00:00+00:00,152.2715,152.3898,152.19,2462,152.19,254296,152.300933
2023-02-13 15:01:00+00:00,152.3,152.3712,152.17,1455,152.27,130025,152.285971
2023-02-13 15:02:00+00:00,152.27,152.31,152.2,1159,152.3,115401,152.252499
2023-02-13 15:03:00+00:00,152.15,152.305,152.14,1507,152.27,152009,152.226483
2023-02-13 15:04:00+00:00,152.1912,152.36,152.13,1400,152.16,158682,152.25455
2023-02-13 15:05:00+00:00,152.3101,152.32,152.18,1243,152.2,114289,152.231122
2023-02-13 15:06:00+00:00,152.15,152.369,152.14,1344,152.325,146039,152.246734
2023-02-13 15:07:00+00:00,152.3,152.35,152.1499,1352,152.16,125222,152.25132
2023-02-13 15:08:00+00:00,152.17,152.46,152.17,1822,152.2901,167443,152.354979
2023-02-13 15:09:00+00:00,152.165,152.23,152.07,1210,152.172,113539,152.148424
2023-02-13 15:10:00+00:00,152.105,152.1999,152.07,1102,152.16,101029,152.126012
2023-02-13 15:11:00+00:00,152.1499,152.1499,152.01,1197,152.1,107462,152.098247
2023-02-13 15:12:00+00:00,151.93,152.16,151.8675,1504,152.15,133835,151.993899
2023-02-13 15:13:00+00:00,152.13,152.14,151.88,1010,151.93,98790,152.01491
2023-02-13 15:14:00+00:00,152.205,152.24,152.1129,1162,152.14,102012,152.160146
2023-02-13 15:15:00+00:00,152.05,152.22,152.0,1085,152.215,123818,152.111908
2023-02-13 15:16:00+00:00,152.2001,152.2099,152.02,933,152.05,101596,152.134355
2023-02-13 15:17:00+00:00,152.03,152.26,152.0,1152,152.2,111421,152.151553
2023-02-13 15:18:00+00:00,152.22,152.2315,151.99,949,152.04,93726,152.124535
2023-02-13 15:19:00+00:00,152.17,152.2874,152.14,1094,152.22,95856,152.204192
2023-02-13 15:20:00+00:00,152.28,152.31,152.165,936,152.17,84825,152.25136
2023-02-13 15:21:00+00:00,152.306,152.3201,152.24,944,152.2716,85341,152.291845
2023-02-13 15:22:00+00:00,152.12,152.32,152.0801,1252,152.31,129231,152.175456
2023-02-13 15:23:00+00:00,152.2161,152.22,152.11,750,152.13,83207,152.167157
2023-02-13 15:24:00+00:00,152.2501,152.26,152.1,809,152.23,73608,152.171299
2023-02-13 15:25:00+00:00,152.3431,152.38,152.25,1031,152.2686,111486,152.322074
2023-02-13 15:26:00+00:00,152.414,152.58,152.35,2014,152.36,189805,152.449773
2023-02-13 15:27:00+00:00,152.36,152.43,152.275,1541,152.42,135723,152.35393
2023-02-13 15:28:00+00:00,152.3701,152.38,152.31,892,152.36,99706,152.349159
2023-02-13 15:29:00+00:00,152.43,152.44,152.34,1507,152.3679,150854,152.395887
2023-02-13 15:30:00+00:00,152.39,152.44,152.26,1323,152.36,166798,152.357997
2023-02-13 15:31:00+00:00,152.3714,152.45,152.32,989,152.39,145133,152.389664
2023-02-13 15:32:00+00:00,152.335,152.3899,152.27,1011,152.37,108443,152.312031
2023-02-13 15:33:00+00:00,152.18,152.34,152.17,1123,152.3314,103543,152.242873
2023-02-13 15:34:00+00:00,152.27,152.28,152.17,931,152.185,120228,152.192169
2023-02-13 15:35:00+00:00,152.33,152.41,152.24,1142,152.26,124438,152.332672
2023-02-13 15:36:00+00:00,152.33,152.38,152.285,773,152.335,76481,152.326612
2023-02-13 15:37:00+00:00,152.3572,152.38,152.3,714,152.33,74153,152.343569
2023-02-13 15:38:00+00:00,152.215,152.39,152.21,914,152.36,86881,152.297805
2023-02-13 15:39:00+00:00,152.21,152.2501,152.17,1064,152.21,107593,152.209598
2023-02-13 15:40:00+00:00,152.22,152.2263,152.11,1189,152.215,122185,152.184345
2023-02-13 15:41:00+00:00,152.11,152.29,152.095,904,152.22,92297,152.203676
2023-02-13 15:42:00+00:00,152.15,152.1609,152.02,996,152.115,101119,152.102611
2023-02-13 15:43:00+00:00,152.155,152.2202,152.095,831,152.145,90349,152.156091
2023-02-13 15:44:00+00:00,152.12,152.18,152.08,622,152.16,67323,152.138476
2023-02-13 15:45:00+00:00,152.13,152.165,152.025,1101,152.1287,118190,152.089922
2023-02-13 15:46:00+00:00,152.17,152.24,152.07,1025,152.13,107844,152.144133
2023-02-13 15:47:00+00:00,152.0935,152.18,152.08,651,152.1701,58507,152.141049
2023-02-13 15:48:00+00:00,152.045,152.11,152.01,1111,152.08,101413,152.051823
2023-02-13 15:49:00+00:00,152.3394,152.34,152.04,1533,152.05,233291,152.223636
2023-02-13 15:50:00+00:00,152.4601,152.51,152.3,2444,152.34,254306,152.417962
2023-02-13 15:51:00+00:00,152.51,152.52,152.3866,1251,152.4618,128513,152.475013
2023-02-13 15:52:00+00:00,152.63,152.63,152.49,1523,152.51,167775,152.547144
2023-02-13 15:53:00+00:00,152.6308,152.69,152.585,1363,152.63,164879,152.637343
2023-02-13 15:54:00+00:00,152.68,152.755,152.615,1621,152.645,204687,152.692527
2023-02-13 15:55:00+00:00,152.77,152.785,152.6814,1523,152.6814,199692,152.732392
2023-02-13 15:56:00+00:00,152.7301,152.77,152.69,898,152.77,112809,152.72803
2023-02-13 15:57:00+00:00,152.65,152.74,152.5699,1152,152.74,154551,152.644867
2023-02-13 15:58:00+00:00,152.625,152.69,152.5923,764,152.65,93668,152.647342
2023-02-13 15:59:00+00:00,152.62,152.65,152.59,867,152.625,90673,152.624028
2023-02-13 16:00:00+00:00,152.735,152.77,152.64,994,152.64,124468,152.726212
2023-02-13 16:01:00+00:00,152.69,152.765,152.66,979,152.74,114590,152.72154
2023-02-13 16:02:00+00:00,152.77,152.82,152.6699,1121,152.69,121095,152.765154
2023-02-13 16:03:00+00:00,152.752,152.87,152.73,956,152.79,96000,152.809995
2023-02-13 16:04:00+00:00,152.87,152.92,152.76,1141,152.76,115265,152.870613
2023-02-13 16:05:00+00:00,152.875,152.95,152.84,1141,152.865,126442,152.901488
2023-02-13 16:06:00+00:00,152.98,152.98,152.85,1179,152.88,139975,152.933469
2023-02-13 16:07:00+00:00,152.78,152.99,152.77,1810,152.975,211891,152.888946
2023-02-13 16:08:00+00:00,152.805,152.84,152.73,1040,152.7799,104738,152.770232
2023-02-13 16:09:00+00:00,152.8084,152.89,152.728,963,152.81,81785,152.820098
2023-02-13 16:10:00+00:00,152.785,152.87,152.75,1043,152.8063,168626,152.779855
2023-02-13 16:11:00+00:00,152.815,152.85,152.76,885,152.785,113656,152.800383
2023-02-13 16:12:00+00:00,152.8699,152.87,152.7701,700,152.82,80761,152.810179
2023-02-13 16:13:00+00:00,152.8248,152.8936,152.8,1064,152.87,99818,152.864207
2023-02-13 16:14:00+00:00,152.9,153.0,152.82,2608,152.825,506979,152.954567
2023-02-13 16:15:00+00:00,152.975,153.0,152.894,1191,152.894,133530,152.965974
2023-02-13 16:16:00+00:00,153.0,153.0,152.95,1023,152.9798,119240,152.978284
2023-02-13 16:17:00+00:00,153.0821,153.1,152.99,2205,152.9975,264156,153.03813
2023-02-13 16:18:00+00:00,153.21,153.21,153.0831,1511,153.088,233578,153.164982
2023-02-13 16:19:00+00:00,153.13,153.21,153.06,1201,153.206,137749,153.12816
2023-02-13 16:20:00+00:00,153.15,153.15,153.06,931,153.12,107603,153.102637
2023-02-13 16:21:00+00:00,153.045,153.21,152.9804,1417,153.16,202554,153.071951
2023-02-13 16:22:00+00:00,152.96,153.05,152.9299,1096,153.02,119325,152.979773
2023-02-13 16:23:00+00:00,153.0395,153.055,152.94,828,152.9699,109013,153.000268
2023-02-13 16:24:00+00:00,153.008,153.09,152.92,902,153.03,123514,152.996358
2023-02-13 16:25:00+00:00,153.035,153.0603,152.97,801,153.0,87949,153.022793
2023-02-13 16:26:00+00:00,153.05,153.08,153.01,753,153.03,103690,153.041975
2023-02-13 16:27:00+00:00,152.98,153.14,152.98,1006,153.04,107790,153.090753
2023-02-13 16:28:00+00:00,153.085,153.16,152.98,940,153.0,119181,153.057093
2023-02-13 16:29:00+00:00,153.1423,153.165,153.06,674,153.0899,69443,153.113408
2023-02-13 16:30:00+00:00,153.225,153.23,153.06,1167,153.15,142999,153.155248
2023-02-13 16:31:00+00:00,153.175,153.226,153.14,943,153.22,110779,153.187022
2023-02-13 16:32:00+00:00,153.13,153.185,153.1,1199,153.18,124172,153.141154
2023-02-13 16:33:00+00:00,153.1068,153.15,153.084,955,153.12,108502,153.123347
2023-02-13 16:34:00+00:00,153.0717,153.12,153.02,765,153.1102,95101,153.059881
2023-02-13 16:35:00+00:00,153.13,153.16,153.07,801,153.08,96289,153.11936
2023-02-13 16:36:00+00:00,153.156,153.215,153.1,737,153.115,85271,153.163166
2023-02-13 16:37:00+00:00,153.095,153.16,153.05,749,153.155,86177,153.099959
2023-02-13 16:38:00+00:00,153.015,153.12,152.9678,933,153.095,98052,153.038125
2023-02-13 16:39:00+00:00,153.095,153.1,152.98,721,153.01,87833,153.047957
2023-02-13 16:40:00+00:00,153.1885,153.25,153.09,1376,153.095,177394,153.192645
2023-02-13 16:41:00+00:00,153.2186,153.25,153.185,921,153.19,98727,153.214623
2023-02-13 16:42:00+00:00,153.225,153.2399,153.19,744,153.215,75603,153.214473
2023-02-13 16:43:00+00:00,153.48,153.49,153.2201,1792,153.2262,239245,153.359506
2023-02-13 16:44:00+00:00,153.51,153.52,153.45,1445,153.49,188900,153.484799
2023-02-13 16:45:00+00:00,153.46,153.5799,153.45,1122,153.51,147148,153.510988
2023-02-13 16:46:00+00:00,153.6185,153.66,153.461,1252,153.47,144302,153.580446
2023-02-13 16:47:00+00:00,153.66,153.67,153.595,966,153.62,101440,153.635599
2023-02-13 16:48:00+00:00,153.595,153.67,153.575,849,153.655,103935,153.621012
2023-02-13 16:49:00+00:00,153.645,153.66,153.59,821,153.605,117857,153.630107
2023-02-13 16:50:00+00:00,153.6401,153.67,153.62,950,153.65,107375,153.642376
2023-02-13 16:51:00+00:00,153.68,153.69,153.592,935,153.65,115497,153.640131
2023-02-13 16:52:00+00:00,153.59,153.69,153.54,1150,153.6801,162784,153.622315
2023-02-13 16:53:00+00:00,153.54,153.65,153.51,926,153.6,111420,153.597267
2023-02-13 16:54:00+00:00,153.55,153.63,153.5201,782,153.55,101173,153.577022
2023-02-13 16:55:00+00:00,153.36,153.5599,153.345,1213,153.55,147132,153.448613
2023-02-13 16:56:00+00:00,153.44,153.44,153.28,996,153.355,121524,153.34817
2023-02-13 16:57:00+00:00,153.4162,153.48,153.4,819,153.44,90855,153.436861
2023-02-13 16:58:00+00:00,153.435,153.51,153.42,876,153.42,102547,153.462562
2023-02-13 16:59:00+00:00,153.42,153.469,153.4,770,153.432,66823,153.428932
2023-02-13 17:00:00+00:00,153.655,153.67,153.41,1288,153.44,161724,153.556692
2023-02-13 17:01:00+00:00,153.54,153.66,153.52,872,153.66,103663,153.586956
2023-02-13 17:02:00+00:00,153.57,153.63,153.53,736,153.54,76232,153.575496
2023-02-13 17:03:00+00:00,153.6,153.61,153.5201,647,153.5702,68424,153.56562
2023-02-13 17:04:00+00:00,153.57,153.62,153.545,632,153.6,67624,153.586805
2023-02-13 17:05:00+00:00,153.53,153.6,153.5,887,153.58,103037,153.552278
2023-02-13 17:06:00+00:00,153.6155,153.64,153.53,678,153.53,82927,153.598494
2023-02-13 17:07:00+00:00,153.59,153.64,153.52,750,153.6299,78996,153.574662
2023-02-13 17:08:00+00:00,153.6558,153.66,153.58,826,153.595,94646,153.623269
2023-02-13 17:09:00+00:00,153.6599,153.72,153.624,992,153.655,140229,153.680973
2023-02-13 17:10:00+00:00,153.75,153.76,153.63,876,153.65,88093,153.706406
2023-02-13 17:11:00+00:00,153.76,153.76,153.69,757,153.75,84498,153.72722
2023-02-13 17:12:00+00:00,153.8355,153.878,153.75,1595,153.765,171013,153.813048
2023-02-13 17:13:00+00:00,153.775,153.83,153.76,742,153.83,86549,153.800374
2023-02-13 17:14:00+00:00,153.83,153.86,153.77,739,153.775,99983,153.826896
2023-02-13 17:15:00+00:00,153.9,153.95,153.8267,1357,153.8267,165751,153.897278
2023-02-13 17:16:00+00:00,153.8974,153.9121,153.82,987,153.9,116004,153.856341
2023-02-13 17:17:00+00:00,153.9301,153.9599,153.86,899,153.8901,108489,153.917527
2023-02-13 17:18:00+00:00,153.945,154.0,153.925,1638,153.935,220757,153.957799
2023-02-13 17:19:00+00:00,153.96,153.99,153.92,870,153.9473,155078,153.962759
2023-02-13 17:20:00+00:00,153.91,153.99,153.86,998,153.96,139016,153.924686
2023-02-13 17:21:00+00:00,153.97,153.9899,153.9,891,153.91,116278,153.948802
2023-02-13 17:22:00+00:00,154.055,154.09,153.965,2405,153.9763,269013,154.024442
2023-02-13 17:23:00+00:00,154.06,154.08,154.0,1265,154.0549,208548,154.033719
2023-02-13 17:24:00+00:00,154.1545,154.17,154.07,1412,154.0701,225794,154.122739
2023-02-13 17:25:00+00:00,154.1301,154.19,154.08,1217,154.158,145777,154.129049
2023-02-13 17:26:00+00:00,154.235,154.24,154.1328,1569,154.135,163300,154.194267
2023-02-13 17:27:00+00:00,154.13,154.26,154.13,1286,154.2399,145920,154.207292
2023-02-13 17:28:00+00:00,153.995,154.145,153.9401,1506,154.1315,215538,154.034564
2023-02-13 17:29:00+00:00,154.0699,154.08,153.99,1201,154.0,165027,154.033027
2023-02-13 17:30:00+00:00,154.035,154.1,154.0173,836,154.07,81610,154.066422
2023-02-13 17:31:00+00:00,154.01,154.12,153.99,901,154.0353,99742,154.048203
2023-02-13 17:32:00+00:00,153.9001,154.03,153.86,1282,154.02,157702,153.927745
2023-02-13 17:33:00+00:00,153.93,153.99,153.9,882,153.905,84966,153.945112
2023-02-13 17:34:00+00:00,153.9933,154.0199,153.9263,837,153.94,79799,153.990252
2023-02-13 17:35:00+00:00,153.94,154.01,153.94,660,153.995,58042,153.969493
2023-02-13 17:36:00+00:00,153.9842,153.9842,153.915,598,153.93,45133,153.952276
2023-02-13 17:37:00+00:00,153.99,154.04,153.9601,886,153.985,72738,154.001482
2023-02-13 17:38:00+00:00,153.97,154.0,153.9,1013,153.99,77839,153.947495
2023-02-13 17:39:00+00:00,154.06,154.06,153.965,850,153.9699,89493,154.017167
2023-02-13 17:40:00+00:00,154.1,154.12,154.0404,1023,154.06,93048,154.083308
2023-02-13 17:41:00+00:00,154.115,154.15,154.09,802,154.11,83004,154.111615
2023-02-13 17:42:00+00:00,154.135,154.1402,154.065,849,154.1125,68118,154.105084
2023-02-13 17:43:00+00:00,154.065,154.15,154.05,879,154.14,89119,154.085372
2023-02-13 17:44:00+00:00,154.165,154.18,154.07,784,154.07,77903,154.14201
2023-02-13 17:45:00+00:00,154.095,154.22,154.08,989,154.155,124485,154.172207
2023-02-13 17:46:00+00:00,154.2101,154.2523,154.1,1495,154.1,135381,154.208281
2023-02-13 17:47:00+00:00,154.165,154.25,154.14,972,154.21,89514,154.187001
2023-02-13 17:48:00+00:00,154.104,154.18,154.07,1032,154.1601,121083,154.125188
2023-02-13 17:49:00+00:00,154.03,154.12,153.99,1044,154.11,108559,154.045699
2023-02-13 17:50:00+00:00,154.0654,154.15,154.0315,705,154.0399,66272,154.079216
2023-02-13 17:51:00+00:00,154.1,154.125,154.02,771,154.0722,84411,154.067252
2023-02-13 17:52:00+00:00,154.07,154.13,154.0125,690,154.1,58331,154.061772
2023-02-13 17:53:00+00:00,154.13,154.1499,154.065,644,154.07,62782,154.111368
2023-02-13 17:54:00+00:00,154.0722,154.15,154.06,673,154.12,100446,154.118785
2023-02-13 17:55:00+00:00,153.99,154.13,153.98,1004,154.075,97582,154.047341
2023-02-13 17:56:00+00:00,153.9101,154.02,153.89,1024,153.99,136914,153.958382
2023-02-13 17:57:00+00:00,153.9371,153.94,153.875,715,153.92,58373,153.912978
2023-02-13 17:58:00+00:00,153.8167,153.9342,153.81,1169,153.93,113538,153.841963
2023-02-13 17:59:00+00:00,153.805,153.8356,153.73,1332,153.815,142401,153.786921
2023-02-13 18:00:00+00:00,153.81,153.87,153.76,1051,153.805,127986,153.803525
2023-02-13 18:01:00+00:00,153.87,153.88,153.81,560,153.815,61691,153.851104
2023-02-13 18:02:00+00:00,153.78,153.93,153.77,909,153.88,111740,153.875498
2023-02-13 18:03:00+00:00,153.7301,153.84,153.73,812,153.7844,103763,153.792081
2023-02-13 18:04:00+00:00,153.7033,153.7799,153.7,772,153.74,99991,153.732838
2023-02-13 18:05:00+00:00,153.67,153.7499,153.66,874,153.71,113190,153.733547
2023-02-13 18:06:00+00:00,153.5789,153.69,153.565,869,153.68,119137,153.639001
2023-02-13 18:07:00+00:00,153.615,153.67,153.58,843,153.58,81365,153.64325
2023-02-13 18:08:00+00:00,153.57,153.67,153.56,665,153.6115,66205,153.61898
2023-02-13 18:09:00+00:00,153.6251,153.63,153.5415,758,153.5699,109820,153.575902
2023-02-13 18:10:00+00:00,153.622,153.67,153.6,714,153.6284,100985,153.631403
2023-02-13 18:11:00+00:00,153.625,153.665,153.595,517,153.62,44860,153.629175
2023-02-13 18:12:00+00:00,153.54,153.65,153.47,1289,153.63,152905,153.553465
2023-02-13 18:13:00+00:00,153.6017,153.628,153.53,812,153.545,102064,153.572207
2023-02-13 18:14:00+00:00,153.55,153.64,153.53,699,153.605,86212,153.584952
2023-02-13 18:15:00+00:00,153.59,153.615,153.535,763,153.5499,102174,153.578682
2023-02-13 18:16:00+00:00,153.554,153.61,153.54,599,153.6,73854,153.569482
2023-02-13 18:17:00+00:00,153.6401,153.7,153.56,1067,153.56,1722817,153.565774
2023-02-13 18:18:00+00:00,153.69,153.69,153.644,729,153.655,63432,153.669121
2023-02-13 18:19:00+00:00,153.725,153.76,153.67,1011,153.69,108789,153.711871
2023-02-13 18:20:00+00:00,153.695,153.74,153.69,657,153.73,59951,153.71077
2023-02-13 18:21:00+00:00,153.775,153.79,153.695,797,153.6999,85076,153.749337
2023-02-13 18:22:00+00:00,153.74,153.78,153.71,675,153.78,43048,153.749963
2023-02-13 18:23:00+00:00,153.74,153.76,153.7,543,153.74,44488,153.730443
2023-02-13 18:24:00+00:00,153.695,153.749,153.6901,567,153.749,37408,153.718399
2023-02-13 18:25:00+00:00,153.868,153.87,153.69,1078,153.7,114922,153.798483
2023-02-13 18:26:00+00:00,153.9112,153.92,153.86,1088,153.86,117024,153.892992
2023-02-13 18:27:00+00:00,153.945,153.985,153.91,919,153.9196,99784,153.943805
2023-02-13 18:28:00+00:00,153.98,154.001,153.94,968,153.94,101657,153.969707
2023-02-13 18:29:00+00:00,153.96,154.02,153.94,761,153.9722,84671,153.979497
2023-02-13 18:30:00+00:00,154.0827,154.1,153.9621,1294,153.965,105923,154.02521
2023-02-13 18:31:00+00:00,154.055,154.11,154.0201,1143,154.08,125666,154.069219
2023-02-13 18:32:00+00:00,154.1459,154.15,154.055,890,154.055,78387,154.110976
2023-02-13 18:33:00+00:00,154.065,154.17,154.06,932,154.13,120163,154.119739
2023-02-13 18:34:00+00:00,154.0401,154.1,154.02,719,154.066,87064,154.071191
2023-02-13 18:35:00+00:00,153.995,154.085,153.9731,812,154.05,73122,154.024485
2023-02-13 18:36:00+00:00,153.995,154.04,153.9801,573,153.9996,46402,154.003543
2023-02-13 18:37:00+00:00,153.9301,154.02,153.87,704,154.0,92766,153.931725
2023-02-13 18:38:00+00:00,153.9275,153.9799,153.915,514,153.935,71669,153.90979
2023-02-13 18:39:00+00:00,153.92,153.97,153.9,676,153.93,91619,153.925535
2023-02-13 18:40:00+00:00,153.88,153.96,153.855,797,153.9263,89867,153.919472
2023-02-13 18:41:00+00:00,153.82,153.8899,153.81,889,153.8843,126263,153.845425
2023-02-13 18:42:00+00:00,153.855,153.89,153.8117,516,153.8118,51927,153.856811
2023-02-13 18:43:00+00:00,153.8572,153.875,153.8155,460,153.8589,43972,153.838429
2023-02-13 18:44:00+00:00,153.756,153.86,153.7501,680,153.86,66148,153.807267
2023-02-13 18:45:00+00:00,153.75,153.79,153.7211,700,153.7502,80484,153.751754
2023-02-13 18:46:00+00:00,153.75,153.82,153.74,662,153.74,66225,153.776179
2023-02-13 18:47:00+00:00,153.77,153.8099,153.74,600,153.745,74264,153.781492
2023-02-13 18:48:00+00:00,153.795,153.83,153.7599,534,153.77,50973,153.798998
2023-02-13 18:49:00+00:00,153.74,153.8,153.7,754,153.795,86007,153.738318
2023-02-13 18:50:00+00:00,153.79,153.81,153.735,688,153.7399,57315,153.772042
2023-02-13 18:51:00+00:00,153.875,153.875,153.78,736,153.794,90329,153.828541
2023-02-13 18:52:00+00:00,153.905,153.97,153.84,736,153.87,85405,153.911145
2023-02-13 18:53:00+00:00,153.86,153.9099,153.81,737,153.905,83271,153.848634
2023-02-13 18:54:00+00:00,153.85,153.87,153.82,596,153.8599,54727,153.840993
2023-02-13 18:55:00+00:00,153.91,153.9569,153.86,619,153.86,63812,153.916591
2023-02-13 18:56:00+00:00,153.955,153.97,153.88,806,153.9171,100562,153.933179
2023-02-13 18:57:00+00:00,153.955,153.965,153.92,576,153.9586,56057,153.944922
2023-02-13 18:58:00+00:00,153.96,153.995,153.93,716,153.96,76048,153.965275
2023-02-13 18:59:00+00:00,153.98,154.0017,153.95,730,153.9699,64292,153.98598
2023-02-13 19:00:00+00:00,153.965,154.02,153.91,696,153.98,71761,153.96334
2023-02-13 19:01:00+00:00,153.95,154.01,153.945,706,153.97,72437,153.978248
2023-02-13 19:02:00+00:00,153.895,153.9684,153.88,527,153.94,34951,153.929941
2023-02-13 19:03:00+00:00,153.8826,153.93,153.84,552,153.89,40341,153.880738
2023-02-13 19:04:00+00:00,153.88,153.9001,153.84,583,153.89,52902,153.872401
2023-02-13 19:05:00+00:00,153.865,153.9084,153.85,647,153.87,63791,153.876273
2023-02-13 19:06:00+00:00,153.89,153.93,153.85,710,153.87,57219,153.883359
2023-02-13 19:07:00+00:00,153.8199,153.9,153.73,999,153.8999,110091,153.805559
2023-02-13 19:08:00+00:00,153.865,153.88,153.815,582,153.815,52784,153.850121
2023-02-13 19:09:00+00:00,153.92,153.9271,153.87,599,153.87,53413,153.902242
2023-02-13 19:10:00+00:00,153.91,153.9473,153.86,744,153.93,77512,153.90843
2023-02-13 19:11:00+00:00,153.8,153.92,153.77,529,153.9121,48350,153.824628
2023-02-13 19:12:00+00:00,153.75,153.82,153.75,633,153.7924,50909,153.786735
2023-02-13 19:13:00+00:00,153.6101,153.746,153.61,789,153.746,70958,153.69108
2023-02-13 19:14:00+00:00,153.64,153.7,153.61,693,153.615,51843,153.658444
2023-02-13 19:15:00+00:00,153.6,153.678,153.57,760,153.6499,75440,153.622819
2023-02-13 19:16:00+00:00,153.594,153.665,153.5901,564,153.61,53669,153.625434
2023-02-13 19:17:00+00:00,153.63,153.6599,153.5801,731,153.6,60422,153.619143
2023-02-13 19:18:00+00:00,153.5299,153.64,153.52,717,153.6299,66796,153.578218
2023-02-13 19:19:00+00:00,153.545,153.5899,153.5299,577,153.5299,60942,153.561686
2023-02-13 19:20:00+00:00,153.575,153.64,153.48,1202,153.5487,151020,153.58559
2023-02-13 19:21:00+00:00,153.595,153.64,153.55,616,153.58,63583,153.589961
2023-02-13 19:22:00+00:00,153.55,153.62,153.54,619,153.59,58552,153.582785
2023-02-13 19:23:00+00:00,153.49,153.54,153.48,584,153.54,56425,153.514908
2023-02-13 19:24:00+00:00,153.555,153.615,153.49,689,153.491,68936,153.569712
2023-02-13 19:25:00+00:00,153.575,153.5999,153.54,563,153.57,104712,153.570999
2023-02-13 19:26:00+00:00,153.495,153.596,153.48,622,153.575,55722,153.53201
2023-02-13 19:27:00+00:00,153.5071,153.55,153.45,759,153.485,92715,153.499314
2023-02-13 19:28:00+00:00,153.395,153.53,153.3888,857,153.505,95453,153.45117
2023-02-13 19:29:00+00:00,153.38,153.47,153.3,1131,153.39,130742,153.391295
2023-02-13 19:30:00+00:00,153.2901,153.4,153.26,771,153.38,109454,153.3122
2023-02-13 19:31:00+00:00,153.2748,153.3281,153.27,858,153.295,82937,153.291996
2023-02-13 19:32:00+00:00,153.235,153.3042,153.22,795,153.28,81549,153.255492
2023-02-13 19:33:00+00:00,153.145,153.245,153.14,1219,153.235,135494,153.185696
2023-02-13 19:34:00+00:00,153.145,153.18,153.07,1206,153.1499,166856,153.115018
2023-02-13 19:35:00+00:00,153.31,153.32,153.11,1151,153.14,132117,153.205862
2023-02-13 19:36:00+00:00,153.34,153.4086,153.29,1105,153.305,129506,153.34688
2023-02-13 19:37:00+00:00,153.235,153.37,153.195,1068,153.34,126492,153.284218
2023-02-13 19:38:00+00:00,153.2,153.24,153.1531,1135,153.239,123445,153.184756
2023-02-13 19:39:00+00:00,153.12,153.2,153.09,720,153.19,73935,153.132981
2023-02-13 19:40:00+00:00,153.07,153.1399,153.025,1012,153.12,104311,153.064719
2023-02-13 19:41:00+00:00,153.0541,153.15,153.0541,802,153.07,72457,153.104894
2023-02-13 19:42:00+00:00,152.97,153.0799,152.9501,1186,153.06,128030,153.016078
2023-02-13 19:43:00+00:00,153.045,153.06,152.955,772,152.9799,88205,153.005925
2023-02-13 19:44:00+00:00,153.0696,153.08,152.95,777,153.045,86719,153.015073
2023-02-13 19:45:00+00:00,153.07,153.1199,153.04,917,153.07,108422,153.074852
2023-02-13 19:46:00+00:00,153.0101,153.13,153.0014,704,153.07,75435,153.064924
2023-02-13 19:47:00+00:00,152.9215,153.02,152.83,1337,153.02,182914,152.917881
2023-02-13 19:48:00+00:00,152.8518,152.94,152.83,973,152.92,88186,152.883648
2023-02-13 19:49:00+00:00,152.82,152.87,152.79,1237,152.85,116147,152.829285
2023-02-13 19:50:00+00:00,152.855,152.8669,152.76,921,152.81,82924,152.815911
2023-02-13 19:51:00+00:00,152.97,152.97,152.855,751,152.87,67359,152.894898
2023-02-13 19:52:00+00:00,153.0579,153.06,152.9403,756,152.965,99500,152.990892
2023-02-13 19:53:00+00:00,153.0627,153.1,153.01,802,153.0533,74725,153.05735
2023-02-13 19:54:00+00:00,153.0,153.1,153.0,727,153.07,72258,153.050556
2023-02-13 19:55:00+00:00,152.99,153.0599,152.925,810,153.0,77707,152.981419
2023-02-13 19:56:00+00:00,152.95,153.0002,152.91,685,152.985,68058,152.947997
2023-02-13 19:57:00+00:00,152.95,152.99,152.91,613,152.955,71408,152.956496
2023-02-13 19:58:00+00:00,152.945,153.02,152.93,656,152.95,61644,152.984635
2023-02-13 19:59:00+00:00,153.07,153.08,152.9511,667,152.9539,87612,153.0258
2023-02-13 20:00:00+00:00,152.874,153.07,152.84,1221,153.07,149699,152.960117
2023-02-13 20:01:00+00:00,152.8,152.87,152.785,908,152.87,139374,152.818895
2023-02-13 20:02:00+00:00,152.85,152.87,152.76,1080,152.81,158916,152.813866
2023-02-13 20:03:00+00:00,152.96,152.98,152.82,962,152.8401,138845,152.902984
2023-02-13 20:04:00+00:00,153.01,153.045,152.96,1048,152.9662,127171,153.007292
2023-02-13 20:05:00+00:00,153.076,153.13,153.0,1166,153.005,134630,153.083884
2023-02-13 20:06:00+00:00,153.183,153.2,153.01,993,153.08,106248,153.103566
2023-02-13 20:07:00+00:00,153.171,153.1999,153.111,819,153.18,106739,153.158819
2023-02-13 20:08:00+00:00,153.17,153.2399,153.16,816,153.17,111765,153.199986
2023-02-13 20:09:00+00:00,153.22,153.24,153.18,768,153.18,81875,153.219261
2023-02-13 20:10:00+00:00,153.3,153.32,153.2,1017,153.225,144672,153.276379
2023-02-13 20:11:00+00:00,153.31,153.3239,153.22,848,153.2901,109827,153.267005
2023-02-13 20:12:00+00:00,153.2999,153.34,153.27,737,153.3141,95173,153.307962
2023-02-13 20:13:00+00:00,153.2696,153.32,153.24,891,153.2954,112562,153.27889
2023-02-13 20:14:00+00:00,153.2994,153.35,153.26,782,153.27,112486,153.295659
2023-02-13 20:15:00+00:00,153.305,153.35,153.26,893,153.295,94476,153.314466
2023-02-13 20:16:00+00:00,153.28,153.34,153.25,876,153.3,80686,153.291646
2023-02-13 20:17:00+00:00,153.295,153.3,153.21,838,153.28,90947,153.25059
2023-02-13 20:18:00+00:00,153.35,153.38,153.26,947,153.2993,94731,153.332429
2023-02-13 20:19:00+00:00,153.425,153.43,153.335,904,153.342,95997,153.393546
2023-02-13 20:20:00+00:00,153.355,153.425,153.35,779,153.425,83241,153.384161
2023-02-13 20:21:00+00:00,153.4526,153.47,153.345,1151,153.36,146466,153.425731
2023-02-13 20:22:00+00:00,153.485,153.495,153.4,1193,153.4519,144280,153.440953
2023-02-13 20:23:00+00:00,153.44,153.4896,153.4,842,153.4896,105741,153.433163
2023-02-13 20:24:00+00:00,153.455,153.47,153.42,888,153.43,85782,153.443393
2023-02-13 20:25:00+00:00,153.53,153.53,153.46,1124,153.46,128115,153.498421
2023-02-13 20:26:00+00:00,153.5118,153.53,153.45,1078,153.52,119549,153.49289
2023-02-13 20:27:00+00:00,153.53,153.55,153.4915,1256,153.515,158701,153.523248
2023-02-13 20:28:00+00:00,153.57,153.5901,153.51,1314,153.52,142200,153.556963
2023-02-13 20:29:00+00:00,153.6315,153.64,153.54,1390,153.565,197908,153.596738
2023-02-13 20:30:00+00:00,153.6295,153.66,153.59,1382,153.6302,173325,153.627356
2023-02-13 20:31:00+00:00,153.7,153.78,153.62,1888,153.625,223408,153.711167
2023-02-13 20:32:00+00:00,153.8,153.8,153.7,1729,153.71,176850,153.756025
2023-02-13 20:33:00+00:00,153.81,153.84,153.77,1918,153.795,223088,153.800795
2023-02-13 20:34:00+00:00,153.84,153.87,153.76,1368,153.7985,158897,153.82251
2023-02-13 20:35:00+00:00,153.81,153.85,153.77,1367,153.85,144516,153.807628
2023-02-13 20:36:00+00:00,153.86,153.86,153.78,1266,153.805,134539,153.815746
2023-02-13 20:37:00+00:00,153.87,153.88,153.83,1112,153.8579,133059,153.858432
2023-02-13 20:38:00+00:00,153.8759,153.9,153.865,1174,153.876,172687,153.883872
2023-02-13 20:39:00+00:00,153.93,153.97,153.87,1788,153.875,212463,153.91573
2023-02-13 20:40:00+00:00,153.92,153.9405,153.89,1376,153.93,181342,153.916195
2023-02-13 20:41:00+00:00,153.97,153.98,153.91,1407,153.915,169316,153.941988
2023-02-13 20:42:00+00:00,153.85,153.975,153.85,1269,153.971,154626,153.899957
2023-02-13 20:43:00+00:00,153.72,153.92,153.72,2193,153.855,321509,153.830267
2023-02-13 20:44:00+00:00,153.81,153.85,153.72,1673,153.73,190874,153.785034
2023-02-13 20:45:00+00:00,153.7501,153.83,153.71,1796,153.79,179833,153.783443
2023-02-13 20:46:00+00:00,153.8,153.83,153.73,1467,153.755,157729,153.780911
2023-02-13 20:47:00+00:00,153.7696,153.8099,153.73,1465,153.804,136317,153.765562
2023-02-13 20:48:00+00:00,153.8701,153.89,153.78,1752,153.78,183540,153.828345
2023-02-13 20:49:00+00:00,153.92,153.98,153.87,1868,153.88,233017,153.918099
2023-02-13 20:50:00+00:00,153.63,153.91,153.5901,3799,153.91,441220,153.699247
2023-02-13 20:51:00+00:00,153.545,153.64,153.45,2650,153.625,265207,153.541541
2023-02-13 20:52:00+00:00,153.56,153.65,153.49,2272,153.55,203470,153.564761
2023-02-13 20:53:00+00:00,153.58,153.585,153.46,2219,153.56,224854,153.526059
2023-02-13 20:54:00+00:00,153.6,153.76,153.56,3389,153.58,312160,153.637508
2023-02-13 20:55:00+00:00,153.64,153.795,153.565,4292,153.61,445623,153.662674
2023-02-13 20:56:00+00:00,153.57,153.72,153.57,2223,153.63,204564,153.649102
2023-02-13 20:57:00+00:00,153.655,153.68,153.5646,2813,153.575,274363,153.616221
2023-02-13 20:58:00+00:00,153.6484,153.675,153.57,2736,153.6501,456989,153.620267
2023-02-13 20:59:00+00:00,153.84,153.86,153.645,6806,153.645,796919,153.741537
2023-02-13 21:00:00+00:00,153.75,153.85,153.75,282,153.84,16401479,153.84992
2023-02-13 21:01:00+00:00,153.71,153.85,153.71,212,153.78,1197601,153.847391
2023-02-13 21:02:00+00:00,153.68,153.72,153.68,58,153.71,4833,153.701809
2023-02-13 21:03:00+00:00,153.69,153.74,153.66,64,153.68,5645,153.687657
2023-02-13 21:04:00+00:00,153.75,153.75,153.68,83,153.68,7755,153.738995
2023-02-13 21:05:00+00:00,153.78,153.78,153.74,43,153.75,2715,153.75813
2023-02-13 21:06:00+00:00,153.78,153.78,153.76,34,153.76,84629,153.848531
2023-02-13 21:07:00+00:00,153.76,153.8,153.76,32,153.79,2196,153.783944
2023-02-13 21:09:00+00:00,153.85,153.85,153.78,60,153.78,133267,153.849009
2023-02-13 21:10:00+00:00,153.79,153.85,153.78,39,153.8,15286,153.843106
2023-02-13 21:11:00+00:00,153.85,153.85,153.85,25,153.85,22243,153.849837
2023-02-13 21:12:00+00:00,153.75,153.8,153.75,52,153.8,2079,153.771768
2023-02-13 21:13:00+00:00,153.75,153.76,153.75,28,153.75,728,153.753118
2023-02-13 21:14:00+00:00,153.8,153.8,153.7527,41,153.7527,1944,153.785208
2023-02-13 21:15:00+00:00,153.76,153.78,153.76,54,153.78,1066,153.772326
2023-02-13 21:17:00+00:00,153.7501,153.76,153.75,39,153.76,1488,153.759724
2023-02-13 21:18:00+00:00,153.76,153.77,153.75,36,153.75,1653,153.757128
2023-02-13 21:19:00+00:00,153.76,153.76,153.76,20,153.76,681,153.757482
2023-02-13 21:20:00+00:00,153.76,153.8,153.75,88,153.77,7581,153.779152
2023-02-13 21:21:00+00:00,153.8,153.8,153.8,39,153.8,1051,153.785838
2023-02-13 21:22:00+00:00,153.76,153.77,153.76,19,153.77,1864,153.760628
2023-02-13 21:23:00+00:00,153.78,153.81,153.78,48,153.79,1592,153.791947
2023-02-13 21:25:00+00:00,153.78,153.79,153.78,26,153.79,430,153.78257
2023-02-13 21:27:00+00:00,153.78,153.78,153.78,21,153.78,703,153.780996
2023-02-13 21:28:00+00:00,153.8,153.8,153.7999,25,153.7999,1451,153.798987
2023-02-13 21:29:00+00:00,153.85,153.85,153.81,52,153.81,17604,153.848164
2023-02-13 21:31:00+00:00,153.8,153.8,153.75,55,153.78,4396,153.759246
2023-02-13 21:32:00+00:00,153.75,153.77,153.75,13,153.77,364,153.754519
2023-02-13 21:33:00+00:00,153.71,153.74,153.71,38,153.74,1725,153.741677
2023-02-13 21:34:00+00:00,153.71,153.71,153.71,18,153.71,385,153.719117
2023-02-13 21:35:00+00:00,153.71,153.71,153.71,30,153.71,815,153.725031
2023-02-13 21:36:00+00:00,153.7145,153.7145,153.7145,5,153.7145,404,153.714749
2023-02-13 21:39:00+00:00,153.85,153.85,153.85,10,153.85,24300,153.849955
2023-02-13 21:40:00+00:00,153.78,153.78,153.78,13,153.78,227,153.779427
2023-02-13 21:42:00+00:00,153.78,153.78,153.78,14,153.78,578,153.781332
2023-02-13 21:44:00+00:00,153.74,153.74,153.74,20,153.74,1296,153.740422
2023-02-13 21:45:00+00:00,153.8,153.8,153.72,48,153.72,2284,153.758946
2023-02-13 21:46:00+00:00,153.79,153.8,153.79,25,153.79,2750,153.790189
2023-02-13 21:47:00+00:00,153.81,153.81,153.8,22,153.8,659,153.800827
2023-02-13 21:48:00+00:00,153.81,153.81,153.79,22,153.79,822,153.796847
2023-02-13 21:49:00+00:00,153.78,153.78,153.78,18,153.78,357,153.780789
2023-02-13 21:54:00+00:00,153.76,153.76,153.76,17,153.76,142,153.76081
2023-02-13 21:56:00+00:00,153.75,153.75,153.75,22,153.75,1047,153.750735
2023-02-13 21:58:00+00:00,153.74,153.74,153.72,49,153.73,8030,153.099765
2023-02-13 21:59:00+00:00,153.71,153.72,153.71,26,153.72,854,153.716046
2023-02-13 22:00:00+00:00,153.73,153.74,153.71,32,153.74,3027,153.725357
2023-02-13 22:01:00+00:00,153.7578,153.7578,153.73,15,153.73,467,153.743244
2023-02-13 22:02:00+00:00,153.78,153.78,153.72,40,153.72,1138,153.749706
2023-02-13 22:04:00+00:00,153.73,153.74,153.73,18,153.74,630,153.744111
2023-02-13 22:06:00+00:00,153.77,153.77,153.77,12,153.77,570,153.768009
2023-02-13 22:07:00+00:00,153.76,153.76,153.76,16,153.76,243,153.756831
2023-02-13 22:09:00+00:00,153.77,153.78,153.74,28,153.74,426,153.763799
2023-02-13 22:11:00+00:00,153.7524,153.7524,153.7524,16,153.7524,294,153.75595
2023-02-13 22:12:00+00:00,153.79,153.79,153.76,29,153.76,887,153.776845
2023-02-13 22:13:00+00:00,153.8,153.8,153.8,13,153.8,1740,153.800006
2023-02-13 22:14:00+00:00,153.88,153.88,153.8,84,153.8,4039,153.850024
2023-02-13 22:15:00+00:00,153.81,153.88,153.81,33,153.87,6394,153.869959
2023-02-13 22:16:00+00:00,153.8,153.84,153.8,7,153.82,1619,153.835062
2023-02-13 22:17:00+00:00,153.8,153.8,153.8,10,153.8,122,153.79925
2023-02-13 22:18:00+00:00,153.8104,153.8104,153.79,22,153.79,617,153.792892
2023-02-13 22:20:00+00:00,153.7577,153.7577,153.7577,16,153.7577,224,153.755699
2023-02-13 22:21:00+00:00,153.77,153.77,153.77,7,153.77,294,153.771718
2023-02-13 22:22:00+00:00,153.77,153.77,153.76,40,153.76,906,153.762263
2023-02-13 22:26:00+00:00,153.83,153.83,153.78,98,153.78,1030,153.799088
2023-02-13 22:27:00+00:00,153.85,153.85,153.85,9,153.85,160143,153.849942
2023-02-13 22:28:00+00:00,153.8,153.8,153.8,35,153.8,405,153.799522
2023-02-13 22:29:00+00:00,153.7626,153.7626,153.7626,10,153.7626,433,153.77067
2023-02-13 22:33:00+00:00,153.8,153.84,153.8,7,153.84,2267,153.837071
2023-02-13 22:36:00+00:00,153.8261,153.8261,153.7835,9,153.7835,351,153.806595
2023-02-13 22:41:00+00:00,153.81,153.81,153.81,20,153.81,145,153.810759
2023-02-13 22:42:00+00:00,153.82,153.83,153.8116,18,153.8116,1380,153.815936
2023-02-13 22:43:00+00:00,153.7781,153.7781,153.7781,8,153.7781,609,153.782833
2023-02-13 22:44:00+00:00,153.76,153.77,153.76,20,153.77,1041,153.765797
2023-02-13 22:45:00+00:00,153.81,153.81,153.8064,11,153.8064,673,153.806783
2023-02-13 22:46:00+00:00,153.76,153.76,153.76,15,153.76,390,153.761423
2023-02-13 22:47:00+00:00,153.81,153.81,153.76,19,153.8,911,153.789363
2023-02-13 22:48:00+00:00,153.8,153.83,153.8,18,153.8,680,153.81684
2023-02-13 22:49:00+00:00,153.81,153.89,153.81,53,153.84,6698,153.850084
2023-02-13 22:50:00+00:00,153.76,153.76,153.76,16,153.76,237,153.779016
2023-02-13 22:54:00+00:00,153.85,153.85,153.85,11,153.85,513,153.84847
2023-02-13 22:57:00+00:00,153.8,153.8,153.8,3,153.8,238,153.80042
2023-02-13 22:58:00+00:00,153.83,153.83,153.83,11,153.83,366,153.825396
2023-02-13 22:59:00+00:00,153.8,153.83,153.8,10,153.83,3674,153.802304
2023-02-13 23:00:00+00:00,153.8,153.83,153.75,35,153.83,3742,153.776928
2023-02-13 23:06:00+00:00,153.79,153.79,153.76,15,153.76,1530,153.783918
2023-02-13 23:07:00+00:00,153.75,153.76,153.75,15,153.76,1136,153.753248
2023-02-13 23:08:00+00:00,153.76,153.76,153.76,13,153.76,286,153.761399
2023-02-13 23:11:00+00:00,153.77,153.77,153.77,11,153.77,227,153.772357
2023-02-13 23:14:00+00:00,153.77,153.77,153.77,12,153.77,570,153.772035
2023-02-13 23:18:00+00:00,153.76,153.76,153.76,10,153.76,119,153.760126
2023-02-13 23:19:00+00:00,153.76,153.76,153.76,16,153.76,249,153.76496
2023-02-13 23:20:00+00:00,153.8,153.8,153.8,5,153.8,801,153.798708
2023-02-13 23:22:00+00:00,153.84,153.84,153.8,27,153.8,1062,153.80952
2023-02-13 23:23:00+00:00,153.76,153.76,153.76,15,153.76,343,153.785714
2023-02-13 23:25:00+00:00,153.8,153.8,153.8,15,153.8,573,153.790532
2023-02-13 23:30:00+00:00,153.8,153.8,153.76,15,153.76,618,153.777209
2023-02-13 23:31:00+00:00,153.8,153.8,153.8,12,153.8,315,153.803063
2023-02-13 23:33:00+00:00,153.77,153.77,153.77,8,153.77,326,153.771933
2023-02-13 23:35:00+00:00,153.78,153.78,153.78,8,153.78,329,153.7769
2023-02-13 23:36:00+00:00,153.76,153.76,153.76,9,153.76,523,153.761702
2023-02-13 23:38:00+00:00,153.7,153.76,153.7,30,153.76,1693,153.72876
2023-02-13 23:39:00+00:00,153.7,153.7,153.7,17,153.7,1163,153.697882
2023-02-13 23:40:00+00:00,153.67,153.67,153.67,7,153.67,386,153.672021
2023-02-13 23:42:00+00:00,153.66,153.67,153.66,8,153.67,412,153.664903
2023-02-13 23:43:00+00:00,153.63,153.67,153.63,11,153.66,997,153.647954
2023-02-13 23:44:00+00:00,153.68,153.68,153.66,20,153.68,1135,153.673912
2023-02-13 23:49:00+00:00,153.7,153.7,153.7,15,153.7,1064,153.69891
2023-02-13 23:50:00+00:00,153.7,153.7,153.7,5,153.7,170,153.699324
2023-02-13 23:54:00+00:00,153.7,153.7,153.7,15,153.7,328,153.699573
2023-02-13 23:55:00+00:00,153.68,153.71,153.68,23,153.69,3546,153.702696
2023-02-13 23:58:00+00:00,153.7,153.7,153.7,12,153.7,154,153.694026
2023-02-13 23:59:00+00:00,153.71,153.71,153.71,12,153.71,1181,153.708776
2023-02-14 00:00:00+00:00,153.69,153.7,153.69,14,153.7,425,153.692965
2023-02-14 00:01:00+00:00,153.7,153.7,153.7,8,153.7,255,153.677216
2023-02-14 00:02:00+00:00,153.66,153.66,153.66,7,153.66,124,153.660968
2023-02-14 00:03:00+00:00,153.67,153.67,153.67,10,153.67,185,153.671108
2023-02-14 00:04:00+00:00,153.67,153.67,153.67,9,153.67,4986,153.669994
2023-02-14 00:05:00+00:00,153.66,153.67,153.66,11,153.67,1025,153.666498
2023-02-14 00:06:00+00:00,153.68,153.68,153.66,23,153.66,3986,153.675617
2023-02-14 00:07:00+00:00,153.67,153.67,153.67,14,153.67,131,153.670382
2023-02-14 00:08:00+00:00,153.66,153.67,153.66,11,153.67,540,153.66338
2023-02-14 00:10:00+00:00,153.67,153.67,153.66,12,153.66,898,153.661759
2023-02-14 00:11:00+00:00,153.67,153.67,153.67,6,153.67,229,153.669432
2023-02-14 00:18:00+00:00,153.6101,153.65,153.6101,23,153.65,3461,153.62171
2023-02-14 00:19:00+00:00,153.6101,153.6101,153.6101,11,153.6101,808,153.617475
2023-02-14 00:20:00+00:00,153.6201,153.6201,153.6201,11,153.6201,525,153.620248
2023-02-14 00:21:00+00:00,153.64,153.64,153.64,19,153.64,735,153.639667
2023-02-14 00:25:00+00:00,153.6301,153.6301,153.6301,10,153.6301,1029,153.630544
2023-02-14 00:26:00+00:00,153.65,153.65,153.65,10,153.65,1557,153.650006
2023-02-14 00:29:00+00:00,153.65,153.65,153.65,8,153.65,161,153.650683
2023-02-14 00:30:00+00:00,153.65,153.66,153.65,15,153.66,728,153.652775
2023-02-14 00:31:00+00:00,153.65,153.65,153.65,13,153.65,1334,153.650424
2023-02-14 00:32:00+00:00,153.65,153.66,153.65,21,153.65,4520,153.650872
2023-02-14 00:34:00+00:00,153.65,153.65,153.65,9,153.65,403,153.649367
2023-02-14 00:35:00+00:00,153.66,153.66,153.65,7,153.65,244,153.654098
2023-02-14 00:36:00+00:00,153.65,153.65,153.65,13,153.65,154,153.647532
2023-02-14 00:37:00+00:00,153.66,153.66,153.65,14,153.65,5935,153.65965
2023-02-14 00:38:00+00:00,153.66,153.66,153.66,10,153.66,613,153.660073
2023-02-14 00:40:00+00:00,153.66,153.66,153.65,10,153.65,1152,153.656788
2023-02-14 00:42:00+00:00,153.65,153.65,153.65,23,153.65,533,153.642308
2023-02-14 00:44:00+00:00,153.67,153.67,153.67,7,153.67,398,153.668442
2023-02-14 00:46:00+00:00,153.63,153.65,153.63,20,153.65,613,153.635799
2023-02-14 00:47:00+00:00,153.65,153.65,153.62,10,153.62,469,153.637079
2023-02-14 00:48:00+00:00,153.61,153.64,153.61,19,153.63,1944,153.623022
2023-02-14 00:49:00+00:00,153.63,153.63,153.63,17,153.63,540,153.631981
2023-02-14 00:50:00+00:00,153.64,153.64,153.64,3,153.64,350,153.637429
2023-02-14 00:53:00+00:00,153.66,153.67,153.66,25,153.67,2624,153.667083
2023-02-14 00:54:00+00:00,153.66,153.66,153.66,18,153.66,1717,153.660649
2023-02-14 00:56:00+00:00,153.69,153.7,153.65,24,153.66,1581,153.666328
2023-02-14 00:57:00+00:00,153.64,153.64,153.64,16,153.64,971,153.639712
2023-02-14 00:58:00+00:00,153.64,153.64,153.63,20,153.64,1319,153.636789
2023-02-14 00:59:00+00:00,153.7,153.7,153.6,39,153.63,3970,153.616671
