timestamp,close,high,low,trade_count,open,volume,vwap
2023-01-24 00:00:00+00:00,141.02,141.03,141.02,11,141.03,479,141.026921
2023-01-24 00:02:00+00:00,141.04,141.04,141.04,17,141.04,218,141.043028
2023-01-24 00:04:00+00:00,141.05,141.05,141.05,15,141.05,537,141.051844
2023-01-24 00:08:00+00:00,141.04,141.04,141.04,15,141.04,616,141.038231
2023-01-24 00:09:00+00:00,141.04,141.04,141.04,10,141.04,304,141.0425
2023-01-24 00:10:00+00:00,141.04,141.04,141.04,11,141.04,274,141.040328
2023-01-24 00:13:00+00:00,141.03,141.03,141.03,13,141.03,260,141.029808
2023-01-24 00:15:00+00:00,141.02,141.02,141.02,21,141.02,388,141.023196
2023-01-24 00:16:00+00:00,141.01,141.04,141.01,15,141.04,510,141.026333
2023-01-24 00:17:00+00:00,141.0,141.07,141.0,25,141.02,2201,141.025429
2023-01-24 00:18:00+00:00,141.07,141.07,141.06,17,141.06,457,141.063162
2023-01-24 00:19:00+00:00,141.07,141.12,141.07,34,141.08,1678,141.098042
2023-01-24 00:20:00+00:00,141.12,141.12,141.11,22,141.11,1901,141.115571
2023-01-24 00:21:00+00:00,141.13,141.13,141.07,36,141.12,2718,141.11658
2023-01-24 00:22:00+00:00,141.11,141.12,141.1,29,141.12,994,141.103949
2023-01-24 00:23:00+00:00,141.1,141.1,141.1,12,141.1,361,141.122258
2023-01-24 00:24:00+00:00,141.1,141.1001,141.1,15,141.1001,728,141.100831
2023-01-24 00:29:00+00:00,141.1,141.1,141.1,13,141.1,540,141.09988
2023-01-24 00:31:00+00:00,141.09,141.1,141.09,41,141.1,334,141.09512
2023-01-24 00:32:00+00:00,141.1,141.1,141.1,9,141.1,611,141.099885
2023-01-24 00:38:00+00:00,141.1,141.1,141.1,11,141.1,225,141.097022
2023-01-24 00:39:00+00:00,141.1,141.1,141.1,44,141.1,975,141.098649
2023-01-24 00:41:00+00:00,141.13,141.13,141.08,17,141.1,705,141.10995
2023-01-24 00:42:00+00:00,141.08,141.11,141.08,24,141.11,833,141.08943
2023-01-24 00:45:00+00:00,141.11,141.11,141.11,12,141.11,354,141.108093
2023-01-24 00:47:00+00:00,141.11,141.11,141.11,14,141.11,182,141.107555
2023-01-24 00:49:00+00:00,141.09,141.09,141.09,11,141.09,205,141.092098
2023-01-24 00:50:00+00:00,141.09,141.09,141.09,18,141.09,1310,141.093458
2023-01-24 00:51:00+00:00,141.09,141.09,141.09,42,141.09,612,141.089379
2023-01-24 00:52:00+00:00,141.08,141.08,141.08,14,141.08,835,141.080114
2023-01-24 00:53:00+00:00,141.09,141.09,141.09,20,141.09,336,141.088467
2023-01-24 00:54:00+00:00,141.09,141.09,141.09,16,141.09,426,141.088697
2023-01-24 00:55:00+00:00,141.09,141.1,141.09,19,141.0999,2297,141.096532
2023-01-24 00:56:00+00:00,141.1,141.11,141.1,12,141.11,1227,141.101323
2023-01-24 00:57:00+00:00,141.11,141.11,141.11,18,141.11,1348,141.106814
2023-01-24 00:58:00+00:00,141.08,141.08,141.08,16,141.08,485,141.076825
2023-01-24 00:59:00+00:00,141.11,141.11,141.06,31,141.1,2108,141.089293
2023-01-24 09:00:00+00:00,141.15,141.21,141.15,64,141.21,2260,141.198624
2023-01-24 09:01:00+00:00,141.05,141.11,141.05,52,141.11,764,141.088429
2023-01-24 09:04:00+00:00,141.01,141.01,141.01,36,141.01,695,141.030763
2023-01-24 09:05:00+00:00,141.06,141.06,141.06,32,141.06,677,141.046145
2023-01-24 09:06:00+00:00,141.08,141.08,141.08,12,141.08,387,141.087416
2023-01-24 09:07:00+00:00,141.12,141.12,141.1,18,141.1,559,141.116494
2023-01-24 09:08:00+00:00,141.18,141.18,141.13,17,141.13,989,141.161426
2023-01-24 09:09:00+00:00,141.17,141.17,141.17,39,141.17,856,141.185
2023-01-24 09:11:00+00:00,141.08,141.08,141.08,6,141.08,293,141.080546
2023-01-24 09:14:00+00:00,141.09,141.09,141.08,12,141.08,1007,141.087358
2023-01-24 09:20:00+00:00,141.07,141.07,141.07,10,141.07,246,141.072114
2023-01-24 09:25:00+00:00,141.0,141.0,141.0,75,141.0,2388,140.989686
2023-01-24 09:29:00+00:00,140.92,140.92,140.92,25,140.92,670,140.916806
2023-01-24 09:32:00+00:00,140.88,140.88,140.88,25,140.88,1247,140.878164
2023-01-24 09:36:00+00:00,140.88,140.88,140.88,9,140.88,469,140.873774
2023-01-24 09:37:00+00:00,140.6,140.86,140.6,65,140.86,3522,140.775179
2023-01-24 09:40:00+00:00,140.75,140.79,140.75,25,140.79,1181,140.768527
2023-01-24 09:41:00+00:00,140.8,140.8,140.72,41,140.72,1741,140.784164
2023-01-24 09:42:00+00:00,140.77,140.81,140.77,24,140.81,1240,140.793315
2023-01-24 09:43:00+00:00,140.77,140.77,140.77,10,140.77,509,140.769568
2023-01-24 09:45:00+00:00,140.77,140.8,140.77,21,140.8,654,140.798716
2023-01-24 09:46:00+00:00,140.85,140.85,140.85,28,140.85,679,140.863667
2023-01-24 09:47:00+00:00,140.89,140.89,140.89,17,140.89,431,140.876195
2023-01-24 09:48:00+00:00,140.9,140.9,140.9,5,140.9,248,140.9
2023-01-24 09:49:00+00:00,140.96,140.96,140.81,44,140.82,1684,140.872494
2023-01-24 09:50:00+00:00,140.99,141.0,140.99,42,141.0,887,140.96761
2023-01-24 09:52:00+00:00,140.95,140.97,140.95,44,140.96,3567,140.956047
2023-01-24 09:54:00+00:00,140.95,140.97,140.95,13,140.97,812,140.963424
2023-01-24 09:55:00+00:00,140.97,140.97,140.89,41,140.9,1790,140.932933
2023-01-24 09:57:00+00:00,141.05,141.05,140.97,26,140.97,1101,141.013579
2023-01-24 09:58:00+00:00,141.11,141.11,141.09,20,141.09,980,141.098143
2023-01-24 10:00:00+00:00,141.1,141.1,141.1,28,141.1,1005,141.098557
2023-01-24 10:01:00+00:00,141.15,141.15,141.11,23,141.11,922,141.13038
2023-01-24 10:02:00+00:00,141.17,141.17,141.16,18,141.16,558,141.162384
2023-01-24 10:03:00+00:00,141.06,141.14,141.06,24,141.14,504,141.123929
2023-01-24 10:04:00+00:00,141.14,141.14,141.14,7,141.14,175,141.139486
2023-01-24 10:05:00+00:00,141.14,141.14,141.14,15,141.14,186,141.137097
2023-01-24 10:06:00+00:00,141.08,141.12,141.08,17,141.1,894,141.102875
2023-01-24 10:09:00+00:00,141.07,141.07,141.07,26,141.07,998,141.077685
2023-01-24 10:10:00+00:00,141.1,141.1,141.1,2,141.1,101,141.099901
2023-01-24 10:11:00+00:00,141.06,141.06,141.06,5,141.06,514,141.060817
2023-01-24 10:12:00+00:00,141.05,141.05,141.05,17,141.05,765,141.049908
2023-01-24 10:13:00+00:00,141.0,141.01,141.0,35,141.01,1698,141.000471
2023-01-24 10:15:00+00:00,141.07,141.07,141.04,23,141.04,1307,141.062609
2023-01-24 10:16:00+00:00,141.01,141.01,141.0,24,141.01,1089,141.009605
2023-01-24 10:18:00+00:00,140.91,140.94,140.91,40,140.94,1509,140.927932
2023-01-24 10:19:00+00:00,140.95,140.95,140.95,17,140.95,460,140.954087
2023-01-24 10:21:00+00:00,140.95,140.95,140.95,10,140.95,448,140.948929
2023-01-24 10:22:00+00:00,140.84,140.91,140.84,57,140.91,2991,140.873149
2023-01-24 10:24:00+00:00,140.92,140.92,140.92,9,140.92,141,140.919291
2023-01-24 10:25:00+00:00,140.88,140.88,140.88,18,140.88,364,140.896868
2023-01-24 10:29:00+00:00,140.9,140.9,140.9,4,140.9,128,140.899688
2023-01-24 10:32:00+00:00,140.95,140.95,140.95,20,140.95,743,140.949085
2023-01-24 10:33:00+00:00,140.9,140.95,140.9,32,140.95,596,140.915034
2023-01-24 10:34:00+00:00,140.89,140.89,140.89,6,140.89,241,140.888257
2023-01-24 10:37:00+00:00,140.9,140.95,140.89,37,140.89,1311,140.912944
2023-01-24 10:39:00+00:00,140.89,140.89,140.89,22,140.89,628,140.936354
2023-01-24 10:40:00+00:00,141.0,141.0,141.0,10,141.0,513,140.972846
2023-01-24 10:41:00+00:00,141.07,141.07,141.07,9,141.07,284,141.056761
2023-01-24 10:46:00+00:00,140.97,140.97,140.97,3,140.97,201,140.970299
2023-01-24 10:48:00+00:00,140.98,141.02,140.98,15,141.02,492,140.994817
2023-01-24 10:50:00+00:00,140.97,140.97,140.96,13,140.96,546,140.970421
2023-01-24 10:54:00+00:00,141.04,141.04,141.04,6,141.04,195,141.03959
2023-01-24 10:55:00+00:00,141.0,141.0,141.0,11,141.0,468,140.999957
2023-01-24 11:02:00+00:00,140.96,140.96,140.96,6,140.96,229,140.96
2023-01-24 11:05:00+00:00,140.86,140.86,140.86,37,140.86,728,140.874725
2023-01-24 11:06:00+00:00,140.77,140.77,140.76,55,140.76,1456,140.821854
2023-01-24 11:10:00+00:00,140.7,140.8,140.7,53,140.79,3144,140.739017
2023-01-24 11:15:00+00:00,140.72,140.72,140.7,21,140.72,1022,140.717847
2023-01-24 11:23:00+00:00,140.71,140.71,140.71,12,140.71,484,140.708058
2023-01-24 11:24:00+00:00,140.78,140.78,140.78,15,140.78,319,140.779373
2023-01-24 11:36:00+00:00,140.74,140.74,140.74,13,140.74,815,140.746577
2023-01-24 11:39:00+00:00,140.8,140.8,140.79,10,140.79,487,140.790883
2023-01-24 11:45:00+00:00,140.71,140.72,140.71,27,140.72,895,140.718145
2023-01-24 11:49:00+00:00,140.6,140.64,140.6,22,140.64,717,140.61537
2023-01-24 11:52:00+00:00,140.6,140.6,140.6,36,140.6,3852,140.600055
2023-01-24 11:53:00+00:00,140.56,140.57,140.56,24,140.57,1161,140.563626
2023-01-24 11:54:00+00:00,140.5,140.51,140.5,68,140.51,1063,140.505089
2023-01-24 11:57:00+00:00,140.5,140.5,140.5,5,140.5,118,140.494915
2023-01-24 12:00:00+00:00,140.55,140.65,140.5,164,140.5,11430,140.574615
2023-01-24 12:01:00+00:00,140.53,140.55,140.53,36,140.54,1368,140.537909
2023-01-24 12:02:00+00:00,140.5,140.55,140.5,120,140.5,8400,140.519186
2023-01-24 12:03:00+00:00,140.43,140.45,140.43,54,140.43,1647,140.451111
2023-01-24 12:04:00+00:00,140.39,140.43,140.39,61,140.43,1670,140.400048
2023-01-24 12:05:00+00:00,140.38,140.38,140.36,30,140.37,1062,140.371121
2023-01-24 12:07:00+00:00,140.45,140.45,140.45,13,140.45,275,140.443818
2023-01-24 12:08:00+00:00,140.45,140.45,140.45,32,140.45,966,140.457516
2023-01-24 12:09:00+00:00,140.44,140.45,140.4,31,140.45,3488,140.445482
2023-01-24 12:11:00+00:00,140.4,140.44,140.4,50,140.44,1941,140.416955
2023-01-24 12:12:00+00:00,140.43,140.43,140.43,29,140.43,1054,140.426186
2023-01-24 12:13:00+00:00,140.4,140.4,140.4,43,140.4,1865,140.398649
2023-01-24 12:14:00+00:00,140.4,140.4,140.4,20,140.4,1067,140.398547
2023-01-24 12:15:00+00:00,140.4,140.45,140.4,74,140.45,3414,140.414423
2023-01-24 12:16:00+00:00,140.4,140.4,140.4,7,140.4,377,140.39878
2023-01-24 12:18:00+00:00,140.41,140.46,140.41,29,140.46,1143,140.43685
2023-01-24 12:19:00+00:00,140.43,140.43,140.43,11,140.43,718,140.429067
2023-01-24 12:20:00+00:00,140.43,140.43,140.4,34,140.4,1476,140.410888
2023-01-24 12:22:00+00:00,140.45,140.46,140.45,29,140.46,1386,140.44943
2023-01-24 12:23:00+00:00,140.41,140.43,140.41,36,140.43,1377,140.422048
2023-01-24 12:26:00+00:00,140.35,140.42,140.35,120,140.42,5121,140.377987
2023-01-24 12:27:00+00:00,140.35,140.36,140.35,20,140.36,627,140.364083
2023-01-24 12:28:00+00:00,140.41,140.41,140.3,99,140.36,5045,140.338642
2023-01-24 12:29:00+00:00,140.4,140.42,140.4,17,140.42,626,140.412859
2023-01-24 12:30:00+00:00,140.4,140.4,140.4,21,140.4,464,140.398448
2023-01-24 12:34:00+00:00,140.4,140.41,140.4,28,140.41,1042,140.421852
2023-01-24 12:36:00+00:00,140.4,140.41,140.4,5,140.41,503,140.408966
2023-01-24 12:37:00+00:00,140.4,140.4,140.4,25,140.4,812,140.396909
2023-01-24 12:38:00+00:00,140.36,140.4,140.36,37,140.4,2194,140.376445
2023-01-24 12:39:00+00:00,140.37,140.37,140.37,4,140.37,300,140.37
2023-01-24 12:40:00+00:00,140.38,140.38,140.38,19,140.38,6720,140.380682
2023-01-24 12:41:00+00:00,140.4,140.41,140.4,32,140.41,2013,140.405191
2023-01-24 12:42:00+00:00,140.4,140.4,140.35,43,140.38,5732,140.357469
2023-01-24 12:44:00+00:00,140.38,140.38,140.38,19,140.38,448,140.379888
2023-01-24 12:45:00+00:00,140.38,140.39,140.38,24,140.39,721,140.383384
2023-01-24 12:48:00+00:00,140.44,140.44,140.44,26,140.44,585,140.436479
2023-01-24 12:50:00+00:00,140.49,140.49,140.49,23,140.49,886,140.487427
2023-01-24 12:51:00+00:00,140.55,140.55,140.5,64,140.5,1748,140.521613
2023-01-24 12:52:00+00:00,140.54,140.6,140.54,40,140.6,1386,140.574957
2023-01-24 12:53:00+00:00,140.52,140.52,140.47,54,140.52,2058,140.509534
2023-01-24 12:54:00+00:00,140.52,140.55,140.52,20,140.52,917,140.53193
2023-01-24 12:55:00+00:00,140.46,140.52,140.45,44,140.52,2965,140.466024
2023-01-24 12:58:00+00:00,140.43,140.46,140.43,46,140.46,1707,140.450879
2023-01-24 12:59:00+00:00,140.44,140.44,140.44,8,140.44,358,140.440028
2023-01-24 13:00:00+00:00,140.36,140.59,140.34,1096,140.44,56845,140.427922
2023-01-24 13:01:00+00:00,140.39,140.4,140.35,312,140.4,4230,140.399319
2023-01-24 13:02:00+00:00,140.42,140.42,140.36,141,140.36,1749,140.410029
2023-01-24 13:03:00+00:00,140.46,140.46,140.4396,54,140.4396,1502,140.460272
2023-01-24 13:04:00+00:00,140.49,140.49,140.49,34,140.49,1048,140.51196
2023-01-24 13:06:00+00:00,140.47,140.48,140.47,45,140.48,1851,140.478817
2023-01-24 13:07:00+00:00,140.51,140.51,140.48,63,140.48,3392,140.484577
2023-01-24 13:08:00+00:00,140.55,140.55,140.5,20,140.5,1542,140.512078
2023-01-24 13:09:00+00:00,140.55,140.55,140.55,45,140.55,848,140.530608
2023-01-24 13:10:00+00:00,140.47,140.55,140.47,56,140.55,2274,140.490655
2023-01-24 13:11:00+00:00,140.46,140.49,140.46,20,140.49,1700,140.475559
2023-01-24 13:12:00+00:00,140.46,140.47,140.46,69,140.47,2363,140.456835
2023-01-24 13:13:00+00:00,140.45,140.45,140.45,20,140.45,269,140.445725
2023-01-24 13:14:00+00:00,140.4,140.42,140.4,51,140.42,4162,140.402135
2023-01-24 13:15:00+00:00,140.3791,140.4,140.36,84,140.4,3953,140.377194
2023-01-24 13:16:00+00:00,140.3599,140.36,140.35,31,140.36,1074,140.358541
2023-01-24 13:17:00+00:00,140.34,140.44,140.33,115,140.35,5217,140.371863
2023-01-24 13:18:00+00:00,140.28,140.34,140.28,167,140.34,5233,140.297462
2023-01-24 13:19:00+00:00,140.3,140.3,140.28,43,140.28,1197,140.301768
2023-01-24 13:20:00+00:00,140.2799,140.31,140.2799,78,140.31,2236,140.299468
2023-01-24 13:21:00+00:00,140.25,140.27,140.25,85,140.27,1638,140.255929
2023-01-24 13:22:00+00:00,140.37,140.37,140.23,148,140.24,8262,140.305276
2023-01-24 13:23:00+00:00,140.35,140.4,140.34,47,140.34,1058,140.359519
2023-01-24 13:24:00+00:00,140.33,140.36,140.31,71,140.36,2160,140.33712
2023-01-24 13:25:00+00:00,140.31,140.34,140.31,49,140.34,3426,140.332412
2023-01-24 13:26:00+00:00,140.35,140.35,140.33,63,140.33,1636,140.347075
2023-01-24 13:27:00+00:00,140.34,140.35,140.34,42,140.35,542,140.34538
2023-01-24 13:28:00+00:00,140.44,140.44,140.35,69,140.35,4442,140.378292
2023-01-24 13:29:00+00:00,140.35,140.38,140.35,44,140.38,2655,140.358983
2023-01-24 13:30:00+00:00,140.34,140.39,140.34,133,140.37,5710,140.37998
2023-01-24 13:31:00+00:00,140.39,140.39,140.36,36,140.36,1598,140.378132
2023-01-24 13:32:00+00:00,140.37,140.39,140.35,61,140.39,3061,140.361335
2023-01-24 13:33:00+00:00,140.3599,140.3599,140.2847,38,140.3056,1258,140.309226
2023-01-24 13:34:00+00:00,140.25,140.31,140.25,104,140.31,3744,140.266839
2023-01-24 13:35:00+00:00,140.23,140.25,140.23,98,140.25,2833,140.242094
2023-01-24 13:36:00+00:00,140.18,140.23,140.18,115,140.23,2632,140.20686
2023-01-24 13:37:00+00:00,140.2,140.2,140.18,108,140.2,2779,140.191075
2023-01-24 13:38:00+00:00,140.17,140.21,140.17,84,140.2,2201,140.185239
2023-01-24 13:39:00+00:00,140.14,140.18,140.14,84,140.18,2808,140.166826
2023-01-24 13:40:00+00:00,140.16,140.18,140.14,82,140.14,5344,140.154276
2023-01-24 13:41:00+00:00,140.1,140.13,140.08,182,140.13,13639,140.113047
2023-01-24 13:42:00+00:00,139.82,140.08,139.82,652,140.08,25830,139.969842
2023-01-24 13:43:00+00:00,139.87,139.9,139.82,252,139.82,15684,139.862935
2023-01-24 13:44:00+00:00,139.96,139.96,139.87,92,139.87,5407,139.884153
2023-01-24 13:45:00+00:00,139.86,139.95,139.8,173,139.93,11321,139.843851
2023-01-24 13:46:00+00:00,139.93,139.93,139.84,133,139.87,6385,139.880619
2023-01-24 13:47:00+00:00,139.925,139.95,139.92,115,139.92,6288,139.935072
2023-01-24 13:48:00+00:00,139.96,139.98,139.96,54,139.97,4126,139.973315
2023-01-24 13:49:00+00:00,139.95,140.0,139.95,146,139.9789,6241,139.984287
2023-01-24 13:50:00+00:00,139.87,139.93,139.85,135,139.93,6536,139.903654
2023-01-24 13:51:00+00:00,139.85,139.88,139.8,179,139.88,7930,139.836357
2023-01-24 13:52:00+00:00,139.81,139.85,139.81,66,139.84,2383,139.840402
2023-01-24 13:53:00+00:00,139.72,139.82,139.7001,160,139.82,8864,139.760192
2023-01-24 13:54:00+00:00,139.6,139.72,139.59,381,139.72,22943,139.608685
2023-01-24 13:55:00+00:00,139.72,139.72,139.59,146,139.6,9243,139.631129
2023-01-24 13:56:00+00:00,139.7999,139.7999,139.69,141,139.7,14591,139.73128
2023-01-24 13:57:00+00:00,139.72,139.75,139.72,80,139.75,2309,139.724008
2023-01-24 13:58:00+00:00,139.7899,139.7899,139.7,74,139.7,3146,139.734689
2023-01-24 13:59:00+00:00,139.85,139.89,139.79,73,139.79,2386,140.010861
2023-01-24 14:00:00+00:00,139.83,139.88,139.83,70,139.85,1894,139.841271
2023-01-24 14:01:00+00:00,139.76,139.8,139.76,88,139.7603,1742,139.769241
2023-01-24 14:02:00+00:00,139.75,139.751,139.75,60,139.751,1597,139.756323
2023-01-24 14:03:00+00:00,139.72,139.75,139.72,66,139.7401,3348,139.739034
2023-01-24 14:04:00+00:00,139.74,139.75,139.72,68,139.72,4977390,141.109463
2023-01-24 14:05:00+00:00,139.803,139.86,139.78,97,139.78,5280,139.82674
2023-01-24 14:06:00+00:00,139.88,139.88,139.82,97,139.84,5480,139.866233
2023-01-24 14:07:00+00:00,139.93,139.93,139.87,83,139.88,3585,139.896722
2023-01-24 14:08:00+00:00,139.8797,139.94,139.86,90,139.94,5939,139.892791
2023-01-24 14:09:00+00:00,139.87,139.87,139.86,50,139.86,3766,139.862606
2023-01-24 14:10:00+00:00,139.85,139.88,139.85,98,139.86,6898,139.869231
2023-01-24 14:11:00+00:00,139.75,139.8479,139.74,143,139.842,9871,139.756794
2023-01-24 14:12:00+00:00,139.8,139.8,139.72,164,139.73,9426,139.750515
2023-01-24 14:13:00+00:00,139.85,139.85,139.78,92,139.78,2204,139.82262
2023-01-24 14:14:00+00:00,139.9,139.93,139.86,108,139.86,3973,139.887708
2023-01-24 14:15:00+00:00,139.81,139.86,139.81,100,139.86,2857,139.839723
2023-01-24 14:16:00+00:00,139.92,139.94,139.84,110,139.84,4967,139.875117
2023-01-24 14:17:00+00:00,139.9099,139.91,139.9,81,139.91,1822,139.898474
2023-01-24 14:18:00+00:00,139.89,139.89,139.85,93,139.85,3828,139.87342
2023-01-24 14:19:00+00:00,139.88,139.88,139.88,54,139.88,957,139.87388
2023-01-24 14:20:00+00:00,139.94,139.94,139.87,100,139.87,7861,139.915342
2023-01-24 14:21:00+00:00,139.94,139.95,139.93,87,139.939,4861,139.94746
2023-01-24 14:22:00+00:00,140.0,140.02,139.99,268,139.99,12218,139.999593
2023-01-24 14:23:00+00:00,140.04,140.04,140.0,72,140.01,4385,140.011653
2023-01-24 14:24:00+00:00,139.92,140.04,139.92,105,140.04,8521,139.998559
2023-01-24 14:25:00+00:00,139.9899,139.99,139.96,59,139.96,2618,139.968422
2023-01-24 14:26:00+00:00,139.96,139.99,139.96,46,139.96,1218,139.96885
2023-01-24 14:27:00+00:00,140.13,140.35,139.99,192,139.99,14638,140.139791
2023-01-24 14:28:00+00:00,140.4,140.5,140.33,227,140.38,14313,140.427488
2023-01-24 14:29:00+00:00,140.2,140.4,140.2,253,140.35,11586,140.353022
2023-01-24 14:30:00+00:00,140.47,140.93,140.3,8661,140.305,1621305,140.510389
2023-01-24 14:31:00+00:00,140.67,140.77,140.45,8671,140.47,287212,140.617228
2023-01-24 14:32:00+00:00,141.151,141.265,140.5698,8994,140.66,348675,140.968323
2023-01-24 14:33:00+00:00,141.111,141.2284,141.0301,8351,141.14,217905,141.108531
2023-01-24 14:34:00+00:00,141.16,141.22,141.05,3195,141.11,195299,141.139021
2023-01-24 14:35:00+00:00,141.28,141.43,141.15,2784,141.1615,309145,141.294077
2023-01-24 14:36:00+00:00,141.445,141.6,141.24,2763,141.26,314061,141.484167
2023-01-24 14:37:00+00:00,141.32,141.49,140.93,3527,141.4484,424124,141.149216
2023-01-24 14:38:00+00:00,141.32,141.42,141.24,2131,141.315,230937,141.32999
2023-01-24 14:39:00+00:00,141.31,141.5299,141.24,2502,141.315,324693,141.409315
2023-01-24 14:40:00+00:00,141.33,141.58,141.17,2636,141.3,301452,141.376284
2023-01-24 14:41:00+00:00,141.3785,141.49,141.22,2043,141.35,183586,141.350942
2023-01-24 14:42:00+00:00,141.5,141.6399,141.36,2180,141.36,258992,141.508754
2023-01-24 14:43:00+00:00,141.91,141.91,141.46,2248,141.49,250028,141.738471
2023-01-24 14:44:00+00:00,141.89,141.93,141.72,2110,141.905,242884,141.802238
2023-01-24 14:45:00+00:00,141.6499,141.86,141.5,3167,141.86,283893,141.706064
2023-01-24 14:46:00+00:00,141.9212,141.94,141.51,1827,141.68,227557,141.707602
2023-01-24 14:47:00+00:00,141.92,142.13,141.887,3152,141.93,371792,142.020796
2023-01-24 14:48:00+00:00,142.06,142.09,141.915,1603,141.92,184686,142.036236
2023-01-24 14:49:00+00:00,141.9,142.0457,141.86,1803,142.0447,233656,141.935414
2023-01-24 14:50:00+00:00,141.825,142.0,141.75,1957,141.91,210928,141.86349
2023-01-24 14:51:00+00:00,141.78,141.98,141.7301,1692,141.83,190540,141.855927
2023-01-24 14:52:00+00:00,141.86,141.96,141.772,1506,141.78,178802,141.854432
2023-01-24 14:53:00+00:00,141.9217,142.0,141.7729,1736,141.8597,186651,141.884587
2023-01-24 14:54:00+00:00,142.0798,142.1,141.89,1502,141.9209,191030,141.993976
2023-01-24 14:55:00+00:00,141.95,142.09,141.95,1635,142.07,189482,142.018506
2023-01-24 14:56:00+00:00,141.6985,141.97,141.66,1956,141.97,164090,141.834932
2023-01-24 14:57:00+00:00,141.775,141.775,141.61,2029,141.699,204079,141.682116
2023-01-24 14:58:00+00:00,141.6718,141.775,141.55,1775,141.775,168499,141.646026
2023-01-24 14:59:00+00:00,141.445,141.67,141.37,2583,141.67,352414,141.507021
2023-01-24 15:00:00+00:00,141.26,141.52,141.255,2330,141.46,247661,141.388704
2023-01-24 15:01:00+00:00,141.5,141.58,141.21,2316,141.25,271239,141.361425
2023-01-24 15:02:00+00:00,141.5127,141.6199,141.46,1710,141.51,168863,141.527152
2023-01-24 15:03:00+00:00,141.6174,141.68,141.5,1812,141.53,176231,141.607166
2023-01-24 15:04:00+00:00,141.5012,141.67,141.49,1334,141.6134,131386,141.594635
2023-01-24 15:05:00+00:00,141.205,141.59,141.2025,1942,141.5,194311,141.3988
2023-01-24 15:06:00+00:00,141.2528,141.31,141.09,2405,141.2,280265,141.191582
2023-01-24 15:07:00+00:00,141.34,141.41,141.2312,1529,141.2589,189410,141.321425
2023-01-24 15:08:00+00:00,141.6071,141.62,141.315,1835,141.3399,225460,141.469735
2023-01-24 15:09:00+00:00,141.62,141.7,141.575,1303,141.615,157461,141.628966
2023-01-24 15:10:00+00:00,141.64,141.64,141.505,1212,141.6,261679,141.522919
2023-01-24 15:11:00+00:00,141.9,141.91,141.624,2039,141.624,272714,141.772938
2023-01-24 15:12:00+00:00,141.74,141.9099,141.74,1420,141.9,164276,141.82601
2023-01-24 15:13:00+00:00,141.71,141.8,141.62,1253,141.73,135650,141.699485
2023-01-24 15:14:00+00:00,141.915,141.94,141.63,1680,141.72,192150,141.776038
2023-01-24 15:15:00+00:00,142.09,142.27,141.89,3433,141.89,369624,142.118689
2023-01-24 15:16:00+00:00,141.9513,142.17,141.89,1489,142.115,175001,142.021326
2023-01-24 15:17:00+00:00,141.92,142.0,141.9,972,141.96,123839,141.962143
2023-01-24 15:18:00+00:00,141.8402,141.9799,141.78,1524,141.935,182488,141.877618
2023-01-24 15:19:00+00:00,141.68,141.89,141.63,1194,141.84,133823,141.793248
2023-01-24 15:20:00+00:00,141.8191,141.84,141.6601,1063,141.68,139039,141.769371
2023-01-24 15:21:00+00:00,141.915,141.93,141.75,1074,141.82,187030,141.855971
2023-01-24 15:22:00+00:00,141.87,141.95,141.84,1042,141.9102,154270,141.910101
2023-01-24 15:23:00+00:00,141.8501,141.93,141.81,821,141.9,84969,141.859202
2023-01-24 15:24:00+00:00,141.85,141.87,141.7,1383,141.85,169127,141.817945
2023-01-24 15:25:00+00:00,141.84,141.97,141.835,1287,141.8599,165197,141.906405
2023-01-24 15:26:00+00:00,141.78,141.96,141.77,1136,141.83,130829,141.866867
2023-01-24 15:27:00+00:00,141.78,141.84,141.66,1102,141.7846,111819,141.737421
2023-01-24 15:28:00+00:00,141.7501,141.8,141.74,713,141.79,80391,141.770695
2023-01-24 15:29:00+00:00,141.91,141.93,141.76,1001,141.76,106572,141.855373
2023-01-24 15:30:00+00:00,141.9257,141.93,141.67,1043,141.905,116893,141.806899
2023-01-24 15:31:00+00:00,142.1,142.1,141.93,1783,141.94,224897,142.00891
2023-01-24 15:32:00+00:00,141.98,142.2098,141.98,1499,142.09,175338,142.089942
2023-01-24 15:33:00+00:00,142.055,142.15,141.96,972,141.98,90369,142.048649
2023-01-24 15:34:00+00:00,141.9757,142.09,141.91,949,142.06,93078,141.993026
2023-01-24 15:35:00+00:00,141.83,141.98,141.79,1025,141.975,110292,141.861534
2023-01-24 15:36:00+00:00,141.49,141.89,141.38,2324,141.8399,269146,141.56307
2023-01-24 15:37:00+00:00,141.3727,141.48,141.2857,1575,141.47,197431,141.396682
2023-01-24 15:38:00+00:00,141.44,141.49,141.3601,1133,141.37,157351,141.429129
2023-01-24 15:39:00+00:00,141.45,141.49,141.3572,1032,141.444,104391,141.433479
2023-01-24 15:40:00+00:00,141.425,141.45,141.325,947,141.45,108069,141.38785
2023-01-24 15:41:00+00:00,141.52,141.53,141.365,1304,141.42,151665,141.462736
2023-01-24 15:42:00+00:00,141.59,141.6,141.515,970,141.53,107470,141.558813
2023-01-24 15:43:00+00:00,141.79,141.84,141.565,1189,141.6,144998,141.685198
2023-01-24 15:44:00+00:00,141.72,141.89,141.6808,1024,141.8,148731,141.787224
2023-01-24 15:45:00+00:00,141.8386,141.85,141.62,998,141.7369,116884,141.704179
2023-01-24 15:46:00+00:00,141.8,141.9299,141.75,1172,141.835,150014,141.840202
2023-01-24 15:47:00+00:00,141.79,141.8606,141.735,820,141.795,90912,141.792073
2023-01-24 15:48:00+00:00,141.77,141.875,141.735,840,141.8,90572,141.8252
2023-01-24 15:49:00+00:00,141.865,141.9199,141.77,1046,141.775,109733,141.848435
2023-01-24 15:50:00+00:00,141.7694,141.87,141.7,1122,141.87,114635,141.762701
2023-01-24 15:51:00+00:00,141.7,141.84,141.69,858,141.75,88971,141.75973
2023-01-24 15:52:00+00:00,141.82,141.83,141.65,715,141.71,87418,141.730106
2023-01-24 15:53:00+00:00,141.84,141.84,141.76,817,141.82,80416,141.801806
2023-01-24 15:54:00+00:00,142.02,142.03,141.75,1707,141.84,183560,141.925049
2023-01-24 15:55:00+00:00,142.11,142.1401,141.99,1401,142.0101,191991,142.079418
2023-01-24 15:56:00+00:00,142.21,142.21,142.1,1001,142.1188,121671,142.146255
2023-01-24 15:57:00+00:00,142.2702,142.3,142.2107,1268,142.2199,159313,142.253799
2023-01-24 15:58:00+00:00,142.22,142.31,142.21,1116,142.27,110797,142.276894
2023-01-24 15:59:00+00:00,142.255,142.2601,142.15,1190,142.22,118195,142.206549
2023-01-24 16:00:00+00:00,142.115,142.3,142.1,1438,142.26,151887,142.202654
2023-01-24 16:01:00+00:00,142.3,142.36,142.14,1525,142.15,166033,142.273775
2023-01-24 16:02:00+00:00,142.36,142.37,142.255,1296,142.305,145062,142.332734
2023-01-24 16:03:00+00:00,142.2373,142.36,142.2,1204,142.352,123410,142.272175
2023-01-24 16:04:00+00:00,142.33,142.35,142.2252,823,142.24,80155,142.310186
2023-01-24 16:05:00+00:00,142.3801,142.39,142.285,2173,142.325,270207,142.343406
2023-01-24 16:06:00+00:00,142.265,142.4,142.25,1421,142.39,147125,142.344457
2023-01-24 16:07:00+00:00,142.21,142.33,142.15,992,142.255,86626,142.224415
2023-01-24 16:08:00+00:00,142.335,142.36,142.18,850,142.21,93655,142.260133
2023-01-24 16:09:00+00:00,142.239,142.3492,142.225,883,142.33,92487,142.292361
2023-01-24 16:10:00+00:00,142.27,142.3199,142.24,764,142.24,87403,142.28405
2023-01-24 16:11:00+00:00,142.24,142.34,142.23,749,142.28,102375,142.285564
2023-01-24 16:12:00+00:00,142.035,142.2479,142.02,1205,142.24,133012,142.170515
2023-01-24 16:13:00+00:00,141.94,142.075,141.91,1529,142.04,168691,141.996755
2023-01-24 16:14:00+00:00,142.01,142.1,141.93,1003,141.94,118367,142.045638
2023-01-24 16:15:00+00:00,141.895,142.05,141.89,1315,142.01,138372,141.963276
2023-01-24 16:16:00+00:00,141.82,141.935,141.76,1401,141.895,139393,141.866962
2023-01-24 16:17:00+00:00,141.9284,141.94,141.7999,794,141.82,80229,141.871585
2023-01-24 16:18:00+00:00,141.865,141.94,141.86,966,141.9278,84564,141.897834
2023-01-24 16:19:00+00:00,141.9001,141.94,141.8408,742,141.86,77843,141.914059
2023-01-24 16:20:00+00:00,141.8156,141.92,141.805,791,141.9099,77086,141.863612
2023-01-24 16:21:00+00:00,141.94,141.97,141.805,1023,141.8201,112363,141.878474
2023-01-24 16:22:00+00:00,141.99,142.1,141.92,1439,141.95,170663,142.010014
2023-01-24 16:23:00+00:00,142.08,142.095,141.95,893,141.98,104423,142.021982
2023-01-24 16:24:00+00:00,142.2907,142.3,142.07,1584,142.07,195311,142.193154
2023-01-24 16:25:00+00:00,142.245,142.3,142.19,940,142.29,105669,142.242603
2023-01-24 16:26:00+00:00,142.28,142.33,142.24,941,142.25,99028,142.291903
2023-01-24 16:27:00+00:00,142.302,142.36,142.21,1082,142.28,111993,142.295878
2023-01-24 16:28:00+00:00,142.33,142.33,142.23,742,142.3,79321,142.274079
2023-01-24 16:29:00+00:00,142.4535,142.47,142.33,1503,142.33,193004,142.395329
2023-01-24 16:30:00+00:00,142.32,142.498,142.31,1615,142.46,166450,142.430424
2023-01-24 16:31:00+00:00,142.17,142.3491,142.17,959,142.3399,113737,142.242407
2023-01-24 16:32:00+00:00,142.08,142.2199,142.06,914,142.18,101095,142.130015
2023-01-24 16:33:00+00:00,142.045,142.085,141.96,1105,142.08,107309,142.031023
2023-01-24 16:34:00+00:00,141.945,142.0577,141.92,894,142.045,90322,141.970646
2023-01-24 16:35:00+00:00,142.04,142.07,141.91,968,141.94,117075,141.982665
2023-01-24 16:36:00+00:00,142.0599,142.14,142.02,1012,142.05,152355,142.085401
2023-01-24 16:37:00+00:00,142.1066,142.11,141.98,752,142.06,91515,142.038282
2023-01-24 16:38:00+00:00,142.0666,142.14,142.06,741,142.09,102864,142.093592
2023-01-24 16:39:00+00:00,142.265,142.27,142.0604,718,142.0669,99616,142.14568
2023-01-24 16:40:00+00:00,141.9899,142.26,141.975,985,142.26,100568,142.156457
2023-01-24 16:41:00+00:00,142.07,142.07,141.9101,869,141.97,103417,141.986533
2023-01-24 16:42:00+00:00,142.13,142.162,142.0301,606,142.0633,70700,142.088117
2023-01-24 16:43:00+00:00,142.0738,142.13,142.07,679,142.13,58990,142.100093
2023-01-24 16:44:00+00:00,142.05,142.09,142.024,634,142.08,56138,142.051978
2023-01-24 16:45:00+00:00,142.1207,142.13,141.99,765,142.0499,62255,142.050506
2023-01-24 16:46:00+00:00,142.16,142.17,142.11,731,142.1242,76595,142.129558
2023-01-24 16:47:00+00:00,142.155,142.1799,142.07,651,142.16,63342,142.125763
2023-01-24 16:48:00+00:00,142.2,142.2,142.12,614,142.16,43484,142.158886
2023-01-24 16:49:00+00:00,142.17,142.24,142.1,822,142.2,78207,142.172239
2023-01-24 16:50:00+00:00,142.225,142.2399,142.18,673,142.1844,67674,142.210812
2023-01-24 16:51:00+00:00,142.2,142.24,142.18,597,142.2278,68914,142.202648
2023-01-24 16:52:00+00:00,142.15,142.2001,142.12,685,142.2001,80516,142.158149
2023-01-24 16:53:00+00:00,142.1186,142.17,142.11,604,142.14,48914,142.139047
2023-01-24 16:54:00+00:00,142.03,142.115,142.0,729,142.115,70051,142.046
2023-01-24 16:55:00+00:00,142.1499,142.17,142.025,669,142.03,58915,142.082119
2023-01-24 16:56:00+00:00,142.1,142.1599,142.07,533,142.1487,50019,142.119304
2023-01-24 16:57:00+00:00,142.06,142.13,142.06,641,142.1,55008,142.096193
2023-01-24 16:58:00+00:00,142.039,142.08,141.95,1164,142.07,109788,142.017
2023-01-24 16:59:00+00:00,142.1,142.105,142.025,618,142.035,42490,142.082518
2023-01-24 17:00:00+00:00,141.98,142.105,141.975,792,142.095,62302,142.045261
2023-01-24 17:01:00+00:00,141.88,142.01,141.81,1370,141.99,127839,141.877573
2023-01-24 17:02:00+00:00,141.9373,141.9439,141.83,884,141.89,72100,141.881883
2023-01-24 17:03:00+00:00,142.03,142.055,141.93,902,141.934,101045,141.988577
2023-01-24 17:04:00+00:00,142.1701,142.18,142.035,886,142.04,86101,142.115499
2023-01-24 17:05:00+00:00,142.15,142.25,142.15,1062,142.1701,339031,142.114193
2023-01-24 17:06:00+00:00,142.15,142.17,142.105,815,142.14,90654,142.138269
2023-01-24 17:07:00+00:00,142.315,142.35,142.15,1173,142.15,130408,142.279418
2023-01-24 17:08:00+00:00,142.25,142.3285,142.22,745,142.32,85058,142.262676
2023-01-24 17:09:00+00:00,142.27,142.33,142.24,820,142.25,70746,142.284774
2023-01-24 17:10:00+00:00,142.3537,142.37,142.2423,876,142.265,91071,142.309062
2023-01-24 17:11:00+00:00,142.46,142.46,142.3401,1155,142.37,1737576,140.632483
2023-01-24 17:12:00+00:00,142.365,142.47,142.34,932,142.45,98978,142.393352
2023-01-24 17:13:00+00:00,142.414,142.45,142.36,738,142.36,77501,142.381395
2023-01-24 17:14:00+00:00,142.5642,142.57,142.415,1829,142.415,213084,142.483817
2023-01-24 17:15:00+00:00,142.56,142.59,142.481,1687,142.5624,229355,142.559112
2023-01-24 17:16:00+00:00,142.6775,142.68,142.5286,1488,142.56,159026,142.602412
2023-01-24 17:17:00+00:00,142.805,142.84,142.65,2027,142.68,253632,142.750802
2023-01-24 17:18:00+00:00,142.755,142.87,142.74,1305,142.81,191477,142.818413
2023-01-24 17:19:00+00:00,142.782,142.79,142.7318,874,142.7526,104575,142.762878
2023-01-24 17:20:00+00:00,142.7428,142.81,142.64,1403,142.79,164703,142.720568
2023-01-24 17:21:00+00:00,142.845,142.85,142.7,1121,142.75,115416,142.789841
2023-01-24 17:22:00+00:00,142.68,142.85,142.66,1139,142.844,245379,142.576109
2023-01-24 17:23:00+00:00,142.614,142.68,142.59,838,142.67,94905,142.632382
2023-01-24 17:24:00+00:00,142.6189,142.645,142.56,982,142.6157,108640,142.593857
2023-01-24 17:25:00+00:00,142.5635,142.7,142.52,887,142.615,95851,142.617126
2023-01-24 17:26:00+00:00,142.494,142.57,142.49,727,142.56,75041,142.536652
2023-01-24 17:27:00+00:00,142.62,142.66,142.49,852,142.4928,110653,142.597267
2023-01-24 17:28:00+00:00,142.675,142.6879,142.6017,801,142.62,392678,142.64797
2023-01-24 17:29:00+00:00,142.705,142.74,142.65,813,142.676,87820,142.702844
2023-01-24 17:30:00+00:00,142.56,142.7,142.54,876,142.7,84989,142.62985
2023-01-24 17:31:00+00:00,142.6499,142.68,142.56,741,142.5601,58433,142.641759
2023-01-24 17:32:00+00:00,142.7,142.7,142.59,605,142.65,82970,142.713938
2023-01-24 17:33:00+00:00,142.6171,142.68,142.57,574,142.68,46946,142.621776
2023-01-24 17:34:00+00:00,142.54,142.64,142.54,618,142.6299,69281,142.578114
2023-01-24 17:35:00+00:00,142.45,142.57,142.4301,1024,142.545,143762,142.497423
2023-01-24 17:36:00+00:00,142.555,142.57,142.46,696,142.46,83775,142.511057
2023-01-24 17:37:00+00:00,142.57,142.63,142.545,823,142.56,89629,142.583865
2023-01-24 17:38:00+00:00,142.5602,142.6166,142.55,548,142.5659,51809,142.582126
2023-01-24 17:39:00+00:00,142.535,142.5714,142.48,662,142.561,63853,142.526614
2023-01-24 17:40:00+00:00,142.463,142.5292,142.44,602,142.52,64080,142.466587
2023-01-24 17:41:00+00:00,142.3914,142.46,142.37,774,142.46,104074,142.414874
2023-01-24 17:42:00+00:00,142.33,142.43,142.312,687,142.394,78533,142.37207
2023-01-24 17:43:00+00:00,142.4001,142.42,142.29,689,142.33,89758,142.358091
2023-01-24 17:44:00+00:00,142.36,142.44,142.35,577,142.41,67141,142.406955
2023-01-24 17:45:00+00:00,142.39,142.42,142.3,713,142.35,67272,142.355864
2023-01-24 17:46:00+00:00,142.4,142.43,142.37,674,142.398,65185,142.399332
2023-01-24 17:47:00+00:00,142.3176,142.42,142.3102,684,142.395,75200,142.374452
2023-01-24 17:48:00+00:00,142.42,142.44,142.29,759,142.31,82757,142.350384
2023-01-24 17:49:00+00:00,142.45,142.48,142.38,745,142.4099,83277,142.423732
2023-01-24 17:50:00+00:00,142.52,142.54,142.38,943,142.45,97528,142.471432
2023-01-24 17:51:00+00:00,142.4682,142.59,142.41,906,142.5107,109308,142.522827
2023-01-24 17:52:00+00:00,142.61,142.62,142.42,773,142.4768,67625,142.518133
2023-01-24 17:53:00+00:00,142.565,142.6486,142.565,717,142.61,94121,142.610794
2023-01-24 17:54:00+00:00,142.55,142.58,142.52,483,142.566,37108,142.5531
2023-01-24 17:55:00+00:00,142.59,142.595,142.53,539,142.5636,48282,142.555634
2023-01-24 17:56:00+00:00,142.55,142.63,142.52,666,142.59,71101,142.586005
2023-01-24 17:57:00+00:00,142.4796,142.5555,142.46,569,142.5555,57567,142.512645
2023-01-24 17:58:00+00:00,142.485,142.4999,142.43,637,142.4791,62315,142.46956
2023-01-24 17:59:00+00:00,142.47,142.52,142.4201,577,142.49,47002,142.470608
2023-01-24 18:00:00+00:00,142.44,142.47,142.35,858,142.47,69871,142.415914
2023-01-24 18:01:00+00:00,142.56,142.58,142.42,1211,142.4315,94565,142.503936
2023-01-24 18:02:00+00:00,142.52,142.58,142.48,676,142.57,63607,142.52893
2023-01-24 18:03:00+00:00,142.34,142.51,142.34,791,142.51,64671,142.413007
2023-01-24 18:04:00+00:00,142.1,142.345,142.048,1711,142.342,202270,142.184192
2023-01-24 18:05:00+00:00,142.24,142.24,142.0901,842,142.1,95685,142.15403
2023-01-24 18:06:00+00:00,142.29,142.3346,142.23,914,142.235,94315,142.290016
2023-01-24 18:07:00+00:00,142.3614,142.37,142.24,722,142.29,141713,142.287376
2023-01-24 18:08:00+00:00,142.415,142.48,142.365,863,142.37,92900,142.422544
2023-01-24 18:09:00+00:00,142.365,142.4373,142.305,836,142.42,86668,142.374489
2023-01-24 18:10:00+00:00,142.41,142.464,142.3581,955,142.3617,76059,142.426441
2023-01-24 18:11:00+00:00,142.45,142.5,142.382,988,142.405,86964,142.450673
2023-01-24 18:12:00+00:00,142.492,142.505,142.44,763,142.45,67067,142.464144
2023-01-24 18:13:00+00:00,142.47,142.5,142.44,642,142.49,125708,142.511039
2023-01-24 18:14:00+00:00,142.42,142.48,142.42,760,142.46,62888,142.443076
2023-01-24 18:15:00+00:00,142.39,142.4501,142.3606,915,142.425,108375,142.415227
2023-01-24 18:16:00+00:00,142.355,142.47,142.35,931,142.39,69335,142.421655
2023-01-24 18:17:00+00:00,142.45,142.45,142.31,853,142.36,65361,142.365348
2023-01-24 18:18:00+00:00,142.52,142.56,142.4319,1170,142.45,133631,142.505872
2023-01-24 18:19:00+00:00,142.54,142.55,142.475,851,142.52,85709,142.515187
2023-01-24 18:20:00+00:00,142.5197,142.54,142.5,626,142.52,61150,142.519927
2023-01-24 18:21:00+00:00,142.55,142.55,142.49,709,142.52,71715,142.521028
2023-01-24 18:22:00+00:00,142.51,142.575,142.495,787,142.55,92070,142.535241
2023-01-24 18:23:00+00:00,142.515,142.55,142.485,620,142.52,56573,142.511856
2023-01-24 18:24:00+00:00,142.655,142.66,142.5102,994,142.52,118427,142.595008
2023-01-24 18:25:00+00:00,142.67,142.71,142.61,853,142.6545,97903,142.659147
2023-01-24 18:26:00+00:00,142.62,142.67,142.54,930,142.6694,90540,142.600981
2023-01-24 18:27:00+00:00,142.665,142.68,142.6097,660,142.63,61388,142.641593
2023-01-24 18:28:00+00:00,142.8101,142.83,142.665,1231,142.67,166681,142.748542
2023-01-24 18:29:00+00:00,142.91,142.92,142.775,1714,142.815,198930,142.843708
2023-01-24 18:30:00+00:00,142.93,142.955,142.87,1337,142.92,138905,142.916681
2023-01-24 18:31:00+00:00,142.945,142.96,142.91,988,142.9375,100756,142.939738
2023-01-24 18:32:00+00:00,142.98,142.99,142.9001,1202,142.9425,132933,142.947561
2023-01-24 18:33:00+00:00,142.9213,142.99,142.9,1079,142.985,124450,142.932654
2023-01-24 18:34:00+00:00,142.965,142.97,142.9,946,142.923,110728,142.933251
2023-01-24 18:35:00+00:00,142.8301,142.9797,142.83,1057,142.96,120030,142.90827
2023-01-24 18:36:00+00:00,142.799,142.86,142.782,936,142.8332,117862,142.823562
2023-01-24 18:37:00+00:00,142.965,142.98,142.785,937,142.798,105124,142.888079
2023-01-24 18:38:00+00:00,142.86,142.96,142.85,790,142.96,87277,142.915899
2023-01-24 18:39:00+00:00,142.96,142.97,142.8299,867,142.86,89855,142.895811
2023-01-24 18:40:00+00:00,143.0795,143.09,142.91,3197,142.96,391737,143.002669
2023-01-24 18:41:00+00:00,143.0401,143.1076,143.04,1013,143.07,131520,143.07902
2023-01-24 18:42:00+00:00,143.08,143.0972,143.01,730,143.05,75860,143.045988
2023-01-24 18:43:00+00:00,143.116,143.16,143.05,1370,143.08,180238,143.101255
2023-01-24 18:44:00+00:00,143.0792,143.12,143.06,828,143.1186,94208,143.078418
2023-01-24 18:45:00+00:00,143.07,143.09,143.06,843,143.08,83143,143.073518
2023-01-24 18:46:00+00:00,143.1177,143.1397,143.07,738,143.07,69668,143.105218
2023-01-24 18:47:00+00:00,143.0617,143.14,143.05,924,143.12,92724,143.095527
2023-01-24 18:48:00+00:00,142.966,143.0675,142.9601,880,143.0675,119353,142.999505
2023-01-24 18:49:00+00:00,142.98,142.99,142.95,639,142.9701,84818,142.97223
2023-01-24 18:50:00+00:00,142.938,142.9873,142.88,1123,142.98,144971,142.929855
2023-01-24 18:51:00+00:00,142.82,142.9379,142.82,814,142.9379,92236,142.858886
2023-01-24 18:52:00+00:00,142.765,142.87,142.75,919,142.82,116538,142.813428
2023-01-24 18:53:00+00:00,142.8021,142.85,142.7604,715,142.765,77122,142.811827
2023-01-24 18:54:00+00:00,142.79,142.84,142.78,562,142.81,66459,142.811732
2023-01-24 18:55:00+00:00,142.7899,142.81,142.725,773,142.795,91327,142.768484
2023-01-24 18:56:00+00:00,142.76,142.8299,142.73,672,142.785,116329,142.753554
2023-01-24 18:57:00+00:00,142.765,142.8391,142.7559,784,142.765,93582,142.789916
2023-01-24 18:58:00+00:00,142.66,142.7664,142.65,905,142.7664,84630,142.697126
2023-01-24 18:59:00+00:00,142.655,142.69,142.6401,780,142.67,74391,142.664529
2023-01-24 19:00:00+00:00,142.5604,142.66,142.56,959,142.65,118749,142.606063
2023-01-24 19:01:00+00:00,142.305,142.57,142.3,2340,142.57,272563,142.440646
2023-01-24 19:02:00+00:00,142.3316,142.42,142.29,1238,142.3,160314,142.373651
2023-01-24 19:03:00+00:00,142.455,142.49,142.34,938,142.34,114194,142.433832
2023-01-24 19:04:00+00:00,142.3327,142.47,142.32,1123,142.455,127233,142.410852
2023-01-24 19:05:00+00:00,142.335,142.37,142.29,983,142.335,102673,142.33494
2023-01-24 19:06:00+00:00,142.35,142.4,142.33,1278,142.33,120758,142.368992
2023-01-24 19:07:00+00:00,142.39,142.395,142.2,1923,142.3475,188473,142.275606
2023-01-24 19:08:00+00:00,142.32,142.41,142.3,901,142.385,89588,142.362824
2023-01-24 19:09:00+00:00,142.37,142.3901,142.31,807,142.32,73244,142.352201
2023-01-24 19:10:00+00:00,142.41,142.42,142.34,652,142.37,66212,142.373688
2023-01-24 19:11:00+00:00,142.405,142.42,142.37,687,142.42,59530,142.390335
2023-01-24 19:12:00+00:00,142.3606,142.4199,142.36,888,142.41,101849,142.386558
2023-01-24 19:13:00+00:00,142.31,142.395,142.3,855,142.36,94884,142.356529
2023-01-24 19:14:00+00:00,142.356,142.3642,142.28,901,142.3,98797,142.327589
2023-01-24 19:15:00+00:00,142.3899,142.39,142.32,751,142.358,86412,142.362695
2023-01-24 19:16:00+00:00,142.435,142.44,142.375,800,142.39,83394,142.399813
2023-01-24 19:17:00+00:00,142.51,142.51,142.43,1082,142.435,134124,142.471358
2023-01-24 19:18:00+00:00,142.47,142.53,142.47,943,142.5,95510,142.497557
2023-01-24 19:19:00+00:00,142.48,142.52,142.44,750,142.4799,74954,142.481313
2023-01-24 19:20:00+00:00,142.53,142.54,142.45,822,142.49,76335,142.50111
2023-01-24 19:21:00+00:00,142.5859,142.62,142.52,918,142.52,103131,142.565306
2023-01-24 19:22:00+00:00,142.575,142.5909,142.5406,763,142.58,79643,142.566722
2023-01-24 19:23:00+00:00,142.595,142.62,142.5701,659,142.58,65916,142.597643
2023-01-24 19:24:00+00:00,142.59,142.62,142.57,789,142.5942,77574,142.59644
2023-01-24 19:25:00+00:00,142.64,142.66,142.57,836,142.5868,84142,142.631205
2023-01-24 19:26:00+00:00,142.665,142.69,142.62,921,142.6399,92029,142.660939
2023-01-24 19:27:00+00:00,142.68,142.71,142.64,739,142.6659,83492,142.681995
2023-01-24 19:28:00+00:00,142.6299,142.7,142.61,958,142.67,89695,142.662852
2023-01-24 19:29:00+00:00,142.6601,142.7,142.6284,708,142.6284,70389,142.670788
2023-01-24 19:30:00+00:00,142.675,142.72,142.66,730,142.67,80972,142.688613
2023-01-24 19:31:00+00:00,142.7501,142.77,142.66,825,142.675,105862,142.73092
2023-01-24 19:32:00+00:00,142.765,142.775,142.7,765,142.77,86194,142.737559
2023-01-24 19:33:00+00:00,142.76,142.8,142.739,779,142.76,90846,142.766682
2023-01-24 19:34:00+00:00,142.7169,142.77,142.71,682,142.765,70946,142.734244
2023-01-24 19:35:00+00:00,142.6991,142.75,142.6622,786,142.715,86565,142.706851
2023-01-24 19:36:00+00:00,142.655,142.73,142.62,1029,142.698,94913,142.667528
2023-01-24 19:37:00+00:00,142.5401,142.68,142.5301,901,142.66,108824,142.591774
2023-01-24 19:38:00+00:00,142.65,142.66,142.54,870,142.55,94588,142.60576
2023-01-24 19:39:00+00:00,142.63,142.66,142.6,587,142.655,54858,142.636435
2023-01-24 19:40:00+00:00,142.59,142.65,142.59,856,142.6362,71596,142.617987
2023-01-24 19:41:00+00:00,142.5299,142.62,142.51,745,142.59,60806,142.562872
2023-01-24 19:42:00+00:00,142.51,142.5285,142.47,1026,142.5208,120768,142.492327
2023-01-24 19:43:00+00:00,142.52,142.5799,142.48,885,142.5199,80427,142.524981
2023-01-24 19:44:00+00:00,142.51,142.55,142.505,620,142.52,51995,142.532794
2023-01-24 19:45:00+00:00,142.59,142.6,142.47,881,142.509,91068,142.543452
2023-01-24 19:46:00+00:00,142.535,142.59,142.51,846,142.58,86143,142.543824
2023-01-24 19:47:00+00:00,142.58,142.6,142.53,623,142.535,70032,142.563335
2023-01-24 19:48:00+00:00,142.52,142.61,142.51,679,142.5801,60051,142.570063
2023-01-24 19:49:00+00:00,142.35,142.5299,142.35,1218,142.52,161683,142.423746
2023-01-24 19:50:00+00:00,142.395,142.41,142.32,1071,142.36,103975,142.377354
2023-01-24 19:51:00+00:00,142.3512,142.395,142.33,912,142.395,102262,142.35916
2023-01-24 19:52:00+00:00,142.3635,142.37,142.3,795,142.355,81253,142.34309
2023-01-24 19:53:00+00:00,142.405,142.459,142.36,863,142.3645,75688,142.400327
2023-01-24 19:54:00+00:00,142.4268,142.43,142.3901,555,142.4,53237,142.415745
2023-01-24 19:55:00+00:00,142.454,142.51,142.37,1025,142.43,96683,142.439306
2023-01-24 19:56:00+00:00,142.41,142.49,142.4,902,142.4593,85751,142.439651
2023-01-24 19:57:00+00:00,142.4465,142.48,142.4,581,142.41,54550,142.438037
2023-01-24 19:58:00+00:00,142.403,142.46,142.4,661,142.44,57188,142.431247
2023-01-24 19:59:00+00:00,142.445,142.48,142.38,783,142.4,85608,142.442601
2023-01-24 20:00:00+00:00,142.4,142.5,142.39,752,142.45,83453,142.46279
2023-01-24 20:01:00+00:00,142.51,142.52,142.35,1029,142.39,133081,142.455324
2023-01-24 20:02:00+00:00,142.548,142.56,142.49,678,142.51,78572,142.524507
2023-01-24 20:03:00+00:00,142.495,142.555,142.495,685,142.54,73087,142.520459
2023-01-24 20:04:00+00:00,142.375,142.5,142.374,799,142.4922,85323,142.44333
2023-01-24 20:05:00+00:00,142.265,142.39,142.23,1182,142.375,127490,142.317909
2023-01-24 20:06:00+00:00,142.22,142.3,142.2,786,142.26,82094,142.260046
2023-01-24 20:07:00+00:00,142.27,142.28,142.219,726,142.224,94520,142.255512
2023-01-24 20:08:00+00:00,142.32,142.32,142.25,654,142.26,84423,142.284667
2023-01-24 20:09:00+00:00,142.23,142.32,142.2,899,142.318,95946,142.243573
2023-01-24 20:10:00+00:00,142.2147,142.29,142.19,717,142.22,85639,142.232868
2023-01-24 20:11:00+00:00,142.28,142.295,142.21,614,142.21,57762,142.256004
2023-01-24 20:12:00+00:00,142.285,142.34,142.28,826,142.29,89321,142.312609
2023-01-24 20:13:00+00:00,142.25,142.29,142.19,1080,142.2882,97193,142.240735
2023-01-24 20:14:00+00:00,142.25,142.29,142.2,1086,142.245,117052,142.237717
2023-01-24 20:15:00+00:00,142.26,142.29,142.205,884,142.244,95784,142.249239
2023-01-24 20:16:00+00:00,142.315,142.33,142.23,733,142.27,75662,142.28934
2023-01-24 20:17:00+00:00,142.25,142.3112,142.22,654,142.3112,66615,142.261331
2023-01-24 20:18:00+00:00,142.25,142.325,142.2408,706,142.2507,69508,142.283801
2023-01-24 20:19:00+00:00,142.31,142.32,142.2319,531,142.24,56272,142.28385
2023-01-24 20:20:00+00:00,142.28,142.335,142.28,715,142.305,77120,142.304807
2023-01-24 20:21:00+00:00,142.32,142.32,142.28,572,142.28,57016,142.30095
2023-01-24 20:22:00+00:00,142.325,142.34,142.28,662,142.31,62901,142.313493
2023-01-24 20:23:00+00:00,142.41,142.46,142.325,1666,142.325,170049,142.393369
2023-01-24 20:24:00+00:00,142.39,142.48,142.384,1187,142.42,164592,142.427351
2023-01-24 20:25:00+00:00,142.32,142.4,142.31,957,142.39,109066,142.351174
2023-01-24 20:26:00+00:00,142.395,142.42,142.3,1164,142.3258,118710,142.350206
2023-01-24 20:27:00+00:00,142.4393,142.475,142.376,814,142.39,99126,142.427988
2023-01-24 20:28:00+00:00,142.425,142.47,142.41,638,142.437,71719,142.435203
2023-01-24 20:29:00+00:00,142.4202,142.45,142.35,738,142.42,61299,142.40544
2023-01-24 20:30:00+00:00,142.375,142.46,142.362,695,142.43,60780,142.404592
2023-01-24 20:31:00+00:00,142.33,142.4,142.28,983,142.38,96543,142.328163
2023-01-24 20:32:00+00:00,142.281,142.38,142.26,1043,142.33,119495,142.300111
2023-01-24 20:33:00+00:00,142.1636,142.3,142.15,1532,142.2826,183028,142.219593
2023-01-24 20:34:00+00:00,142.175,142.2,142.07,1362,142.16,157879,142.139691
2023-01-24 20:35:00+00:00,142.2093,142.21,142.09,1241,142.18,140293,142.143327
2023-01-24 20:36:00+00:00,142.17,142.22,142.114,903,142.21,86457,142.171114
2023-01-24 20:37:00+00:00,142.135,142.16,142.13,808,142.16,102946,142.147922
2023-01-24 20:38:00+00:00,142.12,142.15,142.09,758,142.13,110698,142.175492
2023-01-24 20:39:00+00:00,142.155,142.18,142.1,1049,142.12,92933,142.140771
2023-01-24 20:40:00+00:00,141.9872,142.16,141.965,1786,142.16,200650,142.055572
2023-01-24 20:41:00+00:00,141.99,142.005,141.92,1326,141.985,139370,141.96263
2023-01-24 20:42:00+00:00,141.9101,142.03,141.9101,1164,141.9899,129288,141.957366
2023-01-24 20:43:00+00:00,141.92,141.99,141.905,1139,141.9148,159255,141.948746
2023-01-24 20:44:00+00:00,142.0812,142.1,141.905,1632,141.91,161999,142.009634
2023-01-24 20:45:00+00:00,142.008,142.12,141.97,1434,142.08,141525,142.026304
2023-01-24 20:46:00+00:00,141.9587,142.055,141.95,1129,142.0,120097,142.009287
2023-01-24 20:47:00+00:00,142.01,142.05,141.95,1081,141.956,102633,142.000019
2023-01-24 20:48:00+00:00,142.045,142.06,141.995,1267,142.01,136624,142.024135
2023-01-24 20:49:00+00:00,142.074,142.0999,142.01,1354,142.04,165529,142.05556
2023-01-24 20:50:00+00:00,142.23,142.31,142.0,3004,142.08,350133,142.201582
2023-01-24 20:51:00+00:00,142.38,142.45,142.23,2092,142.23,248797,142.350589
2023-01-24 20:52:00+00:00,142.375,142.41,142.3,1557,142.3778,176084,142.356788
2023-01-24 20:53:00+00:00,142.325,142.4,142.29,1677,142.36,181613,142.342205
2023-01-24 20:54:00+00:00,142.44,142.52,142.31,2052,142.32,208331,142.397198
2023-01-24 20:55:00+00:00,142.635,142.65,142.44,3200,142.44,420610,142.536924
2023-01-24 20:56:00+00:00,142.665,142.69,142.61,1952,142.635,211966,142.642788
2023-01-24 20:57:00+00:00,142.585,142.665,142.54,2118,142.665,256740,142.602637
2023-01-24 20:58:00+00:00,142.635,142.67,142.57,2963,142.59,445518,142.628088
2023-01-24 20:59:00+00:00,142.5,142.72,142.49,6334,142.635,927845,142.620959
2023-01-24 21:00:00+00:00,142.66,142.66,142.52,140,142.53,8246437,142.530162
2023-01-24 21:01:00+00:00,143.25,143.3396,142.56,476,142.66,45610,142.979179
2023-01-24 21:02:00+00:00,143.0,143.41,143.0,332,143.23,31779,143.233959
2023-01-24 21:03:00+00:00,142.8,143.14,142.75,249,143.0001,28882,142.970486
2023-01-24 21:04:00+00:00,142.87,143.0,142.8,270,142.99,158200,142.610324
2023-01-24 21:05:00+00:00,142.74,142.95,142.71,299,142.86,73791,142.816544
2023-01-24 21:06:00+00:00,142.95,142.98,142.53,224,142.71,86510,142.74438
2023-01-24 21:07:00+00:00,142.99,142.99,142.8,171,142.94,31470,142.88659
2023-01-24 21:08:00+00:00,142.94,142.99,142.81,161,142.95,21373,142.893761
2023-01-24 21:09:00+00:00,143.08,143.1,142.91,200,142.94,43460,142.905161
2023-01-24 21:10:00+00:00,143.15,143.19,142.53,134,143.08,23781,142.839692
2023-01-24 21:11:00+00:00,142.83,143.19,142.83,125,143.15,23269,142.813762
2023-01-24 21:12:00+00:00,142.94,142.94,142.82,78,142.82,6102,142.863125
2023-01-24 21:13:00+00:00,142.74,142.92,142.53,235,142.92,18372,142.787605
2023-01-24 21:14:00+00:00,142.59,142.82,142.56,210,142.75,34778,142.655331
2023-01-24 21:15:00+00:00,142.73,142.74,142.57,104,142.58,8521,142.638204
2023-01-24 21:16:00+00:00,142.7,142.8,142.6,142,142.76,12610,142.687285
2023-01-24 21:17:00+00:00,142.75,142.76,142.65,50,142.7,5050,142.694092
2023-01-24 21:18:00+00:00,142.88,142.93,142.76,110,142.77,10364,142.834725
2023-01-24 21:19:00+00:00,142.87,142.87,142.81,147,142.87,4971,142.842726
2023-01-24 21:20:00+00:00,142.98,142.98,142.86,101,142.86,13041,142.921744
2023-01-24 21:21:00+00:00,142.95,142.97,142.9,64,142.97,4648,142.9277
2023-01-24 21:22:00+00:00,142.95,142.95,142.83,83,142.95,5412,142.876873
2023-01-24 21:23:00+00:00,142.8,142.93,142.8,92,142.93,14932,142.886125
2023-01-24 21:24:00+00:00,142.8,142.88,142.78,85,142.83,6836,142.819832
2023-01-24 21:25:00+00:00,142.85,142.85,142.7,37,142.7999,3606,142.761485
2023-01-24 21:26:00+00:00,142.84,142.84,142.77,41,142.82,3477,142.6559
2023-01-24 21:27:00+00:00,142.82,142.85,142.78,56,142.7876,5522,142.828915
2023-01-24 21:28:00+00:00,142.83,142.85,142.8029,35,142.85,1952,142.824472
2023-01-24 21:29:00+00:00,142.9,142.9,142.82,61,142.84,12286,142.868823
2023-01-24 21:30:00+00:00,142.85,142.88,142.85,31,142.87,1079,142.872081
2023-01-24 21:31:00+00:00,142.95,143.0,142.86,106,142.86,9110,142.91829
2023-01-24 21:32:00+00:00,143.04,143.04,142.99,116,142.99,11737,143.002826
2023-01-24 21:33:00+00:00,143.0,143.1,142.86,116,143.05,19076,143.042741
2023-01-24 21:34:00+00:00,143.01,143.01,142.89,82,142.99,2189,142.964651
2023-01-24 21:35:00+00:00,143.1,143.1,142.91,111,143.04,10620,143.002398
2023-01-24 21:36:00+00:00,143.04,143.06,142.99,69,143.06,4928,143.030341
2023-01-24 21:37:00+00:00,143.05,143.06,143.05,46,143.05,1158,143.052784
2023-01-24 21:38:00+00:00,143.09,143.11,143.03,91,143.03,20640,143.08459
2023-01-24 21:39:00+00:00,143.09,143.1,143.04,73,143.09,10657,143.073441
2023-01-24 21:40:00+00:00,142.97,143.07,142.9,99,143.07,15630,142.922883
2023-01-24 21:41:00+00:00,143.09,143.1,142.97,60,142.97,3248,143.033256
2023-01-24 21:42:00+00:00,143.08,143.14,142.53,49,143.04,22795,142.728841
2023-01-24 21:43:00+00:00,143.12,143.14,143.08,53,143.1,7327,143.114606
2023-01-24 21:44:00+00:00,143.12,143.15,143.05,86,143.1,6614,143.122484
2023-01-24 21:45:00+00:00,143.13,143.15,143.1,70,143.12,5137,143.121477
2023-01-24 21:46:00+00:00,143.01,143.16,143.01,109,143.15,19565,143.104833
2023-01-24 21:47:00+00:00,143.03,143.09,143.02,92,143.03,4814,143.041483
2023-01-24 21:48:00+00:00,142.86,143.06,142.86,90,143.06,16269,142.953855
2023-01-24 21:49:00+00:00,142.98,143.0,142.85,105,142.86,9978,142.89279
2023-01-24 21:50:00+00:00,142.94,143.01,142.94,57,142.98,2752,142.983855
2023-01-24 21:51:00+00:00,142.93,143.01,142.91,66,143.01,1857210,142.531121
2023-01-24 21:53:00+00:00,142.98,142.98,142.95,34,142.95,823,142.973205
2023-01-24 21:54:00+00:00,143.05,143.05,143.0,42,143.01,2039,143.016749
2023-01-24 21:55:00+00:00,142.87,143.04,142.85,106,143.02,11594,142.882784
2023-01-24 21:56:00+00:00,142.87,142.98,142.84,65,142.98,4943,142.866559
2023-01-24 21:57:00+00:00,142.94,142.94,142.85,54,142.85,4577,142.885129
2023-01-24 21:58:00+00:00,142.83,142.89,142.83,51,142.86,4513,142.856711
2023-01-24 21:59:00+00:00,142.84,142.89,142.84,23,142.89,652,142.889404
2023-01-24 22:00:00+00:00,142.85,142.89,142.85,39,142.89,35308,142.548433
2023-01-24 22:01:00+00:00,142.81,142.89,142.81,62,142.89,11763,142.850918
2023-01-24 22:02:00+00:00,142.81,142.85,142.8,87,142.85,7994,142.810313
2023-01-24 22:03:00+00:00,142.83,142.88,142.8,31,142.81,3429,142.835903
2023-01-24 22:04:00+00:00,142.82,142.87,142.82,25,142.82,5164,142.830759
2023-01-24 22:05:00+00:00,142.88,142.88,142.87,28,142.87,1604,142.871026
2023-01-24 22:06:00+00:00,142.91,142.92,142.89,23,142.89,2329,142.907936
2023-01-24 22:07:00+00:00,142.8403,142.9,142.8403,34,142.9,2075,142.895453
2023-01-24 22:08:00+00:00,142.89,142.89,142.85,25,142.85,528,142.87447
2023-01-24 22:09:00+00:00,142.84,142.9,142.82,57,142.9,5044,142.855257
2023-01-24 22:10:00+00:00,142.81,142.85,142.81,16,142.85,270,142.835852
2023-01-24 22:11:00+00:00,142.9377,142.94,142.87,145,142.87,2444,142.902151
2023-01-24 22:12:00+00:00,142.9,142.9,142.83,62,142.85,2098,142.878139
2023-01-24 22:13:00+00:00,143.02,143.02,142.85,66,142.93,5343,142.935266
2023-01-24 22:14:00+00:00,142.94,142.94,142.93,40,142.93,787,142.934738
2023-01-24 22:15:00+00:00,142.87,142.98,142.87,43,142.98,1915,142.915991
2023-01-24 22:16:00+00:00,142.89,142.93,142.85,51,142.93,5386,142.883048
2023-01-24 22:17:00+00:00,142.91,142.95,142.89,24,142.89,3258,142.927021
2023-01-24 22:18:00+00:00,142.82,142.9,142.82,51,142.9,7199,142.879338
2023-01-24 22:19:00+00:00,142.85,142.9,142.85,31,142.9,6054,142.624361
2023-01-24 22:20:00+00:00,142.86,142.9,142.86,16,142.9,1873,142.884431
2023-01-24 22:21:00+00:00,142.8703,142.9,142.86,26,142.8971,1288,142.892907
2023-01-24 22:22:00+00:00,142.85,142.9,142.85,40,142.9,3376,142.867496
2023-01-24 22:23:00+00:00,142.8992,142.8992,142.8992,25,142.8992,658,142.898134
2023-01-24 22:24:00+00:00,142.97,142.97,142.9,33,142.9,4265,142.945267
2023-01-24 22:25:00+00:00,142.85,142.9,142.85,21,142.9,478,142.873293
2023-01-24 22:27:00+00:00,142.86,142.86,142.86,25,142.86,725,142.864688
2023-01-24 22:28:00+00:00,142.92,142.92,142.88,36,142.88,461,142.901616
2023-01-24 22:29:00+00:00,142.93,142.97,142.93,42,142.97,1864,142.949504
2023-01-24 22:30:00+00:00,142.85,142.93,142.85,28,142.93,2350,142.873611
2023-01-24 22:31:00+00:00,142.92,142.92,142.9,14,142.9,278,142.895683
2023-01-24 22:32:00+00:00,142.84,142.93,142.84,45,142.91,3345,142.88384
2023-01-24 22:33:00+00:00,142.88,142.88,142.88,21,142.88,368,142.868995
2023-01-24 22:34:00+00:00,142.84,142.84,142.84,20,142.84,1869,142.841025
2023-01-24 22:35:00+00:00,142.92,142.92,142.89,25,142.9,1094,142.908629
2023-01-24 22:38:00+00:00,142.86,142.8991,142.86,21,142.8991,895,142.871023
2023-01-24 22:39:00+00:00,142.86,142.86,142.86,44,142.86,3655,142.860545
2023-01-24 22:40:00+00:00,142.94,142.94,142.89,30,142.89,1106,142.917622
2023-01-24 22:41:00+00:00,142.9,142.96,142.9,34,142.96,1511,142.953885
2023-01-24 22:42:00+00:00,142.97,142.97,142.9055,32,142.96,1269,142.949997
2023-01-24 22:43:00+00:00,142.91,142.92,142.91,35,142.92,1055,142.915962
2023-01-24 22:44:00+00:00,142.92,142.96,142.8503,41,142.86,5955,142.918144
2023-01-24 22:45:00+00:00,142.9,142.9,142.87,33,142.87,2096,142.879401
2023-01-24 22:46:00+00:00,142.96,142.98,142.87,31,142.87,5490,142.951308
2023-01-24 22:48:00+00:00,142.98,142.98,142.98,16,142.98,249,142.949478
2023-01-24 22:49:00+00:00,142.8,142.92,142.77,188,142.92,16649,142.828048
2023-01-24 22:50:00+00:00,142.8499,142.8499,142.67,280,142.75,8744,142.782665
2023-01-24 22:51:00+00:00,142.84,142.9,142.84,43,142.84,4261,142.868487
2023-01-24 22:52:00+00:00,142.72,142.83,142.72,137,142.83,3100,142.807327
2023-01-24 22:53:00+00:00,142.8,142.8,142.75,102,142.75,1051,142.763221
2023-01-24 22:54:00+00:00,142.84,142.84,142.66,40,142.68,2063,142.700991
2023-01-24 22:55:00+00:00,142.8,142.93,142.66,99,142.7,7669,142.812349
2023-01-24 22:56:00+00:00,142.86,142.87,142.72,37,142.8,4351,142.78812
2023-01-24 22:57:00+00:00,142.78,142.78,142.72,29,142.74,9714,142.737693
2023-01-24 22:58:00+00:00,142.7,142.75,142.65,35,142.72,3809,142.687629
2023-01-24 22:59:00+00:00,142.73,142.74,142.71,38,142.71,3114,142.729321
2023-01-24 23:00:00+00:00,142.65,142.86,142.65,31,142.76,8834,142.705791
2023-01-24 23:01:00+00:00,142.65,142.67,142.65,23,142.67,2175,142.657053
2023-01-24 23:02:00+00:00,142.72,142.72,142.65,13,142.65,779,142.660347
2023-01-24 23:03:00+00:00,142.82,142.82,142.65,46,142.65,501,142.697725
2023-01-24 23:04:00+00:00,142.57,142.73,142.57,75,142.65,2141,142.63678
2023-01-24 23:05:00+00:00,142.49,142.64,142.49,127,142.63,11982,142.538171
2023-01-24 23:06:00+00:00,142.74,142.85,142.4,101,142.51,13858,142.555453
2023-01-24 23:07:00+00:00,142.69,142.69,142.44,43,142.55,8694,142.600775
2023-01-24 23:08:00+00:00,142.69,142.69,142.48,51,142.66,3016,142.538975
2023-01-24 23:09:00+00:00,142.5,142.86,142.5,61,142.66,5473,142.607446
2023-01-24 23:10:00+00:00,142.61,142.61,142.43,59,142.5,17240,142.499966
2023-01-24 23:11:00+00:00,142.64,142.73,142.52,55,142.56,4040,142.629884
2023-01-24 23:12:00+00:00,142.65,142.65,142.64,39,142.64,5483,142.64693
2023-01-24 23:13:00+00:00,142.57,142.57,142.56,12,142.56,620,142.567815
2023-01-24 23:14:00+00:00,142.7,142.7,142.51,47,142.61,3442,142.650019
2023-01-24 23:15:00+00:00,142.68,142.69,142.53,28,142.58,2305,142.628725
2023-01-24 23:16:00+00:00,142.55,142.69,142.5,43,142.5,4282,142.594152
2023-01-24 23:17:00+00:00,142.49,142.67,142.49,61,142.65,9686,142.524295
2023-01-24 23:18:00+00:00,142.35,142.5,142.35,79,142.5,15389,142.423213
2023-01-24 23:19:00+00:00,142.4,142.44,142.26,105,142.35,11521,142.334591
2023-01-24 23:20:00+00:00,142.43,142.45,142.37,22,142.37,4372,142.398198
2023-01-24 23:21:00+00:00,142.31,142.32,142.31,21,142.32,739,142.317442
2023-01-24 23:22:00+00:00,142.31,142.34,142.3,26,142.34,667,142.314783
2023-01-24 23:23:00+00:00,142.24,142.39,142.23,83,142.31,18161,142.243286
2023-01-24 23:24:00+00:00,142.38,142.38,142.22,72,142.24,9268,142.263398
2023-01-24 23:25:00+00:00,142.19,142.25,142.15,69,142.25,6756,142.216484
2023-01-24 23:26:00+00:00,142.1,142.18,142.03,66,142.15,5819,142.102902
2023-01-24 23:27:00+00:00,142.03,142.05,141.9,131,142.05,20051,142.001767
2023-01-24 23:28:00+00:00,142.13,142.13,142.03,42,142.1,3124,142.097017
2023-01-24 23:29:00+00:00,142.03,142.05,142.0,60,142.05,5369,142.017318
2023-01-24 23:30:00+00:00,141.93,142.01,141.93,38,142.01,2946,141.964499
2023-01-24 23:31:00+00:00,141.73,142.0,141.73,95,142.0,4505,141.876219
2023-01-24 23:32:00+00:00,141.75,141.8,141.69,61,141.8,3821,141.711942
2023-01-24 23:33:00+00:00,141.93,141.93,141.76,44,141.8,3342,141.809425
2023-01-24 23:34:00+00:00,142.08,142.09,141.92,39,141.95,1726,142.020556
2023-01-24 23:35:00+00:00,141.98,142.08,141.98,26,142.08,2882,142.052327
2023-01-24 23:36:00+00:00,142.0,142.01,141.98,46,141.98,4246,141.988377
2023-01-24 23:37:00+00:00,142.0,142.06,142.0,25,142.06,1085,142.008571
2023-01-24 23:38:00+00:00,141.87,141.98,141.86,37,141.95,3180,141.891748
2023-01-24 23:39:00+00:00,141.98,142.0,141.85,62,141.87,2999,141.948278
2023-01-24 23:40:00+00:00,142.0,142.0,142.0,17,142.0,1458,141.996715
2023-01-24 23:41:00+00:00,141.99,142.0,141.98,21,142.0,1033,141.985586
2023-01-24 23:42:00+00:00,142.18,142.19,142.05,55,142.05,3695,142.127123
2023-01-24 23:43:00+00:00,141.93,142.13,141.93,33,142.13,2576,142.092698
2023-01-24 23:44:00+00:00,142.1,142.1,141.93,26,141.96,2574,141.958699
2023-01-24 23:45:00+00:00,141.9,141.9,141.9,19,141.9,653,141.903109
2023-01-24 23:46:00+00:00,141.86,141.91,141.86,24,141.91,3159,141.898672
2023-01-24 23:47:00+00:00,141.85,141.87,141.85,32,141.87,3173,141.858356
2023-01-24 23:48:00+00:00,141.94,141.94,141.86,26,141.86,1999,141.928079
2023-01-24 23:49:00+00:00,141.95,141.95,141.95,11,141.95,1998,141.938023
2023-01-24 23:50:00+00:00,141.87,141.87,141.85,37,141.87,7189,141.856668
2023-01-24 23:51:00+00:00,141.87,141.87,141.87,18,141.87,731,141.878543
2023-01-24 23:52:00+00:00,141.9,141.93,141.87,29,141.88,2173,141.901261
2023-01-24 23:53:00+00:00,141.87,141.93,141.72,61,141.9,2374,141.89015
2023-01-24 23:54:00+00:00,141.94,141.94,141.88,23,141.88,554,141.913592
2023-01-24 23:55:00+00:00,141.92,141.92,141.92,23,141.92,631,141.918978
2023-01-24 23:56:00+00:00,141.97,141.97,141.85,37,141.88,4927,141.891766
2023-01-24 23:57:00+00:00,142.0,142.0,141.94,34,141.95,7425,141.96921
2023-01-24 23:59:00+00:00,142.0,142.02,142.0,29,142.02,657,142.006606
2023-01-25 00:00:00+00:00,142.09,142.09,142.0,7,142.0,766,142.071005
2023-01-25 00:01:00+00:00,141.93,142.08,141.9001,44,141.9001,12789,142.069541
2023-01-25 00:02:00+00:00,142.09,142.09,141.94,28,141.94,2643,142.064616
2023-01-25 00:03:00+00:00,142.1,142.1,142.07,24,142.07,675,142.090289
2023-01-25 00:04:00+00:00,142.11,142.13,142.11,20,142.13,619,142.126107
2023-01-25 00:05:00+00:00,142.14,142.14,142.1,29,142.14,5340,142.134188
2023-01-25 00:06:00+00:00,142.19,142.19,142.01,56,142.13,5599,142.146929
2023-01-25 00:07:00+00:00,142.29,142.29,142.2,32,142.2,13209,142.241181
2023-01-25 00:08:00+00:00,142.3,142.3,142.24,30,142.29,2975,142.284264
2023-01-25 00:10:00+00:00,142.2,142.2,142.1,18,142.14,1201,142.163876
2023-01-25 00:11:00+00:00,142.2,142.2,142.17,24,142.17,660,142.168174
2023-01-25 00:12:00+00:00,142.28,142.3,142.27,30,142.28,5915,142.276189
2023-01-25 00:13:00+00:00,142.26,142.28,142.26,23,142.28,6506,142.274685
2023-01-25 00:14:00+00:00,142.2,142.3,142.2,16,142.3,1661,142.213796
2023-01-25 00:15:00+00:00,142.27,142.33,142.26,67,142.26,3502,142.305798
2023-01-25 00:16:00+00:00,142.24,142.24,142.16,32,142.16,1313,142.186264
2023-01-25 00:17:00+00:00,142.2,142.24,142.17,19,142.24,556,142.200333
2023-01-25 00:18:00+00:00,142.27,142.3,142.2,56,142.2,4021,142.25888
2023-01-25 00:19:00+00:00,142.22,142.26,142.21,24,142.25,1745,142.222447
2023-01-25 00:20:00+00:00,142.18,142.18,142.18,10,142.18,618,142.180461
2023-01-25 00:21:00+00:00,142.2,142.2,142.17,16,142.19,1612,142.195251
2023-01-25 00:22:00+00:00,142.18,142.18,142.18,7,142.18,146,142.183185
2023-01-25 00:23:00+00:00,142.19,142.22,142.19,11,142.22,366,142.198142
2023-01-25 00:25:00+00:00,142.25,142.25,142.2,25,142.21,1519,142.225359
2023-01-25 00:26:00+00:00,142.19,142.3,142.17,44,142.27,3407,142.248471
2023-01-25 00:27:00+00:00,142.3,142.3,142.22,20,142.22,869,142.241358
2023-01-25 00:28:00+00:00,142.25,142.25,142.2,18,142.25,1750,142.236989
2023-01-25 00:29:00+00:00,142.2,142.25,142.2,28,142.25,4042,142.217124
2023-01-25 00:30:00+00:00,142.11,142.11,142.11,26,142.11,671,142.1069
2023-01-25 00:31:00+00:00,142.04,142.15,142.04,44,142.11,5486,142.083215
2023-01-25 00:32:00+00:00,142.0301,142.0301,142.0301,11,142.0301,345,142.035223
2023-01-25 00:33:00+00:00,142.01,142.05,142.01,28,142.04,4330,142.032113
2023-01-25 00:34:00+00:00,141.97,142.01,141.96,23,142.0,2210,141.995584
2023-01-25 00:35:00+00:00,141.96,142.0,141.96,19,141.97,884,141.977862
2023-01-25 00:36:00+00:00,141.97,141.97,141.95,21,141.95,560,141.951286
2023-01-25 00:37:00+00:00,142.0,142.0,141.96,23,141.96,4478,141.990736
2023-01-25 00:38:00+00:00,142.01,142.1,142.01,22,142.05,1726,142.058268
2023-01-25 00:39:00+00:00,142.06,142.1,142.05,33,142.06,3239,142.069304
2023-01-25 00:40:00+00:00,142.0,142.06,142.0,30,142.06,857,142.013786
2023-01-25 00:41:00+00:00,142.0,142.0,142.0,18,142.0,3245,142.002351
2023-01-25 00:42:00+00:00,142.0,142.0,142.0,17,142.0,1089,142.002484
2023-01-25 00:43:00+00:00,142.02,142.02,142.0,31,142.02,992,142.013533
2023-01-25 00:44:00+00:00,142.01,142.02,141.99,44,142.02,5293,142.00197
2023-01-25 00:45:00+00:00,141.97,141.97,141.97,16,141.97,408,141.991667
2023-01-25 00:46:00+00:00,141.93,141.96,141.93,43,141.96,587,141.942862
2023-01-25 00:47:00+00:00,141.96,141.96,141.9,45,141.9,4816,141.914125
2023-01-25 00:48:00+00:00,141.91,141.91,141.91,20,141.91,452,141.913894
2023-01-25 00:49:00+00:00,141.95,141.95,141.92,18,141.92,1326,141.945143
2023-01-25 00:50:00+00:00,141.91,141.95,141.91,23,141.92,1139,141.923903
2023-01-25 00:51:00+00:00,141.9,141.9,141.87,45,141.9,5053,141.896973
2023-01-25 00:53:00+00:00,141.81,141.85,141.81,35,141.83,3655,141.823105
2023-01-25 00:54:00+00:00,141.83,141.84,141.82,20,141.82,2327,141.830655
2023-01-25 00:55:00+00:00,141.85,141.85,141.82,21,141.84,1264,141.833161
2023-01-25 00:56:00+00:00,141.9,141.9,141.82,28,141.83,2464,141.860925
2023-01-25 00:57:00+00:00,141.92,141.95,141.9,19,141.9,860,141.912907
2023-01-25 00:58:00+00:00,141.9201,141.98,141.92,27,141.92,1298,141.944133
2023-01-25 00:59:00+00:00,141.82,141.9,141.82,46,141.9,4382,141.884464
