timestamp,close,high,low,trade_count,open,volume,vwap
2023-02-17 00:00:00+00:00,152.88,152.97,152.88,12,152.97,438,152.91903
2023-02-17 00:02:00+00:00,152.98,152.98,152.94,23,152.94,1324,152.965453
2023-02-17 00:03:00+00:00,152.98,152.98,152.95,23,152.95,1217,152.966417
2023-02-17 00:04:00+00:00,152.97,152.97,152.97,9,152.97,188,152.953644
2023-02-17 00:05:00+00:00,153.08,153.08,152.98,45,152.98,4572,152.999023
2023-02-17 00:06:00+00:00,153.07,153.07,153.0,12,153.01,1368,153.00875
2023-02-17 00:07:00+00:00,153.0,153.0,153.0,9,153.0,268,152.998825
2023-02-17 00:08:00+00:00,153.0,153.0,153.0,16,153.0,973,153.007086
2023-02-17 00:09:00+00:00,153.0,153.01,153.0,19,153.01,1043,153.006007
2023-02-17 00:10:00+00:00,153.0,153.0,153.0,13,153.0,165,153.004758
2023-02-17 00:11:00+00:00,153.01,153.04,153.01,12,153.03,512,153.028018
2023-02-17 00:12:00+00:00,153.0,153.0,153.0,16,153.0,843,153.000178
2023-02-17 00:13:00+00:00,153.0,153.0,153.0,11,153.0,802,153.002101
2023-02-17 00:14:00+00:00,153.0,153.0,153.0,8,153.0,216,153.003241
2023-02-17 00:15:00+00:00,153.0,153.0,153.0,9,153.0,1103,153.001578
2023-02-17 00:16:00+00:00,153.0,153.0,153.0,27,153.0,864,153.000405
2023-02-17 00:20:00+00:00,153.02,153.02,153.01,15,153.01,810,153.015809
2023-02-17 00:21:00+00:00,153.01,153.04,153.01,20,153.02,825,153.026733
2023-02-17 00:22:00+00:00,153.02,153.02,153.02,13,153.02,257,153.018794
2023-02-17 00:23:00+00:00,153.0,153.01,153.0,25,153.0,1732,153.001839
2023-02-17 00:25:00+00:00,153.01,153.01,153.01,16,153.01,360,153.005917
2023-02-17 00:27:00+00:00,152.94,152.94,152.94,12,152.94,204,152.949044
2023-02-17 00:28:00+00:00,152.9,152.91,152.9,17,152.91,428,152.912056
2023-02-17 00:29:00+00:00,152.91,152.91,152.9,17,152.9,796,152.910992
2023-02-17 00:30:00+00:00,153.0,153.01,152.95,30,152.95,3189,152.980292
2023-02-17 00:32:00+00:00,152.96,152.96,152.95,12,152.95,472,152.957225
2023-02-17 00:33:00+00:00,152.89,152.96,152.89,9,152.96,1162,152.934905
2023-02-17 00:36:00+00:00,152.95,152.95,152.95,13,152.95,273,152.94511
2023-02-17 00:37:00+00:00,152.92,152.92,152.92,13,152.92,366,152.926694
2023-02-17 00:39:00+00:00,152.92,152.97,152.92,9,152.97,426,152.934366
2023-02-17 00:40:00+00:00,152.98,152.98,152.97,12,152.97,511,152.972397
2023-02-17 00:42:00+00:00,152.97,152.97,152.97,12,152.97,248,152.967218
2023-02-17 00:43:00+00:00,153.0,153.0,153.0,25,153.0,1431,152.988959
2023-02-17 00:45:00+00:00,152.9,152.91,152.9,27,152.91,1217,152.905267
2023-02-17 00:46:00+00:00,152.9,152.97,152.9,13,152.97,660,152.904629
2023-02-17 00:47:00+00:00,152.9599,152.9599,152.87,18,152.87,809,152.916137
2023-02-17 00:48:00+00:00,152.93,152.93,152.93,22,152.93,601,152.952479
2023-02-17 00:49:00+00:00,152.99,152.99,152.98,12,152.98,590,152.982534
2023-02-17 00:51:00+00:00,152.99,152.99,152.97,21,152.97,988,152.981943
2023-02-17 00:52:00+00:00,152.98,152.98,152.98,7,152.98,276,152.974257
2023-02-17 00:53:00+00:00,152.99,152.99,152.96,21,152.96,566,152.972067
2023-02-17 00:55:00+00:00,152.98,153.0,152.96,35,152.99,2079,152.983105
2023-02-17 00:56:00+00:00,152.94,153.0,152.94,26,153.0,1045,152.959024
2023-02-17 00:57:00+00:00,152.9,153.0,152.9,17,153.0,3364,152.922023
2023-02-17 00:58:00+00:00,152.85,152.97,152.85,37,152.97,4437,152.86227
2023-02-17 00:59:00+00:00,152.81,152.9,152.81,29,152.86,3192,152.842798
2023-02-17 09:00:00+00:00,151.94,152.8,151.94,102,152.8,2638,152.16677
2023-02-17 09:01:00+00:00,151.95,152.25,151.89,142,152.13,8835,152.012697
2023-02-17 09:02:00+00:00,151.93,151.97,151.87,56,151.88,2497,151.920973
2023-02-17 09:03:00+00:00,152.11,152.11,151.9,116,151.91,8394,151.937119
2023-02-17 09:05:00+00:00,152.01,152.14,152.01,46,152.1,2123,152.050565
2023-02-17 09:06:00+00:00,151.9,152.05,151.89,63,151.95,2150,151.971791
2023-02-17 09:07:00+00:00,151.94,151.94,151.94,38,151.94,1711,151.934056
2023-02-17 09:08:00+00:00,151.95,151.95,151.95,45,151.95,863,151.970881
2023-02-17 09:09:00+00:00,152.04,152.04,152.02,23,152.03,842,152.038147
2023-02-17 09:10:00+00:00,152.11,152.11,152.08,30,152.08,890,152.089011
2023-02-17 09:11:00+00:00,152.07,152.08,152.05,66,152.07,2819,152.059056
2023-02-17 09:12:00+00:00,151.93,152.05,151.93,41,152.05,3119,152.00302
2023-02-17 09:13:00+00:00,151.92,151.97,151.92,24,151.97,1469,151.937883
2023-02-17 09:15:00+00:00,151.94,151.97,151.94,17,151.97,522,151.962203
2023-02-17 09:18:00+00:00,151.92,151.94,151.92,34,151.94,1318,151.940842
2023-02-17 09:20:00+00:00,152.0,152.0,151.85,77,151.92,2848,151.942704
2023-02-17 09:21:00+00:00,152.05,152.05,151.92,55,151.93,2157,152.00656
2023-02-17 09:22:00+00:00,152.11,152.11,152.08,18,152.08,1045,152.094861
2023-02-17 09:24:00+00:00,152.31,152.31,152.19,33,152.19,1197,152.257444
2023-02-17 09:26:00+00:00,152.17,152.31,152.17,42,152.3,1438,152.248741
2023-02-17 09:27:00+00:00,152.21,152.21,152.21,34,152.21,794,152.247317
2023-02-17 09:29:00+00:00,152.4,152.4,152.4,19,152.4,623,152.388636
2023-02-17 09:30:00+00:00,152.4,152.4,152.4,11,152.4,325,152.394831
2023-02-17 09:31:00+00:00,152.4,152.4,152.4,12,152.4,325,152.4032
2023-02-17 09:32:00+00:00,152.53,152.53,152.47,30,152.47,3690,152.498409
2023-02-17 09:33:00+00:00,152.47,152.53,152.47,23,152.52,2098,152.492336
2023-02-17 09:34:00+00:00,152.4,152.49,152.4,17,152.49,1166,152.448268
2023-02-17 09:36:00+00:00,152.26,152.4,152.26,42,152.4,748,152.308075
2023-02-17 09:37:00+00:00,152.23,152.32,152.23,21,152.32,1153,152.266557
2023-02-17 09:38:00+00:00,152.22,152.32,152.22,26,152.32,2734,152.235541
2023-02-17 09:40:00+00:00,152.31,152.31,152.31,10,152.31,595,152.304874
2023-02-17 09:41:00+00:00,152.3,152.3,152.3,9,152.3,657,152.3
2023-02-17 09:42:00+00:00,152.29,152.3,152.26,15,152.3,1182,152.291777
2023-02-17 09:43:00+00:00,152.27,152.29,152.27,7,152.29,310,152.276452
2023-02-17 09:44:00+00:00,152.31,152.32,152.25,23,152.25,920,152.287598
2023-02-17 09:45:00+00:00,152.3,152.3,152.3,15,152.3,1070,152.302215
2023-02-17 09:46:00+00:00,152.31,152.31,152.31,10,152.31,433,152.307436
2023-02-17 09:47:00+00:00,152.37,152.37,152.36,24,152.36,1011,152.353996
2023-02-17 09:48:00+00:00,152.21,152.25,152.21,17,152.25,742,152.228181
2023-02-17 09:49:00+00:00,152.21,152.21,152.21,15,152.21,444,152.215158
2023-02-17 09:51:00+00:00,152.2,152.33,152.2,25,152.33,937,152.26666
2023-02-17 09:53:00+00:00,152.21,152.34,152.21,52,152.34,2329,152.304921
2023-02-17 09:54:00+00:00,152.2,152.25,152.2,12,152.24,570,152.232053
2023-02-17 09:55:00+00:00,152.21,152.21,152.21,17,152.21,552,152.213641
2023-02-17 09:56:00+00:00,152.2,152.25,152.2,30,152.22,2311,152.223985
2023-02-17 09:57:00+00:00,152.12,152.2,152.12,31,152.2,967,152.136122
2023-02-17 10:02:00+00:00,152.19,152.19,152.19,17,152.19,773,152.177658
2023-02-17 10:03:00+00:00,152.17,152.17,152.17,33,152.17,726,152.17803
2023-02-17 10:08:00+00:00,152.17,152.17,152.17,11,152.17,203,152.167143
2023-02-17 10:09:00+00:00,152.17,152.17,152.17,10,152.17,197,152.17066
2023-02-17 10:14:00+00:00,152.18,152.18,152.18,15,152.18,486,152.217263
2023-02-17 10:15:00+00:00,152.16,152.16,152.16,6,152.16,358,152.167207
2023-02-17 10:16:00+00:00,152.27,152.27,152.27,17,152.27,587,152.257513
2023-02-17 10:17:00+00:00,152.21,152.21,152.21,19,152.21,546,152.231648
2023-02-17 10:18:00+00:00,152.3,152.3,152.3,7,152.3,136,152.296838
2023-02-17 10:22:00+00:00,152.14,152.16,152.14,44,152.16,1666,152.147407
2023-02-17 10:23:00+00:00,152.02,152.1,152.01,50,152.1,2446,152.073312
2023-02-17 10:24:00+00:00,152.1,152.1,152.1,9,152.1,580,152.091103
2023-02-17 10:25:00+00:00,152.1,152.1,152.1,8,152.1,811,152.1
2023-02-17 10:27:00+00:00,152.2,152.2,152.2,15,152.2,718,152.170251
2023-02-17 10:28:00+00:00,152.27,152.27,152.27,17,152.27,769,152.264278
2023-02-17 10:29:00+00:00,152.27,152.27,152.27,14,152.27,1199,152.26789
2023-02-17 10:32:00+00:00,152.16,152.16,152.16,5,152.16,146,152.157192
2023-02-17 10:35:00+00:00,152.15,152.15,152.15,11,152.15,226,152.151858
2023-02-17 10:36:00+00:00,152.12,152.12,152.12,19,152.12,297,152.129057
2023-02-17 10:43:00+00:00,152.15,152.15,152.15,21,152.15,741,152.138259
2023-02-17 10:45:00+00:00,152.14,152.14,152.13,17,152.13,923,152.139382
2023-02-17 10:46:00+00:00,152.2,152.2,152.2,12,152.2,219,152.2
2023-02-17 10:49:00+00:00,152.09,152.09,152.08,22,152.09,1061,152.086013
2023-02-17 10:58:00+00:00,152.02,152.06,152.02,38,152.06,2025,152.0404
2023-02-17 10:59:00+00:00,152.02,152.02,152.02,5,152.02,401,152.02015
2023-02-17 11:00:00+00:00,152.02,152.02,152.01,17,152.01,1091,152.012218
2023-02-17 11:02:00+00:00,152.01,152.04,152.01,19,152.04,2079,152.033069
2023-02-17 11:03:00+00:00,152.0,152.0,152.0,10,152.0,506,152.00415
2023-02-17 11:07:00+00:00,152.0,152.01,152.0,90,152.01,3344,151.997886
2023-02-17 11:08:00+00:00,151.92,151.92,151.92,28,151.92,1386,151.919603
2023-02-17 11:09:00+00:00,151.91,151.92,151.91,16,151.92,485,151.916804
2023-02-17 11:10:00+00:00,151.9,151.92,151.86,110,151.92,10759,151.87339
2023-02-17 11:13:00+00:00,151.95,151.95,151.87,24,151.87,1452,151.92447
2023-02-17 11:14:00+00:00,151.93,151.93,151.93,9,151.93,491,151.92336
2023-02-17 11:17:00+00:00,151.99,151.99,151.99,5,151.99,115,151.98313
2023-02-17 11:18:00+00:00,151.95,151.95,151.95,11,151.95,228,151.940132
2023-02-17 11:22:00+00:00,151.96,151.96,151.96,19,151.96,860,151.964953
2023-02-17 11:23:00+00:00,151.98,151.98,151.98,11,151.98,496,151.980968
2023-02-17 11:26:00+00:00,152.1,152.1,152.09,21,152.09,420,152.087238
2023-02-17 11:33:00+00:00,152.0,152.02,152.0,35,152.02,1641,152.014327
2023-02-17 11:36:00+00:00,151.86,151.98,151.86,34,151.98,1476,151.91439
2023-02-17 11:37:00+00:00,151.9,151.9,151.9,15,151.9,575,151.890748
2023-02-17 11:39:00+00:00,151.86,151.86,151.86,26,151.86,760,151.898789
2023-02-17 11:41:00+00:00,152.05,152.05,152.05,26,152.05,1287,152.030746
2023-02-17 11:44:00+00:00,152.09,152.09,152.07,15,152.07,1701,152.078507
2023-02-17 11:45:00+00:00,152.09,152.1,152.08,17,152.1,799,152.09015
2023-02-17 11:46:00+00:00,152.1,152.1,152.09,30,152.09,2929,152.101226
2023-02-17 11:51:00+00:00,152.06,152.06,152.06,37,152.06,925,152.030432
2023-02-17 11:57:00+00:00,152.02,152.02,152.02,23,152.02,666,152.035721
2023-02-17 11:58:00+00:00,152.07,152.07,152.07,5,152.07,168,152.059762
2023-02-17 12:00:00+00:00,152.2,152.26,152.12,247,152.12,10177,152.210589
2023-02-17 12:01:00+00:00,152.19,152.2,152.19,47,152.2,2961,152.201202
2023-02-17 12:02:00+00:00,152.13,152.14,152.13,31,152.14,3610,152.133643
2023-02-17 12:03:00+00:00,152.15,152.15,152.15,17,152.15,643,152.152893
2023-02-17 12:04:00+00:00,152.2,152.2,152.17,33,152.17,2415,152.181304
2023-02-17 12:05:00+00:00,152.23,152.23,152.2,35,152.2,1348,152.214666
2023-02-17 12:06:00+00:00,152.23,152.23,152.18,41,152.18,1864,152.208739
2023-02-17 12:07:00+00:00,152.24,152.24,152.24,15,152.24,804,152.238557
2023-02-17 12:09:00+00:00,152.24,152.24,152.24,27,152.24,397,152.23995
2023-02-17 12:10:00+00:00,152.18,152.21,152.18,45,152.21,4563,152.199836
2023-02-17 12:11:00+00:00,152.2,152.2,152.2,19,152.2,1252,152.198714
2023-02-17 12:13:00+00:00,152.19,152.2,152.19,29,152.2,1126,152.193952
2023-02-17 12:14:00+00:00,152.21,152.22,152.21,36,152.22,1351,152.213634
2023-02-17 12:19:00+00:00,152.25,152.26,152.22,35,152.23,1676,152.243771
2023-02-17 12:20:00+00:00,152.2,152.22,152.2,32,152.22,1672,152.20622
2023-02-17 12:21:00+00:00,152.16,152.16,152.16,30,152.16,938,152.16307
2023-02-17 12:22:00+00:00,152.18,152.18,152.18,19,152.18,720,152.173667
2023-02-17 12:24:00+00:00,152.15,152.15,152.15,11,152.15,404,152.145124
2023-02-17 12:27:00+00:00,152.18,152.18,152.18,21,152.18,548,152.182847
2023-02-17 12:29:00+00:00,152.1,152.1,152.1,42,152.1,687,152.127351
2023-02-17 12:35:00+00:00,152.11,152.11,152.11,22,152.11,539,152.120742
2023-02-17 12:37:00+00:00,152.18,152.18,152.18,19,152.18,484,152.177231
2023-02-17 12:39:00+00:00,152.2,152.2,152.2,28,152.2,1869,152.200332
2023-02-17 12:41:00+00:00,152.29,152.29,152.26,25,152.26,598,152.277826
2023-02-17 12:42:00+00:00,152.5,152.5,152.29,138,152.29,8221,152.383483
2023-02-17 12:44:00+00:00,152.45,152.45,152.42,42,152.42,4774,152.428398
2023-02-17 12:45:00+00:00,152.45,152.48,152.43,39,152.44,2940,152.455575
2023-02-17 12:46:00+00:00,152.39,152.41,152.38,52,152.41,2819,152.396144
2023-02-17 12:47:00+00:00,152.44,152.44,152.4,17,152.4,1012,152.412223
2023-02-17 12:48:00+00:00,152.45,152.45,152.45,16,152.45,646,152.462554
2023-02-17 12:49:00+00:00,152.45,152.45,152.45,23,152.45,426,152.457371
2023-02-17 12:50:00+00:00,152.4,152.45,152.4,61,152.45,1695,152.409705
2023-02-17 12:51:00+00:00,152.36,152.36,152.36,32,152.36,357,152.372437
2023-02-17 12:52:00+00:00,152.4,152.4,152.4,21,152.4,262,152.393893
2023-02-17 12:53:00+00:00,152.4,152.4,152.4,7,152.4,289,152.398166
2023-02-17 12:54:00+00:00,152.4,152.4,152.4,30,152.4,310,152.398903
2023-02-17 12:56:00+00:00,152.35,152.35,152.35,45,152.35,1628,152.360467
2023-02-17 12:58:00+00:00,152.4,152.4,152.4,37,152.4,1856,152.379407
2023-02-17 12:59:00+00:00,152.38,152.38,152.38,13,152.38,407,152.393857
2023-02-17 13:00:00+00:00,152.46,152.5,152.0733,547,152.22,64441,152.260596
2023-02-17 13:01:00+00:00,152.37,152.83,152.37,741,152.4,13165,152.37638
2023-02-17 13:02:00+00:00,152.36,152.99,152.3007,320,152.7,4664,152.486318
2023-02-17 13:03:00+00:00,152.3,152.36,152.3,40,152.36,521,152.394012
2023-02-17 13:04:00+00:00,152.35,152.35,152.31,93,152.3137,1481,152.328623
2023-02-17 13:05:00+00:00,152.36,152.4393,152.36,40,152.4393,1041,152.363924
2023-02-17 13:06:00+00:00,152.35,152.35,152.35,46,152.35,965,152.337632
2023-02-17 13:07:00+00:00,152.25,152.27,152.25,74,152.27,9420,152.266019
2023-02-17 13:08:00+00:00,152.2,152.3,152.2,58,152.3,1806,152.212683
2023-02-17 13:09:00+00:00,152.22,152.22,152.1764,38,152.1764,1362,152.210402
2023-02-17 13:10:00+00:00,152.29,152.29,152.21,42,152.21,1753,152.232939
2023-02-17 13:11:00+00:00,152.17,152.26,152.17,75,152.1715,3024,152.218834
2023-02-17 13:12:00+00:00,152.22,152.26,152.2,47,152.25,1155,152.227329
2023-02-17 13:13:00+00:00,152.2199,152.2199,152.17,115,152.17,3132,152.18375
2023-02-17 13:14:00+00:00,152.18,152.26,152.18,58,152.25,4599,152.194577
2023-02-17 13:15:00+00:00,152.32,152.32,152.25,100,152.25,5860,152.269526
2023-02-17 13:16:00+00:00,152.32,152.32,152.32,21,152.32,488,152.317782
2023-02-17 13:17:00+00:00,152.34,152.34,152.34,13,152.34,1033,152.339013
2023-02-17 13:18:00+00:00,152.3,152.3,152.21,69,152.29,1421,152.261492
2023-02-17 13:19:00+00:00,152.2043,152.29,152.2043,36,152.29,1131,152.266622
2023-02-17 13:20:00+00:00,152.3,152.3,152.3,32,152.3,975,152.296462
2023-02-17 13:21:00+00:00,152.23,152.29,152.0,234,152.25,8229,152.158671
2023-02-17 13:22:00+00:00,152.06,152.1,152.01,59,152.01,3153,152.045791
2023-02-17 13:23:00+00:00,152.1,152.14,152.06,41,152.06,5397,152.076151
2023-02-17 13:24:00+00:00,152.09,152.11,152.09,31,152.09,2354,152.095501
2023-02-17 13:25:00+00:00,152.07,152.07,152.07,51,152.07,879,152.086689
2023-02-17 13:26:00+00:00,152.07,152.0999,152.07,31,152.0999,896,152.083834
2023-02-17 13:27:00+00:00,152.1,152.1396,152.1,23,152.1396,1185,152.133738
2023-02-17 13:28:00+00:00,152.07,152.1,152.07,24,152.1,551,152.079802
2023-02-17 13:29:00+00:00,152.1,152.12,152.07,41,152.07,1942,152.103465
2023-02-17 13:30:00+00:00,152.25,152.28,152.11,79,152.12,6466,152.187217
2023-02-17 13:31:00+00:00,152.34,152.34,152.23,43,152.23,1662,152.297018
2023-02-17 13:32:00+00:00,152.3,152.34,152.3,40,152.34,2292,152.302995
2023-02-17 13:33:00+00:00,152.35,152.35,152.35,23,152.35,467,152.338768
2023-02-17 13:34:00+00:00,152.3,152.35,152.3,52,152.346,3260,152.337938
2023-02-17 13:35:00+00:00,152.32,152.32,152.31,40,152.31,889,152.321821
2023-02-17 13:36:00+00:00,152.3,152.35,152.3,56,152.34,1503,152.330202
2023-02-17 13:37:00+00:00,152.35,152.35,152.26,85,152.301,9304,152.308559
2023-02-17 13:38:00+00:00,152.15,152.34,152.15,122,152.34,8382,152.240804
2023-02-17 13:39:00+00:00,152.31,152.31,152.15,25,152.15,1643,152.254016
2023-02-17 13:40:00+00:00,152.25,152.25,152.15,36,152.15,1002,152.221477
2023-02-17 13:42:00+00:00,152.22,152.29,152.22,37,152.29,623,152.232622
2023-02-17 13:43:00+00:00,152.3098,152.3098,152.3098,28,152.3098,383,152.291048
2023-02-17 13:44:00+00:00,152.2,152.2499,152.2,40,152.2499,696,152.238027
2023-02-17 13:45:00+00:00,152.2,152.3,152.2,28,152.3,741,152.25006
2023-02-17 13:46:00+00:00,152.48,152.48,152.29,132,152.29,4126,152.380577
2023-02-17 13:47:00+00:00,152.34,152.49,152.34,56,152.48,4220,152.474361
2023-02-17 13:48:00+00:00,152.46,152.46,152.37,44,152.432,6022,152.414906
2023-02-17 13:49:00+00:00,152.55,152.55,152.45,122,152.46,9795,152.495654
2023-02-17 13:50:00+00:00,152.54,152.6,152.54,58,152.5998,10262,152.566043
2023-02-17 13:51:00+00:00,152.5,152.53,152.5,57,152.53,2086,152.520842
2023-02-17 13:52:00+00:00,152.4,152.49,152.4,139,152.49,4948,152.460644
2023-02-17 13:53:00+00:00,152.36,152.37,152.3,195,152.37,8311,152.340421
2023-02-17 13:54:00+00:00,152.37,152.37,152.37,40,152.37,1962,152.361744
2023-02-17 13:56:00+00:00,152.52,152.52,152.5193,21,152.5193,1262,152.514775
2023-02-17 13:57:00+00:00,152.52,152.52,152.52,26,152.52,291,152.499931
2023-02-17 13:58:00+00:00,152.52,152.52,152.48,37,152.48,2772,152.509412
2023-02-17 13:59:00+00:00,152.5,152.52,152.48,37,152.52,1253,152.500746
2023-02-17 14:00:00+00:00,152.5,152.5,152.5,46,152.5,1955,152.496499
2023-02-17 14:01:00+00:00,152.48,152.51,152.48,58,152.5,4894,152.498491
2023-02-17 14:02:00+00:00,152.45,152.5,152.45,45,152.5,2266,152.459834
2023-02-17 14:03:00+00:00,152.5199,152.52,152.5,62,152.51,6159,152.511129
2023-02-17 14:04:00+00:00,152.61,152.61,152.52,49,152.52,965,152.577725
2023-02-17 14:05:00+00:00,152.58,152.61,152.58,134,152.61,2220,152.591883
2023-02-17 14:06:00+00:00,152.59,152.59,152.55,33,152.55,715,152.583988
2023-02-17 14:07:00+00:00,152.7,152.7,152.6321,76,152.6321,6460,152.689116
2023-02-17 14:08:00+00:00,152.71,152.71,152.7,42,152.7,1200,152.698395
2023-02-17 14:09:00+00:00,152.7,152.74,152.65,74,152.74,2096,152.711221
2023-02-17 14:10:00+00:00,152.67,152.73,152.67,61,152.73,3266,152.691953
2023-02-17 14:11:00+00:00,152.72,152.72,152.7179,54,152.7179,1208,152.695454
2023-02-17 14:12:00+00:00,152.7,152.74,152.7,37,152.72,2202,152.724406
2023-02-17 14:13:00+00:00,152.73,152.73,152.7,84,152.7,1872,152.720522
2023-02-17 14:14:00+00:00,152.86,152.86,152.736,118,152.736,4345,152.786286
2023-02-17 14:15:00+00:00,152.8,152.86,152.72,97,152.81,4801,152.798389
2023-02-17 14:16:00+00:00,152.8,152.8,152.76,38,152.8,1460,152.802337
2023-02-17 14:17:00+00:00,152.83,152.8369,152.7752,56,152.7752,1921,152.821562
2023-02-17 14:18:00+00:00,152.9,152.99,152.83,179,152.83,8384,152.897101
2023-02-17 14:19:00+00:00,152.93,152.96,152.9,104,152.94,8673,152.927334
2023-02-17 14:20:00+00:00,152.94,152.97,152.91,76,152.95,2846,152.926657
2023-02-17 14:21:00+00:00,152.9,152.98,152.9,114,152.9,8472,152.928254
2023-02-17 14:22:00+00:00,152.824,152.91,152.82,84,152.9,5276,152.871665
2023-02-17 14:23:00+00:00,152.76,152.8492,152.76,68,152.8492,3954,152.819253
2023-02-17 14:24:00+00:00,152.8,152.83,152.8,93,152.8,5596,152.803864
2023-02-17 14:25:00+00:00,153.27,153.39,152.75,557,152.8,39899,153.123177
2023-02-17 14:26:00+00:00,153.11,153.35,153.11,279,153.27,28392,153.237819
2023-02-17 14:27:00+00:00,152.7,153.15,152.7,296,153.1,28781,152.924579
2023-02-17 14:28:00+00:00,152.57,152.8,152.56,274,152.71,17768,152.681152
2023-02-17 14:29:00+00:00,152.39,152.665,152.07,548,152.665,96358,152.266086
2023-02-17 14:30:00+00:00,152.47,152.57,152.18,11431,152.35,4388370,152.442159
2023-02-17 14:31:00+00:00,152.41,152.75,152.38,8735,152.47,334754,152.586104
2023-02-17 14:32:00+00:00,152.5765,152.7,152.41,7827,152.42,225664,152.555714
2023-02-17 14:33:00+00:00,152.71,152.87,152.51,8295,152.565,236206,152.728962
2023-02-17 14:34:00+00:00,152.9711,152.99,152.67,3604,152.7,243062,152.81983
2023-02-17 14:35:00+00:00,152.83,153.0,152.7,2199,152.9616,222696,152.870111
2023-02-17 14:36:00+00:00,152.65,152.82,152.57,1846,152.81,178049,152.666702
2023-02-17 14:37:00+00:00,152.53,152.65,152.26,3246,152.64,350628,152.503506
2023-02-17 14:38:00+00:00,152.58,152.88,152.515,3377,152.53,352218,152.73205
2023-02-17 14:39:00+00:00,152.07,152.61,151.95,4110,152.58,376545,152.214473
2023-02-17 14:40:00+00:00,152.1712,152.24,151.94,2753,152.06,277761,152.105498
2023-02-17 14:41:00+00:00,152.41,152.4357,152.14,2169,152.1734,227305,152.353654
2023-02-17 14:42:00+00:00,152.31,152.55,152.27,1937,152.415,218428,152.420163
2023-02-17 14:43:00+00:00,152.22,152.41,152.2,1476,152.3199,145563,152.314858
2023-02-17 14:44:00+00:00,152.24,152.3,152.16,1458,152.21,129679,152.222459
2023-02-17 14:45:00+00:00,151.985,152.24,151.9705,2493,152.2,262424,152.105555
2023-02-17 14:46:00+00:00,151.915,152.02,151.82,2280,151.97,226804,151.922397
2023-02-17 14:47:00+00:00,151.9999,152.06,151.825,1640,151.91,171683,151.963878
2023-02-17 14:48:00+00:00,151.7862,151.99,151.7679,1774,151.99,152743,151.882556
2023-02-17 14:49:00+00:00,151.785,151.9,151.7114,2354,151.7848,222852,151.793243
2023-02-17 14:50:00+00:00,151.73,151.83,151.64,2096,151.785,205329,151.714346
2023-02-17 14:51:00+00:00,151.81,151.9132,151.67,1769,151.72,192259,151.784411
2023-02-17 14:52:00+00:00,151.89,151.955,151.77,1747,151.815,174320,151.840575
2023-02-17 14:53:00+00:00,151.8,151.8966,151.8,1956,151.8859,206254,151.832345
2023-02-17 14:54:00+00:00,151.74,151.8161,151.67,1753,151.805,182725,151.756654
2023-02-17 14:55:00+00:00,151.665,151.72,151.52,2313,151.72,224648,151.590903
2023-02-17 14:56:00+00:00,151.7622,151.7795,151.53,1744,151.67,169665,151.659739
2023-02-17 14:57:00+00:00,151.54,151.79,151.5,2146,151.78,195551,151.630315
2023-02-17 14:58:00+00:00,151.56,151.64,151.54,1555,151.55,143266,151.589672
2023-02-17 14:59:00+00:00,151.69,151.78,151.54,2534,151.56,251859,151.656815
2023-02-17 15:00:00+00:00,151.6749,151.81,151.65,1917,151.68,184611,151.737966
2023-02-17 15:01:00+00:00,151.68,151.8,151.655,1856,151.665,150073,151.716133
2023-02-17 15:02:00+00:00,151.66,151.7399,151.65,1650,151.67,130655,151.687132
2023-02-17 15:03:00+00:00,151.9,152.0112,151.63,2487,151.67,253571,151.799786
2023-02-17 15:04:00+00:00,151.91,152.09,151.88,2043,151.9,254190,152.000834
2023-02-17 15:05:00+00:00,151.84,151.95,151.8186,1494,151.92,168004,151.873009
2023-02-17 15:06:00+00:00,152.05,152.05,151.83,2199,151.85,234244,151.911007
2023-02-17 15:07:00+00:00,152.1688,152.2,151.98,2098,152.055,210613,152.084514
2023-02-17 15:08:00+00:00,152.145,152.2461,152.1,2204,152.165,225067,152.176625
2023-02-17 15:09:00+00:00,152.17,152.2,152.02,2517,152.14,245942,152.12333
2023-02-17 15:10:00+00:00,152.165,152.2,152.02,2171,152.165,209758,152.119752
2023-02-17 15:11:00+00:00,152.15,152.32,152.13,1864,152.17,186226,152.202196
2023-02-17 15:12:00+00:00,152.36,152.4194,152.13,1794,152.14,181197,152.300819
2023-02-17 15:13:00+00:00,152.14,152.485,152.1201,1911,152.37,216709,152.333265
2023-02-17 15:14:00+00:00,152.15,152.21,152.06,1380,152.14,129387,152.135041
2023-02-17 15:15:00+00:00,152.04,152.2373,152.02,1477,152.15,138422,152.09683
2023-02-17 15:16:00+00:00,152.0962,152.17,152.03,1208,152.03,131447,152.109388
2023-02-17 15:17:00+00:00,152.1593,152.2,152.0,1163,152.095,109005,152.120205
2023-02-17 15:18:00+00:00,152.3976,152.405,152.18,1662,152.18,212129,152.316258
2023-02-17 15:19:00+00:00,152.4,152.61,152.34,1724,152.39,222632,152.482419
2023-02-17 15:20:00+00:00,152.52,152.53,152.37,1090,152.39,116180,152.46089
2023-02-17 15:21:00+00:00,152.5199,152.65,152.5,1656,152.5201,224811,152.56143
2023-02-17 15:22:00+00:00,152.35,152.5179,152.31,1610,152.508,166345,152.39764
2023-02-17 15:23:00+00:00,152.26,152.38,152.21,1443,152.34,135253,152.272743
2023-02-17 15:24:00+00:00,152.09,152.28,152.06,1330,152.27,116729,152.159624
2023-02-17 15:25:00+00:00,152.15,152.23,152.09,1359,152.095,141620,152.155725
2023-02-17 15:26:00+00:00,151.9859,152.159,151.92,1735,152.155,182388,152.009304
2023-02-17 15:27:00+00:00,152.062,152.135,151.975,1148,151.99,119403,152.054366
2023-02-17 15:28:00+00:00,152.0,152.075,151.93,1254,152.07,125212,152.003482
2023-02-17 15:29:00+00:00,152.02,152.1,151.98,1121,152.0195,114779,152.042537
2023-02-17 15:30:00+00:00,152.095,152.18,151.95,1165,152.0,110715,152.098136
2023-02-17 15:31:00+00:00,152.239,152.24,152.07,921,152.0972,101043,152.162674
2023-02-17 15:32:00+00:00,152.3,152.33,152.2,1106,152.24,142894,152.265752
2023-02-17 15:33:00+00:00,152.285,152.345,152.21,1083,152.2901,146996,152.265291
2023-02-17 15:34:00+00:00,152.23,152.34,152.22,875,152.2706,89711,152.266801
2023-02-17 15:35:00+00:00,152.3791,152.39,152.17,1143,152.2201,110713,152.300996
2023-02-17 15:36:00+00:00,152.46,152.53,152.37,1264,152.3772,153966,152.470404
2023-02-17 15:37:00+00:00,152.42,152.68,152.38,2015,152.47,220298,152.542789
2023-02-17 15:38:00+00:00,152.295,152.45,152.2,1084,152.42,101288,152.309332
2023-02-17 15:39:00+00:00,152.29,152.3387,152.23,856,152.3,85299,152.296514
2023-02-17 15:40:00+00:00,152.13,152.3,152.08,1407,152.29,128073,152.144794
2023-02-17 15:41:00+00:00,152.255,152.2678,152.1,1123,152.145,121096,152.183389
2023-02-17 15:42:00+00:00,152.175,152.2999,152.14,1019,152.25,96127,152.20598
2023-02-17 15:43:00+00:00,152.16,152.23,152.09,1212,152.1716,122890,152.153848
2023-02-17 15:44:00+00:00,152.029,152.16,151.99,1503,152.15,145604,152.086485
2023-02-17 15:45:00+00:00,152.1122,152.16,152.0,994,152.02,123334,152.099036
2023-02-17 15:46:00+00:00,152.0701,152.1,151.93,1042,152.1,119824,152.019247
2023-02-17 15:47:00+00:00,152.005,152.13,151.97,1340,152.07,136237,152.023094
2023-02-17 15:48:00+00:00,152.07,152.09,151.97,1242,152.01,129086,152.015549
2023-02-17 15:49:00+00:00,151.9899,152.0809,151.9,964,152.08,124345,151.962715
2023-02-17 15:50:00+00:00,151.95,152.0196,151.905,1117,151.97,134508,151.95877
2023-02-17 15:51:00+00:00,152.0091,152.02,151.9279,835,151.94,74070,151.972853
2023-02-17 15:52:00+00:00,151.979,152.02,151.9,932,152.0,91597,151.965044
2023-02-17 15:53:00+00:00,152.015,152.07,151.87,1105,151.97,104710,151.972619
2023-02-17 15:54:00+00:00,152.16,152.26,152.0,1323,152.0178,179070,152.158179
2023-02-17 15:55:00+00:00,152.235,152.28,152.1312,1017,152.16,135328,152.202353
2023-02-17 15:56:00+00:00,152.16,152.31,152.1301,986,152.24,92149,152.210882
2023-02-17 15:57:00+00:00,152.12,152.23,152.09,831,152.1561,109344,152.198534
2023-02-17 15:58:00+00:00,152.1084,152.13,152.04,711,152.11,65586,152.087195
2023-02-17 15:59:00+00:00,152.01,152.095,151.95,950,152.095,94002,152.009026
2023-02-17 16:00:00+00:00,151.98,152.06,151.93,837,151.99,83512,151.991074
2023-02-17 16:01:00+00:00,151.939,152.02,151.92,1012,151.98,102540,151.95871
2023-02-17 16:02:00+00:00,151.85,152.005,151.84,1433,151.94,132609,151.922451
2023-02-17 16:03:00+00:00,151.7599,151.86,151.71,1401,151.835,127326,151.773829
2023-02-17 16:04:00+00:00,151.8,151.8,151.65,1424,151.75,101392,151.718554
2023-02-17 16:05:00+00:00,151.97,152.01,151.8,1001,151.815,117361,151.936972
2023-02-17 16:06:00+00:00,152.0457,152.059,151.9,880,151.97,97359,151.972591
2023-02-17 16:07:00+00:00,152.22,152.23,152.04,1189,152.04,152989,152.163786
2023-02-17 16:08:00+00:00,152.19,152.2699,152.16,786,152.2101,70943,152.211784
2023-02-17 16:09:00+00:00,151.93,152.2,151.9104,1288,152.1936,132124,152.041218
2023-02-17 16:10:00+00:00,152.0618,152.08,151.9,819,151.91,83304,151.998837
2023-02-17 16:11:00+00:00,152.0399,152.11,152.0,686,152.08,76165,152.058017
2023-02-17 16:12:00+00:00,151.945,152.06,151.93,1053,152.0252,108353,151.993851
2023-02-17 16:13:00+00:00,151.97,152.02,151.92,640,151.935,58209,151.95675
2023-02-17 16:14:00+00:00,152.0104,152.0199,151.89,635,151.96,56666,151.95401
2023-02-17 16:15:00+00:00,152.0,152.09,151.95,717,152.01,68563,152.019554
2023-02-17 16:16:00+00:00,151.9665,152.0199,151.87,781,152.0,61540,151.948007
2023-02-17 16:17:00+00:00,151.91,151.97,151.86,666,151.96,45127,151.911819
2023-02-17 16:18:00+00:00,151.9233,151.955,151.9001,569,151.92,43773,151.930327
2023-02-17 16:19:00+00:00,151.8999,151.98,151.8214,708,151.92,73699,151.912768
2023-02-17 16:20:00+00:00,151.79,151.88,151.72,935,151.88,104083,151.788447
2023-02-17 16:21:00+00:00,151.6579,151.8185,151.6,1209,151.7901,110620,151.702883
2023-02-17 16:22:00+00:00,151.6566,151.73,151.56,1223,151.6568,123439,151.636842
2023-02-17 16:23:00+00:00,151.6225,151.67,151.53,1715,151.6507,156039,151.582734
2023-02-17 16:24:00+00:00,151.53,151.6399,151.5,961,151.62,97433,151.546551
2023-02-17 16:25:00+00:00,151.6782,151.71,151.49,1815,151.5337,200228,151.574044
2023-02-17 16:26:00+00:00,151.605,151.6883,151.56,654,151.675,47569,151.606831
2023-02-17 16:27:00+00:00,151.745,151.75,151.6,943,151.62,104799,151.652876
2023-02-17 16:28:00+00:00,151.6033,151.76,151.58,1017,151.75,69025,151.650204
2023-02-17 16:29:00+00:00,151.6501,151.73,151.6,727,151.6016,49692,151.669308
2023-02-17 16:30:00+00:00,151.6199,151.695,151.6,919,151.66,104387,151.636273
2023-02-17 16:31:00+00:00,151.5699,151.62,151.49,1031,151.62,97381,151.536624
2023-02-17 16:32:00+00:00,151.4201,151.65,151.4,1741,151.56,200503,151.516985
2023-02-17 16:33:00+00:00,151.5299,151.56,151.37,1292,151.42,137882,151.446327
2023-02-17 16:34:00+00:00,151.58,151.6,151.44,903,151.53,90410,151.513551
2023-02-17 16:35:00+00:00,151.52,151.5993,151.48,801,151.5865,70961,151.542456
2023-02-17 16:36:00+00:00,151.56,151.6,151.4899,889,151.51,88403,151.552384
2023-02-17 16:37:00+00:00,151.63,151.7,151.5301,882,151.553,2597751,151.53381
2023-02-17 16:38:00+00:00,151.6356,151.6797,151.58,734,151.63,75300,151.628563
2023-02-17 16:39:00+00:00,151.7,151.74,151.61,873,151.635,106812,151.669653
2023-02-17 16:40:00+00:00,151.62,151.79,151.61,976,151.705,89351,151.719541
2023-02-17 16:41:00+00:00,151.69,151.6982,151.6,760,151.61,64753,151.62813
2023-02-17 16:42:00+00:00,151.6201,151.7,151.61,604,151.67,48904,151.654131
2023-02-17 16:43:00+00:00,151.72,151.755,151.63,618,151.63,53920,151.698194
2023-02-17 16:44:00+00:00,151.7328,151.79,151.72,644,151.725,63254,151.748321
2023-02-17 16:45:00+00:00,151.75,151.8,151.7101,1019,151.73,98012,151.762782
2023-02-17 16:46:00+00:00,151.86,151.89,151.735,736,151.74,77893,151.823154
2023-02-17 16:47:00+00:00,151.91,151.94,151.8335,695,151.86,78321,151.884258
2023-02-17 16:48:00+00:00,151.7799,151.91,151.77,714,151.9009,78185,151.83076
2023-02-17 16:49:00+00:00,151.81,151.82,151.74,564,151.78,53810,151.796761
2023-02-17 16:50:00+00:00,151.83,151.83,151.74,742,151.8,68458,151.78266
2023-02-17 16:51:00+00:00,151.6711,151.86,151.67,668,151.83,75676,151.740232
2023-02-17 16:52:00+00:00,151.62,151.715,151.62,674,151.68,63808,151.655818
2023-02-17 16:53:00+00:00,151.5279,151.65,151.5236,890,151.63,98159,151.604902
2023-02-17 16:54:00+00:00,151.505,151.57,151.44,865,151.5292,79867,151.506199
2023-02-17 16:55:00+00:00,151.49,151.54,151.4501,604,151.5,51501,151.493737
2023-02-17 16:56:00+00:00,151.46,151.4893,151.42,636,151.4893,57160,151.451598
2023-02-17 16:57:00+00:00,151.458,151.48,151.41,650,151.45,54329,151.450066
2023-02-17 16:58:00+00:00,151.519,151.5381,151.4,1041,151.4442,104232,151.471106
2023-02-17 16:59:00+00:00,151.575,151.59,151.5001,762,151.52,120087,151.55132
2023-02-17 17:00:00+00:00,151.715,151.7599,151.565,1040,151.57,102835,151.683711
2023-02-17 17:01:00+00:00,151.76,151.805,151.72,906,151.72,76740,151.771128
2023-02-17 17:02:00+00:00,151.7399,151.824,151.72,971,151.76,129612,151.787378
2023-02-17 17:03:00+00:00,151.63,151.765,151.625,657,151.74,60474,151.70553
2023-02-17 17:04:00+00:00,151.61,151.6867,151.61,588,151.64,63808,151.659051
2023-02-17 17:05:00+00:00,151.7223,151.76,151.614,726,151.614,95110,151.719284
2023-02-17 17:06:00+00:00,151.755,151.84,151.715,912,151.73,122063,151.791665
2023-02-17 17:07:00+00:00,151.795,151.8,151.71,547,151.75,54988,151.746355
2023-02-17 17:08:00+00:00,151.795,151.855,151.762,609,151.8,55916,151.804799
2023-02-17 17:09:00+00:00,151.84,151.88,151.785,633,151.796,74823,151.830544
2023-02-17 17:10:00+00:00,151.9222,151.945,151.84,823,151.85,75783,151.900219
2023-02-17 17:11:00+00:00,152.14,152.15,151.91,1331,151.9201,147880,152.006512
2023-02-17 17:12:00+00:00,152.065,152.17,152.04,1075,152.15,115197,152.08579
2023-02-17 17:13:00+00:00,152.03,152.07,152.0,682,152.07,52896,152.033694
2023-02-17 17:14:00+00:00,152.029,152.06,151.975,845,152.04,81702,152.009138
2023-02-17 17:15:00+00:00,152.04,152.1,152.01,956,152.0202,98544,152.060412
2023-02-17 17:16:00+00:00,152.0,152.075,151.99,719,152.04,67767,152.034421
2023-02-17 17:17:00+00:00,151.96,152.0199,151.935,996,152.0,96656,151.97211
2023-02-17 17:18:00+00:00,151.93,151.99,151.89,719,151.96,60943,151.94213
2023-02-17 17:19:00+00:00,151.86,151.965,151.81,928,151.93,72594,151.876704
2023-02-17 17:20:00+00:00,151.835,151.8912,151.83,757,151.865,74780,151.857927
2023-02-17 17:21:00+00:00,151.765,151.835,151.7584,731,151.835,69683,151.79277
2023-02-17 17:22:00+00:00,151.6004,151.7664,151.6,860,151.75,82275,151.667242
2023-02-17 17:23:00+00:00,151.6763,151.69,151.57,767,151.6138,84778,151.624016
2023-02-17 17:24:00+00:00,151.595,151.67,151.58,600,151.67,74271,151.624297
2023-02-17 17:25:00+00:00,151.62,151.65,151.58,857,151.6,90004,151.613398
2023-02-17 17:26:00+00:00,151.53,151.68,151.51,977,151.615,111949,151.583378
2023-02-17 17:27:00+00:00,151.67,151.67,151.523,909,151.5364,91880,151.605552
2023-02-17 17:28:00+00:00,151.7816,151.79,151.64,1056,151.665,154720,151.7012
2023-02-17 17:29:00+00:00,151.71,151.81,151.71,655,151.785,73306,151.76773
2023-02-17 17:30:00+00:00,151.63,151.74,151.63,721,151.705,63315,151.70037
2023-02-17 17:31:00+00:00,151.685,151.75,151.63,620,151.64,49661,151.703818
2023-02-17 17:32:00+00:00,151.775,151.795,151.68,563,151.6899,51854,151.740531
2023-02-17 17:33:00+00:00,151.6601,151.77,151.65,535,151.77,47890,151.714604
2023-02-17 17:34:00+00:00,151.67,151.71,151.64,477,151.675,36655,151.668763
2023-02-17 17:35:00+00:00,151.75,151.77,151.65,672,151.68,66249,151.701733
2023-02-17 17:36:00+00:00,151.7016,151.79,151.69,543,151.7425,73203,151.740465
2023-02-17 17:37:00+00:00,151.62,151.71,151.62,596,151.7099,65171,151.654961
2023-02-17 17:38:00+00:00,151.64,151.67,151.59,727,151.63,99098,151.634196
2023-02-17 17:39:00+00:00,151.62,151.6583,151.5601,637,151.65,77914,151.618155
2023-02-17 17:40:00+00:00,151.51,151.63,151.5,715,151.6101,76872,151.567539
2023-02-17 17:41:00+00:00,151.485,151.58,151.47,850,151.5183,113244,151.522364
2023-02-17 17:42:00+00:00,151.465,151.4808,151.42,650,151.4808,63314,151.442293
2023-02-17 17:43:00+00:00,151.4471,151.56,151.42,967,151.465,121706,151.495405
2023-02-17 17:44:00+00:00,151.48,151.51,151.43,685,151.44,58595,151.467868
2023-02-17 17:45:00+00:00,151.47,151.5341,151.4687,548,151.47,59634,151.5007
2023-02-17 17:46:00+00:00,151.465,151.48,151.38,799,151.47,83867,151.422288
2023-02-17 17:47:00+00:00,151.3957,151.48,151.3957,509,151.46,64048,151.448284
2023-02-17 17:48:00+00:00,151.2943,151.4,151.26,1068,151.3901,111415,151.339503
2023-02-17 17:49:00+00:00,151.2299,151.3351,151.2,1055,151.298,123618,151.251691
2023-02-17 17:50:00+00:00,151.29,151.29,151.17,846,151.2153,90060,151.217867
2023-02-17 17:51:00+00:00,151.24,151.28,151.215,576,151.28,66327,151.242246
2023-02-17 17:52:00+00:00,150.97,151.266,150.9585,3324,151.25,237603,151.039729
2023-02-17 17:53:00+00:00,151.0,151.05,150.94,1259,150.96,131964,150.99961
2023-02-17 17:54:00+00:00,150.97,151.03,150.93,905,151.0,91783,150.979046
2023-02-17 17:55:00+00:00,150.9616,151.0,150.9104,767,150.9561,55359,150.952759
2023-02-17 17:56:00+00:00,151.1,151.14,150.9559,1125,150.9699,112425,151.066202
2023-02-17 17:57:00+00:00,151.17,151.18,151.08,670,151.09,61676,151.119164
2023-02-17 17:58:00+00:00,151.11,151.18,151.07,815,151.1673,76278,151.11865
2023-02-17 17:59:00+00:00,151.08,151.16,151.07,728,151.1,59119,151.125387
2023-02-17 18:00:00+00:00,151.07,151.17,151.06,688,151.09,60864,151.110571
2023-02-17 18:01:00+00:00,151.01,151.1,150.992,770,151.07,67724,151.041713
2023-02-17 18:02:00+00:00,151.01,151.0264,150.96,597,151.01,50337,151.000439
2023-02-17 18:03:00+00:00,151.01,151.09,150.985,493,151.01,42167,151.03803
2023-02-17 18:04:00+00:00,151.03,151.06,150.99,537,151.0091,54143,151.015511
2023-02-17 18:05:00+00:00,150.98,151.09,150.98,595,151.0275,47132,151.053311
2023-02-17 18:06:00+00:00,150.9801,151.05,150.98,541,150.985,48091,151.008242
2023-02-17 18:07:00+00:00,151.0896,151.0896,150.99,568,150.99,59723,151.030334
2023-02-17 18:08:00+00:00,151.23,151.2327,151.0814,857,151.0814,99951,151.165054
2023-02-17 18:09:00+00:00,151.2801,151.31,151.205,733,151.222,79365,151.269346
2023-02-17 18:10:00+00:00,151.3999,151.44,151.27,826,151.281,97888,151.364844
2023-02-17 18:11:00+00:00,151.418,151.44,151.355,655,151.385,63623,151.394056
2023-02-17 18:12:00+00:00,151.3899,151.4405,151.3743,554,151.415,69407,151.404331
2023-02-17 18:13:00+00:00,151.3322,151.41,151.32,591,151.392,59207,151.361066
2023-02-17 18:14:00+00:00,151.34,151.37,151.295,543,151.32,51917,151.32763
2023-02-17 18:15:00+00:00,151.4381,151.48,151.33,749,151.33,114117,151.415142
2023-02-17 18:16:00+00:00,151.3865,151.4611,151.38,460,151.43,44917,151.420423
2023-02-17 18:17:00+00:00,151.41,151.46,151.37,409,151.37,42838,151.426991
2023-02-17 18:18:00+00:00,151.43,151.4899,151.41,522,151.42,67286,151.453163
2023-02-17 18:19:00+00:00,151.37,151.45,151.3699,558,151.43,50070,151.407037
2023-02-17 18:20:00+00:00,151.27,151.375,151.25,800,151.375,83060,151.321697
2023-02-17 18:21:00+00:00,151.185,151.26,151.14,875,151.26,84140,151.192926
2023-02-17 18:22:00+00:00,151.18,151.22,151.15,501,151.1887,55939,151.18017
2023-02-17 18:23:00+00:00,151.1399,151.19,151.1,539,151.1799,56869,151.14517
2023-02-17 18:24:00+00:00,151.0123,151.13,150.97,965,151.13,93001,151.045589
2023-02-17 18:25:00+00:00,151.0,151.08,150.99,587,151.02,68536,151.040027
2023-02-17 18:26:00+00:00,150.9241,151.02,150.9241,727,151.0138,82352,150.972894
2023-02-17 18:27:00+00:00,150.9299,151.02,150.87,1311,150.923,115464,150.936348
2023-02-17 18:28:00+00:00,150.92,150.98,150.85,1658,150.93,156297,150.907188
2023-02-17 18:29:00+00:00,150.99,151.03,150.91,806,150.92,118130,150.978469
2023-02-17 18:30:00+00:00,150.8811,151.04,150.88,1136,151.0,90034,150.966743
2023-02-17 18:31:00+00:00,151.015,151.0299,150.85,830,150.88,61318,150.948035
2023-02-17 18:32:00+00:00,150.9,151.05,150.8901,776,151.02,70924,150.975729
2023-02-17 18:33:00+00:00,150.92,150.96,150.88,639,150.9086,72926,150.916806
2023-02-17 18:34:00+00:00,151.1,151.11,150.9161,752,150.9161,91761,151.007014
2023-02-17 18:35:00+00:00,151.132,151.16,151.0701,908,151.1018,98168,151.117933
2023-02-17 18:36:00+00:00,151.1314,151.2,151.13,670,151.13,76769,151.16104
2023-02-17 18:37:00+00:00,151.202,151.21,151.11,675,151.1301,71278,151.164064
2023-02-17 18:38:00+00:00,151.1713,151.2,151.1086,532,151.2,57635,151.154129
2023-02-17 18:39:00+00:00,151.1777,151.24,151.14,519,151.17,53671,151.1779
2023-02-17 18:40:00+00:00,151.24,151.24,151.13,603,151.1701,75033,151.184473
2023-02-17 18:41:00+00:00,151.275,151.29,151.2,668,151.23,56517,151.241383
2023-02-17 18:42:00+00:00,151.2614,151.2946,151.19,606,151.275,67478,151.257268
2023-02-17 18:43:00+00:00,151.2899,151.29,151.22,472,151.26,51248,151.255447
2023-02-17 18:44:00+00:00,151.2199,151.29,151.2101,535,151.2815,49632,151.260479
2023-02-17 18:45:00+00:00,151.23,151.27,151.21,581,151.215,63991,151.243877
2023-02-17 18:46:00+00:00,151.28,151.3099,151.19,588,151.2399,54797,151.256931
2023-02-17 18:47:00+00:00,151.29,151.3187,151.25,445,151.3,49622,151.292951
2023-02-17 18:48:00+00:00,151.32,151.37,151.28,631,151.29,78398,151.326745
2023-02-17 18:49:00+00:00,151.3,151.35,151.25,508,151.3299,50180,151.311436
2023-02-17 18:50:00+00:00,151.2499,151.29,151.1702,773,151.29,70089,151.218973
2023-02-17 18:51:00+00:00,151.22,151.25,151.1464,514,151.24,48145,151.203376
2023-02-17 18:52:00+00:00,151.2901,151.3,151.1301,546,151.23,51001,151.213238
2023-02-17 18:53:00+00:00,151.2699,151.39,151.25,606,151.295,67043,151.342036
2023-02-17 18:54:00+00:00,151.19,151.2643,151.17,412,151.26,41089,151.21462
2023-02-17 18:55:00+00:00,151.1829,151.21,151.1536,429,151.1899,40849,151.183543
2023-02-17 18:56:00+00:00,151.16,151.22,151.1242,534,151.1801,62959,151.16981
2023-02-17 18:57:00+00:00,151.18,151.23,151.11,563,151.15,54907,151.182573
2023-02-17 18:58:00+00:00,151.3185,151.325,151.1701,573,151.1844,48076,151.26051
2023-02-17 18:59:00+00:00,151.44,151.44,151.29,807,151.31,78049,151.37036
2023-02-17 19:00:00+00:00,151.5117,151.57,151.43,1258,151.435,198924,151.505272
2023-02-17 19:01:00+00:00,151.625,151.64,151.47,955,151.51,112840,151.579463
2023-02-17 19:02:00+00:00,151.695,151.74,151.57,1026,151.64,119579,151.651706
2023-02-17 19:03:00+00:00,151.51,151.69,151.51,701,151.69,70750,151.600993
2023-02-17 19:04:00+00:00,151.58,151.59,151.46,625,151.51,75193,151.517822
2023-02-17 19:05:00+00:00,151.555,151.614,151.54,555,151.59,62420,151.571478
2023-02-17 19:06:00+00:00,151.62,151.6298,151.495,624,151.55,66968,151.580221
2023-02-17 19:07:00+00:00,151.56,151.62,151.53,751,151.62,77981,151.564232
2023-02-17 19:08:00+00:00,151.51,151.5899,151.51,571,151.565,56886,151.542688
2023-02-17 19:09:00+00:00,151.465,151.53,151.46,615,151.515,55613,151.497786
2023-02-17 19:10:00+00:00,151.53,151.56,151.42,648,151.47,57222,151.490848
2023-02-17 19:11:00+00:00,151.487,151.56,151.44,585,151.5234,56096,151.49083
2023-02-17 19:12:00+00:00,151.425,151.4999,151.42,581,151.48,51175,151.46474
2023-02-17 19:13:00+00:00,151.43,151.47,151.41,632,151.435,70606,151.437531
2023-02-17 19:14:00+00:00,151.391,151.43,151.34,880,151.43,81688,151.377176
2023-02-17 19:15:00+00:00,151.39,151.415,151.3407,471,151.39,41806,151.379494
2023-02-17 19:16:00+00:00,151.44,151.4899,151.38,557,151.385,61542,151.452991
2023-02-17 19:17:00+00:00,151.57,151.6,151.45,739,151.45,92370,151.548475
2023-02-17 19:18:00+00:00,151.57,151.5781,151.49,537,151.5781,44039,151.538205
2023-02-17 19:19:00+00:00,151.5084,151.5599,151.46,462,151.556,34131,151.508538
2023-02-17 19:20:00+00:00,151.65,151.675,151.5,709,151.51,81243,151.606941
2023-02-17 19:21:00+00:00,151.7314,151.76,151.65,774,151.65,79820,151.710643
2023-02-17 19:22:00+00:00,151.8512,151.88,151.725,1348,151.73,212621,151.827088
2023-02-17 19:23:00+00:00,151.9,151.95,151.84,1103,151.86,154429,151.904295
2023-02-17 19:24:00+00:00,151.935,151.995,151.87,945,151.89,160453,151.95731
2023-02-17 19:25:00+00:00,151.87,151.95,151.86,692,151.94,72723,151.906747
2023-02-17 19:26:00+00:00,151.82,151.93,151.8,827,151.87,91823,151.862624
2023-02-17 19:27:00+00:00,151.7365,151.87,151.71,710,151.82,68838,151.773392
2023-02-17 19:28:00+00:00,151.6953,151.7851,151.68,1117,151.7499,132875,151.736689
2023-02-17 19:29:00+00:00,151.68,151.74,151.62,785,151.6999,98219,151.691445
2023-02-17 19:30:00+00:00,151.7913,151.7999,151.683,826,151.683,86680,151.736744
2023-02-17 19:31:00+00:00,151.815,151.82,151.74,564,151.79,60297,151.781609
2023-02-17 19:32:00+00:00,151.9725,151.99,151.81,939,151.81,111476,151.895048
2023-02-17 19:33:00+00:00,151.915,152.015,151.89,938,151.97,126762,151.963751
2023-02-17 19:34:00+00:00,152.05,152.05,151.91,935,151.915,123673,152.002959
2023-02-17 19:35:00+00:00,152.13,152.14,152.01,1063,152.045,144827,152.099417
2023-02-17 19:36:00+00:00,152.115,152.14,152.06,907,152.13,97327,152.100938
2023-02-17 19:37:00+00:00,152.155,152.18,152.06,767,152.12,152088,152.147931
2023-02-17 19:38:00+00:00,152.1545,152.23,152.148,738,152.16,136881,152.192768
2023-02-17 19:39:00+00:00,152.191,152.22,152.15,566,152.16,57847,152.185006
2023-02-17 19:40:00+00:00,152.1201,152.2,152.09,856,152.1927,83337,152.143692
2023-02-17 19:41:00+00:00,152.02,152.13,151.97,1094,152.13,107174,152.031155
2023-02-17 19:42:00+00:00,152.1,152.1469,152.005,811,152.01,84654,152.085661
2023-02-17 19:43:00+00:00,152.055,152.14,152.03,580,152.11,61438,152.088789
2023-02-17 19:44:00+00:00,151.98,152.0699,151.97,620,152.06,56002,152.018346
2023-02-17 19:45:00+00:00,151.921,152.005,151.9001,813,151.99,80741,151.958783
2023-02-17 19:46:00+00:00,151.96,151.99,151.92,609,151.92,63522,151.956906
2023-02-17 19:47:00+00:00,152.07,152.07,151.97,615,151.97,60889,152.017497
2023-02-17 19:48:00+00:00,152.11,152.14,152.065,850,152.065,87546,152.101092
2023-02-17 19:49:00+00:00,152.16,152.19,152.1,661,152.12,74763,152.136438
2023-02-17 19:50:00+00:00,152.195,152.295,152.17,895,152.17,119186,152.236026
2023-02-17 19:51:00+00:00,152.26,152.31,152.195,862,152.195,100082,152.25978
2023-02-17 19:52:00+00:00,152.2425,152.31,152.21,876,152.265,113234,152.257982
2023-02-17 19:53:00+00:00,152.16,152.27,152.16,689,152.25,75503,152.215802
2023-02-17 19:54:00+00:00,152.18,152.28,152.165,880,152.17,106962,152.215706
2023-02-17 19:55:00+00:00,152.23,152.255,152.19,721,152.19,84703,152.234882
2023-02-17 19:56:00+00:00,152.29,152.31,152.19,1349,152.23,150854,152.243676
2023-02-17 19:57:00+00:00,152.2401,152.33,152.17,915,152.2923,106457,152.243219
2023-02-17 19:58:00+00:00,152.21,152.26,152.175,807,152.25,92359,152.219535
2023-02-17 19:59:00+00:00,152.3501,152.3599,152.19,1093,152.21,129617,152.281771
2023-02-17 20:00:00+00:00,152.5301,152.55,152.3589,1716,152.3589,226222,152.471499
2023-02-17 20:01:00+00:00,152.535,152.5884,152.5,1095,152.532,135487,152.539163
2023-02-17 20:02:00+00:00,152.4799,152.58,152.47,955,152.54,106580,152.5263
2023-02-17 20:03:00+00:00,152.56,152.6,152.4718,855,152.49,87756,152.535098
2023-02-17 20:04:00+00:00,152.412,152.63,152.41,1991,152.56,202887,152.525309
2023-02-17 20:05:00+00:00,152.475,152.55,152.4,848,152.42,98642,152.470843
2023-02-17 20:06:00+00:00,152.28,152.4889,152.25,1416,152.475,152922,152.376038
2023-02-17 20:07:00+00:00,152.235,152.29,152.23,760,152.2899,98366,152.25348
2023-02-17 20:08:00+00:00,152.325,152.34,152.13,1129,152.24,150191,152.224232
2023-02-17 20:09:00+00:00,152.39,152.4,152.305,801,152.33,100172,152.367432
2023-02-17 20:10:00+00:00,152.36,152.42,152.33,729,152.385,81131,152.382276
2023-02-17 20:11:00+00:00,152.26,152.39,152.22,893,152.3695,108083,152.294402
2023-02-17 20:12:00+00:00,152.15,152.27,152.11,1199,152.26,143015,152.164026
2023-02-17 20:13:00+00:00,152.18,152.2301,152.15,848,152.1501,78100,152.189933
2023-02-17 20:14:00+00:00,152.2405,152.26,152.175,659,152.175,68917,152.229459
2023-02-17 20:15:00+00:00,152.34,152.3544,152.2101,911,152.24,108797,152.294362
2023-02-17 20:16:00+00:00,152.17,152.37,152.15,736,152.33,95836,152.262392
2023-02-17 20:17:00+00:00,152.1199,152.2,152.0786,848,152.18,131369,152.139052
2023-02-17 20:18:00+00:00,152.16,152.22,152.09,751,152.12,91248,152.150245
2023-02-17 20:19:00+00:00,152.2201,152.24,152.14,730,152.15,79507,152.201936
2023-02-17 20:20:00+00:00,152.1378,152.27,152.08,1155,152.2282,133308,152.181236
2023-02-17 20:21:00+00:00,152.24,152.25,152.1001,839,152.13,93472,152.166351
2023-02-17 20:22:00+00:00,152.099,152.246,152.08,748,152.24,85136,152.163503
2023-02-17 20:23:00+00:00,151.975,152.12,151.9505,1047,152.095,155072,152.026955
2023-02-17 20:24:00+00:00,152.072,152.12,151.96,933,151.98,121453,152.046805
2023-02-17 20:25:00+00:00,152.14,152.17,152.02,705,152.065,85433,152.079457
2023-02-17 20:26:00+00:00,152.21,152.23,152.13,720,152.14,68583,152.181994
2023-02-17 20:27:00+00:00,152.225,152.25,152.14,776,152.2113,70566,152.205916
2023-02-17 20:28:00+00:00,152.085,152.24,152.07,731,152.23,68891,152.164359
2023-02-17 20:29:00+00:00,152.035,152.085,151.93,1058,152.0767,99157,152.017991
2023-02-17 20:30:00+00:00,152.02,152.05,151.965,1150,152.025,114274,152.007415
2023-02-17 20:31:00+00:00,152.16,152.1701,152.0099,1173,152.02,139632,152.087808
2023-02-17 20:32:00+00:00,152.055,152.19,152.05,748,152.155,65326,152.112209
2023-02-17 20:33:00+00:00,152.1029,152.1178,152.02,830,152.07,73760,152.06897
2023-02-17 20:34:00+00:00,152.2802,152.32,152.095,1026,152.1084,93459,152.22178
2023-02-17 20:35:00+00:00,152.45,152.46,152.28,1298,152.28,159734,152.403188
2023-02-17 20:36:00+00:00,152.45,152.49,152.31,1653,152.45,201609,152.420565
2023-02-17 20:37:00+00:00,152.3696,152.46,152.32,1003,152.45,96711,152.394794
2023-02-17 20:38:00+00:00,152.2001,152.3578,152.17,1077,152.35,119425,152.259348
2023-02-17 20:39:00+00:00,152.17,152.22,152.1,1045,152.2,108928,152.156634
2023-02-17 20:40:00+00:00,152.1901,152.21,152.125,1061,152.17,95969,152.165639
2023-02-17 20:41:00+00:00,152.24,152.29,152.1646,1178,152.2,103084,152.224531
2023-02-17 20:42:00+00:00,152.135,152.239,152.11,979,152.23,98767,152.167635
2023-02-17 20:43:00+00:00,152.09,152.18,152.06,1177,152.135,121565,152.117899
2023-02-17 20:44:00+00:00,152.175,152.18,152.06,1166,152.09,116942,152.125237
2023-02-17 20:45:00+00:00,152.215,152.22,152.08,1839,152.175,242172,152.148294
2023-02-17 20:46:00+00:00,152.24,152.38,152.185,1710,152.21,179779,152.305216
2023-02-17 20:47:00+00:00,152.2,152.295,152.18,1236,152.24,120232,152.2349
2023-02-17 20:48:00+00:00,152.34,152.3467,152.2,1172,152.2,119945,152.278964
2023-02-17 20:49:00+00:00,152.15,152.35,152.13,1282,152.3444,122907,152.236326
2023-02-17 20:50:00+00:00,152.338,152.39,152.15,2822,152.16,290068,152.31384
2023-02-17 20:51:00+00:00,152.335,152.44,152.31,1884,152.34,220346,152.361649
2023-02-17 20:52:00+00:00,152.3,152.34,152.23,1624,152.335,159109,152.287868
2023-02-17 20:53:00+00:00,152.23,152.32,152.17,1523,152.3,161347,152.234078
2023-02-17 20:54:00+00:00,152.205,152.28,152.14,2517,152.2375,223913,152.207576
2023-02-17 20:55:00+00:00,152.49,152.52,152.21,3865,152.21,530707,152.431506
2023-02-17 20:56:00+00:00,152.43,152.54,152.4,3009,152.495,352904,152.479596
2023-02-17 20:57:00+00:00,152.35,152.45,152.33,2401,152.425,303069,152.373388
2023-02-17 20:58:00+00:00,152.42,152.505,152.33,3125,152.36,443195,152.440464
2023-02-17 20:59:00+00:00,152.54,152.55,152.38,4830,152.425,934914,152.474994
2023-02-17 21:00:00+00:00,152.55,152.55,152.41,189,152.54,12044687,152.549784
2023-02-17 21:01:00+00:00,152.48,152.55,152.43,120,152.47,158623,152.543772
2023-02-17 21:02:00+00:00,152.55,152.55,152.44,84,152.48,598410,152.549367
2023-02-17 21:03:00+00:00,152.44,152.55,152.44,43,152.55,8047,152.516548
2023-02-17 21:04:00+00:00,152.5,152.5,152.42,43,152.46,13258,152.452491
2023-02-17 21:05:00+00:00,152.55,152.55,152.49,25,152.49,172825,152.549749
2023-02-17 21:07:00+00:00,152.55,152.55,152.4519,37,152.46,30506,152.544979
2023-02-17 21:08:00+00:00,152.45,152.55,152.45,12,152.45,177011,152.549421
2023-02-17 21:09:00+00:00,152.46,152.47,152.44,36,152.45,2082,152.453924
2023-02-17 21:10:00+00:00,152.44,152.46,152.43,30,152.46,4873,152.44472
2023-02-17 21:11:00+00:00,152.41,152.42,152.4,35,152.42,1206,152.415351
2023-02-17 21:12:00+00:00,152.51,152.51,152.41,73,152.41,4118,152.45791
2023-02-17 21:13:00+00:00,152.47,152.53,152.47,28,152.49,39670,152.543357
2023-02-17 21:14:00+00:00,152.51,152.51,152.48,29,152.49,1412,152.490251
2023-02-17 21:15:00+00:00,152.46,152.48,152.46,30,152.48,3631,152.478869
2023-02-17 21:16:00+00:00,152.5098,152.5098,152.5098,19,152.5098,549,152.495671
2023-02-17 21:17:00+00:00,152.5,152.5,152.5,34,152.5,979,152.497989
2023-02-17 21:18:00+00:00,152.5,152.5,152.5,26,152.5,331,152.498591
2023-02-17 21:19:00+00:00,152.49,152.49,152.4799,34,152.48,3618,152.480931
2023-02-17 21:20:00+00:00,152.47,152.47,152.46,20,152.46,563,152.467724
2023-02-17 21:21:00+00:00,152.47,152.47,152.47,10,152.47,418,152.470116
2023-02-17 21:22:00+00:00,152.5,152.5,152.47,49,152.47,6111,152.478746
2023-02-17 21:23:00+00:00,152.5,152.5,152.48,23,152.481,1779,152.487487
2023-02-17 21:24:00+00:00,152.51,152.51,152.5,26,152.5,1103,152.504968
2023-02-17 21:25:00+00:00,152.5,152.5,152.5,11,152.5,142,152.497732
2023-02-17 21:26:00+00:00,152.5,152.5,152.5,24,152.5,294,152.499405
2023-02-17 21:28:00+00:00,152.51,152.51,152.51,26,152.51,321,152.505047
2023-02-17 21:29:00+00:00,152.51,152.51,152.5,25,152.51,1593,152.507722
2023-02-17 21:31:00+00:00,152.47,152.5,152.47,29,152.5,6737,152.47781
2023-02-17 21:32:00+00:00,152.46,152.47,152.46,16,152.47,427,152.465336
2023-02-17 21:33:00+00:00,152.51,152.55,152.47,39,152.55,29733,152.544968
2023-02-17 21:34:00+00:00,152.52,152.52,152.52,11,152.52,181,152.516326
2023-02-17 21:37:00+00:00,152.5,152.5,152.5,13,152.5,344,152.506134
2023-02-17 21:39:00+00:00,152.51,152.51,152.51,15,152.51,441,152.508753
2023-02-17 21:40:00+00:00,152.55,152.55,152.55,13,152.55,7790,152.548577
2023-02-17 21:41:00+00:00,152.51,152.51,152.51,16,152.51,424,152.510529
2023-02-17 21:42:00+00:00,152.53,152.54,152.52,37,152.52,7561,152.528269
2023-02-17 21:43:00+00:00,152.48,152.53,152.48,24,152.53,9957,152.52341
2023-02-17 21:44:00+00:00,152.52,152.53,152.5,19,152.5,2662,152.523557
2023-02-17 21:45:00+00:00,152.48,152.5,152.48,16,152.5,1636,152.488032
2023-02-17 21:46:00+00:00,152.51,152.51,152.51,9,152.51,279,152.507168
2023-02-17 21:47:00+00:00,152.5,152.5,152.5,14,152.5,114,152.499254
2023-02-17 21:48:00+00:00,152.51,152.51,152.5,19,152.5,1365,152.507487
2023-02-17 21:49:00+00:00,152.52,152.52,152.49,28,152.51,1205,152.508595
2023-02-17 21:50:00+00:00,152.5,152.51,152.49,22,152.5,1878,152.497334
2023-02-17 21:51:00+00:00,152.52,152.52,152.49,40,152.52,1782,152.511687
2023-02-17 21:52:00+00:00,152.48,152.49,152.48,18,152.49,958,152.484896
2023-02-17 21:54:00+00:00,152.52,152.52,152.52,20,152.52,621,152.51642
2023-02-17 21:56:00+00:00,152.52,152.52,152.52,10,152.52,292,152.519178
2023-02-17 21:59:00+00:00,152.52,152.52,152.52,17,152.52,774,152.535704
2023-02-17 22:00:00+00:00,152.41,152.52,152.41,95,152.52,13768,152.44866
2023-02-17 22:01:00+00:00,152.43,152.43,152.41,42,152.41,11285,152.418589
2023-02-17 22:02:00+00:00,152.4101,152.43,152.41,14,152.43,536,152.417991
2023-02-17 22:03:00+00:00,152.43,152.45,152.43,14,152.43,3655,152.431097
2023-02-17 22:04:00+00:00,152.45,152.51,152.45,17,152.46,1509,152.470881
2023-02-17 22:05:00+00:00,152.43,152.48,152.43,19,152.47,1776,152.466923
2023-02-17 22:07:00+00:00,152.47,152.5,152.47,18,152.47,1746,152.471058
2023-02-17 22:09:00+00:00,152.47,152.49,152.47,24,152.47,2277,152.473114
2023-02-17 22:10:00+00:00,152.45,152.5,152.43,50,152.45,5964,152.463871
2023-02-17 22:11:00+00:00,152.45,152.46,152.45,31,152.45,949,152.449916
2023-02-17 22:12:00+00:00,152.5,152.5,152.44,61,152.46,7384,152.466565
2023-02-17 22:13:00+00:00,152.46,152.4799,152.46,25,152.4799,1813,152.465538
2023-02-17 22:14:00+00:00,152.46,152.46,152.42,52,152.45,5596,152.434927
2023-02-17 22:15:00+00:00,152.5,152.5,152.43,69,152.48,6825,152.468796
2023-02-17 22:16:00+00:00,152.44,152.46,152.43,47,152.45,3268,152.445541
2023-02-17 22:17:00+00:00,152.45,152.45,152.45,17,152.45,980,152.446204
2023-02-17 22:18:00+00:00,152.45,152.45,152.45,8,152.45,327,152.45052
2023-02-17 22:19:00+00:00,152.47,152.49,152.47,31,152.47,4190,152.482556
2023-02-17 22:20:00+00:00,152.48,152.48,152.48,15,152.48,797,152.480546
2023-02-17 22:21:00+00:00,152.51,152.51,152.45,33,152.48,4196,152.476308
2023-02-17 22:22:00+00:00,152.5,152.51,152.5,15,152.51,387,152.507752
2023-02-17 22:24:00+00:00,152.49,152.5,152.49,13,152.5,1543,152.496105
2023-02-17 22:25:00+00:00,152.49,152.49,152.49,27,152.49,752,152.490479
2023-02-17 22:26:00+00:00,152.46,152.47,152.46,17,152.47,548,152.467796
2023-02-17 22:27:00+00:00,152.52,152.52,152.44,37,152.45,4066,152.478347
2023-02-17 22:28:00+00:00,152.52,152.52,152.52,8,152.52,261,152.50182
2023-02-17 22:29:00+00:00,152.46,152.51,152.46,19,152.51,2192,152.48274
2023-02-17 22:30:00+00:00,152.5,152.5,152.48,18,152.48,1159,152.497701
2023-02-17 22:32:00+00:00,152.54,152.54,152.5,21,152.5,80620,152.549021
2023-02-17 22:33:00+00:00,152.51,152.54,152.51,24,152.52,2471,152.530172
2023-02-17 22:35:00+00:00,152.5,152.5001,152.5,12,152.5001,353,152.500473
2023-02-17 22:36:00+00:00,152.51,152.51,152.48,21,152.51,2196,152.495168
2023-02-17 22:39:00+00:00,152.46,152.48,152.46,11,152.48,330,152.471152
2023-02-17 22:42:00+00:00,152.48,152.5,152.48,15,152.5,3194,152.499023
2023-02-17 22:43:00+00:00,152.49,152.49,152.49,7,152.49,169,152.486272
2023-02-17 22:44:00+00:00,152.49,152.49,152.49,8,152.49,1025,152.489883
2023-02-17 22:46:00+00:00,152.5,152.5,152.49,11,152.49,513,152.496121
2023-02-17 22:47:00+00:00,152.52,152.52,152.5,15,152.5,700,152.503586
2023-02-17 22:48:00+00:00,152.5,152.5,152.49,13,152.5,665,152.49691
2023-02-17 22:49:00+00:00,152.5193,152.5193,152.49,18,152.49,251,152.50361
2023-02-17 22:50:00+00:00,152.47,152.47,152.47,14,152.47,907,152.474388
2023-02-17 22:51:00+00:00,152.5199,152.53,152.49,23,152.51,8420,152.51971
2023-02-17 22:53:00+00:00,152.48,152.48,152.48,7,152.48,115,152.481913
2023-02-17 22:54:00+00:00,152.4874,152.4874,152.4874,7,152.4874,157,152.489484
2023-02-17 22:56:00+00:00,152.47,152.52,152.47,13,152.52,1130,152.481558
2023-02-17 22:57:00+00:00,152.5,152.5,152.47,11,152.47,371,152.483086
