timestamp,close,high,low,trade_count,open,volume,vwap
2023-10-12 08:01:00+00:00,180.24,180.24,180.24,47,180.24,1524,180.172959
2023-10-12 08:03:00+00:00,180.2,180.2,180.2,20,180.2,1268,180.194811
2023-10-12 08:04:00+00:00,180.21,180.21,180.21,11,180.21,187,180.208075
2023-10-12 08:05:00+00:00,180.22,180.22,180.22,5,180.22,137,180.213285
2023-10-12 08:06:00+00:00,180.23,180.23,180.2,28,180.2,965,180.22885
2023-10-12 08:12:00+00:00,180.3,180.3,180.3,5,180.3,1057,180.299991
2023-10-12 08:13:00+00:00,180.35,180.35,180.35,38,180.35,495,180.363515
2023-10-12 08:18:00+00:00,180.37,180.37,180.37,17,180.37,568,180.377324
2023-10-12 08:19:00+00:00,180.41,180.41,180.41,12,180.41,672,180.41753
2023-10-12 08:20:00+00:00,180.46,180.47,180.42,40,180.42,2446,180.454285
2023-10-12 08:24:00+00:00,180.45,180.45,180.45,7,180.45,234,180.455043
2023-10-12 08:25:00+00:00,180.4,180.44,180.4,30,180.43,3765,180.4309
2023-10-12 08:26:00+00:00,180.4,180.4,180.4,11,180.4,634,180.399921
2023-10-12 08:27:00+00:00,180.41,180.41,180.41,9,180.41,506,180.409802
2023-10-12 08:33:00+00:00,180.41,180.41,180.41,9,180.41,837,180.409845
2023-10-12 08:39:00+00:00,180.44,180.44,180.43,16,180.43,438,180.430297
2023-10-12 08:46:00+00:00,180.45,180.45,180.45,18,180.45,671,180.455827
2023-10-12 08:50:00+00:00,180.47,180.47,180.47,9,180.47,306,180.469314
2023-10-12 08:52:00+00:00,180.48,180.48,180.48,23,180.48,652,180.482377
2023-10-12 08:54:00+00:00,180.5,180.5,180.5,45,180.5,2289,180.500087
2023-10-12 08:58:00+00:00,180.46,180.5,180.46,23,180.5,1628,180.477776
2023-10-12 09:02:00+00:00,180.51,180.53,180.51,8,180.53,551,180.513666
2023-10-12 09:03:00+00:00,180.51,180.51,180.51,8,180.51,134,180.514627
2023-10-12 09:07:00+00:00,180.56,180.56,180.56,12,180.56,331,180.557402
2023-10-12 09:17:00+00:00,180.6,180.6,180.58,23,180.58,600,180.586467
2023-10-12 09:19:00+00:00,180.6,180.61,180.6,21,180.6,1421,180.60247
2023-10-12 09:26:00+00:00,180.6,180.6,180.6,19,180.6,929,180.602723
2023-10-12 09:28:00+00:00,180.6,180.6,180.6,25,180.6,897,180.599431
2023-10-12 09:35:00+00:00,180.59,180.59,180.59,13,180.59,465,180.57071
2023-10-12 09:38:00+00:00,180.5,180.56,180.5,45,180.56,1935,180.533256
2023-10-12 09:39:00+00:00,180.64,180.64,180.64,25,180.64,1462,180.628372
2023-10-12 09:45:00+00:00,180.58,180.6,180.58,21,180.58,1015,180.584325
2023-10-12 09:46:00+00:00,180.59,180.59,180.59,5,180.59,1120,180.587991
2023-10-12 09:47:00+00:00,180.59,180.59,180.59,6,180.59,370,180.592703
2023-10-12 09:48:00+00:00,180.5,180.55,180.49,50,180.55,5541,180.504936
2023-10-12 09:49:00+00:00,180.5,180.5,180.5,28,180.5,4186,180.506928
2023-10-12 09:51:00+00:00,180.49,180.5,180.49,18,180.5,1359,180.4956
2023-10-12 09:53:00+00:00,180.46,180.46,180.46,8,180.46,496,180.464194
2023-10-12 09:57:00+00:00,180.46,180.47,180.46,12,180.47,611,180.467316
2023-10-12 09:59:00+00:00,180.46,180.46,180.46,17,180.46,824,180.452961
2023-10-12 10:00:00+00:00,180.45,180.48,180.45,11,180.48,514,180.465914
2023-10-12 10:02:00+00:00,180.48,180.48,180.48,7,180.48,506,180.477866
2023-10-12 10:03:00+00:00,180.5,180.5,180.48,26,180.48,700,180.492443
2023-10-12 10:05:00+00:00,180.54,180.54,180.5,22,180.5,6577,180.502804
2023-10-12 10:09:00+00:00,180.55,180.55,180.55,9,180.55,569,180.549315
2023-10-12 10:11:00+00:00,180.56,180.56,180.56,15,180.56,444,180.561937
2023-10-12 10:12:00+00:00,180.5,180.57,180.5,20,180.57,4273,180.504603
2023-10-12 10:14:00+00:00,180.5,180.5,180.5,9,180.5,242,180.502769
2023-10-12 10:15:00+00:00,180.52,180.52,180.52,11,180.52,632,180.517832
2023-10-12 10:19:00+00:00,180.58,180.58,180.58,4,180.58,211,180.579953
2023-10-12 10:20:00+00:00,180.57,180.57,180.55,6,180.55,301,180.562159
2023-10-12 10:21:00+00:00,180.45,180.5,180.45,81,180.5,5147,180.460709
2023-10-12 10:22:00+00:00,180.46,180.46,180.46,6,180.46,280,180.470714
2023-10-12 10:25:00+00:00,180.58,180.58,180.57,32,180.57,1155,180.557576
2023-10-12 10:35:00+00:00,180.51,180.51,180.51,8,180.51,472,180.509979
2023-10-12 10:42:00+00:00,180.5,180.5,180.5,2,180.5,120,180.5
2023-10-12 10:43:00+00:00,180.5,180.5,180.5,7,180.5,753,180.49996
2023-10-12 10:45:00+00:00,180.47,180.47,180.47,9,180.47,358,180.482179
2023-10-12 10:47:00+00:00,180.54,180.54,180.54,11,180.54,235,180.532383
2023-10-12 10:48:00+00:00,180.54,180.54,180.54,5,180.54,296,180.538311
2023-10-12 10:53:00+00:00,180.47,180.47,180.47,26,180.47,730,180.477918
2023-10-12 10:54:00+00:00,180.44,180.44,180.44,24,180.44,563,180.450888
2023-10-12 10:56:00+00:00,180.43,180.43,180.43,19,180.43,803,180.430025
2023-10-12 10:57:00+00:00,180.49,180.49,180.49,14,180.49,473,180.487865
2023-10-12 11:02:00+00:00,180.49,180.49,180.45,18,180.45,1161,180.471525
2023-10-12 11:03:00+00:00,180.5,180.5,180.49,36,180.49,1448,180.491872
2023-10-12 11:04:00+00:00,180.5,180.5,180.5,15,180.5,457,180.502298
2023-10-12 11:06:00+00:00,180.47,180.47,180.46,19,180.46,1549,180.47297
2023-10-12 11:08:00+00:00,180.47,180.47,180.47,11,180.47,317,180.46571
2023-10-12 11:09:00+00:00,180.43,180.45,180.43,27,180.44,1284,180.44204
2023-10-12 11:10:00+00:00,180.42,180.42,180.42,16,180.42,517,180.418046
2023-10-12 11:11:00+00:00,180.41,180.45,180.41,90,180.41,7986,180.416722
2023-10-12 11:12:00+00:00,180.47,180.47,180.47,23,180.47,1040,180.467231
2023-10-12 11:15:00+00:00,180.42,180.42,180.39,41,180.41,2150,180.4042
2023-10-12 11:16:00+00:00,180.4,180.4,180.4,11,180.4,251,180.398327
2023-10-12 11:17:00+00:00,180.38,180.38,180.38,18,180.38,463,180.384838
2023-10-12 11:18:00+00:00,180.4,180.4,180.4,11,180.4,234,180.396496
2023-10-12 11:20:00+00:00,180.35,180.38,180.35,35,180.38,1418,180.369422
2023-10-12 11:23:00+00:00,180.25,180.31,180.25,41,180.31,706,180.27619
2023-10-12 11:25:00+00:00,180.25,180.25,180.25,14,180.25,460,180.248435
2023-10-12 11:27:00+00:00,180.27,180.27,180.27,4,180.27,376,180.269628
2023-10-12 11:29:00+00:00,180.22,180.22,180.22,22,180.22,440,180.218068
2023-10-12 11:31:00+00:00,180.25,180.25,180.25,13,180.25,504,180.247937
2023-10-12 11:32:00+00:00,180.26,180.3,180.26,37,180.3,1353,180.266327
2023-10-12 11:33:00+00:00,180.29,180.3,180.29,11,180.3,520,180.292404
2023-10-12 11:34:00+00:00,180.25,180.25,180.25,11,180.25,308,180.241558
2023-10-12 11:35:00+00:00,180.26,180.26,180.26,59,180.26,1089,180.264986
2023-10-12 11:36:00+00:00,180.3,180.3,180.29,98,180.3,3257,180.30105
2023-10-12 11:38:00+00:00,180.35,180.35,180.35,10,180.35,1218,180.344754
2023-10-12 11:40:00+00:00,180.43,180.45,180.38,79,180.38,3116,180.399949
2023-10-12 11:42:00+00:00,180.4,180.4,180.4,22,180.4,631,180.399572
2023-10-12 11:44:00+00:00,180.3,180.35,180.29,45,180.35,1320,180.324621
2023-10-12 11:46:00+00:00,180.25,180.3,180.25,114,180.27,10498,180.267872
2023-10-12 11:51:00+00:00,180.34,180.34,180.34,17,180.34,1320,180.338364
2023-10-12 11:55:00+00:00,180.3,180.33,180.3,25,180.33,2012,180.310487
2023-10-12 11:57:00+00:00,180.4,180.4,180.4,19,180.4,1637,180.39653
2023-10-12 11:58:00+00:00,180.47,180.47,180.45,26,180.45,2151,180.455328
2023-10-12 12:00:00+00:00,180.43,180.5595,180.2,462,180.27,30983,180.365914
2023-10-12 12:01:00+00:00,180.1,180.51,180.1,782,180.4,7393,180.315713
2023-10-12 12:02:00+00:00,180.19,180.2,180.01,409,180.04,2914,180.134111
2023-10-12 12:03:00+00:00,180.3,180.3,180.04,590,180.26,6053,180.158158
2023-10-12 12:04:00+00:00,180.5,180.5,180.5,212,180.5,392,180.15495
2023-10-12 12:05:00+00:00,180.45,180.49,180.45,209,180.49,1199,180.378611
2023-10-12 12:06:00+00:00,180.5,180.5,180.4,133,180.4012,2101,180.43816
2023-10-12 12:08:00+00:00,180.47,180.47,180.42,14,180.42,482,180.441815
2023-10-12 12:09:00+00:00,180.49,180.49,180.49,24,180.49,462,180.478236
2023-10-12 12:10:00+00:00,180.5,180.5,180.5,45,180.5,712,180.497598
2023-10-12 12:12:00+00:00,180.51,180.51,180.47,71,180.47,3425,180.501641
2023-10-12 12:13:00+00:00,180.47,180.55,180.47,45,180.51,2276,180.507346
2023-10-12 12:14:00+00:00,180.52,180.54,180.52,19,180.54,682,180.53107
2023-10-12 12:15:00+00:00,180.44,180.475,180.44,45,180.475,4627,180.467034
2023-10-12 12:16:00+00:00,180.44,180.46,180.44,22,180.44,1914,180.448088
2023-10-12 12:18:00+00:00,180.42,180.42,180.42,55,180.42,784,180.416811
2023-10-12 12:19:00+00:00,180.3,180.36,180.3,44,180.35,3274,180.339435
2023-10-12 12:20:00+00:00,180.3,180.35,180.3,25,180.3,879,180.311724
2023-10-12 12:21:00+00:00,180.33,180.33,180.3,40,180.3,946,180.312578
2023-10-12 12:22:00+00:00,180.3,180.33,180.3,34,180.3001,2312,180.318962
2023-10-12 12:23:00+00:00,180.35,180.35,180.3,51,180.3,2530,180.33251
2023-10-12 12:24:00+00:00,180.3,180.31,180.3,52,180.31,1613,180.303745
2023-10-12 12:25:00+00:00,180.38,180.41,180.33,88,180.33,5036,180.368587
2023-10-12 12:26:00+00:00,180.49,180.49,180.38,101,180.38,4113,180.420473
2023-10-12 12:27:00+00:00,180.5,180.5,180.48,36,180.48,1517,180.477106
2023-10-12 12:28:00+00:00,180.4998,180.4998,180.4998,24,180.4998,542,180.482408
2023-10-12 12:29:00+00:00,180.4399,180.4399,180.4399,27,180.4399,1416,180.429767
2023-10-12 12:30:00+00:00,180.07,180.44,179.85,383,180.35,23933,180.072074
2023-10-12 12:31:00+00:00,179.84,180.19,179.82,217,180.043,11949,179.953714
2023-10-12 12:32:00+00:00,179.66,180.0,179.66,438,179.84,31986,179.774685
2023-10-12 12:33:00+00:00,179.6,179.786,179.52,361,179.782,25914,179.617947
2023-10-12 12:34:00+00:00,179.6,179.78,179.55,217,179.58,19370,179.648587
2023-10-12 12:35:00+00:00,179.68,179.82,179.68,277,179.74,13718,179.771137
2023-10-12 12:36:00+00:00,179.65,179.85,179.58,474,179.68,20408,179.713136
2023-10-12 12:37:00+00:00,179.51,179.74,179.49,182,179.71,9015,179.543349
2023-10-12 12:38:00+00:00,179.66,179.78,179.55,128,179.55,7255,179.659237
2023-10-12 12:39:00+00:00,179.79,179.79,179.73,75,179.75,4380,179.759041
2023-10-12 12:40:00+00:00,179.9,179.91,179.76,179,179.76,13973,179.813499
2023-10-12 12:41:00+00:00,179.7,179.9,179.7,102,179.85,9271,179.799965
2023-10-12 12:42:00+00:00,179.84,179.85,179.73,44,179.73,2041,179.801022
2023-10-12 12:43:00+00:00,179.85,179.87,179.76,54,179.8,2390,179.824718
2023-10-12 12:44:00+00:00,179.95,179.95,179.84,178,179.87,7691,179.89729
2023-10-12 12:45:00+00:00,179.95,180.07,179.91,164,179.95,15612,180.017987
2023-10-12 12:46:00+00:00,180.0024,180.3,179.8611,180,179.8611,16218,180.0629
2023-10-12 12:47:00+00:00,180.08,180.08,179.95,101,179.95,7262,180.044603
2023-10-12 12:48:00+00:00,180.011,180.09,180.011,71,180.09,3423,180.055013
2023-10-12 12:49:00+00:00,180.04,180.045,179.98,143,180.0,6352,180.00858
2023-10-12 12:50:00+00:00,180.09,180.1,180.01,89,180.07,7108,180.044744
2023-10-12 12:51:00+00:00,180.09,180.09,180.0,64,180.0,2179,180.018125
2023-10-12 12:52:00+00:00,180.01,180.09,180.0,68,180.09,2611,180.03875
2023-10-12 12:53:00+00:00,180.07,180.07,180.0,32,180.0696,803,180.020112
2023-10-12 12:54:00+00:00,179.9,180.02,179.9,61,180.02,3905,179.920558
2023-10-12 12:55:00+00:00,179.965,179.965,179.9157,37,179.95,1798,179.93869
2023-10-12 12:56:00+00:00,180.0,180.07,179.98,117,179.98,10967,179.999433
2023-10-12 12:57:00+00:00,179.9,180.0,179.88,76,180.0,4039,179.948643
2023-10-12 12:58:00+00:00,179.9,179.94,179.86,86,179.94,5104,179.909225
2023-10-12 12:59:00+00:00,179.94,179.96,179.89,41,179.96,1075,179.919572
2023-10-12 13:00:00+00:00,179.82,179.82,179.82,54,179.82,1168,179.839011
2023-10-12 13:01:00+00:00,179.9507,179.9507,179.87,97,179.87,6439,179.93267
2023-10-12 13:02:00+00:00,179.95,179.95,179.95,71,179.95,4118,179.942918
2023-10-12 13:03:00+00:00,179.92,180.0,179.9,59,179.947,1744,179.943202
2023-10-12 13:04:00+00:00,180.0,180.01,180.0,40,180.01,1546,180.005607
2023-10-12 13:05:00+00:00,179.96,180.0,179.95,30,180.0,1095,179.953242
2023-10-12 13:06:00+00:00,179.94,179.97,179.89,121,179.9,5111,179.930428
2023-10-12 13:08:00+00:00,179.86,179.95,179.86,67,179.91,2511,179.898997
2023-10-12 13:09:00+00:00,179.85,179.93,179.81,98,179.86,7727,179.849005
2023-10-12 13:10:00+00:00,179.85,179.93,179.85,70,179.86,3807,179.878792
2023-10-12 13:11:00+00:00,179.85,179.85,179.85,56,179.85,1180,179.856068
2023-10-12 13:12:00+00:00,179.83,179.88,179.8,77,179.88,6754,179.863129
2023-10-12 13:13:00+00:00,179.85,179.85,179.73,108,179.8,5670,179.782432
2023-10-12 13:14:00+00:00,179.92,179.92,179.8,79,179.8499,4891,179.849522
2023-10-12 13:15:00+00:00,179.98,179.98,179.87,121,179.87,4805,179.924299
2023-10-12 13:16:00+00:00,179.88,179.98,179.88,24,179.98,658,179.948511
2023-10-12 13:17:00+00:00,179.83,179.88,179.82,65,179.87,3466,179.843668
2023-10-12 13:18:00+00:00,179.8498,179.85,179.8,68,179.83,4851,179.826038
2023-10-12 13:19:00+00:00,179.78,179.8,179.71,122,179.77,8527,179.757069
2023-10-12 13:20:00+00:00,179.75,179.77,179.71,91,179.77,12205,179.742664
2023-10-12 13:21:00+00:00,179.75,179.75,179.73,67,179.75,3212,179.734778
2023-10-12 13:22:00+00:00,179.8077,179.8077,179.75,87,179.75,2730,179.759853
2023-10-12 13:23:00+00:00,179.92,179.92,179.8,162,179.81,7043,179.845981
2023-10-12 13:24:00+00:00,180.0,180.0,179.92,57,179.92,1570,179.967926
2023-10-12 13:25:00+00:00,179.96,179.96,179.96,30,179.96,558,179.954884
2023-10-12 13:26:00+00:00,179.89,179.9489,179.83,25,179.83,1479,179.882437
2023-10-12 13:27:00+00:00,179.81,180.1,179.8,231,179.9,18672,179.92782
2023-10-12 13:28:00+00:00,179.95,180.1,179.78,129,179.81,13276,179.956585
2023-10-12 13:29:00+00:00,180.1,180.1,179.99,95,180.09,11078,180.014374
2023-10-12 13:30:00+00:00,180.01,180.15,179.84,7627,180.07,914796,179.998077
2023-10-12 13:31:00+00:00,180.24,180.42,179.96,2684,180.0,241984,180.224711
2023-10-12 13:32:00+00:00,180.24,180.36,180.18,1968,180.24,151741,180.27973
2023-10-12 13:33:00+00:00,180.165,180.3472,180.151,1419,180.2408,101218,180.240679
2023-10-12 13:34:00+00:00,179.95,180.25,179.95,2066,180.166,185697,180.101485
2023-10-12 13:35:00+00:00,180.24,180.25,179.95,1652,179.9615,167958,180.146568
2023-10-12 13:36:00+00:00,180.334,180.35,180.16,1591,180.247,164593,180.259258
2023-10-12 13:37:00+00:00,180.45,180.55,180.325,2033,180.34,190756,180.435367
2023-10-12 13:38:00+00:00,180.49,180.54,180.35,1600,180.455,142929,180.45869
2023-10-12 13:39:00+00:00,180.39,180.54,180.37,1282,180.48,106873,180.461481
2023-10-12 13:40:00+00:00,180.43,180.45,180.23,1927,180.39,176201,180.324221
2023-10-12 13:41:00+00:00,180.4501,180.6201,180.41,2184,180.4373,234343,180.523404
2023-10-12 13:42:00+00:00,180.31,180.4573,180.3,1705,180.4512,153505,180.381186
2023-10-12 13:43:00+00:00,180.59,180.59,180.3,1957,180.32,176597,180.476842
2023-10-12 13:44:00+00:00,180.52,180.6,180.5,1344,180.59,113440,180.547881
2023-10-12 13:45:00+00:00,180.4,180.587,180.37,2060,180.525,149266,180.469011
2023-10-12 13:46:00+00:00,180.47,180.53,180.38,2153,180.415,110409,180.458156
2023-10-12 13:47:00+00:00,180.54,180.573,180.4473,2254,180.49,124913,180.536149
2023-10-12 13:48:00+00:00,180.5,180.5505,180.47,2228,180.5479,116523,180.506597
2023-10-12 13:49:00+00:00,180.47,180.57,180.46,2433,180.49,138940,180.524273
2023-10-12 13:50:00+00:00,180.425,180.54,180.35,2791,180.48,149964,180.435236
2023-10-12 13:51:00+00:00,180.61,180.7,180.38,3695,180.43,279137,180.571255
2023-10-12 13:52:00+00:00,180.5912,180.64,180.55,2753,180.6192,161689,180.598653
2023-10-12 13:53:00+00:00,180.655,180.68,180.58,2709,180.5947,170405,180.64192
2023-10-12 13:54:00+00:00,180.4981,180.68,180.48,2747,180.66,147363,180.59155
2023-10-12 13:55:00+00:00,180.4,180.5113,180.4,2683,180.48,141672,180.455134
2023-10-12 13:56:00+00:00,180.445,180.56,180.365,3002,180.405,199523,180.435864
2023-10-12 13:57:00+00:00,180.49,180.5,180.42,2386,180.44,83293,180.468623
2023-10-12 13:58:00+00:00,180.64,180.7,180.49,3296,180.5,209659,180.61263
2023-10-12 13:59:00+00:00,180.93,180.99,180.64,4898,180.65,400336,180.854768
2023-10-12 14:00:00+00:00,181.0,181.0642,180.93,5230,180.93,287308,181.004594
2023-10-12 14:01:00+00:00,180.8765,181.0,180.81,3221,180.995,167120,180.894954
2023-10-12 14:02:00+00:00,181.04,181.0596,180.87,2971,180.8784,124944,180.958969
2023-10-12 14:03:00+00:00,181.1,181.12,180.97,3727,181.03,214560,181.066026
2023-10-12 14:04:00+00:00,181.109,181.16,181.0201,3974,181.085,284601,181.096349
2023-10-12 14:05:00+00:00,181.23,181.24,181.0501,3279,181.1,205248,181.138804
2023-10-12 14:06:00+00:00,181.27,181.29,181.16,3623,181.22,239440,181.2141
2023-10-12 14:07:00+00:00,181.285,181.34,181.225,3310,181.2699,219199,181.276568
2023-10-12 14:08:00+00:00,181.3592,181.41,181.28,3201,181.29,216612,181.356641
2023-10-12 14:09:00+00:00,181.4,181.42,181.33,2518,181.3501,147780,181.374359
2023-10-12 14:10:00+00:00,181.49,181.51,181.3366,3325,181.4,233648,181.417957
2023-10-12 14:11:00+00:00,181.64,181.655,181.47,3390,181.495,274462,181.56745
2023-10-12 14:12:00+00:00,181.63,181.72,181.56,2990,181.64,195603,181.650476
2023-10-12 14:13:00+00:00,181.43,181.64,181.41,2940,181.625,213226,181.50299
2023-10-12 14:14:00+00:00,181.465,181.51,181.41,2641,181.41,166136,181.467283
2023-10-12 14:15:00+00:00,181.5002,181.57,181.46,2901,181.47,217835,181.506963
2023-10-12 14:16:00+00:00,181.355,181.55,181.335,3165,181.501,223742,181.419943
2023-10-12 14:17:00+00:00,181.245,181.3569,181.2,2813,181.3569,220798,181.278138
2023-10-12 14:18:00+00:00,181.37,181.39,181.18,2829,181.24,189918,181.280098
2023-10-12 14:19:00+00:00,181.2901,181.4,181.215,2737,181.37,190357,181.305576
2023-10-12 14:20:00+00:00,181.41,181.41,181.2,2702,181.298,140474,181.284501
2023-10-12 14:21:00+00:00,181.56,181.57,181.405,3344,181.41,203546,181.504209
2023-10-12 14:22:00+00:00,181.82,181.82,181.559,4363,181.57,316557,181.697389
2023-10-12 14:23:00+00:00,181.97,181.975,181.8,4432,181.81,332763,181.886699
2023-10-12 14:24:00+00:00,181.93,181.99,181.86,3582,181.96,258319,181.935871
2023-10-12 14:25:00+00:00,181.89,182.03,181.855,5576,181.935,423296,181.954909
2023-10-12 14:26:00+00:00,181.765,181.9499,181.75,3521,181.8901,249932,181.83151
2023-10-12 14:27:00+00:00,182.03,182.1499,181.78,4404,181.78,326585,182.013902
2023-10-12 14:28:00+00:00,181.84,182.07,181.81,3120,182.02,226150,181.965986
2023-10-12 14:29:00+00:00,181.72,181.84,181.605,3150,181.8201,195269,181.705074
2023-10-12 14:30:00+00:00,181.77,181.785,181.66,2721,181.73,170012,181.732999
2023-10-12 14:31:00+00:00,181.87,181.87,181.76,2885,181.78,195151,181.810681
2023-10-12 14:32:00+00:00,181.815,181.905,181.76,2886,181.86,153119,181.839107
2023-10-12 14:33:00+00:00,181.845,181.88,181.77,2485,181.82,138619,181.83676
2023-10-12 14:34:00+00:00,182.01,182.04,181.84,3194,181.85,232505,181.950385
2023-10-12 14:35:00+00:00,181.83,182.0899,181.83,2893,182.01,181960,181.942712
2023-10-12 14:36:00+00:00,181.895,181.93,181.82,2269,181.82,109379,181.8762
2023-10-12 14:37:00+00:00,181.98,182.02,181.85,2551,181.8989,116528,181.932055
2023-10-12 14:38:00+00:00,181.9099,182.03,181.85,2352,181.99,145746,181.925684
2023-10-12 14:39:00+00:00,181.872,181.98,181.85,2264,181.91,126388,181.908613
2023-10-12 14:40:00+00:00,181.9399,181.95,181.8103,2457,181.87,135634,181.877611
2023-10-12 14:41:00+00:00,181.96,182.04,181.93,2379,181.93,110574,181.98614
2023-10-12 14:42:00+00:00,181.81,181.9501,181.79,2183,181.9501,83815,181.876844
2023-10-12 14:43:00+00:00,181.755,181.83,181.71,2496,181.83,113632,181.770392
2023-10-12 14:44:00+00:00,181.53,181.768,181.52,3312,181.76,224890,181.645242
2023-10-12 14:45:00+00:00,181.67,181.67,181.46,2757,181.52,157508,181.561047
2023-10-12 14:46:00+00:00,181.765,181.79,181.64,2717,181.6536,173926,181.7132
2023-10-12 14:47:00+00:00,181.775,181.8998,181.75,2730,181.77,207116,181.818142
2023-10-12 14:48:00+00:00,181.99,181.99,181.754,2480,181.78,143106,181.877353
2023-10-12 14:49:00+00:00,181.79,182.0,181.78,2443,181.99,115206,181.874027
2023-10-12 14:50:00+00:00,181.8501,181.89,181.795,1808,181.8,83140,181.859686
2023-10-12 14:51:00+00:00,181.745,181.93,181.74,2429,181.86,180133,181.858983
2023-10-12 14:52:00+00:00,181.715,181.825,181.71,2030,181.7588,80757,181.757972
2023-10-12 14:53:00+00:00,181.75,181.76,181.675,1787,181.715,103090,181.728422
2023-10-12 14:54:00+00:00,181.81,181.82,181.7,1929,181.75,102298,181.754831
2023-10-12 14:55:00+00:00,181.805,181.84,181.75,2043,181.81,105387,181.796289
2023-10-12 14:56:00+00:00,181.88,181.88,181.78,2041,181.8022,97865,181.83536
2023-10-12 14:57:00+00:00,181.91,181.9599,181.88,2211,181.89,158774,181.936793
2023-10-12 14:58:00+00:00,181.99,182.01,181.93,2459,181.93,152320,181.979447
2023-10-12 14:59:00+00:00,182.06,182.1078,181.97,2499,181.995,181122,182.0462
2023-10-12 15:00:00+00:00,181.86,182.08,181.83,2509,182.065,176575,181.943898
2023-10-12 15:01:00+00:00,181.82,181.86,181.755,1809,181.86,83446,181.812805
2023-10-12 15:02:00+00:00,181.7701,181.83,181.67,1783,181.83,81889,181.748168
2023-10-12 15:03:00+00:00,181.7729,181.78,181.64,1772,181.77,103057,181.717676
2023-10-12 15:04:00+00:00,181.9336,181.95,181.752,2057,181.77,126402,181.864883
2023-10-12 15:05:00+00:00,181.99,182.0399,181.9,2189,181.9357,136365,181.986922
2023-10-12 15:06:00+00:00,181.9721,182.03,181.95,2045,181.98,88286,181.989323
2023-10-12 15:07:00+00:00,181.845,182.02,181.815,2358,181.97,116993,181.915009
2023-10-12 15:08:00+00:00,181.85,181.875,181.77,1957,181.8499,188394,181.832888
2023-10-12 15:09:00+00:00,181.99,182.02,181.88,1852,181.89,100563,181.978015
2023-10-12 15:10:00+00:00,182.0588,182.06,181.98,1742,181.985,121497,182.024194
2023-10-12 15:11:00+00:00,182.11,182.11,182.01,1943,182.055,123101,182.054055
2023-10-12 15:12:00+00:00,182.11,182.16,182.085,2333,182.115,137702,182.121341
2023-10-12 15:13:00+00:00,182.18,182.21,182.09,2217,182.105,118495,182.150912
2023-10-12 15:14:00+00:00,182.18,182.21,182.16,1957,182.18,95472,182.185135
2023-10-12 15:15:00+00:00,182.135,182.23,182.095,2379,182.18,156798,182.167773
2023-10-12 15:16:00+00:00,182.12,182.18,182.0901,2339,182.135,206126,182.126664
2023-10-12 15:17:00+00:00,182.3086,182.32,182.12,2763,182.12,149589,182.231964
2023-10-12 15:18:00+00:00,182.3357,182.34,182.27,2422,182.305,123166,182.306642
2023-10-12 15:19:00+00:00,182.26,182.33,182.24,2126,182.33,102790,182.286928
2023-10-12 15:20:00+00:00,182.15,182.279,182.15,2624,182.241,231939,182.20895
2023-10-12 15:21:00+00:00,182.11,182.15,182.08,2159,182.15,92176,182.11966
2023-10-12 15:22:00+00:00,182.19,182.2,182.11,1861,182.11,59682,182.147823
2023-10-12 15:23:00+00:00,182.12,182.2899,182.08,2257,182.1899,125799,182.175269
2023-10-12 15:24:00+00:00,181.9701,182.185,181.97,2300,182.12,136153,182.074398
2023-10-12 15:25:00+00:00,181.92,181.999,181.9,2004,181.975,93083,181.937473
2023-10-12 15:26:00+00:00,181.84,181.935,181.81,2284,181.925,157357,181.862682
2023-10-12 15:27:00+00:00,181.855,181.92,181.84,1891,181.84,93310,181.875126
2023-10-12 15:28:00+00:00,181.925,181.97,181.84,1387,181.85,83016,181.927576
2023-10-12 15:29:00+00:00,181.77,181.925,181.75,1329,181.925,166139,181.850721
2023-10-12 15:30:00+00:00,181.7,181.81,181.6778,1193,181.765,98363,181.744295
2023-10-12 15:31:00+00:00,181.7,181.75,181.675,1155,181.71,158203,181.712336
2023-10-12 15:32:00+00:00,181.768,181.82,181.695,1156,181.7099,196931,181.744307
2023-10-12 15:33:00+00:00,181.63,181.78,181.63,1033,181.76,127123,181.711346
2023-10-12 15:34:00+00:00,181.71,181.75,181.61,1360,181.64,226937,181.658344
2023-10-12 15:35:00+00:00,181.68,181.77,181.68,1244,181.71,142705,181.717554
2023-10-12 15:36:00+00:00,181.7799,181.83,181.67,1009,181.67,90947,181.765945
2023-10-12 15:37:00+00:00,181.665,181.77,181.6502,881,181.77,99169,181.703607
2023-10-12 15:38:00+00:00,181.64,181.7,181.59,885,181.6679,78267,181.654141
2023-10-12 15:39:00+00:00,181.72,181.75,181.63,1112,181.645,111867,181.705655
2023-10-12 15:40:00+00:00,181.73,181.84,181.72,1127,181.72,112523,181.780482
2023-10-12 15:41:00+00:00,181.675,181.75,181.64,740,181.74,56515,181.703438
2023-10-12 15:42:00+00:00,181.64,181.69,181.59,869,181.6701,94970,181.635946
2023-10-12 15:43:00+00:00,181.68,181.7,181.59,863,181.64,82302,181.636981
2023-10-12 15:44:00+00:00,181.75,181.78,181.67,686,181.67,57210,181.724409
2023-10-12 15:45:00+00:00,181.7788,181.85,181.74,774,181.755,67814,181.795593
2023-10-12 15:46:00+00:00,181.83,181.84,181.77,699,181.79,59311,181.80545
2023-10-12 15:47:00+00:00,181.71,181.84,181.705,879,181.84,85023,181.769999
2023-10-12 15:48:00+00:00,181.68,181.73,181.67,751,181.7,63049,181.703068
2023-10-12 15:49:00+00:00,181.5699,181.685,181.56,824,181.68,77165,181.605476
2023-10-12 15:50:00+00:00,181.53,181.63,181.51,983,181.565,91648,181.560256
2023-10-12 15:51:00+00:00,181.59,181.6089,181.53,583,181.53,46398,181.569372
2023-10-12 15:52:00+00:00,181.675,181.68,181.5708,717,181.59,68794,181.625957
2023-10-12 15:53:00+00:00,181.68,181.715,181.64,589,181.6718,44491,181.679298
2023-10-12 15:54:00+00:00,181.79,181.81,181.69,842,181.69,87531,181.744756
2023-10-12 15:55:00+00:00,181.8406,181.92,181.76,1170,181.79,122796,181.861938
2023-10-12 15:56:00+00:00,181.91,181.92,181.83,872,181.8482,89983,181.883088
2023-10-12 15:57:00+00:00,181.84,181.937,181.84,698,181.91,64095,181.896026
2023-10-12 15:58:00+00:00,181.9,181.9,181.82,721,181.845,69511,181.866786
2023-10-12 15:59:00+00:00,181.94,181.962,181.89,926,181.91,104271,181.926205
2023-10-12 16:00:00+00:00,182.03,182.0791,181.93,1784,181.94,203109,182.012267
2023-10-12 16:01:00+00:00,182.07,182.079,181.96,1114,182.0489,112338,182.035644
2023-10-12 16:02:00+00:00,181.98,182.07,181.95,889,182.07,79470,182.010087
2023-10-12 16:03:00+00:00,181.91,181.99,181.91,638,181.985,66200,181.953771
2023-10-12 16:04:00+00:00,181.84,181.91,181.7907,1101,181.91,137791,181.840526
2023-10-12 16:05:00+00:00,181.89,181.96,181.84,666,181.8431,62416,181.90257
2023-10-12 16:06:00+00:00,182.0152,182.02,181.86,925,181.88,75596,181.927822
2023-10-12 16:07:00+00:00,182.01,182.055,181.98,1319,182.02,121891,182.013707
2023-10-12 16:08:00+00:00,182.025,182.12,182.01,993,182.01,98862,182.070351
2023-10-12 16:09:00+00:00,181.9703,182.04,181.95,678,182.03,60163,181.999548
2023-10-12 16:10:00+00:00,182.025,182.045,181.97,534,181.97,42868,182.016862
2023-10-12 16:11:00+00:00,182.0378,182.05,181.985,623,182.025,54055,182.021247
2023-10-12 16:12:00+00:00,182.0293,182.08,181.9824,777,182.04,62502,182.029216
2023-10-12 16:13:00+00:00,181.9859,182.025,181.905,748,182.025,68692,181.972411
2023-10-12 16:14:00+00:00,181.96,181.9965,181.895,627,181.99,42363,181.935594
2023-10-12 16:15:00+00:00,182.029,182.03,181.95,663,181.96,49903,182.007004
2023-10-12 16:16:00+00:00,181.915,182.02,181.885,755,182.02,66672,181.947168
2023-10-12 16:17:00+00:00,182.07,182.09,181.91,745,181.92,71609,182.012784
2023-10-12 16:18:00+00:00,182.085,182.11,182.04,895,182.0677,88481,182.08051
2023-10-12 16:19:00+00:00,182.1099,182.12,182.075,634,182.08,65224,182.100837
2023-10-12 16:20:00+00:00,182.05,182.1,182.03,548,182.1,45610,182.061823
2023-10-12 16:21:00+00:00,182.29,182.29,182.035,1684,182.05,165800,182.17466
2023-10-12 16:22:00+00:00,182.095,182.29,182.05,1180,182.285,119498,182.179089
2023-10-12 16:23:00+00:00,182.15,182.17,182.0857,798,182.0915,96332,182.115532
2023-10-12 16:24:00+00:00,182.1799,182.21,182.1401,651,182.15,94088,182.178226
2023-10-12 16:25:00+00:00,182.0899,182.2,182.065,731,182.175,82454,182.12864
2023-10-12 16:26:00+00:00,182.175,182.185,182.0601,881,182.09,99041,182.118543
2023-10-12 16:27:00+00:00,182.27,182.28,182.155,861,182.175,95537,182.214835
2023-10-12 16:28:00+00:00,182.245,182.2701,182.2,642,182.2701,54246,182.241005
2023-10-12 16:29:00+00:00,182.27,182.28,182.21,746,182.245,67727,182.247909
2023-10-12 16:30:00+00:00,182.205,182.28,182.19,686,182.28,63167,182.243622
2023-10-12 16:31:00+00:00,182.14,182.23,182.13,697,182.21,52206,182.179392
2023-10-12 16:32:00+00:00,182.175,182.175,182.1189,710,182.14,52636,182.138215
2023-10-12 16:33:00+00:00,182.14,182.19,182.14,673,182.175,84392,182.166193
2023-10-12 16:34:00+00:00,182.0638,182.15,182.0571,967,182.15,96515,182.08512
2023-10-12 16:35:00+00:00,182.0712,182.11,182.05,977,182.07,99274,182.084623
2023-10-12 16:36:00+00:00,182.0187,182.075,182.005,667,182.07,73741,182.035269
2023-10-12 16:37:00+00:00,182.01,182.03,181.98,752,182.01,72987,182.003628
2023-10-12 16:38:00+00:00,182.065,182.085,182.01,776,182.01,67486,182.051802
2023-10-12 16:39:00+00:00,182.055,182.1396,182.055,855,182.07,93093,182.091352
2023-10-12 16:40:00+00:00,182.0492,182.12,182.03,685,182.06,62449,182.067983
2023-10-12 16:41:00+00:00,182.01,182.0892,182.01,670,182.04,62588,182.044327
2023-10-12 16:42:00+00:00,182.0199,182.045,181.99,737,182.01,59256,182.012358
2023-10-12 16:43:00+00:00,182.05,182.08,182.01,599,182.01,55107,182.045326
2023-10-12 16:44:00+00:00,182.07,182.1,182.04,601,182.045,43279,182.070965
2023-10-12 16:45:00+00:00,181.975,182.07,181.9431,756,182.07,54740,181.994716
2023-10-12 16:46:00+00:00,181.99,182.01,181.95,733,181.98,73046,181.98207
2023-10-12 16:47:00+00:00,181.95,181.99,181.9429,557,181.98,46684,181.967705
2023-10-12 16:48:00+00:00,181.9402,181.98,181.9167,662,181.9421,62435,181.948212
2023-10-12 16:49:00+00:00,181.93,181.9626,181.9,617,181.95,58356,181.926746
2023-10-12 16:50:00+00:00,181.95,181.96,181.87,678,181.925,62081,181.921268
2023-10-12 16:51:00+00:00,181.95,181.96,181.9,702,181.95,69323,181.920322
2023-10-12 16:52:00+00:00,182.05,182.05,181.945,833,181.96,154134,182.000169
2023-10-12 16:53:00+00:00,182.025,182.1369,182.02,880,182.04,95573,182.079106
2023-10-12 16:54:00+00:00,182.105,182.13,182.03,718,182.03,72138,182.086142
2023-10-12 16:55:00+00:00,181.985,182.13,181.95,1001,182.1,98717,182.055433
2023-10-12 16:56:00+00:00,181.92,181.98,181.8701,763,181.98,70170,181.909542
2023-10-12 16:57:00+00:00,181.91,181.94,181.89,695,181.9,74389,181.909653
2023-10-12 16:58:00+00:00,181.9401,181.9761,181.89,549,181.91,39501,181.93126
2023-10-12 16:59:00+00:00,181.955,181.97,181.9099,581,181.94,49793,181.93561
2023-10-12 17:00:00+00:00,181.93,181.955,181.885,648,181.955,47766,181.920173
2023-10-12 17:01:00+00:00,181.79,182.06,181.785,1617,181.94,129306,181.945158
2023-10-12 17:02:00+00:00,181.65,181.801,181.64,1655,181.79,154565,181.701544
2023-10-12 17:03:00+00:00,181.49,181.66,181.48,1575,181.65,146416,181.549869
2023-10-12 17:04:00+00:00,181.485,181.59,181.45,1219,181.4999,147824,181.516215
2023-10-12 17:05:00+00:00,181.3,181.5,181.2701,1302,181.5,124829,181.390604
2023-10-12 17:06:00+00:00,181.43,181.51,181.3001,1761,181.3001,178105,181.422805
2023-10-12 17:07:00+00:00,181.33,181.475,181.3099,669,181.43,71826,181.37174
2023-10-12 17:08:00+00:00,181.1501,181.345,181.1,2090,181.34,213945,181.220822
2023-10-12 17:09:00+00:00,181.15,181.23,181.12,1187,181.17,137698,181.155463
2023-10-12 17:10:00+00:00,181.13,181.21,181.09,836,181.1525,76105,181.136884
2023-10-12 17:11:00+00:00,181.015,181.145,181.01,1134,181.13,102441,181.079668
2023-10-12 17:12:00+00:00,180.87,181.015,180.86,2007,181.015,191201,180.948892
2023-10-12 17:13:00+00:00,180.82,180.93,180.81,1180,180.87,115871,180.85571
2023-10-12 17:14:00+00:00,180.77,180.88,180.74,1157,180.83,109288,180.806792
2023-10-12 17:15:00+00:00,180.67,180.76,180.63,1432,180.755,185978,180.689117
2023-10-12 17:16:00+00:00,180.675,180.78,180.67,1022,180.6701,108088,180.715131
2023-10-12 17:17:00+00:00,180.555,180.7,180.55,1125,180.67,130463,180.611612
2023-10-12 17:18:00+00:00,180.62,180.65,180.55,958,180.56,129159,180.663347
2023-10-12 17:19:00+00:00,180.685,180.72,180.5501,903,180.6,69291,180.622416
2023-10-12 17:20:00+00:00,180.77,180.83,180.6775,940,180.71,94486,180.757104
2023-10-12 17:21:00+00:00,180.67,180.8,180.59,1073,180.7601,113727,180.672964
2023-10-12 17:22:00+00:00,180.73,180.76,180.64,765,180.6726,91237,180.687456
2023-10-12 17:23:00+00:00,180.69,180.76,180.6802,506,180.731,36660,180.725506
2023-10-12 17:24:00+00:00,180.68,180.74,180.63,692,180.7,71169,180.680358
2023-10-12 17:25:00+00:00,180.56,180.72,180.545,824,180.69,76918,180.635473
2023-10-12 17:26:00+00:00,180.465,180.61,180.46,1268,180.55,122275,180.533278
2023-10-12 17:27:00+00:00,180.52,180.61,180.4321,1186,180.46,127132,180.50094
2023-10-12 17:28:00+00:00,180.44,180.54,180.44,827,180.51,77420,180.48899
2023-10-12 17:29:00+00:00,180.3549,180.44,180.33,1378,180.44,141161,180.380312
2023-10-12 17:30:00+00:00,180.35,180.39,180.2,2159,180.34,184035,180.290246
2023-10-12 17:31:00+00:00,180.5,180.54,180.35,1365,180.35,149838,180.465988
2023-10-12 17:32:00+00:00,180.5591,180.568,180.43,825,180.491,55166,180.490192
2023-10-12 17:33:00+00:00,180.53,180.59,180.4799,922,180.56,88847,180.553018
2023-10-12 17:34:00+00:00,180.37,180.55,180.35,927,180.52,80854,180.467384
2023-10-12 17:35:00+00:00,180.395,180.525,180.36,976,180.38,73353,180.430072
2023-10-12 17:36:00+00:00,180.46,180.5069,180.38,1088,180.3992,97105,180.437371
2023-10-12 17:37:00+00:00,180.5186,180.56,180.41,800,180.45,64139,180.48492
2023-10-12 17:38:00+00:00,180.5616,180.63,180.49,823,180.51,79171,180.573051
2023-10-12 17:39:00+00:00,180.46,180.56,180.41,910,180.555,76550,180.477213
2023-10-12 17:40:00+00:00,180.41,180.53,180.38,775,180.48,93709,180.453943
2023-10-12 17:41:00+00:00,180.415,180.47,180.37,686,180.415,68000,180.413853
2023-10-12 17:42:00+00:00,180.455,180.48,180.3531,740,180.41,64520,180.401119
2023-10-12 17:43:00+00:00,180.38,180.475,180.3601,720,180.455,65629,180.422809
2023-10-12 17:44:00+00:00,180.27,180.405,180.24,941,180.3988,92037,180.318902
2023-10-12 17:45:00+00:00,180.32,180.32,180.25,1191,180.27,102817,180.28572
2023-10-12 17:46:00+00:00,180.32,180.3949,180.29,824,180.32,78620,180.336036
2023-10-12 17:47:00+00:00,180.38,180.38,180.3,533,180.31,32918,180.336004
2023-10-12 17:48:00+00:00,180.17,180.38,180.1301,1099,180.38,124490,180.244527
2023-10-12 17:49:00+00:00,180.17,180.1972,180.105,967,180.17,87359,180.141657
2023-10-12 17:50:00+00:00,180.0801,180.23,180.03,1064,180.1731,97270,180.11672
2023-10-12 17:51:00+00:00,180.1697,180.18,180.07,802,180.09,74988,180.110894
2023-10-12 17:52:00+00:00,180.1,180.19,180.08,587,180.165,38233,180.119754
2023-10-12 17:53:00+00:00,180.1999,180.24,180.105,844,180.11,71511,180.175055
2023-10-12 17:54:00+00:00,180.13,180.1904,180.04,748,180.19,75676,180.10173
2023-10-12 17:55:00+00:00,180.23,180.27,180.13,770,180.14,69454,180.193615
2023-10-12 17:56:00+00:00,180.22,180.24,180.18,690,180.23,73040,180.217949
2023-10-12 17:57:00+00:00,180.155,180.22,180.15,773,180.22,65304,180.180645
2023-10-12 17:58:00+00:00,180.11,180.21,180.08,874,180.15,91362,180.157729
2023-10-12 17:59:00+00:00,179.985,180.1309,179.96,1723,180.12,156031,180.013449
2023-10-12 18:00:00+00:00,180.02,180.05,179.93,839,179.99,93232,179.984553
2023-10-12 18:01:00+00:00,179.9799,180.0606,179.95,821,180.02,99158,180.018333
2023-10-12 18:02:00+00:00,180.09,180.09,179.96,1156,179.965,142505,180.033636
2023-10-12 18:03:00+00:00,180.01,180.13,179.98,805,180.1,102028,180.071253
2023-10-12 18:04:00+00:00,179.83,180.04,179.82,1175,180.0084,148440,179.914094
2023-10-12 18:05:00+00:00,179.8379,179.88,179.81,863,179.82,80693,179.844547
2023-10-12 18:06:00+00:00,179.7213,179.8569,179.6779,1728,179.83,173295,179.780396
2023-10-12 18:07:00+00:00,179.8499,179.86,179.7224,972,179.7224,115489,179.791522
2023-10-12 18:08:00+00:00,179.67,179.855,179.66,910,179.8401,77332,179.76274
2023-10-12 18:09:00+00:00,179.595,179.68,179.58,1254,179.6716,120595,179.605001
2023-10-12 18:10:00+00:00,179.52,179.64,179.51,1347,179.59,124985,179.552622
2023-10-12 18:11:00+00:00,179.43,179.55,179.37,1588,179.53,201103,179.466322
2023-10-12 18:12:00+00:00,179.5,179.53,179.403,1160,179.41,116556,179.472259
2023-10-12 18:13:00+00:00,179.53,179.55,179.47,870,179.505,81355,179.508991
2023-10-12 18:14:00+00:00,179.5641,179.62,179.475,895,179.5299,75401,179.559502
2023-10-12 18:15:00+00:00,179.45,179.6,179.43,1141,179.57,131467,179.521662
2023-10-12 18:16:00+00:00,179.27,179.45,179.21,1848,179.445,241548,179.302889
2023-10-12 18:17:00+00:00,179.2,179.28,179.18,1611,179.275,191256,179.224172
2023-10-12 18:18:00+00:00,179.13,179.23,179.11,1700,179.2,216511,179.164447
2023-10-12 18:19:00+00:00,179.05,179.16,179.04,1615,179.13,163349,179.093127
2023-10-12 18:20:00+00:00,179.305,179.32,179.045,2605,179.05,312049,179.160268
2023-10-12 18:21:00+00:00,179.3278,179.37,179.29,1326,179.31,142192,179.327891
2023-10-12 18:22:00+00:00,179.37,179.405,179.3124,1041,179.33,106811,179.357501
2023-10-12 18:23:00+00:00,179.37,179.405,179.3,1259,179.37,115782,179.352888
2023-10-12 18:24:00+00:00,179.36,179.49,179.36,1381,179.38,128091,179.436208
2023-10-12 18:25:00+00:00,179.3947,179.4099,179.3,1340,179.36,125704,179.34746
2023-10-12 18:26:00+00:00,179.3587,179.45,179.32,994,179.3801,94760,179.395641
2023-10-12 18:27:00+00:00,179.5741,179.6,179.3101,1134,179.35,112630,179.512445
2023-10-12 18:28:00+00:00,179.649,179.69,179.56,1089,179.5799,136526,179.625376
2023-10-12 18:29:00+00:00,179.64,179.69,179.59,791,179.65,64468,179.636769
2023-10-12 18:30:00+00:00,179.54,179.65,179.49,1063,179.635,98823,179.570744
2023-10-12 18:31:00+00:00,179.58,179.635,179.515,773,179.55,74404,179.574041
2023-10-12 18:32:00+00:00,179.505,179.61,179.49,783,179.56,68820,179.557075
2023-10-12 18:33:00+00:00,179.58,179.6,179.5111,708,179.5114,54745,179.557849
2023-10-12 18:34:00+00:00,179.75,179.77,179.58,1100,179.59,105793,179.652756
2023-10-12 18:35:00+00:00,179.78,179.81,179.7,1011,179.75,111782,179.768028
2023-10-12 18:36:00+00:00,179.71,179.7999,179.68,788,179.78,58385,179.716322
2023-10-12 18:37:00+00:00,179.705,179.795,179.69,607,179.72,44399,179.746864
2023-10-12 18:38:00+00:00,179.67,179.7099,179.575,789,179.7099,71206,179.647979
2023-10-12 18:39:00+00:00,179.795,179.83,179.68,613,179.68,41816,179.763295
2023-10-12 18:40:00+00:00,179.7,179.83,179.695,778,179.79,66190,179.763342
2023-10-12 18:41:00+00:00,179.7443,179.77,179.705,526,179.7064,42457,179.750405
2023-10-12 18:42:00+00:00,179.7164,179.78,179.68,1038,179.7374,82186,179.730719
2023-10-12 18:43:00+00:00,179.82,179.859,179.7,813,179.7,87618,179.797928
2023-10-12 18:44:00+00:00,179.76,179.83,179.75,673,179.82,45777,179.78556
2023-10-12 18:45:00+00:00,179.74,179.839,179.68,680,179.76,52025,179.759839
2023-10-12 18:46:00+00:00,179.805,179.81,179.73,617,179.735,48313,179.778395
2023-10-12 18:47:00+00:00,179.83,179.89,179.79,892,179.81,76382,179.833972
2023-10-12 18:48:00+00:00,179.91,179.91,179.8,669,179.82,62279,179.844672
2023-10-12 18:49:00+00:00,179.945,180.02,179.9,1258,179.91,116845,179.968639
2023-10-12 18:50:00+00:00,179.89,179.96,179.85,911,179.96,83805,179.909161
2023-10-12 18:51:00+00:00,179.93,179.955,179.89,615,179.89,37698,179.925458
2023-10-12 18:52:00+00:00,179.85,179.947,179.82,669,179.92,51077,179.891631
2023-10-12 18:53:00+00:00,179.81,179.85,179.7517,780,179.85,72935,179.800742
2023-10-12 18:54:00+00:00,179.82,179.85,179.7721,506,179.81,37144,179.811792
2023-10-12 18:55:00+00:00,179.87,179.95,179.8228,767,179.8236,66315,179.896013
2023-10-12 18:56:00+00:00,179.78,179.875,179.78,739,179.87,58980,179.831901
2023-10-12 18:57:00+00:00,179.81,179.865,179.78,546,179.79,38694,179.827904
2023-10-12 18:58:00+00:00,179.82,179.8548,179.74,631,179.815,46627,179.795045
2023-10-12 18:59:00+00:00,179.8099,179.84,179.77,697,179.81,54434,179.80891
2023-10-12 19:00:00+00:00,179.87,179.895,179.73,1166,179.82,97867,179.82099
2023-10-12 19:01:00+00:00,179.9151,179.9473,179.805,844,179.8603,85289,179.865329
2023-10-12 19:02:00+00:00,179.9,179.9699,179.8897,539,179.9,55910,179.92482
2023-10-12 19:03:00+00:00,179.88,179.945,179.86,583,179.89,45560,179.904467
2023-10-12 19:04:00+00:00,179.99,180.0,179.88,613,179.88,76129,179.846314
2023-10-12 19:05:00+00:00,179.865,180.01,179.83,1001,180.0,93610,179.898252
2023-10-12 19:06:00+00:00,179.8699,179.9,179.85,693,179.86,61151,179.874592
2023-10-12 19:07:00+00:00,179.86,179.87,179.7901,882,179.86,89556,179.838663
2023-10-12 19:08:00+00:00,179.925,179.97,179.85,866,179.88,73325,179.929232
2023-10-12 19:09:00+00:00,179.9699,179.99,179.9,620,179.94,57016,179.946163
2023-10-12 19:10:00+00:00,179.89,180.08,179.8299,1583,179.965,144573,179.982589
2023-10-12 19:11:00+00:00,180.0144,180.04,179.85,819,179.89,85312,179.943259
2023-10-12 19:12:00+00:00,180.01,180.07,179.9701,790,180.0299,91028,180.024022
2023-10-12 19:13:00+00:00,180.2199,180.24,180.005,1441,180.01,150476,180.121439
2023-10-12 19:14:00+00:00,180.11,180.205,180.1,931,180.2,87889,180.14338
2023-10-12 19:15:00+00:00,180.1519,180.23,180.06,1155,180.11,108434,180.14403
2023-10-12 19:16:00+00:00,180.15,180.16,180.03,825,180.14,71692,180.087818
2023-10-12 19:17:00+00:00,180.17,180.25,180.12,1011,180.145,115288,180.19523
2023-10-12 19:18:00+00:00,180.3318,180.4,180.15,1233,180.17,132006,180.271621
2023-10-12 19:19:00+00:00,180.375,180.425,180.33,1020,180.35,87600,180.366815
2023-10-12 19:20:00+00:00,180.385,180.455,180.36,1115,180.38,119000,180.402147
2023-10-12 19:21:00+00:00,180.35,180.43,180.33,938,180.385,95597,180.373141
2023-10-12 19:22:00+00:00,180.415,180.425,180.33,1054,180.34,86506,180.375277
2023-10-12 19:23:00+00:00,180.4029,180.48,180.4,796,180.41,99897,180.434577
2023-10-12 19:24:00+00:00,180.275,180.44,180.24,1325,180.4089,139299,180.360261
2023-10-12 19:25:00+00:00,180.24,180.3,180.17,1386,180.27,132901,180.232031
2023-10-12 19:26:00+00:00,180.23,180.3,180.2149,781,180.24,74856,180.251918
2023-10-12 19:27:00+00:00,180.23,180.29,180.2,755,180.22,65321,180.24827
2023-10-12 19:28:00+00:00,180.4,180.4,180.225,934,180.23,98113,180.324076
2023-10-12 19:29:00+00:00,180.4,180.42,180.3,942,180.395,93659,180.363045
2023-10-12 19:30:00+00:00,180.5699,180.57,180.39,1435,180.4,151333,180.471841
2023-10-12 19:31:00+00:00,180.62,180.66,180.5499,1731,180.57,193034,180.598725
2023-10-12 19:32:00+00:00,180.78,180.81,180.59,2032,180.625,247792,180.713447
2023-10-12 19:33:00+00:00,180.6857,180.77,180.66,1522,180.7622,167223,180.705081
2023-10-12 19:34:00+00:00,180.595,180.705,180.595,1355,180.69,140543,180.639298
2023-10-12 19:35:00+00:00,180.615,180.68,180.59,1280,180.595,147277,180.642475
2023-10-12 19:36:00+00:00,180.5627,180.61,180.53,1241,180.61,126370,180.566592
2023-10-12 19:37:00+00:00,180.5204,180.58,180.49,1135,180.5699,126693,180.539962
2023-10-12 19:38:00+00:00,180.68,180.7,180.4944,1421,180.53,146177,180.584193
2023-10-12 19:39:00+00:00,180.56,180.73,180.54,1354,180.69,138997,180.64802
2023-10-12 19:40:00+00:00,180.54,180.59,180.463,1174,180.56,111148,180.531815
2023-10-12 19:41:00+00:00,180.51,180.63,180.5065,1122,180.53,92576,180.578188
2023-10-12 19:42:00+00:00,180.6,180.625,180.49,1206,180.505,113532,180.561363
2023-10-12 19:43:00+00:00,180.4695,180.67,180.46,1494,180.595,136053,180.57858
2023-10-12 19:44:00+00:00,180.46,180.51,180.43,1495,180.48,108217,180.475175
2023-10-12 19:45:00+00:00,180.5,180.55,180.46,1628,180.47,138864,180.496412
2023-10-12 19:46:00+00:00,180.49,180.63,180.46,1499,180.5,131755,180.532296
2023-10-12 19:47:00+00:00,180.46,180.51,180.43,1371,180.48,108349,180.471682
2023-10-12 19:48:00+00:00,180.48,180.4914,180.41,1309,180.46,114014,180.455371
2023-10-12 19:49:00+00:00,180.5,180.5866,180.45,1186,180.48,100737,180.519138
2023-10-12 19:50:00+00:00,180.725,180.815,180.5,2505,180.5,260536,180.681004
2023-10-12 19:51:00+00:00,180.695,180.76,180.66,1956,180.73,160183,180.710659
2023-10-12 19:52:00+00:00,180.75,180.76,180.63,2031,180.69,225570,180.709399
2023-10-12 19:53:00+00:00,180.5718,180.76,180.57,1742,180.76,172453,180.697492
2023-10-12 19:54:00+00:00,180.67,180.73,180.525,2851,180.58,256808,180.632804
2023-10-12 19:55:00+00:00,180.7001,180.72,180.59,2741,180.68,279033,180.664519
2023-10-12 19:56:00+00:00,180.74,180.775,180.63,2723,180.71,315419,180.707425
2023-10-12 19:57:00+00:00,180.72,180.81,180.66,2949,180.74,332227,180.738701
2023-10-12 19:58:00+00:00,180.705,180.75,180.69,3191,180.715,360478,180.719199
2023-10-12 19:59:00+00:00,180.73,180.79,180.66,5113,180.705,676350,180.713567
2023-10-12 20:00:00+00:00,180.71,180.75,180.69,242,180.7201,5698569,180.71001
2023-10-12 20:01:00+00:00,180.75,180.77,180.71,186,180.71,68656,180.712054
2023-10-12 20:02:00+00:00,180.8,180.83,180.78,99,180.78,78032,180.715581
2023-10-12 20:03:00+00:00,180.8,180.81,180.78,70,180.8,335104,180.710914
2023-10-12 20:04:00+00:00,180.76,180.8,180.71,59,180.8,317103,180.710744
2023-10-12 20:05:00+00:00,180.79,180.79,180.72,52,180.72,10439,180.773537
2023-10-12 20:06:00+00:00,180.83,180.85,180.79,63,180.79,8476,180.816972
2023-10-12 20:07:00+00:00,180.84,180.85,180.82,29,180.82,3558,180.832551
2023-10-12 20:08:00+00:00,180.88,180.89,180.82,37,180.82,110402,180.71567
2023-10-12 20:09:00+00:00,180.88,180.89,180.86,40,180.86,1861,180.874691
2023-10-12 20:10:00+00:00,180.93,180.95,180.91,33,180.91,1207,180.925178
2023-10-12 20:11:00+00:00,180.94,180.94,180.71,34,180.93,5526,180.796254
2023-10-12 20:12:00+00:00,180.95,180.99,180.95,69,180.97,3758,180.966552
2023-10-12 20:13:00+00:00,180.93,180.97,180.93,76,180.97,9723,180.948844
2023-10-12 20:14:00+00:00,180.97,180.97,180.93,29,180.96,2130,180.951324
2023-10-12 20:15:00+00:00,181.05,181.05,180.9409,122,180.97,8297,180.981118
2023-10-12 20:16:00+00:00,181.05,181.06,180.99,56,181.06,2967,181.01956
2023-10-12 20:17:00+00:00,181.06,181.06,181.03,50,181.03,2960,181.046129
2023-10-12 20:18:00+00:00,181.04,181.05,180.71,66,181.05,11912,180.806866
2023-10-12 20:19:00+00:00,181.09,181.1,181.0,113,181.03,12561,181.043216
2023-10-12 20:20:00+00:00,181.05,181.06,180.71,29,180.71,87580,180.716119
2023-10-12 20:21:00+00:00,181.04,181.05,181.04,32,181.05,26922,180.802415
2023-10-12 20:22:00+00:00,181.035,181.04,181.0,90,181.04,8385,181.019869
2023-10-12 20:23:00+00:00,181.01,181.0105,181.01,13,181.0105,755,181.010662
2023-10-12 20:24:00+00:00,181.02,181.04,181.02,24,181.04,547,181.027377
2023-10-12 20:25:00+00:00,181.03,181.0498,181.03,22,181.0498,1005,181.031764
2023-10-12 20:26:00+00:00,181.01,181.05,181.01,34,181.02,2546,181.030436
2023-10-12 20:27:00+00:00,181.08,181.08,181.0104,64,181.0104,4655,181.049889
2023-10-12 20:28:00+00:00,181.1,181.11,181.1,43,181.1,4874,181.104007
2023-10-12 20:29:00+00:00,181.1,181.1,181.1,17,181.1,301,181.103251
2023-10-12 20:30:00+00:00,181.1,181.1,181.1,80,181.1,6029,181.099999
2023-10-12 20:31:00+00:00,181.1,181.11,181.06,26,181.11,1793,181.096542
2023-10-12 20:32:00+00:00,181.11,181.11,181.1,27,181.11,1946,181.106141
2023-10-12 20:33:00+00:00,181.05,181.08,181.05,24,181.08,1210,181.066094
2023-10-12 20:34:00+00:00,181.05,181.05,181.02,13,181.02,1059,181.034537
2023-10-12 20:35:00+00:00,181.05,181.05,181.05,22,181.05,374,181.046346
2023-10-12 20:36:00+00:00,181.05,181.05,181.03,36,181.03,1705,181.045138
2023-10-12 20:37:00+00:00,181.05,181.05,181.02,20,181.05,2577,181.048091
2023-10-12 20:38:00+00:00,181.02,181.02,181.02,15,181.02,411,181.031655
2023-10-12 20:40:00+00:00,181.07,181.07,181.0501,21,181.0501,868,181.057425
2023-10-12 20:42:00+00:00,181.03,181.05,181.03,43,181.05,2404,181.048885
2023-10-12 20:43:00+00:00,181.08,181.08,181.0301,17,181.0301,1309,181.038727
2023-10-12 20:44:00+00:00,181.05,181.08,181.05,17,181.08,692,181.072558
2023-10-12 20:46:00+00:00,181.09,181.12,181.09,47,181.0999,2557,181.105384
2023-10-12 20:47:00+00:00,181.15,181.15,181.1,39,181.1,2786,181.141073
2023-10-12 20:48:00+00:00,181.1214,181.15,181.1206,18,181.15,1122,181.129086
2023-10-12 20:49:00+00:00,181.16,181.16,181.12,38,181.15,1046,181.148576
2023-10-12 20:50:00+00:00,181.15,181.15,181.15,17,181.15,633,181.146584
2023-10-12 20:51:00+00:00,180.71,181.17,180.71,23,181.17,21625,180.743211
2023-10-12 20:52:00+00:00,181.15,181.15,181.12,22,181.12,1230,181.147618
2023-10-12 20:53:00+00:00,181.15,181.2,181.15,34,181.15,1903,181.16541
2023-10-12 20:54:00+00:00,181.18,181.18,181.15,18,181.15,672,181.165588
2023-10-12 20:55:00+00:00,181.18,181.18,181.17,26,181.17,725,181.169048
2023-10-12 20:57:00+00:00,181.14,181.15,181.14,33,181.15,1480,181.145493
2023-10-12 20:58:00+00:00,181.07,181.14,181.07,72,181.14,3191,181.116131
2023-10-12 20:59:00+00:00,181.1,181.1,181.09,24,181.09,1015,181.094261
2023-10-12 21:01:00+00:00,181.09,181.09,181.09,17,181.09,177,181.086223
2023-10-12 21:02:00+00:00,181.09,181.09,181.09,21,181.09,386,181.082493
2023-10-12 21:03:00+00:00,181.09,181.16,181.09,26,181.16,831,181.103733
2023-10-12 21:04:00+00:00,181.1,181.1,181.1,14,181.1,307,181.099642
2023-10-12 21:05:00+00:00,181.1,181.1,181.1,16,181.1,567,181.098404
2023-10-12 21:07:00+00:00,181.09,181.1,181.09,13,181.1,305,181.096723
2023-10-12 21:09:00+00:00,181.13,181.13,181.13,17,181.13,415,181.123819
2023-10-12 21:10:00+00:00,181.1,181.1,181.1,21,181.1,646,181.110379
2023-10-12 21:11:00+00:00,181.15,181.15,181.15,19,181.15,556,181.147572
2023-10-12 21:12:00+00:00,181.16,181.16,181.16,18,181.16,797,181.156198
2023-10-12 21:13:00+00:00,181.122,181.16,181.122,22,181.16,1567,181.155134
2023-10-12 21:14:00+00:00,181.17,181.17,181.17,38,181.17,3920,181.169101
2023-10-12 21:15:00+00:00,181.18,181.2,181.17,26,181.1712,2274,181.189908
2023-10-12 21:16:00+00:00,181.19,181.19,181.19,17,181.19,376,181.189863
2023-10-12 21:17:00+00:00,181.19,181.19,181.18,20,181.18,837,181.186846
2023-10-12 21:18:00+00:00,181.18,181.18,181.18,13,181.18,177,181.180254
2023-10-12 21:19:00+00:00,181.19,181.19,181.18,20,181.18,899,181.184249
2023-10-12 21:20:00+00:00,181.1802,181.1802,181.1802,4,181.1802,196,181.182232
2023-10-12 21:21:00+00:00,181.2,181.2,181.19,19,181.19,747,181.197055
2023-10-12 21:22:00+00:00,181.21,181.21,181.21,18,181.21,863,181.208216
2023-10-12 21:24:00+00:00,181.2,181.2,181.2,26,181.2,474,181.201246
2023-10-12 21:25:00+00:00,181.21,181.21,181.2,23,181.2,1072,181.20476
2023-10-12 21:27:00+00:00,181.18,181.2,181.18,58,181.2,2684,181.185792
2023-10-12 21:28:00+00:00,181.18,181.18,181.18,16,181.18,384,181.184036
2023-10-12 21:29:00+00:00,181.19,181.19,181.18,15,181.18,526,181.184867
2023-10-12 21:30:00+00:00,181.19,181.19,181.19,5,181.19,132,181.188523
2023-10-12 21:32:00+00:00,181.2,181.2,181.2,28,181.2,446,181.201143
2023-10-12 21:33:00+00:00,181.22,181.2299,181.18,41,181.22,4279,181.219746
2023-10-12 21:34:00+00:00,181.23,181.23,181.23,13,181.23,1191,181.229719
2023-10-12 21:35:00+00:00,181.23,181.23,181.23,14,181.23,1032,179.852098
2023-10-12 21:37:00+00:00,181.22,181.23,181.22,23,181.23,3077,181.221965
2023-10-12 21:39:00+00:00,181.18,181.18,181.18,9,181.18,159,181.18044
2023-10-12 21:40:00+00:00,181.22,181.22,181.22,18,181.22,444,181.213313
2023-10-12 21:41:00+00:00,181.21,181.21,181.21,13,181.21,405,181.209765
2023-10-12 21:42:00+00:00,181.19,181.19,181.19,12,181.19,268,181.18834
2023-10-12 21:43:00+00:00,181.18,181.18,181.18,13,181.18,215,181.18193
2023-10-12 21:44:00+00:00,181.12,181.17,181.12,38,181.17,1888,181.14598
2023-10-12 21:45:00+00:00,181.1,181.1,181.1,28,181.1,716,181.108163
2023-10-12 21:46:00+00:00,181.18,181.18,181.13,27,181.13,1559,181.173839
2023-10-12 21:47:00+00:00,181.18,181.18,181.18,22,181.18,751,181.182317
2023-10-12 21:50:00+00:00,181.19,181.19,181.19,20,181.19,372,181.182809
2023-10-12 21:52:00+00:00,181.18,181.19,181.18,23,181.19,1240,181.181649
2023-10-12 21:54:00+00:00,181.18,181.18,181.18,24,181.18,660,181.181088
2023-10-12 21:55:00+00:00,181.19,181.19,181.19,19,181.19,630,181.186944
2023-10-12 21:56:00+00:00,181.18,181.18,181.18,16,181.18,738,182.364763
2023-10-12 21:58:00+00:00,181.18,181.18,181.18,15,181.18,2672,181.180036
2023-10-12 21:59:00+00:00,181.19,181.19,181.19,24,181.19,321,181.190405
2023-10-12 22:00:00+00:00,181.19,181.2,181.19,17,181.2,596,181.195201
2023-10-12 22:02:00+00:00,181.19,181.19,181.18,21,181.18,1019,181.190304
2023-10-12 22:03:00+00:00,181.16,181.18,181.16,16,181.18,555,181.176757
2023-10-12 22:04:00+00:00,181.15,181.17,181.15,19,181.17,1592,181.158313
2023-10-12 22:05:00+00:00,181.2,181.2,181.15,33,181.15,1320,181.167201
2023-10-12 22:06:00+00:00,181.1218,181.1218,181.1218,11,181.1218,707,181.126973
2023-10-12 22:09:00+00:00,180.71,180.71,180.71,7,180.71,16002,180.710427
2023-10-12 22:10:00+00:00,181.19,181.2,181.14,24,181.2,1278,181.175908
2023-10-12 22:11:00+00:00,181.2,181.2,181.2,10,181.2,1136,181.194093
2023-10-12 22:12:00+00:00,181.13,181.1303,181.13,21,181.1303,565,181.13315
2023-10-12 22:13:00+00:00,181.13,181.13,181.13,10,181.13,187,181.12877
2023-10-12 22:14:00+00:00,181.17,181.17,181.13,12,181.13,336,181.15128
2023-10-12 22:21:00+00:00,181.1,181.1,181.1,17,181.1,353,181.108881
2023-10-12 22:22:00+00:00,181.15,181.15,181.15,6,181.15,183,181.135984
2023-10-12 22:23:00+00:00,181.13,181.13,181.13,21,181.13,408,181.13538
2023-10-12 22:24:00+00:00,181.07,181.11,181.02,36,181.11,2548,181.057853
2023-10-12 22:26:00+00:00,181.13,181.13,181.1,30,181.1,1605,181.114601
2023-10-12 22:30:00+00:00,181.07,181.08,181.07,25,181.08,637,181.071436
2023-10-12 22:32:00+00:00,181.0403,181.09,181.0403,17,181.09,1000,181.063985
2023-10-12 22:34:00+00:00,181.06,181.06,181.06,21,181.06,363,181.06
2023-10-12 22:35:00+00:00,181.18,181.18,181.04,42,181.04,1249,181.11958
2023-10-12 22:38:00+00:00,181.15,181.15,181.1487,11,181.1487,348,181.133168
2023-10-12 22:41:00+00:00,181.15,181.15,181.15,7,181.15,226,181.144956
2023-10-12 22:42:00+00:00,181.14,181.14,181.14,12,181.14,475,181.132295
2023-10-12 22:44:00+00:00,181.12,181.12,181.12,10,181.12,307,181.126645
2023-10-12 22:45:00+00:00,181.09,181.1,181.09,16,181.1,1506,181.093446
2023-10-12 22:47:00+00:00,181.09,181.09,181.09,17,181.09,2035,181.090408
2023-10-12 22:48:00+00:00,181.09,181.0901,181.09,10,181.0901,361,181.088841
2023-10-12 22:49:00+00:00,181.07,181.07,181.07,14,181.07,228,181.07693
2023-10-12 22:50:00+00:00,181.1,181.1,181.1,12,181.1,226,181.103319
2023-10-12 22:52:00+00:00,181.08,181.08,181.07,9,181.07,419,181.080537
2023-10-12 22:54:00+00:00,181.1,181.1,181.1,15,181.1,207,181.103237
2023-10-12 22:57:00+00:00,181.1197,181.12,181.1197,15,181.12,762,181.118894
2023-10-12 22:59:00+00:00,181.15,181.15,181.12,19,181.12,459,181.13207
2023-10-12 23:04:00+00:00,181.14,181.14,181.1399,8,181.1399,1034,181.138989
2023-10-12 23:05:00+00:00,181.17,181.17,181.11,34,181.11,1121,181.142342
2023-10-12 23:06:00+00:00,181.11,181.11,181.11,13,181.11,234,181.138697
2023-10-12 23:07:00+00:00,181.16,181.16,181.16,4,181.16,507,181.159803
2023-10-12 23:09:00+00:00,181.1,181.1,181.1,18,181.1,237,181.106793
2023-10-12 23:10:00+00:00,181.22,181.22,181.16,39,181.16,1315,181.196228
2023-10-12 23:11:00+00:00,181.13,181.13,181.13,25,181.13,1941,181.130067
2023-10-12 23:12:00+00:00,181.22,181.22,181.13,11,181.13,941,181.160584
2023-10-12 23:14:00+00:00,181.23,181.23,181.17,28,181.22,1163,181.214291
2023-10-12 23:16:00+00:00,181.25,181.25,181.25,22,181.25,710,181.232873
2023-10-12 23:17:00+00:00,181.15,181.25,181.15,16,181.25,863,181.210892
2023-10-12 23:18:00+00:00,181.28,181.28,181.24,34,181.24,1159,181.268387
2023-10-12 23:20:00+00:00,181.42,181.42,181.42,41,181.42,743,181.332746
2023-10-12 23:26:00+00:00,181.31,181.4,181.31,21,181.4,735,181.348932
2023-10-12 23:27:00+00:00,181.4,181.4,181.4,32,181.4,1321,181.390969
2023-10-12 23:28:00+00:00,181.4,181.4,181.4,18,181.4,639,181.384867
2023-10-12 23:29:00+00:00,181.49,181.49,181.4,33,181.48,1223,181.435703
2023-10-12 23:30:00+00:00,181.4,181.4,181.4,16,181.4,1194,181.401629
2023-10-12 23:33:00+00:00,181.46,181.46,181.4,15,181.4,432,181.43044
2023-10-12 23:35:00+00:00,181.43,181.43,181.43,12,181.43,248,181.423911
2023-10-12 23:37:00+00:00,181.42,181.43,181.42,11,181.43,380,181.406658
2023-10-12 23:45:00+00:00,181.34,181.36,181.3,30,181.36,5639,181.34714
2023-10-12 23:46:00+00:00,181.42,181.42,181.42,15,181.42,214,181.394019
2023-10-12 23:47:00+00:00,181.46,181.47,181.42,52,181.42,3503,181.447635
2023-10-12 23:48:00+00:00,181.4,181.45,181.4,13,181.44,1197,181.436838
2023-10-12 23:49:00+00:00,181.4988,181.4988,181.45,42,181.45,4328,181.48069
2023-10-12 23:50:00+00:00,181.41,181.46,181.41,8,181.46,427,181.429496
2023-10-12 23:51:00+00:00,181.44,181.45,181.44,22,181.45,1181,181.452756
2023-10-12 23:52:00+00:00,181.45,181.45,181.37,30,181.45,2874,181.437368
2023-10-12 23:53:00+00:00,181.41,181.41,181.38,14,181.38,3693,181.39581
2023-10-12 23:54:00+00:00,181.4,181.41,181.4,18,181.4,872,181.406755
2023-10-12 23:56:00+00:00,181.43,181.43,181.36,34,181.36,1428,181.380221
2023-10-12 23:57:00+00:00,181.41,181.41,181.38,39,181.4,967,181.409871
2023-10-12 23:58:00+00:00,181.4,181.4,181.4,17,181.4,809,181.407695
2023-10-12 23:59:00+00:00,181.45,181.45,181.4,36,181.43,5347,181.428182
