timestamp,close,high,low,trade_count,open,volume,vwap
2023-07-31 08:00:00+00:00,195.53,195.9,195.53,121,195.89,4428,195.770933
2023-07-31 08:01:00+00:00,195.7,195.7,195.67,44,195.67,674,195.683368
2023-07-31 08:02:00+00:00,195.39,195.7,195.39,78,195.7,1869,195.560375
2023-07-31 08:03:00+00:00,195.5,195.54,195.5,20,195.54,671,195.522757
2023-07-31 08:05:00+00:00,195.59,195.59,195.59,27,195.59,682,195.572669
2023-07-31 08:07:00+00:00,195.69,195.69,195.69,33,195.69,1003,195.676879
2023-07-31 08:12:00+00:00,195.59,195.59,195.59,36,195.59,1305,195.609165
2023-07-31 08:14:00+00:00,195.74,195.74,195.74,3,195.74,111,195.738378
2023-07-31 08:16:00+00:00,195.61,195.61,195.61,33,195.61,515,195.612447
2023-07-31 08:17:00+00:00,195.61,195.61,195.61,2,195.61,166,195.61
2023-07-31 08:25:00+00:00,195.69,195.69,195.69,9,195.69,445,195.69027
2023-07-31 08:32:00+00:00,195.71,195.74,195.71,12,195.74,623,195.718138
2023-07-31 08:37:00+00:00,195.79,195.79,195.79,7,195.79,480,195.788958
2023-07-31 08:40:00+00:00,195.78,195.78,195.78,8,195.78,457,195.776718
2023-07-31 08:43:00+00:00,195.75,195.75,195.75,7,195.75,211,195.75
2023-07-31 08:44:00+00:00,195.75,195.75,195.75,15,195.75,663,195.74819
2023-07-31 08:45:00+00:00,195.71,195.75,195.71,24,195.75,1272,195.729041
2023-07-31 08:46:00+00:00,195.64,195.64,195.64,29,195.64,525,195.660705
2023-07-31 08:48:00+00:00,195.62,195.63,195.62,18,195.63,644,195.62677
2023-07-31 08:49:00+00:00,195.66,195.66,195.64,20,195.64,682,195.64937
2023-07-31 08:54:00+00:00,195.75,195.75,195.73,15,195.74,920,195.741435
2023-07-31 08:57:00+00:00,195.78,195.78,195.78,5,195.78,109,195.778073
2023-07-31 08:59:00+00:00,195.81,195.81,195.8,22,195.8,1693,195.805724
2023-07-31 09:00:00+00:00,195.75,195.78,195.75,20,195.78,971,195.770917
2023-07-31 09:01:00+00:00,195.8,195.8,195.8,2,195.8,116,195.799569
2023-07-31 09:02:00+00:00,195.8,195.8,195.8,5,195.8,119,195.796555
2023-07-31 09:03:00+00:00,195.78,195.78,195.78,8,195.78,364,195.785495
2023-07-31 09:06:00+00:00,195.8,195.8,195.8,28,195.8,1188,195.794015
2023-07-31 09:07:00+00:00,195.95,195.95,195.85,86,195.85,2328,195.877397
2023-07-31 09:11:00+00:00,195.91,195.91,195.91,22,195.91,568,195.929771
2023-07-31 09:14:00+00:00,195.91,195.91,195.91,10,195.91,206,195.90699
2023-07-31 09:21:00+00:00,195.81,195.86,195.81,41,195.86,722,195.85572
2023-07-31 09:24:00+00:00,195.8,195.8,195.8,22,195.8,254,195.821496
2023-07-31 09:32:00+00:00,195.75,195.75,195.75,17,195.75,375,195.761307
2023-07-31 09:33:00+00:00,195.62,195.75,195.62,75,195.75,1081,195.676013
2023-07-31 09:34:00+00:00,195.57,195.64,195.57,50,195.64,1078,195.62179
2023-07-31 09:37:00+00:00,195.66,195.66,195.66,13,195.66,501,195.668024
2023-07-31 09:43:00+00:00,195.7,195.7,195.7,7,195.7,208,195.700481
2023-07-31 09:44:00+00:00,195.7,195.7,195.7,17,195.7,361,195.70964
2023-07-31 09:45:00+00:00,195.7,195.7,195.7,13,195.7,600,195.701267
2023-07-31 09:54:00+00:00,195.84,195.84,195.83,16,195.83,812,195.831047
2023-07-31 09:55:00+00:00,195.82,195.84,195.82,13,195.83,1430,195.834287
2023-07-31 09:56:00+00:00,195.75,195.8,195.75,13,195.8,778,195.773278
2023-07-31 09:58:00+00:00,195.7,195.7,195.7,18,195.7,286,195.698042
2023-07-31 10:00:00+00:00,195.7,195.7,195.7,7,195.7,231,195.714069
2023-07-31 10:13:00+00:00,195.83,195.83,195.83,14,195.83,299,195.835819
2023-07-31 10:22:00+00:00,195.85,195.85,195.85,16,195.85,401,195.849451
2023-07-31 10:26:00+00:00,195.89,195.89,195.89,10,195.89,756,195.886944
2023-07-31 10:30:00+00:00,195.89,195.89,195.89,12,195.89,371,195.890431
2023-07-31 10:31:00+00:00,195.89,195.89,195.89,13,195.89,678,195.89
2023-07-31 10:36:00+00:00,195.89,195.89,195.89,28,195.89,720,195.883181
2023-07-31 10:37:00+00:00,195.79,195.79,195.79,41,195.79,1001,195.805105
2023-07-31 10:38:00+00:00,195.79,195.79,195.79,17,195.79,514,195.792374
2023-07-31 10:40:00+00:00,195.76,195.76,195.76,28,195.76,423,195.769125
2023-07-31 10:43:00+00:00,195.78,195.78,195.78,7,195.78,346,195.772948
2023-07-31 10:46:00+00:00,195.76,195.76,195.76,10,195.76,241,195.758714
2023-07-31 10:47:00+00:00,195.75,195.75,195.75,16,195.75,990,195.749535
2023-07-31 10:53:00+00:00,195.74,195.74,195.74,20,195.74,301,195.745947
2023-07-31 10:54:00+00:00,195.78,195.78,195.78,7,195.78,207,195.772415
2023-07-31 10:58:00+00:00,195.78,195.78,195.78,4,195.78,265,195.779962
2023-07-31 10:59:00+00:00,195.8,195.8,195.78,13,195.78,1599,195.782495
2023-07-31 11:00:00+00:00,195.95,195.98,195.78,241,195.83,10412,195.903064
2023-07-31 11:01:00+00:00,195.98,195.98,195.98,120,195.98,3809,195.936563
2023-07-31 11:02:00+00:00,195.9,195.94,195.9,74,195.94,3086,195.935959
2023-07-31 11:03:00+00:00,195.98,195.98,195.9,28,195.9,1611,195.968349
2023-07-31 11:04:00+00:00,195.98,195.98,195.98,33,195.98,1752,195.977643
2023-07-31 11:05:00+00:00,196.0,196.01,195.98,230,195.98,4178,196.016829
2023-07-31 11:06:00+00:00,196.1,196.12,196.06,111,196.08,5062,196.088337
2023-07-31 11:07:00+00:00,196.15,196.16,196.1,37,196.1,2033,196.135381
2023-07-31 11:08:00+00:00,196.15,196.18,196.15,46,196.15,2730,196.171538
2023-07-31 11:09:00+00:00,196.21,196.22,196.14,80,196.15,5875,196.17585
2023-07-31 11:10:00+00:00,196.22,196.22,196.22,37,196.22,591,196.209019
2023-07-31 11:11:00+00:00,196.2,196.2,196.18,89,196.19,2145,196.193557
2023-07-31 11:12:00+00:00,196.18,196.22,196.18,49,196.22,1818,196.199158
2023-07-31 11:13:00+00:00,196.15,196.22,196.15,55,196.2,2549,196.200942
2023-07-31 11:14:00+00:00,196.1,196.11,196.1,75,196.11,2330,196.127056
2023-07-31 11:15:00+00:00,196.14,196.14,196.14,16,196.14,661,196.139924
2023-07-31 11:16:00+00:00,196.11,196.11,196.1,40,196.1,1340,196.112873
2023-07-31 11:17:00+00:00,196.1,196.1,196.09,56,196.1,2126,196.09556
2023-07-31 11:19:00+00:00,196.1,196.12,196.1,30,196.12,2193,196.105727
2023-07-31 11:20:00+00:00,196.05,196.13,196.05,79,196.1,3754,196.084776
2023-07-31 11:21:00+00:00,196.0,196.05,196.0,57,196.05,3649,196.013017
2023-07-31 11:22:00+00:00,196.02,196.02,196.0,68,196.02,7425,196.018931
2023-07-31 11:24:00+00:00,196.06,196.06,196.06,12,196.06,477,196.062935
2023-07-31 11:25:00+00:00,196.1,196.1,196.1,50,196.1,1559,196.096818
2023-07-31 11:26:00+00:00,196.13,196.13,196.11,21,196.12,1570,196.118955
2023-07-31 11:27:00+00:00,196.15,196.15,196.15,15,196.15,418,196.147871
2023-07-31 11:28:00+00:00,196.15,196.15,196.15,17,196.15,876,196.149612
2023-07-31 11:30:00+00:00,196.18,196.18,196.18,31,196.18,776,196.17384
2023-07-31 11:31:00+00:00,196.15,196.16,196.15,27,196.16,735,196.151769
2023-07-31 11:32:00+00:00,196.1,196.1,196.09,60,196.1,1839,196.084981
2023-07-31 11:33:00+00:00,196.07,196.07,196.07,43,196.07,1972,196.079305
2023-07-31 11:34:00+00:00,196.04,196.04,196.02,14,196.02,637,196.036452
2023-07-31 11:35:00+00:00,196.1,196.11,196.02,89,196.03,6064,196.0723
2023-07-31 11:36:00+00:00,196.12,196.12,196.12,5,196.12,900,196.120222
2023-07-31 11:37:00+00:00,196.1,196.13,196.1,53,196.13,1787,196.109384
2023-07-31 11:38:00+00:00,196.1,196.12,196.1,52,196.1,2957,196.104363
2023-07-31 11:39:00+00:00,196.11,196.11,196.11,20,196.11,617,196.080389
2023-07-31 11:41:00+00:00,196.07,196.07,196.07,19,196.07,530,196.074
2023-07-31 11:42:00+00:00,196.04,196.06,196.04,18,196.06,471,196.049979
2023-07-31 11:43:00+00:00,196.08,196.08,196.08,20,196.08,641,196.08181
2023-07-31 11:45:00+00:00,196.11,196.14,196.11,46,196.14,896,196.130781
2023-07-31 11:46:00+00:00,196.15,196.15,196.13,31,196.13,698,196.13351
2023-07-31 11:47:00+00:00,196.17,196.17,196.15,19,196.15,1867,196.160948
2023-07-31 11:49:00+00:00,196.2,196.2,196.16,21,196.16,1512,196.187242
2023-07-31 11:50:00+00:00,196.19,196.2,196.19,22,196.2,980,196.197459
2023-07-31 11:51:00+00:00,196.15,196.15,196.15,80,196.15,2561,196.171011
2023-07-31 11:53:00+00:00,196.15,196.15,196.13,32,196.13,841,196.142331
2023-07-31 11:54:00+00:00,196.2,196.2,196.2,18,196.2,1339,196.199059
2023-07-31 11:55:00+00:00,196.25,196.25,196.21,57,196.21,4851,196.242061
2023-07-31 11:56:00+00:00,196.25,196.25,196.25,25,196.25,657,196.24344
2023-07-31 11:57:00+00:00,196.25,196.25,196.25,26,196.25,979,196.25
2023-07-31 11:58:00+00:00,196.25,196.25,196.24,17,196.24,621,196.246779
2023-07-31 11:59:00+00:00,196.25,196.25,196.25,44,196.25,2964,196.25
2023-07-31 12:00:00+00:00,196.24,196.25,195.8,533,196.0,55069,196.112441
2023-07-31 12:01:00+00:00,195.98,196.25,195.7885,812,195.7885,5726,196.036151
2023-07-31 12:02:00+00:00,195.95,196.54,195.95,743,196.5,7911,196.282301
2023-07-31 12:03:00+00:00,195.95,196.45,195.51,346,196.39,5801,196.099592
2023-07-31 12:04:00+00:00,196.3,196.3,196.3,89,196.3,869,196.251364
2023-07-31 12:05:00+00:00,196.39,196.39,196.34,136,196.34,5356,196.370182
2023-07-31 12:06:00+00:00,196.27,196.35,196.27,80,196.35,3516,196.332799
2023-07-31 12:07:00+00:00,196.34,196.34,196.27,45,196.27,3113,196.2826
2023-07-31 12:08:00+00:00,196.34,196.34,196.2606,133,196.3,5368,196.308731
2023-07-31 12:09:00+00:00,196.34,196.39,196.34,58,196.3897,2394,196.365497
2023-07-31 12:10:00+00:00,196.4,196.4,196.34,50,196.34,6182,196.374639
2023-07-31 12:12:00+00:00,196.41,196.41,196.39,65,196.4,2360,196.40286
2023-07-31 12:13:00+00:00,196.38,196.41,196.37,86,196.41,2351,196.394496
2023-07-31 12:14:00+00:00,196.42,196.42,196.413,25,196.42,502,196.409675
2023-07-31 12:15:00+00:00,196.42,196.42,196.4,38,196.4186,722,196.413137
2023-07-31 12:16:00+00:00,196.4,196.42,196.37,64,196.42,3670,196.384883
2023-07-31 12:17:00+00:00,196.36,196.37,196.34,90,196.37,12267,196.34597
2023-07-31 12:18:00+00:00,196.34,196.36,196.33,88,196.34,8138,196.333964
2023-07-31 12:19:00+00:00,196.22,196.3,196.22,47,196.22,1544,196.234751
2023-07-31 12:20:00+00:00,196.22,196.22,196.21,45,196.22,5095,196.218285
2023-07-31 12:21:00+00:00,196.26,196.29,196.26,33,196.29,5114,196.263215
2023-07-31 12:22:00+00:00,196.26,196.26,196.26,29,196.26,770,196.263876
2023-07-31 12:24:00+00:00,196.27,196.29,196.27,60,196.29,2154,196.284977
2023-07-31 12:25:00+00:00,196.33,196.33,196.28,81,196.3,3223,196.300427
2023-07-31 12:26:00+00:00,196.33,196.33,196.33,29,196.33,1499,196.330404
2023-07-31 12:27:00+00:00,196.42,196.42,196.4,55,196.4,1541,196.40453
2023-07-31 12:28:00+00:00,196.42,196.42,196.4,68,196.41,7578,196.409783
2023-07-31 12:29:00+00:00,196.42,196.42,196.42,34,196.42,1459,196.421473
2023-07-31 12:30:00+00:00,196.43,196.46,196.43,55,196.44,2102,196.442406
2023-07-31 12:31:00+00:00,196.36,196.42,196.3,100,196.42,3471,196.361109
2023-07-31 12:32:00+00:00,196.44,196.44,196.44,35,196.44,437,196.38778
2023-07-31 12:33:00+00:00,196.4,196.4,196.4,29,196.4,310,196.396952
2023-07-31 12:34:00+00:00,196.34,196.4692,196.34,110,196.35,3582,196.391739
2023-07-31 12:35:00+00:00,196.4,196.4,196.4,31,196.4,362,196.39803
2023-07-31 12:36:00+00:00,196.4,196.4199,196.39,49,196.4199,3903,196.397894
2023-07-31 12:37:00+00:00,196.41,196.41,196.4,33,196.4,1153,196.403728
2023-07-31 12:38:00+00:00,196.45,196.45,196.45,40,196.45,520,196.450567
2023-07-31 12:39:00+00:00,196.45,196.45,196.4,96,196.44,4158,196.420313
2023-07-31 12:40:00+00:00,196.45,196.45,196.445,34,196.45,1066,196.444095
2023-07-31 12:41:00+00:00,196.49,196.5,196.44,61,196.44,2490,196.471046
2023-07-31 12:42:00+00:00,196.37,196.46,196.37,87,196.46,1874,196.431075
2023-07-31 12:43:00+00:00,196.46,196.47,196.44,49,196.44,1671,196.45418
2023-07-31 12:44:00+00:00,196.5,196.5,196.48,53,196.48,2430,196.48301
2023-07-31 12:45:00+00:00,196.51,196.53,196.5,85,196.5,2529,196.508001
2023-07-31 12:46:00+00:00,196.58,196.6,196.539,97,196.539,2493,196.567558
2023-07-31 12:47:00+00:00,196.63,196.63,196.59,111,196.6,7467,196.613663
2023-07-31 12:48:00+00:00,196.62,196.62,196.61,47,196.61,2284,196.617907
2023-07-31 12:49:00+00:00,196.6835,196.7,196.61,131,196.63,9913,196.643814
2023-07-31 12:50:00+00:00,196.64,196.7,196.64,161,196.68,9671,196.681113
2023-07-31 12:51:00+00:00,196.64,196.67,196.61,82,196.61,4911,196.641413
2023-07-31 12:52:00+00:00,196.65,196.71,196.64,71,196.67,3599,196.669682
2023-07-31 12:53:00+00:00,196.61,196.67,196.61,95,196.64,6726,196.64408
2023-07-31 12:54:00+00:00,196.61,196.631,196.61,51,196.63,1844,196.625557
2023-07-31 12:55:00+00:00,196.7,196.7,196.635,84,196.635,3799,196.68286
2023-07-31 12:56:00+00:00,196.67,196.68,196.66,55,196.66,2940,196.670659
2023-07-31 12:57:00+00:00,196.68,196.68,196.65,51,196.67,2138,196.664397
2023-07-31 12:58:00+00:00,196.61,196.68,196.61,76,196.68,3670,196.634875
2023-07-31 12:59:00+00:00,196.59,196.61,196.57,123,196.61,7577,196.600189
2023-07-31 13:00:00+00:00,196.58,196.6,196.54,59,196.6,3837,196.56328
2023-07-31 13:01:00+00:00,196.54,196.64,196.54,163,196.57,7217,196.590111
2023-07-31 13:02:00+00:00,196.5,196.6,196.49,148,196.55,6794,196.521851
2023-07-31 13:03:00+00:00,196.51,196.53,196.44,98,196.53,4243,196.484544
2023-07-31 13:04:00+00:00,196.53,196.55,196.53,43,196.53,2412,196.533967
2023-07-31 13:05:00+00:00,196.58,196.58,196.56,49,196.5699,1214,196.570906
2023-07-31 13:06:00+00:00,196.56,196.56,196.55,64,196.56,1516,196.561342
2023-07-31 13:07:00+00:00,196.53,196.58,196.51,87,196.56,4628,196.529663
2023-07-31 13:08:00+00:00,196.51,196.51,196.5,71,196.51,3142,196.507615
2023-07-31 13:09:00+00:00,196.5,196.51,196.5,56,196.5,2533,196.50332
2023-07-31 13:10:00+00:00,196.54,196.54,196.52,36,196.52,1199,196.537233
2023-07-31 13:11:00+00:00,196.56,196.5799,196.55,85,196.55,2772,196.554679
2023-07-31 13:12:00+00:00,196.56,196.58,196.55,68,196.56,5403,196.568499
2023-07-31 13:13:00+00:00,196.52,196.57,196.52,78,196.53,2460,196.538882
2023-07-31 13:14:00+00:00,196.47,196.52,196.47,110,196.52,3616,196.49675
2023-07-31 13:15:00+00:00,196.46,196.49,196.46,68,196.47,3054,196.478111
2023-07-31 13:16:00+00:00,196.52,196.52,196.49,58,196.49,1827,196.501426
2023-07-31 13:17:00+00:00,196.44,196.52,196.44,128,196.5188,6333,196.492757
2023-07-31 13:18:00+00:00,196.48,196.49,196.45,89,196.45,7884,196.465462
2023-07-31 13:19:00+00:00,196.45,196.5,196.45,100,196.48,10617,196.480797
2023-07-31 13:20:00+00:00,196.38,196.43,196.38,124,196.4,7241,196.404297
2023-07-31 13:21:00+00:00,196.36,196.4,196.34,109,196.39,7234,196.374075
2023-07-31 13:22:00+00:00,196.39,196.39,196.33,69,196.33,2530,196.352417
2023-07-31 13:23:00+00:00,196.47,196.47,196.45,60,196.45,1828,196.457895
2023-07-31 13:24:00+00:00,196.5,196.5,196.48,57,196.49,2017,196.484908
2023-07-31 13:25:00+00:00,196.57,196.58,196.5,82,196.5,3148,196.549034
2023-07-31 13:26:00+00:00,196.45,196.55,196.4,124,196.51,10941,196.47093
2023-07-31 13:27:00+00:00,196.2701,196.45,196.26,213,196.45,15954,196.394113
2023-07-31 13:28:00+00:00,196.17,196.27,196.03,338,196.25,15988,196.133862
2023-07-31 13:29:00+00:00,196.02,196.24,196.02,362,196.18,34344,196.100724
2023-07-31 13:30:00+00:00,196.22,196.38,196.0,13649,196.09,1000064,196.076742
2023-07-31 13:31:00+00:00,196.26,196.3,196.11,2272,196.24,144796,196.204981
2023-07-31 13:32:00+00:00,196.12,196.2833,195.9778,2736,196.27,206256,196.10511
2023-07-31 13:33:00+00:00,195.8,196.21,195.8,4453,196.1,244390,195.962388
2023-07-31 13:34:00+00:00,195.62,195.8392,195.595,2700,195.79,211547,195.697882
2023-07-31 13:35:00+00:00,195.87,195.91,195.575,2617,195.6,233115,195.767075
2023-07-31 13:36:00+00:00,195.9,195.9,195.68,2322,195.8689,174993,195.813418
2023-07-31 13:37:00+00:00,196.0,196.06,195.88,2194,195.9,195130,195.988421
2023-07-31 13:38:00+00:00,196.11,196.145,195.95,2207,196.0,200857,196.087545
2023-07-31 13:39:00+00:00,196.03,196.18,196.02,2122,196.11,199626,196.119551
2023-07-31 13:40:00+00:00,195.94,196.0686,195.9,2080,196.0375,166601,195.963323
2023-07-31 13:41:00+00:00,196.065,196.07,195.9275,1666,195.9275,116018,196.012127
2023-07-31 13:42:00+00:00,195.94,196.07,195.9,1719,196.05,128895,195.993455
2023-07-31 13:43:00+00:00,196.03,196.12,195.95,1635,195.95,113098,196.047135
2023-07-31 13:44:00+00:00,196.051,196.1692,196.025,1413,196.04,124071,196.121202
2023-07-31 13:45:00+00:00,196.11,196.16,196.04,1625,196.05,76671,196.101748
2023-07-31 13:46:00+00:00,196.1101,196.19,196.0675,3376,196.12,103455,196.121109
2023-07-31 13:47:00+00:00,196.016,196.14,195.9,3833,196.125,134424,196.009982
2023-07-31 13:48:00+00:00,195.875,196.0299,195.85,3627,196.015,123738,195.917465
2023-07-31 13:49:00+00:00,195.9441,195.97,195.86,3391,195.8642,106974,195.928382
2023-07-31 13:50:00+00:00,195.85,196.0,195.85,3241,195.97,128291,195.93262
2023-07-31 13:51:00+00:00,195.92,195.96,195.83,3298,195.85,100223,195.907679
2023-07-31 13:52:00+00:00,195.96,196.06,195.86,3325,195.925,92819,195.97279
2023-07-31 13:53:00+00:00,195.85,195.955,195.79,3487,195.94,90180,195.840237
2023-07-31 13:54:00+00:00,195.84,195.88,195.7717,3244,195.8483,95059,195.833494
2023-07-31 13:55:00+00:00,195.48,195.85,195.47,5587,195.83,284943,195.627387
2023-07-31 13:56:00+00:00,195.47,195.58,195.47,3645,195.47,138023,195.523136
2023-07-31 13:57:00+00:00,195.445,195.54,195.4,3723,195.48,111631,195.461007
2023-07-31 13:58:00+00:00,195.51,195.53,195.39,3741,195.44,108671,195.461656
2023-07-31 13:59:00+00:00,195.6,195.64,195.4799,4042,195.51,142472,195.568937
2023-07-31 14:00:00+00:00,195.42,195.595,195.41,4438,195.595,124272,195.513888
2023-07-31 14:01:00+00:00,195.425,195.48,195.34,4450,195.42,101504,195.412302
2023-07-31 14:02:00+00:00,195.315,195.46,195.3,4261,195.42,118756,195.376019
2023-07-31 14:03:00+00:00,195.32,195.39,195.26,4273,195.32,119861,195.306717
2023-07-31 14:04:00+00:00,195.38,195.42,195.33,4157,195.33,113959,195.37482
2023-07-31 14:05:00+00:00,195.4003,195.49,195.3401,4674,195.38,146727,195.418496
2023-07-31 14:06:00+00:00,195.4899,195.5,195.37,4132,195.41,99765,195.431358
2023-07-31 14:07:00+00:00,195.64,195.64,195.485,4260,195.49,121359,195.57039
2023-07-31 14:08:00+00:00,195.73,195.75,195.65,4052,195.65,120992,195.703352
2023-07-31 14:09:00+00:00,195.76,195.76,195.66,3722,195.71,93026,195.699574
2023-07-31 14:10:00+00:00,195.75,195.8,195.7,3696,195.75,91282,195.743318
2023-07-31 14:11:00+00:00,195.87,195.88,195.725,3660,195.74,88661,195.791894
2023-07-31 14:12:00+00:00,195.86,195.895,195.82,3042,195.87,70532,195.858655
2023-07-31 14:13:00+00:00,195.885,195.895,195.83,2854,195.86,72498,195.856434
2023-07-31 14:14:00+00:00,195.88,195.93,195.84,2848,195.89,79885,195.892
2023-07-31 14:15:00+00:00,195.91,195.94,195.86,2789,195.88,75406,195.897539
2023-07-31 14:16:00+00:00,195.97,195.97,195.89,3379,195.91,76909,195.926167
2023-07-31 14:17:00+00:00,195.89,196.0,195.86,3947,195.97,214902,195.939962
2023-07-31 14:18:00+00:00,195.945,195.985,195.8919,3611,195.895,129288,195.930438
2023-07-31 14:19:00+00:00,195.96,195.965,195.91,3445,195.94,62844,195.938793
2023-07-31 14:20:00+00:00,196.08,196.08,195.95,3889,195.96,122189,196.023073
2023-07-31 14:21:00+00:00,195.98,196.09,195.98,3669,196.0799,93292,196.045364
2023-07-31 14:22:00+00:00,196.11,196.11,195.93,4108,195.97,134049,196.037365
2023-07-31 14:23:00+00:00,196.155,196.1599,196.065,3386,196.1101,82889,196.113757
2023-07-31 14:24:00+00:00,196.1396,196.1577,196.0511,3340,196.15,54887,196.109414
2023-07-31 14:25:00+00:00,196.095,196.13,196.03,3116,196.128,63017,196.083741
2023-07-31 14:26:00+00:00,196.155,196.19,196.06,3047,196.09,71987,196.149325
2023-07-31 14:27:00+00:00,196.27,196.2712,196.13,3359,196.14,121893,196.218278
2023-07-31 14:28:00+00:00,196.21,196.2899,196.2,3014,196.26,65011,196.248442
2023-07-31 14:29:00+00:00,196.24,196.2472,196.1599,3037,196.21,71087,196.20329
2023-07-31 14:30:00+00:00,196.2584,196.33,196.22,3551,196.25,138501,196.283666
2023-07-31 14:31:00+00:00,196.18,196.26,196.09,3203,196.26,68363,196.15684
2023-07-31 14:32:00+00:00,196.165,196.25,196.1,2899,196.185,57436,196.172054
2023-07-31 14:33:00+00:00,196.1299,196.239,196.1,3473,196.17,144559,196.175881
2023-07-31 14:34:00+00:00,196.18,196.2,196.08,2991,196.13,74281,196.140743
2023-07-31 14:35:00+00:00,196.15,196.17,196.045,3023,196.17,70906,196.107106
2023-07-31 14:36:00+00:00,196.1308,196.16,196.05,2858,196.1505,60990,196.116047
2023-07-31 14:37:00+00:00,196.17,196.18,196.08,2806,196.13,66368,196.132264
2023-07-31 14:38:00+00:00,196.23,196.269,196.1392,3004,196.175,69673,196.211724
2023-07-31 14:39:00+00:00,196.2974,196.3,196.21,3045,196.234,66456,196.265577
2023-07-31 14:40:00+00:00,196.2035,196.34,196.19,3093,196.2969,74211,196.283652
2023-07-31 14:41:00+00:00,196.1418,196.2,196.1,3090,196.2,103994,196.135372
2023-07-31 14:42:00+00:00,196.065,196.21,196.03,3164,196.1685,103842,196.119124
2023-07-31 14:43:00+00:00,196.13,196.14,196.04,2933,196.05,64643,196.091026
2023-07-31 14:44:00+00:00,196.0748,196.175,196.0748,3077,196.12,231505,195.980787
2023-07-31 14:45:00+00:00,196.11,196.155,196.08,2816,196.09,49947,196.110314
2023-07-31 14:46:00+00:00,196.01,196.125,195.9,4802,196.1188,214347,195.981017
2023-07-31 14:47:00+00:00,195.91,195.9911,195.881,3142,195.9911,78600,195.932158
2023-07-31 14:48:00+00:00,196.0,196.005,195.8997,2968,195.91,68031,195.95706
2023-07-31 14:49:00+00:00,196.0901,196.1,195.98,2923,196.0,60375,196.050738
2023-07-31 14:50:00+00:00,196.1305,196.1782,196.065,2934,196.09,84817,196.118751
2023-07-31 14:51:00+00:00,196.2,196.22,196.1398,2610,196.14,58341,196.180962
2023-07-31 14:52:00+00:00,196.25,196.2899,196.19,1077,196.2,86686,196.24634
2023-07-31 14:53:00+00:00,196.283,196.29,196.2299,822,196.25,65920,196.259264
2023-07-31 14:54:00+00:00,196.2799,196.34,196.27,890,196.29,72466,196.310434
2023-07-31 14:55:00+00:00,196.3159,196.34,196.27,757,196.29,70582,196.310523
2023-07-31 14:56:00+00:00,196.3569,196.37,196.2913,803,196.31,68476,196.337421
2023-07-31 14:57:00+00:00,196.365,196.38,196.335,807,196.3577,61104,196.357689
2023-07-31 14:58:00+00:00,196.385,196.435,196.35,937,196.35,63818,196.393009
2023-07-31 14:59:00+00:00,196.26,196.38,196.24,936,196.38,73090,196.304189
2023-07-31 15:00:00+00:00,196.32,196.335,196.23,803,196.27,54797,196.284344
2023-07-31 15:01:00+00:00,196.31,196.4099,196.3,912,196.33,115950,196.372355
2023-07-31 15:02:00+00:00,196.32,196.38,196.285,711,196.3008,50471,196.332728
2023-07-31 15:03:00+00:00,196.45,196.45,196.3,821,196.32,67754,196.389521
2023-07-31 15:04:00+00:00,196.48,196.49,196.43,983,196.45,79625,196.458963
2023-07-31 15:05:00+00:00,196.4286,196.47,196.36,953,196.47,68459,196.408301
2023-07-31 15:06:00+00:00,196.45,196.46,196.39,621,196.41,42626,196.436032
2023-07-31 15:07:00+00:00,196.42,196.4475,196.37,761,196.4475,54726,196.412959
2023-07-31 15:08:00+00:00,196.37,196.4389,196.36,621,196.4201,40213,196.398207
2023-07-31 15:09:00+00:00,196.352,196.405,196.345,604,196.37,45552,196.366883
2023-07-31 15:10:00+00:00,196.3701,196.385,196.31,836,196.35,60558,196.358671
2023-07-31 15:11:00+00:00,196.41,196.4339,196.37,724,196.375,56707,196.40228
2023-07-31 15:12:00+00:00,196.39,196.43,196.37,708,196.4,50039,196.405041
2023-07-31 15:13:00+00:00,196.36,196.43,196.36,692,196.39,35927,196.398311
2023-07-31 15:14:00+00:00,196.345,196.37,196.33,713,196.35,60559,196.34484
2023-07-31 15:15:00+00:00,196.31,196.365,196.2599,822,196.35,70812,196.303606
2023-07-31 15:16:00+00:00,196.2401,196.32,196.2401,618,196.31,40303,196.267906
2023-07-31 15:17:00+00:00,196.28,196.33,196.22,1007,196.245,63671,196.277876
2023-07-31 15:18:00+00:00,196.27,196.3,196.23,752,196.28,56225,196.264232
2023-07-31 15:19:00+00:00,196.315,196.33,196.27,705,196.275,49723,196.292182
2023-07-31 15:20:00+00:00,196.315,196.3268,196.28,499,196.3101,27329,196.299445
2023-07-31 15:21:00+00:00,196.275,196.325,196.23,863,196.32,112671,196.267586
2023-07-31 15:22:00+00:00,196.252,196.28,196.17,876,196.275,61220,196.219726
2023-07-31 15:23:00+00:00,196.22,196.28,196.2183,746,196.2599,53159,196.252372
2023-07-31 15:24:00+00:00,196.2,196.23,196.1822,580,196.21,53925,196.202242
2023-07-31 15:25:00+00:00,196.12,196.17,196.08,1008,196.17,63274,196.118157
2023-07-31 15:26:00+00:00,196.11,196.16,196.1,694,196.12,45935,196.123934
2023-07-31 15:27:00+00:00,196.125,196.125,196.055,897,196.115,99594,196.082832
2023-07-31 15:28:00+00:00,196.115,196.15,196.08,597,196.125,42987,196.114344
2023-07-31 15:29:00+00:00,196.175,196.1901,196.1,739,196.1,53172,196.169496
2023-07-31 15:30:00+00:00,196.205,196.269,196.16,919,196.19,64792,196.212491
2023-07-31 15:31:00+00:00,196.155,196.2206,196.13,908,196.21,64418,196.171617
2023-07-31 15:32:00+00:00,196.04,196.15,195.95,2284,196.15,190869,196.03218
2023-07-31 15:33:00+00:00,196.04,196.11,195.97,1148,196.05,93137,196.041276
2023-07-31 15:34:00+00:00,196.0833,196.11,196.04,681,196.04,45027,196.087178
2023-07-31 15:35:00+00:00,196.1,196.11,196.04,674,196.09,40073,196.079933
2023-07-31 15:36:00+00:00,196.192,196.23,196.0977,806,196.1,55329,196.169509
2023-07-31 15:37:00+00:00,196.155,196.22,196.1542,560,196.2012,33260,196.189328
2023-07-31 15:38:00+00:00,196.23,196.24,196.14,473,196.16,24502,196.182419
2023-07-31 15:39:00+00:00,196.18,196.2293,196.11,592,196.2293,43569,196.161806
2023-07-31 15:40:00+00:00,196.23,196.24,196.11,610,196.19,40442,196.176226
2023-07-31 15:41:00+00:00,196.24,196.2511,196.21,569,196.2227,33894,196.234498
2023-07-31 15:42:00+00:00,196.215,196.24,196.2,435,196.23,24966,196.226865
2023-07-31 15:43:00+00:00,196.155,196.215,196.14,599,196.215,31103,196.165746
2023-07-31 15:44:00+00:00,196.19,196.2003,196.11,799,196.145,54734,196.161034
2023-07-31 15:45:00+00:00,196.235,196.235,196.12,611,196.19,44461,196.16701
2023-07-31 15:46:00+00:00,196.27,196.29,196.19,875,196.22,142446,196.236476
2023-07-31 15:47:00+00:00,196.285,196.295,196.24,695,196.275,42506,196.27929
2023-07-31 15:48:00+00:00,196.355,196.36,196.29,749,196.29,61638,196.32823
2023-07-31 15:49:00+00:00,196.3599,196.37,196.34,550,196.3532,42659,196.352025
2023-07-31 15:50:00+00:00,196.31,196.355,196.28,585,196.355,38719,196.313734
2023-07-31 15:51:00+00:00,196.23,196.3106,196.21,808,196.3106,56098,196.255207
2023-07-31 15:52:00+00:00,196.15,196.24,196.06,1734,196.235,130405,196.164204
2023-07-31 15:53:00+00:00,196.13,196.15,196.0613,996,196.14,75027,196.117239
2023-07-31 15:54:00+00:00,196.0701,196.1404,196.06,622,196.13,49677,196.094763
2023-07-31 15:55:00+00:00,196.13,196.14,196.075,797,196.077,55258,196.111477
2023-07-31 15:56:00+00:00,196.171,196.23,196.105,893,196.1293,78244,196.170479
2023-07-31 15:57:00+00:00,196.13,196.2197,196.13,729,196.1999,79988,196.180718
2023-07-31 15:58:00+00:00,196.13,196.16,196.09,649,196.1325,58209,196.120078
2023-07-31 15:59:00+00:00,196.1398,196.16,196.12,482,196.1216,31890,196.136044
2023-07-31 16:00:00+00:00,196.15,196.16,196.09,808,196.14,55913,196.124437
2023-07-31 16:01:00+00:00,196.22,196.2299,196.16,622,196.1609,50714,196.200456
2023-07-31 16:02:00+00:00,196.22,196.2833,196.22,648,196.2215,63887,196.249877
2023-07-31 16:03:00+00:00,196.1925,196.22,196.14,741,196.22,54752,196.179917
2023-07-31 16:04:00+00:00,196.15,196.205,196.1401,572,196.19,31947,196.178071
2023-07-31 16:05:00+00:00,196.05,196.16,196.03,1085,196.15,80565,196.09698
2023-07-31 16:06:00+00:00,196.0799,196.08,196.0228,626,196.04,43831,196.060703
2023-07-31 16:07:00+00:00,196.05,196.07,196.03,707,196.07,56357,196.049802
2023-07-31 16:08:00+00:00,195.9411,196.05,195.93,1030,196.05,61766,195.990339
2023-07-31 16:09:00+00:00,195.9738,196.01,195.925,634,195.935,44858,195.9638
2023-07-31 16:10:00+00:00,195.9318,195.98,195.89,853,195.98,71106,195.940969
2023-07-31 16:11:00+00:00,195.9804,196.04,195.93,599,195.9354,30880,195.990273
2023-07-31 16:12:00+00:00,195.965,196.035,195.96,671,195.99,52832,196.007508
2023-07-31 16:13:00+00:00,195.88,195.9698,195.86,925,195.965,85547,195.918119
2023-07-31 16:14:00+00:00,195.785,195.89,195.78,1090,195.875,119533,195.835506
2023-07-31 16:15:00+00:00,195.87,195.87,195.77,954,195.78,68436,195.799423
2023-07-31 16:16:00+00:00,195.895,195.95,195.84,1097,195.88,120266,195.905697
2023-07-31 16:17:00+00:00,195.92,195.9275,195.8601,505,195.8888,31603,195.902958
2023-07-31 16:18:00+00:00,196.0023,196.0084,195.895,914,195.92,98365,195.941728
2023-07-31 16:19:00+00:00,196.075,196.095,195.9888,615,196.0,53417,196.049033
2023-07-31 16:20:00+00:00,196.0893,196.13,196.06,570,196.07,38698,196.092603
2023-07-31 16:21:00+00:00,196.02,196.11,196.01,577,196.08,38343,196.060599
2023-07-31 16:22:00+00:00,196.07,196.07,196.01,348,196.025,19546,196.037359
2023-07-31 16:23:00+00:00,196.1315,196.17,196.07,1106,196.07,104176,196.118769
2023-07-31 16:24:00+00:00,196.115,196.15,196.08,576,196.13,89127,196.122034
2023-07-31 16:25:00+00:00,196.09,196.13,196.08,650,196.12,41824,196.10848
2023-07-31 16:26:00+00:00,196.1122,196.155,196.08,483,196.08,34115,196.134688
2023-07-31 16:27:00+00:00,196.16,196.1755,196.1,437,196.11,20039,196.144966
2023-07-31 16:28:00+00:00,196.17,196.22,196.1601,617,196.17,46691,196.192626
2023-07-31 16:29:00+00:00,196.1545,196.18,196.15,436,196.1799,21441,196.165665
2023-07-31 16:30:00+00:00,196.14,196.17,196.1,476,196.15,26173,196.141587
2023-07-31 16:31:00+00:00,196.135,196.1789,196.13,438,196.1413,29210,196.149691
2023-07-31 16:32:00+00:00,196.0702,196.1286,196.05,604,196.125,41714,196.087112
2023-07-31 16:33:00+00:00,196.0888,196.09,196.01,515,196.06,42392,196.048993
2023-07-31 16:34:00+00:00,196.0322,196.08,196.03,494,196.08,37595,196.04853
2023-07-31 16:35:00+00:00,196.0001,196.07,195.99,616,196.04,44131,196.029266
2023-07-31 16:36:00+00:00,196.0026,196.025,195.97,561,196.0,37972,195.995444
2023-07-31 16:37:00+00:00,196.0252,196.07,196.015,422,196.0289,21356,196.043193
2023-07-31 16:38:00+00:00,196.1301,196.1399,196.01,508,196.025,36178,196.077918
2023-07-31 16:39:00+00:00,196.09,196.15,196.09,512,196.13,37926,196.117495
2023-07-31 16:40:00+00:00,196.01,196.1,196.0,592,196.1,41303,196.04628
2023-07-31 16:41:00+00:00,196.039,196.06,196.0,538,196.0155,43223,196.026818
2023-07-31 16:42:00+00:00,196.022,196.055,195.995,501,196.03,33138,196.023903
2023-07-31 16:43:00+00:00,196.04,196.044,196.005,467,196.02,30124,196.022517
2023-07-31 16:44:00+00:00,196.08,196.09,196.0301,462,196.035,28123,196.054289
2023-07-31 16:45:00+00:00,196.0723,196.09,196.03,453,196.07,27650,196.057873
2023-07-31 16:46:00+00:00,196.01,196.08,196.0001,387,196.075,24115,196.04018
2023-07-31 16:47:00+00:00,196.04,196.06,195.98,493,196.0,32318,196.018329
2023-07-31 16:48:00+00:00,196.0532,196.07,196.02,488,196.0396,36618,196.041329
2023-07-31 16:49:00+00:00,196.1092,196.12,196.04,483,196.06,37294,196.091623
2023-07-31 16:50:00+00:00,196.04,196.11,196.04,475,196.1018,36953,196.067282
2023-07-31 16:51:00+00:00,196.02,196.045,196.0,421,196.02,25608,196.028343
2023-07-31 16:52:00+00:00,196.0199,196.0329,195.97,532,196.01,29541,196.006306
2023-07-31 16:53:00+00:00,195.9463,196.0199,195.9426,584,196.0199,39757,195.972506
2023-07-31 16:54:00+00:00,196.01,196.02,195.95,383,195.9596,24114,195.98914
2023-07-31 16:55:00+00:00,195.955,196.005,195.92,611,196.0,36493,195.96457
2023-07-31 16:56:00+00:00,195.985,195.9994,195.935,425,195.955,25393,195.963168
2023-07-31 16:57:00+00:00,195.94,195.98,195.91,503,195.98,29437,195.934753
2023-07-31 16:58:00+00:00,195.95,195.965,195.89,754,195.93,56886,195.915045
2023-07-31 16:59:00+00:00,195.91,195.98,195.9,581,195.955,32034,195.940778
2023-07-31 17:00:00+00:00,195.96,195.9761,195.88,572,195.901,38929,195.922524
2023-07-31 17:01:00+00:00,195.8699,195.96,195.84,653,195.9588,43165,195.898431
2023-07-31 17:02:00+00:00,195.8601,195.87,195.78,919,195.86,88529,195.81805
2023-07-31 17:03:00+00:00,195.96,195.98,195.87,729,195.87,234008,195.969732
2023-07-31 17:04:00+00:00,195.94,195.96,195.915,484,195.96,65726,195.933341
2023-07-31 17:05:00+00:00,195.94,195.95,195.92,457,195.94,29060,195.933203
2023-07-31 17:06:00+00:00,196.0562,196.07,195.96,825,195.96,90789,196.035831
2023-07-31 17:07:00+00:00,196.1301,196.14,196.04,606,196.06,51211,196.087247
2023-07-31 17:08:00+00:00,196.18,196.19,196.1118,661,196.128,88023,196.158938
2023-07-31 17:09:00+00:00,196.19,196.2,196.1401,641,196.1609,75463,196.177003
2023-07-31 17:10:00+00:00,196.23,196.24,196.181,589,196.2,57053,196.222428
2023-07-31 17:11:00+00:00,196.195,196.24,196.19,565,196.2373,53788,196.219084
2023-07-31 17:12:00+00:00,196.2301,196.25,196.1914,584,196.195,58085,196.236383
2023-07-31 17:13:00+00:00,196.23,196.235,196.2,393,196.23,22828,196.219769
2023-07-31 17:14:00+00:00,196.2,196.23,196.18,522,196.225,29728,196.207248
2023-07-31 17:15:00+00:00,196.19,196.21,196.17,607,196.19,40756,196.188194
2023-07-31 17:16:00+00:00,196.19,196.205,196.16,553,196.19,43831,196.182963
2023-07-31 17:17:00+00:00,196.133,196.235,196.133,635,196.19,39101,196.187655
2023-07-31 17:18:00+00:00,196.065,196.1402,196.06,654,196.14,54354,196.093967
2023-07-31 17:19:00+00:00,195.98,196.0833,195.97,685,196.06,63703,196.007839
2023-07-31 17:20:00+00:00,196.0256,196.06,195.935,622,195.98,47639,195.998939
2023-07-31 17:21:00+00:00,196.0899,196.11,195.99,605,196.0297,46705,196.054668
2023-07-31 17:22:00+00:00,196.0985,196.17,196.07,542,196.0855,86198,196.115171
2023-07-31 17:23:00+00:00,196.13,196.14,196.07,458,196.09,31744,196.107952
2023-07-31 17:24:00+00:00,196.11,196.16,196.1,506,196.125,32001,196.1365
2023-07-31 17:25:00+00:00,196.07,196.13,196.06,452,196.11,28423,196.095876
2023-07-31 17:26:00+00:00,196.11,196.11,196.06,387,196.075,20692,196.079298
2023-07-31 17:27:00+00:00,196.155,196.16,196.1,493,196.11,31273,196.129602
2023-07-31 17:28:00+00:00,196.205,196.25,196.165,590,196.165,45084,196.208691
2023-07-31 17:29:00+00:00,196.1299,196.2199,196.12,561,196.2001,67951,196.168137
2023-07-31 17:30:00+00:00,196.1555,196.169,196.07,680,196.125,68822,196.108271
2023-07-31 17:31:00+00:00,196.1511,196.18,196.13,523,196.16,29841,196.156787
2023-07-31 17:32:00+00:00,196.21,196.21,196.12,591,196.16,35827,196.165404
2023-07-31 17:33:00+00:00,196.2,196.215,196.165,548,196.21,24199,196.186282
2023-07-31 17:34:00+00:00,196.17,196.205,196.154,448,196.2,22044,196.175485
2023-07-31 17:35:00+00:00,196.21,196.22,196.16,547,196.16,25698,196.193126
2023-07-31 17:36:00+00:00,196.22,196.22,196.19,535,196.218,45488,196.173927
2023-07-31 17:37:00+00:00,196.285,196.308,196.215,717,196.215,67615,196.27304
2023-07-31 17:38:00+00:00,196.31,196.34,196.29,559,196.29,45747,196.312253
2023-07-31 17:39:00+00:00,196.34,196.37,196.3,610,196.3,58392,196.339648
2023-07-31 17:40:00+00:00,196.28,196.36,196.27,646,196.35,48885,196.314315
2023-07-31 17:41:00+00:00,196.32,196.33,196.24,535,196.2799,41677,196.279039
2023-07-31 17:42:00+00:00,196.32,196.37,196.315,628,196.3299,73913,196.345453
2023-07-31 17:43:00+00:00,196.3404,196.37,196.3201,480,196.33,50203,196.356279
2023-07-31 17:44:00+00:00,196.365,196.39,196.34,531,196.3499,57289,196.371488
2023-07-31 17:45:00+00:00,196.315,196.38,196.3,550,196.36,33722,196.344814
2023-07-31 17:46:00+00:00,196.27,196.3355,196.27,501,196.3117,30879,196.304634
2023-07-31 17:47:00+00:00,196.295,196.3,196.21,622,196.28,45572,196.254534
2023-07-31 17:48:00+00:00,196.285,196.295,196.25,431,196.29,25502,196.273586
2023-07-31 17:49:00+00:00,196.29,196.29,196.2282,470,196.28,26433,196.260469
2023-07-31 17:50:00+00:00,196.16,196.2801,196.12,641,196.2801,44944,196.175399
2023-07-31 17:51:00+00:00,196.165,196.19,196.13,527,196.1691,35259,196.16208
2023-07-31 17:52:00+00:00,196.24,196.2699,196.16,501,196.16,36707,196.22584
2023-07-31 17:53:00+00:00,196.14,196.25,196.14,531,196.235,41516,196.20351
2023-07-31 17:54:00+00:00,196.14,196.16,196.11,416,196.15,36183,196.138201
2023-07-31 17:55:00+00:00,196.2,196.2,196.12,464,196.13,30477,196.164877
2023-07-31 17:56:00+00:00,196.21,196.2127,196.15,490,196.2,38074,196.178612
2023-07-31 17:57:00+00:00,196.2,196.2084,196.16,392,196.2084,22367,196.18256
2023-07-31 17:58:00+00:00,196.235,196.25,196.195,434,196.195,30290,196.231045
2023-07-31 17:59:00+00:00,196.2399,196.25,196.22,373,196.2335,17088,196.234941
2023-07-31 18:00:00+00:00,196.23,196.249,196.195,578,196.235,35399,196.219849
2023-07-31 18:01:00+00:00,196.2412,196.31,196.21,718,196.24,60282,196.265076
2023-07-31 18:02:00+00:00,196.255,196.29,196.245,572,196.245,42586,196.26592
2023-07-31 18:03:00+00:00,196.245,196.28,196.22,548,196.2516,35791,196.253001
2023-07-31 18:04:00+00:00,196.251,196.275,196.22,472,196.245,37079,196.247124
2023-07-31 18:05:00+00:00,196.2987,196.3,196.2556,475,196.2556,39040,196.280517
2023-07-31 18:06:00+00:00,196.295,196.31,196.255,554,196.29,37964,196.285566
2023-07-31 18:07:00+00:00,196.27,196.3,196.19,920,196.29,71996,196.251181
2023-07-31 18:08:00+00:00,196.23,196.28,196.19,729,196.275,57434,196.230701
2023-07-31 18:09:00+00:00,196.185,196.23,196.17,509,196.23,38785,196.189114
2023-07-31 18:10:00+00:00,196.2027,196.215,196.14,564,196.18,294288,196.196805
2023-07-31 18:11:00+00:00,196.1543,196.2101,196.11,1274,196.21,46857,196.149711
2023-07-31 18:12:00+00:00,196.2014,196.23,196.15,356,196.15,27152,196.204618
2023-07-31 18:13:00+00:00,196.2,196.2341,196.1618,464,196.2039,30416,196.20103
2023-07-31 18:14:00+00:00,196.13,196.2,196.13,424,196.2,22047,196.159695
2023-07-31 18:15:00+00:00,196.195,196.2,196.12,552,196.14,96838,196.128934
2023-07-31 18:16:00+00:00,196.225,196.2399,196.181,589,196.195,67765,196.213015
2023-07-31 18:17:00+00:00,196.27,196.27,196.2,564,196.225,38939,196.239595
2023-07-31 18:18:00+00:00,196.335,196.365,196.2622,761,196.2622,66037,196.319863
2023-07-31 18:19:00+00:00,196.335,196.35,196.31,389,196.325,23828,196.33114
2023-07-31 18:20:00+00:00,196.3681,196.37,196.31,518,196.336,28094,196.333945
2023-07-31 18:21:00+00:00,196.27,196.365,196.2539,635,196.36,52343,196.303125
2023-07-31 18:22:00+00:00,196.22,196.27,196.175,512,196.27,39449,196.223997
2023-07-31 18:23:00+00:00,196.24,196.2688,196.21,400,196.22,32188,196.238127
2023-07-31 18:24:00+00:00,196.26,196.27,196.19,531,196.23,41405,196.227557
2023-07-31 18:25:00+00:00,196.2023,196.28,196.2,667,196.26,84726,196.246048
2023-07-31 18:26:00+00:00,196.22,196.22,196.14,669,196.2,47094,196.172211
2023-07-31 18:27:00+00:00,196.25,196.25,196.195,435,196.2199,29654,196.219868
2023-07-31 18:28:00+00:00,196.24,196.28,196.2316,501,196.2465,44448,196.256507
2023-07-31 18:29:00+00:00,196.16,196.25,196.16,621,196.2421,46364,196.203002
2023-07-31 18:30:00+00:00,196.1401,196.205,196.1401,571,196.175,44936,196.172632
2023-07-31 18:31:00+00:00,196.13,196.17,196.1199,542,196.14,53153,196.142589
2023-07-31 18:32:00+00:00,196.1486,196.15,196.08,770,196.13,48155,196.112507
2023-07-31 18:33:00+00:00,196.2,196.21,196.14,457,196.15,46936,196.178626
2023-07-31 18:34:00+00:00,196.19,196.2,196.165,404,196.19,20334,196.181434
2023-07-31 18:35:00+00:00,196.18,196.21,196.17,496,196.1813,27165,196.186808
2023-07-31 18:36:00+00:00,196.145,196.21,196.1,556,196.1727,35929,196.161608
2023-07-31 18:37:00+00:00,195.995,196.15,195.97,1290,196.145,131689,196.032522
2023-07-31 18:38:00+00:00,196.07,196.08,196.0,593,196.0,37510,196.038206
2023-07-31 18:39:00+00:00,196.06,196.0611,196.0099,512,196.0611,41692,196.030126
2023-07-31 18:40:00+00:00,196.0002,196.06,195.96,975,196.04,80343,196.013962
2023-07-31 18:41:00+00:00,196.0112,196.05,196.0,836,196.005,80814,196.02408
2023-07-31 18:42:00+00:00,195.9991,196.03,195.98,567,196.015,44912,196.009532
2023-07-31 18:43:00+00:00,195.9785,195.99,195.935,602,195.99,44885,195.961463
2023-07-31 18:44:00+00:00,196.025,196.04,195.975,528,195.975,40421,196.014761
2023-07-31 18:45:00+00:00,196.02,196.0588,196.015,603,196.03,41675,196.035837
2023-07-31 18:46:00+00:00,195.9668,196.02,195.95,1041,196.02,80354,195.979927
2023-07-31 18:47:00+00:00,195.9972,196.0,195.95,548,195.96,32747,195.969991
2023-07-31 18:48:00+00:00,196.12,196.13,195.99,650,196.0,55240,196.078374
2023-07-31 18:49:00+00:00,196.19,196.2,196.115,628,196.115,55484,196.15401
2023-07-31 18:50:00+00:00,196.225,196.23,196.175,620,196.19,53286,196.207891
2023-07-31 18:51:00+00:00,196.2383,196.24,196.17,872,196.22,62239,196.212695
2023-07-31 18:52:00+00:00,196.2901,196.305,196.2,775,196.2276,91746,196.262417
2023-07-31 18:53:00+00:00,196.265,196.316,196.265,512,196.29,40637,196.295982
2023-07-31 18:54:00+00:00,196.2423,196.32,196.2423,656,196.27,46060,196.284757
2023-07-31 18:55:00+00:00,196.29,196.3,196.25,516,196.25,31999,196.278556
2023-07-31 18:56:00+00:00,196.305,196.32,196.28,638,196.3,46759,196.303002
2023-07-31 18:57:00+00:00,196.3287,196.34,196.29,608,196.3,40418,196.321528
2023-07-31 18:58:00+00:00,196.335,196.35,196.31,619,196.33,42341,196.333368
2023-07-31 18:59:00+00:00,196.2974,196.34,196.28,666,196.3301,53630,196.307305
2023-07-31 19:00:00+00:00,196.24,196.31,196.24,773,196.3,54461,196.270267
2023-07-31 19:01:00+00:00,196.22,196.245,196.2,586,196.23,50527,196.224678
2023-07-31 19:02:00+00:00,196.195,196.23,196.17,485,196.22,40601,196.196265
2023-07-31 19:03:00+00:00,196.1243,196.1978,196.115,612,196.1978,51543,196.160464
2023-07-31 19:04:00+00:00,196.07,196.13,196.04,845,196.12,66489,196.084987
2023-07-31 19:05:00+00:00,196.045,196.1,196.02,621,196.0726,56100,196.059543
2023-07-31 19:06:00+00:00,196.065,196.07,196.02,518,196.05,40218,196.041295
2023-07-31 19:07:00+00:00,196.07,196.08,196.03,521,196.065,38263,196.050514
2023-07-31 19:08:00+00:00,196.02,196.0669,196.0,750,196.065,66262,196.026723
2023-07-31 19:09:00+00:00,195.995,196.04,195.99,519,196.02,32701,196.013289
2023-07-31 19:10:00+00:00,196.0145,196.0699,195.965,913,195.995,69603,196.006398
2023-07-31 19:11:00+00:00,196.045,196.05,196.0,405,196.0124,25813,196.028749
2023-07-31 19:12:00+00:00,195.96,196.045,195.96,715,196.045,50799,196.001688
2023-07-31 19:13:00+00:00,195.99,196.01,195.96,564,195.97,42539,195.982783
2023-07-31 19:14:00+00:00,196.02,196.0304,196.0,452,196.005,31228,196.020198
2023-07-31 19:15:00+00:00,196.0,196.03,195.955,607,196.0,43671,195.993868
2023-07-31 19:16:00+00:00,196.04,196.04,195.97,596,196.0,58763,196.009752
2023-07-31 19:17:00+00:00,195.995,196.035,195.97,714,196.035,56356,196.00176
2023-07-31 19:18:00+00:00,196.0399,196.06,196.0,543,196.005,34980,196.033709
2023-07-31 19:19:00+00:00,196.11,196.12,196.0379,604,196.04,56519,196.089598
2023-07-31 19:20:00+00:00,196.0785,196.12,196.07,655,196.11,50169,196.098022
2023-07-31 19:21:00+00:00,196.0772,196.11,196.045,636,196.075,49757,196.079534
2023-07-31 19:22:00+00:00,196.11,196.11,196.06,415,196.0695,26384,196.091555
2023-07-31 19:23:00+00:00,196.08,196.1399,196.06,568,196.1,43887,196.104005
2023-07-31 19:24:00+00:00,196.02,196.09,196.015,663,196.07,49888,196.049444
2023-07-31 19:25:00+00:00,196.02,196.0486,195.995,677,196.03,67985,196.018961
2023-07-31 19:26:00+00:00,196.075,196.075,196.0,508,196.02,47148,196.024552
2023-07-31 19:27:00+00:00,196.1315,196.15,196.08,706,196.08,69945,196.104252
2023-07-31 19:28:00+00:00,196.1031,196.15,196.0901,545,196.14,41234,196.124631
2023-07-31 19:29:00+00:00,196.0876,196.1072,196.07,528,196.1,42479,196.08882
2023-07-31 19:30:00+00:00,196.1209,196.15,196.08,880,196.08,60174,196.118201
2023-07-31 19:31:00+00:00,196.03,196.12,196.0,1084,196.12,83879,196.068429
2023-07-31 19:32:00+00:00,196.01,196.05,195.9928,807,196.0388,73385,196.014784
2023-07-31 19:33:00+00:00,195.98,196.03,195.95,1043,196.005,76209,195.989808
2023-07-31 19:34:00+00:00,196.0065,196.0078,195.955,735,195.975,52000,195.981957
2023-07-31 19:35:00+00:00,195.95,196.004,195.93,1047,196.0,82357,195.972301
2023-07-31 19:36:00+00:00,195.99,196.04,195.945,1029,195.95,85438,196.001387
2023-07-31 19:37:00+00:00,195.9574,195.99,195.93,784,195.99,61032,195.950736
2023-07-31 19:38:00+00:00,195.9799,195.99,195.945,835,195.965,82734,195.967333
2023-07-31 19:39:00+00:00,195.92,195.9902,195.89,851,195.97,58163,195.943684
2023-07-31 19:40:00+00:00,196.025,196.04,195.9099,1206,195.9199,106144,195.993415
2023-07-31 19:41:00+00:00,196.05,196.11,196.03,1231,196.03,100397,196.06196
2023-07-31 19:42:00+00:00,196.0116,196.06,195.99,942,196.04,79759,196.022738
2023-07-31 19:43:00+00:00,196.08,196.085,196.0,980,196.0101,75935,196.053496
2023-07-31 19:44:00+00:00,196.0343,196.09,196.02,915,196.085,62316,196.051613
2023-07-31 19:45:00+00:00,196.0199,196.07,196.0,894,196.035,77839,196.036411
2023-07-31 19:46:00+00:00,195.9001,196.02,195.9,1239,196.01,118044,195.958437
2023-07-31 19:47:00+00:00,195.81,195.905,195.81,1457,195.9001,142010,195.854538
2023-07-31 19:48:00+00:00,195.84,195.85,195.79,1262,195.82,110719,195.811949
2023-07-31 19:49:00+00:00,195.83,195.87,195.7986,1148,195.84,104420,195.828842
2023-07-31 19:50:00+00:00,195.935,195.99,195.82,1764,195.84,154167,195.923903
2023-07-31 19:51:00+00:00,196.045,196.11,195.94,2208,195.94,213122,196.055104
2023-07-31 19:52:00+00:00,196.03,196.09,195.97,1859,196.045,156763,196.027129
2023-07-31 19:53:00+00:00,196.07,196.14,196.03,1798,196.03,176492,196.075617
2023-07-31 19:54:00+00:00,196.04,196.09,195.95,2073,196.07,199052,196.004466
2023-07-31 19:55:00+00:00,196.02,196.06,195.88,2899,196.04,273684,195.964077
2023-07-31 19:56:00+00:00,196.06,196.1,196.0,2119,196.02,191550,196.056553
2023-07-31 19:57:00+00:00,196.145,196.175,196.0502,2271,196.06,224627,196.115883
2023-07-31 19:58:00+00:00,196.19,196.22,195.99,5307,196.15,496624,196.134495
2023-07-31 19:59:00+00:00,196.48,196.49,196.195,11577,196.195,1416313,196.389703
2023-07-31 20:00:00+00:00,196.36,196.5,196.34,297,196.48,7213707,196.449981
2023-07-31 20:01:00+00:00,196.45,196.4505,196.35,162,196.36,430379,196.449485
2023-07-31 20:02:00+00:00,196.46,196.48,196.45,123,196.45,146797,196.450158
2023-07-31 20:03:00+00:00,196.43,196.48,196.41,100,196.47,39955,196.450278
2023-07-31 20:04:00+00:00,196.45,196.45,196.42,64,196.42,4221,196.374567
2023-07-31 20:05:00+00:00,196.43,196.44,196.42,69,196.44,4652,196.43991
2023-07-31 20:06:00+00:00,196.42,196.4397,196.4,47,196.4,1756,196.420935
2023-07-31 20:07:00+00:00,196.36,196.44,196.35,130,196.44,7702,196.395727
2023-07-31 20:08:00+00:00,196.4,196.41,196.35,97,196.36,5665,196.368602
2023-07-31 20:09:00+00:00,196.41,196.45,196.41,40,196.45,29100,196.44906
2023-07-31 20:10:00+00:00,196.4,196.43,196.37,44,196.37,2500,196.412
2023-07-31 20:11:00+00:00,196.44,196.44,196.43,36,196.43,1164,196.434785
2023-07-31 20:12:00+00:00,196.4,196.42,196.4,38,196.42,101892,196.449697
2023-07-31 20:13:00+00:00,196.37,196.41,196.36,59,196.41,3714,196.373602
2023-07-31 20:14:00+00:00,196.4,196.4,196.37,45,196.37,3382,196.387
2023-07-31 20:15:00+00:00,196.41,196.41,196.4,48,196.4,1142,196.40966
2023-07-31 20:16:00+00:00,196.44,196.44,196.4,41,196.4,1332,196.428773
2023-07-31 20:17:00+00:00,196.44,196.44,196.42,43,196.42,4707,196.439149
2023-07-31 20:18:00+00:00,196.43,196.44,196.4,37,196.42,3218,196.426148
2023-07-31 20:19:00+00:00,196.43,196.43,196.43,19,196.43,215,196.432093
2023-07-31 20:21:00+00:00,196.41,196.44,196.41,21,196.44,854,196.422723
2023-07-31 20:22:00+00:00,196.41,196.41,196.4,32,196.4,1705,196.404484
2023-07-31 20:23:00+00:00,196.4,196.42,196.4,25,196.42,761,196.413896
2023-07-31 20:24:00+00:00,196.41,196.41,196.41,27,196.41,385,196.405373
2023-07-31 20:25:00+00:00,196.38,196.38,196.38,28,196.38,1692,196.381573
2023-07-31 20:27:00+00:00,196.41,196.42,196.4,39,196.41,1491,196.407294
2023-07-31 20:28:00+00:00,196.4,196.4,196.39,20,196.39,1087,196.395607
2023-07-31 20:29:00+00:00,196.45,196.45,196.39,28,196.4,3540,196.4342
2023-07-31 20:30:00+00:00,196.41,196.41,196.39,26,196.39,1135,196.397925
2023-07-31 20:31:00+00:00,196.39,196.39,196.39,16,196.39,140,196.391214
2023-07-31 20:32:00+00:00,196.4,196.4,196.38,28,196.38,1027,196.389151
2023-07-31 20:33:00+00:00,196.3806,196.4,196.38,19,196.38,966,196.384865
2023-07-31 20:35:00+00:00,196.39,196.39,196.37,42,196.38,1724,196.37901
2023-07-31 20:37:00+00:00,196.4,196.4,196.4,18,196.4,322,196.399208
2023-07-31 20:38:00+00:00,196.38,196.4,196.38,36,196.4,1458,196.389846
2023-07-31 20:40:00+00:00,196.41,196.41,196.4,68,196.4,621,196.403701
2023-07-31 20:41:00+00:00,196.38,196.4,196.38,43,196.4,1349,196.386853
2023-07-31 20:42:00+00:00,196.4,196.4,196.4,17,196.4,589,196.397897
2023-07-31 20:43:00+00:00,196.45,196.45,196.45,25,196.45,6128,196.448897
2023-07-31 20:45:00+00:00,196.38,196.38,196.38,19,196.38,336,196.380268
2023-07-31 20:46:00+00:00,196.4,196.4,196.4,7,196.4,347,196.398271
2023-07-31 20:48:00+00:00,196.39,196.4,196.39,17,196.4,616,196.394659
2023-07-31 20:49:00+00:00,196.39,196.39,196.39,20,196.39,347,196.392435
2023-07-31 20:50:00+00:00,196.4,196.4,196.4,20,196.4,185,196.399081
2023-07-31 20:51:00+00:00,196.4,196.4,196.4,21,196.4,123705,196.449786
2023-07-31 20:54:00+00:00,196.38,196.4,196.38,26,196.4,839,196.391228
2023-07-31 20:55:00+00:00,196.39,196.39,196.39,20,196.39,177,196.390902
2023-07-31 20:56:00+00:00,196.4,196.4,196.4,19,196.4,390,196.394449
2023-07-31 20:57:00+00:00,196.4,196.41,196.4,23,196.41,460,196.402392
2023-07-31 20:58:00+00:00,196.3999,196.3999,196.3999,15,196.3999,115,196.398435
2023-07-31 20:59:00+00:00,196.4,196.4,196.4,23,196.4,410,196.397439
2023-07-31 21:00:00+00:00,196.3799,196.38,196.3799,16,196.38,490,196.380184
2023-07-31 21:01:00+00:00,196.38,196.38,196.3791,15,196.3791,675,196.377915
2023-07-31 21:04:00+00:00,196.37,196.37,196.37,22,196.37,591,196.380948
2023-07-31 21:05:00+00:00,196.4,196.4,196.4,23,196.4,277,196.396173
2023-07-31 21:06:00+00:00,196.39,196.39,196.39,43,196.39,376,196.395199
2023-07-31 21:07:00+00:00,196.4,196.4,196.4,13,196.4,365,196.394685
2023-07-31 21:08:00+00:00,196.39,196.39,196.39,16,196.39,188,196.388936
2023-07-31 21:12:00+00:00,196.4,196.4,196.4,16,196.4,274,196.397482
2023-07-31 21:16:00+00:00,196.4,196.4,196.36,43,196.36,1811,177.673606
2023-07-31 21:17:00+00:00,196.37,196.37,196.37,21,196.37,346,196.384451
2023-07-31 21:18:00+00:00,196.3884,196.3884,196.37,20,196.37,463,196.379822
2023-07-31 21:20:00+00:00,196.3702,196.3702,196.3702,22,196.3702,362,196.37208
2023-07-31 21:23:00+00:00,196.4,196.4,196.4,14,196.4,1270,196.399565
2023-07-31 21:24:00+00:00,196.4,196.4,196.4,19,196.4,346,196.397312
2023-07-31 21:25:00+00:00,196.4,196.4,196.4,15,196.4,365,196.399241
2023-07-31 21:27:00+00:00,196.4,196.4,196.38,34,196.38,3514,196.39832
2023-07-31 21:28:00+00:00,196.38,196.4,196.38,27,196.4,2161,196.389322
2023-07-31 21:29:00+00:00,196.35,196.4,196.35,41,196.4,1591,196.378295
2023-07-31 21:30:00+00:00,196.34,196.34,196.34,14,196.34,126,196.343413
2023-07-31 21:32:00+00:00,196.35,196.3519,196.35,20,196.35,953,196.350867
2023-07-31 21:33:00+00:00,196.3786,196.3786,196.3786,15,196.3786,163,196.372945
2023-07-31 21:36:00+00:00,196.39,196.39,196.39,14,196.39,194,196.384948
2023-07-31 21:37:00+00:00,196.45,196.45,196.37,81,196.37,10910,196.413765
2023-07-31 21:40:00+00:00,196.4,196.4,196.4,17,196.4,327,196.395053
2023-07-31 21:41:00+00:00,196.35,196.37,196.35,25,196.37,2088,196.357629
2023-07-31 21:42:00+00:00,196.36,196.36,196.36,18,196.36,1303,196.359953
2023-07-31 21:54:00+00:00,196.4,196.4,196.4,14,196.4,461,196.399816
2023-07-31 21:55:00+00:00,196.4,196.4,196.4,26,196.4,858,196.399942
2023-07-31 21:58:00+00:00,196.3631,196.3631,196.3631,14,196.3631,368,196.365972
2023-07-31 21:59:00+00:00,196.394,196.394,196.394,10,196.394,184,196.388152
2023-07-31 22:00:00+00:00,196.39,196.39,196.39,19,196.39,346,196.387182
2023-07-31 22:03:00+00:00,196.38,196.38,196.38,17,196.38,254,196.375689
2023-07-31 22:04:00+00:00,196.38,196.41,196.35,40,196.38,2116,196.379486
2023-07-31 22:05:00+00:00,196.36,196.36,196.36,42,196.36,5138,196.360731
2023-07-31 22:06:00+00:00,196.36,196.36,196.36,21,196.36,443,196.359753
2023-07-31 22:07:00+00:00,196.36,196.36,196.36,18,196.36,726,196.359773
2023-07-31 22:10:00+00:00,196.36,196.36,196.35,24,196.36,1791,196.358442
2023-07-31 22:11:00+00:00,196.36,196.36,196.36,15,196.36,335,196.359955
2023-07-31 22:12:00+00:00,196.36,196.36,196.36,17,196.36,561,196.359011
2023-07-31 22:13:00+00:00,196.34,196.36,196.34,46,196.36,4905,196.345705
2023-07-31 22:15:00+00:00,196.36,196.36,196.36,18,196.36,257,196.346257
2023-07-31 22:16:00+00:00,196.36,196.36,196.36,9,196.36,109,196.357798
2023-07-31 22:17:00+00:00,196.32,196.32,196.32,24,196.32,766,196.319563
2023-07-31 22:21:00+00:00,196.31,196.31,196.31,12,196.31,245,196.318184
2023-07-31 22:22:00+00:00,196.33,196.33,196.3,31,196.3,1077,196.318398
2023-07-31 22:23:00+00:00,196.34,196.34,196.33,23,196.33,689,196.331655
2023-07-31 22:25:00+00:00,196.3,196.3,196.3,11,196.3,317,196.301914
2023-07-31 22:26:00+00:00,196.33,196.33,196.33,15,196.33,219,196.332877
2023-07-31 22:31:00+00:00,196.26,196.31,196.26,41,196.31,1758,196.272861
2023-07-31 22:32:00+00:00,196.27,196.3,196.27,16,196.3,372,196.294056
2023-07-31 22:33:00+00:00,196.3,196.3,196.3,13,196.3,239,196.299561
2023-07-31 22:39:00+00:00,196.3382,196.3382,196.3382,18,196.3382,233,196.311395
2023-07-31 22:43:00+00:00,196.31,196.31,196.31,21,196.31,449,196.332305
2023-07-31 22:45:00+00:00,196.31,196.35,196.31,34,196.35,476,196.332101
2023-07-31 22:46:00+00:00,196.35,196.35,196.35,9,196.35,109,196.348211
2023-07-31 22:47:00+00:00,196.35,196.35,196.31,18,196.31,463,196.338769
2023-07-31 22:49:00+00:00,196.31,196.31,196.31,10,196.31,890,196.318545
2023-07-31 22:53:00+00:00,196.33,196.33,196.33,12,196.33,328,196.331509
2023-07-31 22:54:00+00:00,196.36,196.36,196.36,11,196.36,180,196.356028
2023-07-31 22:56:00+00:00,196.3,196.31,196.3,36,196.31,1753,196.300813
2023-07-31 23:00:00+00:00,196.31,196.32,196.31,13,196.32,770,196.317955
2023-07-31 23:02:00+00:00,196.35,196.35,196.35,11,196.35,134,196.347463
2023-07-31 23:06:00+00:00,196.25,196.3,196.25,69,196.3,3285,196.267884
2023-07-31 23:08:00+00:00,196.27,196.27,196.27,18,196.27,629,196.283394
2023-07-31 23:09:00+00:00,196.24,196.24,196.24,21,196.24,472,196.246186
2023-07-31 23:10:00+00:00,196.24,196.24,196.24,12,196.24,507,196.241055
2023-07-31 23:11:00+00:00,196.26,196.26,196.26,11,196.26,162,196.258431
2023-07-31 23:14:00+00:00,196.24,196.24,196.24,13,196.24,169,196.237456
2023-07-31 23:15:00+00:00,196.26,196.26,196.26,18,196.26,540,196.256065
2023-07-31 23:16:00+00:00,196.26,196.26,196.26,18,196.26,1055,196.259938
2023-07-31 23:21:00+00:00,196.25,196.25,196.25,10,196.25,414,196.250133
2023-07-31 23:24:00+00:00,196.3,196.3,196.3,12,196.3,137,196.291715
2023-07-31 23:26:00+00:00,196.29,196.29,196.24,26,196.29,1090,196.272885
2023-07-31 23:28:00+00:00,196.32,196.32,196.24,43,196.24,1346,196.278039
2023-07-31 23:31:00+00:00,196.3,196.34,196.3,15,196.34,967,196.308976
2023-07-31 23:32:00+00:00,196.33,196.33,196.11,39,196.11,918,196.198802
2023-07-31 23:34:00+00:00,196.33,196.33,196.33,12,196.33,351,196.332507
2023-07-31 23:35:00+00:00,196.32,196.32,196.32,15,196.32,453,196.321347
2023-07-31 23:36:00+00:00,196.33,196.33,196.33,17,196.33,194,196.332964
2023-07-31 23:37:00+00:00,196.35,196.35,196.34,21,196.34,494,196.344879
2023-07-31 23:38:00+00:00,196.35,196.35,196.35,14,196.35,1257,196.350425
2023-07-31 23:40:00+00:00,196.3,196.3,196.3,15,196.3,467,196.309101
2023-07-31 23:41:00+00:00,196.3,196.31,196.3,23,196.31,787,196.313723
2023-07-31 23:42:00+00:00,196.3,196.3,196.3,12,196.3,344,196.300087
2023-07-31 23:44:00+00:00,196.29,196.29,196.29,11,196.29,390,196.294756
2023-07-31 23:47:00+00:00,196.36,196.36,196.36,15,196.36,290,196.355276
2023-07-31 23:50:00+00:00,196.35,196.35,196.35,11,196.35,143,196.346364
2023-07-31 23:51:00+00:00,196.25,196.29,196.25,55,196.29,1600,196.2772
2023-07-31 23:52:00+00:00,196.3,196.3,196.3,16,196.3,1556,196.303149
2023-07-31 23:53:00+00:00,196.3,196.3,196.3,10,196.3,822,196.300809
2023-07-31 23:54:00+00:00,196.36,196.36,196.36,27,196.36,1055,196.351422
2023-07-31 23:55:00+00:00,196.35,196.36,196.25,38,196.36,2032,196.328777
2023-07-31 23:56:00+00:00,196.36,196.36,196.25,23,196.27,755,196.301781
2023-07-31 23:57:00+00:00,196.25,196.26,196.25,17,196.26,599,196.258748
2023-07-31 23:58:00+00:00,196.25,196.25,196.25,19,196.25,1045,196.253057
2023-07-31 23:59:00+00:00,196.32,196.32,196.27,18,196.27,848,196.289057
