timestamp,close,high,low,trade_count,open,volume,vwap
2023-01-18 00:01:00+00:00,135.6,135.62,135.6,17,135.62,536,135.611819
2023-01-18 00:02:00+00:00,135.59,135.59,135.59,9,135.59,242,135.598264
2023-01-18 00:03:00+00:00,135.6,135.6,135.6,7,135.6,180,135.599944
2023-01-18 00:04:00+00:00,135.62,135.62,135.62,17,135.62,1411,135.615209
2023-01-18 00:06:00+00:00,135.59,135.59,135.59,24,135.59,863,135.581993
2023-01-18 00:09:00+00:00,135.56,135.56,135.56,6,135.56,154,135.561948
2023-01-18 00:10:00+00:00,135.6,135.61,135.59,21,135.59,1451,135.599769
2023-01-18 00:11:00+00:00,135.61,135.61,135.61,16,135.61,131,135.602939
2023-01-18 00:13:00+00:00,135.56,135.56,135.56,6,135.56,156,135.560545
2023-01-18 00:14:00+00:00,135.55,135.56,135.55,28,135.56,2731,135.554647
2023-01-18 00:15:00+00:00,135.55,135.55,135.55,15,135.55,2913,135.550158
2023-01-18 00:17:00+00:00,135.62,135.62,135.61,29,135.61,1370,135.606314
2023-01-18 00:18:00+00:00,135.59,135.62,135.59,12,135.62,250,135.60696
2023-01-18 00:22:00+00:00,135.5,135.6199,135.5,60,135.6199,3554,135.532884
2023-01-18 00:23:00+00:00,135.6,135.6,135.6,7,135.6,224,135.602612
2023-01-18 00:25:00+00:00,135.58,135.58,135.58,10,135.58,138,135.581051
2023-01-18 00:26:00+00:00,135.6,135.6,135.6,11,135.6,496,135.599819
2023-01-18 00:27:00+00:00,135.6,135.6,135.6,17,135.6,177,135.597232
2023-01-18 00:28:00+00:00,135.58,135.58,135.58,23,135.58,1149,135.581884
2023-01-18 00:29:00+00:00,135.58,135.58,135.57,10,135.57,2310,135.571374
2023-01-18 00:31:00+00:00,135.51,135.55,135.5,15,135.55,4372,135.542225
2023-01-18 00:32:00+00:00,135.5,135.55,135.5,19,135.5,4171,135.504867
2023-01-18 00:33:00+00:00,135.49,135.55,135.49,33,135.55,6046,135.497849
2023-01-18 00:34:00+00:00,135.52,135.52,135.49,17,135.49,928,135.502748
2023-01-18 00:36:00+00:00,135.5,135.5,135.49,22,135.49,787,135.493494
2023-01-18 00:37:00+00:00,135.52,135.53,135.5,23,135.5,917,135.532514
2023-01-18 00:38:00+00:00,135.52,135.55,135.52,21,135.55,3392,135.521083
2023-01-18 00:39:00+00:00,135.52,135.52,135.5,10,135.52,1513,135.513371
2023-01-18 00:40:00+00:00,135.52,135.52,135.52,13,135.52,741,135.517321
2023-01-18 00:41:00+00:00,135.52,135.52,135.52,19,135.52,626,135.520639
2023-01-18 00:43:00+00:00,135.55,135.55,135.54,17,135.54,602,135.541885
2023-01-18 00:44:00+00:00,135.55,135.55,135.52,8,135.54,718,135.538259
2023-01-18 00:45:00+00:00,135.55,135.55,135.55,10,135.55,345,135.539029
2023-01-18 00:46:00+00:00,135.5,135.5,135.5,13,135.5,439,135.531572
2023-01-18 00:47:00+00:00,135.51,135.55,135.51,13,135.55,364,135.522926
2023-01-18 00:48:00+00:00,135.55,135.55,135.51,15,135.51,764,135.519941
2023-01-18 00:49:00+00:00,135.5,135.5,135.5,18,135.5,324,135.501373
2023-01-18 00:50:00+00:00,135.55,135.55,135.51,40,135.51,1600,135.526913
2023-01-18 00:51:00+00:00,135.55,135.55,135.55,13,135.55,787,135.548501
2023-01-18 00:52:00+00:00,135.59,135.59,135.55,20,135.55,3035,135.569292
2023-01-18 00:53:00+00:00,135.59,135.59,135.59,16,135.59,525,135.589771
2023-01-18 00:54:00+00:00,135.5601,135.5601,135.5601,17,135.5601,326,135.564416
2023-01-18 00:55:00+00:00,135.5601,135.57,135.5601,6,135.57,204,135.565515
2023-01-18 00:57:00+00:00,135.57,135.57,135.52,22,135.55,728,135.548297
2023-01-18 00:59:00+00:00,135.5,135.54,135.5,48,135.54,3825,135.512804
2023-01-18 09:00:00+00:00,136.17,136.28,136.17,85,136.28,1925,136.069148
2023-01-18 09:02:00+00:00,136.1,136.1,136.1,9,136.1,142,136.083239
2023-01-18 09:03:00+00:00,136.14,136.14,136.14,17,136.14,427,136.125855
2023-01-18 09:04:00+00:00,136.1,136.1,136.1,24,136.1,557,136.096158
2023-01-18 09:05:00+00:00,136.14,136.14,136.14,16,136.14,346,136.130491
2023-01-18 09:06:00+00:00,136.13,136.13,136.13,56,136.13,1413,136.128995
2023-01-18 09:08:00+00:00,136.1,136.1,136.1,63,136.1,1997,136.09666
2023-01-18 09:10:00+00:00,136.16,136.16,136.16,19,136.16,531,136.137589
2023-01-18 09:11:00+00:00,136.15,136.15,136.11,17,136.11,502,136.133187
2023-01-18 09:12:00+00:00,136.14,136.14,136.09,42,136.1,1683,136.097938
2023-01-18 09:13:00+00:00,136.07,136.1,136.07,32,136.1,1555,136.084971
2023-01-18 09:14:00+00:00,136.12,136.12,136.12,10,136.12,235,136.117617
2023-01-18 09:15:00+00:00,136.12,136.12,136.12,10,136.12,244,136.132295
2023-01-18 09:16:00+00:00,136.12,136.16,136.12,11,136.16,561,136.124795
2023-01-18 09:18:00+00:00,136.23,136.23,136.17,17,136.17,826,136.199516
2023-01-18 09:19:00+00:00,136.28,136.28,136.27,14,136.27,496,136.274113
2023-01-18 09:20:00+00:00,136.28,136.28,136.28,29,136.28,850,136.248059
2023-01-18 09:21:00+00:00,136.25,136.25,136.25,17,136.25,850,136.249776
2023-01-18 09:22:00+00:00,136.25,136.26,136.25,48,136.26,2597,136.25576
2023-01-18 09:23:00+00:00,136.27,136.27,136.25,29,136.25,1672,136.265335
2023-01-18 09:24:00+00:00,136.3,136.3,136.3,43,136.3,1088,136.29261
2023-01-18 09:25:00+00:00,136.3,136.3,136.3,17,136.3,431,136.306195
2023-01-18 09:30:00+00:00,136.13,136.15,136.13,41,136.15,2361,136.13637
2023-01-18 09:31:00+00:00,136.17,136.17,136.17,23,136.17,545,136.155211
2023-01-18 09:33:00+00:00,136.15,136.15,136.15,9,136.15,232,136.154741
2023-01-18 09:37:00+00:00,136.13,136.13,136.13,11,136.13,541,136.122736
2023-01-18 09:38:00+00:00,136.11,136.11,136.11,7,136.11,263,136.111141
2023-01-18 09:44:00+00:00,136.13,136.13,136.13,14,136.13,345,136.14258
2023-01-18 09:45:00+00:00,136.12,136.12,136.12,29,136.12,1472,136.12072
2023-01-18 09:46:00+00:00,136.13,136.13,136.07,31,136.07,615,136.101967
2023-01-18 09:48:00+00:00,136.1,136.12,136.1,20,136.12,709,136.109154
2023-01-18 09:49:00+00:00,136.16,136.16,136.16,21,136.16,501,136.155868
2023-01-18 09:52:00+00:00,136.23,136.23,136.23,13,136.23,615,136.225317
2023-01-18 09:55:00+00:00,136.17,136.18,136.17,27,136.18,1177,136.1813
2023-01-18 10:00:00+00:00,136.18,136.18,136.18,48,136.18,1579,136.18171
2023-01-18 10:01:00+00:00,136.2,136.2,136.2,16,136.2,363,136.190523
2023-01-18 10:02:00+00:00,136.2,136.2,136.18,14,136.18,717,136.195537
2023-01-18 10:04:00+00:00,136.18,136.18,136.18,12,136.18,671,136.183875
2023-01-18 10:06:00+00:00,136.21,136.21,136.21,9,136.21,381,136.22063
2023-01-18 10:07:00+00:00,136.2,136.21,136.2,17,136.21,554,136.187455
2023-01-18 10:13:00+00:00,136.14,136.16,136.14,44,136.16,756,136.14082
2023-01-18 10:14:00+00:00,136.17,136.17,136.17,11,136.17,401,136.152743
2023-01-18 10:16:00+00:00,136.18,136.18,136.17,8,136.17,350,136.175771
2023-01-18 10:18:00+00:00,136.22,136.22,136.22,12,136.22,272,136.2025
2023-01-18 10:19:00+00:00,136.18,136.18,136.18,32,136.18,5211,136.179181
2023-01-18 10:27:00+00:00,136.11,136.17,136.07,37,136.17,1064,136.11453
2023-01-18 10:31:00+00:00,136.07,136.12,136.07,29,136.12,448,136.090357
2023-01-18 10:32:00+00:00,136.02,136.06,136.02,55,136.06,1044,136.039799
2023-01-18 10:35:00+00:00,136.02,136.02,136.02,13,136.02,323,136.03322
2023-01-18 10:38:00+00:00,136.12,136.12,136.11,11,136.11,526,136.108992
2023-01-18 10:40:00+00:00,136.16,136.16,136.16,13,136.16,343,136.167843
2023-01-18 10:44:00+00:00,136.2,136.2,136.2,11,136.2,338,136.203639
2023-01-18 10:46:00+00:00,136.24,136.24,136.24,14,136.24,221,136.243937
2023-01-18 10:47:00+00:00,136.3,136.3,136.29,20,136.29,1197,136.298363
2023-01-18 10:50:00+00:00,136.33,136.33,136.31,21,136.31,1237,136.321673
2023-01-18 10:53:00+00:00,136.33,136.33,136.33,10,136.33,239,136.330377
2023-01-18 10:54:00+00:00,136.34,136.34,136.34,6,136.34,251,136.340797
2023-01-18 10:55:00+00:00,136.34,136.35,136.34,14,136.34,1471,136.347818
2023-01-18 10:56:00+00:00,136.39,136.39,136.39,27,136.39,1504,136.403132
2023-01-18 10:57:00+00:00,136.41,136.45,136.4,10,136.4,766,136.423029
2023-01-18 10:58:00+00:00,136.41,136.41,136.41,10,136.41,370,136.419243
2023-01-18 11:13:00+00:00,136.44,136.44,136.44,11,136.44,329,136.428146
2023-01-18 11:14:00+00:00,136.42,136.43,136.42,13,136.43,503,136.431471
2023-01-18 11:20:00+00:00,136.42,136.43,136.42,31,136.43,2002,136.422183
2023-01-18 11:28:00+00:00,136.44,136.44,136.44,41,136.44,509,136.430982
2023-01-18 11:30:00+00:00,136.4,136.4,136.4,65,136.4,1263,136.400689
2023-01-18 11:33:00+00:00,136.34,136.38,136.34,23,136.38,705,136.364624
2023-01-18 11:34:00+00:00,136.36,136.36,136.32,12,136.32,599,136.346828
2023-01-18 11:35:00+00:00,136.4,136.4,136.4,13,136.4,450,136.399
2023-01-18 11:37:00+00:00,136.36,136.36,136.36,42,136.36,1377,136.39419
2023-01-18 11:39:00+00:00,136.49,136.49,136.46,37,136.46,834,136.475779
2023-01-18 11:40:00+00:00,136.48,136.48,136.48,11,136.48,340,136.477147
2023-01-18 11:43:00+00:00,136.48,136.48,136.48,11,136.48,418,136.480215
2023-01-18 11:45:00+00:00,136.43,136.48,136.43,96,136.48,4000,136.467583
2023-01-18 11:50:00+00:00,136.43,136.43,136.43,25,136.43,758,136.435369
2023-01-18 11:52:00+00:00,136.48,136.48,136.48,30,136.48,1267,136.482021
2023-01-18 11:53:00+00:00,136.57,136.57,136.57,16,136.57,267,136.549588
2023-01-18 11:56:00+00:00,136.57,136.57,136.57,18,136.57,645,136.578837
2023-01-18 11:57:00+00:00,136.57,136.57,136.57,19,136.57,458,136.584891
2023-01-18 12:00:00+00:00,136.5,136.59,136.43,216,136.52,9105,136.499913
2023-01-18 12:02:00+00:00,136.51,136.52,136.5,34,136.51,3402,136.511038
2023-01-18 12:03:00+00:00,136.55,136.55,136.55,27,136.55,989,136.551689
2023-01-18 12:05:00+00:00,136.63,136.63,136.58,63,136.58,4003,136.613865
2023-01-18 12:06:00+00:00,136.61,136.62,136.61,44,136.62,1745,136.613364
2023-01-18 12:07:00+00:00,136.61,136.61,136.61,46,136.61,1124,136.584101
2023-01-18 12:08:00+00:00,136.5,136.62,136.5,95,136.62,3404,136.573361
2023-01-18 12:10:00+00:00,136.55,136.55,136.5,43,136.52,3325,136.516812
2023-01-18 12:12:00+00:00,136.59,136.59,136.55,63,136.55,3039,136.580016
2023-01-18 12:14:00+00:00,136.57,136.57,136.57,12,136.57,335,136.56194
2023-01-18 12:15:00+00:00,136.58,136.58,136.57,24,136.57,866,136.570254
2023-01-18 12:16:00+00:00,136.58,136.58,136.58,21,136.58,1545,136.580848
2023-01-18 12:17:00+00:00,136.58,136.58,136.58,19,136.58,478,136.582929
2023-01-18 12:18:00+00:00,136.6,136.6,136.6,18,136.6,631,136.590317
2023-01-18 12:19:00+00:00,136.58,136.58,136.58,30,136.58,1032,136.579535
2023-01-18 12:20:00+00:00,136.58,136.58,136.58,16,136.58,372,136.583145
2023-01-18 12:21:00+00:00,136.6,136.6,136.6,27,136.6,833,136.587203
2023-01-18 12:22:00+00:00,136.59,136.6,136.59,18,136.6,2345,136.599339
2023-01-18 12:23:00+00:00,136.6,136.6,136.59,46,136.6,6437,136.599764
2023-01-18 12:24:00+00:00,136.59,136.59,136.59,27,136.59,782,136.588951
2023-01-18 12:25:00+00:00,136.55,136.55,136.55,54,136.55,907,136.541687
2023-01-18 12:26:00+00:00,136.5,136.5,136.5,48,136.5,1517,136.513579
2023-01-18 12:27:00+00:00,136.58,136.58,136.58,29,136.58,1308,136.576972
2023-01-18 12:28:00+00:00,136.58,136.58,136.58,10,136.58,740,136.580243
2023-01-18 12:29:00+00:00,136.66,136.66,136.6,87,136.6,4578,136.62683
2023-01-18 12:30:00+00:00,136.63,136.63,136.63,27,136.63,668,136.650269
2023-01-18 12:31:00+00:00,136.66,136.66,136.65,28,136.65,1324,136.658535
2023-01-18 12:32:00+00:00,136.74,136.74,136.66,65,136.66,4975,136.688669
2023-01-18 12:33:00+00:00,136.7,136.75,136.7,70,136.75,4041,136.742606
2023-01-18 12:34:00+00:00,136.8,136.8,136.78,52,136.78,3405,136.789659
2023-01-18 12:35:00+00:00,136.83,136.85,136.79,96,136.85,4397,136.82836
2023-01-18 12:36:00+00:00,136.82,136.85,136.82,36,136.83,3463,136.83916
2023-01-18 12:37:00+00:00,136.8,136.8,136.8,27,136.8,400,136.79635
2023-01-18 12:38:00+00:00,136.66,136.77,136.66,50,136.77,1692,136.7175
2023-01-18 12:39:00+00:00,136.76,136.76,136.76,46,136.76,1665,136.757249
2023-01-18 12:40:00+00:00,136.73,136.76,136.73,52,136.75,3491,136.754085
2023-01-18 12:41:00+00:00,136.69,136.73,136.69,34,136.73,1259,136.705965
2023-01-18 12:42:00+00:00,136.7,136.7,136.69,34,136.69,1269,136.691805
2023-01-18 12:43:00+00:00,136.82,136.82,136.76,56,136.76,1773,136.786379
2023-01-18 12:44:00+00:00,136.86,136.86,136.81,60,136.81,6167,136.839118
2023-01-18 12:46:00+00:00,136.85,136.85,136.84,39,136.84,1495,136.845692
2023-01-18 12:47:00+00:00,136.859,136.859,136.85,37,136.85,1186,136.856197
2023-01-18 12:48:00+00:00,136.86,136.87,136.86,32,136.87,802,136.867693
2023-01-18 12:49:00+00:00,136.82,136.85,136.82,31,136.85,869,136.83832
2023-01-18 12:50:00+00:00,136.84,136.84,136.84,14,136.84,357,136.835602
2023-01-18 12:51:00+00:00,136.84,136.85,136.84,36,136.85,1332,136.848701
2023-01-18 12:53:00+00:00,136.8,136.84,136.8,71,136.84,3080,136.821679
2023-01-18 12:55:00+00:00,136.83,136.83,136.8,16,136.8,536,136.80806
2023-01-18 12:57:00+00:00,136.83,136.83,136.82,43,136.82,1424,136.831685
2023-01-18 12:58:00+00:00,136.88,136.88,136.84,38,136.84,893,136.867424
2023-01-18 12:59:00+00:00,136.88,136.88,136.88,28,136.88,1327,136.878448
2023-01-18 13:00:00+00:00,136.85,136.89,135.601,1302,136.5995,88353,136.677078
2023-01-18 13:01:00+00:00,136.75,136.82,135.65,435,136.27,13873,136.513581
2023-01-18 13:02:00+00:00,136.75,136.8,136.75,144,136.75,8773,136.760291
2023-01-18 13:03:00+00:00,136.78,136.78,136.75,62,136.75,8543,136.750006
2023-01-18 13:04:00+00:00,136.75,136.79,136.75,52,136.76,3369,136.754755
2023-01-18 13:05:00+00:00,136.71,136.74,136.71,35,136.74,1301,136.71855
2023-01-18 13:06:00+00:00,136.75,136.75,136.71,57,136.71,7090,136.742028
2023-01-18 13:07:00+00:00,136.69,136.73,136.69,91,136.73,4097,136.70834
2023-01-18 13:08:00+00:00,136.69,136.7,136.67,120,136.7,6423,136.699173
2023-01-18 13:09:00+00:00,136.68,136.71,136.68,63,136.68,6382,136.685297
2023-01-18 13:10:00+00:00,136.7,136.7,136.7,38,136.7,793,136.719066
2023-01-18 13:12:00+00:00,136.74,136.74,136.73,30,136.73,748,136.739268
2023-01-18 13:13:00+00:00,136.77,136.77,136.77,44,136.77,353,136.756865
2023-01-18 13:14:00+00:00,136.74,136.74,136.74,32,136.74,636,136.740697
2023-01-18 13:15:00+00:00,136.76,136.77,136.74,91,136.75,2695,136.750467
2023-01-18 13:16:00+00:00,136.78,136.78,136.75,69,136.76,5683,136.774291
2023-01-18 13:17:00+00:00,136.75,136.7735,136.74,46,136.74,939,136.751867
2023-01-18 13:18:00+00:00,136.74,136.76,136.74,43,136.76,796,136.748616
2023-01-18 13:19:00+00:00,136.76,136.78,136.75,81,136.78,2182,136.759154
2023-01-18 13:20:00+00:00,136.71,136.75,136.7,100,136.75,2695,136.712107
2023-01-18 13:21:00+00:00,136.71,136.72,136.69,49,136.692,1975,136.705185
2023-01-18 13:22:00+00:00,136.73,136.73,136.73,40,136.73,513,136.717473
2023-01-18 13:23:00+00:00,136.74,136.74,136.7215,39,136.7215,3508,136.738837
2023-01-18 13:24:00+00:00,136.68,136.72,136.68,125,136.72,4086,136.709741
2023-01-18 13:25:00+00:00,136.7019,136.72,136.68,66,136.69,5889,136.687314
2023-01-18 13:26:00+00:00,136.73,136.73,136.701,54,136.72,1225,136.72174
2023-01-18 13:27:00+00:00,136.77,136.77,136.74,86,136.74,9338,136.746714
2023-01-18 13:28:00+00:00,136.7,136.7961,136.46,361,136.7961,14211,136.642755
2023-01-18 13:29:00+00:00,136.7,136.75,136.7,65,136.75,3728,136.709799
2023-01-18 13:30:00+00:00,137.13,137.16,136.75,521,136.75,38835,136.968436
2023-01-18 13:31:00+00:00,137.1,137.2699,137.08,278,137.19,19769,137.162677
2023-01-18 13:32:00+00:00,137.03,137.2,136.93,378,137.1,31131,137.059512
2023-01-18 13:33:00+00:00,136.4307,137.06,136.3,525,137.06,26855,136.686424
2023-01-18 13:34:00+00:00,136.53,136.74,136.5,154,136.5,7947,136.609282
2023-01-18 13:35:00+00:00,136.7,136.7,136.66,122,136.67,18767,136.681254
2023-01-18 13:36:00+00:00,136.44,136.71,136.44,287,136.67,13128,136.58276
2023-01-18 13:37:00+00:00,136.4,136.53,136.37,246,136.43,17465,136.403729
2023-01-18 13:38:00+00:00,136.38,136.4,136.22,290,136.39,13942,136.332648
2023-01-18 13:39:00+00:00,136.45,136.45,136.34,164,136.35,11744,136.403208
2023-01-18 13:40:00+00:00,136.57,136.59,136.49,188,136.49,15133,136.550572
2023-01-18 13:41:00+00:00,136.45,136.64,136.44,178,136.58,16224,136.53126
2023-01-18 13:42:00+00:00,136.55,136.57,136.42,107,136.45,5394,136.500867
2023-01-18 13:43:00+00:00,136.5,136.51,136.49,186,136.51,14685,136.497287
2023-01-18 13:44:00+00:00,136.5,136.51,136.48,140,136.5,14179,136.494454
2023-01-18 13:45:00+00:00,136.72,136.72,136.51,159,136.54,16239,136.617399
2023-01-18 13:46:00+00:00,136.89,136.97,136.711,217,136.75,27543,136.806565
2023-01-18 13:47:00+00:00,136.8,136.88,136.77,133,136.88,13553,136.811968
2023-01-18 13:48:00+00:00,136.8598,136.9,136.8,92,136.84,4529,136.845394
2023-01-18 13:49:00+00:00,136.86,136.88,136.76,117,136.81,7589,136.825313
2023-01-18 13:50:00+00:00,136.89,136.9,136.8,112,136.83,11844,136.867052
2023-01-18 13:51:00+00:00,137.0,137.0,136.93,116,136.93,9802,136.963619
2023-01-18 13:52:00+00:00,136.96,136.99,136.87,121,136.99,10762,136.93811
2023-01-18 13:53:00+00:00,136.91,136.97,136.9,146,136.97,9684,136.923983
2023-01-18 13:54:00+00:00,136.99,136.99,136.91,150,136.91,9171,136.950392
2023-01-18 13:55:00+00:00,136.96,137.0,136.94,204,137.0,11346,136.972566
2023-01-18 13:56:00+00:00,136.86,136.9,136.84,149,136.9,4180,136.871687
2023-01-18 13:57:00+00:00,136.8,136.84,136.77,149,136.84,7564,136.808867
2023-01-18 13:58:00+00:00,136.8898,136.8898,136.8014,45,136.8014,2345,136.862997
2023-01-18 13:59:00+00:00,136.96,136.98,136.9,98,136.9,3742,136.932603
2023-01-18 14:00:00+00:00,136.85,136.92,136.85,106,136.92,4486,136.884859
2023-01-18 14:01:00+00:00,136.85,136.91,136.81,122,136.86,9091,136.856254
2023-01-18 14:02:00+00:00,136.89,136.89,136.85,51,136.87,3540,136.882263
2023-01-18 14:03:00+00:00,136.9,136.9,136.87,81,136.89,3606,136.88011
2023-01-18 14:04:00+00:00,137.07,137.08,136.9,201,136.9,14648,137.009004
2023-01-18 14:05:00+00:00,137.12,137.15,137.07,186,137.1,16084,137.124788
2023-01-18 14:06:00+00:00,137.17,137.19,137.13,139,137.13,8576,137.16346
2023-01-18 14:07:00+00:00,137.13,137.19,137.11,136,137.18,11461,137.15259
2023-01-18 14:08:00+00:00,137.11,137.13,137.08,127,137.13,5114,137.116174
2023-01-18 14:09:00+00:00,137.05,137.09,137.0,162,137.08,17313,137.043867
2023-01-18 14:10:00+00:00,136.8507,137.0571,136.8507,170,137.0045,11234,136.942096
2023-01-18 14:11:00+00:00,136.88,136.93,136.88,63,136.93,3068,136.893633
2023-01-18 14:12:00+00:00,136.96,136.96,136.87,94,136.885,10676,136.895342
2023-01-18 14:13:00+00:00,136.99,136.99,136.9003,105,136.9003,6948,136.977786
2023-01-18 14:14:00+00:00,137.0,137.0,136.9311,88,136.99,4208,136.973818
2023-01-18 14:15:00+00:00,137.0,137.0,136.92,146,136.96,6600,136.961033
2023-01-18 14:16:00+00:00,136.97,136.97,136.93,108,136.95,7029,136.949962
2023-01-18 14:17:00+00:00,136.92,136.97,136.92,117,136.97,4274,136.952448
2023-01-18 14:18:00+00:00,136.94,136.96,136.92,103,136.92,9658,136.939728
2023-01-18 14:19:00+00:00,137.06,137.09,136.94,160,136.96,10575,137.003696
2023-01-18 14:20:00+00:00,137.02,137.05,137.02,92,137.05,3635,137.029187
2023-01-18 14:21:00+00:00,137.09,137.09,137.02,78,137.02,4876,137.051157
2023-01-18 14:22:00+00:00,137.08,137.1,137.06,71,137.09,2884,137.076229
2023-01-18 14:23:00+00:00,137.0337,137.1,137.0337,213,137.1,20008,137.057927
2023-01-18 14:24:00+00:00,137.17,137.17,137.04,258,137.05,13261,137.109602
2023-01-18 14:25:00+00:00,137.04,137.139,137.0,256,137.09,21710,137.05513
2023-01-18 14:26:00+00:00,137.1395,137.1395,137.04,144,137.05,9584,137.079274
2023-01-18 14:27:00+00:00,136.99,137.11,136.88,336,137.06,32857,137.008943
2023-01-18 14:28:00+00:00,136.83,137.04,136.79,399,136.91,49504,136.893224
2023-01-18 14:29:00+00:00,136.82,136.94,136.82,156,136.9,17622,136.869691
2023-01-18 14:30:00+00:00,137.02,137.07,136.815,10393,136.82,1611930,136.873064
2023-01-18 14:31:00+00:00,137.2101,137.31,136.9,9565,137.0207,447110,137.124205
2023-01-18 14:32:00+00:00,136.935,137.4,136.92,9306,137.2363,393508,137.1602
2023-01-18 14:33:00+00:00,137.2099,137.39,136.91,7206,136.91,314010,137.240254
2023-01-18 14:34:00+00:00,137.315,137.42,137.11,2984,137.195,412149,137.248452
2023-01-18 14:35:00+00:00,137.52,137.57,137.18,3885,137.3015,539718,137.392323
2023-01-18 14:36:00+00:00,137.31,137.59,137.29,3111,137.52,405519,137.469076
2023-01-18 14:37:00+00:00,136.83,137.3201,136.68,4191,137.32,468564,136.949662
2023-01-18 14:38:00+00:00,136.89,137.09,136.82,2310,136.82,272086,136.984721
2023-01-18 14:39:00+00:00,137.13,137.2,136.845,2033,136.8899,240951,137.049812
2023-01-18 14:40:00+00:00,137.231,137.46,137.1611,3130,137.1614,396266,137.281301
2023-01-18 14:41:00+00:00,137.35,137.3591,137.23,1913,137.29,218379,137.284369
2023-01-18 14:42:00+00:00,137.445,137.51,137.23,2453,137.35,280337,137.392337
2023-01-18 14:43:00+00:00,137.355,137.56,137.35,2609,137.45,310444,137.459161
2023-01-18 14:44:00+00:00,137.1828,137.3563,136.94,3920,137.3516,399690,137.140281
2023-01-18 14:45:00+00:00,137.19,137.46,137.0,3794,137.17,368508,137.222329
2023-01-18 14:46:00+00:00,137.1366,137.28,137.12,2109,137.2,213219,137.201488
2023-01-18 14:47:00+00:00,137.2861,137.33,137.135,1770,137.14,173355,137.256141
2023-01-18 14:48:00+00:00,137.43,137.4399,137.18,2020,137.28,226104,137.329663
2023-01-18 14:49:00+00:00,137.55,137.6,137.37,2762,137.425,322705,137.489123
2023-01-18 14:50:00+00:00,137.71,137.73,137.53,3454,137.555,388394,137.630001
2023-01-18 14:51:00+00:00,137.77,137.83,137.66,2743,137.7075,284164,137.748757
2023-01-18 14:52:00+00:00,137.575,137.79,137.5101,2493,137.78,255135,137.639826
2023-01-18 14:53:00+00:00,137.595,137.63,137.44,2012,137.58,263923,137.558114
2023-01-18 14:54:00+00:00,137.55,137.63,137.53,2224,137.6,275205,137.572079
2023-01-18 14:55:00+00:00,137.55,137.575,137.41,2405,137.5585,305824,137.492354
2023-01-18 14:56:00+00:00,137.5364,137.58,137.41,1956,137.5586,231028,137.501223
2023-01-18 14:57:00+00:00,137.78,137.8,137.52,2577,137.54,288539,137.672509
2023-01-18 14:58:00+00:00,137.96,138.0,137.78,3452,137.78,398907,137.884719
2023-01-18 14:59:00+00:00,137.98,137.99,137.92,2338,137.96,289248,137.969593
2023-01-18 15:00:00+00:00,138.15,138.26,137.975,6812,137.98,801052,138.11848
2023-01-18 15:01:00+00:00,138.2201,138.24,138.02,2189,138.15,267734,138.133289
2023-01-18 15:02:00+00:00,138.14,138.25,138.06,1549,138.224,167359,138.158568
2023-01-18 15:03:00+00:00,138.1599,138.27,138.1,2251,138.15,271553,138.177678
2023-01-18 15:04:00+00:00,138.3593,138.38,138.1099,3226,138.1519,350403,138.30423
2023-01-18 15:05:00+00:00,138.49,138.53,138.369,3824,138.37,488713,138.46342
2023-01-18 15:06:00+00:00,138.414,138.61,138.37,2793,138.4988,294689,138.505781
2023-01-18 15:07:00+00:00,138.14,138.44,138.08,2721,138.4199,334288,138.256296
2023-01-18 15:08:00+00:00,138.2,138.23,138.05,2295,138.142,298271,138.149058
2023-01-18 15:09:00+00:00,137.99,138.245,137.95,2682,138.21,280931,138.055913
2023-01-18 15:10:00+00:00,138.03,138.08,137.93,2350,137.9996,247601,138.000619
2023-01-18 15:11:00+00:00,137.805,138.03,137.785,2395,138.03,251784,137.876805
2023-01-18 15:12:00+00:00,137.91,137.9451,137.8002,1498,137.805,169117,137.849989
2023-01-18 15:13:00+00:00,137.87,137.95,137.83,1541,137.9,159249,137.888484
2023-01-18 15:14:00+00:00,137.77,137.89,137.62,2242,137.88,267407,137.733049
2023-01-18 15:15:00+00:00,137.94,137.949,137.71,1896,137.7765,237694,137.855113
2023-01-18 15:16:00+00:00,137.82,137.945,137.805,1579,137.94,164950,137.868082
2023-01-18 15:17:00+00:00,137.84,137.92,137.8,1342,137.8276,127588,137.8633
2023-01-18 15:18:00+00:00,137.4247,137.841,137.4,2697,137.8407,338495,137.610096
2023-01-18 15:19:00+00:00,137.4503,137.46,137.21,2974,137.41,331418,137.348713
2023-01-18 15:20:00+00:00,137.5728,137.62,137.46,2086,137.46,192988,137.543314
2023-01-18 15:21:00+00:00,137.59,137.64,137.55,1524,137.5701,145252,137.589469
2023-01-18 15:22:00+00:00,137.69,137.82,137.52,2135,137.595,223460,137.691587
2023-01-18 15:23:00+00:00,137.7084,137.745,137.64,1344,137.725,157222,137.683225
2023-01-18 15:24:00+00:00,137.9099,137.96,137.6701,1740,137.705,227829,137.835631
2023-01-18 15:25:00+00:00,137.945,137.99,137.89,1627,137.9099,188510,137.934215
2023-01-18 15:26:00+00:00,137.91,137.98,137.81,1419,137.95,127848,137.890178
2023-01-18 15:27:00+00:00,137.93,137.9999,137.9,1514,137.9181,130962,137.947498
2023-01-18 15:28:00+00:00,138.0,138.01,137.905,1668,137.9388,143554,137.958021
2023-01-18 15:29:00+00:00,137.9819,138.0789,137.88,1680,137.985,209736,137.995584
2023-01-18 15:30:00+00:00,137.78,138.0,137.77,1416,137.99,142331,137.877346
2023-01-18 15:31:00+00:00,137.78,137.86,137.68,1412,137.78,164091,137.774998
2023-01-18 15:32:00+00:00,137.7648,137.82,137.71,1096,137.78,110642,137.765508
2023-01-18 15:33:00+00:00,137.562,137.79,137.55,2190,137.77,193396,137.690628
2023-01-18 15:34:00+00:00,137.75,137.79,137.57,1283,137.57,126169,137.713986
2023-01-18 15:35:00+00:00,137.68,137.805,137.57,1255,137.75,129073,137.701969
2023-01-18 15:36:00+00:00,137.6798,137.76,137.62,979,137.685,82347,137.697517
2023-01-18 15:37:00+00:00,137.4801,137.69,137.46,1410,137.67,148993,137.571373
2023-01-18 15:38:00+00:00,137.275,137.5201,137.255,1861,137.49,228309,137.400978
2023-01-18 15:39:00+00:00,137.275,137.305,137.14,1796,137.28,202759,137.239061
2023-01-18 15:40:00+00:00,137.3871,137.42,137.11,2604,137.28,292800,137.277915
2023-01-18 15:41:00+00:00,137.2624,137.39,137.2279,1531,137.39,151195,137.290168
2023-01-18 15:42:00+00:00,137.18,137.31,137.0801,1583,137.27,190757,137.198059
2023-01-18 15:43:00+00:00,137.02,137.1753,136.99,2610,137.1753,281674,137.037036
2023-01-18 15:44:00+00:00,136.9011,137.02,136.83,1925,137.01,237092,136.91093
2023-01-18 15:45:00+00:00,137.07,137.08,136.8815,1741,136.9,185331,137.011897
2023-01-18 15:46:00+00:00,136.8687,137.1081,136.85,1683,137.0789,144857,136.994175
2023-01-18 15:47:00+00:00,136.8778,136.949,136.81,1373,136.86,145329,136.864092
2023-01-18 15:48:00+00:00,136.98,137.03,136.83,1641,136.8799,153654,136.938847
2023-01-18 15:49:00+00:00,136.92,137.02,136.915,1434,136.975,149089,136.977997
2023-01-18 15:50:00+00:00,136.61,136.92,136.6,2242,136.91,194517,136.739891
2023-01-18 15:51:00+00:00,136.8373,136.89,136.55,1690,136.61,155116,136.711203
2023-01-18 15:52:00+00:00,136.9,136.94,136.8,1357,136.84,144916,136.876694
2023-01-18 15:53:00+00:00,136.975,136.9999,136.86,1217,136.905,141423,136.927985
2023-01-18 15:54:00+00:00,136.84,137.02,136.84,1255,136.975,122152,136.912057
2023-01-18 15:55:00+00:00,136.67,136.8498,136.63,1716,136.84,160823,136.763966
2023-01-18 15:56:00+00:00,136.6885,136.7182,136.5811,1477,136.66,159134,136.64943
2023-01-18 15:57:00+00:00,136.9301,136.99,136.652,1466,136.685,162850,136.82141
2023-01-18 15:58:00+00:00,137.058,137.07,136.92,1736,136.94,189532,137.002296
2023-01-18 15:59:00+00:00,137.055,137.07,137.01,1117,137.06,111871,137.045131
2023-01-18 16:00:00+00:00,137.2058,137.209,137.01,1521,137.05,137327,137.089854
2023-01-18 16:01:00+00:00,137.2728,137.3699,137.1801,2110,137.2019,217134,137.275321
2023-01-18 16:02:00+00:00,137.225,137.27,137.1538,1147,137.27,115307,137.200305
2023-01-18 16:03:00+00:00,137.175,137.27,137.17,995,137.2381,99106,137.221807
2023-01-18 16:04:00+00:00,137.12,137.18,137.0109,1381,137.175,149491,137.092631
2023-01-18 16:05:00+00:00,137.135,137.17,137.0222,990,137.12,112675,137.100556
2023-01-18 16:06:00+00:00,136.8199,137.19,136.8101,1774,137.15,185864,136.974033
2023-01-18 16:07:00+00:00,136.75,136.89,136.7101,1982,136.828,233425,136.786723
2023-01-18 16:08:00+00:00,136.75,136.7999,136.6688,994,136.745,106234,136.733911
2023-01-18 16:09:00+00:00,136.816,136.845,136.66,1146,136.74,101916,136.763114
2023-01-18 16:10:00+00:00,136.74,136.8599,136.64,1602,136.82,165818,136.756195
2023-01-18 16:11:00+00:00,136.67,136.76,136.63,1342,136.73,142554,136.707654
2023-01-18 16:12:00+00:00,136.76,136.7763,136.6301,1147,136.67,103532,136.70556
2023-01-18 16:13:00+00:00,136.915,136.97,136.76,1495,136.76,143834,136.871661
2023-01-18 16:14:00+00:00,136.94,136.98,136.895,1270,136.9199,129606,136.935849
2023-01-18 16:15:00+00:00,136.82,136.96,136.7501,1573,136.94,177260,136.866877
2023-01-18 16:16:00+00:00,136.96,136.98,136.82,1396,136.83,134922,136.916161
2023-01-18 16:17:00+00:00,136.815,136.9591,136.8089,1122,136.955,116729,136.861107
2023-01-18 16:18:00+00:00,136.78,136.8599,136.72,1170,136.8115,117130,136.788635
2023-01-18 16:19:00+00:00,136.78,136.8,136.68,1193,136.77,132804,136.742165
2023-01-18 16:20:00+00:00,136.62,136.78,136.56,1738,136.775,174788,136.659356
2023-01-18 16:21:00+00:00,136.54,136.62,136.4702,2103,136.62,194717,136.527682
2023-01-18 16:22:00+00:00,136.54,136.54,136.48,1672,136.5325,140327,136.501959
2023-01-18 16:23:00+00:00,136.4911,136.57,136.48,1019,136.55,99599,136.529581
2023-01-18 16:24:00+00:00,136.5583,136.59,136.47,1134,136.495,108832,136.530765
2023-01-18 16:25:00+00:00,136.5582,136.6,136.4,1811,136.56,208187,136.49294
2023-01-18 16:26:00+00:00,136.85,136.85,136.5586,2382,136.57,304667,136.712743
2023-01-18 16:27:00+00:00,136.8409,136.92,136.79,1518,136.84,161937,136.85771
2023-01-18 16:28:00+00:00,136.671,136.85,136.67,1123,136.84,123107,136.759463
2023-01-18 16:29:00+00:00,136.68,136.7453,136.66,904,136.69,104283,136.688137
2023-01-18 16:30:00+00:00,136.56,136.68,136.51,1517,136.68,174514,136.57926
2023-01-18 16:31:00+00:00,136.555,136.73,136.52,1826,136.5489,215722,136.623236
2023-01-18 16:32:00+00:00,136.3737,136.57,136.26,2454,136.56,275626,136.402142
2023-01-18 16:33:00+00:00,136.375,136.44,136.26,1658,136.38,202385,136.348444
2023-01-18 16:34:00+00:00,136.39,136.45,136.36,1273,136.375,161948,136.40337
2023-01-18 16:35:00+00:00,136.392,136.42,136.31,1418,136.3901,134184,136.360143
2023-01-18 16:36:00+00:00,136.4469,136.45,136.33,1062,136.38,101131,136.402854
2023-01-18 16:37:00+00:00,136.28,136.47,136.2,1728,136.44,175215,136.307001
2023-01-18 16:38:00+00:00,136.15,136.31,136.13,1209,136.2818,108253,136.22764
2023-01-18 16:39:00+00:00,136.1372,136.175,136.12,1015,136.14,125590,136.141561
2023-01-18 16:40:00+00:00,136.1317,136.18,136.09,1122,136.13,144034,136.124258
2023-01-18 16:41:00+00:00,136.13,136.235,136.11,1074,136.13,114086,136.168367
2023-01-18 16:42:00+00:00,136.03,136.135,136.01,1205,136.135,119126,136.055053
2023-01-18 16:43:00+00:00,135.97,136.04,135.91,3130,136.03,231394,135.979735
2023-01-18 16:44:00+00:00,135.98,136.0,135.9245,1118,135.96,96473,135.961933
2023-01-18 16:45:00+00:00,135.895,136.11,135.87,1696,135.9699,193547,135.993149
2023-01-18 16:46:00+00:00,135.88,135.9288,135.81,1475,135.885,157723,135.860381
2023-01-18 16:47:00+00:00,135.95,135.99,135.86,1030,135.88,102305,135.934208
2023-01-18 16:48:00+00:00,136.03,136.1,135.95,1208,135.9587,125339,136.03446
2023-01-18 16:49:00+00:00,136.1639,136.21,136.03,1116,136.045,119830,136.109226
2023-01-18 16:50:00+00:00,136.0781,136.17,136.06,1022,136.1689,119963,136.126112
2023-01-18 16:51:00+00:00,135.9401,136.09,135.9,1092,136.08,135403,135.987771
2023-01-18 16:52:00+00:00,135.895,135.9899,135.8528,1204,135.94,101871,135.900852
2023-01-18 16:53:00+00:00,135.86,135.93,135.8,844,135.895,87691,135.862512
2023-01-18 16:54:00+00:00,135.95,135.96,135.84,955,135.865,128526,135.90748
2023-01-18 16:55:00+00:00,135.901,136.07,135.901,1414,135.9509,130406,136.001562
2023-01-18 16:56:00+00:00,135.99,136.0,135.9023,847,135.9047,91862,135.964732
2023-01-18 16:57:00+00:00,136.01,136.03,135.93,973,135.995,74812,135.989696
2023-01-18 16:58:00+00:00,136.0984,136.102,135.98,1107,136.01,119859,136.040709
2023-01-18 16:59:00+00:00,136.1559,136.19,136.0701,1246,136.095,173062,136.13282
2023-01-18 17:00:00+00:00,136.055,136.2799,136.03,1495,136.1578,210134,136.170793
2023-01-18 17:01:00+00:00,136.0589,136.09,136.02,699,136.05,96426,136.056014
2023-01-18 17:02:00+00:00,136.02,136.135,136.0,984,136.055,106863,136.045661
2023-01-18 17:03:00+00:00,135.83,136.0212,135.83,1110,136.015,103405,135.917952
2023-01-18 17:04:00+00:00,135.6272,135.8401,135.61,2046,135.83,212502,135.73633
2023-01-18 17:05:00+00:00,135.715,135.79,135.59,1649,135.625,192094,135.686668
2023-01-18 17:06:00+00:00,135.66,135.7299,135.6399,1057,135.71,88902,135.679614
2023-01-18 17:07:00+00:00,135.502,135.659,135.46,1924,135.659,183887,135.532489
2023-01-18 17:08:00+00:00,135.52,135.5763,135.46,1023,135.51,121915,135.516396
2023-01-18 17:09:00+00:00,135.59,135.65,135.5299,893,135.5299,107808,135.593607
2023-01-18 17:10:00+00:00,135.53,135.61,135.53,762,135.6,73738,135.570403
2023-01-18 17:11:00+00:00,135.6216,135.63,135.53,845,135.53,73195,135.564392
2023-01-18 17:12:00+00:00,135.73,135.76,135.57,981,135.62,96947,135.672441
2023-01-18 17:13:00+00:00,135.7386,135.75,135.7,892,135.74,78615,135.721326
2023-01-18 17:14:00+00:00,135.93,135.95,135.715,1390,135.735,179777,135.84429
2023-01-18 17:15:00+00:00,135.875,135.9399,135.831,1286,135.9399,150832,135.895366
2023-01-18 17:16:00+00:00,136.05,136.09,135.8,1398,135.875,178894,135.951467
2023-01-18 17:17:00+00:00,135.95,136.125,135.9,1104,136.0582,154997,136.03004
2023-01-18 17:18:00+00:00,135.96,135.98,135.84,849,135.9586,114451,135.910814
2023-01-18 17:19:00+00:00,135.77,135.97,135.72,790,135.95,94864,135.824496
2023-01-18 17:20:00+00:00,135.64,135.83,135.64,957,135.765,109766,135.714929
2023-01-18 17:21:00+00:00,135.63,135.66,135.54,971,135.6499,139972,135.605805
2023-01-18 17:22:00+00:00,135.7914,135.835,135.61,861,135.6237,104328,135.723555
2023-01-18 17:23:00+00:00,135.731,135.8,135.68,713,135.8,70820,135.740116
2023-01-18 17:24:00+00:00,135.7285,135.79,135.66,724,135.74,66334,135.723803
2023-01-18 17:25:00+00:00,135.665,135.7899,135.64,670,135.7227,57197,135.698816
2023-01-18 17:26:00+00:00,135.5,135.67,135.44,1830,135.66,179428,135.554676
2023-01-18 17:27:00+00:00,135.6,135.605,135.495,861,135.5,82598,135.543417
2023-01-18 17:28:00+00:00,135.54,135.63,135.53,966,135.5901,94390,135.578588
2023-01-18 17:29:00+00:00,135.583,135.7,135.545,860,135.55,94762,135.622229
2023-01-18 17:30:00+00:00,135.5716,135.6,135.47,808,135.58,90808,135.543241
2023-01-18 17:31:00+00:00,135.51,135.57,135.44,781,135.57,72211,135.491904
2023-01-18 17:32:00+00:00,135.445,135.59,135.42,1527,135.505,154049,135.506565
2023-01-18 17:33:00+00:00,135.515,135.55,135.4209,740,135.445,90023,135.483199
2023-01-18 17:34:00+00:00,135.55,135.61,135.51,814,135.51,108001,135.564163
2023-01-18 17:35:00+00:00,135.64,135.675,135.55,773,135.55,81142,135.612902
2023-01-18 17:36:00+00:00,135.61,135.6399,135.57,673,135.63,63963,135.594766
2023-01-18 17:37:00+00:00,135.7799,135.82,135.59,1364,135.6,143230,135.738176
2023-01-18 17:38:00+00:00,135.77,135.825,135.74,784,135.765,95253,135.774322
2023-01-18 17:39:00+00:00,135.682,135.7699,135.68,617,135.759,50839,135.743668
2023-01-18 17:40:00+00:00,135.705,135.74,135.6801,680,135.685,68049,135.7104
2023-01-18 17:41:00+00:00,135.6501,135.73,135.65,633,135.705,57424,135.707731
2023-01-18 17:42:00+00:00,135.795,135.7953,135.62,807,135.652,94211,135.738916
2023-01-18 17:43:00+00:00,135.6899,135.7971,135.66,624,135.79,55098,135.717437
2023-01-18 17:44:00+00:00,135.6,135.6882,135.58,722,135.68,72762,135.619078
2023-01-18 17:45:00+00:00,135.595,135.66,135.57,981,135.59,94867,135.611256
2023-01-18 17:46:00+00:00,135.57,135.64,135.56,675,135.59,80869,135.599269
2023-01-18 17:47:00+00:00,135.57,135.62,135.56,646,135.575,63005,135.575949
2023-01-18 17:48:00+00:00,135.64,135.6674,135.56,768,135.575,103785,135.614067
2023-01-18 17:49:00+00:00,135.6975,135.7194,135.63,791,135.6385,101837,135.669397
2023-01-18 17:50:00+00:00,135.68,135.745,135.625,959,135.69,92974,135.696143
2023-01-18 17:51:00+00:00,135.74,135.7886,135.678,768,135.678,76771,135.744977
2023-01-18 17:52:00+00:00,135.605,135.75,135.55,850,135.75,83907,135.645103
2023-01-18 17:53:00+00:00,135.56,135.645,135.55,642,135.61,61579,135.591896
2023-01-18 17:54:00+00:00,135.63,135.6799,135.57,648,135.57,72516,135.626726
2023-01-18 17:55:00+00:00,135.63,135.6599,135.58,733,135.64,107299,135.613215
2023-01-18 17:56:00+00:00,135.75,135.7699,135.62,843,135.63,77690,135.691343
2023-01-18 17:57:00+00:00,135.77,135.81,135.72,1017,135.7517,115631,135.767124
2023-01-18 17:58:00+00:00,135.6385,135.76,135.62,687,135.76,61829,135.690786
2023-01-18 17:59:00+00:00,135.7,135.7,135.63,669,135.635,49218,135.65362
2023-01-18 18:00:00+00:00,135.725,135.7701,135.67,841,135.7,79288,135.730728
2023-01-18 18:01:00+00:00,135.9201,135.96,135.71,2085,135.73,171843,135.841951
2023-01-18 18:02:00+00:00,135.8,135.945,135.75,1322,135.94,100508,135.834279
2023-01-18 18:03:00+00:00,135.7019,135.795,135.68,933,135.79,76762,135.733468
2023-01-18 18:04:00+00:00,135.64,135.74,135.61,1311,135.712,147177,135.669257
2023-01-18 18:05:00+00:00,135.69,135.705,135.6388,632,135.65,65338,135.661254
2023-01-18 18:06:00+00:00,135.58,135.69,135.5189,1468,135.685,146537,135.61144
2023-01-18 18:07:00+00:00,135.56,135.71,135.545,1187,135.5909,120595,135.646264
2023-01-18 18:08:00+00:00,135.54,135.5842,135.49,1185,135.565,94076,135.534599
2023-01-18 18:09:00+00:00,135.52,135.6,135.5,848,135.555,67436,135.546256
2023-01-18 18:10:00+00:00,135.525,135.6325,135.5,1034,135.5101,109943,135.56988
2023-01-18 18:11:00+00:00,135.52,135.65,135.51,951,135.53,101067,135.560755
2023-01-18 18:12:00+00:00,135.545,135.565,135.52,629,135.53,51055,135.539177
2023-01-18 18:13:00+00:00,135.4599,135.53,135.44,911,135.53,77691,135.489263
2023-01-18 18:14:00+00:00,135.45,135.52,135.36,1600,135.452,144768,135.435091
2023-01-18 18:15:00+00:00,135.425,135.5,135.4,985,135.45,82626,135.443478
2023-01-18 18:16:00+00:00,135.4759,135.4759,135.38,860,135.425,86607,135.434994
2023-01-18 18:17:00+00:00,135.415,135.52,135.4,762,135.48,55573,135.464122
2023-01-18 18:18:00+00:00,135.43,135.44,135.4,712,135.415,67853,135.414451
2023-01-18 18:19:00+00:00,135.42,135.51,135.39,897,135.43,70032,135.440926
2023-01-18 18:20:00+00:00,135.4686,135.49,135.33,1065,135.41,101209,135.395232
2023-01-18 18:21:00+00:00,135.5073,135.57,135.44,917,135.4668,98712,135.494094
2023-01-18 18:22:00+00:00,135.4401,135.52,135.44,583,135.5,54512,135.480096
2023-01-18 18:23:00+00:00,135.55,135.5589,135.44,518,135.444,57635,135.500802
2023-01-18 18:24:00+00:00,135.5,135.59,135.5,578,135.5415,61353,135.54422
2023-01-18 18:25:00+00:00,135.57,135.58,135.47,625,135.5,74880,135.539332
2023-01-18 18:26:00+00:00,135.67,135.689,135.55,1008,135.57,161592,135.626474
2023-01-18 18:27:00+00:00,135.6182,135.72,135.59,978,135.67,126651,135.658746
2023-01-18 18:28:00+00:00,135.7399,135.7596,135.615,675,135.62,64808,135.704106
2023-01-18 18:29:00+00:00,135.72,135.74,135.68,666,135.72,91120,135.710542
2023-01-18 18:30:00+00:00,135.67,135.73,135.655,822,135.73,62649,135.68458
2023-01-18 18:31:00+00:00,135.74,135.77,135.6699,677,135.67,73859,135.725712
2023-01-18 18:32:00+00:00,135.7164,135.77,135.68,686,135.74,72022,135.737108
2023-01-18 18:33:00+00:00,135.68,135.744,135.65,645,135.72,70973,135.697069
2023-01-18 18:34:00+00:00,135.5494,135.69,135.53,938,135.68,114826,135.597547
2023-01-18 18:35:00+00:00,135.51,135.58,135.48,760,135.56,71985,135.506968
2023-01-18 18:36:00+00:00,135.478,135.55,135.478,605,135.5082,58834,135.515648
2023-01-18 18:37:00+00:00,135.52,135.54,135.42,948,135.47,78427,135.472131
2023-01-18 18:38:00+00:00,135.4917,135.58,135.48,686,135.52,77172,135.533057
2023-01-18 18:39:00+00:00,135.4201,135.4976,135.38,862,135.495,89800,135.431704
2023-01-18 18:40:00+00:00,135.46,135.51,135.42,706,135.42,78599,135.471432
2023-01-18 18:41:00+00:00,135.5256,135.54,135.45,692,135.46,96898,135.502327
2023-01-18 18:42:00+00:00,135.5173,135.63,135.5,917,135.53,104929,135.555708
2023-01-18 18:43:00+00:00,135.5508,135.5508,135.47,598,135.52,59360,135.504571
2023-01-18 18:44:00+00:00,135.685,135.7,135.53,1024,135.5599,140465,135.625736
2023-01-18 18:45:00+00:00,135.8,135.8401,135.66,1253,135.68,159689,135.770172
2023-01-18 18:46:00+00:00,135.8774,135.905,135.8,825,135.8,105650,135.872233
2023-01-18 18:47:00+00:00,135.745,135.91,135.7338,1126,135.875,125583,135.809876
2023-01-18 18:48:00+00:00,135.775,135.81,135.705,697,135.75,67650,135.74725
2023-01-18 18:49:00+00:00,135.7776,135.845,135.74,663,135.77,92145,135.802923
2023-01-18 18:50:00+00:00,136.055,136.055,135.77,1477,135.7744,194152,135.955176
2023-01-18 18:51:00+00:00,136.0311,136.1099,135.95,1285,136.05,164478,136.041546
2023-01-18 18:52:00+00:00,136.2012,136.2016,136.0301,1299,136.035,155714,136.155579
2023-01-18 18:53:00+00:00,136.18,136.2011,136.06,1011,136.2011,106111,136.11742
2023-01-18 18:54:00+00:00,136.1701,136.215,136.1,1052,136.185,137246,136.169941
2023-01-18 18:55:00+00:00,136.2399,136.2399,136.12,1193,136.18,140228,136.172835
2023-01-18 18:56:00+00:00,136.06,136.27,136.0501,1084,136.235,142269,136.151124
2023-01-18 18:57:00+00:00,136.0354,136.105,136.01,897,136.0617,113398,136.062868
2023-01-18 18:58:00+00:00,136.0,136.07,136.0,722,136.0437,68513,136.027382
2023-01-18 18:59:00+00:00,136.06,136.13,135.97,1000,136.016,122489,136.065626
2023-01-18 19:00:00+00:00,135.9442,136.085,135.93,941,136.07,130390,135.99251
2023-01-18 19:01:00+00:00,135.8809,135.945,135.84,990,135.94,134424,135.885446
2023-01-18 19:02:00+00:00,135.82,135.95,135.78,1086,135.885,116048,135.860396
2023-01-18 19:03:00+00:00,135.885,135.95,135.76,813,135.8287,110933,135.937528
2023-01-18 19:04:00+00:00,135.8891,135.91,135.85,582,135.89,44528,135.881154
2023-01-18 19:05:00+00:00,135.81,135.925,135.75,911,135.8887,89826,135.818347
2023-01-18 19:06:00+00:00,135.7199,135.81,135.7195,711,135.8,79455,135.756468
2023-01-18 19:07:00+00:00,135.7225,135.74,135.67,879,135.72,79829,135.706668
2023-01-18 19:08:00+00:00,135.91,135.9126,135.72,701,135.725,86321,135.827639
2023-01-18 19:09:00+00:00,135.86,135.9699,135.84,778,135.91,85359,135.919212
2023-01-18 19:10:00+00:00,135.975,136.0,135.8549,754,135.865,86043,135.954021
2023-01-18 19:11:00+00:00,135.94,136.0101,135.925,543,135.97,54463,135.976304
2023-01-18 19:12:00+00:00,135.89,135.945,135.86,550,135.945,47404,135.908326
2023-01-18 19:13:00+00:00,135.965,135.97,135.86,584,135.89,62403,135.912982
2023-01-18 19:14:00+00:00,135.9361,135.97,135.9,598,135.9554,57874,135.932362
2023-01-18 19:15:00+00:00,135.9,135.965,135.89,650,135.9242,46991,135.934226
2023-01-18 19:16:00+00:00,135.82,135.89,135.82,530,135.89,52457,135.860631
2023-01-18 19:17:00+00:00,135.715,135.8493,135.71,890,135.83,83576,135.799747
2023-01-18 19:18:00+00:00,135.715,135.755,135.65,935,135.712,96809,135.728243
2023-01-18 19:19:00+00:00,135.761,135.775,135.71,584,135.715,113581,135.808084
2023-01-18 19:20:00+00:00,135.8432,135.87,135.77,654,135.77,67502,135.823217
2023-01-18 19:21:00+00:00,135.76,135.855,135.76,567,135.849,47852,135.811147
2023-01-18 19:22:00+00:00,135.83,135.85,135.7,768,135.77,100436,135.781094
2023-01-18 19:23:00+00:00,135.77,135.885,135.75,697,135.8201,71544,135.816015
2023-01-18 19:24:00+00:00,135.815,135.82,135.72,464,135.77,50603,135.773252
2023-01-18 19:25:00+00:00,135.84,135.87,135.79,598,135.82,69744,135.827145
2023-01-18 19:26:00+00:00,135.84,135.92,135.82,899,135.8318,109605,135.870087
2023-01-18 19:27:00+00:00,135.97,136.0,135.842,891,135.845,113331,135.932022
2023-01-18 19:28:00+00:00,136.06,136.0873,135.95,965,135.97,104986,136.020791
2023-01-18 19:29:00+00:00,136.07,136.11,136.03,662,136.065,93217,136.060792
2023-01-18 19:30:00+00:00,136.1357,136.16,136.0507,957,136.06,140484,136.119528
2023-01-18 19:31:00+00:00,136.095,136.14,136.05,625,136.14,105658,135.984532
2023-01-18 19:32:00+00:00,136.07,136.125,136.04,836,136.0966,95263,136.081808
2023-01-18 19:33:00+00:00,136.0686,136.13,136.0545,695,136.065,78829,136.094761
2023-01-18 19:34:00+00:00,136.0793,136.095,136.05,873,136.065,75958,136.076551
2023-01-18 19:35:00+00:00,135.9644,136.0925,135.94,1197,136.075,109515,136.014081
2023-01-18 19:36:00+00:00,135.9301,135.965,135.87,995,135.96,104878,135.916542
2023-01-18 19:37:00+00:00,136.055,136.1,135.9201,910,135.93,94805,136.040026
2023-01-18 19:38:00+00:00,135.96,136.0699,135.95,688,136.06,65337,136.011583
2023-01-18 19:39:00+00:00,135.945,135.96,135.9,572,135.96,61582,135.940379
2023-01-18 19:40:00+00:00,135.932,135.99,135.93,543,135.9486,51186,135.956685
2023-01-18 19:41:00+00:00,135.91,135.955,135.9,626,135.94,57469,135.926811
2023-01-18 19:42:00+00:00,135.92,135.9699,135.86,741,135.92,70695,135.906301
2023-01-18 19:43:00+00:00,135.98,136.0,135.8794,701,135.91,72777,135.949988
2023-01-18 19:44:00+00:00,135.965,136.0,135.945,722,135.97,68830,135.968683
2023-01-18 19:45:00+00:00,135.939,136.0341,135.93,939,135.96,87846,135.974867
2023-01-18 19:46:00+00:00,135.959,135.98,135.9,706,135.93,82132,135.937787
2023-01-18 19:47:00+00:00,135.897,135.97,135.88,804,135.9528,71624,135.910526
2023-01-18 19:48:00+00:00,135.855,135.97,135.845,680,135.895,68394,135.922971
2023-01-18 19:49:00+00:00,135.7958,135.8595,135.78,776,135.8595,90281,135.817658
2023-01-18 19:50:00+00:00,135.7801,135.85,135.78,693,135.805,67283,135.810748
2023-01-18 19:51:00+00:00,135.7901,135.83,135.75,722,135.78,57140,135.794044
2023-01-18 19:52:00+00:00,135.7731,135.7918,135.72,766,135.7918,70520,135.752073
2023-01-18 19:53:00+00:00,135.835,135.84,135.75,517,135.775,47081,135.795355
2023-01-18 19:54:00+00:00,135.83,135.8677,135.81,710,135.835,62138,135.842055
2023-01-18 19:55:00+00:00,135.85,135.8599,135.7701,856,135.8262,97105,135.811803
2023-01-18 19:56:00+00:00,135.8,135.85,135.76,794,135.84,81706,135.802031
2023-01-18 19:57:00+00:00,135.789,135.87,135.77,818,135.81,90133,135.816977
2023-01-18 19:58:00+00:00,135.81,135.83,135.77,658,135.79,57015,135.801909
2023-01-18 19:59:00+00:00,135.805,135.83,135.77,603,135.8,59507,135.797592
2023-01-18 20:00:00+00:00,135.75,135.8,135.68,1280,135.8,139740,135.741364
2023-01-18 20:01:00+00:00,135.7,135.7873,135.675,740,135.75,72193,135.722246
2023-01-18 20:02:00+00:00,135.78,135.795,135.71,614,135.71,102869,135.75444
2023-01-18 20:03:00+00:00,135.74,135.835,135.69,824,135.78,89553,135.775502
2023-01-18 20:04:00+00:00,135.75,135.81,135.7,720,135.7352,84975,135.742991
2023-01-18 20:05:00+00:00,135.73,135.785,135.705,595,135.7478,50945,135.744393
2023-01-18 20:06:00+00:00,135.76,135.77,135.68,789,135.715,91166,135.724232
2023-01-18 20:07:00+00:00,135.805,135.835,135.75,617,135.76,79820,135.800387
2023-01-18 20:08:00+00:00,135.84,135.8446,135.76,696,135.81,68860,135.80219
2023-01-18 20:09:00+00:00,135.785,135.85,135.76,921,135.835,347441,135.819976
2023-01-18 20:10:00+00:00,135.89,136.0,135.75,1369,135.78,137239,135.880972
2023-01-18 20:11:00+00:00,135.995,136.11,135.89,1718,135.89,200643,136.022528
2023-01-18 20:12:00+00:00,135.97,136.06,135.97,718,135.99,84447,136.027168
2023-01-18 20:13:00+00:00,135.93,136.01,135.92,800,135.975,72130,135.981159
2023-01-18 20:14:00+00:00,135.89,135.935,135.76,1104,135.925,136766,135.84814
2023-01-18 20:15:00+00:00,135.86,136.03,135.82,1313,135.885,421024,135.871087
2023-01-18 20:16:00+00:00,135.75,135.86,135.7,1438,135.85,158884,135.782796
2023-01-18 20:17:00+00:00,135.675,135.79,135.64,1008,135.755,107607,135.715168
2023-01-18 20:18:00+00:00,135.74,135.75,135.65,784,135.67,77453,135.710465
2023-01-18 20:19:00+00:00,135.75,135.79,135.68,1099,135.74,92585,135.755739
2023-01-18 20:20:00+00:00,135.7735,135.78,135.72,828,135.7401,63839,135.75243
2023-01-18 20:21:00+00:00,135.7077,135.795,135.69,790,135.78,87217,135.743395
2023-01-18 20:22:00+00:00,135.7799,135.795,135.685,798,135.7,71593,135.746932
2023-01-18 20:23:00+00:00,135.805,135.8101,135.762,717,135.775,68316,135.795767
2023-01-18 20:24:00+00:00,135.766,135.82,135.725,775,135.795,69158,135.770673
2023-01-18 20:25:00+00:00,135.7327,135.775,135.71,789,135.7699,70429,135.736539
2023-01-18 20:26:00+00:00,135.745,135.78,135.72,570,135.74,55807,135.754933
2023-01-18 20:27:00+00:00,135.8,135.8,135.7,848,135.75,76764,135.745842
2023-01-18 20:28:00+00:00,135.7373,135.855,135.73,1294,135.805,147810,135.819287
2023-01-18 20:29:00+00:00,135.7615,135.795,135.69,1029,135.74,119574,135.750478
2023-01-18 20:30:00+00:00,135.7874,135.79,135.7101,1011,135.76,87015,135.746649
2023-01-18 20:31:00+00:00,135.72,135.82,135.69,1345,135.78,119790,135.750726
2023-01-18 20:32:00+00:00,135.6107,135.76,135.58,1982,135.7271,226951,135.665215
2023-01-18 20:33:00+00:00,135.6,135.64,135.57,1064,135.61,95650,135.595561
2023-01-18 20:34:00+00:00,135.5662,135.62,135.56,686,135.61,54634,135.579854
2023-01-18 20:35:00+00:00,135.61,135.65,135.53,1156,135.57,113598,135.589973
2023-01-18 20:36:00+00:00,135.61,135.64,135.57,1324,135.61,96869,135.605187
2023-01-18 20:37:00+00:00,135.58,135.64,135.58,1018,135.61,82076,135.615935
2023-01-18 20:38:00+00:00,135.58,135.59,135.52,1355,135.58,112536,135.56069
2023-01-18 20:39:00+00:00,135.51,135.62,135.51,1192,135.575,107010,135.559849
2023-01-18 20:40:00+00:00,135.4201,135.5304,135.42,1817,135.52,156615,135.480276
2023-01-18 20:41:00+00:00,135.431,135.495,135.42,1320,135.4201,114179,135.463152
2023-01-18 20:42:00+00:00,135.43,135.4599,135.36,1854,135.43,178636,135.414554
2023-01-18 20:43:00+00:00,135.3999,135.47,135.375,1075,135.435,88301,135.410427
2023-01-18 20:44:00+00:00,135.445,135.52,135.38,1477,135.395,146381,135.455126
2023-01-18 20:45:00+00:00,135.47,135.55,135.41,1559,135.45,139997,135.496149
2023-01-18 20:46:00+00:00,135.29,135.52,135.29,2024,135.48,222576,135.425168
2023-01-18 20:47:00+00:00,135.305,135.37,135.23,1995,135.295,172446,135.293978
2023-01-18 20:48:00+00:00,135.28,135.33,135.23,1650,135.31,147379,135.278161
2023-01-18 20:49:00+00:00,135.28,135.3199,135.23,1333,135.285,122861,135.276969
2023-01-18 20:50:00+00:00,135.3379,135.42,135.11,4917,135.28,548467,135.257695
2023-01-18 20:51:00+00:00,135.342,135.38,135.265,1703,135.33,165089,135.325949
2023-01-18 20:52:00+00:00,135.33,135.43,135.32,1837,135.35,206110,135.366815
2023-01-18 20:53:00+00:00,135.23,135.345,135.21,2126,135.34,207751,135.274737
2023-01-18 20:54:00+00:00,135.21,135.285,135.17,2824,135.22,263277,135.228288
2023-01-18 20:55:00+00:00,135.18,135.29,135.18,3190,135.21,309839,135.235047
2023-01-18 20:56:00+00:00,135.12,135.22,135.09,3055,135.185,281985,135.163695
2023-01-18 20:57:00+00:00,135.11,135.19,135.05,2799,135.12,307633,135.119747
2023-01-18 20:58:00+00:00,135.07,135.16,135.06,3331,135.12,358900,135.108844
2023-01-18 20:59:00+00:00,135.2,135.22,135.03,6673,135.065,896289,135.121264
2023-01-18 21:00:00+00:00,135.08,135.25,135.05,212,135.2,15216842,135.209852
2023-01-18 21:01:00+00:00,135.01,135.21,135.0,219,135.15,585503,135.206902
2023-01-18 21:02:00+00:00,135.02,135.07,135.01,79,135.01,10609,135.039801
2023-01-18 21:03:00+00:00,135.04,135.05,135.0,504,135.04,20766,135.011499
2023-01-18 21:04:00+00:00,135.03,135.07,135.02,85,135.04,9460,135.045267
2023-01-18 21:05:00+00:00,135.01,135.03,135.0,79,135.01,7631,135.013139
2023-01-18 21:06:00+00:00,135.0,135.21,135.0,68,135.03,18298,135.158077
2023-01-18 21:07:00+00:00,134.96,135.21,134.96,96,135.0,46481,135.173321
2023-01-18 21:08:00+00:00,134.98,135.21,134.97,64,134.98,42956,135.186478
2023-01-18 21:09:00+00:00,135.0,135.02,134.98,46,134.98,5527,135.054286
2023-01-18 21:10:00+00:00,135.0,135.03,134.95,94,135.03,6513,135.00298
2023-01-18 21:11:00+00:00,134.98,135.03,134.91,73,135.03,4561,134.960036
2023-01-18 21:12:00+00:00,134.97,134.97,134.97,32,134.97,916,134.967533
2023-01-18 21:13:00+00:00,134.97,134.98,134.97,28,134.98,540,134.971546
2023-01-18 21:14:00+00:00,134.95,134.98,134.94,60,134.98,2445,134.950588
2023-01-18 21:15:00+00:00,134.92,135.21,134.9,70,135.21,4875,134.984646
2023-01-18 21:16:00+00:00,134.92,134.96,134.9,77,134.94,4501,134.913727
2023-01-18 21:17:00+00:00,134.94,134.97,134.91,53,134.91,4126,134.941091
2023-01-18 21:18:00+00:00,134.96,134.97,134.94,42,134.94,6402,134.945349
2023-01-18 21:19:00+00:00,134.95,134.98,134.94,57,134.97,3584,134.956719
2023-01-18 21:20:00+00:00,134.94,134.94,134.94,34,134.94,608,134.941021
2023-01-18 21:21:00+00:00,134.94,134.96,134.94,18,134.96,1658,134.958274
2023-01-18 21:22:00+00:00,134.93,134.94,134.93,31,134.94,1420,134.939602
2023-01-18 21:23:00+00:00,134.94,134.94,134.91,56,134.94,7044,134.93278
2023-01-18 21:24:00+00:00,134.92,134.99,134.91,88,134.94,4700,134.951239
2023-01-18 21:25:00+00:00,134.9599,134.96,134.92,34,134.92,2136,134.946341
2023-01-18 21:26:00+00:00,134.98,134.99,134.94,64,134.95,5569,134.969856
2023-01-18 21:27:00+00:00,134.9,134.99,134.9,50,134.98,12165,134.969829
2023-01-18 21:28:00+00:00,134.99,135.0,134.92,54,134.92,4500,134.977557
2023-01-18 21:29:00+00:00,134.95,134.95,134.94,25,134.9436,591,134.947301
2023-01-18 21:30:00+00:00,134.96,134.97,134.9501,24,134.97,1332,134.961874
2023-01-18 21:31:00+00:00,135.1,135.1,134.95,107,134.95,13218,135.021193
2023-01-18 21:32:00+00:00,134.98,135.09,134.98,69,135.05,3291,135.027356
2023-01-18 21:33:00+00:00,135.06,135.09,135.02,36,135.02,1941,135.025896
2023-01-18 21:34:00+00:00,135.18,135.18,135.07,35,135.07,1758,135.119451
2023-01-18 21:35:00+00:00,135.13,135.13,135.11,26,135.11,1272,135.115999
2023-01-18 21:36:00+00:00,135.1,135.12,135.1,27,135.12,1452,135.102855
2023-01-18 21:37:00+00:00,135.21,135.21,135.1,12,135.1,3614,135.194361
2023-01-18 21:38:00+00:00,135.0,135.1,135.0,50,135.1,2551,135.049455
2023-01-18 21:39:00+00:00,135.08,135.08,135.08,21,135.08,721,135.074131
2023-01-18 21:40:00+00:00,135.14,135.17,135.11,42,135.11,1819,135.143782
2023-01-18 21:41:00+00:00,135.1656,135.1656,135.13,18,135.13,1283,135.136078
2023-01-18 21:42:00+00:00,135.12,135.14,135.12,32,135.13,1025,135.128663
2023-01-18 21:43:00+00:00,135.12,135.12,135.11,18,135.11,473,135.120042
2023-01-18 21:44:00+00:00,135.12,135.15,135.11,59,135.12,4003,135.124539
2023-01-18 21:45:00+00:00,135.07,135.07,135.07,16,135.07,150,135.067923
2023-01-18 21:46:00+00:00,135.05,135.05,135.05,16,135.05,332,135.053629
2023-01-18 21:47:00+00:00,135.01,135.05,135.01,53,135.05,3235,135.030383
2023-01-18 21:48:00+00:00,135.02,135.03,134.99,49,135.02,4120,135.002834
2023-01-18 21:49:00+00:00,134.98,134.99,134.96,31,134.96,846,134.982085
2023-01-18 21:50:00+00:00,134.97,134.97,134.97,15,134.97,265,134.966132
2023-01-18 21:51:00+00:00,135.21,135.21,134.95,32,134.97,499386,135.20935
2023-01-18 21:52:00+00:00,135.0,135.03,135.0,38,135.01,1272,135.008186
2023-01-18 21:53:00+00:00,135.012,135.09,135.004,201,135.004,2304,135.031115
2023-01-18 21:55:00+00:00,135.12,135.13,135.08,44,135.08,2110,135.100647
2023-01-18 21:56:00+00:00,135.0802,135.12,135.0802,30,135.1,1927,135.107268
2023-01-18 21:57:00+00:00,135.07,135.13,135.06,50,135.08,2164,134.986878
2023-01-18 21:58:00+00:00,135.11,135.11,135.11,17,135.11,338,135.114734
2023-01-18 21:59:00+00:00,135.05,135.1,134.96,65,135.1,132792,135.203969
2023-01-18 22:00:00+00:00,135.03,135.07,135.03,16,135.05,1564,135.048086
2023-01-18 22:01:00+00:00,135.07,135.07,135.07,9,135.07,532,135.06844
2023-01-18 22:02:00+00:00,135.06,135.06,135.04,15,135.04,305,135.053282
2023-01-18 22:04:00+00:00,135.01,135.01,135.01,33,135.01,340,135.012794
2023-01-18 22:09:00+00:00,135.02,135.03,135.0,33,135.0,3529,135.011587
2023-01-18 22:11:00+00:00,135.0,135.0,135.0,13,135.0,527,135.000531
2023-01-18 22:12:00+00:00,135.02,135.02,134.98,23,134.98,752,134.995551
2023-01-18 22:13:00+00:00,135.0,135.0,135.0,15,135.0,442,135.001233
2023-01-18 22:14:00+00:00,134.99,135.0,134.99,17,135.0,427,134.995679
2023-01-18 22:15:00+00:00,134.99,134.99,134.99,14,134.99,281,134.987989
2023-01-18 22:16:00+00:00,134.95,134.96,134.95,22,134.96,1561,134.954004
2023-01-18 22:17:00+00:00,134.94,134.96,134.94,25,134.96,1807,134.951945
2023-01-18 22:18:00+00:00,135.0,135.0,134.95,26,134.95,1904,134.973356
2023-01-18 22:21:00+00:00,134.9,134.99,134.9,54,134.99,10508,135.147156
2023-01-18 22:22:00+00:00,134.9,134.97,134.9,18,134.9699,1346,134.959565
2023-01-18 22:24:00+00:00,134.9,134.93,134.88,71,134.93,7250,134.904959
2023-01-18 22:25:00+00:00,134.91,134.96,134.91,24,134.96,2277,134.91891
2023-01-18 22:26:00+00:00,134.9,134.91,134.9,11,134.91,1389,134.907016
2023-01-18 22:27:00+00:00,134.94,134.94,134.94,14,134.94,310,134.94121
2023-01-18 22:29:00+00:00,134.9115,134.9115,134.9115,11,134.9115,260,134.921442
2023-01-18 22:30:00+00:00,134.92,134.92,134.92,18,134.92,230,134.923609
2023-01-18 22:31:00+00:00,134.9574,134.9574,134.9574,11,134.9574,267,134.934326
2023-01-18 22:32:00+00:00,134.93,134.93,134.93,16,134.93,799,134.924862
2023-01-18 22:33:00+00:00,134.93,134.93,134.93,11,134.93,1051,134.929358
2023-01-18 22:35:00+00:00,134.91,134.91,134.91,14,134.91,299,134.914498
2023-01-18 22:37:00+00:00,134.93,134.94,134.91,13,134.94,1519,134.932291
2023-01-18 22:38:00+00:00,134.9,134.93,134.9,44,134.93,2317,134.91186
2023-01-18 22:39:00+00:00,134.9,134.9,134.88,38,134.88,1606,134.883306
2023-01-18 22:40:00+00:00,134.9,134.9,134.89,40,134.89,1284,134.888505
2023-01-18 22:41:00+00:00,134.88,134.88,134.8799,22,134.8799,1729,134.87749
2023-01-18 22:42:00+00:00,134.86,134.86,134.84,47,134.86,1468,134.854169
2023-01-18 22:43:00+00:00,134.86,134.86,134.85,29,134.85,1788,134.856163
2023-01-18 22:44:00+00:00,134.83,134.84,134.83,18,134.84,553,134.835775
2023-01-18 22:45:00+00:00,134.83,134.83,134.83,28,134.83,638,134.829734
2023-01-18 22:46:00+00:00,134.7617,134.82,134.7617,76,134.82,4557,134.80384
2023-01-18 22:47:00+00:00,134.89,134.89,134.77,35,134.77,1889,134.84738
2023-01-18 22:48:00+00:00,134.8,134.86,134.8,18,134.85,1800,134.846419
2023-01-18 22:49:00+00:00,134.88,134.88,134.85,14,134.85,742,134.855274
2023-01-18 22:50:00+00:00,134.8054,134.8054,134.8054,17,134.8054,417,134.816031
2023-01-18 22:51:00+00:00,134.8035,134.8035,134.8035,15,134.8035,312,134.807407
2023-01-18 22:53:00+00:00,134.84,134.85,134.83,12,134.85,585,134.840197
2023-01-18 22:54:00+00:00,134.8,134.82,134.8,13,134.82,3328,134.800903
2023-01-18 22:55:00+00:00,134.8,134.8,134.8,18,134.8,1087,134.802824
2023-01-18 22:56:00+00:00,134.8001,134.85,134.8001,15,134.8002,1830,134.805751
2023-01-18 22:57:00+00:00,134.8001,134.8001,134.8001,15,134.8001,598,134.806672
2023-01-18 22:58:00+00:00,134.85,134.85,134.84,23,134.84,480,134.84925
2023-01-18 22:59:00+00:00,134.86,134.86,134.86,10,134.86,437,134.85659
2023-01-18 23:00:00+00:00,134.95,134.98,134.87,47,134.9,2723,134.939829
2023-01-18 23:01:00+00:00,134.98,134.99,134.96,23,134.99,3677,134.983181
2023-01-18 23:02:00+00:00,134.97,134.98,134.97,17,134.98,1327,134.977498
2023-01-18 23:03:00+00:00,134.95,134.96,134.95,30,134.96,2316,134.953398
2023-01-18 23:04:00+00:00,134.95,134.95,134.95,12,134.95,899,134.949444
2023-01-18 23:05:00+00:00,134.96,134.98,134.95,52,134.95,3182,134.968925
2023-01-18 23:06:00+00:00,135.03,135.03,134.98,46,134.98,3472,135.005174
2023-01-18 23:08:00+00:00,135.0,135.16,134.95,70,134.97,11688,134.960305
2023-01-18 23:09:00+00:00,135.01,135.01,134.97,34,134.97,4246,134.974861
2023-01-18 23:10:00+00:00,135.02,135.08,135.01,15,135.01,1093,135.021632
2023-01-18 23:13:00+00:00,134.97,134.97,134.95,20,134.95,713,134.954684
2023-01-18 23:15:00+00:00,134.91,134.91,134.91,23,134.91,1646,134.908351
2023-01-18 23:16:00+00:00,134.91,134.91,134.91,12,134.91,553,134.911591
2023-01-18 23:17:00+00:00,134.91,134.91,134.91,23,134.91,460,134.920315
2023-01-18 23:18:00+00:00,134.88,134.88,134.88,14,134.88,713,134.88324
2023-01-18 23:19:00+00:00,134.89,134.89,134.88,25,134.88,944,134.876557
2023-01-18 23:20:00+00:00,134.88,134.88,134.87,20,134.87,761,134.87477
2023-01-18 23:21:00+00:00,134.87,134.92,134.86,15,134.86,1018,134.873983
2023-01-18 23:23:00+00:00,134.88,134.88,134.85,26,134.85,680,134.868963
2023-01-18 23:24:00+00:00,134.9,134.9,134.89,15,134.89,679,134.893328
2023-01-18 23:27:00+00:00,134.9,134.9,134.89,12,134.89,1030,134.893417
2023-01-18 23:29:00+00:00,134.94,134.94,134.94,25,134.94,1513,134.926497
2023-01-18 23:30:00+00:00,134.95,134.97,134.94,17,134.94,1446,134.94695
2023-01-18 23:31:00+00:00,134.9,134.95,134.9,26,134.95,1910,134.912976
2023-01-18 23:34:00+00:00,134.89,134.9,134.86,22,134.9,1071,134.888931
2023-01-18 23:35:00+00:00,134.89,134.89,134.85,13,134.85,837,134.874421
2023-01-18 23:36:00+00:00,134.85,134.89,134.85,14,134.89,944,134.884582
2023-01-18 23:38:00+00:00,134.84,134.85,134.84,16,134.85,699,134.845708
2023-01-18 23:40:00+00:00,134.8201,134.8201,134.82,16,134.82,344,134.821169
2023-01-18 23:41:00+00:00,134.76,134.82,134.76,46,134.82,2278,134.796716
2023-01-18 23:42:00+00:00,134.76,134.79,134.76,35,134.79,2790,134.764132
2023-01-18 23:43:00+00:00,134.87,134.87,134.81,24,134.81,809,134.83382
2023-01-18 23:44:00+00:00,134.85,134.85,134.85,7,134.85,497,134.850201
2023-01-18 23:45:00+00:00,134.88,134.88,134.88,13,134.88,474,134.869863
2023-01-18 23:47:00+00:00,134.82,134.82,134.82,19,134.82,1157,134.821253
2023-01-18 23:49:00+00:00,134.8,134.83,134.8,39,134.83,2215,134.816321
2023-01-18 23:50:00+00:00,134.83,134.86,134.82,22,134.86,1881,134.830965
2023-01-18 23:51:00+00:00,134.85,134.85,134.82,21,134.8499,1241,134.843731
2023-01-18 23:52:00+00:00,134.85,134.88,134.85,25,134.88,1335,134.857064
2023-01-18 23:53:00+00:00,134.85,134.85,134.85,11,134.85,330,134.852742
2023-01-18 23:55:00+00:00,134.82,134.87,134.82,20,134.87,838,134.84861
2023-01-18 23:56:00+00:00,134.8,134.82,134.8,20,134.82,1112,134.81249
2023-01-18 23:57:00+00:00,134.76,134.8,134.76,24,134.8,813,134.770197
2023-01-18 23:58:00+00:00,134.79,134.79,134.76,14,134.77,1967,134.77696
2023-01-18 23:59:00+00:00,134.79,134.79,134.79,18,134.79,878,134.786281
2023-01-19 00:00:00+00:00,134.79,134.79,134.79,20,134.79,740,134.794986
2023-01-19 00:06:00+00:00,134.7,134.75,134.7,68,134.75,2858,134.73761
2023-01-19 00:07:00+00:00,134.78,134.78,134.7,39,134.7,3446,134.724423
2023-01-19 00:09:00+00:00,134.74,134.74,134.69,25,134.69,1190,134.722462
2023-01-19 00:10:00+00:00,134.74,134.74,134.65,34,134.7,2578,134.705339
2023-01-19 00:11:00+00:00,134.74,134.74,134.73,35,134.74,677,134.734645
2023-01-19 00:12:00+00:00,134.75,134.75,134.72,19,134.74,915,134.737907
2023-01-19 00:13:00+00:00,134.75,134.75,134.75,16,134.75,1840,134.749416
2023-01-19 00:14:00+00:00,134.73,134.73,134.73,8,134.73,267,134.736723
2023-01-19 00:17:00+00:00,134.8,134.8,134.8,14,134.8,527,134.795892
2023-01-19 00:19:00+00:00,134.76,134.76,134.76,13,134.76,274,134.761661
2023-01-19 00:20:00+00:00,134.78,134.78,134.78,16,134.78,520,134.778317
2023-01-19 00:21:00+00:00,134.75,134.75,134.75,14,134.75,272,134.757684
2023-01-19 00:24:00+00:00,134.73,134.73,134.73,18,134.73,410,134.736024
2023-01-19 00:25:00+00:00,134.7,134.7,134.69,17,134.7,812,134.699828
2023-01-19 00:26:00+00:00,134.69,134.7,134.69,17,134.7,1504,134.692952
2023-01-19 00:27:00+00:00,134.73,134.73,134.65,44,134.68,3891,134.671064
2023-01-19 00:28:00+00:00,134.65,134.65,134.65,20,134.65,555,134.649883
2023-01-19 00:29:00+00:00,134.65,134.65,134.65,10,134.65,340,134.648382
2023-01-19 00:30:00+00:00,134.69,134.69,134.69,17,134.69,310,134.687629
2023-01-19 00:32:00+00:00,134.73,134.73,134.64,35,134.64,1760,134.687134
2023-01-19 00:34:00+00:00,134.7,134.7,134.63,17,134.68,2838,134.676496
2023-01-19 00:35:00+00:00,134.7,134.7,134.65,22,134.65,1147,134.689721
2023-01-19 00:36:00+00:00,134.63,134.64,134.63,33,134.64,941,134.638475
2023-01-19 00:37:00+00:00,134.61,134.68,134.6,35,134.65,1242,134.625837
2023-01-19 00:39:00+00:00,134.61,134.61,134.61,17,134.61,590,134.616347
2023-01-19 00:40:00+00:00,134.65,134.65,134.65,28,134.65,293,134.629522
2023-01-19 00:41:00+00:00,134.6,134.6,134.6,25,134.6,604,134.614462
2023-01-19 00:42:00+00:00,134.61,134.61,134.6,25,134.6,1177,134.605395
2023-01-19 00:43:00+00:00,134.6,134.6,134.6,21,134.6,272,134.598088
2023-01-19 00:45:00+00:00,134.52,134.62,134.52,42,134.62,2760,134.55487
2023-01-19 00:47:00+00:00,134.58,134.58,134.53,27,134.53,1357,134.561175
2023-01-19 00:48:00+00:00,134.54,134.54,134.54,15,134.54,226,134.56958
2023-01-19 00:49:00+00:00,134.65,134.65,134.6,16,134.6,1121,134.64136
2023-01-19 00:51:00+00:00,134.5501,134.65,134.5501,14,134.65,1301,134.587724
2023-01-19 00:52:00+00:00,134.55,134.55,134.55,12,134.55,320,134.591531
2023-01-19 00:54:00+00:00,134.5,134.6,134.5,130,134.55,8917,134.519864
2023-01-19 00:55:00+00:00,134.45,134.56,134.45,26,134.56,692,134.49784
2023-01-19 00:56:00+00:00,134.52,134.52,134.52,15,134.52,701,134.522889
2023-01-19 00:57:00+00:00,134.44,134.52,134.44,32,134.52,1583,134.486121
2023-01-19 00:58:00+00:00,134.44,134.5,134.44,35,134.5,2440,134.459184
2023-01-19 00:59:00+00:00,134.44,134.45,134.4,63,134.44,6819,134.435664
