timestamp,close,high,low,trade_count,open,volume,vwap
2023-03-29 08:00:00+00:00,158.5,158.66,158.36,77,158.66,3033,158.491649
2023-03-29 08:01:00+00:00,158.64,158.64,158.5,68,158.52,2729,158.591682
2023-03-29 08:02:00+00:00,158.49,158.68,158.49,31,158.68,2298,158.550722
2023-03-29 08:03:00+00:00,158.49,158.49,158.49,7,158.49,323,158.489257
2023-03-29 08:05:00+00:00,158.49,158.49,158.48,15,158.48,461,158.475488
2023-03-29 08:06:00+00:00,158.49,158.49,158.47,21,158.47,720,158.482167
2023-03-29 08:07:00+00:00,158.59,158.59,158.49,30,158.49,1917,158.532191
2023-03-29 08:09:00+00:00,158.57,158.57,158.57,20,158.57,347,158.547637
2023-03-29 08:12:00+00:00,158.5,158.5,158.5,10,158.5,209,158.500144
2023-03-29 08:13:00+00:00,158.5,158.5,158.5,16,158.5,580,158.499707
2023-03-29 08:15:00+00:00,158.5,158.5,158.5,11,158.5,234,158.501111
2023-03-29 08:18:00+00:00,158.48,158.48,158.48,4,158.48,121,158.481488
2023-03-29 08:21:00+00:00,158.33,158.33,158.33,11,158.33,855,158.333953
2023-03-29 08:23:00+00:00,158.4,158.4,158.38,28,158.38,2905,158.404286
2023-03-29 08:24:00+00:00,158.5,158.5,158.5,12,158.5,317,158.525868
2023-03-29 08:26:00+00:00,158.58,158.58,158.57,17,158.57,1047,158.572416
2023-03-29 08:27:00+00:00,158.57,158.57,158.56,5,158.56,224,158.564643
2023-03-29 08:28:00+00:00,158.5,158.5,158.5,2,158.5,2000,158.5
2023-03-29 08:30:00+00:00,158.56,158.56,158.56,5,158.56,418,158.564569
2023-03-29 08:31:00+00:00,158.58,158.58,158.58,4,158.58,461,158.574512
2023-03-29 08:32:00+00:00,158.58,158.59,158.58,16,158.58,3717,158.581692
2023-03-29 08:33:00+00:00,158.63,158.63,158.59,16,158.59,3970,158.592196
2023-03-29 08:34:00+00:00,158.6,158.6,158.6,13,158.6,600,158.608667
2023-03-29 08:37:00+00:00,158.6,158.6,158.6,7,158.6,903,158.600221
2023-03-29 08:38:00+00:00,158.7,158.7,158.66,20,158.66,2160,158.674546
2023-03-29 08:39:00+00:00,158.7,158.7,158.63,26,158.7,2102,158.695147
2023-03-29 08:40:00+00:00,158.63,158.7,158.63,12,158.63,2085,158.684628
2023-03-29 08:41:00+00:00,158.68,158.7,158.68,14,158.7,661,158.673616
2023-03-29 08:42:00+00:00,158.61,158.63,158.61,8,158.63,481,158.627256
2023-03-29 08:47:00+00:00,158.45,158.5,158.45,26,158.5,631,158.457575
2023-03-29 08:48:00+00:00,158.35,158.36,158.35,3,158.36,532,158.361278
2023-03-29 08:51:00+00:00,158.49,158.49,158.48,20,158.48,2143,158.485138
2023-03-29 08:52:00+00:00,158.49,158.49,158.49,13,158.49,551,158.48755
2023-03-29 08:53:00+00:00,158.49,158.52,158.49,10,158.52,2779,158.493113
2023-03-29 08:57:00+00:00,158.54,158.54,158.54,6,158.54,266,158.554323
2023-03-29 09:01:00+00:00,158.56,158.56,158.56,9,158.56,389,158.567815
2023-03-29 09:05:00+00:00,158.56,158.56,158.56,4,158.56,105,158.560381
2023-03-29 09:07:00+00:00,158.69,158.69,158.69,14,158.69,506,158.699862
2023-03-29 09:08:00+00:00,158.7,158.7,158.7,10,158.7,315,158.716889
2023-03-29 09:10:00+00:00,158.75,158.75,158.72,11,158.72,527,158.731063
2023-03-29 09:13:00+00:00,158.65,158.65,158.65,13,158.65,602,158.655332
2023-03-29 09:15:00+00:00,158.65,158.65,158.65,7,158.65,266,158.649774
2023-03-29 09:23:00+00:00,158.69,158.69,158.69,18,158.69,386,158.672176
2023-03-29 09:25:00+00:00,158.76,158.76,158.73,20,158.73,852,158.740223
2023-03-29 09:26:00+00:00,158.76,158.76,158.76,10,158.76,196,158.751224
2023-03-29 09:31:00+00:00,158.8,158.8,158.76,26,158.76,1790,158.778799
2023-03-29 09:36:00+00:00,158.74,158.75,158.7,14,158.75,1738,158.738377
2023-03-29 09:38:00+00:00,158.77,158.77,158.74,3,158.74,201,158.754925
2023-03-29 09:41:00+00:00,158.74,158.74,158.74,3,158.74,302,158.740132
2023-03-29 09:45:00+00:00,158.74,158.74,158.74,9,158.74,1028,158.740058
2023-03-29 09:46:00+00:00,158.74,158.74,158.74,10,158.74,1047,158.740115
2023-03-29 09:47:00+00:00,158.67,158.67,158.67,34,158.67,1264,158.700522
2023-03-29 09:49:00+00:00,158.74,158.74,158.74,8,158.74,183,158.74
2023-03-29 09:59:00+00:00,158.73,158.73,158.73,19,158.73,641,158.749501
2023-03-29 10:05:00+00:00,158.75,158.75,158.75,25,158.75,2561,158.750144
2023-03-29 10:09:00+00:00,158.75,158.75,158.75,12,158.75,483,158.750642
2023-03-29 10:10:00+00:00,158.75,158.75,158.75,8,158.75,410,158.745366
2023-03-29 10:11:00+00:00,158.55,158.75,158.55,247,158.75,7025,158.65836
2023-03-29 10:13:00+00:00,158.58,158.58,158.58,12,158.58,367,158.633134
2023-03-29 10:14:00+00:00,158.58,158.6,158.58,7,158.6,504,158.585675
2023-03-29 10:20:00+00:00,158.55,158.56,158.55,14,158.56,1251,158.560512
2023-03-29 10:25:00+00:00,158.55,158.55,158.55,12,158.55,305,158.538
2023-03-29 10:27:00+00:00,158.59,158.59,158.59,22,158.59,639,158.605008
2023-03-29 10:34:00+00:00,158.6,158.6,158.6,5,158.6,459,158.599739
2023-03-29 10:35:00+00:00,158.56,158.58,158.56,14,158.58,724,158.569848
2023-03-29 10:40:00+00:00,158.54,158.54,158.54,18,158.54,326,158.549387
2023-03-29 10:51:00+00:00,158.56,158.66,158.56,15,158.66,1254,158.610048
2023-03-29 10:53:00+00:00,158.56,158.56,158.56,10,158.56,450,158.557867
2023-03-29 10:56:00+00:00,158.54,158.56,158.54,33,158.56,1224,158.544077
2023-03-29 11:00:00+00:00,158.55,158.7,158.5,213,158.52,8712,158.602374
2023-03-29 11:01:00+00:00,158.57,158.57,158.57,13,158.57,871,158.586785
2023-03-29 11:02:00+00:00,158.64,158.64,158.59,46,158.6,1898,158.610321
2023-03-29 11:04:00+00:00,158.64,158.64,158.64,21,158.64,1521,158.639382
2023-03-29 11:05:00+00:00,158.68,158.68,158.65,25,158.65,1551,158.663952
2023-03-29 11:06:00+00:00,158.63,158.65,158.63,29,158.65,1190,158.634731
2023-03-29 11:07:00+00:00,158.55,158.61,158.55,38,158.61,1948,158.586052
2023-03-29 11:08:00+00:00,158.58,158.58,158.58,54,158.58,1067,158.600056
2023-03-29 11:09:00+00:00,158.56,158.6,158.56,35,158.6,2039,158.570853
2023-03-29 11:11:00+00:00,158.55,158.56,158.55,32,158.56,1112,158.562149
2023-03-29 11:12:00+00:00,158.55,158.55,158.55,27,158.55,2024,158.550509
2023-03-29 11:13:00+00:00,158.57,158.57,158.55,24,158.55,776,158.550129
2023-03-29 11:16:00+00:00,158.6,158.6,158.58,12,158.58,314,158.59328
2023-03-29 11:18:00+00:00,158.6,158.6,158.6,25,158.6,807,158.603346
2023-03-29 11:19:00+00:00,158.62,158.62,158.62,5,158.62,165,158.617515
2023-03-29 11:20:00+00:00,158.7,158.71,158.65,89,158.65,7276,158.698998
2023-03-29 11:23:00+00:00,158.67,158.67,158.67,26,158.67,1076,158.671403
2023-03-29 11:24:00+00:00,158.7,158.7,158.7,12,158.7,483,158.694286
2023-03-29 11:25:00+00:00,158.7,158.7,158.7,9,158.7,416,158.70113
2023-03-29 11:31:00+00:00,158.66,158.66,158.66,4,158.66,220,158.659
2023-03-29 11:33:00+00:00,158.7,158.7,158.7,21,158.7,505,158.702317
2023-03-29 11:34:00+00:00,158.72,158.72,158.72,6,158.72,116,158.719914
2023-03-29 11:35:00+00:00,158.66,158.66,158.66,23,158.66,647,158.67626
2023-03-29 11:37:00+00:00,158.65,158.67,158.65,25,158.67,910,158.664033
2023-03-29 11:40:00+00:00,158.69,158.69,158.69,26,158.69,912,158.697281
2023-03-29 11:41:00+00:00,158.71,158.71,158.71,16,158.71,384,158.704818
2023-03-29 11:42:00+00:00,158.7,158.7,158.7,4,158.7,520,158.700231
2023-03-29 11:43:00+00:00,158.74,158.74,158.74,26,158.74,1587,158.734279
2023-03-29 11:45:00+00:00,158.74,158.75,158.74,23,158.75,612,158.737337
2023-03-29 11:46:00+00:00,158.8,158.8,158.8,59,158.8,1383,158.794237
2023-03-29 11:48:00+00:00,158.8,158.8,158.8,13,158.8,320,158.818031
2023-03-29 11:53:00+00:00,158.73,158.77,158.73,30,158.77,1716,158.753928
2023-03-29 11:55:00+00:00,158.73,158.75,158.73,15,158.75,662,158.743444
2023-03-29 11:56:00+00:00,158.73,158.73,158.73,10,158.73,538,158.735576
2023-03-29 11:57:00+00:00,158.7,158.7,158.7,14,158.7,475,158.711221
2023-03-29 11:58:00+00:00,158.68,158.71,158.68,25,158.71,1987,158.703226
2023-03-29 11:59:00+00:00,158.74,158.75,158.68,109,158.68,6044,158.731252
2023-03-29 12:00:00+00:00,157.256,158.85,157.256,471,158.6001,38609,158.656426
2023-03-29 12:01:00+00:00,158.85,158.8626,158.09,465,158.5885,6252,158.669099
2023-03-29 12:02:00+00:00,158.8,158.883,158.8,263,158.88,4157,158.649143
2023-03-29 12:03:00+00:00,158.8,158.8692,158.8,40,158.85,3448,158.811136
2023-03-29 12:04:00+00:00,158.8,158.8,158.76,29,158.76,3093,158.796168
2023-03-29 12:05:00+00:00,158.8,158.8,158.71,34,158.8,5423,158.792605
2023-03-29 12:06:00+00:00,158.8,158.8,158.8,27,158.8,3471,158.800376
2023-03-29 12:07:00+00:00,158.8557,158.86,158.8557,19,158.86,451,158.847528
2023-03-29 12:08:00+00:00,158.82,158.82,158.79,33,158.79,1761,158.811938
2023-03-29 12:09:00+00:00,158.75,158.7501,158.75,21,158.7501,1638,158.751318
2023-03-29 12:10:00+00:00,158.78,158.78,158.78,30,158.78,381,158.778307
2023-03-29 12:11:00+00:00,158.81,158.81,158.74,20,158.76,1015,158.781793
2023-03-29 12:13:00+00:00,158.75,158.75,158.75,22,158.75,551,158.747949
2023-03-29 12:15:00+00:00,158.78,158.78,158.78,10,158.78,219,158.777808
2023-03-29 12:16:00+00:00,158.78,158.78,158.75,31,158.75,1036,158.762044
2023-03-29 12:17:00+00:00,158.72,158.74,158.72,30,158.74,2897,158.740004
2023-03-29 12:18:00+00:00,158.69,158.72,158.69,34,158.72,1378,158.704978
2023-03-29 12:19:00+00:00,158.73,158.75,158.73,13,158.75,418,158.736579
2023-03-29 12:20:00+00:00,158.65,158.71,158.65,29,158.71,964,158.697925
2023-03-29 12:21:00+00:00,158.66,158.66,158.66,31,158.66,514,158.673295
2023-03-29 12:22:00+00:00,158.72,158.75,158.72,49,158.74,1971,158.724982
2023-03-29 12:23:00+00:00,158.83,158.83,158.75,119,158.75,6863,158.777197
2023-03-29 12:24:00+00:00,158.84,158.84,158.8,33,158.81,1284,158.816624
2023-03-29 12:26:00+00:00,158.8,158.8,158.8,22,158.8,451,158.792754
2023-03-29 12:27:00+00:00,158.83,158.83,158.8,30,158.8,1048,158.802414
2023-03-29 12:28:00+00:00,158.78,158.84,158.78,18,158.84,3170,158.789061
2023-03-29 12:29:00+00:00,158.77,158.77,158.77,57,158.77,1081,158.775348
2023-03-29 12:30:00+00:00,158.7699,158.7699,158.69,11,158.69,486,158.746299
2023-03-29 12:32:00+00:00,158.7,158.7,158.7,35,158.7,3353,158.700761
2023-03-29 12:33:00+00:00,158.73,158.73,158.7297,24,158.7297,373,158.714216
2023-03-29 12:34:00+00:00,158.7,158.7,158.7,20,158.7,270,158.703003
2023-03-29 12:35:00+00:00,158.76,158.76,158.71,75,158.71,4730,158.74527
2023-03-29 12:36:00+00:00,158.76,158.77,158.71,74,158.71,4795,158.746
2023-03-29 12:37:00+00:00,158.69,158.69,158.68,13,158.68,436,158.696651
2023-03-29 12:38:00+00:00,158.77,158.77,158.75,39,158.76,3558,158.766703
2023-03-29 12:39:00+00:00,158.8358,158.8358,158.79,43,158.7935,1777,158.805049
2023-03-29 12:40:00+00:00,158.81,158.81,158.81,28,158.81,449,158.825345
2023-03-29 12:41:00+00:00,158.8,158.81,158.8,30,158.81,1435,158.796451
2023-03-29 12:43:00+00:00,158.73,158.73,158.73,23,158.73,475,158.744589
2023-03-29 12:44:00+00:00,158.78,158.78,158.76,39,158.76,1538,158.761048
2023-03-29 12:45:00+00:00,158.79,158.8,158.7501,42,158.7501,1535,158.789312
2023-03-29 12:46:00+00:00,158.7916,158.84,158.7916,18,158.84,360,158.821939
2023-03-29 12:47:00+00:00,158.81,158.84,158.81,19,158.84,360,158.827583
2023-03-29 12:48:00+00:00,158.8599,158.8599,158.84,41,158.84,1357,158.846975
2023-03-29 12:49:00+00:00,158.86,158.87,158.86,47,158.86,4572,158.860617
2023-03-29 12:50:00+00:00,158.89,158.89,158.87,33,158.88,2483,158.875159
2023-03-29 12:51:00+00:00,158.91,158.92,158.89,59,158.89,4096,158.900327
2023-03-29 12:52:00+00:00,159.02,159.02,158.92,249,158.92,17621,158.995397
2023-03-29 12:53:00+00:00,159.2,159.2,159.09,136,159.09,4134,159.134965
2023-03-29 12:54:00+00:00,159.088,159.15,159.088,81,159.15,1729,159.126158
2023-03-29 12:55:00+00:00,159.0866,159.0866,159.0,52,159.0579,7621,159.021896
2023-03-29 12:56:00+00:00,159.0,159.01,159.0,76,159.0,4314,159.005586
2023-03-29 12:57:00+00:00,159.04,159.04,159.01,22,159.01,1176,159.026671
2023-03-29 12:58:00+00:00,159.05,159.05,159.05,42,159.05,4435,159.049365
2023-03-29 12:59:00+00:00,158.95,159.05,158.95,74,159.03,5276,159.005122
2023-03-29 13:00:00+00:00,158.9109,159.0,158.9109,36,158.9996,3849,158.988464
2023-03-29 13:01:00+00:00,158.9504,159.0,158.94,65,158.94,8325,158.986325
2023-03-29 13:02:00+00:00,159.05,159.08,159.0,66,159.0,12178,159.019626
2023-03-29 13:03:00+00:00,159.01,159.06,159.01,51,159.06,4117,159.027152
2023-03-29 13:04:00+00:00,159.05,159.06,159.02,40,159.02,3481,159.048955
2023-03-29 13:05:00+00:00,159.07,159.07,159.06,40,159.07,1938,159.063158
2023-03-29 13:06:00+00:00,159.07,159.1,159.03,89,159.09,4723,159.07726
2023-03-29 13:07:00+00:00,159.04,159.07,159.03,38,159.0694,3168,159.0439
2023-03-29 13:08:00+00:00,159.03,159.05,159.03,56,159.04,8274,159.044157
2023-03-29 13:09:00+00:00,159.0,159.01,159.0,41,159.01,2027,159.002446
2023-03-29 13:10:00+00:00,159.04,159.04,159.04,27,159.04,535,159.029708
2023-03-29 13:11:00+00:00,159.03,159.04,159.0,28,159.04,953,159.031673
2023-03-29 13:12:00+00:00,159.19,159.19,159.02,241,159.02,16998,159.104645
2023-03-29 13:13:00+00:00,159.18,159.184,159.18,43,159.184,2635,159.177692
2023-03-29 13:14:00+00:00,159.21,159.21,159.18,58,159.2,3548,159.187043
2023-03-29 13:15:00+00:00,159.19,159.21,159.18,73,159.2,10705,159.189233
2023-03-29 13:16:00+00:00,159.2,159.2,159.16,75,159.16,9658,159.184594
2023-03-29 13:17:00+00:00,159.13,159.21,159.13,160,159.21,12927,159.182504
2023-03-29 13:18:00+00:00,159.22,159.22,159.09,188,159.09,18384,159.155955
2023-03-29 13:19:00+00:00,159.21,159.22,159.21,58,159.22,1513,159.210972
2023-03-29 13:20:00+00:00,159.194,159.194,159.18,34,159.18,724,159.181478
2023-03-29 13:21:00+00:00,159.22,159.27,159.18,189,159.18,15313,159.221855
2023-03-29 13:22:00+00:00,159.26,159.3,159.23,138,159.23,15098,159.263257
2023-03-29 13:23:00+00:00,159.21,159.3,159.21,62,159.269,4941,159.281856
2023-03-29 13:24:00+00:00,159.13,159.26,159.1,200,159.25,15721,159.168722
2023-03-29 13:25:00+00:00,159.03,159.11,159.0,181,159.11,13574,159.030492
2023-03-29 13:26:00+00:00,159.2,159.2,159.0,195,159.02,12682,159.105819
2023-03-29 13:27:00+00:00,159.14,159.24,159.14,83,159.21,3072,159.202659
2023-03-29 13:28:00+00:00,159.3,159.31,159.26,64,159.26,2417,159.285825
2023-03-29 13:29:00+00:00,159.37,159.37,159.27,70,159.27,6350,159.319511
2023-03-29 13:30:00+00:00,159.7001,159.76,159.35,7392,159.37,1459037,159.47799
2023-03-29 13:31:00+00:00,159.675,159.78,159.51,2880,159.7,335288,159.628157
2023-03-29 13:32:00+00:00,159.78,159.86,159.67,2977,159.67,363409,159.780197
2023-03-29 13:33:00+00:00,159.91,159.98,159.72,2553,159.77,329089,159.868347
2023-03-29 13:34:00+00:00,159.88,159.99,159.835,2111,159.905,266138,159.920565
2023-03-29 13:35:00+00:00,159.97,160.02,159.8,4675,159.88,666069,159.965443
2023-03-29 13:36:00+00:00,159.98,160.08,159.96,2815,159.99,293113,160.002006
2023-03-29 13:37:00+00:00,159.95,160.02,159.885,2305,159.99,223538,159.960337
2023-03-29 13:38:00+00:00,159.975,160.06,159.935,1985,159.94,197036,160.001392
2023-03-29 13:39:00+00:00,159.8842,160.02,159.85,2174,159.98,219265,159.949448
2023-03-29 13:40:00+00:00,159.91,159.99,159.81,2386,159.89,239083,159.885891
2023-03-29 13:41:00+00:00,159.9693,159.99,159.8717,1939,159.91,209790,159.929812
2023-03-29 13:42:00+00:00,159.9,160.0,159.89,1619,159.97,163228,159.94514
2023-03-29 13:43:00+00:00,159.9,159.96,159.84,1900,159.905,193377,159.907978
2023-03-29 13:44:00+00:00,159.815,159.93,159.8,1936,159.89,202452,159.867473
2023-03-29 13:45:00+00:00,159.8,159.9,159.63,3327,159.82,310995,159.788864
2023-03-29 13:46:00+00:00,159.725,159.8569,159.6622,1712,159.81,162959,159.754902
2023-03-29 13:47:00+00:00,159.8,159.8467,159.72,3385,159.725,133211,159.786408
2023-03-29 13:48:00+00:00,159.91,160.07,159.82,4314,159.82,301071,159.973139
2023-03-29 13:49:00+00:00,159.7199,159.91,159.62,4121,159.9,209756,159.781123
2023-03-29 13:50:00+00:00,159.59,159.8,159.581,3542,159.715,184439,159.710408
2023-03-29 13:51:00+00:00,159.64,159.73,159.58,3477,159.6,152532,159.646312
2023-03-29 13:52:00+00:00,159.79,159.82,159.59,3188,159.64,147828,159.686517
2023-03-29 13:53:00+00:00,159.78,159.88,159.78,3357,159.79,170493,159.834189
2023-03-29 13:54:00+00:00,159.79,159.8,159.7,3072,159.7799,118544,159.752847
2023-03-29 13:55:00+00:00,159.64,159.8013,159.61,3103,159.8,135528,159.697115
2023-03-29 13:56:00+00:00,159.7,159.72,159.595,3080,159.64,108211,159.662002
2023-03-29 13:57:00+00:00,159.686,159.7,159.6,2894,159.7,87442,159.640357
2023-03-29 13:58:00+00:00,159.7322,159.816,159.64,3163,159.685,109721,159.727458
2023-03-29 13:59:00+00:00,159.848,159.86,159.7,3168,159.725,120879,159.747236
2023-03-29 14:00:00+00:00,159.97,160.0,159.86,3816,159.86,202715,159.948141
2023-03-29 14:01:00+00:00,159.985,160.14,159.96,4454,159.97,320069,160.040999
2023-03-29 14:02:00+00:00,160.11,160.12,159.95,3468,159.9808,175371,160.049426
2023-03-29 14:03:00+00:00,160.168,160.19,160.05,3449,160.11,162093,160.136449
2023-03-29 14:04:00+00:00,160.28,160.3,160.115,5192,160.1637,317871,160.218409
2023-03-29 14:05:00+00:00,160.275,160.29,160.18,3829,160.29,176673,160.244234
2023-03-29 14:06:00+00:00,160.11,160.27,160.07,4786,160.2609,257295,160.171862
2023-03-29 14:07:00+00:00,160.13,160.21,160.0818,3238,160.115,125282,160.141701
2023-03-29 14:08:00+00:00,160.1601,160.21,160.12,3157,160.13,114235,160.162251
2023-03-29 14:09:00+00:00,160.16,160.22,160.11,3074,160.1608,111952,160.157746
2023-03-29 14:10:00+00:00,160.05,160.19,160.04,3371,160.16,140709,160.103074
2023-03-29 14:11:00+00:00,160.185,160.19,160.04,3058,160.05,119161,160.132039
2023-03-29 14:12:00+00:00,160.2602,160.28,160.17,3189,160.185,143587,160.230049
2023-03-29 14:13:00+00:00,160.16,160.28,160.11,3096,160.27,138471,160.188147
2023-03-29 14:14:00+00:00,160.05,160.1899,160.05,3245,160.16,122975,160.116946
2023-03-29 14:15:00+00:00,159.9913,160.07,159.965,3414,160.0579,129377,160.002609
2023-03-29 14:16:00+00:00,159.915,160.0,159.91,3198,159.99,139483,159.955815
2023-03-29 14:17:00+00:00,160.02,160.02,159.885,2000,159.915,108929,159.96666
2023-03-29 14:18:00+00:00,160.11,160.11,160.0001,1098,160.03,145893,160.058588
2023-03-29 14:19:00+00:00,160.07,160.14,160.02,984,160.12,91526,160.067515
2023-03-29 14:20:00+00:00,160.07,160.12,160.05,949,160.07,97801,160.090981
2023-03-29 14:21:00+00:00,159.98,160.075,159.97,1054,160.0601,99620,160.016884
2023-03-29 14:22:00+00:00,160.1,160.12,159.93,1038,159.9801,96680,160.027035
2023-03-29 14:23:00+00:00,159.9701,160.14,159.97,1177,160.1,114805,160.065641
2023-03-29 14:24:00+00:00,159.9,159.985,159.84,1467,159.9729,130930,159.896677
2023-03-29 14:25:00+00:00,159.9,159.94,159.815,997,159.9,100434,159.88027
2023-03-29 14:26:00+00:00,159.855,159.94,159.85,766,159.8926,76254,159.893945
2023-03-29 14:27:00+00:00,159.6601,159.8658,159.65,1259,159.8575,131511,159.737304
2023-03-29 14:28:00+00:00,159.7751,159.81,159.65,1044,159.6579,342742,159.828219
2023-03-29 14:29:00+00:00,159.805,159.82,159.73,924,159.77,83261,159.764732
2023-03-29 14:30:00+00:00,159.71,159.81,159.67,1033,159.8,106400,159.749977
2023-03-29 14:31:00+00:00,159.74,159.75,159.65,723,159.7,69714,159.707326
2023-03-29 14:32:00+00:00,159.7601,159.8,159.725,813,159.75,66452,159.764008
2023-03-29 14:33:00+00:00,159.69,159.7779,159.69,738,159.77,65039,159.735393
2023-03-29 14:34:00+00:00,159.7392,159.77,159.64,816,159.7,80655,159.703542
2023-03-29 14:35:00+00:00,159.69,159.74,159.65,728,159.74,76517,159.699914
2023-03-29 14:36:00+00:00,159.63,159.6982,159.61,916,159.6928,87650,159.642215
2023-03-29 14:37:00+00:00,159.6652,159.72,159.62,933,159.63,91564,159.665159
2023-03-29 14:38:00+00:00,159.65,159.69,159.6,858,159.68,79582,159.630786
2023-03-29 14:39:00+00:00,159.73,159.7361,159.65,955,159.65,111039,159.701982
2023-03-29 14:40:00+00:00,159.64,159.73,159.61,737,159.725,68464,159.661274
2023-03-29 14:41:00+00:00,159.68,159.7198,159.6291,683,159.6501,139131,159.65987
2023-03-29 14:42:00+00:00,159.77,159.8,159.6392,1280,159.68,127304,159.736118
2023-03-29 14:43:00+00:00,159.875,159.8989,159.775,937,159.7801,103446,159.850474
2023-03-29 14:44:00+00:00,159.77,160.0,159.7618,1441,159.8696,184469,159.886699
2023-03-29 14:45:00+00:00,159.69,159.78,159.5735,1485,159.77,154746,159.661193
2023-03-29 14:46:00+00:00,159.565,159.68,159.54,1040,159.68,120008,159.600201
2023-03-29 14:47:00+00:00,159.614,159.62,159.46,1381,159.56,141799,159.517184
2023-03-29 14:48:00+00:00,159.58,159.65,159.54,912,159.61,87462,159.60468
2023-03-29 14:49:00+00:00,159.5505,159.63,159.5101,902,159.59,90480,159.573414
2023-03-29 14:50:00+00:00,159.56,159.62,159.55,722,159.565,58099,159.589391
2023-03-29 14:51:00+00:00,159.4862,159.5775,159.47,718,159.56,63939,159.532023
2023-03-29 14:52:00+00:00,159.49,159.57,159.431,1077,159.4891,110872,159.483758
2023-03-29 14:53:00+00:00,159.5,159.5479,159.4589,861,159.5,79028,159.498729
2023-03-29 14:54:00+00:00,159.42,159.505,159.35,1182,159.505,105683,159.411331
2023-03-29 14:55:00+00:00,159.425,159.45,159.3601,943,159.42,89006,159.406472
2023-03-29 14:56:00+00:00,159.58,159.59,159.365,1145,159.43,120027,159.481319
2023-03-29 14:57:00+00:00,159.555,159.6,159.5,749,159.59,87643,159.55969
2023-03-29 14:58:00+00:00,159.4543,159.59,159.41,896,159.55,88532,159.487804
2023-03-29 14:59:00+00:00,159.5106,159.53,159.43,637,159.46,67719,159.47286
2023-03-29 15:00:00+00:00,159.58,159.59,159.5,635,159.51,52005,159.549019
2023-03-29 15:01:00+00:00,159.56,159.62,159.5401,793,159.58,72708,159.578983
2023-03-29 15:02:00+00:00,159.66,159.66,159.55,806,159.55,77261,159.612152
2023-03-29 15:03:00+00:00,159.69,159.7,159.63,733,159.6557,96499,159.665369
2023-03-29 15:04:00+00:00,159.69,159.75,159.68,957,159.69,106209,159.707796
2023-03-29 15:05:00+00:00,159.7455,159.77,159.69,627,159.7,51288,159.736462
2023-03-29 15:06:00+00:00,159.7792,159.78,159.67,756,159.7401,84475,159.709909
2023-03-29 15:07:00+00:00,159.74,159.81,159.71,749,159.7725,68116,159.766221
2023-03-29 15:08:00+00:00,159.75,159.8,159.72,735,159.74,88861,159.766051
2023-03-29 15:09:00+00:00,159.7536,159.78,159.7,734,159.75,67833,159.753571
2023-03-29 15:10:00+00:00,159.7499,159.78,159.69,775,159.76,72329,159.732826
2023-03-29 15:11:00+00:00,159.67,159.7589,159.65,771,159.7478,67595,159.70564
2023-03-29 15:12:00+00:00,159.67,159.7299,159.66,577,159.66,54597,159.68947
2023-03-29 15:13:00+00:00,159.65,159.69,159.6301,595,159.6699,63757,159.669749
2023-03-29 15:14:00+00:00,159.6085,159.66,159.55,612,159.65,57700,159.596951
2023-03-29 15:15:00+00:00,159.68,159.68,159.5725,742,159.61,83536,159.637811
2023-03-29 15:16:00+00:00,159.6801,159.7494,159.68,763,159.68,93482,159.710949
2023-03-29 15:17:00+00:00,159.67,159.715,159.64,618,159.69,68999,159.682489
2023-03-29 15:18:00+00:00,159.6406,159.68,159.615,432,159.67,41059,159.647985
2023-03-29 15:19:00+00:00,159.6097,159.655,159.5,1397,159.65,125165,159.574219
2023-03-29 15:20:00+00:00,159.73,159.74,159.6,696,159.61,69475,159.680528
2023-03-29 15:21:00+00:00,159.78,159.79,159.7,928,159.73,111828,159.748174
2023-03-29 15:22:00+00:00,159.8,159.82,159.7708,670,159.7799,72506,159.80025
2023-03-29 15:23:00+00:00,159.92,159.93,159.78,1162,159.8,121551,159.8648
2023-03-29 15:24:00+00:00,159.92,159.9614,159.89,1148,159.9101,148108,159.926271
2023-03-29 15:25:00+00:00,159.835,159.95,159.82,1047,159.925,112038,159.828472
2023-03-29 15:26:00+00:00,159.8183,159.84,159.78,699,159.82,57861,159.809559
2023-03-29 15:27:00+00:00,159.765,159.85,159.76,791,159.82,71962,159.815007
2023-03-29 15:28:00+00:00,159.82,159.86,159.765,666,159.7661,76614,159.823696
2023-03-29 15:29:00+00:00,159.8719,159.9,159.815,667,159.83,55080,159.853259
2023-03-29 15:30:00+00:00,159.93,159.94,159.86,743,159.88,56425,159.901343
2023-03-29 15:31:00+00:00,159.94,159.95,159.87,796,159.9319,76405,159.910229
2023-03-29 15:32:00+00:00,160.0119,160.06,159.92,2092,159.94,219860,159.995363
2023-03-29 15:33:00+00:00,160.01,160.04,159.92,1104,160.013,115997,159.993781
2023-03-29 15:34:00+00:00,159.9469,160.01,159.9,746,160.01,82308,159.954589
2023-03-29 15:35:00+00:00,159.93,159.98,159.87,923,159.94,99686,159.925418
2023-03-29 15:36:00+00:00,159.93,159.99,159.895,527,159.92,45628,159.940546
2023-03-29 15:37:00+00:00,159.9551,159.97,159.93,475,159.93,46678,159.950326
2023-03-29 15:38:00+00:00,159.9782,160.0,159.925,867,159.9501,94818,159.967017
2023-03-29 15:39:00+00:00,159.895,159.98,159.86,713,159.9716,67422,159.910921
2023-03-29 15:40:00+00:00,159.9322,159.94,159.855,488,159.89,43908,159.901044
2023-03-29 15:41:00+00:00,159.865,159.94,159.8623,474,159.93,60552,159.899042
2023-03-29 15:42:00+00:00,159.84,159.88,159.83,579,159.865,43174,159.849202
2023-03-29 15:43:00+00:00,159.8369,159.855,159.79,570,159.84,53463,159.827343
2023-03-29 15:44:00+00:00,159.8417,159.885,159.83,543,159.8383,43262,159.853785
2023-03-29 15:45:00+00:00,159.9012,159.91,159.85,626,159.85,54577,159.888899
2023-03-29 15:46:00+00:00,159.96,159.97,159.9,642,159.91,73827,159.927904
2023-03-29 15:47:00+00:00,159.93,159.97,159.89,582,159.9699,50808,159.931671
2023-03-29 15:48:00+00:00,159.95,159.95,159.89,459,159.925,39479,159.916572
2023-03-29 15:49:00+00:00,159.9,159.9499,159.89,614,159.945,44863,159.910885
2023-03-29 15:50:00+00:00,159.85,159.905,159.84,588,159.9,50798,159.868888
2023-03-29 15:51:00+00:00,159.8299,159.85,159.8,639,159.85,79599,159.828309
2023-03-29 15:52:00+00:00,159.83,159.845,159.8,459,159.825,47298,159.825381
2023-03-29 15:53:00+00:00,159.86,159.88,159.8,581,159.83,76815,159.846235
2023-03-29 15:54:00+00:00,159.7893,159.87,159.77,677,159.86,66327,159.819728
2023-03-29 15:55:00+00:00,159.81,159.8113,159.725,826,159.79,94848,159.761395
2023-03-29 15:56:00+00:00,159.795,159.85,159.7816,1045,159.81,134907,159.815384
2023-03-29 15:57:00+00:00,159.74,159.82,159.74,643,159.79,55154,159.776019
2023-03-29 15:58:00+00:00,159.835,159.856,159.745,527,159.75,57740,159.8087
2023-03-29 15:59:00+00:00,159.87,159.89,159.82,579,159.83,89748,159.853358
2023-03-29 16:00:00+00:00,159.835,159.89,159.81,687,159.88,69521,159.848939
2023-03-29 16:01:00+00:00,159.895,159.92,159.84,876,159.84,72704,159.895892
2023-03-29 16:02:00+00:00,159.88,159.93,159.87,733,159.895,64735,159.896508
2023-03-29 16:03:00+00:00,159.79,159.885,159.78,844,159.875,80449,159.833849
2023-03-29 16:04:00+00:00,159.86,159.88,159.79,479,159.8,51369,159.842348
2023-03-29 16:05:00+00:00,159.76,159.86,159.76,642,159.86,48903,159.805779
2023-03-29 16:06:00+00:00,159.576,159.7686,159.51,1598,159.76,152373,159.646872
2023-03-29 16:07:00+00:00,159.54,159.61,159.52,655,159.575,69732,159.568377
2023-03-29 16:08:00+00:00,159.646,159.6699,159.55,773,159.55,88205,159.612848
2023-03-29 16:09:00+00:00,159.5804,159.6581,159.58,481,159.65,41015,159.618219
2023-03-29 16:10:00+00:00,159.61,159.63,159.56,438,159.59,35711,159.590938
2023-03-29 16:11:00+00:00,159.6501,159.68,159.6099,549,159.61,53484,159.648639
2023-03-29 16:12:00+00:00,159.705,159.72,159.65,568,159.66,49770,159.688586
2023-03-29 16:13:00+00:00,159.7489,159.75,159.7,606,159.71,56629,159.727981
2023-03-29 16:14:00+00:00,159.88,159.88,159.745,987,159.75,104063,159.824199
2023-03-29 16:15:00+00:00,159.8118,159.88,159.78,649,159.87,65187,159.816618
2023-03-29 16:16:00+00:00,159.755,159.86,159.755,611,159.8,51358,159.812349
2023-03-29 16:17:00+00:00,159.835,159.84,159.71,662,159.755,72150,159.779986
2023-03-29 16:18:00+00:00,159.945,159.945,159.83,901,159.8301,97303,159.884159
2023-03-29 16:19:00+00:00,159.945,159.955,159.9,794,159.94,104140,159.932106
2023-03-29 16:20:00+00:00,159.945,159.97,159.91,851,159.945,86851,159.940554
2023-03-29 16:21:00+00:00,159.92,159.96,159.9,564,159.949,46568,159.925478
2023-03-29 16:22:00+00:00,159.97,159.98,159.93,725,159.93,74342,159.959337
2023-03-29 16:23:00+00:00,159.8855,159.975,159.8855,670,159.965,63768,159.923469
2023-03-29 16:24:00+00:00,159.85,159.93,159.85,618,159.89,61507,159.890284
2023-03-29 16:25:00+00:00,159.88,159.91,159.845,622,159.85,55044,159.887289
2023-03-29 16:26:00+00:00,159.9116,159.94,159.87,583,159.8797,66565,159.906033
2023-03-29 16:27:00+00:00,159.955,159.96,159.91,611,159.91,55518,159.933411
2023-03-29 16:28:00+00:00,159.91,159.97,159.9015,562,159.95,49046,159.938171
2023-03-29 16:29:00+00:00,159.93,159.93,159.87,601,159.905,49906,159.905335
2023-03-29 16:30:00+00:00,159.98,159.99,159.92,658,159.9213,67483,159.963981
2023-03-29 16:31:00+00:00,159.9684,160.04,159.92,1947,159.99,293855,160.000341
2023-03-29 16:32:00+00:00,159.98,159.99,159.92,562,159.96,69170,159.949246
2023-03-29 16:33:00+00:00,159.94,160.0,159.93,445,159.975,41443,159.966901
2023-03-29 16:34:00+00:00,159.91,159.98,159.9054,498,159.9455,50103,159.952461
2023-03-29 16:35:00+00:00,159.955,159.96,159.88,562,159.9,47491,159.905474
2023-03-29 16:36:00+00:00,159.91,159.96,159.905,426,159.96,41489,159.938767
2023-03-29 16:37:00+00:00,159.925,159.94,159.9,386,159.905,35512,159.924071
2023-03-29 16:38:00+00:00,160.005,160.0153,159.9,721,159.92,76430,159.982458
2023-03-29 16:39:00+00:00,159.9982,160.0177,159.96,679,160.0,69190,159.996986
2023-03-29 16:40:00+00:00,160.0,160.03,159.975,474,159.995,41583,160.00243
2023-03-29 16:41:00+00:00,159.995,160.015,159.955,501,160.0025,47882,159.983244
2023-03-29 16:42:00+00:00,159.925,159.995,159.895,596,159.995,54899,159.934259
2023-03-29 16:43:00+00:00,159.9201,159.94,159.88,553,159.92,52464,159.91096
2023-03-29 16:44:00+00:00,159.91,159.93,159.9,442,159.9271,42337,159.909658
2023-03-29 16:45:00+00:00,159.8963,159.93,159.85,562,159.91,50670,159.891137
2023-03-29 16:46:00+00:00,159.8895,159.935,159.86,479,159.89,46042,159.902452
2023-03-29 16:47:00+00:00,159.8101,159.8815,159.8,714,159.88,63153,159.842489
2023-03-29 16:48:00+00:00,159.875,159.8755,159.8,503,159.82,46485,159.84138
2023-03-29 16:49:00+00:00,159.8701,159.9,159.85,455,159.87,37293,159.877061
2023-03-29 16:50:00+00:00,159.96,159.96,159.8609,577,159.87,54633,159.920474
2023-03-29 16:51:00+00:00,159.985,160.01,159.94,713,159.955,78632,159.984303
2023-03-29 16:52:00+00:00,159.99,160.0,159.95,397,159.9889,45964,159.974205
2023-03-29 16:53:00+00:00,159.99,160.03,159.97,607,159.9901,65277,160.002442
2023-03-29 16:54:00+00:00,160.0108,160.02,159.975,456,159.9888,38190,159.991729
2023-03-29 16:55:00+00:00,159.995,160.02,159.9801,489,160.02,50566,160.004163
2023-03-29 16:56:00+00:00,159.955,160.0199,159.95,435,160.0,34309,159.988113
2023-03-29 16:57:00+00:00,159.9208,159.95,159.92,374,159.95,35657,159.939338
2023-03-29 16:58:00+00:00,159.91,159.96,159.89,1310,159.92,124579,159.924785
2023-03-29 16:59:00+00:00,159.955,159.96,159.875,923,159.91,87001,159.910291
2023-03-29 17:00:00+00:00,159.9,159.965,159.89,480,159.955,48709,159.933424
2023-03-29 17:01:00+00:00,159.8791,159.89,159.84,527,159.89,52029,159.872813
2023-03-29 17:02:00+00:00,159.88,159.89,159.84,500,159.88,32796,159.865914
2023-03-29 17:03:00+00:00,159.97,159.97,159.85,521,159.87,47933,159.916613
2023-03-29 17:04:00+00:00,159.96,159.985,159.94,596,159.97,67670,159.967842
2023-03-29 17:05:00+00:00,159.9906,160.015,159.97,771,159.97,81662,159.991756
2023-03-29 17:06:00+00:00,160.095,160.11,160.0,1433,160.0,152781,160.072592
2023-03-29 17:07:00+00:00,160.1492,160.21,160.1,1491,160.1,159359,160.162766
2023-03-29 17:08:00+00:00,160.2625,160.29,160.1496,1342,160.1496,156826,160.235971
2023-03-29 17:09:00+00:00,160.27,160.295,160.23,924,160.27,125875,160.271943
2023-03-29 17:10:00+00:00,160.23,160.3,160.23,949,160.27,140836,160.270975
2023-03-29 17:11:00+00:00,160.265,160.32,160.23,1360,160.24,214585,160.289339
2023-03-29 17:12:00+00:00,160.34,160.3499,160.2301,895,160.265,110767,160.299542
2023-03-29 17:13:00+00:00,160.345,160.36,160.3,883,160.3372,107998,160.333708
2023-03-29 17:14:00+00:00,160.2752,160.35,160.2709,822,160.34,99758,160.315936
2023-03-29 17:15:00+00:00,160.28,160.34,160.2579,692,160.27,78640,160.301311
2023-03-29 17:16:00+00:00,160.24,160.315,160.225,742,160.28,86688,160.263965
2023-03-29 17:17:00+00:00,160.315,160.35,160.235,1147,160.2474,145452,160.301783
2023-03-29 17:18:00+00:00,160.348,160.35,160.27,548,160.3,58193,160.319343
2023-03-29 17:19:00+00:00,160.26,160.35,160.255,626,160.3401,72500,160.29586
2023-03-29 17:20:00+00:00,160.3,160.32,160.25,570,160.26,57099,160.288528
2023-03-29 17:21:00+00:00,160.28,160.32,160.25,519,160.3,48167,160.272931
2023-03-29 17:22:00+00:00,160.259,160.3,160.255,500,160.2714,33078,160.280135
2023-03-29 17:23:00+00:00,160.3432,160.35,160.24,590,160.2601,53368,160.280917
2023-03-29 17:24:00+00:00,160.375,160.41,160.34,1138,160.3476,103045,160.366629
2023-03-29 17:25:00+00:00,160.355,160.39,160.31,675,160.38,63991,160.349814
2023-03-29 17:26:00+00:00,160.33,160.37,160.315,620,160.36,67019,160.339954
2023-03-29 17:27:00+00:00,160.3869,160.399,160.32,567,160.3296,59312,160.355216
2023-03-29 17:28:00+00:00,160.406,160.46,160.38,1006,160.385,88642,160.41871
2023-03-29 17:29:00+00:00,160.42,160.45,160.4,736,160.41,67295,160.428373
2023-03-29 17:30:00+00:00,160.36,160.44,160.32,979,160.43,68499,160.353135
2023-03-29 17:31:00+00:00,160.3781,160.39,160.33,869,160.36,66778,160.365119
2023-03-29 17:32:00+00:00,160.31,160.38,160.305,555,160.38,46704,160.340583
2023-03-29 17:33:00+00:00,160.241,160.32,160.241,749,160.3,86107,160.279212
2023-03-29 17:34:00+00:00,160.2015,160.24,160.17,1404,160.24,178395,160.199688
2023-03-29 17:35:00+00:00,160.13,160.25,160.05,1750,160.21,165918,160.145581
2023-03-29 17:36:00+00:00,160.16,160.18,160.12,546,160.125,61371,160.15991
2023-03-29 17:37:00+00:00,160.18,160.2182,160.15,610,160.17,55820,160.180276
2023-03-29 17:38:00+00:00,160.1299,160.2,160.12,591,160.17,66215,160.164949
2023-03-29 17:39:00+00:00,160.09,160.17,160.03,1168,160.12,117583,160.093022
2023-03-29 17:40:00+00:00,160.16,160.17,160.08,979,160.1,136970,160.124207
2023-03-29 17:41:00+00:00,160.235,160.285,160.15,876,160.1555,97855,160.234156
2023-03-29 17:42:00+00:00,160.25,160.26,160.21,463,160.2399,44695,160.233969
2023-03-29 17:43:00+00:00,160.25,160.25,160.2,469,160.25,47648,160.2244
2023-03-29 17:44:00+00:00,160.2401,160.275,160.21,520,160.25,48244,160.24871
2023-03-29 17:45:00+00:00,160.18,160.26,160.14,590,160.2434,65662,160.181689
2023-03-29 17:46:00+00:00,160.2089,160.2409,160.14,666,160.18,66624,160.179228
2023-03-29 17:47:00+00:00,160.165,160.2055,160.13,562,160.2045,58229,160.157532
2023-03-29 17:48:00+00:00,160.19,160.23,160.16,529,160.17,44822,160.198123
2023-03-29 17:49:00+00:00,160.195,160.21,160.17,444,160.1808,35201,160.189248
2023-03-29 17:50:00+00:00,160.17,160.21,160.155,531,160.1981,41532,160.176208
2023-03-29 17:51:00+00:00,160.1012,160.19,160.0801,677,160.17,66161,160.131707
2023-03-29 17:52:00+00:00,160.105,160.14,160.0999,484,160.105,45737,160.114079
2023-03-29 17:53:00+00:00,160.075,160.13,160.07,533,160.1,45742,160.108429
2023-03-29 17:54:00+00:00,159.9831,160.09,159.9831,1116,160.07,141205,160.034646
2023-03-29 17:55:00+00:00,159.9028,160.03,159.9,866,159.99,110272,159.953643
2023-03-29 17:56:00+00:00,159.985,160.0202,159.9,642,159.91,71571,159.969674
2023-03-29 17:57:00+00:00,159.95,160.01,159.931,616,159.99,59893,159.967694
2023-03-29 17:58:00+00:00,159.975,159.99,159.92,552,159.95,45308,159.955553
2023-03-29 17:59:00+00:00,160.02,160.035,159.965,594,159.98,51719,159.995109
2023-03-29 18:00:00+00:00,160.0025,160.05,159.9801,623,160.025,89365,160.018405
2023-03-29 18:01:00+00:00,160.0062,160.03,159.955,522,160.0,40864,159.995842
2023-03-29 18:02:00+00:00,159.92,160.02,159.9,670,160.01,54550,159.943257
2023-03-29 18:03:00+00:00,159.92,159.97,159.92,496,159.9233,59989,159.948292
2023-03-29 18:04:00+00:00,160.0131,160.03,159.91,609,159.92,74147,159.960833
2023-03-29 18:05:00+00:00,160.05,160.06,160.0,593,160.0146,56881,160.031597
2023-03-29 18:06:00+00:00,160.13,160.14,160.01,581,160.06,53092,160.077878
2023-03-29 18:07:00+00:00,160.18,160.2,160.1232,981,160.13,101429,160.17217
2023-03-29 18:08:00+00:00,160.1851,160.2,160.1415,636,160.18,61690,160.178529
2023-03-29 18:09:00+00:00,160.13,160.2,160.11,620,160.19,59002,160.151576
2023-03-29 18:10:00+00:00,160.1309,160.16,160.1099,472,160.13,42188,160.137193
2023-03-29 18:11:00+00:00,160.0922,160.16,160.085,513,160.14,50710,160.122538
2023-03-29 18:12:00+00:00,160.07,160.1,160.0301,494,160.1,45695,160.065166
2023-03-29 18:13:00+00:00,160.1199,160.12,160.045,457,160.08,29106,160.084155
2023-03-29 18:14:00+00:00,160.14,160.16,160.08,702,160.11,81852,160.115323
2023-03-29 18:15:00+00:00,160.11,160.14,160.053,557,160.14,42111,160.10347
2023-03-29 18:16:00+00:00,160.05,160.109,160.05,866,160.1,77498,160.066401
2023-03-29 18:17:00+00:00,160.035,160.05,160.005,564,160.05,46329,160.03582
2023-03-29 18:18:00+00:00,160.15,160.15,160.0199,625,160.03,51106,160.064655
2023-03-29 18:19:00+00:00,160.085,160.16,160.06,688,160.15,76459,160.099297
2023-03-29 18:20:00+00:00,160.12,160.12,160.01,570,160.08,55665,160.071085
2023-03-29 18:21:00+00:00,160.145,160.185,160.12,665,160.125,68769,160.162929
2023-03-29 18:22:00+00:00,160.09,160.16,160.07,582,160.1486,57156,160.106725
2023-03-29 18:23:00+00:00,160.145,160.15,160.095,547,160.1,54458,160.121472
2023-03-29 18:24:00+00:00,160.09,160.165,160.09,540,160.15,55160,160.115645
2023-03-29 18:25:00+00:00,160.122,160.1335,160.07,520,160.085,45688,160.105809
2023-03-29 18:26:00+00:00,160.16,160.18,160.12,534,160.12,50761,160.160923
2023-03-29 18:27:00+00:00,160.18,160.21,160.12,655,160.17,66489,160.164314
2023-03-29 18:28:00+00:00,160.1888,160.19,160.14,520,160.1701,57188,160.16058
2023-03-29 18:29:00+00:00,160.195,160.2299,160.18,567,160.19,48104,160.206046
2023-03-29 18:30:00+00:00,160.16,160.21,160.15,457,160.2,47566,160.181661
2023-03-29 18:31:00+00:00,160.19,160.19,160.145,418,160.16,27884,160.173551
2023-03-29 18:32:00+00:00,160.2317,160.255,160.19,823,160.1999,87130,160.224133
2023-03-29 18:33:00+00:00,160.19,160.235,160.17,646,160.23,59892,160.193027
2023-03-29 18:34:00+00:00,160.2155,160.23,160.17,633,160.19,62071,160.203978
2023-03-29 18:35:00+00:00,160.21,160.23,160.1817,456,160.219,55324,160.21385
2023-03-29 18:36:00+00:00,160.2142,160.26,160.19,719,160.21,79907,160.215099
2023-03-29 18:37:00+00:00,160.2446,160.26,160.2,712,160.21,64247,160.240845
2023-03-29 18:38:00+00:00,160.28,160.29,160.23,878,160.24,92332,160.262087
2023-03-29 18:39:00+00:00,160.26,160.29,160.235,615,160.28,58323,160.257869
2023-03-29 18:40:00+00:00,160.22,160.27,160.2,556,160.25,61010,160.228363
2023-03-29 18:41:00+00:00,160.24,160.26,160.215,515,160.215,40011,160.237987
2023-03-29 18:42:00+00:00,160.3,160.3107,160.24,760,160.24,83220,160.219296
2023-03-29 18:43:00+00:00,160.146,160.32,160.14,2008,160.2901,226537,160.23045
2023-03-29 18:44:00+00:00,160.2,160.23,160.14,1013,160.14,109454,160.16841
2023-03-29 18:45:00+00:00,160.15,160.2099,160.14,541,160.2,49557,160.166283
2023-03-29 18:46:00+00:00,160.17,160.21,160.1488,506,160.1499,51161,160.18763
2023-03-29 18:47:00+00:00,160.23,160.28,160.16,1052,160.17,99239,160.20864
2023-03-29 18:48:00+00:00,160.24,160.25,160.1909,496,160.23,50968,160.225445
2023-03-29 18:49:00+00:00,160.2601,160.28,160.22,529,160.2447,51403,160.260514
2023-03-29 18:50:00+00:00,160.275,160.35,160.262,827,160.27,87608,160.308202
2023-03-29 18:51:00+00:00,160.1957,160.28,160.1,1593,160.28,167615,160.194675
2023-03-29 18:52:00+00:00,160.35,160.4,160.19,2531,160.2,279717,160.304811
2023-03-29 18:53:00+00:00,160.385,160.3942,160.3573,627,160.3573,80044,160.377648
2023-03-29 18:54:00+00:00,160.47,160.49,160.36,1304,160.39,176885,160.419646
2023-03-29 18:55:00+00:00,160.41,160.5,160.41,956,160.46,112657,160.461509
2023-03-29 18:56:00+00:00,160.45,160.46,160.385,826,160.41,84906,160.41605
2023-03-29 18:57:00+00:00,160.4586,160.49,160.4401,874,160.455,112120,160.474666
2023-03-29 18:58:00+00:00,160.4805,160.49,160.445,671,160.4521,60727,160.464399
2023-03-29 18:59:00+00:00,160.445,160.51,160.43,1773,160.485,188484,160.481946
2023-03-29 19:00:00+00:00,160.49,160.51,160.4301,771,160.45,77018,160.480153
2023-03-29 19:01:00+00:00,160.42,160.65,160.295,5115,160.51,495721,160.454115
2023-03-29 19:02:00+00:00,160.33,160.43,160.32,891,160.4111,80229,160.371311
2023-03-29 19:03:00+00:00,160.4942,160.5,160.3355,738,160.3355,75828,160.413024
2023-03-29 19:04:00+00:00,160.47,160.53,160.44,785,160.5,69933,160.491353
2023-03-29 19:05:00+00:00,160.4555,160.475,160.37,960,160.4601,94708,160.429258
2023-03-29 19:06:00+00:00,160.4,160.48,160.38,837,160.47,72998,160.432708
2023-03-29 19:07:00+00:00,160.4,160.4,160.36,692,160.39,67253,160.379534
2023-03-29 19:08:00+00:00,160.4094,160.46,160.39,718,160.4,71941,160.420962
2023-03-29 19:09:00+00:00,160.41,160.44,160.3509,804,160.4,95097,160.398182
2023-03-29 19:10:00+00:00,160.37,160.4238,160.31,864,160.4,75209,160.347819
2023-03-29 19:11:00+00:00,160.3937,160.41,160.3499,776,160.38,70457,160.373232
2023-03-29 19:12:00+00:00,160.42,160.4543,160.37,707,160.39,68159,160.411521
2023-03-29 19:13:00+00:00,160.46,160.475,160.38,683,160.4207,61741,160.423201
2023-03-29 19:14:00+00:00,160.4861,160.52,160.4501,951,160.46,113094,160.488018
2023-03-29 19:15:00+00:00,160.515,160.52,160.4742,715,160.49,54534,160.496408
2023-03-29 19:16:00+00:00,160.6616,160.68,160.51,1768,160.52,190978,160.613672
2023-03-29 19:17:00+00:00,160.7089,160.715,160.63,1182,160.67,132790,160.668792
2023-03-29 19:18:00+00:00,160.725,160.77,160.7,1308,160.7071,161760,160.743065
2023-03-29 19:19:00+00:00,160.7142,160.77,160.7,1087,160.73,118200,160.737371
2023-03-29 19:20:00+00:00,160.7701,160.7855,160.72,983,160.72,123470,160.730368
2023-03-29 19:21:00+00:00,160.8001,160.8399,160.77,1146,160.78,133558,160.798863
2023-03-29 19:22:00+00:00,160.8219,160.84,160.7801,1083,160.81,105184,160.812608
2023-03-29 19:23:00+00:00,160.742,160.83,160.7326,1133,160.83,117934,160.784867
2023-03-29 19:24:00+00:00,160.77,160.7897,160.715,904,160.743,102834,160.749807
2023-03-29 19:25:00+00:00,160.7804,160.79,160.74,896,160.78,89408,160.768674
2023-03-29 19:26:00+00:00,160.8,160.85,160.7807,1147,160.7807,145520,160.817375
2023-03-29 19:27:00+00:00,160.83,160.85,160.7601,982,160.7901,99462,160.805761
2023-03-29 19:28:00+00:00,160.8001,160.92,160.78,1892,160.825,198533,160.833371
2023-03-29 19:29:00+00:00,160.83,160.85,160.77,1016,160.8027,124194,160.8038
2023-03-29 19:30:00+00:00,160.7387,160.82,160.725,1158,160.82,116798,160.771926
2023-03-29 19:31:00+00:00,160.7613,160.79,160.725,1010,160.74,105220,160.75845
2023-03-29 19:32:00+00:00,160.795,160.8011,160.72,1059,160.77,113834,160.772133
2023-03-29 19:33:00+00:00,160.8086,160.83,160.765,1121,160.8,131783,160.79448
2023-03-29 19:34:00+00:00,160.8301,160.84,160.77,1045,160.8022,117391,160.807153
2023-03-29 19:35:00+00:00,160.8,160.83,160.775,905,160.83,88781,160.794782
2023-03-29 19:36:00+00:00,160.7999,160.85,160.745,1516,160.7983,159890,160.805349
2023-03-29 19:37:00+00:00,160.81,160.85,160.78,1064,160.8,103453,160.818787
2023-03-29 19:38:00+00:00,160.84,160.9,160.805,1477,160.82,199208,160.854832
2023-03-29 19:39:00+00:00,160.83,160.89,160.81,1251,160.85,116472,160.850584
2023-03-29 19:40:00+00:00,160.765,160.84,160.75,1335,160.84,124048,160.784357
2023-03-29 19:41:00+00:00,160.7601,160.8,160.7401,1208,160.765,132370,160.766061
2023-03-29 19:42:00+00:00,160.81,160.8149,160.77,1058,160.77,108238,160.792041
2023-03-29 19:43:00+00:00,160.87,160.87,160.79,1116,160.8185,112149,160.822806
2023-03-29 19:44:00+00:00,160.865,160.91,160.85,1472,160.86,174810,160.887881
2023-03-29 19:45:00+00:00,160.8964,160.92,160.84,1414,160.86,157127,160.890755
2023-03-29 19:46:00+00:00,160.9757,160.9757,160.87,1631,160.9,188139,160.92849
2023-03-29 19:47:00+00:00,160.93,160.99,160.89,1821,160.97,205033,160.931072
2023-03-29 19:48:00+00:00,160.9721,160.99,160.89,1553,160.9399,175546,160.936875
2023-03-29 19:49:00+00:00,160.9503,161.0,160.9503,2714,160.975,259618,160.988927
2023-03-29 19:50:00+00:00,160.8424,161.05,160.83,4629,160.95,583010,160.937713
2023-03-29 19:51:00+00:00,160.9398,160.95,160.81,1940,160.845,214174,160.886505
2023-03-29 19:52:00+00:00,160.9609,160.99,160.92,1680,160.94,162001,160.957123
2023-03-29 19:53:00+00:00,160.765,160.97,160.75,2191,160.96,277945,160.84444
2023-03-29 19:54:00+00:00,160.68,160.78,160.63,2548,160.765,300677,160.716843
2023-03-29 19:55:00+00:00,160.655,160.71,160.6126,2660,160.68,299271,160.651626
2023-03-29 19:56:00+00:00,160.65,160.655,160.55,2075,160.655,234030,160.597194
2023-03-29 19:57:00+00:00,160.691,160.75,160.565,2684,160.645,289970,160.644561
2023-03-29 19:58:00+00:00,160.7101,160.72,160.64,2376,160.7,261788,160.686024
2023-03-29 19:59:00+00:00,160.78,160.79,160.61,5013,160.72,628350,160.695095
2023-03-29 20:00:00+00:00,160.79,160.94,160.7,372,160.78,12270367,160.770126
2023-03-29 20:01:00+00:00,160.8,160.88,160.77,150,160.77,172395,160.77163
2023-03-29 20:02:00+00:00,160.79,160.84,160.77,136,160.8,465315,160.770536
2023-03-29 20:03:00+00:00,160.71,160.82,160.71,69,160.79,94100,160.770042
2023-03-29 20:04:00+00:00,160.76,160.77,160.7,46,160.7,2847,160.732655
2023-03-29 20:05:00+00:00,160.74,160.78,160.69,108,160.78,6409,160.737931
2023-03-29 20:06:00+00:00,160.75,160.75,160.69,52,160.74,2645,160.719444
2023-03-29 20:07:00+00:00,160.72,160.77,160.67,78,160.72,111102,160.767532
2023-03-29 20:08:00+00:00,160.67,160.73,160.67,49,160.71,32621,160.763349
2023-03-29 20:09:00+00:00,160.73,160.73,160.62,98,160.7,6426,160.681151
2023-03-29 20:10:00+00:00,160.71,160.75,160.66,65,160.75,3217,160.711801
2023-03-29 20:11:00+00:00,160.69,160.69,160.68,30,160.68,2592,160.6889
2023-03-29 20:12:00+00:00,160.73,160.73,160.68,34,160.68,1392,160.704131
2023-03-29 20:13:00+00:00,160.76,160.76,160.72,53,160.72,1621,160.737711
2023-03-29 20:14:00+00:00,160.73,160.77,160.68,68,160.76,3917,160.713259
2023-03-29 20:15:00+00:00,160.72,160.73,160.66,49,160.73,1648,160.696538
2023-03-29 20:16:00+00:00,160.69,160.69,160.63,73,160.69,4113,160.666505
2023-03-29 20:17:00+00:00,160.69,160.69,160.65,69,160.69,3953,160.669686
2023-03-29 20:18:00+00:00,160.71,160.71,160.65,34,160.68,1285,160.680263
2023-03-29 20:19:00+00:00,160.69,160.72,160.68,44,160.7,1607,160.696439
2023-03-29 20:20:00+00:00,160.67,160.67,160.67,28,160.67,433,160.677771
2023-03-29 20:22:00+00:00,160.75,160.77,160.69,15,160.69,32816,160.769569
2023-03-29 20:24:00+00:00,160.73,160.73,160.73,19,160.73,395,160.731392
2023-03-29 20:25:00+00:00,160.7371,160.7371,160.72,20,160.72,563,160.727398
2023-03-29 20:26:00+00:00,160.71,160.73,160.66,56,160.7,3506,160.706567
2023-03-29 20:28:00+00:00,160.69,160.71,160.64,82,160.7,7839,160.676602
2023-03-29 20:29:00+00:00,160.71,160.71,160.69,27,160.69,1050,160.699444
2023-03-29 20:30:00+00:00,160.71,160.71,160.71,18,160.71,1628,160.709416
2023-03-29 20:31:00+00:00,160.7,160.7,160.7,25,160.7,327,160.704792
2023-03-29 20:32:00+00:00,160.73,160.73,160.66,81,160.7,4366,160.698216
2023-03-29 20:33:00+00:00,160.74,160.74,160.73,30,160.74,7078,160.736397
2023-03-29 20:34:00+00:00,160.72,160.77,160.67,59,160.69,36703,160.764431
2023-03-29 20:38:00+00:00,160.69,160.69,160.65,66,160.68,4296,160.670809
2023-03-29 20:39:00+00:00,160.65,160.65,160.64,30,160.65,1229,160.646256
2023-03-29 20:40:00+00:00,160.64,160.64,160.64,21,160.64,708,160.64113
2023-03-29 20:41:00+00:00,160.65,160.65,160.65,11,160.65,338,160.650148
2023-03-29 20:42:00+00:00,160.71,160.71,160.68,42,160.69,3839,160.688106
2023-03-29 20:43:00+00:00,160.7,160.73,160.69,35,160.73,1128,160.715359
2023-03-29 20:44:00+00:00,160.73,160.74,160.73,31,160.73,529,160.724802
2023-03-29 20:45:00+00:00,160.73,160.73,160.73,14,160.73,162,160.723201
2023-03-29 20:46:00+00:00,160.74,160.74,160.64,115,160.71,6357,160.683182
2023-03-29 20:47:00+00:00,160.71,160.74,160.66,35,160.7,1220,160.712881
2023-03-29 20:49:00+00:00,160.71,160.71,160.71,12,160.71,138,160.710134
2023-03-29 20:51:00+00:00,160.71,160.71,160.71,15,160.71,221,160.710656
2023-03-29 20:52:00+00:00,160.68,160.71,160.68,37,160.71,1438,160.699117
2023-03-29 20:53:00+00:00,160.71,160.72,160.69,24,160.72,941,160.707046
2023-03-29 20:54:00+00:00,160.71,160.73,160.66,77,160.68,4931,160.690756
2023-03-29 20:55:00+00:00,160.6901,160.72,160.68,24,160.72,816,160.696918
2023-03-29 20:56:00+00:00,160.68,160.77,160.64,50,160.69,29676,160.759754
2023-03-29 20:57:00+00:00,160.6306,160.6306,160.6306,15,160.6306,208,160.651208
2023-03-29 20:58:00+00:00,160.63,160.63,160.63,30,160.63,1031,160.879777
2023-03-29 20:59:00+00:00,160.63,160.71,160.63,54,160.68,356070,160.768989
2023-03-29 21:00:00+00:00,160.68,160.72,160.63,47,160.64,3896,160.694777
2023-03-29 21:01:00+00:00,160.6303,160.67,160.63,46,160.67,3086,160.578813
2023-03-29 21:02:00+00:00,160.68,160.68,160.67,27,160.67,2618,160.676432
2023-03-29 21:03:00+00:00,160.6405,160.6405,160.6405,11,160.6405,421,160.642749
2023-03-29 21:04:00+00:00,160.62,160.65,160.62,29,160.65,1668,160.636388
2023-03-29 21:05:00+00:00,160.65,160.65,160.62,45,160.62,3250,160.640364
2023-03-29 21:06:00+00:00,160.65,160.77,160.65,22,160.77,179948,160.769624
2023-03-29 21:07:00+00:00,160.65,160.65,160.65,9,160.65,260,160.647654
2023-03-29 21:08:00+00:00,160.65,160.65,160.65,20,160.65,659,160.646083
2023-03-29 21:10:00+00:00,160.64,160.65,160.64,31,160.64,2231,160.646712
2023-03-29 21:12:00+00:00,160.63,160.63,160.63,14,160.63,228,160.640307
2023-03-29 21:13:00+00:00,160.62,160.65,160.62,30,160.63,1611,160.631038
2023-03-29 21:14:00+00:00,160.63,160.63,160.61,25,160.63,1268,160.621964
2023-03-29 21:15:00+00:00,160.61,160.61,160.61,18,160.61,770,160.610429
2023-03-29 21:16:00+00:00,160.62,160.62,160.61,8,160.61,308,160.619773
2023-03-29 21:17:00+00:00,160.62,160.62,160.61,15,160.61,236,160.615678
2023-03-29 21:18:00+00:00,160.62,160.62,160.6,31,160.62,2113,160.606559
2023-03-29 21:19:00+00:00,160.6,160.6,160.6,13,160.6,247,160.601255
2023-03-29 21:20:00+00:00,160.6,160.6,160.6,17,160.6,438,160.600114
2023-03-29 21:22:00+00:00,160.65,160.65,160.6,29,160.6,2198,160.621884
2023-03-29 21:24:00+00:00,160.62,160.62,160.62,15,160.62,246,160.623565
2023-03-29 21:25:00+00:00,160.63,160.63,160.63,10,160.63,145,160.626414
2023-03-29 21:26:00+00:00,160.61,160.61,160.61,27,160.61,641,160.621201
2023-03-29 21:27:00+00:00,160.64,160.64,160.61,24,160.61,654,160.62133
2023-03-29 21:30:00+00:00,160.61,160.61,160.61,16,160.61,606,160.61066
2023-03-29 21:31:00+00:00,160.63,160.64,160.63,50,160.63,666,160.631859
2023-03-29 21:32:00+00:00,160.63,160.63,160.63,15,160.63,326,160.629202
2023-03-29 21:35:00+00:00,160.65,160.65,160.65,20,160.65,333,160.649159
2023-03-29 21:37:00+00:00,160.65,160.65,160.65,16,160.65,215,160.646512
2023-03-29 21:38:00+00:00,160.64,160.64,160.64,21,160.64,391,160.64046
2023-03-29 21:39:00+00:00,160.62,160.62,160.62,17,160.62,768,160.620801
2023-03-29 21:40:00+00:00,160.64,160.64,160.64,14,160.64,319,160.639138
2023-03-29 21:41:00+00:00,160.62,160.62,160.62,19,160.62,461,160.62102
2023-03-29 21:42:00+00:00,160.62,160.64,160.62,14,160.62,760,160.622908
2023-03-29 21:46:00+00:00,160.62,160.62,160.62,20,160.62,194,160.625515
2023-03-29 21:47:00+00:00,160.64,160.64,160.64,9,160.64,595,160.638555
2023-03-29 21:48:00+00:00,160.65,160.65,160.64,11,160.64,317,160.642963
2023-03-29 21:51:00+00:00,160.63,160.63,160.6206,11,160.6206,358,160.626661
2023-03-29 21:53:00+00:00,160.62,160.62,160.62,12,160.62,585,160.620103
2023-03-29 21:55:00+00:00,160.6126,160.6126,160.6126,18,160.6126,522,160.618467
2023-03-29 21:56:00+00:00,160.6106,160.6113,160.6106,13,160.6113,337,160.612789
2023-03-29 21:58:00+00:00,160.64,160.64,160.6399,18,160.6399,405,160.626864
2023-03-29 21:59:00+00:00,160.6102,160.6102,160.6102,6,160.6102,308,160.614708
2023-03-29 22:00:00+00:00,160.6,160.61,160.6,19,160.61,844,160.605101
2023-03-29 22:01:00+00:00,160.51,160.6,160.51,61,160.6,2683,160.547682
2023-03-29 22:06:00+00:00,160.6,160.6,160.6,16,160.6,261,160.589559
2023-03-29 22:09:00+00:00,160.63,160.63,160.62,19,160.62,857,160.625403
2023-03-29 22:10:00+00:00,160.62,160.63,160.62,19,160.63,613,160.623866
2023-03-29 22:11:00+00:00,160.64,160.64,160.64,20,160.64,781,160.638438
2023-03-29 22:12:00+00:00,160.64,160.64,160.64,8,160.64,226,160.637389
2023-03-29 22:13:00+00:00,160.63,160.63,160.63,10,160.63,705,160.630014
2023-03-29 22:15:00+00:00,160.64,160.64,160.64,11,160.64,288,160.638021
2023-03-29 22:18:00+00:00,160.63,160.63,160.63,7,160.63,626,160.629609
2023-03-29 22:23:00+00:00,160.63,160.63,160.63,9,160.63,1820,160.629973
2023-03-29 22:25:00+00:00,160.65,160.65,160.64,24,160.64,832,160.641803
2023-03-29 22:26:00+00:00,160.63,160.63,160.63,9,160.63,505,160.630079
2023-03-29 22:29:00+00:00,160.61,160.61,160.61,12,160.61,187,160.611711
2023-03-29 22:30:00+00:00,160.6,160.6,160.6,13,160.6,2532,160.599818
2023-03-29 22:32:00+00:00,160.63,160.63,160.62,16,160.62,740,160.610399
2023-03-29 22:36:00+00:00,160.55,160.55,160.55,5,160.55,262,160.550344
2023-03-29 22:37:00+00:00,160.54,160.55,160.54,10,160.55,610,160.554164
2023-03-29 22:39:00+00:00,160.51,160.55,160.51,28,160.54,1308,160.535818
2023-03-29 22:40:00+00:00,160.51,160.51,160.51,14,160.51,394,160.53802
2023-03-29 22:49:00+00:00,160.56,160.56,160.56,14,160.56,652,160.559991
2023-03-29 22:50:00+00:00,160.55,160.55,160.55,23,160.55,546,160.555192
2023-03-29 22:54:00+00:00,160.56,160.56,160.56,10,160.56,120,160.562708
2023-03-29 22:57:00+00:00,160.59,160.59,160.59,14,160.59,1271,160.589819
2023-03-29 22:58:00+00:00,160.59,160.59,160.56,13,160.56,853,160.580498
2023-03-29 23:01:00+00:00,160.5999,160.5999,160.5999,13,160.5999,182,160.567088
2023-03-29 23:07:00+00:00,160.59,160.59,160.58,16,160.58,733,160.585143
2023-03-29 23:08:00+00:00,160.52,160.52,160.52,21,160.52,361,160.524391
2023-03-29 23:09:00+00:00,160.52,160.52,160.52,16,160.52,433,160.52224
2023-03-29 23:13:00+00:00,160.56,160.56,160.56,13,160.56,139,160.55777
2023-03-29 23:15:00+00:00,160.53,160.53,160.53,7,160.53,155,160.538
2023-03-29 23:18:00+00:00,160.6,160.6,160.54,14,160.54,898,160.564594
2023-03-29 23:20:00+00:00,160.55,160.55,160.55,12,160.55,148,160.546284
2023-03-29 23:22:00+00:00,160.55,160.55,160.55,11,160.55,217,160.55341
2023-03-29 23:25:00+00:00,160.56,160.56,160.56,8,160.56,178,160.563933
2023-03-29 23:26:00+00:00,160.55,160.55,160.55,15,160.55,219,160.550411
2023-03-29 23:32:00+00:00,160.57,160.57,160.57,16,160.57,741,160.562834
2023-03-29 23:33:00+00:00,160.53,160.53,160.53,20,160.53,1265,160.530759
2023-03-29 23:37:00+00:00,160.5,160.52,160.5,13,160.52,1105,160.511403
2023-03-29 23:39:00+00:00,160.48,160.5,160.48,25,160.5,6880,160.497983
2023-03-29 23:40:00+00:00,160.48,160.48,160.48,12,160.48,383,160.482089
2023-03-29 23:41:00+00:00,160.3,160.49,160.3,72,160.49,4129,160.38078
2023-03-29 23:43:00+00:00,160.3,160.3,160.3,17,160.3,312,160.336554
2023-03-29 23:44:00+00:00,160.25,160.3,160.25,23,160.3,945,160.269228
2023-03-29 23:47:00+00:00,160.28,160.28,160.28,23,160.28,504,160.271002
2023-03-29 23:48:00+00:00,160.21,160.21,160.21,12,160.21,1054,160.220787
2023-03-29 23:49:00+00:00,160.27,160.27,160.27,7,160.27,353,160.269986
2023-03-29 23:51:00+00:00,160.31,160.31,160.31,17,160.31,493,160.316866
2023-03-29 23:52:00+00:00,160.29,160.29,160.29,29,160.29,451,160.296397
2023-03-29 23:53:00+00:00,160.3501,160.3501,160.3,31,160.3,1282,160.338565
2023-03-29 23:54:00+00:00,160.4,160.4,160.4,15,160.4,367,160.3953
2023-03-29 23:55:00+00:00,160.35,160.4,160.35,18,160.4,503,160.377336
2023-03-29 23:56:00+00:00,160.4,160.44,160.4,21,160.44,493,160.408763
2023-03-29 23:57:00+00:00,160.37,160.3999,160.37,23,160.3999,1024,160.380859
2023-03-29 23:58:00+00:00,160.35,160.38,160.35,19,160.35,665,160.346624
