timestamp,close,high,low,trade_count,open,volume,vwap
2023-08-03 08:00:00+00:00,191.12,191.9,191.0,190,191.9,4588,191.374575
2023-08-03 08:01:00+00:00,191.04,191.42,191.04,215,191.42,9281,191.166389
2023-08-03 08:02:00+00:00,190.93,191.05,190.74,203,191.05,4810,190.943921
2023-08-03 08:03:00+00:00,191.11,191.11,191.1,50,191.1,1670,191.115012
2023-08-03 08:04:00+00:00,191.45,191.45,191.23,49,191.23,3735,191.335577
2023-08-03 08:05:00+00:00,191.45,191.45,191.27,60,191.28,4215,191.355642
2023-08-03 08:06:00+00:00,191.4,191.45,191.4,54,191.44,5126,191.435554
2023-08-03 08:07:00+00:00,191.61,191.76,191.4,79,191.4,5006,191.595316
2023-08-03 08:08:00+00:00,191.73,191.74,191.73,28,191.74,2449,191.726619
2023-08-03 08:09:00+00:00,191.41,191.41,191.41,68,191.41,1503,191.496574
2023-08-03 08:10:00+00:00,191.39,191.43,191.33,65,191.4,2249,191.389876
2023-08-03 08:12:00+00:00,191.57,191.57,191.44,29,191.57,1204,191.537907
2023-08-03 08:13:00+00:00,191.41,191.43,191.41,27,191.41,1071,191.413203
2023-08-03 08:14:00+00:00,191.53,191.53,191.43,21,191.43,767,191.468918
2023-08-03 08:15:00+00:00,191.41,191.41,191.41,24,191.41,645,191.42445
2023-08-03 08:16:00+00:00,191.4,191.41,191.39,24,191.41,828,191.401594
2023-08-03 08:17:00+00:00,191.34,191.39,191.34,30,191.39,882,191.355102
2023-08-03 08:18:00+00:00,191.44,191.44,191.37,16,191.37,893,191.384479
2023-08-03 08:20:00+00:00,191.52,191.52,191.49,16,191.49,800,191.51535
2023-08-03 08:21:00+00:00,191.76,191.76,191.64,24,191.64,1002,191.678244
2023-08-03 08:22:00+00:00,191.76,191.76,191.76,11,191.76,320,191.753344
2023-08-03 08:23:00+00:00,191.77,191.77,191.77,19,191.77,427,191.777564
2023-08-03 08:25:00+00:00,191.76,191.84,191.76,34,191.83,1329,191.821226
2023-08-03 08:26:00+00:00,191.77,191.77,191.77,29,191.77,1793,191.7699
2023-08-03 08:27:00+00:00,191.71,191.71,191.71,17,191.71,326,191.725061
2023-08-03 08:28:00+00:00,191.75,191.75,191.75,21,191.75,643,191.757076
2023-08-03 08:29:00+00:00,191.71,191.75,191.71,35,191.75,1157,191.712109
2023-08-03 08:30:00+00:00,191.66,191.68,191.65,42,191.65,988,191.661245
2023-08-03 08:32:00+00:00,191.64,191.64,191.55,41,191.61,1451,191.595348
2023-08-03 08:34:00+00:00,191.52,191.55,191.52,22,191.55,1412,191.53728
2023-08-03 08:35:00+00:00,191.45,191.45,191.45,53,191.45,1132,191.455115
2023-08-03 08:36:00+00:00,191.5,191.5,191.5,11,191.5,327,191.496942
2023-08-03 08:37:00+00:00,191.46,191.46,191.46,30,191.46,1103,191.462294
2023-08-03 08:41:00+00:00,191.52,191.52,191.38,65,191.38,1673,191.459665
2023-08-03 08:43:00+00:00,191.31,191.39,191.31,52,191.39,1247,191.311844
2023-08-03 08:44:00+00:00,191.23,191.31,191.23,21,191.31,814,191.31317
2023-08-03 08:48:00+00:00,191.32,191.32,191.32,14,191.32,352,191.315028
2023-08-03 08:50:00+00:00,191.45,191.45,191.38,30,191.38,860,191.424628
2023-08-03 08:53:00+00:00,191.41,191.46,191.4,32,191.4,1557,191.418645
2023-08-03 08:57:00+00:00,191.42,191.42,191.42,31,191.42,881,191.447003
2023-08-03 08:59:00+00:00,191.48,191.48,191.48,2,191.48,189,191.476825
2023-08-03 09:00:00+00:00,191.48,191.48,191.48,17,191.48,1352,191.480843
2023-08-03 09:01:00+00:00,191.58,191.58,191.58,17,191.58,551,191.576116
2023-08-03 09:03:00+00:00,191.77,191.77,191.77,16,191.77,687,191.762009
2023-08-03 09:06:00+00:00,191.88,191.88,191.87,11,191.87,471,191.874395
2023-08-03 09:07:00+00:00,191.92,191.94,191.92,25,191.92,773,191.921358
2023-08-03 09:09:00+00:00,191.98,191.98,191.91,24,191.91,1186,191.943406
2023-08-03 09:10:00+00:00,192.1,192.1,191.99,32,191.99,1875,192.019536
2023-08-03 09:12:00+00:00,191.93,191.94,191.93,35,191.93,1613,191.925555
2023-08-03 09:15:00+00:00,191.8,191.82,191.8,10,191.82,516,191.806085
2023-08-03 09:19:00+00:00,191.9,191.91,191.9,35,191.91,1288,191.915543
2023-08-03 09:20:00+00:00,191.86,191.97,191.86,21,191.97,680,191.926941
2023-08-03 09:24:00+00:00,191.86,191.93,191.86,26,191.93,754,191.888873
2023-08-03 09:26:00+00:00,191.84,191.84,191.84,12,191.84,255,191.83651
2023-08-03 09:29:00+00:00,191.84,191.84,191.84,12,191.84,378,191.837619
2023-08-03 09:30:00+00:00,191.84,191.84,191.84,11,191.84,506,191.839862
2023-08-03 09:35:00+00:00,191.8,191.8,191.8,31,191.8,1384,191.800007
2023-08-03 09:36:00+00:00,191.7,191.75,191.7,26,191.75,697,191.743142
2023-08-03 09:37:00+00:00,191.7,191.7,191.7,4,191.7,311,191.7
2023-08-03 09:40:00+00:00,191.8,191.8,191.8,5,191.8,203,191.8
2023-08-03 09:43:00+00:00,191.82,191.82,191.81,11,191.81,402,191.814129
2023-08-03 09:45:00+00:00,191.97,191.97,191.97,4,191.97,307,191.969902
2023-08-03 09:46:00+00:00,191.99,191.99,191.99,12,191.99,175,191.983771
2023-08-03 09:48:00+00:00,191.99,191.99,191.99,13,191.99,365,191.94474
2023-08-03 09:49:00+00:00,191.92,191.92,191.92,9,191.92,415,191.922843
2023-08-03 09:52:00+00:00,191.91,191.91,191.91,12,191.91,284,191.924472
2023-08-03 09:54:00+00:00,191.99,192.0,191.98,27,191.99,2434,191.995427
2023-08-03 09:56:00+00:00,191.7,191.75,191.7,64,191.75,1282,191.809797
2023-08-03 09:59:00+00:00,191.83,191.83,191.83,10,191.83,325,191.828862
2023-08-03 10:01:00+00:00,192.0,192.0,191.91,26,191.91,1938,191.964747
2023-08-03 10:02:00+00:00,191.98,192.0,191.98,13,191.99,1088,191.980129
2023-08-03 10:04:00+00:00,192.07,192.07,192.07,16,192.07,274,192.055219
2023-08-03 10:07:00+00:00,192.0,192.0,192.0,17,192.0,169,192.003669
2023-08-03 10:08:00+00:00,192.0,192.0,191.98,18,191.98,1223,191.991038
2023-08-03 10:19:00+00:00,191.98,191.98,191.98,17,191.98,437,191.971076
2023-08-03 10:22:00+00:00,191.76,191.76,191.76,27,191.76,231,191.780563
2023-08-03 10:30:00+00:00,191.74,191.74,191.74,22,191.74,322,191.751739
2023-08-03 10:31:00+00:00,191.82,191.83,191.81,11,191.83,1031,191.816663
2023-08-03 10:32:00+00:00,191.83,191.85,191.8,32,191.8,2357,191.832223
2023-08-03 10:35:00+00:00,191.85,191.85,191.85,13,191.85,261,191.854521
2023-08-03 10:41:00+00:00,191.74,191.76,191.74,17,191.76,406,191.757438
2023-08-03 10:43:00+00:00,191.8,191.8,191.8,16,191.8,1207,191.797937
2023-08-03 10:48:00+00:00,191.75,191.75,191.7,38,191.75,1154,191.731716
2023-08-03 10:49:00+00:00,191.74,191.74,191.74,35,191.74,1309,191.744255
2023-08-03 10:51:00+00:00,191.7,191.73,191.7,41,191.73,2345,191.720942
2023-08-03 10:54:00+00:00,191.7,191.72,191.7,30,191.72,948,191.720158
2023-08-03 10:55:00+00:00,191.7,191.71,191.7,8,191.71,822,191.708735
2023-08-03 10:56:00+00:00,191.75,191.75,191.74,6,191.74,504,191.746806
2023-08-03 10:57:00+00:00,191.7,191.7,191.7,16,191.7,426,191.706854
2023-08-03 11:00:00+00:00,192.18,192.18,191.75,272,191.75,12278,191.927491
2023-08-03 11:01:00+00:00,192.17,192.17,192.11,69,192.15,4114,192.139895
2023-08-03 11:02:00+00:00,192.25,192.25,192.18,66,192.18,7262,192.227486
2023-08-03 11:03:00+00:00,192.13,192.22,192.13,52,192.22,4417,192.193575
2023-08-03 11:04:00+00:00,192.0,192.07,192.0,52,192.07,2643,192.044279
2023-08-03 11:05:00+00:00,191.86,191.93,191.86,30,191.93,1145,191.920236
2023-08-03 11:06:00+00:00,191.8,191.85,191.75,75,191.85,2393,191.805132
2023-08-03 11:07:00+00:00,191.91,191.91,191.91,37,191.91,1584,191.901143
2023-08-03 11:08:00+00:00,191.8,191.9,191.77,51,191.9,2114,191.802985
2023-08-03 11:09:00+00:00,191.86,191.86,191.86,14,191.86,334,191.870928
2023-08-03 11:10:00+00:00,191.92,191.92,191.92,23,191.92,774,191.913798
2023-08-03 11:11:00+00:00,192.08,192.08,191.93,68,191.93,2892,191.991075
2023-08-03 11:12:00+00:00,192.0,192.08,192.0,44,192.08,3388,192.037786
2023-08-03 11:13:00+00:00,191.9,191.9,191.9,34,191.9,1924,191.903087
2023-08-03 11:17:00+00:00,192.07,192.07,192.0,45,192.0,2090,192.018359
2023-08-03 11:18:00+00:00,191.92,192.02,191.92,73,192.02,2589,191.963917
2023-08-03 11:19:00+00:00,191.9,191.9,191.9,61,191.9,2606,191.926005
2023-08-03 11:21:00+00:00,191.8,191.93,191.8,81,191.93,3243,191.896879
2023-08-03 11:22:00+00:00,191.75,191.79,191.75,49,191.79,1632,191.772659
2023-08-03 11:23:00+00:00,191.7,191.75,191.7,57,191.75,3241,191.704267
2023-08-03 11:24:00+00:00,191.68,191.7,191.65,66,191.7,1988,191.663516
2023-08-03 11:25:00+00:00,191.68,191.69,191.68,97,191.68,3590,191.664106
2023-08-03 11:26:00+00:00,191.8,191.8,191.69,59,191.69,4680,191.740432
2023-08-03 11:27:00+00:00,191.65,191.73,191.65,51,191.73,1839,191.713877
2023-08-03 11:29:00+00:00,191.8,191.8,191.74,36,191.74,1578,191.795989
2023-08-03 11:30:00+00:00,191.83,191.85,191.79,36,191.79,1795,191.808635
2023-08-03 11:31:00+00:00,191.85,191.85,191.82,49,191.82,2992,191.832981
2023-08-03 11:32:00+00:00,192.0,192.0,191.99,63,191.99,3282,191.958909
2023-08-03 11:33:00+00:00,191.93,192.0,191.93,24,192.0,2958,191.99048
2023-08-03 11:34:00+00:00,191.93,191.93,191.92,42,191.92,2010,191.923721
2023-08-03 11:35:00+00:00,191.76,191.87,191.76,43,191.87,1556,191.815193
2023-08-03 11:36:00+00:00,191.82,191.82,191.82,19,191.82,444,191.82018
2023-08-03 11:37:00+00:00,191.91,191.95,191.91,45,191.95,1393,191.931019
2023-08-03 11:38:00+00:00,191.97,191.97,191.97,13,191.97,537,191.967691
2023-08-03 11:39:00+00:00,191.98,192.0,191.98,20,192.0,416,191.981322
2023-08-03 11:40:00+00:00,191.9,191.95,191.9,28,191.95,1142,191.940534
2023-08-03 11:42:00+00:00,191.87,191.87,191.87,24,191.87,687,191.857467
2023-08-03 11:46:00+00:00,191.8,191.8,191.8,13,191.8,632,191.800854
2023-08-03 11:47:00+00:00,191.72,191.73,191.72,34,191.73,2025,191.729674
2023-08-03 11:48:00+00:00,191.67,191.72,191.65,43,191.72,1474,191.677782
2023-08-03 11:49:00+00:00,191.69,191.69,191.65,30,191.65,973,191.669805
2023-08-03 11:50:00+00:00,191.79,191.79,191.79,21,191.79,853,191.780528
2023-08-03 11:54:00+00:00,191.83,191.83,191.83,17,191.83,448,191.821384
2023-08-03 11:55:00+00:00,191.85,191.85,191.85,8,191.85,301,191.843289
2023-08-03 11:56:00+00:00,191.82,191.82,191.82,25,191.82,870,191.816931
2023-08-03 11:57:00+00:00,191.82,191.82,191.8,9,191.8,1147,191.802293
2023-08-03 11:58:00+00:00,191.79,191.79,191.79,19,191.79,499,191.799259
2023-08-03 12:00:00+00:00,191.8,192.25,191.62,600,191.8,49414,191.890505
2023-08-03 12:01:00+00:00,191.68,191.75,191.465,669,191.75,6254,191.710816
2023-08-03 12:02:00+00:00,191.74,192.98,191.71,656,192.85,8087,192.215449
2023-08-03 12:03:00+00:00,191.77,192.6,191.53,382,191.72,8041,192.006933
2023-08-03 12:04:00+00:00,191.77,193.0,191.76,277,191.76,5335,192.275502
2023-08-03 12:05:00+00:00,191.71,191.79,191.71,65,191.79,1981,191.75923
2023-08-03 12:06:00+00:00,191.56,191.66,191.56,132,191.66,5011,191.621608
2023-08-03 12:07:00+00:00,191.67,191.67,191.6,39,191.6,1560,191.621019
2023-08-03 12:08:00+00:00,191.76,191.76,191.68,59,191.68,1808,191.707519
2023-08-03 12:09:00+00:00,191.8,191.8,191.8,32,191.8,514,191.791021
2023-08-03 12:10:00+00:00,191.83,191.85,191.83,55,191.84,2864,191.833584
2023-08-03 12:11:00+00:00,191.8,191.82,191.74,64,191.82,2741,191.768716
2023-08-03 12:12:00+00:00,191.83,191.83,191.75,109,191.8,6402,191.78732
2023-08-03 12:13:00+00:00,191.78,191.8104,191.78,32,191.8104,768,191.805319
2023-08-03 12:14:00+00:00,191.83,191.83,191.83,48,191.83,947,191.830872
2023-08-03 12:15:00+00:00,191.8,191.84,191.8,47,191.84,3958,191.834092
2023-08-03 12:16:00+00:00,191.7211,191.75,191.7211,53,191.75,2371,191.747734
2023-08-03 12:17:00+00:00,191.73,191.73,191.69,72,191.7,2169,191.716572
2023-08-03 12:18:00+00:00,191.82,191.89,191.82,110,191.86,4986,191.845779
2023-08-03 12:19:00+00:00,191.8326,191.85,191.82,56,191.85,1688,191.823928
2023-08-03 12:20:00+00:00,191.74,191.8099,191.65,92,191.74,4762,191.734007
2023-08-03 12:21:00+00:00,191.72,191.72,191.69,42,191.71,1448,191.703771
2023-08-03 12:22:00+00:00,191.7,191.72,191.7,107,191.7,8203,191.711498
2023-08-03 12:23:00+00:00,191.65,191.69,191.65,57,191.69,1928,191.673099
2023-08-03 12:24:00+00:00,191.5799,191.69,191.5493,139,191.67,6411,191.649309
2023-08-03 12:25:00+00:00,191.59,191.64,191.53,129,191.55,8162,191.601533
2023-08-03 12:26:00+00:00,191.59,191.59,191.57,88,191.59,7788,191.589891
2023-08-03 12:27:00+00:00,191.65,191.65,191.6,93,191.61,6062,191.614032
2023-08-03 12:28:00+00:00,191.5823,191.65,191.5823,50,191.62,3161,191.624709
2023-08-03 12:29:00+00:00,191.59,191.65,191.58,53,191.6005,1644,191.613144
2023-08-03 12:30:00+00:00,191.81,191.81,191.58,93,191.65,5287,191.747164
2023-08-03 12:31:00+00:00,191.65,191.85,191.63,82,191.78,2132,191.733229
2023-08-03 12:32:00+00:00,191.63,191.66,191.56,191,191.65,17896,191.624768
2023-08-03 12:33:00+00:00,191.49,191.5949,191.45,223,191.57,7623,191.516529
2023-08-03 12:34:00+00:00,191.69,191.69,191.52,36,191.52,1441,191.612769
2023-08-03 12:35:00+00:00,191.7,191.7,191.65,40,191.679,2153,191.679642
2023-08-03 12:36:00+00:00,191.94,191.94,191.73,149,191.73,7014,191.835214
2023-08-03 12:37:00+00:00,192.07,192.18,191.97,230,191.97,10571,192.047303
2023-08-03 12:38:00+00:00,191.9,192.1,191.87,106,192.07,6607,191.98055
2023-08-03 12:39:00+00:00,191.94,191.97,191.8906,29,191.8906,960,191.943599
2023-08-03 12:40:00+00:00,191.95,192.08,191.94,77,191.94,3702,191.979061
2023-08-03 12:41:00+00:00,191.95,191.96,191.85,131,191.9,7800,191.914168
2023-08-03 12:42:00+00:00,192.04,192.09,191.93,55,191.93,2804,192.028201
2023-08-03 12:43:00+00:00,192.07,192.1,192.01,47,192.01,5069,192.084085
2023-08-03 12:44:00+00:00,192.01,192.05,191.99,66,192.05,3955,192.011917
2023-08-03 12:45:00+00:00,192.02,192.02,191.96,62,191.99,1960,191.980076
2023-08-03 12:46:00+00:00,191.94,192.1,191.94,80,192.04,5238,192.005801
2023-08-03 12:47:00+00:00,191.9299,191.97,191.92,60,191.94,2617,191.941807
2023-08-03 12:48:00+00:00,191.97,191.98,191.93,133,191.93,7336,191.970876
2023-08-03 12:49:00+00:00,191.925,192.0,191.925,56,192.0,1995,191.972802
2023-08-03 12:50:00+00:00,191.98,191.98,191.925,48,191.925,2386,191.965497
2023-08-03 12:51:00+00:00,192.01,192.01,191.95,80,191.965,4506,191.978258
2023-08-03 12:52:00+00:00,192.0,192.0,192.0,185,192.0,2667,191.979145
2023-08-03 12:53:00+00:00,192.0,192.0,192.0,139,192.0,4975,192.001333
2023-08-03 12:54:00+00:00,191.99,192.01,191.9506,56,192.01,1780,191.975084
2023-08-03 12:55:00+00:00,191.89,192.0,191.89,99,191.98,4042,191.960051
2023-08-03 12:56:00+00:00,191.73,191.88,191.73,158,191.85,5639,191.819722
2023-08-03 12:57:00+00:00,191.7,191.77,191.7,98,191.72,6958,191.717794
2023-08-03 12:58:00+00:00,191.61,191.61,191.56,170,191.61,7218,191.599086
2023-08-03 12:59:00+00:00,191.73,191.78,191.66,131,191.66,6074,191.713511
2023-08-03 13:00:00+00:00,191.76,191.83,191.76,79,191.77,3249,191.776182
2023-08-03 13:01:00+00:00,191.76,191.76,191.71,81,191.76,6789,191.729219
2023-08-03 13:02:00+00:00,191.87,191.9,191.8,143,191.8,9560,191.863814
2023-08-03 13:03:00+00:00,191.84,191.89,191.82,81,191.85,5822,191.832497
2023-08-03 13:04:00+00:00,191.737,191.84,191.69,214,191.82,13219,191.766577
2023-08-03 13:05:00+00:00,191.79,191.79,191.74,77,191.74,2451,191.750849
2023-08-03 13:06:00+00:00,191.75,191.8,191.71,67,191.74,2925,191.737863
2023-08-03 13:07:00+00:00,191.82,191.85,191.75,121,191.75,12890,191.77156
2023-08-03 13:08:00+00:00,191.73,191.84,191.73,90,191.84,7199,191.746475
2023-08-03 13:09:00+00:00,191.79,191.79,191.74,64,191.74,3555,191.765674
2023-08-03 13:10:00+00:00,191.77,191.79,191.73,110,191.79,7912,191.760409
2023-08-03 13:11:00+00:00,191.87,191.87,191.81,104,191.81,2933,191.840443
2023-08-03 13:12:00+00:00,191.73,191.87,191.68,106,191.87,5531,191.745444
2023-08-03 13:13:00+00:00,191.76,191.76,191.67,64,191.68,1310,191.69937
2023-08-03 13:14:00+00:00,191.7,191.758,191.7,75,191.71,5113,191.708357
2023-08-03 13:15:00+00:00,191.7,191.7,191.59,145,191.6999,8730,191.644696
2023-08-03 13:16:00+00:00,191.54,191.7,191.54,137,191.7,6158,191.611745
2023-08-03 13:17:00+00:00,191.49,191.6285,191.49,249,191.57,17625,191.548675
2023-08-03 13:18:00+00:00,191.51,191.51,191.46,151,191.49,12273,191.470455
2023-08-03 13:19:00+00:00,191.46,191.51,191.43,123,191.51,4776,191.463827
2023-08-03 13:20:00+00:00,191.52,191.52,191.47,196,191.47,16594,191.507791
2023-08-03 13:21:00+00:00,191.5,191.56,191.46,104,191.54,5410,191.510798
2023-08-03 13:22:00+00:00,191.5,191.5,191.4411,93,191.48,2924,191.473205
2023-08-03 13:23:00+00:00,191.57,191.5701,191.53,106,191.53,6445,191.557454
2023-08-03 13:24:00+00:00,191.5,191.5511,191.5,105,191.5511,5032,191.525118
2023-08-03 13:25:00+00:00,191.25,191.5,191.2,429,191.46,19726,191.345534
2023-08-03 13:26:00+00:00,191.36,191.4,191.29,100,191.3,6786,191.364762
2023-08-03 13:27:00+00:00,191.65,191.65,191.38,192,191.39,9815,191.425777
2023-08-03 13:28:00+00:00,191.47,191.564,191.42,69,191.564,5033,191.455166
2023-08-03 13:29:00+00:00,191.52,191.62,191.4,178,191.47,9038,191.500908
2023-08-03 13:30:00+00:00,192.0644,192.16,190.69,11388,191.56,1277621,191.650441
2023-08-03 13:31:00+00:00,191.97,192.17,191.77,3304,192.0699,227503,191.95133
2023-08-03 13:32:00+00:00,191.86,191.97,191.81,2379,191.95,182752,191.914698
2023-08-03 13:33:00+00:00,191.26,191.86,191.26,2457,191.86,217385,191.588281
2023-08-03 13:34:00+00:00,191.3,191.55,191.16,3071,191.26,264068,191.347882
2023-08-03 13:35:00+00:00,191.38,191.41,191.114,2611,191.31,254255,191.213358
2023-08-03 13:36:00+00:00,191.6309,191.82,191.38,2305,191.38,216341,191.614232
2023-08-03 13:37:00+00:00,191.68,191.905,191.58,2192,191.65,186207,191.761552
2023-08-03 13:38:00+00:00,191.735,191.75,191.52,2224,191.68,207188,191.640769
2023-08-03 13:39:00+00:00,191.7901,191.89,191.735,1783,191.74,132747,191.819686
2023-08-03 13:40:00+00:00,191.7,191.92,191.59,2086,191.7932,139916,191.759039
2023-08-03 13:41:00+00:00,191.74,191.8,191.64,1833,191.7032,127912,191.709923
2023-08-03 13:42:00+00:00,191.74,191.85,191.68,2017,191.7332,119547,191.768852
2023-08-03 13:43:00+00:00,191.81,191.86,191.62,1963,191.73,153730,191.734473
2023-08-03 13:44:00+00:00,191.835,191.89,191.63,1616,191.81,108134,191.760434
2023-08-03 13:45:00+00:00,191.82,191.88,191.67,2340,191.83,163890,191.788796
2023-08-03 13:46:00+00:00,191.94,191.98,191.78,3709,191.82,136040,191.89253
2023-08-03 13:47:00+00:00,192.27,192.28,191.88,4671,191.939,234820,192.060595
2023-08-03 13:48:00+00:00,191.87,192.25,191.8504,3968,192.25,166878,192.047055
2023-08-03 13:49:00+00:00,191.9,191.9,191.73,3570,191.87,109433,191.831252
2023-08-03 13:50:00+00:00,191.93,192.03,191.83,3905,191.9,177439,191.952939
2023-08-03 13:51:00+00:00,192.0499,192.13,191.92,3712,191.9258,129348,192.036566
2023-08-03 13:52:00+00:00,192.0918,192.13,192.0,3994,192.045,174859,192.075478
2023-08-03 13:53:00+00:00,191.925,192.11,191.87,3643,192.095,114546,192.002675
2023-08-03 13:54:00+00:00,191.95,192.0011,191.9,3369,191.93,92378,191.958202
2023-08-03 13:55:00+00:00,191.855,192.0201,191.82,3411,191.95,86023,191.906973
2023-08-03 13:56:00+00:00,191.9125,191.9393,191.81,3200,191.8513,92989,191.866285
2023-08-03 13:57:00+00:00,192.0701,192.0989,191.8801,3586,191.905,132439,192.022387
2023-08-03 13:58:00+00:00,191.845,192.08,191.84,3489,192.08,110990,191.996732
2023-08-03 13:59:00+00:00,191.69,191.86,191.67,4012,191.85,177760,191.76762
2023-08-03 14:00:00+00:00,191.76,191.89,191.53,5149,191.68,225333,191.697583
2023-08-03 14:01:00+00:00,191.97,191.99,191.7012,4248,191.74,152201,191.869688
2023-08-03 14:02:00+00:00,191.65,192.03,191.59,4844,191.9601,181360,191.756015
2023-08-03 14:03:00+00:00,191.805,191.83,191.57,3843,191.66,127096,191.688903
2023-08-03 14:04:00+00:00,191.67,191.85,191.6301,3473,191.805,92679,191.754942
2023-08-03 14:05:00+00:00,191.67,191.75,191.53,4432,191.66,172557,191.641243
2023-08-03 14:06:00+00:00,191.51,191.73,191.48,4520,191.67,181613,191.593678
2023-08-03 14:07:00+00:00,191.445,191.625,191.44,3631,191.52,127979,191.543698
2023-08-03 14:08:00+00:00,191.42,191.51,191.365,3371,191.4495,91699,191.442543
2023-08-03 14:09:00+00:00,191.4086,191.47,191.37,3115,191.425,77308,191.418937
2023-08-03 14:10:00+00:00,191.41,191.47,191.33,3469,191.405,116963,191.396552
2023-08-03 14:11:00+00:00,191.59,191.5999,191.415,3429,191.42,110597,191.487658
2023-08-03 14:12:00+00:00,191.69,191.69,191.58,3295,191.59,101191,191.645451
2023-08-03 14:13:00+00:00,191.67,191.74,191.57,3191,191.6899,77783,191.65537
2023-08-03 14:14:00+00:00,191.62,191.695,191.5625,3109,191.66,63848,191.623007
2023-08-03 14:15:00+00:00,191.53,191.6499,191.4709,3339,191.61,73625,191.540404
2023-08-03 14:16:00+00:00,191.585,191.635,191.52,3045,191.52,72884,191.572837
2023-08-03 14:17:00+00:00,191.69,191.73,191.555,3307,191.585,109558,191.66114
2023-08-03 14:18:00+00:00,191.5718,191.74,191.5718,3170,191.69,83204,191.672028
2023-08-03 14:19:00+00:00,191.62,191.665,191.55,3178,191.57,93498,191.598848
2023-08-03 14:20:00+00:00,191.565,191.63,191.5157,3073,191.61,82332,191.572366
2023-08-03 14:21:00+00:00,191.2299,191.55,191.22,4203,191.55,179588,191.342219
2023-08-03 14:22:00+00:00,191.21,191.28,191.16,3862,191.22,121257,191.214132
2023-08-03 14:23:00+00:00,191.255,191.265,191.15,3808,191.21,139163,191.207934
2023-08-03 14:24:00+00:00,191.2,191.27,191.15,3598,191.25,127522,191.19696
2023-08-03 14:25:00+00:00,191.2022,191.29,191.16,3780,191.19,184221,191.205654
2023-08-03 14:26:00+00:00,191.1621,191.28,191.15,3435,191.2,122561,191.192033
2023-08-03 14:27:00+00:00,191.03,191.18,190.95,7642,191.165,422994,191.064294
2023-08-03 14:28:00+00:00,190.9,191.05,190.87,4094,191.035,154383,190.956616
2023-08-03 14:29:00+00:00,190.89,191.03,190.84,4110,190.91,165975,190.919479
2023-08-03 14:30:00+00:00,190.965,190.99,190.85,3521,190.895,105808,190.911243
2023-08-03 14:31:00+00:00,191.08,191.109,190.96,3745,190.965,168502,191.024184
2023-08-03 14:32:00+00:00,191.015,191.115,191.01,3233,191.08,87220,191.063706
2023-08-03 14:33:00+00:00,191.06,191.0873,191.0002,3055,191.025,151039,191.08323
2023-08-03 14:34:00+00:00,191.13,191.155,191.055,3229,191.06,94962,191.112742
2023-08-03 14:35:00+00:00,191.227,191.28,191.09,4112,191.14,160939,191.165376
2023-08-03 14:36:00+00:00,191.18,191.32,191.17,1837,191.22,80466,191.224803
2023-08-03 14:37:00+00:00,191.2,191.23,191.12,1085,191.1719,64312,191.181462
2023-08-03 14:38:00+00:00,191.3184,191.395,191.2,1244,191.2,83396,191.316287
2023-08-03 14:39:00+00:00,191.45,191.46,191.25,1359,191.315,83343,191.34928
2023-08-03 14:40:00+00:00,191.52,191.56,191.34,1296,191.43,93888,191.460109
2023-08-03 14:41:00+00:00,191.44,191.51,191.4103,1094,191.51,99609,191.453603
2023-08-03 14:42:00+00:00,191.5,191.57,191.4,1186,191.4303,100008,191.503636
2023-08-03 14:43:00+00:00,191.34,191.53,191.33,1034,191.5,77536,191.431685
2023-08-03 14:44:00+00:00,191.3212,191.3799,191.282,934,191.3444,66986,191.328191
2023-08-03 14:45:00+00:00,191.12,191.37,191.1,1413,191.33,113164,191.205464
2023-08-03 14:46:00+00:00,191.245,191.25,191.11,1502,191.12,140633,191.179195
2023-08-03 14:47:00+00:00,191.49,191.4916,191.225,1316,191.225,113813,191.33718
2023-08-03 14:48:00+00:00,191.58,191.58,191.4101,1549,191.48,178476,191.51054
2023-08-03 14:49:00+00:00,191.6113,191.66,191.54,1162,191.57,106458,191.605259
2023-08-03 14:50:00+00:00,191.365,191.6399,191.365,1573,191.615,168127,191.486703
2023-08-03 14:51:00+00:00,191.29,191.405,191.22,1292,191.4,158404,191.363141
2023-08-03 14:52:00+00:00,191.315,191.35,191.26,910,191.29,68459,191.303086
2023-08-03 14:53:00+00:00,191.375,191.375,191.23,917,191.31,55484,191.293747
2023-08-03 14:54:00+00:00,191.2419,191.37,191.2135,972,191.36,64219,191.27523
2023-08-03 14:55:00+00:00,191.24,191.289,191.16,1096,191.24,96352,191.220639
2023-08-03 14:56:00+00:00,191.325,191.36,191.24,716,191.24,49126,191.307757
2023-08-03 14:57:00+00:00,191.5,191.51,191.29,1063,191.33,76283,191.394595
2023-08-03 14:58:00+00:00,191.7828,191.9,191.4856,2903,191.4856,310425,191.723719
2023-08-03 14:59:00+00:00,191.72,191.86,191.69,1440,191.782,170876,191.767362
2023-08-03 15:00:00+00:00,191.74,191.89,191.72,1885,191.72,167549,191.785329
2023-08-03 15:01:00+00:00,191.69,191.74,191.63,1107,191.74,86549,191.692105
2023-08-03 15:02:00+00:00,191.68,191.705,191.63,772,191.69,59297,191.677488
2023-08-03 15:03:00+00:00,191.71,191.7489,191.623,994,191.67,87367,191.685541
2023-08-03 15:04:00+00:00,191.69,191.75,191.655,892,191.7101,306772,191.657294
2023-08-03 15:05:00+00:00,191.75,191.82,191.63,1074,191.69,93595,191.74012
2023-08-03 15:06:00+00:00,191.765,191.84,191.73,823,191.731,73666,191.783554
2023-08-03 15:07:00+00:00,191.8411,191.86,191.74,857,191.765,60452,191.813983
2023-08-03 15:08:00+00:00,191.8431,191.87,191.75,792,191.85,73178,191.821288
2023-08-03 15:09:00+00:00,191.94,191.95,191.83,1001,191.855,96094,191.894296
2023-08-03 15:10:00+00:00,191.86,191.95,191.845,807,191.9206,53899,191.885418
2023-08-03 15:11:00+00:00,192.105,192.17,191.83,2056,191.855,226476,192.067437
2023-08-03 15:12:00+00:00,192.2,192.22,192.05,1822,192.0816,172809,192.138584
2023-08-03 15:13:00+00:00,192.2145,192.32,192.17,1598,192.2,140503,192.237451
2023-08-03 15:14:00+00:00,192.294,192.33,192.2,1210,192.2,97264,192.27366
2023-08-03 15:15:00+00:00,192.2601,192.315,192.16,971,192.295,79476,192.224426
2023-08-03 15:16:00+00:00,192.35,192.37,192.2101,1008,192.26,85736,192.315366
2023-08-03 15:17:00+00:00,192.2871,192.365,192.26,1031,192.34,100385,192.288688
2023-08-03 15:18:00+00:00,192.17,192.3,192.13,1223,192.28,102352,192.222602
2023-08-03 15:19:00+00:00,192.26,192.35,192.16,1488,192.16,148995,192.274119
2023-08-03 15:20:00+00:00,192.3101,192.3699,192.25,903,192.2699,71037,192.31128
2023-08-03 15:21:00+00:00,192.22,192.37,192.19,990,192.32,107073,192.272104
2023-08-03 15:22:00+00:00,192.15,192.28,192.1124,895,192.2499,80338,192.200299
2023-08-03 15:23:00+00:00,192.15,192.175,192.09,1111,192.146,99757,192.137156
2023-08-03 15:24:00+00:00,192.22,192.23,192.14,684,192.15,50559,192.195646
2023-08-03 15:25:00+00:00,192.23,192.28,192.19,1006,192.225,81514,192.237649
2023-08-03 15:26:00+00:00,192.11,192.28,192.07,1234,192.24,91343,192.165219
2023-08-03 15:27:00+00:00,192.145,192.17,192.07,1031,192.105,70611,192.119156
2023-08-03 15:28:00+00:00,192.11,192.19,192.1,920,192.14,69320,192.149525
2023-08-03 15:29:00+00:00,192.1,192.125,192.06,997,192.11,85297,192.089861
2023-08-03 15:30:00+00:00,192.095,192.2,192.05,1002,192.11,81635,192.12133
2023-08-03 15:31:00+00:00,192.04,192.16,192.03,1086,192.1,85677,192.092995
2023-08-03 15:32:00+00:00,192.03,192.095,191.965,1274,192.0371,86214,192.032012
2023-08-03 15:33:00+00:00,192.01,192.05,191.98,827,192.03,47340,192.011554
2023-08-03 15:34:00+00:00,192.058,192.06,191.94,1122,192.0,80558,191.991037
2023-08-03 15:35:00+00:00,191.98,192.08,191.97,754,192.0501,57784,192.020892
2023-08-03 15:36:00+00:00,191.995,192.02,191.96,720,191.9801,57935,191.990085
2023-08-03 15:37:00+00:00,191.98,192.005,191.9,752,192.0001,57581,191.944117
2023-08-03 15:38:00+00:00,192.04,192.065,191.95,882,191.975,68176,192.011847
2023-08-03 15:39:00+00:00,192.0533,192.0899,192.0,1045,192.03,85100,192.037103
2023-08-03 15:40:00+00:00,191.97,192.07,191.9657,1138,192.05,98540,192.026592
2023-08-03 15:41:00+00:00,192.06,192.06,191.945,762,191.96,49742,192.014589
2023-08-03 15:42:00+00:00,192.01,192.07,191.945,997,192.06,90559,191.994777
2023-08-03 15:43:00+00:00,192.005,192.08,191.99,833,192.01,61879,192.032409
2023-08-03 15:44:00+00:00,191.9227,192.01,191.88,1124,192.01,81759,191.940837
2023-08-03 15:45:00+00:00,191.78,191.915,191.77,1181,191.915,91626,191.846602
2023-08-03 15:46:00+00:00,191.86,191.88,191.79,707,191.795,54818,191.832814
2023-08-03 15:47:00+00:00,191.8521,191.93,191.831,816,191.86,55090,191.88431
2023-08-03 15:48:00+00:00,191.905,191.929,191.82,761,191.85,72646,191.885551
2023-08-03 15:49:00+00:00,191.9401,192.0,191.905,654,191.905,49015,191.951783
2023-08-03 15:50:00+00:00,191.9895,192.01,191.92,913,191.945,128407,191.97281
2023-08-03 15:51:00+00:00,192.0201,192.065,191.965,1054,191.9817,105436,192.013998
2023-08-03 15:52:00+00:00,192.06,192.11,192.015,870,192.02,76668,192.067982
2023-08-03 15:53:00+00:00,192.065,192.07,192.0001,723,192.065,56951,192.037501
2023-08-03 15:54:00+00:00,192.075,192.09,192.02,636,192.06,41446,192.059517
2023-08-03 15:55:00+00:00,191.965,192.06,191.92,957,192.06,65072,191.991884
2023-08-03 15:56:00+00:00,191.87,192.0,191.86,1245,191.97,89089,191.940829
2023-08-03 15:57:00+00:00,191.75,191.875,191.73,1117,191.875,68851,191.782924
2023-08-03 15:58:00+00:00,191.81,191.825,191.74,841,191.75,76541,191.776796
2023-08-03 15:59:00+00:00,191.74,191.82,191.73,769,191.81,49845,191.760149
2023-08-03 16:00:00+00:00,191.61,191.7499,191.61,1157,191.74,75032,191.69244
2023-08-03 16:01:00+00:00,191.65,191.725,191.63,859,191.63,66835,191.680371
2023-08-03 16:02:00+00:00,191.7973,191.7973,191.64,1073,191.645,93669,191.704451
2023-08-03 16:03:00+00:00,191.8,191.8219,191.77,598,191.795,37044,191.799718
2023-08-03 16:04:00+00:00,191.7501,191.805,191.7101,789,191.803,85689,191.750256
2023-08-03 16:05:00+00:00,191.8101,191.83,191.75,785,191.75,70215,191.796794
2023-08-03 16:06:00+00:00,191.785,191.82,191.72,726,191.81,47074,191.775282
2023-08-03 16:07:00+00:00,191.805,191.85,191.74,730,191.78,54109,191.798013
2023-08-03 16:08:00+00:00,191.835,191.89,191.795,733,191.8,53560,191.853215
2023-08-03 16:09:00+00:00,191.72,191.88,191.72,1025,191.83,97499,191.814565
2023-08-03 16:10:00+00:00,191.86,191.865,191.74,755,191.74,63963,191.813379
2023-08-03 16:11:00+00:00,191.88,191.89,191.77,736,191.8538,58493,191.844279
2023-08-03 16:12:00+00:00,191.87,191.9,191.8116,634,191.89,46616,191.859793
2023-08-03 16:13:00+00:00,191.83,191.89,191.8,882,191.875,77334,191.853941
2023-08-03 16:14:00+00:00,191.65,191.83,191.65,936,191.83,83063,191.739988
2023-08-03 16:15:00+00:00,191.7887,191.79,191.63,1011,191.66,77887,191.706667
2023-08-03 16:16:00+00:00,191.83,191.83,191.74,847,191.785,53295,191.774268
2023-08-03 16:17:00+00:00,191.7144,191.83,191.71,627,191.83,50713,191.756436
2023-08-03 16:18:00+00:00,191.78,191.78,191.68,733,191.72,61228,191.71668
2023-08-03 16:19:00+00:00,191.855,191.86,191.7609,828,191.79,76349,191.822608
2023-08-03 16:20:00+00:00,191.89,191.89,191.805,686,191.86,51561,191.846118
2023-08-03 16:21:00+00:00,191.9022,191.9199,191.84,812,191.89,74629,191.883269
2023-08-03 16:22:00+00:00,191.83,191.93,191.77,1137,191.9,102749,191.835749
2023-08-03 16:23:00+00:00,191.83,191.85,191.79,677,191.83,47847,191.820196
2023-08-03 16:24:00+00:00,191.9067,191.9067,191.82,581,191.8201,53488,191.853898
2023-08-03 16:25:00+00:00,191.9599,192.0,191.89,806,191.9096,60458,191.944699
2023-08-03 16:26:00+00:00,191.9879,192.0,191.91,950,191.969,80640,191.976519
2023-08-03 16:27:00+00:00,191.9503,191.995,191.93,764,191.98,43364,191.970551
2023-08-03 16:28:00+00:00,191.9151,191.94,191.85,942,191.94,108522,191.878257
2023-08-03 16:29:00+00:00,191.8264,191.9,191.71,1383,191.9,107329,191.774522
2023-08-03 16:30:00+00:00,191.895,191.9381,191.831,614,191.8348,30778,191.893598
2023-08-03 16:31:00+00:00,191.8501,191.94,191.84,732,191.895,53518,191.881037
2023-08-03 16:32:00+00:00,191.9,191.92,191.84,602,191.8499,38791,191.866727
2023-08-03 16:33:00+00:00,191.76,191.89,191.72,968,191.89,103320,191.819538
2023-08-03 16:34:00+00:00,191.7624,191.8,191.72,706,191.765,50893,191.76361
2023-08-03 16:35:00+00:00,191.83,191.86,191.755,774,191.765,56992,191.798356
2023-08-03 16:36:00+00:00,191.94,191.95,191.8208,518,191.835,35531,191.871573
2023-08-03 16:37:00+00:00,191.885,191.95,191.87,696,191.95,40182,191.91379
2023-08-03 16:38:00+00:00,191.92,191.92,191.835,569,191.89,41783,191.903226
2023-08-03 16:39:00+00:00,191.92,191.97,191.915,933,191.93,82426,191.947248
2023-08-03 16:40:00+00:00,192.0784,192.1,191.92,810,191.93,63931,192.018842
2023-08-03 16:41:00+00:00,192.0828,192.1,192.04,659,192.08,63138,192.071051
2023-08-03 16:42:00+00:00,192.09,192.1,192.04,694,192.085,43148,192.073625
2023-08-03 16:43:00+00:00,192.06,192.1097,192.04,1008,192.085,63778,192.081348
2023-08-03 16:44:00+00:00,192.0588,192.09,192.05,709,192.07,45706,192.068328
2023-08-03 16:45:00+00:00,192.2084,192.21,192.035,1073,192.0563,91405,192.139684
2023-08-03 16:46:00+00:00,192.25,192.25,192.185,808,192.21,62051,192.225205
2023-08-03 16:47:00+00:00,192.205,192.28,192.17,1055,192.2475,96718,192.232304
2023-08-03 16:48:00+00:00,192.26,192.275,192.2,799,192.2099,53986,192.236889
2023-08-03 16:49:00+00:00,192.32,192.34,192.24,1036,192.26,68626,192.302162
2023-08-03 16:50:00+00:00,192.317,192.36,192.24,1010,192.32,61915,192.298222
2023-08-03 16:51:00+00:00,192.2884,192.3201,192.23,836,192.32,48938,192.282932
2023-08-03 16:52:00+00:00,192.31,192.315,192.26,1024,192.2899,75344,192.292854
2023-08-03 16:53:00+00:00,192.225,192.32,192.225,917,192.305,66212,192.273596
2023-08-03 16:54:00+00:00,192.28,192.28,192.21,761,192.22,71370,192.249614
2023-08-03 16:55:00+00:00,192.2935,192.305,192.25,761,192.28,71356,192.281668
2023-08-03 16:56:00+00:00,192.2399,192.31,192.21,607,192.295,45601,192.255542
2023-08-03 16:57:00+00:00,192.19,192.24,192.16,763,192.23,57732,192.201567
2023-08-03 16:58:00+00:00,192.215,192.2299,192.17,648,192.19,68022,192.157518
2023-08-03 16:59:00+00:00,192.215,192.28,192.215,855,192.22,67200,192.250717
2023-08-03 17:00:00+00:00,192.245,192.27,192.19,645,192.22,45458,192.223044
2023-08-03 17:01:00+00:00,192.21,192.2441,192.17,582,192.2441,34033,192.209666
2023-08-03 17:02:00+00:00,192.14,192.27,192.1233,1006,192.2,72493,192.203017
2023-08-03 17:03:00+00:00,192.225,192.2399,192.122,600,192.14,157530,192.266083
2023-08-03 17:04:00+00:00,192.245,192.3,192.215,598,192.22,38718,192.26905
2023-08-03 17:05:00+00:00,192.225,192.27,192.1801,516,192.24,41043,192.225192
2023-08-03 17:06:00+00:00,192.14,192.26,192.14,657,192.2201,46784,192.201126
2023-08-03 17:07:00+00:00,192.0213,192.2,192.0213,989,192.175,89684,192.10185
2023-08-03 17:08:00+00:00,191.97,192.06,191.95,1283,192.04,119583,192.000763
2023-08-03 17:09:00+00:00,192.0008,192.12,191.9,1996,191.9601,211109,191.977634
2023-08-03 17:10:00+00:00,191.95,192.0888,191.95,761,192.0,64877,192.015158
2023-08-03 17:11:00+00:00,191.95,192.02,191.93,742,191.9501,50975,191.973258
2023-08-03 17:12:00+00:00,192.025,192.08,191.95,717,191.95,47343,192.020749
2023-08-03 17:13:00+00:00,192.0291,192.04,191.9894,800,192.03,40996,192.015891
2023-08-03 17:14:00+00:00,192.04,192.0891,192.025,700,192.025,74355,192.052809
2023-08-03 17:15:00+00:00,191.995,192.045,191.97,753,192.045,52796,192.008754
2023-08-03 17:16:00+00:00,191.8919,192.01,191.87,1248,191.985,113730,191.940803
2023-08-03 17:17:00+00:00,192.01,192.0268,191.89,818,191.91,74705,191.967122
2023-08-03 17:18:00+00:00,191.995,192.0403,191.95,669,192.01,42178,192.008064
2023-08-03 17:19:00+00:00,192.004,192.03,191.96,688,191.99,53576,191.998345
2023-08-03 17:20:00+00:00,192.06,192.08,192.01,627,192.01,44327,192.045424
2023-08-03 17:21:00+00:00,192.05,192.09,192.01,499,192.06,32836,192.048794
2023-08-03 17:22:00+00:00,191.98,192.035,191.961,569,192.0287,35414,191.997528
2023-08-03 17:23:00+00:00,191.985,192.01,191.96,496,191.975,26741,191.976873
2023-08-03 17:24:00+00:00,192.08,192.08,191.98,580,191.985,44320,192.018843
2023-08-03 17:25:00+00:00,192.0,192.105,191.9801,707,192.08,57085,192.053261
2023-08-03 17:26:00+00:00,192.0012,192.06,191.98,763,192.01,48402,192.016518
2023-08-03 17:27:00+00:00,192.04,192.07,192.0,617,192.01,44485,192.027584
2023-08-03 17:28:00+00:00,191.985,192.05,191.985,564,192.05,26962,192.013064
2023-08-03 17:29:00+00:00,191.88,191.99,191.85,964,191.985,74606,191.906037
2023-08-03 17:30:00+00:00,191.945,191.95,191.87,1023,191.89,67686,191.918938
2023-08-03 17:31:00+00:00,191.925,191.96,191.9112,835,191.945,41852,191.936031
2023-08-03 17:32:00+00:00,191.86,191.94,191.855,680,191.925,29396,191.909812
2023-08-03 17:33:00+00:00,191.8405,191.865,191.8095,866,191.8619,58480,191.84013
2023-08-03 17:34:00+00:00,191.815,191.85,191.8,807,191.85,48832,191.83585
2023-08-03 17:35:00+00:00,191.735,191.81,191.72,1265,191.8,96442,191.767627
2023-08-03 17:36:00+00:00,191.745,191.76,191.72,921,191.74,80851,191.740633
2023-08-03 17:37:00+00:00,191.67,191.76,191.6699,1040,191.74,78760,191.704597
2023-08-03 17:38:00+00:00,191.6089,191.68,191.59,904,191.665,71239,191.624064
2023-08-03 17:39:00+00:00,191.675,191.71,191.61,910,191.61,78288,191.673105
2023-08-03 17:40:00+00:00,191.5601,191.68,191.55,942,191.675,72989,191.612436
2023-08-03 17:41:00+00:00,191.555,191.64,191.535,1139,191.57,132194,191.575493
2023-08-03 17:42:00+00:00,191.52,191.63,191.52,1043,191.57,104565,191.571137
2023-08-03 17:43:00+00:00,191.41,191.52,191.3901,1725,191.5183,141090,191.450676
2023-08-03 17:44:00+00:00,191.43,191.49,191.395,885,191.4,130449,191.459659
2023-08-03 17:45:00+00:00,191.355,191.43,191.31,1200,191.42,81517,191.35534
2023-08-03 17:46:00+00:00,191.35,191.39,191.34,773,191.355,79787,191.367048
2023-08-03 17:47:00+00:00,191.33,191.35,191.27,1136,191.35,104925,191.312884
2023-08-03 17:48:00+00:00,191.385,191.44,191.32,1061,191.3256,121583,191.373781
2023-08-03 17:49:00+00:00,191.32,191.43,191.31,755,191.39,60230,191.376631
2023-08-03 17:50:00+00:00,191.275,191.36,191.26,856,191.315,73399,191.308929
2023-08-03 17:51:00+00:00,191.3401,191.3999,191.24,898,191.27,102253,191.394271
2023-08-03 17:52:00+00:00,191.435,191.455,191.35,655,191.3511,57121,191.415112
2023-08-03 17:53:00+00:00,191.55,191.57,191.4246,974,191.45,100603,191.511159
2023-08-03 17:54:00+00:00,191.505,191.56,191.49,726,191.55,56910,191.502019
2023-08-03 17:55:00+00:00,191.4184,191.539,191.4,915,191.51,68743,191.472857
2023-08-03 17:56:00+00:00,191.36,191.47,191.36,829,191.42,64257,191.405439
2023-08-03 17:57:00+00:00,191.48,191.49,191.35,740,191.36,66528,191.409258
2023-08-03 17:58:00+00:00,191.48,191.5,191.405,754,191.48,53444,191.456272
2023-08-03 17:59:00+00:00,191.3702,191.471,191.336,1106,191.47,88991,191.398884
2023-08-03 18:00:00+00:00,191.42,191.46,191.36,932,191.37,67530,191.420502
2023-08-03 18:01:00+00:00,191.41,191.49,191.3632,957,191.42,72788,191.429722
2023-08-03 18:02:00+00:00,191.4637,191.5,191.3702,1532,191.42,152633,191.430061
2023-08-03 18:03:00+00:00,191.49,191.5,191.44,598,191.4619,36353,191.474866
2023-08-03 18:04:00+00:00,191.425,191.5,191.36,1155,191.498,116963,191.426433
2023-08-03 18:05:00+00:00,191.355,191.4399,191.33,627,191.41,36217,191.382116
2023-08-03 18:06:00+00:00,191.389,191.42,191.35,615,191.35,33556,191.395841
2023-08-03 18:07:00+00:00,191.3223,191.385,191.26,1279,191.38,158023,191.297827
2023-08-03 18:08:00+00:00,191.4726,191.5,191.31,1160,191.31,136675,191.422643
2023-08-03 18:09:00+00:00,191.3801,191.47,191.37,970,191.47,65711,191.425912
2023-08-03 18:10:00+00:00,191.31,191.43,191.25,1642,191.38,149612,191.317128
2023-08-03 18:11:00+00:00,191.305,191.36,191.29,862,191.3112,57208,191.319122
2023-08-03 18:12:00+00:00,191.2399,191.2999,191.2101,866,191.29,62669,191.253748
2023-08-03 18:13:00+00:00,191.3,191.31,191.2,834,191.22,58185,191.250223
2023-08-03 18:14:00+00:00,191.355,191.4001,191.31,796,191.31,55178,191.355166
2023-08-03 18:15:00+00:00,191.465,191.465,191.35,682,191.355,56245,191.404627
2023-08-03 18:16:00+00:00,191.445,191.5,191.38,1010,191.465,79878,191.434528
2023-08-03 18:17:00+00:00,191.49,191.5,191.41,682,191.44,52229,191.466071
2023-08-03 18:18:00+00:00,191.57,191.61,191.49,1072,191.49,95896,191.542291
2023-08-03 18:19:00+00:00,191.5927,191.61,191.56,653,191.575,58035,191.586671
2023-08-03 18:20:00+00:00,191.62,191.62,191.56,610,191.595,61045,191.584344
2023-08-03 18:21:00+00:00,191.6692,191.6692,191.58,647,191.615,49755,191.616182
2023-08-03 18:22:00+00:00,191.67,191.68,191.63,700,191.67,54873,191.656011
2023-08-03 18:23:00+00:00,191.73,191.735,191.655,759,191.67,68638,191.697608
2023-08-03 18:24:00+00:00,191.78,191.79,191.73,931,191.73,77443,191.750122
2023-08-03 18:25:00+00:00,191.725,191.79,191.69,1104,191.78,88753,191.741359
2023-08-03 18:26:00+00:00,191.7352,191.83,191.71,1036,191.7226,136246,191.771637
2023-08-03 18:27:00+00:00,191.72,191.76,191.65,818,191.7322,97254,191.715104
2023-08-03 18:28:00+00:00,191.73,191.75,191.67,672,191.725,66155,191.712658
2023-08-03 18:29:00+00:00,191.735,191.78,191.71,725,191.725,55449,191.74878
2023-08-03 18:30:00+00:00,191.74,191.765,191.67,887,191.74,85175,191.722525
2023-08-03 18:31:00+00:00,191.83,191.84,191.73,845,191.74,78609,191.791756
2023-08-03 18:32:00+00:00,191.87,191.87,191.79,739,191.83,53274,191.834683
2023-08-03 18:33:00+00:00,191.8401,191.88,191.78,918,191.875,85690,191.820734
2023-08-03 18:34:00+00:00,191.86,191.88,191.83,764,191.85,64258,191.850352
2023-08-03 18:35:00+00:00,191.75,191.88,191.73,1157,191.86,95705,191.810484
2023-08-03 18:36:00+00:00,191.61,191.75,191.6,1353,191.75,123105,191.659557
2023-08-03 18:37:00+00:00,191.7,191.74,191.62,972,191.62,72608,191.674657
2023-08-03 18:38:00+00:00,191.835,191.85,191.69,917,191.7,82150,191.785961
2023-08-03 18:39:00+00:00,191.765,191.88,191.76,1083,191.82,86402,191.819271
2023-08-03 18:40:00+00:00,191.845,191.86,191.755,749,191.76,56305,191.812493
2023-08-03 18:41:00+00:00,191.91,191.91,191.8073,833,191.84,97242,191.873974
2023-08-03 18:42:00+00:00,191.945,191.95,191.9,857,191.91,83552,191.923272
2023-08-03 18:43:00+00:00,191.81,191.95,191.78,1363,191.94,114904,191.872572
2023-08-03 18:44:00+00:00,191.79,191.84,191.7209,1072,191.81,91251,191.794163
2023-08-03 18:45:00+00:00,191.83,191.89,191.79,924,191.79,93840,191.84341
2023-08-03 18:46:00+00:00,191.82,191.9,191.82,638,191.8208,52859,191.864916
2023-08-03 18:47:00+00:00,191.78,191.84,191.7,940,191.82,93042,191.752817
2023-08-03 18:48:00+00:00,191.68,191.7895,191.68,742,191.7801,79139,191.701472
2023-08-03 18:49:00+00:00,191.5346,191.68,191.475,1406,191.68,131127,191.566604
2023-08-03 18:50:00+00:00,191.5501,191.6,191.52,842,191.54,84434,191.55769
2023-08-03 18:51:00+00:00,191.6993,191.72,191.49,1300,191.55,115987,191.604225
2023-08-03 18:52:00+00:00,191.76,191.775,191.6933,675,191.695,50554,191.736754
2023-08-03 18:53:00+00:00,191.83,191.83,191.72,731,191.76,54213,191.768209
2023-08-03 18:54:00+00:00,191.9,191.92,191.81,856,191.82,116566,191.872844
2023-08-03 18:55:00+00:00,191.8646,191.915,191.81,754,191.91,55270,191.859378
2023-08-03 18:56:00+00:00,191.84,191.8999,191.81,806,191.86,75252,191.860399
2023-08-03 18:57:00+00:00,191.915,191.92,191.83,741,191.8452,62031,191.888069
2023-08-03 18:58:00+00:00,191.875,191.915,191.8401,806,191.91,68344,191.873609
2023-08-03 18:59:00+00:00,191.84,191.89,191.76,993,191.88,80897,191.826228
2023-08-03 19:00:00+00:00,191.865,191.95,191.835,962,191.85,92979,191.891824
2023-08-03 19:01:00+00:00,191.78,191.865,191.735,817,191.85,76200,191.79871
2023-08-03 19:02:00+00:00,191.745,191.81,191.7209,862,191.79,57750,191.770247
2023-08-03 19:03:00+00:00,191.81,191.81,191.7,739,191.735,62295,191.755941
2023-08-03 19:04:00+00:00,191.77,191.815,191.73,809,191.8081,82074,191.772995
2023-08-03 19:05:00+00:00,191.5899,191.785,191.56,1263,191.775,129222,191.645209
2023-08-03 19:06:00+00:00,191.64,191.665,191.565,930,191.57,101159,191.619553
2023-08-03 19:07:00+00:00,191.65,191.685,191.61,771,191.64,52727,191.644881
2023-08-03 19:08:00+00:00,191.51,191.66,191.45,1613,191.65,185616,191.543994
2023-08-03 19:09:00+00:00,191.54,191.55,191.48,836,191.49,78264,191.510938
2023-08-03 19:10:00+00:00,191.4598,191.54,191.4312,1021,191.54,86728,191.494696
2023-08-03 19:11:00+00:00,191.44,191.4699,191.36,1761,191.4501,162799,191.417214
2023-08-03 19:12:00+00:00,191.375,191.48,191.36,1201,191.43,128220,191.431724
2023-08-03 19:13:00+00:00,191.27,191.4025,191.25,1253,191.37,112060,191.307824
2023-08-03 19:14:00+00:00,191.2415,191.2699,191.1806,1257,191.2699,116865,191.232348
2023-08-03 19:15:00+00:00,191.16,191.24,191.13,1076,191.24,78395,191.173295
2023-08-03 19:16:00+00:00,191.12,191.1699,191.11,1123,191.15,97660,191.14049
2023-08-03 19:17:00+00:00,191.1882,191.2,191.11,1090,191.13,87428,191.17173
2023-08-03 19:18:00+00:00,191.135,191.19,191.07,1435,191.18,147756,191.120655
2023-08-03 19:19:00+00:00,191.24,191.25,191.1101,1360,191.13,147301,191.186597
2023-08-03 19:20:00+00:00,191.09,191.235,191.07,1150,191.23,100391,191.142947
2023-08-03 19:21:00+00:00,191.155,191.1678,191.07,938,191.07,77760,191.13199
2023-08-03 19:22:00+00:00,191.179,191.19,191.09,1086,191.155,92474,191.145689
2023-08-03 19:23:00+00:00,191.22,191.26,191.1628,1012,191.18,103310,191.218138
2023-08-03 19:24:00+00:00,191.21,191.23,191.19,1123,191.23,89921,191.209752
2023-08-03 19:25:00+00:00,191.14,191.24,191.135,1270,191.2131,108426,191.18699
2023-08-03 19:26:00+00:00,191.23,191.235,191.11,1296,191.13,115829,191.172355
2023-08-03 19:27:00+00:00,191.275,191.3,191.17,1258,191.23,111609,191.247801
2023-08-03 19:28:00+00:00,191.22,191.38,191.19,2466,191.26,216562,191.280256
2023-08-03 19:29:00+00:00,191.16,191.225,191.11,1463,191.215,127962,191.152392
2023-08-03 19:30:00+00:00,191.23,191.2473,191.14,1600,191.1586,148315,191.185672
2023-08-03 19:31:00+00:00,191.315,191.3568,191.23,1298,191.24,116244,191.293008
2023-08-03 19:32:00+00:00,191.28,191.33,191.26,1093,191.3176,79486,191.295614
2023-08-03 19:33:00+00:00,191.2201,191.275,191.19,1448,191.27,124444,191.226444
2023-08-03 19:34:00+00:00,191.26,191.29,191.23,1143,191.23,82047,191.264756
2023-08-03 19:35:00+00:00,191.31,191.315,191.25,1054,191.26,112475,191.312282
2023-08-03 19:36:00+00:00,191.3,191.34,191.27,1228,191.3,114233,191.306468
2023-08-03 19:37:00+00:00,191.18,191.295,191.16,1473,191.295,643394,191.263583
2023-08-03 19:38:00+00:00,191.09,191.22,191.07,1772,191.19,179922,191.158603
2023-08-03 19:39:00+00:00,191.17,191.198,191.06,1379,191.09,132489,191.139427
2023-08-03 19:40:00+00:00,191.0801,191.19,191.07,1583,191.175,124211,191.131413
2023-08-03 19:41:00+00:00,191.105,191.17,191.0899,1431,191.09,144019,191.127055
2023-08-03 19:42:00+00:00,191.145,191.15,191.075,1558,191.11,157958,191.189471
2023-08-03 19:43:00+00:00,191.08,191.14,191.07,1492,191.14,107186,191.107308
2023-08-03 19:44:00+00:00,191.07,191.08,191.03,1742,191.072,167597,191.053242
2023-08-03 19:45:00+00:00,191.1,191.12,191.06,1655,191.07,142106,191.081718
2023-08-03 19:46:00+00:00,191.0502,191.11,191.04,1994,191.095,169225,191.075378
2023-08-03 19:47:00+00:00,191.13,191.14,191.04,1677,191.055,126718,191.079917
2023-08-03 19:48:00+00:00,191.075,191.17,191.06,2236,191.125,197784,191.131752
2023-08-03 19:49:00+00:00,191.04,191.085,190.99,4535,191.08,271271,191.023193
2023-08-03 19:50:00+00:00,191.13,191.17,191.02,2741,191.05,232916,191.112156
2023-08-03 19:51:00+00:00,191.215,191.22,191.11,1991,191.13,168221,191.175001
2023-08-03 19:52:00+00:00,191.3,191.31,191.1775,2391,191.215,245984,191.231313
2023-08-03 19:53:00+00:00,191.415,191.42,191.27,2627,191.3089,256845,191.339496
2023-08-03 19:54:00+00:00,191.4399,191.49,191.355,3035,191.415,288994,191.427649
2023-08-03 19:55:00+00:00,191.49,191.51,191.41,3779,191.44,380383,191.462227
2023-08-03 19:56:00+00:00,191.59,191.63,191.4799,4090,191.48,452804,191.567178
2023-08-03 19:57:00+00:00,191.67,191.68,191.56,4559,191.595,451357,191.624786
2023-08-03 19:58:00+00:00,191.65,191.73,191.65,4896,191.6666,497525,191.687111
2023-08-03 19:59:00+00:00,191.0099,191.66,191.0099,15597,191.65,1605521,191.366232
2023-08-03 20:00:00+00:00,191.17,191.9,190.69,1104,191.005,6276561,191.170788
2023-08-03 20:01:00+00:00,191.89,191.9,191.1,428,191.17,62558,191.376645
2023-08-03 20:02:00+00:00,191.84,191.94,191.6,364,191.75,670740,191.198614
2023-08-03 20:03:00+00:00,192.21,192.21,191.6001,432,191.8,32921,191.940628
2023-08-03 20:04:00+00:00,192.39,192.47,191.9,758,192.16,48453,192.311027
2023-08-03 20:05:00+00:00,191.94,192.39,191.27,616,192.39,36513,191.723589
2023-08-03 20:06:00+00:00,192.19,192.27,191.9,455,191.9,33684,192.017122
2023-08-03 20:07:00+00:00,192.24,192.3,192.0,442,192.2,200734,191.328643
2023-08-03 20:08:00+00:00,192.42,192.5,191.17,597,192.25,136133,191.612901
2023-08-03 20:09:00+00:00,192.41,192.45,191.17,550,192.42,101079,191.539372
2023-08-03 20:10:00+00:00,192.4,192.5,192.3,445,192.4104,29885,192.450008
2023-08-03 20:11:00+00:00,192.85,192.85,192.3,548,192.4,48735,192.632232
2023-08-03 20:12:00+00:00,193.0,193.0,192.66,820,192.88,61882,192.901669
2023-08-03 20:13:00+00:00,193.15,193.15,192.9,797,193.0,86073,193.018937
2023-08-03 20:14:00+00:00,193.12,193.17,192.85,553,192.98,46642,193.057805
2023-08-03 20:15:00+00:00,192.9988,193.15,192.8,607,193.12,214818,191.711844
2023-08-03 20:16:00+00:00,192.95,193.0,192.89,414,192.98,33276,192.966325
2023-08-03 20:17:00+00:00,192.9,192.9894,192.8621,350,192.95,37354,192.894339
2023-08-03 20:18:00+00:00,192.9,192.9,192.8,360,192.9,32008,192.84694
2023-08-03 20:19:00+00:00,192.875,192.91,192.84,344,192.85,26790,192.878089
2023-08-03 20:20:00+00:00,193.05,193.11,192.8,536,192.87,51651,192.929127
2023-08-03 20:21:00+00:00,193.1695,193.17,193.0,370,193.08,22462,193.100113
2023-08-03 20:22:00+00:00,193.8,194.0,193.1782,1268,193.1799,121043,193.714812
2023-08-03 20:23:00+00:00,193.9,194.0,193.54,840,193.86,74125,193.813592
2023-08-03 20:24:00+00:00,193.6,193.9,193.5,701,193.66,63929,193.68012
2023-08-03 20:25:00+00:00,193.7,193.82,193.62,373,193.62,27104,193.712546
2023-08-03 20:26:00+00:00,193.66,193.7,191.17,450,193.68,48368,192.941638
2023-08-03 20:27:00+00:00,193.9,193.9,193.6324,610,193.65,50818,193.73243
2023-08-03 20:28:00+00:00,193.58,194.0,193.38,867,193.9,75843,193.6831
2023-08-03 20:29:00+00:00,193.65,193.7,193.38,601,193.5,64356,193.510694
2023-08-03 20:30:00+00:00,191.71,196.11,191.27,8243,193.7,650637,194.357526
2023-08-03 20:31:00+00:00,190.86,194.0,190.19,5856,191.26,400006,191.616885
2023-08-03 20:32:00+00:00,190.0,191.4999,189.12,6412,190.94,450573,190.148227
2023-08-03 20:33:00+00:00,190.2601,191.5,189.71,3326,189.75,294595,190.645503
2023-08-03 20:34:00+00:00,190.55,190.79,189.75,3030,190.33,253097,190.257039
2023-08-03 20:35:00+00:00,190.0,190.75,189.75,2329,190.6467,215331,190.103541
2023-08-03 20:36:00+00:00,189.84,190.3,189.49,2030,190.0,164756,189.852004
2023-08-03 20:37:00+00:00,189.86,190.5,189.49,2170,189.94,179095,189.879845
2023-08-03 20:38:00+00:00,189.513,190.0,189.5,1671,189.86,120545,189.822284
2023-08-03 20:39:00+00:00,190.31,191.17,189.5,1846,189.5,169422,190.137463
2023-08-03 20:40:00+00:00,190.4,190.54,189.9,1163,190.3,94625,190.324175
2023-08-03 20:41:00+00:00,190.11,190.5,189.83,1309,190.35,110777,190.159329
2023-08-03 20:42:00+00:00,189.4,190.18,189.33,1917,190.1,147828,189.671977
2023-08-03 20:43:00+00:00,189.97,190.0,189.4,1280,189.55,90434,189.750567
2023-08-03 20:44:00+00:00,189.91,191.17,189.62,689,189.97,53594,190.169394
2023-08-03 20:45:00+00:00,189.7,189.95,189.6,567,189.91,53743,189.693182
2023-08-03 20:46:00+00:00,189.79,189.85,189.6,567,189.7,51178,189.680296
2023-08-03 20:47:00+00:00,188.71,189.77,188.7,2821,189.76,207164,189.252651
2023-08-03 20:48:00+00:00,188.21,188.88,188.0201,2627,188.71,198970,188.401557
2023-08-03 20:49:00+00:00,188.0,188.36,187.77,2766,188.11,173014,188.023674
2023-08-03 20:50:00+00:00,187.9,188.393,187.8,1446,187.99,142120,188.051554
2023-08-03 20:51:00+00:00,187.6,188.0,187.55,1614,187.89,120513,187.784922
2023-08-03 20:52:00+00:00,187.38,187.76,187.21,2061,187.59,129206,187.442498
2023-08-03 20:53:00+00:00,187.7117,187.96,187.37,1153,187.37,99198,187.706479
2023-08-03 20:54:00+00:00,188.33,188.35,187.72,1112,187.79,81810,188.077258
2023-08-03 20:55:00+00:00,188.39,188.45,188.2692,837,188.27,57808,188.385421
2023-08-03 20:56:00+00:00,188.85,188.9,188.4,974,188.4,106885,189.568297
2023-08-03 20:57:00+00:00,189.3578,189.5,188.77,1211,188.77,109138,189.160163
2023-08-03 20:58:00+00:00,189.25,189.5,189.15,983,189.4,94104,189.381176
2023-08-03 20:59:00+00:00,189.01,189.32,189.0,807,189.25,82725,189.114217
2023-08-03 21:00:00+00:00,189.07,189.25,189.0,518,189.01,45173,189.107752
2023-08-03 21:01:00+00:00,189.01,189.15,189.0,401,189.11,24339,189.038356
2023-08-03 21:02:00+00:00,188.7,189.06,188.7,671,189.01,62426,188.969653
2023-08-03 21:03:00+00:00,188.45,188.75,188.35,791,188.75,67918,188.531374
2023-08-03 21:04:00+00:00,188.13,188.49,188.0,793,188.45,55472,188.256267
2023-08-03 21:05:00+00:00,188.49,188.5,188.16,421,188.23,31211,188.381402
2023-08-03 21:06:00+00:00,188.96,189.48,188.48,1099,188.48,97572,189.159818
2023-08-03 21:07:00+00:00,189.1,189.3,188.88,421,188.92,31022,189.099149
2023-08-03 21:08:00+00:00,188.74,189.14,188.7055,447,189.14,21006,188.924551
2023-08-03 21:09:00+00:00,188.46,188.75,188.43,509,188.72,32772,188.542476
2023-08-03 21:10:00+00:00,188.38,188.8,188.18,562,188.4,34121,188.323987
2023-08-03 21:11:00+00:00,188.35,188.42,188.25,422,188.42,26732,188.375378
2023-08-03 21:12:00+00:00,188.42,188.42,188.3,255,188.35,19868,188.368218
2023-08-03 21:13:00+00:00,188.4,188.4746,188.35,328,188.3899,18637,188.393403
2023-08-03 21:14:00+00:00,188.3,188.4,188.29,307,188.35,22707,188.330093
2023-08-03 21:15:00+00:00,188.16,188.35,188.02,537,188.26,38581,188.170436
2023-08-03 21:16:00+00:00,188.88,188.88,188.0,1146,188.06,107799,187.810848
2023-08-03 21:17:00+00:00,188.59,188.94,188.43,436,188.7,40056,188.69306
2023-08-03 21:18:00+00:00,188.4044,188.5969,188.27,381,188.5969,19497,188.414633
2023-08-03 21:19:00+00:00,188.19,188.38,188.08,399,188.379,26726,188.190787
2023-08-03 21:20:00+00:00,188.2,188.4395,188.2,249,188.22,14090,188.300405
2023-08-03 21:21:00+00:00,188.15,188.4,188.05,424,188.2,30032,188.173661
2023-08-03 21:22:00+00:00,188.37,188.4,188.15,187,188.15,13746,188.317795
2023-08-03 21:23:00+00:00,187.1,188.42,187.07,1593,188.35,134172,187.84375
2023-08-03 21:24:00+00:00,188.5,188.85,185.3,4304,187.4,300307,186.576329
2023-08-03 21:25:00+00:00,188.0,188.91,187.0,1201,188.74,124598,188.111193
2023-08-03 21:26:00+00:00,186.65,188.3,186.65,1012,187.95,84156,187.422556
2023-08-03 21:27:00+00:00,186.57,186.97,185.9,1391,186.73,89605,186.382475
2023-08-03 21:28:00+00:00,186.7,187.45,186.36,787,186.55,90771,186.905759
2023-08-03 21:29:00+00:00,187.019,187.5,186.55,659,186.7,65550,187.010549
2023-08-03 21:30:00+00:00,186.95,187.1,186.71,448,187.04,36299,186.931213
2023-08-03 21:31:00+00:00,187.2701,187.4,186.75,538,186.92,51239,186.995923
2023-08-03 21:32:00+00:00,186.7982,187.3,186.7,649,187.3,50162,186.935279
2023-08-03 21:33:00+00:00,186.76,186.9,186.7,433,186.8,31426,186.766533
2023-08-03 21:34:00+00:00,186.69,186.81,186.56,563,186.7,48254,186.643253
2023-08-03 21:35:00+00:00,186.85,187.0,186.56,476,186.64,46341,186.866856
2023-08-03 21:36:00+00:00,186.8,187.0697,186.6763,430,186.83,39624,186.916467
2023-08-03 21:37:00+00:00,186.6983,186.8058,186.65,340,186.8,18148,186.705377
2023-08-03 21:38:00+00:00,186.4,186.69,186.25,958,186.69,81393,186.438017
2023-08-03 21:39:00+00:00,186.3,186.4,186.21,691,186.4,72792,186.306962
2023-08-03 21:40:00+00:00,186.2492,186.3,186.0,918,186.3,99889,186.098022
2023-08-03 21:41:00+00:00,185.92,186.24,185.69,1085,186.24,120392,185.996853
2023-08-03 21:42:00+00:00,185.35,185.94,185.142,1537,185.9,152880,185.523867
2023-08-03 21:43:00+00:00,185.25,185.75,185.12,1061,185.3,97653,185.429318
2023-08-03 21:44:00+00:00,185.2,185.31,185.0,1077,185.31,67325,185.181912
2023-08-03 21:45:00+00:00,185.32,185.49,185.1201,562,185.1201,48597,185.314274
2023-08-03 21:46:00+00:00,185.33,185.33,185.12,581,185.32,54178,185.24274
2023-08-03 21:47:00+00:00,185.76,185.76,185.26,631,185.27,68928,185.535151
2023-08-03 21:48:00+00:00,185.68,186.07,185.56,691,185.7,61805,185.820067
2023-08-03 21:49:00+00:00,186.21,186.21,185.6,501,185.67,52636,185.924322
2023-08-03 21:50:00+00:00,185.78,186.22,185.78,555,186.21,47733,186.039676
2023-08-03 21:51:00+00:00,185.8962,185.93,185.8,270,185.9102,14860,185.870429
2023-08-03 21:52:00+00:00,186.15,186.22,185.83,363,185.87,32816,185.973452
2023-08-03 21:53:00+00:00,186.04,186.15,186.0,350,186.15,31214,186.079094
2023-08-03 21:54:00+00:00,186.66,186.95,186.0014,535,186.0911,47286,186.292804
2023-08-03 21:55:00+00:00,186.7,186.7,186.41,304,186.41,29960,186.579778
2023-08-03 21:56:00+00:00,187.12,187.12,186.7,542,186.7,48383,186.907256
2023-08-03 21:57:00+00:00,187.37,187.4,187.1,589,187.1,53288,187.229011
2023-08-03 21:58:00+00:00,187.0,187.51,186.9,727,187.37,62263,187.280441
2023-08-03 21:59:00+00:00,187.0,187.09,187.0,267,187.0,21704,187.031982
2023-08-03 22:00:00+00:00,187.3,187.3295,187.0,380,187.0,43090,187.099266
2023-08-03 22:01:00+00:00,187.1,187.3,187.1,217,187.21,12117,187.192891
2023-08-03 22:02:00+00:00,186.57,187.1,186.57,477,187.07,33245,186.958947
2023-08-03 22:03:00+00:00,186.63,186.8,186.5,290,186.6,16890,186.664725
2023-08-03 22:04:00+00:00,186.31,186.89,186.31,407,186.77,22591,186.607156
2023-08-03 22:05:00+00:00,186.37,186.5,186.26,297,186.46,24772,186.397454
2023-08-03 22:06:00+00:00,186.5,186.5,186.35,306,186.37,22565,186.420842
2023-08-03 22:07:00+00:00,186.28,186.5,186.28,236,186.5,16358,186.35739
2023-08-03 22:08:00+00:00,186.3,186.3229,186.24,221,186.3229,7112,186.275206
2023-08-03 22:09:00+00:00,186.2,186.42,186.2,337,186.28,23586,186.307646
2023-08-03 22:10:00+00:00,186.18,186.2,186.11,263,186.2,11991,186.165667
2023-08-03 22:11:00+00:00,186.2,186.2,186.16,218,186.19,12931,186.195163
2023-08-03 22:12:00+00:00,186.2,186.2,186.1,344,186.2,35517,186.178204
2023-08-03 22:13:00+00:00,186.2,186.25,186.03,258,186.11,20652,186.169065
2023-08-03 22:14:00+00:00,186.2,186.2,186.11,227,186.2,13423,186.194901
2023-08-03 22:15:00+00:00,186.05,186.2,186.05,233,186.11,9327,186.115414
2023-08-03 22:16:00+00:00,185.93,186.1697,185.9,754,186.05,51964,186.012
2023-08-03 22:17:00+00:00,185.91,186.01,185.91,255,185.93,13589,185.962622
2023-08-03 22:18:00+00:00,185.93,185.98,185.93,208,185.94,6938,185.951379
2023-08-03 22:19:00+00:00,185.85,185.96,185.85,319,185.9401,14758,185.903065
2023-08-03 22:20:00+00:00,186.1,186.1,185.85,232,185.88,22222,185.948753
2023-08-03 22:21:00+00:00,185.98,186.25,185.85,391,186.1,23996,186.082565
2023-08-03 22:22:00+00:00,186.2,186.2,185.8802,202,185.8808,13160,185.964142
2023-08-03 22:23:00+00:00,186.3981,186.4,186.07,184,186.27,12456,186.278607
2023-08-03 22:24:00+00:00,186.85,187.0,186.42,388,186.42,32043,186.707942
2023-08-03 22:25:00+00:00,186.7,186.89,186.5,259,186.89,24082,186.650445
2023-08-03 22:26:00+00:00,186.5,186.7,186.33,246,186.7,12560,186.511497
2023-08-03 22:27:00+00:00,186.74,186.74,186.45,218,186.5,16152,186.540728
2023-08-03 22:28:00+00:00,186.67,186.7,186.6,150,186.7,12922,186.620364
2023-08-03 22:29:00+00:00,186.55,186.6,186.5,138,186.5,5722,186.535459
2023-08-03 22:30:00+00:00,186.6178,186.67,186.55,150,186.6,6614,186.606452
2023-08-03 22:31:00+00:00,186.7,186.79,186.6,200,186.6,9638,186.712711
2023-08-03 22:32:00+00:00,186.6486,186.75,186.61,181,186.7003,8962,186.677191
2023-08-03 22:33:00+00:00,186.6305,186.6915,186.6,177,186.65,6117,186.631901
2023-08-03 22:34:00+00:00,186.6101,186.7,186.6,124,186.65,12045,186.62899
2023-08-03 22:35:00+00:00,186.61,186.67,186.6,206,186.6101,35589,186.619079
2023-08-03 22:36:00+00:00,186.5765,186.61,186.55,183,186.61,13293,186.600381
2023-08-03 22:37:00+00:00,186.5,186.54,186.48,227,186.53,10018,186.50298
2023-08-03 22:38:00+00:00,186.59,186.7,186.51,146,186.5496,16551,186.593327
2023-08-03 22:39:00+00:00,186.58,186.64,186.58,90,186.59,4621,186.611665
2023-08-03 22:40:00+00:00,186.55,186.58,186.55,138,186.58,6820,186.560334
2023-08-03 22:41:00+00:00,186.55,186.56,186.5,190,186.55,5165,186.525387
2023-08-03 22:42:00+00:00,186.43,186.5125,186.41,166,186.5,6274,186.453911
2023-08-03 22:43:00+00:00,186.6,186.6,186.35,216,186.4,22596,186.435148
2023-08-03 22:44:00+00:00,186.6802,186.7,186.61,106,186.61,3599,186.671326
2023-08-03 22:45:00+00:00,186.78,186.78,186.65,134,186.75,6621,186.727448
2023-08-03 22:46:00+00:00,186.8533,186.88,186.79,150,186.79,16889,186.83159
2023-08-03 22:47:00+00:00,186.94,186.94,186.85,143,186.8799,11033,186.867736
2023-08-03 22:48:00+00:00,187.1,187.1,186.85,208,186.936,17773,186.997766
2023-08-03 22:49:00+00:00,187.2,187.2,187.0,131,187.16,12503,187.169787
2023-08-03 22:50:00+00:00,187.2,187.24,187.15,131,187.15,9756,187.194474
2023-08-03 22:51:00+00:00,187.03,187.2,187.0,167,187.1999,8410,187.082416
2023-08-03 22:52:00+00:00,187.03,187.05,187.01,100,187.05,3651,187.032767
2023-08-03 22:53:00+00:00,187.1,187.1,187.03,117,187.05,4032,187.061247
2023-08-03 22:54:00+00:00,187.05,187.1,187.05,67,187.05,2774,187.066954
2023-08-03 22:55:00+00:00,187.15,187.15,187.06,83,187.1,14627,187.102447
2023-08-03 22:56:00+00:00,187.2,187.3,187.15,188,187.15,10984,187.227701
2023-08-03 22:57:00+00:00,187.37,187.37,187.22,171,187.25,9179,187.299949
2023-08-03 22:58:00+00:00,187.3907,187.45,187.35,194,187.39,26852,187.432796
2023-08-03 22:59:00+00:00,187.45,187.45,187.38,120,187.41,8230,187.415443
2023-08-03 23:00:00+00:00,187.22,187.45,187.22,181,187.45,6091,187.393477
2023-08-03 23:01:00+00:00,187.35,187.43,187.28,102,187.29,5566,187.354316
2023-08-03 23:02:00+00:00,187.4499,187.45,187.34,102,187.4,3768,187.412308
2023-08-03 23:03:00+00:00,187.41,187.44,187.4,95,187.41,7978,187.424774
2023-08-03 23:04:00+00:00,187.44,187.45,187.36,143,187.41,4009,187.425327
2023-08-03 23:05:00+00:00,187.43,187.45,187.4,159,187.43,16320,187.439903
2023-08-03 23:06:00+00:00,187.44,187.44,187.4,125,187.4,6396,187.428979
2023-08-03 23:07:00+00:00,187.44,187.45,187.4,100,187.45,6391,187.436287
2023-08-03 23:08:00+00:00,187.6001,187.63,187.44,251,187.44,20143,187.487061
2023-08-03 23:09:00+00:00,187.7,187.7,187.62,124,187.62,5624,187.674635
2023-08-03 23:10:00+00:00,187.6499,187.68,187.6499,106,187.6517,3854,187.654844
2023-08-03 23:11:00+00:00,187.68,187.68,187.61,117,187.6101,5445,187.638934
2023-08-03 23:12:00+00:00,187.77,187.77,187.62,135,187.62,8291,187.714888
2023-08-03 23:13:00+00:00,187.8,187.8,187.75,159,187.75,13694,187.789867
2023-08-03 23:14:00+00:00,187.62,187.8,187.55,173,187.77,7864,187.674598
2023-08-03 23:15:00+00:00,187.4501,187.65,187.45,135,187.65,6851,187.550045
2023-08-03 23:16:00+00:00,187.36,187.5,186.68,265,187.45,15171,187.311175
2023-08-03 23:17:00+00:00,187.35,187.4,187.31,87,187.31,4946,187.330612
2023-08-03 23:18:00+00:00,187.12,187.35,187.12,132,187.31,6565,187.246605
2023-08-03 23:19:00+00:00,187.3,187.32,187.15,95,187.15,4598,187.215748
2023-08-03 23:20:00+00:00,187.5,187.5,187.2,128,187.2,7758,187.381881
2023-08-03 23:21:00+00:00,187.4599,187.4599,187.4599,93,187.4599,1729,187.389919
2023-08-03 23:22:00+00:00,187.44,187.44,187.29,76,187.29,3663,187.35323
2023-08-03 23:23:00+00:00,187.46,187.46,187.34,62,187.38,985,187.407911
2023-08-03 23:24:00+00:00,187.4,187.4,187.32,88,187.4,4310,187.36477
2023-08-03 23:25:00+00:00,187.4999,187.5,187.42,127,187.42,8827,187.475704
2023-08-03 23:26:00+00:00,187.54,187.7,187.46,106,187.46,4951,187.597713
2023-08-03 23:27:00+00:00,187.5,187.6,187.5,92,187.6,4643,187.552851
2023-08-03 23:28:00+00:00,187.45,187.5,187.43,83,187.5,4963,187.455037
2023-08-03 23:29:00+00:00,187.42,187.45,187.4,123,187.45,6373,187.433921
2023-08-03 23:30:00+00:00,187.44,187.44,187.42,70,187.42,1629,187.431355
2023-08-03 23:31:00+00:00,187.37,187.44,187.37,85,187.44,4801,187.404554
2023-08-03 23:32:00+00:00,187.2,187.37,187.04,209,187.37,12981,187.168644
2023-08-03 23:33:00+00:00,187.2,187.2,187.15,90,187.2,3081,187.178999
2023-08-03 23:34:00+00:00,186.89,187.2,186.85,352,187.2,25663,187.020636
2023-08-03 23:35:00+00:00,186.87,186.92,186.8,154,186.85,14962,186.858595
2023-08-03 23:36:00+00:00,186.94,186.99,186.9009,86,186.9009,4691,186.941699
2023-08-03 23:37:00+00:00,187.1,187.1,186.97,106,187.0,15139,187.006731
2023-08-03 23:38:00+00:00,187.1,187.1,187.0,88,187.02,5321,187.042099
2023-08-03 23:39:00+00:00,187.11,187.19,187.07,137,187.12,4437,187.125568
2023-08-03 23:40:00+00:00,187.0,187.1,187.0,124,187.09,5525,187.045748
2023-08-03 23:41:00+00:00,187.0,187.07,187.0,120,187.0,8073,187.015362
2023-08-03 23:42:00+00:00,186.97,187.0,186.9,144,187.0,10206,186.961468
2023-08-03 23:43:00+00:00,187.0101,187.1,186.93,113,186.99,3515,187.006235
2023-08-03 23:44:00+00:00,187.06,187.06,187.04,82,187.04,1927,187.079616
2023-08-03 23:45:00+00:00,187.08,187.15,187.06,97,187.15,4444,187.113353
2023-08-03 23:46:00+00:00,187.1,187.1,187.07,87,187.08,2986,187.085924
2023-08-03 23:47:00+00:00,187.05,187.07,187.0,100,187.07,9171,187.010626
2023-08-03 23:48:00+00:00,187.08,187.11,187.05,63,187.05,6860,187.077391
2023-08-03 23:49:00+00:00,187.0,187.0996,187.0,161,187.0996,11286,187.033361
2023-08-03 23:50:00+00:00,187.0499,187.0499,187.0,64,187.01,3128,187.01641
2023-08-03 23:51:00+00:00,187.16,187.16,187.02,110,187.05,5468,187.103138
2023-08-03 23:52:00+00:00,187.16,187.16,187.1,77,187.15,2314,187.151091
2023-08-03 23:53:00+00:00,187.14,187.19,187.1,137,187.13,9512,187.148224
2023-08-03 23:54:00+00:00,187.25,187.25,187.14,139,187.14,13187,187.207323
2023-08-03 23:55:00+00:00,187.31,187.35,187.2,176,187.25,16885,187.266396
2023-08-03 23:56:00+00:00,187.19,187.38,187.06,238,187.34,12612,187.229416
2023-08-03 23:57:00+00:00,187.31,187.31,187.05,164,187.06,14969,187.204687
2023-08-03 23:58:00+00:00,187.14,187.35,187.14,144,187.33,13343,187.272609
2023-08-03 23:59:00+00:00,187.3,187.3,187.05,242,187.17,17571,187.145235
