timestamp,close,high,low,trade_count,open,volume,vwap
2023-05-03 08:00:00+00:00,168.68,168.75,168.68,31,168.75,1089,168.699651
2023-05-03 08:03:00+00:00,168.63,168.63,168.6,28,168.6,1396,168.613976
2023-05-03 08:07:00+00:00,168.79,168.79,168.79,26,168.79,1131,168.79863
2023-05-03 08:11:00+00:00,168.79,168.79,168.79,5,168.79,570,168.79
2023-05-03 08:12:00+00:00,168.77,168.77,168.76,6,168.76,228,168.764211
2023-05-03 08:14:00+00:00,168.68,168.68,168.67,11,168.67,686,168.668178
2023-05-03 08:19:00+00:00,168.72,168.72,168.7,11,168.7,694,168.71098
2023-05-03 08:24:00+00:00,168.69,168.69,168.69,4,168.69,243,168.689753
2023-05-03 08:25:00+00:00,168.69,168.69,168.69,6,168.69,241,168.689129
2023-05-03 08:26:00+00:00,168.72,168.73,168.69,14,168.69,990,168.717505
2023-05-03 08:28:00+00:00,168.69,168.69,168.69,8,168.69,345,168.690812
2023-05-03 08:31:00+00:00,168.69,168.69,168.69,1,168.69,100,168.69
2023-05-03 08:32:00+00:00,168.73,168.73,168.73,16,168.73,517,168.735184
2023-05-03 08:34:00+00:00,168.74,168.74,168.74,3,168.74,230,168.739391
2023-05-03 08:35:00+00:00,168.74,168.74,168.74,10,168.74,708,168.738842
2023-05-03 08:36:00+00:00,168.79,168.79,168.74,32,168.74,3873,168.760568
2023-05-03 08:37:00+00:00,168.81,168.81,168.81,4,168.81,130,168.81
2023-05-03 08:38:00+00:00,168.81,168.81,168.8,13,168.8,1034,168.809236
2023-05-03 08:39:00+00:00,168.84,168.84,168.83,9,168.83,2326,168.838637
2023-05-03 08:42:00+00:00,168.88,168.88,168.88,7,168.88,651,168.88063
2023-05-03 08:43:00+00:00,168.91,168.91,168.91,1,168.91,500,168.91
2023-05-03 08:48:00+00:00,168.88,168.88,168.88,10,168.88,327,168.880367
2023-05-03 08:49:00+00:00,168.88,168.88,168.85,16,168.85,905,168.866718
2023-05-03 08:51:00+00:00,168.93,168.93,168.85,14,168.85,600,168.894383
2023-05-03 08:53:00+00:00,168.89,168.89,168.89,8,168.89,491,168.891731
2023-05-03 08:54:00+00:00,168.87,168.87,168.87,6,168.87,706,168.870099
2023-05-03 08:55:00+00:00,168.87,168.87,168.87,1,168.87,208,168.87
2023-05-03 08:57:00+00:00,168.87,168.87,168.87,4,168.87,230,168.888261
2023-05-03 09:05:00+00:00,168.87,168.87,168.87,20,168.87,858,168.859604
2023-05-03 09:17:00+00:00,168.9,168.9,168.9,1,168.9,100,168.9
2023-05-03 09:19:00+00:00,168.89,168.89,168.89,14,168.89,394,168.900279
2023-05-03 09:21:00+00:00,168.9,168.9,168.9,2,168.9,345,168.9
2023-05-03 09:29:00+00:00,168.9,168.9,168.9,4,168.9,182,168.9
2023-05-03 09:35:00+00:00,168.85,168.85,168.85,12,168.85,939,168.850905
2023-05-03 09:38:00+00:00,168.84,168.84,168.84,11,168.84,628,168.844268
2023-05-03 09:42:00+00:00,168.87,168.87,168.86,5,168.86,784,168.866071
2023-05-03 09:43:00+00:00,168.88,168.88,168.88,4,168.88,510,168.880824
2023-05-03 09:46:00+00:00,168.91,168.91,168.91,4,168.91,218,168.914587
2023-05-03 09:47:00+00:00,168.87,168.87,168.86,28,168.87,1744,168.879845
2023-05-03 09:49:00+00:00,168.94,168.94,168.94,9,168.94,212,168.935519
2023-05-03 09:51:00+00:00,168.93,168.93,168.93,4,168.93,215,168.942744
2023-05-03 09:52:00+00:00,168.95,168.95,168.95,6,168.95,279,168.937742
2023-05-03 09:56:00+00:00,168.95,168.96,168.95,29,168.95,1813,168.948224
2023-05-03 10:02:00+00:00,168.94,168.95,168.94,8,168.94,945,168.94346
2023-05-03 10:03:00+00:00,169.02,169.02,168.95,57,168.95,1957,168.988426
2023-05-03 10:05:00+00:00,169.11,169.11,169.11,10,169.11,501,169.100719
2023-05-03 10:07:00+00:00,169.01,169.05,169.01,20,169.05,1009,169.027076
2023-05-03 10:08:00+00:00,169.01,169.05,169.01,7,169.05,1039,169.020934
2023-05-03 10:10:00+00:00,169.05,169.05,169.05,2,169.05,301,169.05
2023-05-03 10:13:00+00:00,169.11,169.11,169.11,11,169.11,747,169.109009
2023-05-03 10:14:00+00:00,169.15,169.15,169.12,12,169.12,1739,169.135745
2023-05-03 10:15:00+00:00,169.12,169.12,169.12,6,169.12,241,169.146183
2023-05-03 10:16:00+00:00,169.15,169.15,169.15,20,169.15,853,169.15993
2023-05-03 10:17:00+00:00,169.2,169.2,169.14,13,169.14,1094,169.163501
2023-05-03 10:18:00+00:00,169.2,169.2,169.2,10,169.2,1698,169.200294
2023-05-03 10:20:00+00:00,169.2,169.2,169.2,19,169.2,583,169.224185
2023-05-03 10:22:00+00:00,169.24,169.3,169.2,44,169.2,5983,169.26656
2023-05-03 10:23:00+00:00,169.24,169.24,169.24,3,169.24,196,169.239643
2023-05-03 10:29:00+00:00,169.15,169.15,169.13,24,169.13,1312,169.134588
2023-05-03 10:30:00+00:00,169.14,169.14,169.14,8,169.14,421,169.140475
2023-05-03 10:32:00+00:00,169.09,169.09,169.09,8,169.09,604,169.086689
2023-05-03 10:33:00+00:00,169.15,169.15,169.15,18,169.15,670,169.145433
2023-05-03 10:34:00+00:00,169.19,169.19,169.19,7,169.19,246,169.184593
2023-05-03 10:37:00+00:00,169.27,169.29,169.19,40,169.19,1416,169.234131
2023-05-03 10:40:00+00:00,169.27,169.27,169.26,14,169.26,765,169.261124
2023-05-03 10:41:00+00:00,169.2,169.21,169.2,7,169.21,1038,169.202312
2023-05-03 10:44:00+00:00,169.23,169.3,169.23,25,169.27,3202,169.266137
2023-05-03 10:46:00+00:00,169.24,169.24,169.24,4,169.24,235,169.24
2023-05-03 10:47:00+00:00,169.2,169.2,169.2,7,169.2,465,169.198731
2023-05-03 10:52:00+00:00,169.1,169.1,169.1,11,169.1,353,169.100368
2023-05-03 10:53:00+00:00,169.1,169.1,169.1,7,169.1,925,169.102162
2023-05-03 10:54:00+00:00,169.1,169.1,169.1,5,169.1,239,169.09205
2023-05-03 10:57:00+00:00,169.03,169.03,169.03,38,169.03,2218,169.041375
2023-05-03 11:00:00+00:00,169.06,169.1,169.05,85,169.05,2954,169.075359
2023-05-03 11:01:00+00:00,169.12,169.12,169.12,9,169.12,452,169.124248
2023-05-03 11:02:00+00:00,169.1,169.1,169.09,12,169.1,1001,169.097483
2023-05-03 11:04:00+00:00,169.1,169.13,169.1,13,169.12,607,169.121285
2023-05-03 11:05:00+00:00,169.15,169.15,169.1,18,169.1,1593,169.118694
2023-05-03 11:07:00+00:00,169.18,169.18,169.18,14,169.18,639,169.179358
2023-05-03 11:08:00+00:00,169.16,169.16,169.16,4,169.16,135,169.165185
2023-05-03 11:09:00+00:00,169.23,169.23,169.18,38,169.18,2896,169.209185
2023-05-03 11:11:00+00:00,169.23,169.23,169.22,18,169.22,863,169.218725
2023-05-03 11:18:00+00:00,169.2,169.2,169.19,13,169.19,920,169.197272
2023-05-03 11:19:00+00:00,169.23,169.23,169.2,23,169.2,1753,169.202989
2023-05-03 11:27:00+00:00,169.2,169.2,169.2,16,169.2,1757,169.203392
2023-05-03 11:31:00+00:00,169.24,169.24,169.23,12,169.23,1026,169.231209
2023-05-03 11:32:00+00:00,169.23,169.24,169.23,36,169.23,5239,169.231359
2023-05-03 11:34:00+00:00,169.2,169.2,169.2,9,169.2,119,169.200168
2023-05-03 11:35:00+00:00,169.2,169.2,169.2,13,169.2,1538,169.200169
2023-05-03 11:37:00+00:00,169.22,169.22,169.2,18,169.2,1119,169.210804
2023-05-03 11:38:00+00:00,169.22,169.22,169.22,10,169.22,214,169.22
2023-05-03 11:39:00+00:00,169.21,169.22,169.19,19,169.22,5014,169.208726
2023-05-03 11:42:00+00:00,169.29,169.29,169.22,69,169.22,6925,169.249248
2023-05-03 11:43:00+00:00,169.37,169.37,169.3,70,169.3,5168,169.350257
2023-05-03 11:45:00+00:00,169.2,169.22,169.2,36,169.22,2165,169.206411
2023-05-03 11:46:00+00:00,169.2,169.2,169.2,13,169.2,335,169.213881
2023-05-03 11:47:00+00:00,169.19,169.19,169.19,23,169.19,836,169.201962
2023-05-03 11:50:00+00:00,169.12,169.14,169.12,22,169.14,885,169.135141
2023-05-03 11:51:00+00:00,169.12,169.15,169.12,43,169.15,1640,169.132951
2023-05-03 11:52:00+00:00,169.12,169.12,169.12,25,169.12,1192,169.11469
2023-05-03 11:53:00+00:00,169.1,169.13,169.1,34,169.13,5154,169.118974
2023-05-03 12:00:00+00:00,169.14,169.3502,169.031,422,169.0563,34507,169.157177
2023-05-03 12:01:00+00:00,169.13,169.32,167.04,615,169.14,8190,168.61645
2023-05-03 12:02:00+00:00,168.27,168.75,167.8,277,168.49,6618,168.390227
2023-05-03 12:03:00+00:00,169.15,169.15,169.14,37,169.14,990,169.142121
2023-05-03 12:05:00+00:00,169.13,169.13,169.12,26,169.12,578,169.125085
2023-05-03 12:06:00+00:00,169.17,169.17,169.11,21,169.14,2706,169.148087
2023-05-03 12:07:00+00:00,169.15,169.15,169.12,11,169.12,767,169.142921
2023-05-03 12:08:00+00:00,169.1121,169.1121,169.1121,15,169.1121,183,169.113869
2023-05-03 12:11:00+00:00,169.2,169.2,169.17,44,169.17,1954,169.182825
2023-05-03 12:12:00+00:00,169.18,169.23,169.18,17,169.23,924,169.195066
2023-05-03 12:14:00+00:00,169.19,169.19,169.19,28,169.19,954,169.18497
2023-05-03 12:15:00+00:00,169.2417,169.2417,169.12,79,169.15,2938,169.150512
2023-05-03 12:16:00+00:00,169.2358,169.2499,169.15,32,169.2499,2954,169.198199
2023-05-03 12:17:00+00:00,169.3,169.3,169.15,96,169.15,1009844,168.54515
2023-05-03 12:18:00+00:00,169.27,169.27,169.26,48,169.27,2333,169.264792
2023-05-03 12:19:00+00:00,169.28,169.28,169.23,27,169.25,2108,169.247037
2023-05-03 12:20:00+00:00,169.3,169.3,169.24,34,169.28,2563,169.266356
2023-05-03 12:21:00+00:00,169.29,169.3,169.27,42,169.27,13018,169.298199
2023-05-03 12:22:00+00:00,169.16,169.28,169.16,43,169.28,2003,169.191945
2023-05-03 12:23:00+00:00,169.12,169.19,169.12,30,169.18,1618,169.156269
2023-05-03 12:25:00+00:00,169.17,169.17,169.17,25,169.17,1255,169.163488
2023-05-03 12:26:00+00:00,169.1,169.14,169.1,41,169.12,3281,169.114111
2023-05-03 12:27:00+00:00,169.06,169.13,169.06,53,169.1,4818,169.096903
2023-05-03 12:28:00+00:00,169.03,169.03,169.03,58,169.03,1566,169.055428
2023-05-03 12:29:00+00:00,169.17,169.17,169.03,37,169.1,6522,169.078541
2023-05-03 12:30:00+00:00,169.2,169.2,169.1427,57,169.1427,2929,169.176751
2023-05-03 12:32:00+00:00,169.12,169.13,169.12,19,169.13,723,169.147552
2023-05-03 12:33:00+00:00,169.14,169.15,169.14,17,169.14,885,169.137051
2023-05-03 12:34:00+00:00,169.11,169.11,169.11,26,169.11,444,169.107235
2023-05-03 12:35:00+00:00,169.0988,169.0988,169.0988,12,169.0988,499,169.099874
2023-05-03 12:36:00+00:00,169.08,169.1,169.08,48,169.1,1756,169.089314
2023-05-03 12:37:00+00:00,169.25,169.25,169.1,17,169.1,1095,169.219096
2023-05-03 12:38:00+00:00,169.12,169.12,169.1,16,169.1,759,169.113677
2023-05-03 12:39:00+00:00,169.07,169.12,169.07,27,169.07,4722,169.071274
2023-05-03 12:40:00+00:00,169.05,169.05,169.05,26,169.05,1051,169.050343
2023-05-03 12:41:00+00:00,169.06,169.06,169.06,19,169.06,369,169.078098
2023-05-03 12:42:00+00:00,169.03,169.1,169.03,42,169.1,5828,169.050778
2023-05-03 12:43:00+00:00,169.0005,169.05,169.0,71,169.05,3925,169.01545
2023-05-03 12:44:00+00:00,168.96,169.01,168.95,106,169.01,7494,168.984795
2023-05-03 12:45:00+00:00,168.91,168.96,168.91,32,168.96,1481,168.944186
2023-05-03 12:46:00+00:00,168.94,168.94,168.91,27,168.9114,2911,168.923614
2023-05-03 12:47:00+00:00,168.94,168.94,168.91,72,168.91,4369,168.925651
2023-05-03 12:48:00+00:00,168.97,168.97,168.95,31,168.9539,1283,168.951415
2023-05-03 12:49:00+00:00,168.98,169.0,168.98,42,168.99,2672,168.994938
2023-05-03 12:50:00+00:00,169.02,169.02,169.0,59,169.0,7563,169.000969
2023-05-03 12:51:00+00:00,169.0991,169.0991,169.0,27,169.01,4188,169.052011
2023-05-03 12:52:00+00:00,169.1,169.1,169.0773,37,169.0773,2293,169.090959
2023-05-03 12:53:00+00:00,169.07,169.07,169.07,40,169.07,2326,169.065462
2023-05-03 12:54:00+00:00,169.06,169.06,169.06,14,169.06,800,169.051642
2023-05-03 12:55:00+00:00,169.0258,169.0258,169.0258,37,169.0258,835,169.029729
2023-05-03 12:56:00+00:00,169.09,169.09,169.08,23,169.08,1989,169.083492
2023-05-03 12:57:00+00:00,169.03,169.08,169.03,34,169.08,2951,169.042988
2023-05-03 12:58:00+00:00,169.04,169.055,169.04,19,169.055,321,169.043122
2023-05-03 12:59:00+00:00,169.0001,169.03,169.0001,49,169.03,2286,169.012675
2023-05-03 13:00:00+00:00,168.99,169.07,168.99,102,169.0,6082,169.014373
2023-05-03 13:01:00+00:00,168.99,169.0,168.99,43,169.0,1489,168.994583
2023-05-03 13:02:00+00:00,169.08,169.08,168.9945,25,168.9945,353,169.03179
2023-05-03 13:03:00+00:00,169.03,169.03,169.03,22,169.03,304,169.020839
2023-05-03 13:04:00+00:00,169.03,169.03,169.03,27,169.03,449,169.035267
2023-05-03 13:06:00+00:00,169.11,169.11,169.05,61,169.05,2806,169.099529
2023-05-03 13:07:00+00:00,169.11,169.15,169.11,46,169.13,2438,169.131927
2023-05-03 13:08:00+00:00,169.1,169.12,169.1,40,169.12,1757,169.112605
2023-05-03 13:09:00+00:00,169.18,169.18,169.1,82,169.1,3466,169.147467
2023-05-03 13:10:00+00:00,169.215,169.215,169.18,46,169.19,2902,169.193166
2023-05-03 13:11:00+00:00,169.24,169.25,169.22,84,169.24,3717,169.232931
2023-05-03 13:12:00+00:00,169.19,169.2335,169.19,34,169.2335,1170,169.214248
2023-05-03 13:13:00+00:00,169.2,169.24,169.2,32,169.24,1028,169.217461
2023-05-03 13:14:00+00:00,169.19,169.19,169.19,38,169.19,1996,169.19231
2023-05-03 13:15:00+00:00,169.15,169.19,169.15,43,169.19,1573,169.175359
2023-05-03 13:16:00+00:00,169.22,169.22,169.14,54,169.14,4982,169.199105
2023-05-03 13:17:00+00:00,169.23,169.25,169.22,44,169.22,1112,169.23177
2023-05-03 13:18:00+00:00,169.2489,169.2489,169.2489,18,169.2489,1085,169.245798
2023-05-03 13:19:00+00:00,169.2101,169.25,169.2101,19,169.25,1315,169.216137
2023-05-03 13:20:00+00:00,169.21,169.22,169.2,52,169.21,2308,169.209001
2023-05-03 13:21:00+00:00,169.22,169.23,169.22,37,169.23,587,169.232689
2023-05-03 13:22:00+00:00,169.2,169.221,169.2,74,169.221,2751,169.208709
2023-05-03 13:23:00+00:00,169.21,169.21,169.16,54,169.2,2349,169.188633
2023-05-03 13:24:00+00:00,169.21,169.22,169.21,64,169.21,1102,169.214652
2023-05-03 13:25:00+00:00,169.19,169.25,169.0,319,169.16,25857,169.126951
2023-05-03 13:26:00+00:00,169.15,169.2,169.08,88,169.11,7837,169.152163
2023-05-03 13:27:00+00:00,169.25,169.26,169.07,105,169.13,9813,169.20187
2023-05-03 13:28:00+00:00,169.39,169.43,169.25,206,169.29,12248,169.339017
2023-05-03 13:29:00+00:00,169.49,169.51,169.35,169,169.382,14535,169.39884
2023-05-03 13:30:00+00:00,169.7421,169.8,169.49,5999,169.51,1407702,169.566571
2023-05-03 13:31:00+00:00,169.79,169.8653,169.62,3045,169.74,321772,169.758096
2023-05-03 13:32:00+00:00,169.945,169.95,169.74,2363,169.78,279392,169.839184
2023-05-03 13:33:00+00:00,170.06,170.08,169.9,4227,169.9508,526762,169.994195
2023-05-03 13:34:00+00:00,170.235,170.24,169.95,2856,170.0691,260805,170.082956
2023-05-03 13:35:00+00:00,170.3201,170.49,170.2391,3931,170.24,430251,170.353152
2023-05-03 13:36:00+00:00,170.4,170.47,170.26,2563,170.32,264184,170.377345
2023-05-03 13:37:00+00:00,170.2379,170.425,170.18,3347,170.4093,349804,170.2838
2023-05-03 13:38:00+00:00,170.3313,170.335,170.18,2253,170.235,228534,170.267455
2023-05-03 13:39:00+00:00,170.26,170.345,170.2,1887,170.335,162387,170.258784
2023-05-03 13:40:00+00:00,170.2834,170.35,170.23,1984,170.26,197368,170.289026
2023-05-03 13:41:00+00:00,170.245,170.31,170.11,2162,170.28,234794,170.225648
2023-05-03 13:42:00+00:00,170.31,170.37,170.22,1866,170.24,186474,170.306301
2023-05-03 13:43:00+00:00,170.33,170.365,170.25,1725,170.3,175131,170.306976
2023-05-03 13:44:00+00:00,170.4101,170.49,170.325,2537,170.33,268781,170.426862
2023-05-03 13:45:00+00:00,170.655,170.6791,170.38,4168,170.415,429290,170.519174
2023-05-03 13:46:00+00:00,170.475,170.6899,170.4286,2625,170.66,232108,170.553129
2023-05-03 13:47:00+00:00,170.37,170.49,170.18,4434,170.475,240529,170.321522
2023-05-03 13:48:00+00:00,170.4612,170.48,170.33,3911,170.37,167361,170.405788
2023-05-03 13:49:00+00:00,170.4,170.48,170.38,3604,170.47,202878,170.441307
2023-05-03 13:50:00+00:00,170.48,170.5067,170.38,3673,170.41,149482,170.450625
2023-05-03 13:51:00+00:00,170.3901,170.4977,170.36,3429,170.4788,113002,170.406332
2023-05-03 13:52:00+00:00,170.61,170.61,170.4,4129,170.4,222759,170.54666
2023-05-03 13:53:00+00:00,170.665,170.73,170.52,4149,170.61,208704,170.622712
2023-05-03 13:54:00+00:00,170.7991,170.7991,170.61,4087,170.6617,194770,170.714293
2023-05-03 13:55:00+00:00,170.865,170.88,170.75,4291,170.795,245701,170.824493
2023-05-03 13:56:00+00:00,170.811,170.89,170.8,3589,170.87,140149,170.846881
2023-05-03 13:57:00+00:00,170.75,170.82,170.705,3450,170.815,144054,170.75629
2023-05-03 13:58:00+00:00,170.76,170.78,170.68,3350,170.7402,119757,170.733685
2023-05-03 13:59:00+00:00,170.7519,170.83,170.7099,3621,170.7594,187125,170.776594
2023-05-03 14:00:00+00:00,170.92,170.92,170.695,4225,170.75,216172,170.826474
2023-05-03 14:01:00+00:00,170.785,170.9199,170.71,3810,170.9,169491,170.782303
2023-05-03 14:02:00+00:00,170.7002,170.78,170.65,3699,170.78,156090,170.714133
2023-05-03 14:03:00+00:00,170.6401,170.7,170.6,3865,170.7,189958,170.651614
2023-05-03 14:04:00+00:00,170.6501,170.6899,170.625,3063,170.64,120295,170.661048
2023-05-03 14:05:00+00:00,170.545,170.675,170.51,4058,170.66,164786,170.596609
2023-05-03 14:06:00+00:00,170.3442,170.55,170.3,4596,170.54,320533,170.39448
2023-05-03 14:07:00+00:00,170.395,170.395,170.25,3864,170.35,199519,170.315012
2023-05-03 14:08:00+00:00,170.305,170.4,170.29,3362,170.395,140777,170.339389
2023-05-03 14:09:00+00:00,170.28,170.34,170.23,3570,170.3,149639,170.281669
2023-05-03 14:10:00+00:00,170.16,170.29,170.15,3698,170.27,164015,170.226479
2023-05-03 14:11:00+00:00,170.03,170.1697,170.03,3727,170.155,182655,170.092174
2023-05-03 14:12:00+00:00,170.06,170.15,170.01,3610,170.02,182974,170.086245
2023-05-03 14:13:00+00:00,170.08,170.19,170.05,3445,170.06,146816,170.131338
2023-05-03 14:14:00+00:00,170.14,170.15,170.04,3309,170.08,122816,170.107403
2023-05-03 14:15:00+00:00,170.24,170.25,170.11,3425,170.15,155368,170.186923
2023-05-03 14:16:00+00:00,170.2298,170.305,170.2,3453,170.2419,151397,170.259251
2023-05-03 14:17:00+00:00,170.31,170.38,170.19,3785,170.225,184032,170.281922
2023-05-03 14:18:00+00:00,170.235,170.34,170.17,3443,170.31,135911,170.219481
2023-05-03 14:19:00+00:00,170.23,170.2399,170.17,3085,170.235,104582,170.203071
2023-05-03 14:20:00+00:00,170.268,170.325,170.23,3319,170.24,186073,170.281509
2023-05-03 14:21:00+00:00,170.3,170.4,170.255,2241,170.265,130151,170.338703
2023-05-03 14:22:00+00:00,170.245,170.295,170.16,1186,170.29,101046,170.216444
2023-05-03 14:23:00+00:00,170.165,170.2499,170.15,986,170.24,95719,170.191498
2023-05-03 14:24:00+00:00,170.23,170.25,170.1438,1017,170.1646,112880,170.201324
2023-05-03 14:25:00+00:00,170.2399,170.2399,170.14,972,170.225,88236,170.191553
2023-05-03 14:26:00+00:00,170.28,170.34,170.2,1555,170.2285,154004,170.273053
2023-05-03 14:27:00+00:00,170.3223,170.3476,170.27,1113,170.275,87969,170.301731
2023-05-03 14:28:00+00:00,170.355,170.4,170.29,1255,170.325,123234,170.35212
2023-05-03 14:29:00+00:00,170.0801,170.35,170.06,1687,170.35,159992,170.175874
2023-05-03 14:30:00+00:00,170.145,170.2397,170.07,1289,170.08,130887,170.145279
2023-05-03 14:31:00+00:00,170.105,170.14,170.015,1051,170.14,117626,170.069771
2023-05-03 14:32:00+00:00,170.19,170.22,170.11,1025,170.11,107299,170.180314
2023-05-03 14:33:00+00:00,170.1799,170.24,170.16,1327,170.185,106406,170.195904
2023-05-03 14:34:00+00:00,170.125,170.185,170.08,818,170.18,70329,170.123561
2023-05-03 14:35:00+00:00,170.06,170.12,170.03,955,170.12,89125,170.064454
2023-05-03 14:36:00+00:00,170.135,170.14,170.02,1101,170.06,114374,170.056369
2023-05-03 14:37:00+00:00,170.1423,170.175,170.06,877,170.15,113790,170.117613
2023-05-03 14:38:00+00:00,170.1701,170.23,170.11,1113,170.15,102216,170.166372
2023-05-03 14:39:00+00:00,170.015,170.1799,170.015,1089,170.1776,94228,170.079944
2023-05-03 14:40:00+00:00,170.18,170.19,169.972,2020,170.02,188735,170.064551
2023-05-03 14:41:00+00:00,170.2075,170.28,170.19,1273,170.19,114760,170.222474
2023-05-03 14:42:00+00:00,170.1347,170.225,170.06,889,170.21,83492,170.144727
2023-05-03 14:43:00+00:00,170.095,170.14,170.04,818,170.1365,62980,170.096933
2023-05-03 14:44:00+00:00,170.06,170.1498,170.05,928,170.08,77462,170.086348
2023-05-03 14:45:00+00:00,170.09,170.18,170.07,910,170.07,97489,170.124845
2023-05-03 14:46:00+00:00,169.83,170.095,169.79,2333,170.095,242398,169.925465
2023-05-03 14:47:00+00:00,169.77,169.88,169.7501,1446,169.825,164832,169.818027
2023-05-03 14:48:00+00:00,169.8502,169.89,169.72,1130,169.77,115549,169.81275
2023-05-03 14:49:00+00:00,169.95,169.96,169.85,1286,169.8565,125177,169.908186
2023-05-03 14:50:00+00:00,169.98,170.0,169.935,1262,169.935,120938,169.974793
2023-05-03 14:51:00+00:00,169.96,170.0,169.95,876,169.9834,85817,169.976121
2023-05-03 14:52:00+00:00,169.89,169.98,169.88,929,169.96,84705,169.93583
2023-05-03 14:53:00+00:00,169.87,169.94,169.86,818,169.885,78147,169.904659
2023-05-03 14:54:00+00:00,169.838,169.87,169.79,1023,169.86,97014,169.829174
2023-05-03 14:55:00+00:00,169.83,169.88,169.77,896,169.84,76225,169.818733
2023-05-03 14:56:00+00:00,169.8157,169.8899,169.81,905,169.825,69575,169.852334
2023-05-03 14:57:00+00:00,169.75,169.8173,169.67,1335,169.8173,132134,169.719669
2023-05-03 14:58:00+00:00,169.65,169.75,169.61,919,169.75,73985,169.662798
2023-05-03 14:59:00+00:00,169.625,169.6698,169.57,955,169.64,85794,169.613926
2023-05-03 15:00:00+00:00,169.645,169.69,169.61,880,169.62,80127,169.645125
2023-05-03 15:01:00+00:00,169.5211,169.69,169.52,872,169.64,76224,169.574373
2023-05-03 15:02:00+00:00,169.53,169.55,169.43,1567,169.5226,138354,169.490318
2023-05-03 15:03:00+00:00,169.495,169.555,169.48,856,169.535,85018,169.523844
2023-05-03 15:04:00+00:00,169.61,169.61,169.48,711,169.495,61040,169.561592
2023-05-03 15:05:00+00:00,169.62,169.68,169.605,921,169.61,77262,169.644098
2023-05-03 15:06:00+00:00,169.54,169.62,169.525,673,169.62,56925,169.573134
2023-05-03 15:07:00+00:00,169.6601,169.665,169.5,655,169.53,66403,169.576034
2023-05-03 15:08:00+00:00,169.62,169.67,169.5822,672,169.67,75358,169.626379
2023-05-03 15:09:00+00:00,169.6499,169.655,169.58,622,169.62,55108,169.623974
2023-05-03 15:10:00+00:00,169.61,169.645,169.55,803,169.64,75635,169.591038
2023-05-03 15:11:00+00:00,169.58,169.64,169.55,496,169.6167,34148,169.602059
2023-05-03 15:12:00+00:00,169.52,169.61,169.5121,731,169.59,82506,169.554436
2023-05-03 15:13:00+00:00,169.6351,169.665,169.5099,838,169.52,83229,169.607276
2023-05-03 15:14:00+00:00,169.58,169.65,169.58,683,169.6301,57441,169.620675
2023-05-03 15:15:00+00:00,169.5244,169.59,169.49,832,169.58,75309,169.541135
2023-05-03 15:16:00+00:00,169.545,169.56,169.4991,644,169.5141,47258,169.528674
2023-05-03 15:17:00+00:00,169.59,169.62,169.54,847,169.54,64109,169.583755
2023-05-03 15:18:00+00:00,169.62,169.63,169.5701,619,169.595,57695,169.6053
2023-05-03 15:19:00+00:00,169.635,169.64,169.6,730,169.62,64162,169.621262
2023-05-03 15:20:00+00:00,169.65,169.65,169.59,701,169.65,73849,169.621236
2023-05-03 15:21:00+00:00,169.525,169.6404,169.4802,816,169.635,65943,169.525102
2023-05-03 15:22:00+00:00,169.39,169.53,169.37,1086,169.52,105030,169.427158
2023-05-03 15:23:00+00:00,169.4042,169.42,169.35,901,169.3916,75357,169.39859
2023-05-03 15:24:00+00:00,169.315,169.41,169.315,896,169.41,69933,169.362018
2023-05-03 15:25:00+00:00,169.335,169.345,169.24,1051,169.32,89687,169.289788
2023-05-03 15:26:00+00:00,169.2399,169.345,169.2,857,169.335,77746,169.259542
2023-05-03 15:27:00+00:00,169.295,169.32,169.18,1075,169.2373,110483,169.251783
2023-05-03 15:28:00+00:00,169.265,169.3,169.1818,776,169.2999,72131,169.230787
2023-05-03 15:29:00+00:00,169.31,169.325,169.25,794,169.27,74596,169.295018
2023-05-03 15:30:00+00:00,169.27,169.31,169.23,912,169.31,86124,169.278415
2023-05-03 15:31:00+00:00,169.251,169.325,169.24,847,169.28,69350,169.280652
2023-05-03 15:32:00+00:00,169.37,169.37,169.24,790,169.255,67742,169.319359
2023-05-03 15:33:00+00:00,169.455,169.46,169.33,790,169.365,68008,169.39444
2023-05-03 15:34:00+00:00,169.4919,169.5,169.4,975,169.455,90042,169.458753
2023-05-03 15:35:00+00:00,169.53,169.57,169.47,1022,169.495,89182,169.515811
2023-05-03 15:36:00+00:00,169.585,169.59,169.52,849,169.5207,65947,169.56026
2023-05-03 15:37:00+00:00,169.605,169.61,169.55,774,169.5799,75680,169.572905
2023-05-03 15:38:00+00:00,169.63,169.63,169.53,920,169.6,96603,169.581408
2023-05-03 15:39:00+00:00,169.64,169.685,169.59,904,169.63,94657,169.644751
2023-05-03 15:40:00+00:00,169.65,169.68,169.61,839,169.65,69378,169.642791
2023-05-03 15:41:00+00:00,169.6465,169.675,169.61,619,169.6499,51604,169.643472
2023-05-03 15:42:00+00:00,169.58,169.645,169.555,618,169.64,55288,169.603295
2023-05-03 15:43:00+00:00,169.52,169.582,169.48,781,169.582,77572,169.525963
2023-05-03 15:44:00+00:00,169.4396,169.5178,169.39,882,169.51,92079,169.446997
2023-05-03 15:45:00+00:00,169.5458,169.55,169.4301,716,169.44,79721,169.504679
2023-05-03 15:46:00+00:00,169.645,169.66,169.54,944,169.545,90243,169.621726
2023-05-03 15:47:00+00:00,169.7281,169.73,169.635,963,169.645,90484,169.67723
2023-05-03 15:48:00+00:00,169.67,169.73,169.66,719,169.72,84172,169.693011
2023-05-03 15:49:00+00:00,169.61,169.67,169.57,735,169.67,53314,169.6051
2023-05-03 15:50:00+00:00,169.7,169.7,169.6,785,169.62,89612,169.643096
2023-05-03 15:51:00+00:00,169.74,169.75,169.67,763,169.71,59695,169.705343
2023-05-03 15:52:00+00:00,169.72,169.76,169.7,663,169.74,52933,169.731159
2023-05-03 15:53:00+00:00,169.69,169.735,169.6736,562,169.72,61029,169.701842
2023-05-03 15:54:00+00:00,169.6885,169.7,169.645,599,169.685,52171,169.670816
2023-05-03 15:55:00+00:00,169.72,169.735,169.664,529,169.69,41621,169.709828
2023-05-03 15:56:00+00:00,169.845,169.86,169.72,1031,169.72,112458,169.788575
2023-05-03 15:57:00+00:00,169.88,169.88,169.8038,684,169.8483,72396,169.846628
2023-05-03 15:58:00+00:00,169.84,169.89,169.82,498,169.8784,48780,169.846281
2023-05-03 15:59:00+00:00,169.9214,169.9299,169.82,599,169.8396,50403,169.882042
2023-05-03 16:00:00+00:00,169.92,169.95,169.89,626,169.9287,56382,169.919378
2023-05-03 16:01:00+00:00,169.865,169.92,169.85,485,169.92,44285,169.885491
2023-05-03 16:02:00+00:00,169.82,169.88,169.801,544,169.86,43773,169.840892
2023-05-03 16:03:00+00:00,169.7979,169.83,169.765,562,169.8199,40457,169.790915
2023-05-03 16:04:00+00:00,169.72,169.8,169.71,560,169.79,45485,169.759291
2023-05-03 16:05:00+00:00,169.75,169.77,169.725,454,169.7296,59520,169.746181
2023-05-03 16:06:00+00:00,169.7742,169.8,169.73,520,169.745,47613,169.763827
2023-05-03 16:07:00+00:00,169.76,169.8244,169.7401,659,169.78,67533,169.787917
2023-05-03 16:08:00+00:00,169.745,169.78,169.73,405,169.76,27426,169.755757
2023-05-03 16:09:00+00:00,169.73,169.7873,169.7201,520,169.74,38375,169.753117
2023-05-03 16:10:00+00:00,169.76,169.77,169.7147,507,169.73,44139,169.734174
2023-05-03 16:11:00+00:00,169.79,169.8,169.75,561,169.7686,49832,169.771587
2023-05-03 16:12:00+00:00,169.76,169.7999,169.725,604,169.79,243077,169.788062
2023-05-03 16:13:00+00:00,169.75,169.76,169.705,509,169.7501,38406,169.728669
2023-05-03 16:14:00+00:00,169.74,169.79,169.735,588,169.74,59509,169.762685
2023-05-03 16:15:00+00:00,169.72,169.78,169.71,547,169.735,63850,169.740474
2023-05-03 16:16:00+00:00,169.74,169.745,169.71,478,169.72,41713,169.725643
2023-05-03 16:17:00+00:00,169.645,169.74,169.63,718,169.74,91148,169.674003
2023-05-03 16:18:00+00:00,169.67,169.6891,169.64,521,169.65,41675,169.661488
2023-05-03 16:19:00+00:00,169.6441,169.67,169.635,530,169.67,45019,169.649893
2023-05-03 16:20:00+00:00,169.595,169.65,169.57,787,169.63,84489,169.608913
2023-05-03 16:21:00+00:00,169.605,169.63,169.58,463,169.6,39060,169.602877
2023-05-03 16:22:00+00:00,169.565,169.6112,169.55,529,169.61,52684,169.587029
2023-05-03 16:23:00+00:00,169.595,169.6361,169.56,663,169.57,58823,169.603533
2023-05-03 16:24:00+00:00,169.605,169.63,169.563,609,169.595,51586,169.603841
2023-05-03 16:25:00+00:00,169.585,169.62,169.56,785,169.6,69236,169.600453
2023-05-03 16:26:00+00:00,169.545,169.61,169.54,446,169.58,40434,169.570658
2023-05-03 16:27:00+00:00,169.6102,169.635,169.52,563,169.545,47006,169.586682
2023-05-03 16:28:00+00:00,169.6401,169.67,169.59,702,169.615,62440,169.635251
2023-05-03 16:29:00+00:00,169.7,169.7,169.625,621,169.645,78039,169.668032
2023-05-03 16:30:00+00:00,169.7518,169.77,169.68,773,169.71,77713,169.714003
2023-05-03 16:31:00+00:00,169.765,169.77,169.715,423,169.77,37284,169.736289
2023-05-03 16:32:00+00:00,169.7599,169.8,169.75,601,169.7686,60736,169.769532
2023-05-03 16:33:00+00:00,169.755,169.7877,169.72,472,169.76,32752,169.760821
2023-05-03 16:34:00+00:00,169.735,169.79,169.73,456,169.755,47577,169.74386
2023-05-03 16:35:00+00:00,169.73,169.75,169.71,482,169.739,43604,169.7244
2023-05-03 16:36:00+00:00,169.67,169.73,169.67,675,169.73,95773,169.699501
2023-05-03 16:37:00+00:00,169.6625,169.68,169.64,524,169.67,48048,169.661832
2023-05-03 16:38:00+00:00,169.62,169.6858,169.6,486,169.66,43221,169.633348
2023-05-03 16:39:00+00:00,169.64,169.64,169.57,639,169.6178,58107,169.607968
2023-05-03 16:40:00+00:00,169.705,169.7091,169.63,546,169.645,55797,169.667183
2023-05-03 16:41:00+00:00,169.77,169.79,169.705,755,169.705,75788,169.757531
2023-05-03 16:42:00+00:00,169.845,169.86,169.771,891,169.771,97768,169.808416
2023-05-03 16:43:00+00:00,169.9187,169.92,169.84,748,169.85,80425,169.877519
2023-05-03 16:44:00+00:00,169.8901,169.92,169.87,572,169.92,56427,169.8965
2023-05-03 16:45:00+00:00,169.829,169.9,169.82,469,169.899,51827,169.859309
2023-05-03 16:46:00+00:00,169.7942,169.84,169.78,586,169.82,46404,169.809157
2023-05-03 16:47:00+00:00,169.835,169.85,169.78,822,169.7927,75460,169.817417
2023-05-03 16:48:00+00:00,169.89,169.9,169.8301,613,169.835,56043,169.868006
2023-05-03 16:49:00+00:00,169.98,169.98,169.8801,823,169.8882,91799,169.937875
2023-05-03 16:50:00+00:00,169.98,169.99,169.9532,698,169.9776,110181,169.838531
2023-05-03 16:51:00+00:00,170.055,170.06,169.97,2044,169.99,223442,170.009028
2023-05-03 16:52:00+00:00,170.15,170.15,170.05,981,170.05,104830,170.108087
2023-05-03 16:53:00+00:00,170.132,170.17,170.11,710,170.1403,58895,170.137835
2023-05-03 16:54:00+00:00,170.045,170.14,170.04,654,170.135,87333,170.075165
2023-05-03 16:55:00+00:00,169.9999,170.05,169.985,769,170.04,63103,170.01279
2023-05-03 16:56:00+00:00,169.9612,170.0282,169.9602,484,170.0,59226,169.978613
2023-05-03 16:57:00+00:00,169.95,170.0178,169.95,630,169.9601,60949,169.98466
2023-05-03 16:58:00+00:00,169.97,169.9799,169.92,526,169.955,41240,169.954783
2023-05-03 16:59:00+00:00,169.995,170.0,169.95,564,169.97,43104,169.981068
2023-05-03 17:00:00+00:00,170.015,170.02,169.955,803,169.995,67631,169.986606
2023-05-03 17:01:00+00:00,170.0171,170.05,169.99,551,170.02,42621,170.02148
2023-05-03 17:02:00+00:00,169.9295,170.03,169.92,772,170.02,63094,169.989739
2023-05-03 17:03:00+00:00,169.95,170.0,169.895,694,169.9203,57429,169.937065
2023-05-03 17:04:00+00:00,170.0001,170.05,169.945,838,169.9501,94886,170.000922
2023-05-03 17:05:00+00:00,170.05,170.0579,169.95,772,170.005,62539,169.997393
2023-05-03 17:06:00+00:00,169.995,170.07,169.99,667,170.0487,48934,170.036562
2023-05-03 17:07:00+00:00,170.02,170.04,169.96,682,169.99,49701,169.995501
2023-05-03 17:08:00+00:00,170.02,170.08,170.0,846,170.0215,69306,170.025737
2023-05-03 17:09:00+00:00,170.0125,170.04,169.995,553,170.02,55688,170.021963
2023-05-03 17:10:00+00:00,170.0434,170.085,170.0,764,170.02,69437,170.054192
2023-05-03 17:11:00+00:00,170.0301,170.05,169.99,620,170.0448,130744,169.953492
2023-05-03 17:12:00+00:00,170.14,170.14,170.03,634,170.045,54843,170.100253
2023-05-03 17:13:00+00:00,170.145,170.17,170.11,825,170.135,85533,170.138804
2023-05-03 17:14:00+00:00,170.175,170.19,170.1304,994,170.14,95658,170.13862
2023-05-03 17:15:00+00:00,170.2296,170.24,170.18,929,170.18,104927,170.205749
2023-05-03 17:16:00+00:00,170.1201,170.24,170.12,627,170.225,69435,170.198805
2023-05-03 17:17:00+00:00,170.165,170.18,170.07,870,170.115,74151,170.111867
2023-05-03 17:18:00+00:00,170.175,170.1815,170.135,538,170.165,49599,170.161043
2023-05-03 17:19:00+00:00,170.15,170.19,170.14,522,170.18,50354,170.169164
2023-05-03 17:20:00+00:00,170.2301,170.29,170.1401,1080,170.145,126863,170.241712
2023-05-03 17:21:00+00:00,170.1301,170.235,170.1301,586,170.235,59491,170.175012
2023-05-03 17:22:00+00:00,170.1,170.1355,170.07,615,170.13,64110,170.097915
2023-05-03 17:23:00+00:00,170.19,170.2,170.1,798,170.11,97330,170.142641
2023-05-03 17:24:00+00:00,170.21,170.23,170.18,578,170.18,50798,170.204756
2023-05-03 17:25:00+00:00,170.19,170.24,170.17,577,170.2181,50749,170.208945
2023-05-03 17:26:00+00:00,170.19,170.2208,170.17,457,170.21,49828,170.198584
2023-05-03 17:27:00+00:00,170.1572,170.1883,170.085,526,170.18,46511,170.142004
2023-05-03 17:28:00+00:00,170.2009,170.25,170.14,653,170.155,47179,170.185398
2023-05-03 17:29:00+00:00,170.1599,170.21,170.15,535,170.2,34389,170.188052
2023-05-03 17:30:00+00:00,170.21,170.25,170.13,1051,170.155,81111,170.19625
2023-05-03 17:31:00+00:00,170.195,170.23,170.19,698,170.2103,40515,170.209236
2023-05-03 17:32:00+00:00,170.215,170.23,170.17,577,170.195,38562,170.201557
2023-05-03 17:33:00+00:00,170.19,170.23,170.185,462,170.2265,40421,170.200396
2023-05-03 17:34:00+00:00,170.19,170.19,170.155,513,170.185,43848,170.172822
2023-05-03 17:35:00+00:00,170.125,170.18,170.1,581,170.18,44082,170.128952
2023-05-03 17:36:00+00:00,170.12,170.15,170.08,574,170.12,73992,170.107528
2023-05-03 17:37:00+00:00,170.085,170.1348,170.085,547,170.1348,43383,170.111004
2023-05-03 17:38:00+00:00,170.05,170.095,170.025,609,170.09,51858,170.050361
2023-05-03 17:39:00+00:00,170.05,170.065,170.04,489,170.05,36133,170.049279
2023-05-03 17:40:00+00:00,170.0693,170.0765,170.025,549,170.05,49485,170.055816
2023-05-03 17:41:00+00:00,170.0772,170.11,170.065,656,170.065,55748,170.088137
2023-05-03 17:42:00+00:00,170.13,170.13,170.08,715,170.08,70096,170.10826
2023-05-03 17:43:00+00:00,170.1109,170.1201,170.09,500,170.12,34956,170.105012
2023-05-03 17:44:00+00:00,170.06,170.12,170.05,546,170.11,52742,170.081202
2023-05-03 17:45:00+00:00,169.97,170.07,169.93,1265,170.05,142086,170.006744
2023-05-03 17:46:00+00:00,169.9,169.96,169.865,773,169.955,92751,169.895848
2023-05-03 17:47:00+00:00,169.8547,169.91,169.835,517,169.9,68772,169.869146
2023-05-03 17:48:00+00:00,169.8101,169.848,169.7804,665,169.845,64707,169.810817
2023-05-03 17:49:00+00:00,169.905,169.91,169.81,689,169.81,74667,169.855102
2023-05-03 17:50:00+00:00,169.92,169.94,169.905,786,169.905,59029,169.925463
2023-05-03 17:51:00+00:00,169.835,169.9271,169.83,501,169.9201,59002,169.885922
2023-05-03 17:52:00+00:00,169.8599,169.8612,169.83,372,169.835,38976,169.843599
2023-05-03 17:53:00+00:00,169.83,169.8589,169.81,364,169.8589,38756,169.829517
2023-05-03 17:54:00+00:00,169.8943,169.9,169.81,607,169.82,46354,169.851232
2023-05-03 17:55:00+00:00,169.8842,169.9,169.83,436,169.9,46408,169.863242
2023-05-03 17:56:00+00:00,169.92,169.93,169.86,473,169.89,36454,169.89678
2023-05-03 17:57:00+00:00,169.9471,169.96,169.905,550,169.91,40137,169.935237
2023-05-03 17:58:00+00:00,169.87,169.95,169.86,564,169.9477,50515,169.900492
2023-05-03 17:59:00+00:00,169.89,169.91,169.82,839,169.864,67294,169.868858
2023-05-03 18:00:00+00:00,170.2,170.6,169.7,5803,169.88,606514,170.246042
2023-05-03 18:01:00+00:00,169.945,170.25,169.72,2334,170.18,237211,170.011745
2023-05-03 18:02:00+00:00,169.93,170.115,169.71,2407,169.96,232987,169.941105
2023-05-03 18:03:00+00:00,169.695,169.9,169.43,2521,169.9,239357,169.628867
2023-05-03 18:04:00+00:00,169.8459,169.94,169.59,1184,169.72,157216,169.805419
2023-05-03 18:05:00+00:00,169.61,169.92,169.37,1665,169.85,160238,169.600365
2023-05-03 18:06:00+00:00,169.71,169.79,169.55,1392,169.63,120111,169.680533
2023-05-03 18:07:00+00:00,169.9499,169.96,169.66,1430,169.72,127480,169.810154
2023-05-03 18:08:00+00:00,169.8,169.99,169.8,1291,169.94,138948,169.901639
2023-05-03 18:09:00+00:00,169.7411,169.8,169.61,1196,169.8,129345,169.716598
2023-05-03 18:10:00+00:00,169.65,169.79,169.64,989,169.74,75865,169.704121
2023-05-03 18:11:00+00:00,169.65,169.67,169.5101,1259,169.64,107000,169.588658
2023-05-03 18:12:00+00:00,169.69,169.755,169.61,889,169.64,80308,169.691993
2023-05-03 18:13:00+00:00,169.7798,169.8124,169.675,832,169.675,74810,169.753845
2023-05-03 18:14:00+00:00,169.865,169.87,169.725,972,169.79,88381,169.807108
2023-05-03 18:15:00+00:00,169.985,170.02,169.86,1551,169.9,187965,169.95033
2023-05-03 18:16:00+00:00,169.95,170.029,169.9,964,169.98,87544,169.956774
2023-05-03 18:17:00+00:00,170.0255,170.03,169.89,750,169.945,61785,169.955742
2023-05-03 18:18:00+00:00,170.18,170.19,169.97,1140,170.01,143466,170.07778
2023-05-03 18:19:00+00:00,170.17,170.24,170.13,1026,170.19,94763,170.185091
2023-05-03 18:20:00+00:00,170.16,170.2,170.09,884,170.18,97668,170.155789
2023-05-03 18:21:00+00:00,170.14,170.18,170.1086,557,170.16,48709,170.140505
2023-05-03 18:22:00+00:00,170.29,170.29,170.13,1012,170.1314,138692,170.210618
2023-05-03 18:23:00+00:00,170.4399,170.475,170.295,1228,170.295,135831,170.393756
2023-05-03 18:24:00+00:00,170.315,170.4392,170.305,775,170.4392,81590,170.370573
2023-05-03 18:25:00+00:00,170.39,170.4,170.25,902,170.315,89242,170.320477
2023-05-03 18:26:00+00:00,170.51,170.57,170.39,1434,170.39,147018,170.496422
2023-05-03 18:27:00+00:00,170.435,170.59,170.41,1258,170.505,127917,170.506423
2023-05-03 18:28:00+00:00,170.3,170.4287,170.27,1263,170.42,106377,170.339689
2023-05-03 18:29:00+00:00,170.245,170.32,170.22,1001,170.3088,95872,170.281053
2023-05-03 18:30:00+00:00,170.25,170.31,170.16,1035,170.25,87843,170.239966
2023-05-03 18:31:00+00:00,170.145,170.28,169.98,1795,170.2536,173969,170.115762
2023-05-03 18:32:00+00:00,170.04,170.145,169.97,1696,170.145,162854,170.023554
2023-05-03 18:33:00+00:00,170.165,170.24,170.05,1486,170.05,149185,170.172071
2023-05-03 18:34:00+00:00,169.94,170.2148,169.86,1581,170.16,170465,169.998009
2023-05-03 18:35:00+00:00,169.6614,169.95,169.5,2546,169.95,247995,169.659602
2023-05-03 18:36:00+00:00,169.31,169.67,169.29,1743,169.655,200721,169.441117
2023-05-03 18:37:00+00:00,169.59,169.69,169.06,3909,169.32,363211,169.331656
2023-05-03 18:38:00+00:00,170.02,170.17,169.55,3839,169.6,399900,169.940292
2023-05-03 18:39:00+00:00,170.17,170.21,169.955,2310,170.02,273715,170.126083
2023-05-03 18:40:00+00:00,170.6,170.76,170.12,4214,170.16,451461,170.498891
2023-05-03 18:41:00+00:00,170.5,170.6699,170.3801,2105,170.61,215802,170.510802
2023-05-03 18:42:00+00:00,170.1301,170.585,170.08,2059,170.49,194249,170.377083
2023-05-03 18:43:00+00:00,169.97,170.1245,169.87,2245,170.12,226177,169.980108
2023-05-03 18:44:00+00:00,170.04,170.06,169.76,1695,170.0,174099,169.919049
2023-05-03 18:45:00+00:00,170.23,170.3499,170.01,2536,170.0399,239074,170.222228
2023-05-03 18:46:00+00:00,170.14,170.29,170.055,1536,170.23,135401,170.175092
2023-05-03 18:47:00+00:00,169.99,170.13,169.9,1346,170.13,125391,170.000915
2023-05-03 18:48:00+00:00,170.03,170.109,169.985,933,169.99,84837,170.059757
2023-05-03 18:49:00+00:00,169.85,170.05,169.81,1300,170.01,115401,169.931268
2023-05-03 18:50:00+00:00,169.73,169.88,169.5501,1903,169.84,176172,169.715785
2023-05-03 18:51:00+00:00,169.43,169.89,169.38,2143,169.7026,190168,169.649343
2023-05-03 18:52:00+00:00,169.54,169.56,169.05,3629,169.4,344686,169.270323
2023-05-03 18:53:00+00:00,169.7607,169.95,169.55,2249,169.55,206049,169.788098
2023-05-03 18:54:00+00:00,169.76,169.84,169.61,1523,169.78,144090,169.705689
2023-05-03 18:55:00+00:00,169.79,169.87,169.67,1408,169.74,112246,169.775093
2023-05-03 18:56:00+00:00,170.16,170.34,169.8,2577,169.8,259605,170.12003
2023-05-03 18:57:00+00:00,169.715,170.21,169.59,1899,170.17,166657,169.857051
2023-05-03 18:58:00+00:00,169.95,170.06,169.7,1264,169.72,116652,169.852212
2023-05-03 18:59:00+00:00,170.05,170.11,169.9169,1162,169.9411,95577,170.012377
2023-05-03 19:00:00+00:00,170.15,170.16,169.97,1375,170.0401,135799,170.07954
2023-05-03 19:01:00+00:00,170.03,170.22,169.92,1387,170.14,128980,170.052729
2023-05-03 19:02:00+00:00,169.8,170.06,169.71,1566,170.02,141389,169.850708
2023-05-03 19:03:00+00:00,169.78,169.88,169.56,1472,169.78,122308,169.723762
2023-05-03 19:04:00+00:00,170.01,170.03,169.77,1053,169.8,96183,169.930012
2023-05-03 19:05:00+00:00,170.35,170.47,169.96,2153,169.99,214779,170.255199
2023-05-03 19:06:00+00:00,170.0,170.41,169.84,2349,170.37,214501,170.09676
2023-05-03 19:07:00+00:00,169.59,170.0089,169.45,2308,169.98,223117,169.649194
2023-05-03 19:08:00+00:00,169.4947,169.64,169.43,1399,169.6172,136056,169.530308
2023-05-03 19:09:00+00:00,169.502,169.54,169.28,1715,169.485,162518,169.414986
2023-05-03 19:10:00+00:00,169.08,169.48,169.0419,2222,169.48,210564,169.231928
2023-05-03 19:11:00+00:00,169.19,169.24,168.9,2928,169.05,271331,169.044798
2023-05-03 19:12:00+00:00,168.91,169.3,168.9,1746,169.161,191200,169.084338
2023-05-03 19:13:00+00:00,169.04,169.15,168.8,1760,168.9,177979,168.950422
2023-05-03 19:14:00+00:00,168.89,169.1,168.88,1138,169.03,107528,169.000647
2023-05-03 19:15:00+00:00,168.6218,168.9,168.57,2574,168.88,233524,168.748622
2023-05-03 19:16:00+00:00,168.88,168.9027,168.5801,1636,168.6,181587,168.779623
2023-05-03 19:17:00+00:00,169.09,169.18,168.8439,1810,168.87,170167,169.037061
2023-05-03 19:18:00+00:00,168.98,169.15,168.975,1454,169.09,147760,169.051025
2023-05-03 19:19:00+00:00,168.7825,168.98,168.77,1766,168.98,184170,168.856486
2023-05-03 19:20:00+00:00,168.52,168.79,168.46,2314,168.77,216528,168.588057
2023-05-03 19:21:00+00:00,168.3801,168.5713,168.34,1749,168.51,159256,168.453335
2023-05-03 19:22:00+00:00,168.575,168.575,168.32,1717,168.38,165370,168.437
2023-05-03 19:23:00+00:00,168.84,168.9,168.57,2116,168.57,212835,168.757755
2023-05-03 19:24:00+00:00,168.78,168.89,168.74,1421,168.85,126825,168.818183
2023-05-03 19:25:00+00:00,168.9105,169.04,168.77,1937,168.775,177325,168.93227
2023-05-03 19:26:00+00:00,168.82,168.9201,168.82,1134,168.9201,81544,168.862981
2023-05-03 19:27:00+00:00,168.71,168.8242,168.65,1638,168.82,142307,168.734346
2023-05-03 19:28:00+00:00,168.41,168.77,168.33,2206,168.71,194288,168.496856
2023-05-03 19:29:00+00:00,168.15,168.41,168.12,2054,168.41,172570,168.225035
2023-05-03 19:30:00+00:00,168.12,168.21,168.085,1988,168.14,155937,168.141627
2023-05-03 19:31:00+00:00,168.0301,168.2199,168.01,1810,168.12,183942,168.111531
2023-05-03 19:32:00+00:00,167.96,168.08,167.92,2559,168.04,205682,168.001124
2023-05-03 19:33:00+00:00,167.92,168.04,167.91,1528,167.95,153719,167.96585
2023-05-03 19:34:00+00:00,168.1099,168.13,167.855,1827,167.91,183962,167.994872
2023-05-03 19:35:00+00:00,168.02,168.16,167.9596,1830,168.1,144184,168.050783
2023-05-03 19:36:00+00:00,168.12,168.18,168.02,1455,168.02,136636,168.109174
2023-05-03 19:37:00+00:00,168.05,168.19,168.03,1183,168.125,109907,168.102776
2023-05-03 19:38:00+00:00,168.1,168.11,167.98,1424,168.06,117412,168.046793
2023-05-03 19:39:00+00:00,167.987,168.09,167.96,1392,168.09,135810,168.027145
2023-05-03 19:40:00+00:00,167.6899,167.97,167.6899,2078,167.97,185238,167.831124
2023-05-03 19:41:00+00:00,167.8105,167.85,167.675,1767,167.685,186892,167.770223
2023-05-03 19:42:00+00:00,167.8,167.83,167.69,1697,167.81,160772,167.7449
2023-05-03 19:43:00+00:00,167.91,167.97,167.7801,1810,167.8,171296,167.915136
2023-05-03 19:44:00+00:00,167.8,168.0,167.77,1748,167.92,159014,167.890384
2023-05-03 19:45:00+00:00,167.73,167.91,167.72,1733,167.8,176302,167.809683
2023-05-03 19:46:00+00:00,167.5,167.74,167.415,3032,167.74,275171,167.539426
2023-05-03 19:47:00+00:00,167.5001,167.55,167.36,2288,167.51,286218,167.469724
2023-05-03 19:48:00+00:00,167.265,167.54,167.25,2774,167.5161,307636,167.406377
2023-05-03 19:49:00+00:00,167.2219,167.28,167.18,1856,167.255,191072,167.228639
2023-05-03 19:50:00+00:00,167.3454,167.355,167.16,3083,167.23,278204,167.261406
2023-05-03 19:51:00+00:00,167.465,167.47,167.28,2892,167.34,315449,167.368084
2023-05-03 19:52:00+00:00,167.375,167.53,167.33,2609,167.47,237621,167.375846
2023-05-03 19:53:00+00:00,167.42,167.51,167.35,2084,167.38,183676,167.419364
2023-05-03 19:54:00+00:00,167.42,167.5443,167.3,3143,167.42,292020,167.427099
2023-05-03 19:55:00+00:00,167.59,167.59,167.32,3544,167.4,365331,167.441479
2023-05-03 19:56:00+00:00,167.45,167.62,167.39,2983,167.59,272028,167.493565
2023-05-03 19:57:00+00:00,167.385,167.48,167.36,3018,167.45,278756,167.403845
2023-05-03 19:58:00+00:00,167.5,167.5,167.38,3465,167.39,365052,167.424269
2023-05-03 19:59:00+00:00,167.465,167.55,167.43,5489,167.495,699656,167.484181
2023-05-03 20:00:00+00:00,167.16,167.49,167.06,733,167.48,12432552,167.448504
2023-05-03 20:01:00+00:00,167.37,167.39,167.02,413,167.17,45073,167.251168
2023-05-03 20:02:00+00:00,167.3,167.37,167.11,248,167.37,292791,167.432444
2023-05-03 20:03:00+00:00,167.3,167.34,167.23,194,167.28,22233,167.294905
2023-05-03 20:04:00+00:00,167.3,167.45,167.14,301,167.26,65432,167.325479
2023-05-03 20:05:00+00:00,167.3,167.31,167.24,251,167.29,25790,167.297446
2023-05-03 20:06:00+00:00,167.26,167.45,167.22,225,167.39,28220,167.333963
2023-05-03 20:07:00+00:00,167.37,167.46,167.24,165,167.26,67129,167.41532
2023-05-03 20:08:00+00:00,167.43,167.45,167.36,145,167.37,88531,167.446864
2023-05-03 20:09:00+00:00,167.48,167.59,167.36,142,167.4399,14566,167.475711
2023-05-03 20:10:00+00:00,167.4,167.55,167.36,144,167.53,26515,167.459715
2023-05-03 20:11:00+00:00,167.5,167.54,167.36,143,167.38,19000,167.437356
2023-05-03 20:12:00+00:00,167.4,167.5,167.4,88,167.49,7982,167.440285
2023-05-03 20:13:00+00:00,167.44,167.44,167.34,103,167.4,14203,167.379549
2023-05-03 20:14:00+00:00,167.5,167.52,167.42,63,167.42,3519,167.478605
2023-05-03 20:15:00+00:00,167.45,167.51,167.45,52,167.5,6438,167.485377
2023-05-03 20:16:00+00:00,167.52,167.52,167.45,57,167.45,3533,167.486142
2023-05-03 20:17:00+00:00,167.52,167.52,167.48,34,167.5,1812,167.504748
2023-05-03 20:18:00+00:00,167.58,167.58,167.49,104,167.51,5865,167.51257
2023-05-03 20:19:00+00:00,167.5,167.6,167.5,86,167.56,6251,167.535639
2023-05-03 20:20:00+00:00,167.4,167.58,167.0,210,167.52,25215,167.426387
2023-05-03 20:21:00+00:00,167.48,167.5,167.3704,101,167.47,6603,167.425732
2023-05-03 20:22:00+00:00,167.37,167.49,167.37,64,167.45,4165,167.446986
2023-05-03 20:23:00+00:00,167.31,167.42,167.25,121,167.42,16114,167.312622
2023-05-03 20:24:00+00:00,167.41,167.44,167.3,115,167.31,11793,167.363033
2023-05-03 20:25:00+00:00,167.39,167.41,167.33,102,167.41,8363,167.383867
2023-05-03 20:26:00+00:00,167.39,167.4,167.37,54,167.3975,1706,167.387689
2023-05-03 20:27:00+00:00,167.35,167.44,167.29,91,167.4,7701,167.36368
2023-05-03 20:28:00+00:00,167.28,167.35,167.25,85,167.35,5114,167.300453
2023-05-03 20:29:00+00:00,167.28,167.35,167.28,81,167.34,5386,167.322732
2023-05-03 20:30:00+00:00,167.35,167.35,167.28,65,167.3,5455,167.300577
2023-05-03 20:31:00+00:00,167.09,167.35,167.08,199,167.35,20652,167.235993
2023-05-03 20:32:00+00:00,167.16,167.21,167.08,180,167.1,18957,167.11998
2023-05-03 20:33:00+00:00,166.87,167.12,166.82,428,167.12,45769,166.955042
2023-05-03 20:34:00+00:00,166.87,166.98,166.81,248,166.87,30917,166.899706
2023-05-03 20:35:00+00:00,166.92,166.98,166.86,160,166.86,13896,166.925897
2023-05-03 20:36:00+00:00,166.85,167.0,166.71,189,166.95,16512,166.903353
2023-05-03 20:37:00+00:00,166.91,166.94,166.9,36,166.93,4032,166.911406
2023-05-03 20:38:00+00:00,166.77,166.91,166.77,101,166.9,5351,166.863236
2023-05-03 20:39:00+00:00,166.8,166.86,166.7501,114,166.7501,8889,166.803591
2023-05-03 20:40:00+00:00,166.65,166.82,166.65,157,166.81,15658,166.765229
2023-05-03 20:41:00+00:00,166.4152,166.75,166.25,344,166.66,41232,166.521392
2023-05-03 20:42:00+00:00,166.51,167.45,166.34,121,166.45,1524064,167.445237
2023-05-03 20:43:00+00:00,166.58,166.61,166.5,158,166.59,12712,166.568604
2023-05-03 20:44:00+00:00,166.5204,166.58,166.52,93,166.5699,5353,166.553226
2023-05-03 20:45:00+00:00,166.35,166.51,166.35,163,166.51,13457,166.420634
2023-05-03 20:46:00+00:00,166.28,166.4,166.21,196,166.37,16427,166.34807
2023-05-03 20:47:00+00:00,166.34,166.34,166.27,104,166.27,7253,166.323187
2023-05-03 20:48:00+00:00,166.31,166.34,166.3,73,166.34,3571,166.315523
2023-05-03 20:49:00+00:00,165.7,166.31,165.7,387,166.31,24891,166.07605
2023-05-03 20:50:00+00:00,165.65,165.94,165.65,186,165.72,26963,165.769638
2023-05-03 20:51:00+00:00,165.6,165.7,165.32,310,165.65,32852,165.471986
2023-05-03 20:52:00+00:00,165.6,165.6,165.48,212,165.59,20781,165.576412
2023-05-03 20:53:00+00:00,165.68,165.75,165.5515,113,165.6,625979,167.420659
2023-05-03 20:54:00+00:00,165.47,165.7,165.35,270,165.7,38866,165.435542
2023-05-03 20:55:00+00:00,165.5,165.5,165.4085,130,165.45,10190,165.487659
2023-05-03 20:56:00+00:00,165.84,165.95,165.525,116,165.6654,11322,165.673602
2023-05-03 20:57:00+00:00,165.55,165.78,165.55,116,165.77,11341,165.659035
2023-05-03 20:58:00+00:00,165.6,165.6,165.55,85,165.55,8545,165.594797
2023-05-03 20:59:00+00:00,165.66,165.67,165.61,65,165.67,5241,165.647586
2023-05-03 21:00:00+00:00,165.67,165.67,165.65,68,165.66,5924,165.666142
2023-05-03 21:01:00+00:00,165.79,165.79,165.66,66,165.67,3464,165.697428
2023-05-03 21:02:00+00:00,165.79,165.8,165.71,114,165.79,10489,165.775556
2023-05-03 21:03:00+00:00,165.75,165.78,165.7,89,165.78,8447,165.747969
2023-05-03 21:04:00+00:00,165.72,165.76,165.72,75,165.76,2617,165.739987
2023-05-03 21:05:00+00:00,165.5,165.7,165.47,166,165.7,16898,165.555917
2023-05-03 21:06:00+00:00,165.02,165.5,165.02,326,165.4521,41050,165.226874
2023-05-03 21:07:00+00:00,164.75,165.04,164.75,507,165.01,43388,164.970981
2023-05-03 21:08:00+00:00,164.24,164.75,164.2,308,164.75,25949,164.468941
2023-05-03 21:09:00+00:00,163.86,164.31,163.75,556,164.3,50073,164.014744
2023-05-03 21:10:00+00:00,164.16,164.28,163.75,350,164.1,36257,164.005974
2023-05-03 21:11:00+00:00,162.9414,164.29,162.92,656,164.18,78839,163.432381
2023-05-03 21:12:00+00:00,163.43,163.62,162.75,510,162.97,73171,163.258309
2023-05-03 21:13:00+00:00,163.92,163.98,163.5,294,163.52,248901,166.950877
2023-05-03 21:14:00+00:00,163.4,167.45,163.2,266,163.92,39006,164.927238
2023-05-03 21:15:00+00:00,163.75,164.0,163.35,341,163.4,83112,163.639194
2023-05-03 21:16:00+00:00,163.75,163.85,163.5,186,163.8,27045,163.693855
2023-05-03 21:17:00+00:00,164.27,164.55,163.56,374,163.61,45575,164.150512
2023-05-03 21:18:00+00:00,163.99,164.25,163.6788,189,164.16,14727,164.009055
2023-05-03 21:19:00+00:00,163.97,164.0,163.858,194,163.8995,18833,163.966929
2023-05-03 21:20:00+00:00,163.85,163.98,163.8,155,163.98,19048,163.878306
2023-05-03 21:21:00+00:00,163.89,163.9,163.8,157,163.8,11505,163.856224
2023-05-03 21:22:00+00:00,163.9,163.9,163.83,98,163.9,3950,163.878265
2023-05-03 21:23:00+00:00,163.89,163.9,163.87,145,163.9,11822,163.898821
2023-05-03 21:24:00+00:00,163.98,163.98,163.9,91,163.9005,4512,163.94067
2023-05-03 21:25:00+00:00,163.69,163.9868,163.69,245,163.98,22522,163.779102
2023-05-03 21:26:00+00:00,163.3642,163.71,163.25,300,163.62,29714,163.48779
2023-05-03 21:27:00+00:00,163.35,163.4,163.21,236,163.4,27542,163.304957
2023-05-03 21:28:00+00:00,163.65,163.66,163.4,199,163.4,888503,167.354627
2023-05-03 21:29:00+00:00,163.64,163.67,163.55,152,163.6,13469,163.60464
2023-05-03 21:30:00+00:00,163.8,163.86,163.55,219,163.64,14421,163.662049
2023-05-03 21:31:00+00:00,163.77,163.82,163.66,75,163.75,10522,163.713455
2023-05-03 21:32:00+00:00,163.7,163.77,163.66,125,163.75,7628,163.713889
2023-05-03 21:33:00+00:00,163.61,163.8,163.6,121,163.7,13414,163.690025
2023-05-03 21:34:00+00:00,163.65,163.7,163.55,69,163.7,4660,163.640161
2023-05-03 21:35:00+00:00,163.65,163.6501,163.64,107,163.6501,5512,163.648466
2023-05-03 21:36:00+00:00,163.67,163.7,163.67,120,163.7,5851,163.684124
2023-05-03 21:37:00+00:00,163.57,163.65,163.57,102,163.65,3405,163.622562
2023-05-03 21:38:00+00:00,163.45,163.58,163.45,191,163.57,15683,163.523835
2023-05-03 21:39:00+00:00,163.41,163.5,163.4,149,163.46,15758,163.432094
2023-05-03 21:40:00+00:00,163.33,163.45,163.25,191,163.43,13208,163.360178
2023-05-03 21:41:00+00:00,163.05,163.4,163.05,245,163.33,17482,163.171954
2023-05-03 21:42:00+00:00,163.05,163.11,163.0,356,163.11,33472,163.033183
2023-05-03 21:43:00+00:00,163.09,163.2,163.04,123,163.15,10288,163.139547
2023-05-03 21:44:00+00:00,163.15,163.2,163.04,157,163.12,17177,163.157877
2023-05-03 21:45:00+00:00,163.16,163.26,163.1,232,163.2,31014,163.190286
2023-05-03 21:46:00+00:00,163.24,163.33,163.11,104,163.16,8834,163.187545
2023-05-03 21:47:00+00:00,163.4,163.45,163.28,156,163.3,15610,163.36904
2023-05-03 21:48:00+00:00,163.4,163.45,163.4,111,163.43,7105,163.423161
2023-05-03 21:49:00+00:00,163.55,163.59,163.45,105,163.45,11863,163.532043
2023-05-03 21:50:00+00:00,163.67,163.67,163.5,155,163.5001,8330,163.567119
2023-05-03 21:51:00+00:00,163.78,163.78,163.67,152,163.7,9847,163.743872
2023-05-03 21:52:00+00:00,163.73,163.87,163.61,183,163.8,12465,163.771816
2023-05-03 21:53:00+00:00,163.8,163.8,163.73,118,163.73,14494,163.754751
2023-05-03 21:54:00+00:00,163.77,163.83,163.7699,111,163.79,10988,163.797116
2023-05-03 21:55:00+00:00,163.89,163.9,163.75,132,163.7732,14343,163.839071
2023-05-03 21:56:00+00:00,164.2,164.24,163.89,210,163.9,24030,164.055801
2023-05-03 21:57:00+00:00,164.24,164.24,164.12,137,164.2,17143,164.199589
2023-05-03 21:58:00+00:00,164.33,164.36,164.24,184,164.24,25513,164.311833
2023-05-03 21:59:00+00:00,164.25,164.4,164.25,186,164.35,27281,164.338024
2023-05-03 22:00:00+00:00,164.43,164.44,164.24,120,164.24,12937,164.344147
2023-05-03 22:01:00+00:00,164.21,164.5,164.21,116,164.44,17328,164.413112
2023-05-03 22:02:00+00:00,164.1901,164.26,164.1839,85,164.24,6480,164.234522
2023-05-03 22:03:00+00:00,164.11,164.24,164.11,109,164.21,6605,164.196979
2023-05-03 22:04:00+00:00,163.9601,164.187,163.96,150,164.14,11647,164.061629
2023-05-03 22:05:00+00:00,163.73,164.0,163.7,163,164.0,21329,163.82369
2023-05-03 22:06:00+00:00,163.85,163.9,163.52,154,163.71,17323,163.713987
2023-05-03 22:07:00+00:00,163.95,164.0,163.85,68,163.85,9217,163.936859
2023-05-03 22:08:00+00:00,163.88,163.94,163.8,93,163.81,11094,163.863854
2023-05-03 22:09:00+00:00,163.8,163.84,163.73,95,163.8,10471,163.797228
2023-05-03 22:10:00+00:00,163.99,164.0,163.7801,109,163.79,27778,163.893859
2023-05-03 22:11:00+00:00,163.85,163.99,163.81,81,163.99,10523,163.901051
2023-05-03 22:12:00+00:00,163.9,163.93,163.85,69,163.88,3759,163.891737
2023-05-03 22:13:00+00:00,164.1,164.1,163.85,131,163.85,7974,163.96766
2023-05-03 22:14:00+00:00,164.5699,164.58,164.1,109,164.14,33917,164.313493
2023-05-03 22:15:00+00:00,164.5,164.57,164.29,125,164.51,25228,164.47939
2023-05-03 22:16:00+00:00,164.4449,164.56,164.3,98,164.52,15763,164.462275
2023-05-03 22:17:00+00:00,164.43,164.51,164.4,87,164.4,12696,164.466032
2023-05-03 22:18:00+00:00,164.49,164.5,164.4308,63,164.45,4391,164.473141
2023-05-03 22:19:00+00:00,164.3,164.43,164.3,56,164.43,3203,164.355757
2023-05-03 22:20:00+00:00,164.4,164.4,164.0,75,164.0,6530,164.304175
2023-05-03 22:21:00+00:00,164.35,164.42,164.35,50,164.4002,3077,164.397744
2023-05-03 22:22:00+00:00,164.39,164.4,164.3802,47,164.4,1075,164.373863
2023-05-03 22:23:00+00:00,164.4,164.4,164.31,61,164.39,7407,164.341141
2023-05-03 22:24:00+00:00,164.37,164.37,164.31,28,164.31,1533,164.325287
2023-05-03 22:25:00+00:00,164.43,164.43,164.22,119,164.39,18350,164.340631
2023-05-03 22:26:00+00:00,164.4,164.48,164.3,47,164.4,3260,164.437505
2023-05-03 22:27:00+00:00,164.48,164.49,164.4435,37,164.4786,6622,164.475089
2023-05-03 22:28:00+00:00,164.55,164.64,164.48,81,164.48,14151,164.542946
2023-05-03 22:29:00+00:00,164.55,164.6,164.54,53,164.55,4794,164.566867
2023-05-03 22:30:00+00:00,164.63,164.7,164.55,81,164.58,17074,164.638967
2023-05-03 22:31:00+00:00,164.63,164.63,164.6,62,164.63,8562,164.60312
2023-05-03 22:32:00+00:00,164.62,164.7,164.61,55,164.7,3595,164.632267
2023-05-03 22:33:00+00:00,164.6525,164.7,164.61,43,164.61,1941,164.65267
2023-05-03 22:34:00+00:00,164.7,164.7,164.65,42,164.65,5244,164.682225
2023-05-03 22:35:00+00:00,164.64,164.7,164.64,42,164.7,1620,164.659546
2023-05-03 22:36:00+00:00,164.7,164.7,164.61,49,164.61,3783,164.673342
2023-05-03 22:37:00+00:00,164.79,164.8,164.7,99,164.78,10034,164.747467
2023-05-03 22:38:00+00:00,164.82,164.85,164.75,72,164.8,7861,164.807236
2023-05-03 22:39:00+00:00,164.8,164.84,164.75,45,164.81,2554,164.810227
2023-05-03 22:40:00+00:00,164.75,164.8,164.75,64,164.75,3815,164.758215
2023-05-03 22:41:00+00:00,164.8,164.8,164.75,38,164.75,1541,164.780025
2023-05-03 22:42:00+00:00,165.23,165.23,164.8,201,164.8,18203,164.988307
2023-05-03 22:43:00+00:00,165.23,165.23,164.99,100,165.14,15862,165.163939
2023-05-03 22:44:00+00:00,165.25,165.3893,165.2002,105,165.3,14948,165.295963
2023-05-03 22:45:00+00:00,165.15,165.3,165.15,63,165.25,5588,165.252227
2023-05-03 22:46:00+00:00,165.12,165.22,165.1042,56,165.12,5649,165.148855
2023-05-03 22:47:00+00:00,165.2,165.2,165.0613,47,165.12,10874,165.187581
2023-05-03 22:48:00+00:00,165.29,165.3,165.17,49,165.17,4214,165.229993
2023-05-03 22:49:00+00:00,165.28,165.28,165.2,34,165.2,9632,165.215266
2023-05-03 22:50:00+00:00,165.2593,165.35,165.25,35,165.3,1369,165.296004
2023-05-03 22:51:00+00:00,165.25,165.2999,165.21,40,165.21,3714,165.256478
2023-05-03 22:52:00+00:00,165.28,165.3,165.28,42,165.3,1558,165.300255
2023-05-03 22:53:00+00:00,165.31,165.3499,165.3,56,165.3,4846,165.324134
2023-05-03 22:54:00+00:00,165.25,165.3,165.2,46,165.2501,2956,165.236913
2023-05-03 22:55:00+00:00,165.14,165.22,165.14,71,165.22,7747,165.178939
2023-05-03 22:56:00+00:00,165.18,165.22,165.18,31,165.2,1832,165.202558
2023-05-03 22:57:00+00:00,165.2,165.25,165.18,47,165.2,5003,165.21351
2023-05-03 22:58:00+00:00,165.1,165.24,165.09,42,165.21,4651,165.161303
2023-05-03 22:59:00+00:00,165.2,165.25,165.09,40,165.09,2684,165.17867
2023-05-03 23:00:00+00:00,165.18,165.18,165.16,23,165.16,558,165.184505
2023-05-03 23:01:00+00:00,165.18,165.2,165.16,45,165.2,5095,165.176221
2023-05-03 23:02:00+00:00,165.15,165.15,165.15,19,165.15,550,165.155782
2023-05-03 23:03:00+00:00,165.12,165.16,165.12,53,165.15,4117,165.145595
2023-05-03 23:04:00+00:00,165.06,165.1699,165.02,40,165.1699,5481,165.08335
2023-05-03 23:05:00+00:00,165.1,165.1,165.0,33,165.09,3676,165.075627
2023-05-03 23:06:00+00:00,165.08,165.2,165.08,47,165.1,4944,165.101658
2023-05-03 23:07:00+00:00,165.14,165.14,165.14,19,165.14,349,165.088138
2023-05-03 23:08:00+00:00,165.05,165.05,165.05,19,165.05,779,165.062683
2023-05-03 23:09:00+00:00,165.05,165.06,165.05,20,165.06,871,165.057859
2023-05-03 23:10:00+00:00,165.1,165.1,165.08,31,165.08,863,165.113308
2023-05-03 23:11:00+00:00,165.2,165.23,165.1,41,165.1,3878,165.186009
2023-05-03 23:12:00+00:00,165.25,165.25,165.19,25,165.19,1557,165.193975
2023-05-03 23:13:00+00:00,165.28,165.3,165.19,33,165.19,3598,165.245869
2023-05-03 23:14:00+00:00,165.16,165.3,165.16,26,165.27,1834,165.257329
2023-05-03 23:15:00+00:00,165.24,165.3,165.16,30,165.25,2211,165.246294
2023-05-03 23:16:00+00:00,165.35,165.49,165.28,73,165.28,5352,165.368008
2023-05-03 23:17:00+00:00,165.46,165.69,165.37,41,165.45,3989,165.457997
2023-05-03 23:18:00+00:00,165.45,165.49,165.4,45,165.49,4529,165.459303
2023-05-03 23:19:00+00:00,165.42,165.46,165.42,39,165.4499,4799,165.443217
2023-05-03 23:20:00+00:00,165.28,165.42,165.28,44,165.42,4530,165.328439
2023-05-03 23:21:00+00:00,165.26,165.28,165.26,34,165.28,1459,165.275469
2023-05-03 23:22:00+00:00,165.3,165.34,165.2401,39,165.27,5523,165.271168
2023-05-03 23:23:00+00:00,165.3501,165.3996,165.31,27,165.35,1276,165.351289
2023-05-03 23:24:00+00:00,165.4,165.4,165.37,33,165.4,1065,165.380502
2023-05-03 23:25:00+00:00,165.39,165.39,165.35,30,165.35,4489,165.385549
2023-05-03 23:26:00+00:00,165.39,165.4,165.389,29,165.3899,2677,165.392835
2023-05-03 23:27:00+00:00,165.39,165.4,165.36,36,165.36,3877,165.385061
2023-05-03 23:28:00+00:00,165.39,165.4,165.39,32,165.4,1525,165.396311
2023-05-03 23:29:00+00:00,165.41,165.44,165.4,38,165.44,1115,165.425184
2023-05-03 23:30:00+00:00,165.35,165.5,165.35,65,165.48,5928,165.454921
2023-05-03 23:31:00+00:00,165.5,165.5,165.44,30,165.44,4211,165.48294
2023-05-03 23:32:00+00:00,165.43,165.43,165.43,29,165.43,327,165.429692
2023-05-03 23:33:00+00:00,165.52,165.52,165.42,59,165.42,1423,165.47727
2023-05-03 23:34:00+00:00,165.5,165.52,165.5,32,165.5,1062,165.505264
2023-05-03 23:35:00+00:00,165.55,165.55,165.54,28,165.54,1879,165.548502
2023-05-03 23:36:00+00:00,165.6,165.6,165.55,42,165.55,5453,165.574299
2023-05-03 23:37:00+00:00,165.7,165.7,165.6,53,165.65,11285,165.637739
2023-05-03 23:38:00+00:00,165.67,165.68,165.62,65,165.67,7683,165.662288
2023-05-03 23:39:00+00:00,165.65,165.72,165.65,48,165.69,3493,165.691397
2023-05-03 23:40:00+00:00,165.69,165.69,165.64,39,165.64,1035,165.674537
2023-05-03 23:41:00+00:00,165.65,165.6799,165.65,45,165.66,2553,165.662333
2023-05-03 23:42:00+00:00,165.64,165.64,165.63,24,165.63,1681,165.640669
2023-05-03 23:43:00+00:00,165.7,165.7,165.61,46,165.62,7365,165.634149
2023-05-03 23:44:00+00:00,165.62,165.65,165.61,27,165.64,1813,165.628351
2023-05-03 23:45:00+00:00,165.64,165.65,165.63,27,165.63,1385,165.642469
2023-05-03 23:46:00+00:00,165.68,165.68,165.6,36,165.6,7032,165.645413
2023-05-03 23:47:00+00:00,165.68,165.7,165.65,36,165.65,1941,165.68374
2023-05-03 23:48:00+00:00,165.68,165.68,165.65,35,165.68,1624,165.667348
2023-05-03 23:49:00+00:00,165.66,165.7,165.66,35,165.67,1754,165.68139
2023-05-03 23:50:00+00:00,165.56,165.65,165.56,24,165.65,1795,165.625175
2023-05-03 23:51:00+00:00,165.56,165.6,165.56,44,165.6,5600,165.571534
2023-05-03 23:52:00+00:00,165.57,165.6,165.55,43,165.56,4061,165.562938
2023-05-03 23:53:00+00:00,165.69,165.69,165.63,39,165.63,1821,165.675058
2023-05-03 23:54:00+00:00,165.6,165.69,165.6,64,165.69,8952,165.641662
2023-05-03 23:55:00+00:00,165.65,165.68,165.6,54,165.68,4796,165.63367
2023-05-03 23:56:00+00:00,165.65,165.65,165.61,58,165.63,7142,165.621192
2023-05-03 23:57:00+00:00,165.62,165.65,165.62,33,165.65,2312,165.640331
2023-05-03 23:58:00+00:00,165.61,165.65,165.6096,53,165.63,4993,165.627516
2023-05-03 23:59:00+00:00,165.6,165.66,165.6,84,165.61,12047,165.64244
