timestamp,close,high,low,trade_count,open,volume,vwap
2023-06-13 08:00:00+00:00,182.5,182.76,182.31,122,182.76,7013,182.510221
2023-06-13 08:01:00+00:00,182.31,182.37,182.28,67,182.37,3389,182.343013
2023-06-13 08:02:00+00:00,182.13,182.27,182.05,115,182.15,3182,182.157143
2023-06-13 08:03:00+00:00,182.04,182.15,182.04,48,182.15,1350,182.105593
2023-06-13 08:04:00+00:00,182.09,182.09,182.01,57,182.01,2532,182.078468
2023-06-13 08:05:00+00:00,182.39,182.39,182.13,50,182.13,1513,182.245301
2023-06-13 08:06:00+00:00,182.48,182.5,182.45,57,182.49,4604,182.487394
2023-06-13 08:07:00+00:00,182.55,182.57,182.55,29,182.57,740,182.550824
2023-06-13 08:08:00+00:00,182.56,182.58,182.54,55,182.58,1355,182.552804
2023-06-13 08:10:00+00:00,182.5,182.5,182.5,36,182.5,1022,182.503229
2023-06-13 08:11:00+00:00,182.56,182.57,182.56,27,182.57,711,182.561181
2023-06-13 08:12:00+00:00,182.46,182.5,182.45,61,182.5,2995,182.467907
2023-06-13 08:13:00+00:00,182.53,182.53,182.47,43,182.47,3529,182.506838
2023-06-13 08:14:00+00:00,182.39,182.56,182.39,77,182.53,3330,182.44409
2023-06-13 08:15:00+00:00,182.34,182.34,182.34,23,182.34,406,182.357192
2023-06-13 08:16:00+00:00,182.53,182.53,182.5,39,182.5,1055,182.501555
2023-06-13 08:17:00+00:00,182.35,182.49,182.17,72,182.49,2741,182.372521
2023-06-13 08:18:00+00:00,182.4,182.4,182.4,24,182.4,3273,182.400333
2023-06-13 08:20:00+00:00,182.44,182.44,182.4,19,182.4,1258,182.415374
2023-06-13 08:21:00+00:00,182.7,182.7,182.55,78,182.55,3930,182.597941
2023-06-13 08:22:00+00:00,182.65,182.87,182.65,85,182.79,3074,182.793585
2023-06-13 08:23:00+00:00,182.65,182.74,182.65,56,182.74,1799,182.6598
2023-06-13 08:24:00+00:00,182.74,182.74,182.74,16,182.74,700,182.740614
2023-06-13 08:25:00+00:00,182.8,182.8,182.8,27,182.8,648,182.759028
2023-06-13 08:26:00+00:00,182.7,182.8,182.68,43,182.8,2593,182.723455
2023-06-13 08:28:00+00:00,182.65,182.65,182.65,24,182.65,257,182.644397
2023-06-13 08:29:00+00:00,182.52,182.64,182.5,69,182.58,2521,182.556783
2023-06-13 08:31:00+00:00,182.67,182.67,182.67,19,182.67,731,182.66684
2023-06-13 08:32:00+00:00,182.68,182.68,182.68,15,182.68,470,182.681851
2023-06-13 08:34:00+00:00,182.64,182.64,182.6,22,182.6,817,182.624737
2023-06-13 08:35:00+00:00,182.65,182.65,182.64,24,182.64,811,182.643046
2023-06-13 08:37:00+00:00,182.52,182.52,182.52,30,182.52,1178,182.53607
2023-06-13 08:38:00+00:00,182.58,182.58,182.58,24,182.58,759,182.574466
2023-06-13 08:39:00+00:00,182.53,182.53,182.53,25,182.53,518,182.534903
2023-06-13 08:42:00+00:00,182.6,182.6,182.6,15,182.6,398,182.599397
2023-06-13 08:43:00+00:00,182.5,182.54,182.5,58,182.54,1622,182.527867
2023-06-13 08:44:00+00:00,182.5,182.5,182.5,22,182.5,1096,182.503349
2023-06-13 08:50:00+00:00,182.57,182.57,182.57,20,182.57,363,182.581047
2023-06-13 08:51:00+00:00,182.59,182.59,182.59,15,182.59,296,182.590473
2023-06-13 08:52:00+00:00,182.59,182.6,182.59,43,182.6,545,182.595798
2023-06-13 08:53:00+00:00,182.51,182.51,182.51,43,182.51,697,182.518278
2023-06-13 08:56:00+00:00,182.51,182.52,182.51,20,182.52,519,182.530405
2023-06-13 08:57:00+00:00,182.53,182.53,182.53,5,182.53,230,182.530217
2023-06-13 09:05:00+00:00,182.45,182.53,182.45,137,182.53,3490,182.496226
2023-06-13 09:06:00+00:00,182.39,182.4,182.39,22,182.4,1042,182.396248
2023-06-13 09:07:00+00:00,182.37,182.41,182.3,89,182.41,4067,182.36624
2023-06-13 09:08:00+00:00,182.35,182.39,182.34,34,182.39,4200,182.356876
2023-06-13 09:09:00+00:00,182.35,182.35,182.35,25,182.35,944,182.347786
2023-06-13 09:10:00+00:00,182.25,182.26,182.25,34,182.26,947,182.280876
2023-06-13 09:11:00+00:00,182.25,182.26,182.24,69,182.26,26283,182.250061
2023-06-13 09:13:00+00:00,182.35,182.35,182.35,14,182.35,296,182.351858
2023-06-13 09:15:00+00:00,182.33,182.33,182.33,28,182.33,611,182.31162
2023-06-13 09:17:00+00:00,182.26,182.29,182.26,36,182.28,1002,182.271248
2023-06-13 09:18:00+00:00,182.27,182.27,182.25,42,182.25,3833,182.265395
2023-06-13 09:19:00+00:00,182.28,182.34,182.27,19,182.34,921,182.314039
2023-06-13 09:20:00+00:00,182.3,182.3,182.27,23,182.28,6525,182.282133
2023-06-13 09:21:00+00:00,182.25,182.25,182.25,16,182.25,631,182.253011
2023-06-13 09:22:00+00:00,182.26,182.3,182.26,25,182.3,746,182.27374
2023-06-13 09:24:00+00:00,182.26,182.26,182.26,7,182.26,193,182.255648
2023-06-13 09:28:00+00:00,182.25,182.25,182.25,39,182.25,641,182.250187
2023-06-13 09:31:00+00:00,182.21,182.21,182.21,40,182.21,577,182.217192
2023-06-13 09:36:00+00:00,182.27,182.27,182.27,6,182.27,1206,182.270274
2023-06-13 09:38:00+00:00,182.27,182.27,182.27,17,182.27,3563,182.270174
2023-06-13 09:39:00+00:00,182.25,182.25,182.19,45,182.21,1078,182.220519
2023-06-13 09:40:00+00:00,182.19,182.28,182.19,26,182.28,1931,182.251186
2023-06-13 09:41:00+00:00,182.16,182.2,182.15,73,182.2,2082,182.174986
2023-06-13 09:42:00+00:00,182.25,182.26,182.15,43,182.26,2896,182.225038
2023-06-13 09:43:00+00:00,182.15,182.17,182.15,16,182.17,985,182.157208
2023-06-13 09:45:00+00:00,182.19,182.19,182.19,8,182.19,153,182.188693
2023-06-13 09:46:00+00:00,182.25,182.25,182.25,5,182.25,504,182.249881
2023-06-13 09:48:00+00:00,182.28,182.3,182.25,28,182.25,2745,182.283916
2023-06-13 09:51:00+00:00,182.32,182.32,182.3,26,182.3,930,182.311516
2023-06-13 09:55:00+00:00,182.32,182.32,182.32,26,182.32,706,182.340142
2023-06-13 09:56:00+00:00,182.3,182.32,182.3,44,182.32,1645,182.304188
2023-06-13 09:57:00+00:00,182.26,182.26,182.26,22,182.26,511,182.256947
2023-06-13 10:01:00+00:00,182.16,182.17,182.16,27,182.17,1289,182.167898
2023-06-13 10:04:00+00:00,182.23,182.23,182.15,50,182.17,3330,182.196598
2023-06-13 10:05:00+00:00,182.15,182.16,182.15,16,182.16,1852,182.154379
2023-06-13 10:07:00+00:00,182.2,182.2,182.2,5,182.2,164,182.205854
2023-06-13 10:08:00+00:00,182.23,182.23,182.23,17,182.23,2298,182.228081
2023-06-13 10:10:00+00:00,182.23,182.23,182.23,21,182.23,734,182.230559
2023-06-13 10:11:00+00:00,182.24,182.24,182.24,9,182.24,266,182.238534
2023-06-13 10:14:00+00:00,182.2,182.2,182.2,29,182.2,1005,182.2059
2023-06-13 10:17:00+00:00,182.2,182.22,182.2,26,182.22,520,182.211173
2023-06-13 10:18:00+00:00,182.13,182.2,182.13,76,182.2,1433,182.180426
2023-06-13 10:19:00+00:00,182.23,182.23,182.22,27,182.22,820,182.222098
2023-06-13 10:20:00+00:00,182.15,182.2,182.15,29,182.15,2021,182.158926
2023-06-13 10:22:00+00:00,182.22,182.22,182.22,13,182.22,454,182.216938
2023-06-13 10:24:00+00:00,182.25,182.28,182.25,37,182.28,2084,182.25882
2023-06-13 10:29:00+00:00,182.25,182.27,182.25,35,182.27,679,182.258351
2023-06-13 10:30:00+00:00,182.3,182.3,182.28,20,182.28,1193,182.293831
2023-06-13 10:34:00+00:00,182.28,182.34,182.28,28,182.34,1071,182.32746
2023-06-13 10:35:00+00:00,182.3,182.3,182.3,12,182.3,269,182.308476
2023-06-13 10:37:00+00:00,182.32,182.32,182.32,26,182.32,837,182.316535
2023-06-13 10:38:00+00:00,182.3,182.3,182.3,12,182.3,319,182.296928
2023-06-13 10:39:00+00:00,182.29,182.3,182.29,12,182.3,271,182.295277
2023-06-13 10:40:00+00:00,182.18,182.27,182.18,122,182.27,5235,182.220327
2023-06-13 10:41:00+00:00,182.16,182.18,182.16,12,182.18,332,182.176265
2023-06-13 10:42:00+00:00,182.15,182.16,182.15,26,182.16,1275,182.152941
2023-06-13 10:43:00+00:00,182.15,182.15,182.15,19,182.15,2380,182.150025
2023-06-13 10:44:00+00:00,182.15,182.15,182.15,8,182.15,1975,182.150061
2023-06-13 10:45:00+00:00,182.23,182.23,182.23,19,182.23,644,182.211739
2023-06-13 10:46:00+00:00,182.15,182.15,182.15,18,182.15,717,182.149707
2023-06-13 10:47:00+00:00,182.17,182.17,182.15,11,182.17,1827,182.164351
2023-06-13 10:48:00+00:00,182.17,182.17,182.17,4,182.17,365,182.17
2023-06-13 10:50:00+00:00,182.15,182.21,182.15,35,182.21,1148,182.18588
2023-06-13 10:52:00+00:00,182.23,182.23,182.23,6,182.23,134,182.229552
2023-06-13 10:54:00+00:00,182.3,182.3,182.25,52,182.25,3238,182.278249
2023-06-13 10:55:00+00:00,182.35,182.35,182.35,46,182.35,1800,182.349861
2023-06-13 10:57:00+00:00,182.33,182.33,182.32,31,182.33,1434,182.330377
2023-06-13 10:59:00+00:00,182.2,182.25,182.2,42,182.25,1959,182.245094
2023-06-13 11:00:00+00:00,182.48,182.49,182.25,207,182.25,9451,182.357114
2023-06-13 11:01:00+00:00,182.6,182.6,182.49,78,182.49,3176,182.545394
2023-06-13 11:02:00+00:00,182.65,182.68,182.55,145,182.6,9078,182.62061
2023-06-13 11:03:00+00:00,182.72,182.74,182.68,108,182.68,4248,182.708392
2023-06-13 11:04:00+00:00,182.75,182.75,182.7,186,182.74,9789,182.732984
2023-06-13 11:05:00+00:00,182.7,182.74,182.7,35,182.74,1165,182.727742
2023-06-13 11:06:00+00:00,182.66,182.71,182.62,129,182.71,8847,182.679488
2023-06-13 11:07:00+00:00,182.53,182.66,182.5,184,182.66,9761,182.576833
2023-06-13 11:08:00+00:00,182.51,182.53,182.51,59,182.53,2253,182.53281
2023-06-13 11:09:00+00:00,182.55,182.55,182.55,41,182.55,1039,182.548932
2023-06-13 11:10:00+00:00,182.52,182.55,182.52,62,182.55,2402,182.539126
2023-06-13 11:11:00+00:00,182.5,182.52,182.5,60,182.52,2882,182.51033
2023-06-13 11:12:00+00:00,182.49,182.52,182.49,71,182.52,3582,182.510667
2023-06-13 11:13:00+00:00,182.5,182.53,182.5,56,182.53,3420,182.516591
2023-06-13 11:14:00+00:00,182.53,182.53,182.52,68,182.52,15362,182.529997
2023-06-13 11:16:00+00:00,182.52,182.52,182.52,33,182.52,793,182.535511
2023-06-13 11:17:00+00:00,182.56,182.57,182.55,38,182.55,2405,182.557314
2023-06-13 11:18:00+00:00,182.53,182.53,182.53,27,182.53,766,182.546044
2023-06-13 11:19:00+00:00,182.5,182.58,182.5,61,182.58,3832,182.548218
2023-06-13 11:20:00+00:00,182.57,182.57,182.57,49,182.57,1385,182.537134
2023-06-13 11:21:00+00:00,182.45,182.46,182.45,31,182.46,716,182.467067
2023-06-13 11:22:00+00:00,182.32,182.45,182.32,108,182.45,4969,182.371046
2023-06-13 11:23:00+00:00,182.33,182.35,182.33,88,182.33,3830,182.345308
2023-06-13 11:24:00+00:00,182.41,182.41,182.31,46,182.35,2713,182.373516
2023-06-13 11:25:00+00:00,182.4,182.4,182.4,13,182.4,641,182.390749
2023-06-13 11:26:00+00:00,182.41,182.41,182.41,20,182.41,1211,182.406003
2023-06-13 11:29:00+00:00,182.45,182.45,182.45,25,182.45,644,182.455559
2023-06-13 11:30:00+00:00,182.45,182.45,182.45,51,182.45,1974,182.446155
2023-06-13 11:31:00+00:00,182.48,182.48,182.44,22,182.44,1160,182.464509
2023-06-13 11:32:00+00:00,182.46,182.47,182.46,61,182.46,2484,182.456244
2023-06-13 11:33:00+00:00,182.48,182.48,182.45,91,182.45,2497,182.468935
2023-06-13 11:34:00+00:00,182.41,182.45,182.41,89,182.41,4392,182.433529
2023-06-13 11:35:00+00:00,182.45,182.45,182.45,20,182.45,528,182.448049
2023-06-13 11:36:00+00:00,182.5,182.5,182.44,39,182.46,2534,182.463204
2023-06-13 11:37:00+00:00,182.5,182.52,182.46,91,182.48,6016,182.491308
2023-06-13 11:38:00+00:00,182.41,182.48,182.41,93,182.48,3608,182.436319
2023-06-13 11:39:00+00:00,182.48,182.48,182.41,61,182.41,3067,182.44432
2023-06-13 11:40:00+00:00,182.45,182.45,182.45,25,182.45,1021,182.455455
2023-06-13 11:42:00+00:00,182.45,182.48,182.45,23,182.47,1282,182.473799
2023-06-13 11:43:00+00:00,182.46,182.49,182.46,43,182.47,1815,182.474242
2023-06-13 11:44:00+00:00,182.43,182.43,182.43,57,182.43,1895,182.431182
2023-06-13 11:45:00+00:00,182.36,182.4,182.36,88,182.4,3369,182.377222
2023-06-13 11:46:00+00:00,182.4,182.4,182.37,31,182.37,1313,182.378698
2023-06-13 11:49:00+00:00,182.4,182.4,182.4,45,182.4,2526,182.400467
2023-06-13 11:50:00+00:00,182.4,182.45,182.4,73,182.43,2768,182.427312
2023-06-13 11:54:00+00:00,182.43,182.43,182.4,100,182.4,3159,182.40793
2023-06-13 11:55:00+00:00,182.2,182.4,182.2,239,182.4,18453,182.255049
2023-06-13 11:56:00+00:00,182.15,182.2,182.15,83,182.2,8284,182.169903
2023-06-13 11:57:00+00:00,182.24,182.29,182.24,28,182.29,652,182.242408
2023-06-13 11:58:00+00:00,182.25,182.25,182.2,64,182.2,2466,182.217097
2023-06-13 11:59:00+00:00,182.29,182.29,182.26,23,182.26,630,182.277556
2023-06-13 12:00:00+00:00,182.25,182.85,182.17,851,182.2485,92126,182.52823
2023-06-13 12:01:00+00:00,182.93,183.35,182.3011,1273,183.0,12277,182.871189
2023-06-13 12:02:00+00:00,182.85,183.19,182.3382,674,183.11,10569,182.744598
2023-06-13 12:03:00+00:00,182.47,183.17,182.35,586,182.35,9940,182.786105
2023-06-13 12:04:00+00:00,182.44,182.44,182.35,82,182.36,3098,182.383037
2023-06-13 12:05:00+00:00,182.47,182.47,182.41,82,182.41,4053,182.44203
2023-06-13 12:06:00+00:00,182.45,182.5,182.45,91,182.49,3184,182.470142
2023-06-13 12:07:00+00:00,182.5448,182.5448,182.42,106,182.42,10795,182.489803
2023-06-13 12:08:00+00:00,182.53,182.5885,182.53,59,182.5885,1789,182.545783
2023-06-13 12:09:00+00:00,182.58,182.58,182.5,140,182.55,3989,182.541351
2023-06-13 12:10:00+00:00,182.63,182.64,182.58,143,182.58,8050,182.61174
2023-06-13 12:11:00+00:00,182.7691,182.77,182.63,181,182.63,13620,182.701901
2023-06-13 12:12:00+00:00,182.81,182.84,182.7001,163,182.7301,17527,182.766339
2023-06-13 12:13:00+00:00,182.79,182.81,182.65,217,182.81,9524,182.722567
2023-06-13 12:14:00+00:00,182.8275,182.8688,182.7527,100,182.8,7588,182.822713
2023-06-13 12:15:00+00:00,182.85,182.89,182.76,225,182.87,12376,182.820938
2023-06-13 12:16:00+00:00,182.9,182.9,182.8,153,182.82,8011,182.836689
2023-06-13 12:17:00+00:00,182.8,182.9,182.8,192,182.85,13141,182.854456
2023-06-13 12:18:00+00:00,182.76,182.82,182.7,190,182.82,10435,182.777392
2023-06-13 12:19:00+00:00,182.8,182.81,182.76,103,182.77,7176,182.777779
2023-06-13 12:20:00+00:00,182.8267,182.83,182.81,79,182.81,4248,182.818529
2023-06-13 12:21:00+00:00,182.92,182.92,182.79,104,182.8,7116,182.867865
2023-06-13 12:22:00+00:00,183.0,183.0,182.92,277,182.95,21111,182.986137
2023-06-13 12:23:00+00:00,183.005,183.0821,183.0,123,183.05,4281,183.029109
2023-06-13 12:24:00+00:00,183.07,183.07,183.0,188,183.01,8581,183.034708
2023-06-13 12:25:00+00:00,183.14,183.14,183.0696,124,183.0696,3964,183.092351
2023-06-13 12:26:00+00:00,183.2499,183.2499,183.11,179,183.14,10125,183.162962
2023-06-13 12:27:00+00:00,183.225,183.25,183.07,189,183.25,10644,183.190904
2023-06-13 12:28:00+00:00,183.3,183.3399,183.25,177,183.265,18134,183.280625
2023-06-13 12:29:00+00:00,183.33,183.4,183.26,219,183.33,27227,183.33739
2023-06-13 12:30:00+00:00,183.06,183.75,182.45,1034,183.2,88203,183.214485
2023-06-13 12:31:00+00:00,183.35,183.6308,183.03,362,183.03,30722,183.389811
2023-06-13 12:32:00+00:00,183.23,183.36,183.1849,306,183.36,15117,183.248127
2023-06-13 12:33:00+00:00,182.95,183.25,182.95,452,183.25,30298,183.050878
2023-06-13 12:34:00+00:00,182.75,183.02,182.71,510,183.0,46521,182.86119
2023-06-13 12:35:00+00:00,182.71,182.8864,182.65,278,182.75,22011,182.708962
2023-06-13 12:36:00+00:00,182.98,183.0,182.8,271,182.81,29682,182.961968
2023-06-13 12:37:00+00:00,182.9325,183.0,182.8201,239,182.95,11659,182.928905
2023-06-13 12:38:00+00:00,182.91,182.97,182.82,173,182.8429,5737,182.902541
2023-06-13 12:39:00+00:00,182.99,183.0,182.91,235,182.92,12344,182.981931
2023-06-13 12:40:00+00:00,183.0,183.0,182.95,209,182.98,11650,182.97776
2023-06-13 12:41:00+00:00,183.0,183.0,182.97,137,182.99,9535,182.9904
2023-06-13 12:42:00+00:00,183.02,183.02,182.96,181,183.0,9266,182.997075
2023-06-13 12:43:00+00:00,183.2198,183.2198,182.9998,278,183.0,18193,183.100729
2023-06-13 12:44:00+00:00,183.28,183.32,183.18,191,183.18,10043,183.24115
2023-06-13 12:45:00+00:00,183.1673,183.33,183.1673,288,183.3,19611,183.271384
2023-06-13 12:46:00+00:00,183.15,183.16,183.15,120,183.16,2975,183.161745
2023-06-13 12:47:00+00:00,183.27,183.27,183.1,211,183.1693,18564,183.18875
2023-06-13 12:48:00+00:00,183.33,183.33,183.25,184,183.28,11857,183.294548
2023-06-13 12:49:00+00:00,183.3,183.33,183.25,145,183.3,7273,183.273731
2023-06-13 12:50:00+00:00,183.22,183.2859,183.2,106,183.2859,4618,183.224072
2023-06-13 12:51:00+00:00,183.12,183.25,183.12,190,183.22,6573,183.191926
2023-06-13 12:52:00+00:00,183.19,183.1917,183.0,362,183.18,22468,183.087328
2023-06-13 12:53:00+00:00,183.1,183.2197,183.1,109,183.19,2970,183.143829
2023-06-13 12:54:00+00:00,183.1302,183.1302,183.06,85,183.09,4154,183.077957
2023-06-13 12:55:00+00:00,183.0,183.06,182.98,209,183.06,6551,183.025971
2023-06-13 12:56:00+00:00,183.05,183.05,182.95,113,183.0,4107,183.001626
2023-06-13 12:57:00+00:00,183.1,183.13,183.04,130,183.0994,6193,183.100948
2023-06-13 12:58:00+00:00,183.1,183.1,183.0,116,183.0,5082,183.078788
2023-06-13 12:59:00+00:00,183.07,183.1,183.06,313,183.1,22658,183.092779
2023-06-13 13:00:00+00:00,183.16,183.21,183.06,345,183.07,18799,183.130198
2023-06-13 13:01:00+00:00,183.22,183.22,183.12,213,183.15,13984,183.179831
2023-06-13 13:02:00+00:00,183.21,183.34,183.2,299,183.2,22717,183.290237
2023-06-13 13:03:00+00:00,183.13,183.21,183.13,185,183.21,6798,183.190399
2023-06-13 13:04:00+00:00,183.1295,183.2,183.1,271,183.19,10240,183.149039
2023-06-13 13:05:00+00:00,183.0702,183.1749,183.0702,161,183.14,9022,183.108216
2023-06-13 13:06:00+00:00,183.27,183.35,183.1,304,183.1378,17583,183.257271
2023-06-13 13:07:00+00:00,183.3598,183.38,183.29,211,183.3,10692,183.343487
2023-06-13 13:08:00+00:00,183.2,183.3596,183.1806,364,183.29,18359,183.244867
2023-06-13 13:09:00+00:00,183.25,183.27,183.16,320,183.18,23415,183.231661
2023-06-13 13:10:00+00:00,183.27,183.32,183.215,252,183.2498,24194,183.255215
2023-06-13 13:11:00+00:00,183.29,183.32,183.25,272,183.32,26249,183.300672
2023-06-13 13:12:00+00:00,183.16,183.26,183.11,247,183.26,8689,183.179031
2023-06-13 13:13:00+00:00,183.1002,183.29,183.1002,303,183.19,20218,183.204421
2023-06-13 13:14:00+00:00,183.09,183.15,183.08,241,183.14,12675,183.099719
2023-06-13 13:15:00+00:00,182.91,183.05,182.88,454,183.05,26049,182.987624
2023-06-13 13:16:00+00:00,182.93,183.0,182.88,329,182.88,16275,182.957045
2023-06-13 13:17:00+00:00,182.79,182.95,182.75,445,182.93,37927,182.801656
2023-06-13 13:18:00+00:00,182.8612,182.89,182.78,284,182.78,19009,182.84438
2023-06-13 13:19:00+00:00,182.99,183.0,182.9099,225,182.9099,11082,182.962841
2023-06-13 13:20:00+00:00,182.94,182.99,182.93,273,182.99,28423,182.962311
2023-06-13 13:21:00+00:00,182.8,182.92,182.8,298,182.92,23462,182.816332
2023-06-13 13:22:00+00:00,182.85,182.85,182.65,363,182.81,19448,182.750574
2023-06-13 13:23:00+00:00,182.8015,182.9359,182.8,193,182.9359,12126,182.842624
2023-06-13 13:24:00+00:00,182.77,182.9,182.7,247,182.8782,16580,182.824202
2023-06-13 13:25:00+00:00,182.98,182.99,182.77,178,182.81,12778,182.91931
2023-06-13 13:26:00+00:00,182.96,182.99,182.9,227,182.99,11197,182.954803
2023-06-13 13:27:00+00:00,182.94,183.0,182.77,311,182.9615,16925,182.932079
2023-06-13 13:28:00+00:00,182.87,182.89,182.82,255,182.89,5251,182.846882
2023-06-13 13:29:00+00:00,182.79,182.96,182.79,276,182.86,23496,182.878911
2023-06-13 13:30:00+00:00,183.19,183.4,182.71,10324,182.79,1164566,182.941791
2023-06-13 13:31:00+00:00,183.025,183.41,182.91,4115,183.17,370770,183.211412
2023-06-13 13:32:00+00:00,183.53,183.56,183.025,3406,183.025,332689,183.274236
2023-06-13 13:33:00+00:00,183.896,183.98,183.39,5310,183.535,515947,183.764906
2023-06-13 13:34:00+00:00,183.9199,184.15,183.8389,5640,183.89,565598,183.998236
2023-06-13 13:35:00+00:00,183.9771,184.0,183.84,2971,183.89,282603,183.920893
2023-06-13 13:36:00+00:00,183.63,184.05,183.6,4076,183.975,515319,183.78433
2023-06-13 13:37:00+00:00,184.015,184.025,183.62,3429,183.63,352551,183.780968
2023-06-13 13:38:00+00:00,184.0982,184.1,183.72,3057,184.0101,268276,183.919951
2023-06-13 13:39:00+00:00,183.8597,184.11,183.79,3541,184.0957,358255,183.961049
2023-06-13 13:40:00+00:00,183.83,183.98,183.69,2731,183.86,230367,183.827455
2023-06-13 13:41:00+00:00,183.8153,183.93,183.66,2150,183.82,224596,183.750967
2023-06-13 13:42:00+00:00,183.985,184.04,183.72,2496,183.8,220286,183.896126
2023-06-13 13:43:00+00:00,183.7201,184.08,183.72,2958,183.99,276503,183.952502
2023-06-13 13:44:00+00:00,183.64,183.77,183.59,2605,183.7199,276696,183.640578
2023-06-13 13:45:00+00:00,183.3943,183.7747,183.38,3015,183.645,274286,183.567468
2023-06-13 13:46:00+00:00,183.14,183.4747,183.1,5308,183.38,320853,183.252034
2023-06-13 13:47:00+00:00,183.04,183.23,183.02,5146,183.15,257300,183.100728
2023-06-13 13:48:00+00:00,182.95,183.11,182.82,5748,183.0358,298970,182.931476
2023-06-13 13:49:00+00:00,183.35,183.395,182.96,4967,182.96,274161,183.210738
2023-06-13 13:50:00+00:00,183.16,183.355,183.0339,4184,183.355,151744,183.189061
2023-06-13 13:51:00+00:00,183.15,183.1986,183.05,4244,183.15,196088,183.123508
2023-06-13 13:52:00+00:00,183.2,183.26,183.05,3827,183.14,144114,183.160232
2023-06-13 13:53:00+00:00,183.23,183.24,183.07,4002,183.21,229138,183.169871
2023-06-13 13:54:00+00:00,183.16,183.28,183.11,3705,183.23,130649,183.192357
2023-06-13 13:55:00+00:00,183.4,183.44,183.165,4628,183.165,225436,183.33592
2023-06-13 13:56:00+00:00,183.405,183.46,183.3101,4270,183.38,183401,183.389823
2023-06-13 13:57:00+00:00,183.2724,183.405,183.145,4433,183.4,263753,183.435575
2023-06-13 13:58:00+00:00,183.38,183.4,183.25,3894,183.28,144363,183.322178
2023-06-13 13:59:00+00:00,183.22,183.41,183.1201,4381,183.375,223805,183.233179
2023-06-13 14:00:00+00:00,183.13,183.28,183.07,4282,183.26,174332,183.147391
2023-06-13 14:01:00+00:00,183.495,183.57,183.11,5276,183.14,328774,183.409277
2023-06-13 14:02:00+00:00,183.3362,183.63,183.32,4590,183.49,220221,183.503162
2023-06-13 14:03:00+00:00,183.25,183.4,183.15,4341,183.33,159166,183.245412
2023-06-13 14:04:00+00:00,183.325,183.3701,183.19,3844,183.24,153164,183.293161
2023-06-13 14:05:00+00:00,183.4,183.44,183.24,4184,183.32,161139,183.337179
2023-06-13 14:06:00+00:00,183.18,183.475,183.1522,4363,183.4,183505,183.319511
2023-06-13 14:07:00+00:00,183.04,183.2,182.92,5039,183.18,318559,183.036139
2023-06-13 14:08:00+00:00,182.99,183.16,182.96,3812,183.05,157378,183.085309
2023-06-13 14:09:00+00:00,182.96,183.0066,182.8701,4100,182.97,158352,182.930295
2023-06-13 14:10:00+00:00,182.96,183.06,182.87,4171,182.96,166919,182.955256
2023-06-13 14:11:00+00:00,182.795,183.125,182.76,4616,182.96,233544,182.923501
2023-06-13 14:12:00+00:00,182.86,182.97,182.7899,4109,182.81,189906,182.869683
2023-06-13 14:13:00+00:00,182.81,182.8799,182.68,4398,182.86,195671,182.75142
2023-06-13 14:14:00+00:00,182.87,182.96,182.79,4514,182.815,191600,182.878261
2023-06-13 14:15:00+00:00,182.93,183.02,182.81,3674,182.86,100179,182.907753
2023-06-13 14:16:00+00:00,182.855,182.95,182.825,3674,182.92,125929,182.8775
2023-06-13 14:17:00+00:00,182.64,182.8785,182.62,4556,182.855,192285,182.701574
2023-06-13 14:18:00+00:00,182.89,182.89,182.62,3560,182.64,115701,182.775737
2023-06-13 14:19:00+00:00,183.16,183.16,182.8893,4145,182.89,194830,183.007339
2023-06-13 14:20:00+00:00,183.125,183.18,183.09,3849,183.175,147434,183.146402
2023-06-13 14:21:00+00:00,183.07,183.15,183.04,3651,183.12,141086,183.110122
2023-06-13 14:22:00+00:00,183.13,183.208,183.0699,3426,183.07,104076,183.132465
2023-06-13 14:23:00+00:00,183.0345,183.17,182.98,3871,183.1397,176116,183.082114
2023-06-13 14:24:00+00:00,182.94,183.09,182.91,3258,183.03,83517,183.005795
2023-06-13 14:25:00+00:00,182.8608,183.005,182.86,3617,182.945,114178,182.935601
2023-06-13 14:26:00+00:00,182.847,182.8999,182.7914,3231,182.87,108429,182.843434
2023-06-13 14:27:00+00:00,182.69,182.9,182.69,2080,182.86,130798,182.803182
2023-06-13 14:28:00+00:00,182.73,182.77,182.67,1420,182.68,106377,182.720974
2023-06-13 14:29:00+00:00,182.76,182.8,182.7,1157,182.73,71373,182.750598
2023-06-13 14:30:00+00:00,182.87,182.87,182.71,1469,182.77,118171,182.779243
2023-06-13 14:31:00+00:00,182.64,182.92,182.612,1733,182.875,145457,182.71642
2023-06-13 14:32:00+00:00,182.82,182.84,182.565,1622,182.65,132749,182.679076
2023-06-13 14:33:00+00:00,182.9201,182.94,182.81,1522,182.825,131321,182.892803
2023-06-13 14:34:00+00:00,182.9942,183.02,182.88,1875,182.93,159431,182.948538
2023-06-13 14:35:00+00:00,183.01,183.077,182.91,1416,182.98,121972,182.996813
2023-06-13 14:36:00+00:00,182.835,183.04,182.83,1774,183.0012,152271,182.96603
2023-06-13 14:37:00+00:00,182.915,182.9292,182.77,1142,182.83,83719,182.825005
2023-06-13 14:38:00+00:00,182.92,182.96,182.86,1053,182.925,86159,182.905628
2023-06-13 14:39:00+00:00,182.88,182.945,182.8112,1030,182.91,90391,182.8818
2023-06-13 14:40:00+00:00,182.79,182.94,182.75,1220,182.89,97428,182.831141
2023-06-13 14:41:00+00:00,182.67,182.85,182.67,1441,182.785,117265,182.748641
2023-06-13 14:42:00+00:00,182.655,182.735,182.63,1360,182.68,152391,182.674804
2023-06-13 14:43:00+00:00,182.62,182.675,182.535,1416,182.65,88471,182.600084
2023-06-13 14:44:00+00:00,182.54,182.64,182.54,1263,182.615,88438,182.577603
2023-06-13 14:45:00+00:00,182.6699,182.67,182.52,1435,182.55,120062,182.572998
2023-06-13 14:46:00+00:00,182.555,182.75,182.55,1448,182.66,114443,182.662189
2023-06-13 14:47:00+00:00,182.6717,182.68,182.46,2126,182.5587,175826,182.533537
2023-06-13 14:48:00+00:00,182.78,182.78,182.64,1006,182.68,74594,182.711437
2023-06-13 14:49:00+00:00,182.915,182.9199,182.78,1150,182.78,101406,182.853527
2023-06-13 14:50:00+00:00,182.83,182.975,182.79,1359,182.9002,116415,182.890091
2023-06-13 14:51:00+00:00,182.95,182.96,182.83,1196,182.83,119067,182.911862
2023-06-13 14:52:00+00:00,182.95,182.99,182.9,1060,182.959,76018,182.93976
2023-06-13 14:53:00+00:00,183.08,183.1,182.95,1282,182.96,98533,183.04258
2023-06-13 14:54:00+00:00,183.1299,183.13,183.0542,1081,183.08,100809,183.089558
2023-06-13 14:55:00+00:00,183.05,183.155,183.01,1239,183.13,123461,183.097821
2023-06-13 14:56:00+00:00,183.05,183.1082,183.0302,935,183.059,73527,183.05914
2023-06-13 14:57:00+00:00,183.0592,183.0985,183.01,885,183.05,71278,183.053507
2023-06-13 14:58:00+00:00,182.98,183.07,182.91,1287,183.055,92046,182.990583
2023-06-13 14:59:00+00:00,182.95,182.97,182.9099,1036,182.97,67154,182.935989
2023-06-13 15:00:00+00:00,183.035,183.04,182.91,942,182.95,53683,182.965483
2023-06-13 15:01:00+00:00,182.98,183.07,182.97,1005,183.04,70470,183.034709
2023-06-13 15:02:00+00:00,182.84,182.995,182.82,1251,182.995,85651,182.899774
2023-06-13 15:03:00+00:00,183.03,183.05,182.85,858,182.85,68071,182.962164
2023-06-13 15:04:00+00:00,183.04,183.1,182.975,822,183.0201,72424,183.061494
2023-06-13 15:05:00+00:00,183.02,183.1,183.01,908,183.0475,70255,183.060193
2023-06-13 15:06:00+00:00,183.01,183.04,182.925,958,183.02,66402,182.988277
2023-06-13 15:07:00+00:00,183.235,183.24,183.0,1387,183.0145,130631,183.142788
2023-06-13 15:08:00+00:00,183.4007,183.43,183.23,1773,183.2301,162847,183.349286
2023-06-13 15:09:00+00:00,183.395,183.42,183.31,1234,183.4,111882,183.370111
2023-06-13 15:10:00+00:00,183.363,183.41,183.355,947,183.3901,67464,183.386767
2023-06-13 15:11:00+00:00,183.47,183.5,183.36,1385,183.36,141080,183.448692
2023-06-13 15:12:00+00:00,183.48,183.54,183.4409,1667,183.47,157101,183.493947
2023-06-13 15:13:00+00:00,183.6,183.63,183.45,1475,183.475,150947,183.548312
2023-06-13 15:14:00+00:00,183.6713,183.7,183.59,1480,183.6,114790,183.640068
2023-06-13 15:15:00+00:00,183.69,183.71,183.61,1428,183.675,112379,183.676377
2023-06-13 15:16:00+00:00,183.565,183.7505,183.515,1737,183.7,169775,183.617213
2023-06-13 15:17:00+00:00,183.4855,183.58,183.475,980,183.57,81269,183.538371
2023-06-13 15:18:00+00:00,183.605,183.63,183.48,1084,183.4899,87573,183.558097
2023-06-13 15:19:00+00:00,183.55,183.63,183.55,839,183.61,63942,183.59515
2023-06-13 15:20:00+00:00,183.45,183.57,183.41,1061,183.56,78269,183.494996
2023-06-13 15:21:00+00:00,183.475,183.55,183.4435,950,183.46,67278,183.497473
2023-06-13 15:22:00+00:00,183.57,183.58,183.4,1171,183.4818,91754,183.487915
2023-06-13 15:23:00+00:00,183.5801,183.7,183.57,1493,183.57,129531,183.644148
2023-06-13 15:24:00+00:00,183.53,183.59,183.4301,1114,183.58,84829,183.481277
2023-06-13 15:25:00+00:00,183.55,183.58,183.4701,840,183.54,58048,183.51389
2023-06-13 15:26:00+00:00,183.435,183.57,183.43,994,183.56,61206,183.481308
2023-06-13 15:27:00+00:00,183.41,183.46,183.39,975,183.43,61942,183.420018
2023-06-13 15:28:00+00:00,183.43,183.47,183.3502,969,183.41,72333,183.396238
2023-06-13 15:29:00+00:00,183.4,183.45,183.38,786,183.43,47323,183.416531
2023-06-13 15:30:00+00:00,183.469,183.469,183.37,1061,183.4,76418,183.418344
2023-06-13 15:31:00+00:00,183.3318,183.46,183.33,930,183.46,134006,183.378108
2023-06-13 15:32:00+00:00,183.38,183.39,183.3,918,183.331,61318,183.351285
2023-06-13 15:33:00+00:00,183.24,183.42,183.24,1406,183.3701,105878,183.330533
2023-06-13 15:34:00+00:00,183.17,183.27,183.17,1298,183.24,95419,183.214277
2023-06-13 15:35:00+00:00,183.13,183.2147,183.1,1219,183.16,97590,183.152561
2023-06-13 15:36:00+00:00,183.27,183.36,183.131,1155,183.135,107688,183.262937
2023-06-13 15:37:00+00:00,183.285,183.31,183.21,825,183.2701,228280,183.219565
2023-06-13 15:38:00+00:00,183.16,183.285,183.14,1097,183.285,76128,183.201411
2023-06-13 15:39:00+00:00,183.19,183.2005,183.11,957,183.17,60568,183.156569
2023-06-13 15:40:00+00:00,183.18,183.22,183.07,1417,183.2,107606,183.145596
2023-06-13 15:41:00+00:00,183.07,183.19,183.05,886,183.19,66101,183.124273
2023-06-13 15:42:00+00:00,183.14,183.17,183.06,742,183.07,50731,183.130938
2023-06-13 15:43:00+00:00,183.18,183.23,183.13,843,183.15,56295,183.18315
2023-06-13 15:44:00+00:00,183.19,183.26,183.1501,952,183.185,63265,183.203359
2023-06-13 15:45:00+00:00,183.1221,183.2201,183.1221,862,183.2,61723,183.180418
2023-06-13 15:46:00+00:00,183.12,183.195,183.07,1038,183.1207,76567,183.115962
2023-06-13 15:47:00+00:00,183.2,183.215,183.11,742,183.12,572806,183.077242
2023-06-13 15:48:00+00:00,183.285,183.29,183.11,979,183.21,64279,183.176206
2023-06-13 15:49:00+00:00,183.29,183.31,183.23,1015,183.285,82968,183.27746
2023-06-13 15:50:00+00:00,183.215,183.3,183.21,696,183.28,38227,183.256109
2023-06-13 15:51:00+00:00,183.19,183.26,183.16,736,183.22,53229,183.217392
2023-06-13 15:52:00+00:00,183.26,183.27,183.14,1004,183.1811,71968,183.210832
2023-06-13 15:53:00+00:00,183.26,183.325,183.2325,700,183.26,46661,183.279725
2023-06-13 15:54:00+00:00,183.21,183.31,183.21,709,183.27,40197,183.262702
2023-06-13 15:55:00+00:00,183.2601,183.27,183.2,710,183.2085,55780,183.230151
2023-06-13 15:56:00+00:00,183.36,183.365,183.26,850,183.27,59716,183.325439
2023-06-13 15:57:00+00:00,183.2,183.36,183.19,1057,183.3553,73184,183.290401
2023-06-13 15:58:00+00:00,183.11,183.2,183.02,1365,183.195,103832,183.095519
2023-06-13 15:59:00+00:00,183.12,183.18,183.08,942,183.12,65547,183.136261
2023-06-13 16:00:00+00:00,183.01,183.135,183.0,1537,183.12,119118,183.029713
2023-06-13 16:01:00+00:00,183.04,183.12,183.01,869,183.0148,57775,183.062873
2023-06-13 16:02:00+00:00,183.02,183.12,183.0,769,183.045,46555,183.06384
2023-06-13 16:03:00+00:00,183.035,183.05,182.97,1217,183.02,90304,183.007944
2023-06-13 16:04:00+00:00,183.0902,183.13,182.98,869,183.04,69536,183.051987
2023-06-13 16:05:00+00:00,183.06,183.135,183.025,960,183.09,67076,183.083499
2023-06-13 16:06:00+00:00,183.11,183.145,183.05,756,183.06,49922,183.092154
2023-06-13 16:07:00+00:00,183.16,183.18,183.1,770,183.11,59439,183.135726
2023-06-13 16:08:00+00:00,183.12,183.19,183.08,1035,183.15,612055,183.105267
2023-06-13 16:09:00+00:00,183.195,183.2099,183.03,1224,183.13,115323,183.118396
2023-06-13 16:10:00+00:00,183.25,183.28,183.13,945,183.1905,73228,183.217487
2023-06-13 16:11:00+00:00,183.31,183.36,183.25,934,183.265,85985,183.313244
2023-06-13 16:12:00+00:00,183.305,183.35,183.2701,839,183.31,68028,183.302523
2023-06-13 16:13:00+00:00,183.325,183.345,183.27,692,183.3032,37248,183.315761
2023-06-13 16:14:00+00:00,183.34,183.36,183.29,747,183.32,60674,183.331277
2023-06-13 16:15:00+00:00,183.3,183.36,183.29,810,183.345,54529,183.329079
2023-06-13 16:16:00+00:00,183.335,183.36,183.286,764,183.295,48509,183.333208
2023-06-13 16:17:00+00:00,183.221,183.34,183.2201,856,183.34,56054,183.298587
2023-06-13 16:18:00+00:00,183.2,183.25,183.16,849,183.215,53327,183.203744
2023-06-13 16:19:00+00:00,183.2425,183.28,183.1801,794,183.21,51432,183.230821
2023-06-13 16:20:00+00:00,183.14,183.2307,183.13,899,183.2307,62701,183.175737
2023-06-13 16:21:00+00:00,183.1648,183.22,183.115,773,183.145,51682,183.162475
2023-06-13 16:22:00+00:00,183.11,183.16,183.1,749,183.16,46004,183.128943
2023-06-13 16:23:00+00:00,183.15,183.17,183.09,783,183.12,55945,183.133949
2023-06-13 16:24:00+00:00,183.1384,183.155,183.09,708,183.15,47453,183.121184
2023-06-13 16:25:00+00:00,183.0,183.1469,182.98,1253,183.135,86705,183.048374
2023-06-13 16:26:00+00:00,183.065,183.09,182.9601,748,183.0022,43730,183.020671
2023-06-13 16:27:00+00:00,183.17,183.19,183.0327,1142,183.07,112317,183.127217
2023-06-13 16:28:00+00:00,183.18,183.21,183.13,976,183.18,83384,183.180767
2023-06-13 16:29:00+00:00,183.17,183.21,183.14,658,183.1899,46613,183.182242
2023-06-13 16:30:00+00:00,183.205,183.23,183.15,827,183.18,53890,183.192212
2023-06-13 16:31:00+00:00,183.21,183.2388,183.1601,771,183.205,64293,183.210304
2023-06-13 16:32:00+00:00,183.14,183.21,183.115,652,183.21,37948,183.152548
2023-06-13 16:33:00+00:00,183.138,183.1499,183.07,633,183.13,38112,183.099259
2023-06-13 16:34:00+00:00,183.05,183.135,183.05,495,183.135,34311,183.09582
2023-06-13 16:35:00+00:00,183.07,183.09,183.01,766,183.055,51539,183.048233
2023-06-13 16:36:00+00:00,183.13,183.15,183.069,699,183.07,56019,183.125221
2023-06-13 16:37:00+00:00,183.185,183.22,183.1383,815,183.1383,58036,183.185153
2023-06-13 16:38:00+00:00,183.22,183.23,183.1524,574,183.1891,38143,183.193308
2023-06-13 16:39:00+00:00,183.26,183.31,183.22,797,183.22,68513,183.270483
2023-06-13 16:40:00+00:00,183.395,183.41,183.27,1429,183.27,122189,183.346663
2023-06-13 16:41:00+00:00,183.36,183.45,183.36,909,183.39,91275,183.395613
2023-06-13 16:42:00+00:00,183.35,183.4,183.34,622,183.36,50934,183.369015
2023-06-13 16:43:00+00:00,183.415,183.44,183.335,758,183.36,62980,183.39751
2023-06-13 16:44:00+00:00,183.4,183.44,183.365,572,183.42,42673,183.394798
2023-06-13 16:45:00+00:00,183.34,183.42,183.34,643,183.405,61726,183.385936
2023-06-13 16:46:00+00:00,183.275,183.37,183.245,753,183.34,55525,183.307203
2023-06-13 16:47:00+00:00,183.28,183.3,183.25,627,183.27,37297,183.277152
2023-06-13 16:48:00+00:00,183.305,183.3199,183.255,707,183.2795,53715,183.286381
2023-06-13 16:49:00+00:00,183.25,183.3,183.23,750,183.3,46951,183.26882
2023-06-13 16:50:00+00:00,183.32,183.35,183.23,675,183.25,45787,183.277185
2023-06-13 16:51:00+00:00,183.3825,183.42,183.3292,635,183.3292,56094,183.389436
2023-06-13 16:52:00+00:00,183.4699,183.4712,183.385,719,183.39,50245,183.432345
2023-06-13 16:53:00+00:00,183.46,183.5,183.425,670,183.462,62365,183.467402
2023-06-13 16:54:00+00:00,183.43,183.47,183.4,642,183.465,45853,183.433996
2023-06-13 16:55:00+00:00,183.49,183.5,183.4,718,183.43,50337,183.450464
2023-06-13 16:56:00+00:00,183.52,183.53,183.46,893,183.48,60425,183.498081
2023-06-13 16:57:00+00:00,183.47,183.52,183.42,881,183.52,74451,183.45551
2023-06-13 16:58:00+00:00,183.41,183.48,183.38,803,183.46,65346,183.428977
2023-06-13 16:59:00+00:00,183.46,183.47,183.41,656,183.41,53557,183.446735
2023-06-13 17:00:00+00:00,183.4215,183.475,183.41,604,183.465,49552,183.443828
2023-06-13 17:01:00+00:00,183.435,183.4799,183.41,536,183.4208,40416,183.447766
2023-06-13 17:02:00+00:00,183.435,183.5,183.43,1021,183.435,93498,183.456916
2023-06-13 17:03:00+00:00,183.3901,183.44,183.39,544,183.435,36945,183.417204
2023-06-13 17:04:00+00:00,183.435,183.45,183.38,731,183.395,55698,183.420025
2023-06-13 17:05:00+00:00,183.455,183.49,183.42,654,183.44,50244,183.454466
2023-06-13 17:06:00+00:00,183.4701,183.55,183.465,1035,183.47,104264,183.516795
2023-06-13 17:07:00+00:00,183.3803,183.475,183.38,571,183.4679,46732,183.435825
2023-06-13 17:08:00+00:00,183.29,183.39,183.19,1265,183.38,89876,183.307302
2023-06-13 17:09:00+00:00,183.235,183.3,183.19,947,183.29,66915,183.239242
2023-06-13 17:10:00+00:00,183.115,183.25,183.06,1123,183.23,78945,183.144663
2023-06-13 17:11:00+00:00,183.015,183.13,183.0101,860,183.11,64560,183.072249
2023-06-13 17:12:00+00:00,183.0699,183.08,182.93,1479,183.015,124253,183.003387
2023-06-13 17:13:00+00:00,182.955,183.07,182.95,1068,183.0694,95783,183.008296
2023-06-13 17:14:00+00:00,183.08,183.09,182.96,877,182.96,67464,183.044421
2023-06-13 17:15:00+00:00,182.9903,183.07,182.95,846,183.07,53528,183.002583
2023-06-13 17:16:00+00:00,183.13,183.145,183.0,1009,183.0,88380,183.090458
2023-06-13 17:17:00+00:00,183.155,183.16,183.0701,718,183.13,52291,183.11061
2023-06-13 17:18:00+00:00,183.08,183.16,183.07,679,183.155,44492,183.097433
2023-06-13 17:19:00+00:00,183.135,183.14,183.04,761,183.08,54461,183.094508
2023-06-13 17:20:00+00:00,183.0299,183.14,183.005,1011,183.1391,68941,183.058625
2023-06-13 17:21:00+00:00,183.06,183.145,183.015,1132,183.03,1091805,183.090035
2023-06-13 17:22:00+00:00,183.08,183.11,183.035,701,183.07,38999,183.074009
2023-06-13 17:23:00+00:00,183.065,183.11,183.0415,768,183.09,43186,183.077537
2023-06-13 17:24:00+00:00,183.04,183.07,183.02,749,183.06,46015,183.041317
2023-06-13 17:25:00+00:00,182.9684,183.05,182.925,1303,183.04,90651,182.988449
2023-06-13 17:26:00+00:00,182.9581,182.9685,182.885,1135,182.96,90721,182.917856
2023-06-13 17:27:00+00:00,182.9606,182.981,182.91,848,182.96,64107,182.949663
2023-06-13 17:28:00+00:00,183.025,183.0987,182.95,1248,182.9644,126679,183.017085
2023-06-13 17:29:00+00:00,183.0208,183.05,183.0,846,183.025,90352,183.017107
2023-06-13 17:30:00+00:00,182.969,183.05,182.96,1044,183.03,86525,183.009365
2023-06-13 17:31:00+00:00,182.98,182.9893,182.921,1085,182.9682,118204,182.953903
2023-06-13 17:32:00+00:00,183.01,183.01,182.93,682,182.9702,50226,182.983812
2023-06-13 17:33:00+00:00,182.91,183.015,182.9,866,183.005,68050,182.932174
2023-06-13 17:34:00+00:00,182.915,182.955,182.87,1161,182.905,132689,182.909815
2023-06-13 17:35:00+00:00,182.82,182.945,182.81,1097,182.91,102367,182.873957
2023-06-13 17:36:00+00:00,182.86,182.87,182.7894,1053,182.82,94808,182.830255
2023-06-13 17:37:00+00:00,182.8801,182.9079,182.825,674,182.85,60427,182.863362
2023-06-13 17:38:00+00:00,182.81,182.89,182.77,932,182.88,81108,182.831398
2023-06-13 17:39:00+00:00,182.8402,182.87,182.76,1150,182.8126,105598,182.809929
2023-06-13 17:40:00+00:00,182.955,182.9623,182.83,820,182.85,72113,182.891943
2023-06-13 17:41:00+00:00,182.95,182.99,182.91,874,182.96,89495,182.954351
2023-06-13 17:42:00+00:00,183.045,183.0497,182.9029,769,182.94,55700,182.983528
2023-06-13 17:43:00+00:00,183.09,183.12,183.035,880,183.05,131099,183.096597
2023-06-13 17:44:00+00:00,183.105,183.13,183.06,696,183.09,54449,183.096626
2023-06-13 17:45:00+00:00,183.095,183.12,183.08,581,183.115,47989,183.099387
2023-06-13 17:46:00+00:00,183.05,183.14,183.05,743,183.09,53831,183.093932
2023-06-13 17:47:00+00:00,183.05,183.065,183.025,540,183.058,31168,183.042078
2023-06-13 17:48:00+00:00,183.095,183.0972,183.03,601,183.04,34335,183.072083
2023-06-13 17:49:00+00:00,183.125,183.13,183.055,707,183.1,47885,183.094845
2023-06-13 17:50:00+00:00,183.09,183.12,183.07,625,183.12,37634,183.088285
2023-06-13 17:51:00+00:00,182.995,183.081,182.96,900,183.081,59020,183.031352
2023-06-13 17:52:00+00:00,183.09,183.09,182.98,713,182.99,48317,183.050957
2023-06-13 17:53:00+00:00,183.0205,183.11,183.02,739,183.0967,66877,183.078085
2023-06-13 17:54:00+00:00,183.015,183.03,182.98,636,183.02,39431,183.006554
2023-06-13 17:55:00+00:00,182.995,183.05,182.9859,858,183.015,61538,183.018014
2023-06-13 17:56:00+00:00,182.92,182.995,182.9,810,182.995,72080,182.937835
2023-06-13 17:57:00+00:00,182.9205,182.95,182.88,715,182.915,51714,182.913303
2023-06-13 17:58:00+00:00,182.99,183.0,182.93,632,182.93,50737,182.968399
2023-06-13 17:59:00+00:00,183.0199,183.03,182.96,578,182.9826,38305,182.994445
2023-06-13 18:00:00+00:00,183.01,183.04,182.95,703,183.02,48684,183.001031
2023-06-13 18:01:00+00:00,183.055,183.07,183.0,808,183.0189,71916,183.038209
2023-06-13 18:02:00+00:00,182.935,183.07,182.935,902,183.06,69106,183.022025
2023-06-13 18:03:00+00:00,183.0101,183.02,182.89,920,182.94,75333,182.965756
2023-06-13 18:04:00+00:00,183.0225,183.055,182.94,1113,183.02,103525,183.002737
2023-06-13 18:05:00+00:00,183.0,183.05,182.99,823,183.025,72466,183.020871
2023-06-13 18:06:00+00:00,183.04,183.06,182.98,662,182.99,54135,183.011617
2023-06-13 18:07:00+00:00,182.989,183.08,182.98,737,183.04,56184,183.030574
2023-06-13 18:08:00+00:00,182.97,183.03,182.9646,585,182.985,46751,182.991333
2023-06-13 18:09:00+00:00,182.9,182.98,182.895,857,182.97,59510,182.946683
2023-06-13 18:10:00+00:00,182.77,182.8999,182.76,1014,182.89,85244,182.805729
2023-06-13 18:11:00+00:00,182.765,182.8,182.745,974,182.768,75345,182.771147
2023-06-13 18:12:00+00:00,182.85,182.9,182.725,985,182.76,97703,182.791512
2023-06-13 18:13:00+00:00,182.945,182.95,182.855,750,182.855,56851,182.89341
2023-06-13 18:14:00+00:00,182.99,183.01,182.9425,885,182.9425,75671,182.986514
2023-06-13 18:15:00+00:00,182.925,182.99,182.92,634,182.99,43648,182.954611
2023-06-13 18:16:00+00:00,182.92,182.9579,182.9,551,182.9206,30193,182.93199
2023-06-13 18:17:00+00:00,182.985,183.02,182.9,712,182.92,48978,182.978672
2023-06-13 18:18:00+00:00,183.05,183.05,182.98,801,182.99,66132,183.010168
2023-06-13 18:19:00+00:00,183.04,183.07,183.01,541,183.042,53084,183.02757
2023-06-13 18:20:00+00:00,183.0275,183.09,183.01,650,183.04,69710,183.04436
2023-06-13 18:21:00+00:00,182.9942,183.0484,182.97,635,183.03,60160,183.001656
2023-06-13 18:22:00+00:00,182.99,183.0,182.94,649,182.995,61883,182.983331
2023-06-13 18:23:00+00:00,182.9602,183.03,182.96,653,182.99,58364,183.007847
2023-06-13 18:24:00+00:00,183.02,183.03,182.96,763,182.97,60545,182.994353
2023-06-13 18:25:00+00:00,183.065,183.09,183.0185,865,183.0185,93880,183.054997
2023-06-13 18:26:00+00:00,182.99,183.09,182.98,965,183.08,71134,183.041078
2023-06-13 18:27:00+00:00,182.91,183.0025,182.845,953,182.98,63904,182.922648
2023-06-13 18:28:00+00:00,182.84,182.92,182.815,908,182.9,66026,182.859616
2023-06-13 18:29:00+00:00,182.84,182.87,182.72,1554,182.84,307896,182.886155
2023-06-13 18:30:00+00:00,182.85,182.87,182.75,978,182.84,79643,182.808896
2023-06-13 18:31:00+00:00,182.84,182.92,182.84,894,182.86,63894,182.875943
2023-06-13 18:32:00+00:00,182.78,182.84,182.75,878,182.83,59853,182.793074
2023-06-13 18:33:00+00:00,182.785,182.847,182.7588,641,182.7771,42506,182.802869
2023-06-13 18:34:00+00:00,182.8,182.81,182.67,1507,182.78,117026,182.731851
2023-06-13 18:35:00+00:00,182.75,182.8005,182.69,1102,182.79,86193,182.734065
2023-06-13 18:36:00+00:00,182.7121,182.77,182.67,908,182.74,82430,182.724496
2023-06-13 18:37:00+00:00,182.695,182.72,182.65,809,182.7,72123,182.684673
2023-06-13 18:38:00+00:00,182.69,182.73,182.62,958,182.695,80626,182.670605
2023-06-13 18:39:00+00:00,182.68,182.72,182.63,1358,182.67,125638,182.672096
2023-06-13 18:40:00+00:00,182.66,182.7,182.62,865,182.6886,63488,182.664831
2023-06-13 18:41:00+00:00,182.63,182.66,182.59,1091,182.65,89317,182.611065
2023-06-13 18:42:00+00:00,182.515,182.64,182.495,2068,182.62,167613,182.535205
2023-06-13 18:43:00+00:00,182.635,182.64,182.49,1568,182.51,146057,182.561871
2023-06-13 18:44:00+00:00,182.5775,182.685,182.55,957,182.6383,83889,182.61375
2023-06-13 18:45:00+00:00,182.525,182.57,182.44,1502,182.57,109418,182.486605
2023-06-13 18:46:00+00:00,182.57,182.65,182.51,1011,182.52,95316,182.58275
2023-06-13 18:47:00+00:00,182.675,182.71,182.55,1037,182.57,99719,182.637587
2023-06-13 18:48:00+00:00,182.76,182.78,182.65,1124,182.67,130005,182.728445
2023-06-13 18:49:00+00:00,182.625,182.765,182.58,783,182.765,62307,182.646553
2023-06-13 18:50:00+00:00,182.655,182.67,182.5875,758,182.62,51209,182.619332
2023-06-13 18:51:00+00:00,182.705,182.74,182.635,850,182.65,85469,182.691859
2023-06-13 18:52:00+00:00,182.81,182.82,182.7,810,182.7089,59472,182.748346
2023-06-13 18:53:00+00:00,182.8391,182.86,182.75,803,182.82,59154,182.803008
2023-06-13 18:54:00+00:00,182.9,182.9,182.825,654,182.84,1056883,183.077899
2023-06-13 18:55:00+00:00,182.96,182.97,182.8625,853,182.89,78368,182.923996
2023-06-13 18:56:00+00:00,182.9799,182.985,182.91,855,182.96,84517,182.952763
2023-06-13 18:57:00+00:00,183.0101,183.02,182.95,745,182.9799,70974,182.98968
2023-06-13 18:58:00+00:00,182.93,183.02,182.905,705,183.0197,66805,182.952115
2023-06-13 18:59:00+00:00,182.92,182.965,182.91,527,182.94,42367,182.936739
2023-06-13 19:00:00+00:00,182.9,182.97,182.892,707,182.9197,57009,182.936802
2023-06-13 19:01:00+00:00,182.963,182.985,182.87,981,182.905,80936,182.932916
2023-06-13 19:02:00+00:00,182.94,182.96,182.92,650,182.96,42844,182.936247
2023-06-13 19:03:00+00:00,182.9177,182.99,182.9,660,182.94,76109,182.838327
2023-06-13 19:04:00+00:00,182.9429,182.96,182.91,745,182.92,53583,182.939051
2023-06-13 19:05:00+00:00,182.9337,182.96,182.9118,730,182.95,52928,182.936149
2023-06-13 19:06:00+00:00,182.92,182.96,182.9,839,182.9301,69770,182.926871
2023-06-13 19:07:00+00:00,182.92,182.94,182.875,920,182.9112,81113,182.906325
2023-06-13 19:08:00+00:00,182.91,182.9399,182.8719,830,182.91,68741,182.911513
2023-06-13 19:09:00+00:00,182.8399,182.9185,182.83,892,182.9109,71976,182.872451
2023-06-13 19:10:00+00:00,182.78,182.845,182.68,1599,182.8328,162517,182.735819
2023-06-13 19:11:00+00:00,182.88,182.9,182.78,826,182.79,74618,182.849555
2023-06-13 19:12:00+00:00,182.95,182.96,182.86,932,182.88,81229,182.930377
2023-06-13 19:13:00+00:00,182.9501,182.97,182.88,864,182.95,73497,182.933516
2023-06-13 19:14:00+00:00,182.99,182.995,182.91,877,182.95,63781,182.956893
2023-06-13 19:15:00+00:00,182.9,183.0,182.86,843,183.0,59725,182.939169
2023-06-13 19:16:00+00:00,182.959,183.02,182.9,1005,182.9,67833,182.966944
2023-06-13 19:17:00+00:00,183.0,183.025,182.93,862,182.94,61263,182.990953
2023-06-13 19:18:00+00:00,183.03,183.055,182.97,937,183.0056,87099,183.020424
2023-06-13 19:19:00+00:00,182.9705,183.035,182.93,921,183.0337,77838,182.980486
2023-06-13 19:20:00+00:00,183.0,183.03,182.955,804,182.97,62619,182.993191
2023-06-13 19:21:00+00:00,183.075,183.08,182.9733,784,183.0,60984,183.031606
2023-06-13 19:22:00+00:00,183.12,183.13,183.065,753,183.07,53166,183.098972
2023-06-13 19:23:00+00:00,182.955,183.125,182.94,1611,183.12,160849,183.036099
2023-06-13 19:24:00+00:00,182.94,183.01,182.88,1867,182.955,186546,182.954902
2023-06-13 19:25:00+00:00,183.01,183.0187,182.9086,917,182.9501,71537,182.952526
2023-06-13 19:26:00+00:00,183.01,183.045,182.96,632,183.0,53892,182.99928
2023-06-13 19:27:00+00:00,182.949,183.0399,182.93,883,183.02,68442,182.980115
2023-06-13 19:28:00+00:00,183.0,183.06,182.93,700,182.95,49561,183.005923
2023-06-13 19:29:00+00:00,182.98,183.03,182.97,610,183.0,42468,182.997613
2023-06-13 19:30:00+00:00,183.025,183.04,182.95,826,182.975,67885,183.002487
2023-06-13 19:31:00+00:00,183.0152,183.0499,182.94,1039,183.03,103552,183.003751
2023-06-13 19:32:00+00:00,182.975,183.01,182.96,994,183.0,80626,182.983188
2023-06-13 19:33:00+00:00,183.0,183.005,182.92,1191,182.96,88023,182.968302
2023-06-13 19:34:00+00:00,182.9785,183.01,182.945,810,183.0,56467,182.983803
2023-06-13 19:35:00+00:00,183.005,183.055,182.94,993,182.9762,91740,183.005141
2023-06-13 19:36:00+00:00,183.02,183.08,183.0,908,183.01,68540,183.038795
2023-06-13 19:37:00+00:00,182.9999,183.04,182.97,862,183.02,58677,182.996082
2023-06-13 19:38:00+00:00,183.03,183.03,182.9525,811,182.99,56424,182.993499
2023-06-13 19:39:00+00:00,183.045,183.09,183.005,842,183.0227,72641,183.059365
2023-06-13 19:40:00+00:00,183.16,183.18,183.043,1170,183.05,112160,183.123258
2023-06-13 19:41:00+00:00,183.155,183.185,183.13,902,183.15,77112,183.154936
2023-06-13 19:42:00+00:00,183.2,183.24,183.16,1207,183.16,109478,183.199333
2023-06-13 19:43:00+00:00,183.07,183.2325,183.01,1266,183.21,117579,183.147831
2023-06-13 19:44:00+00:00,183.04,183.1199,183.02,916,183.06,67476,183.058438
2023-06-13 19:45:00+00:00,183.1,183.1011,183.02,1087,183.03,87202,183.069775
2023-06-13 19:46:00+00:00,183.08,183.1499,183.065,1016,183.1,94381,183.10639
2023-06-13 19:47:00+00:00,183.16,183.18,183.0818,1179,183.0818,116654,183.13524
2023-06-13 19:48:00+00:00,183.1301,183.17,183.11,901,183.16,69964,183.135325
2023-06-13 19:49:00+00:00,183.125,183.165,183.101,785,183.13,55345,183.134276
2023-06-13 19:50:00+00:00,183.2499,183.26,183.13,2327,183.13,215353,183.218137
2023-06-13 19:51:00+00:00,183.205,183.245,183.12,1680,183.245,136147,183.168087
2023-06-13 19:52:00+00:00,183.29,183.2925,183.201,1611,183.2088,147114,183.248747
2023-06-13 19:53:00+00:00,183.35,183.35,183.28,1726,183.28,181736,183.324507
2023-06-13 19:54:00+00:00,183.37,183.38,183.15,2866,183.35,245434,183.308396
2023-06-13 19:55:00+00:00,183.365,183.38,183.265,1924,183.37,156237,183.327637
2023-06-13 19:56:00+00:00,183.305,183.3691,183.29,2319,183.365,200430,183.327022
2023-06-13 19:57:00+00:00,183.245,183.305,183.21,2174,183.305,201433,183.259288
2023-06-13 19:58:00+00:00,183.27,183.29,183.22,3101,183.245,273864,183.255461
2023-06-13 19:59:00+00:00,183.32,183.38,183.24,6658,183.28,871370,183.32076
2023-06-13 20:00:00+00:00,183.31,183.34,183.27,170,183.32,6618921,183.309991
2023-06-13 20:01:00+00:00,183.3,183.3,183.3,68,183.3,363818,183.309958
2023-06-13 20:02:00+00:00,183.26,183.2902,183.26,88,183.2902,980958,183.309927
2023-06-13 20:03:00+00:00,183.25,183.26,183.18,86,183.26,4517,183.223212
2023-06-13 20:04:00+00:00,183.18,183.23,183.18,62,183.23,3379,183.20631
2023-06-13 20:05:00+00:00,183.31,183.31,183.17,138,183.18,13740,183.264477
2023-06-13 20:06:00+00:00,183.23,183.23,183.23,34,183.23,427,183.230562
2023-06-13 20:07:00+00:00,183.2,183.31,183.2,54,183.23,3835,183.243027
2023-06-13 20:08:00+00:00,183.19,183.2,183.19,38,183.2,1464,183.199044
2023-06-13 20:10:00+00:00,183.26,183.26,183.2,48,183.21,2029,183.234754
2023-06-13 20:12:00+00:00,183.31,183.31,183.24,23,183.24,60442,183.309547
2023-06-13 20:13:00+00:00,183.26,183.31,183.22,25,183.31,3633,183.291763
2023-06-13 20:14:00+00:00,183.25,183.3,183.22,148,183.22,58584,183.304389
2023-06-13 20:15:00+00:00,183.24,183.24,183.24,25,183.24,550,183.239528
2023-06-13 20:16:00+00:00,183.24,183.26,183.22,47,183.22,1484,183.243989
2023-06-13 20:17:00+00:00,183.24,183.25,183.24,39,183.25,1036,183.247066
2023-06-13 20:18:00+00:00,183.26,183.26,183.25,30,183.25,618,183.257638
2023-06-13 20:19:00+00:00,183.26,183.26,183.26,35,183.26,397,183.263879
2023-06-13 20:20:00+00:00,183.26,183.26,183.26,21,183.26,278,183.267446
2023-06-13 20:21:00+00:00,183.29,183.29,183.26,27,183.28,1424,183.277654
2023-06-13 20:23:00+00:00,183.19,183.3,183.17,121,183.28,7152,183.249217
2023-06-13 20:24:00+00:00,183.23,183.23,183.22,45,183.23,2472,183.229361
2023-06-13 20:25:00+00:00,183.24,183.24,183.24,25,183.24,650,183.239531
2023-06-13 20:26:00+00:00,183.23,183.23,183.23,32,183.23,1178,183.230492
2023-06-13 20:27:00+00:00,183.2,183.2,183.2,17,183.2,198,183.201086
2023-06-13 20:28:00+00:00,183.2,183.21,183.19,44,183.19,2935,183.194881
2023-06-13 20:29:00+00:00,183.19,183.19,183.19,16,183.19,148,183.190473
2023-06-13 20:30:00+00:00,183.22,183.22,183.2,38,183.2,1920,183.201974
2023-06-13 20:31:00+00:00,183.22,183.22,183.22,15,183.22,600,183.219867
2023-06-13 20:33:00+00:00,183.22,183.23,183.22,43,183.23,1643,183.224124
2023-06-13 20:34:00+00:00,183.17,183.21,183.17,48,183.21,2749,183.186255
2023-06-13 20:35:00+00:00,183.21,183.22,183.2,33,183.2,978,183.207398
2023-06-13 20:36:00+00:00,183.18,183.19,183.18,39,183.19,1109,183.185848
2023-06-13 20:37:00+00:00,183.1914,183.1914,183.19,25,183.19,356,183.18776
2023-06-13 20:38:00+00:00,183.31,183.31,183.31,29,183.31,9815,183.307086
2023-06-13 20:39:00+00:00,183.22,183.22,183.19,42,183.19,1836,183.202484
2023-06-13 20:40:00+00:00,183.27,183.28,183.22,47,183.22,2564,183.241305
2023-06-13 20:41:00+00:00,183.27,183.27,183.25,20,183.25,717,183.253654
2023-06-13 20:42:00+00:00,183.26,183.28,183.26,36,183.28,715,183.26649
2023-06-13 20:43:00+00:00,183.26,183.26,183.22,31,183.25,2293,183.236478
2023-06-13 20:44:00+00:00,183.25,183.25,183.22,54,183.23,2024,183.234104
2023-06-13 20:45:00+00:00,183.25,183.26,183.25,25,183.26,2599,183.251508
2023-06-13 20:46:00+00:00,183.26,183.26,183.23,25,183.23,743,183.236689
2023-06-13 20:47:00+00:00,183.25,183.25,183.25,19,183.25,179,183.250112
2023-06-13 20:48:00+00:00,183.26,183.26,183.25,35,183.25,1038,183.257861
2023-06-13 20:50:00+00:00,183.25,183.25,183.25,27,183.25,246,183.250874
2023-06-13 20:51:00+00:00,183.26,183.26,183.26,29,183.26,955,183.253921
2023-06-13 20:52:00+00:00,183.25,183.25,183.25,38,183.25,767,183.241284
2023-06-13 20:53:00+00:00,183.22,183.22,183.22,40,183.22,291,183.227491
2023-06-13 20:54:00+00:00,183.22,183.22,183.22,35,183.22,335,183.221136
2023-06-13 20:55:00+00:00,183.21,183.21,183.21,27,183.21,127161,183.308895
2023-06-13 20:56:00+00:00,183.22,183.22,183.22,16,183.22,745,183.219423
2023-06-13 20:58:00+00:00,183.21,183.21,183.21,23,183.21,242,183.212665
2023-06-13 20:59:00+00:00,183.21,183.22,183.21,24,183.22,761,183.214382
2023-06-13 21:01:00+00:00,183.31,183.31,183.2,33,183.22,4425,183.292666
2023-06-13 21:03:00+00:00,183.2,183.2,183.2,28,183.2,1174,183.60885
2023-06-13 21:04:00+00:00,183.24,183.25,183.23,34,183.23,1494,183.239301
2023-06-13 21:05:00+00:00,183.22,183.22,183.22,16,183.22,197,183.222284
2023-06-13 21:07:00+00:00,183.22,183.22,183.22,23,183.22,609,184.278095
2023-06-13 21:08:00+00:00,183.2503,183.26,183.23,56,183.23,4652,183.250342
2023-06-13 21:10:00+00:00,183.27,183.3,183.26,36,183.26,1756,183.287611
2023-06-13 21:12:00+00:00,183.26,183.26,183.26,23,183.26,308,183.26263
2023-06-13 21:13:00+00:00,183.26,183.26,183.26,12,183.26,144,183.260729
2023-06-13 21:14:00+00:00,183.3,183.3,183.26,36,183.26,941,183.285622
2023-06-13 21:15:00+00:00,183.29,183.29,183.29,20,183.29,1354,183.287053
2023-06-13 21:17:00+00:00,183.2723,183.2723,183.2723,25,183.2723,162,183.276389
2023-06-13 21:18:00+00:00,183.3,183.3,183.27,31,183.27,1442,183.27932
2023-06-13 21:20:00+00:00,183.25,183.27,183.25,54,183.27,1723,183.258323
2023-06-13 21:21:00+00:00,183.26,183.26,183.26,26,183.26,2311,183.259186
2023-06-13 21:22:00+00:00,183.25,183.26,183.25,37,183.26,3358,183.257771
2023-06-13 21:24:00+00:00,183.28,183.28,183.2796,20,183.2796,441,183.270703
2023-06-13 21:26:00+00:00,183.26,183.28,183.26,24,183.2784,764,183.266928
2023-06-13 21:27:00+00:00,183.25,183.25,183.25,23,183.25,585,183.250333
2023-06-13 21:28:00+00:00,183.25,183.25,183.25,19,183.25,189,183.251508
2023-06-13 21:29:00+00:00,183.2612,183.2612,183.25,26,183.26,954,183.25334
2023-06-13 21:30:00+00:00,183.25,183.25,183.25,20,183.25,597,183.250385
2023-06-13 21:32:00+00:00,183.25,183.25,183.25,40,183.25,5226,183.250502
2023-06-13 21:33:00+00:00,183.25,183.25,183.25,21,183.25,1526,183.250039
2023-06-13 21:34:00+00:00,183.25,183.25,183.25,31,183.25,437,183.235927
2023-06-13 21:36:00+00:00,183.22,183.22,183.22,30,183.22,534,183.226517
2023-06-13 21:38:00+00:00,183.22,183.22,183.22,20,183.22,196,183.237449
2023-06-13 21:39:00+00:00,183.2412,183.2412,183.2412,18,183.2412,149,183.246141
2023-06-13 21:42:00+00:00,183.23,183.24,183.23,28,183.24,780,183.238115
2023-06-13 21:46:00+00:00,183.22,183.25,183.22,25,183.25,632,183.232294
2023-06-13 21:48:00+00:00,183.25,183.25,183.25,22,183.25,245,183.245347
2023-06-13 21:49:00+00:00,183.2432,183.2432,183.2432,20,183.2432,216,183.244838
2023-06-13 21:51:00+00:00,183.22,183.22,183.22,24,183.22,192,183.22888
2023-06-13 21:53:00+00:00,183.2203,183.2203,183.2203,21,183.2203,927,183.222146
2023-06-13 21:55:00+00:00,183.22,183.22,183.22,24,183.22,1383,183.221179
2023-06-13 21:56:00+00:00,183.25,183.25,183.25,21,183.25,243,183.236662
2023-06-13 21:57:00+00:00,183.22,183.22,183.22,13,183.22,213,183.228192
2023-06-13 21:58:00+00:00,183.23,183.23,183.23,55,183.23,456,183.226393
2023-06-13 22:00:00+00:00,183.22,183.22,183.22,34,183.22,2974,183.221296
2023-06-13 22:01:00+00:00,183.25,183.25,183.25,32,183.25,1721,183.249002
2023-06-13 22:02:00+00:00,183.23,183.25,183.23,33,183.25,2696,183.245178
2023-06-13 22:07:00+00:00,183.21,183.2386,183.21,31,183.2386,928,183.22924
2023-06-13 22:08:00+00:00,183.22,183.22,183.22,17,183.22,262,183.217748
2023-06-13 22:10:00+00:00,183.22,183.22,183.22,19,183.22,329,183.22
2023-06-13 22:11:00+00:00,183.24,183.24,183.24,11,183.24,210,183.229319
2023-06-13 22:12:00+00:00,183.22,183.22,183.22,17,183.22,1727,183.218909
2023-06-13 22:14:00+00:00,183.2001,183.22,183.2,23,183.22,755,183.206057
2023-06-13 22:15:00+00:00,183.2074,183.2074,183.2,39,183.2,3216,183.200686
2023-06-13 22:16:00+00:00,183.2,183.2,183.2,27,183.2,651,183.198226
2023-06-13 22:17:00+00:00,183.2127,183.2127,183.2127,38,183.2127,400,183.199263
2023-06-13 22:18:00+00:00,183.21,183.21,183.21,23,183.21,622,183.207998
2023-06-13 22:19:00+00:00,183.21,183.21,183.21,17,183.21,326,183.203528
2023-06-13 22:21:00+00:00,183.2,183.2,183.2,14,183.2,423,183.200355
2023-06-13 22:22:00+00:00,183.2152,183.2152,183.2149,23,183.2149,391,183.212597
2023-06-13 22:23:00+00:00,183.2001,183.2001,183.2001,31,183.2001,529,183.205359
2023-06-13 22:25:00+00:00,183.23,183.23,183.23,17,183.23,481,183.229366
2023-06-13 22:28:00+00:00,183.24,183.24,183.24,28,183.24,510,183.235206
2023-06-13 22:30:00+00:00,183.25,183.25,183.25,10,183.25,341,183.24978
2023-06-13 22:31:00+00:00,183.24,183.24,183.24,11,183.24,178,183.232584
2023-06-13 22:32:00+00:00,183.23,183.23,183.23,22,183.23,478,183.224404
2023-06-13 22:34:00+00:00,183.23,183.23,183.23,16,183.23,315,183.232794
2023-06-13 22:37:00+00:00,183.23,183.23,183.23,6,183.23,319,183.230031
2023-06-13 22:38:00+00:00,183.23,183.23,183.23,12,183.23,355,183.230986
2023-06-13 22:39:00+00:00,183.23,183.23,183.23,14,183.23,216,183.230671
2023-06-13 22:41:00+00:00,183.23,183.23,183.23,19,183.23,825,183.231285
2023-06-13 22:43:00+00:00,183.2499,183.2499,183.2499,21,183.2499,282,183.245823
2023-06-13 22:44:00+00:00,183.25,183.25,183.25,12,183.25,374,183.250053
2023-06-13 22:47:00+00:00,183.28,183.28,183.25,33,183.25,916,183.266064
2023-06-13 22:48:00+00:00,183.2421,183.2421,183.2421,10,183.2421,234,183.244183
2023-06-13 22:49:00+00:00,183.28,183.28,183.23,35,183.24,4393,183.23982
2023-06-13 22:50:00+00:00,183.28,183.28,183.28,19,183.28,244,183.259898
2023-06-13 22:52:00+00:00,183.26,183.26,183.26,11,183.26,177,183.255311
2023-06-13 22:53:00+00:00,183.26,183.26,183.26,19,183.26,671,183.259004
2023-06-13 23:04:00+00:00,183.26,183.26,183.26,9,183.26,199,183.258744
2023-06-13 23:05:00+00:00,183.23,183.23,183.23,11,183.23,137,183.236898
2023-06-13 23:09:00+00:00,183.23,183.23,183.23,17,183.23,278,183.230252
2023-06-13 23:11:00+00:00,183.22,183.22,183.22,12,183.22,286,183.224126
2023-06-13 23:12:00+00:00,183.25,183.25,183.25,12,183.25,170,183.247353
2023-06-13 23:13:00+00:00,183.22,183.22,183.22,25,183.22,484,183.221798
2023-06-13 23:14:00+00:00,183.22,183.22,183.22,19,183.22,431,183.217817
2023-06-13 23:15:00+00:00,183.2,183.21,183.2,34,183.21,2997,183.206935
2023-06-13 23:16:00+00:00,183.19,183.2,183.19,28,183.2,1439,183.199055
2023-06-13 23:18:00+00:00,183.2,183.2,183.2,18,183.2,699,183.198541
2023-06-13 23:19:00+00:00,183.18,183.18,183.18,24,183.18,1018,183.180452
2023-06-13 23:20:00+00:00,183.2,183.2,183.15,37,183.15,1486,183.185027
2023-06-13 23:21:00+00:00,183.2,183.2,183.2,21,183.2,506,183.198518
2023-06-13 23:22:00+00:00,183.2,183.2,183.15,25,183.2,1787,183.195173
2023-06-13 23:23:00+00:00,183.2,183.2,183.15,20,183.16,1170,183.177859
2023-06-13 23:24:00+00:00,183.2,183.2,183.2,17,183.2,394,183.19335
2023-06-13 23:25:00+00:00,183.22,183.22,183.22,14,183.22,325,183.207508
2023-06-13 23:26:00+00:00,183.2,183.2,183.16,36,183.2,10464,183.180825
2023-06-13 23:27:00+00:00,183.18,183.2,183.18,20,183.2,806,183.18928
2023-06-13 23:28:00+00:00,183.2,183.2,183.2,19,183.2,491,183.19055
2023-06-13 23:29:00+00:00,183.24,183.24,183.16,31,183.16,680,183.190118
2023-06-13 23:30:00+00:00,183.21,183.21,183.21,23,183.21,374,183.227727
2023-06-13 23:31:00+00:00,183.22,183.22,183.22,21,183.22,513,183.214055
2023-06-13 23:32:00+00:00,183.15,183.2,183.15,25,183.2,1923,183.175476
2023-06-13 23:36:00+00:00,183.17,183.17,183.17,17,183.17,644,183.170388
2023-06-13 23:40:00+00:00,183.2,183.2,183.19,19,183.19,1498,183.198732
2023-06-13 23:41:00+00:00,183.22,183.22,183.22,28,183.22,374,183.219358
2023-06-13 23:42:00+00:00,183.16,183.22,183.16,42,183.22,2232,183.19905
2023-06-13 23:47:00+00:00,183.15,183.15,183.15,13,183.15,249,183.153855
2023-06-13 23:50:00+00:00,183.13,183.13,183.13,40,183.13,716,183.130831
2023-06-13 23:51:00+00:00,183.1,183.1,183.1,26,183.1,808,183.10117
2023-06-13 23:52:00+00:00,183.1,183.1,183.06,21,183.06,858,183.074161
2023-06-13 23:53:00+00:00,183.07,183.07,183.07,39,183.07,2358,183.069003
2023-06-13 23:54:00+00:00,183.07,183.07,183.06,41,183.06,1008,183.068447
2023-06-13 23:55:00+00:00,183.1,183.1,183.09,23,183.09,1105,183.095149
2023-06-13 23:56:00+00:00,183.08,183.09,183.08,11,183.09,1148,183.089103
2023-06-13 23:57:00+00:00,183.08,183.08,183.08,15,183.08,498,183.085311
2023-06-13 23:58:00+00:00,183.08,183.08,183.08,10,183.08,550,183.080809
2023-06-13 23:59:00+00:00,183.0799,183.08,183.05,49,183.08,5492,183.061888
