timestamp,close,high,low,trade_count,open,volume,vwap
2023-03-17 08:00:00+00:00,155.95,155.95,155.83,79,155.83,844,155.929396
2023-03-17 08:02:00+00:00,156.0,156.0,156.0,43,156.0,600,156.00025
2023-03-17 08:04:00+00:00,156.04,156.04,156.04,46,156.04,646,156.081656
2023-03-17 08:06:00+00:00,156.1,156.11,156.1,34,156.11,510,156.110471
2023-03-17 08:08:00+00:00,156.11,156.11,156.11,42,156.11,1185,156.108473
2023-03-17 08:12:00+00:00,156.02,156.1,156.02,52,156.1,1220,156.080033
2023-03-17 08:14:00+00:00,156.13,156.13,156.02,28,156.02,1201,156.089317
2023-03-17 08:16:00+00:00,156.14,156.14,156.14,20,156.14,597,156.134054
2023-03-17 08:17:00+00:00,156.1,156.1,156.1,40,156.1,1193,156.086706
2023-03-17 08:27:00+00:00,156.15,156.15,156.15,18,156.15,654,156.146881
2023-03-17 08:28:00+00:00,156.21,156.21,156.19,37,156.19,769,156.196164
2023-03-17 08:31:00+00:00,156.2,156.2,156.2,18,156.2,514,156.201673
2023-03-17 08:32:00+00:00,156.15,156.2,156.15,51,156.2,1341,156.150798
2023-03-17 08:35:00+00:00,156.11,156.11,156.11,5,156.11,205,156.11
2023-03-17 08:38:00+00:00,156.26,156.26,156.22,55,156.22,1032,156.242684
2023-03-17 08:39:00+00:00,156.25,156.25,156.25,7,156.25,1079,156.250714
2023-03-17 08:44:00+00:00,156.11,156.11,156.11,5,156.11,805,156.110398
2023-03-17 08:47:00+00:00,156.16,156.16,156.16,33,156.16,851,156.156428
2023-03-17 08:48:00+00:00,156.08,156.11,156.04,43,156.04,2582,156.084469
2023-03-17 08:50:00+00:00,156.09,156.14,156.09,6,156.14,266,156.128271
2023-03-17 08:51:00+00:00,156.13,156.13,156.13,8,156.13,262,156.138092
2023-03-17 08:52:00+00:00,156.09,156.13,156.09,41,156.13,2291,156.105827
2023-03-17 08:53:00+00:00,156.02,156.02,156.01,30,156.01,1014,156.023018
2023-03-17 08:54:00+00:00,156.01,156.02,156.01,15,156.02,478,156.018996
2023-03-17 09:02:00+00:00,156.15,156.15,156.11,19,156.11,726,156.124711
2023-03-17 09:05:00+00:00,156.12,156.12,156.12,17,156.12,488,156.116127
2023-03-17 09:08:00+00:00,156.16,156.16,156.16,25,156.16,814,156.158624
2023-03-17 09:11:00+00:00,156.01,156.01,156.01,24,156.01,1190,156.003908
2023-03-17 09:13:00+00:00,155.86,155.88,155.85,38,155.88,2037,155.861492
2023-03-17 09:14:00+00:00,155.85,155.99,155.85,21,155.99,1208,155.923493
2023-03-17 09:15:00+00:00,155.85,155.85,155.85,14,155.85,451,155.85918
2023-03-17 09:23:00+00:00,156.03,156.03,156.02,13,156.02,332,156.024127
2023-03-17 09:24:00+00:00,156.08,156.08,156.08,10,156.08,240,156.074375
2023-03-17 09:25:00+00:00,156.06,156.06,156.06,5,156.06,200,156.0657
2023-03-17 09:31:00+00:00,156.12,156.15,156.12,10,156.15,294,156.132517
2023-03-17 09:33:00+00:00,156.15,156.15,156.11,13,156.11,1015,156.11732
2023-03-17 09:42:00+00:00,156.1,156.1,156.1,7,156.1,203,156.100099
2023-03-17 09:44:00+00:00,156.08,156.09,156.08,19,156.09,639,156.082347
2023-03-17 09:46:00+00:00,156.01,156.01,156.01,10,156.01,193,156.013057
2023-03-17 09:53:00+00:00,156.03,156.04,156.03,11,156.04,444,156.035135
2023-03-17 09:54:00+00:00,156.1,156.1,156.05,39,156.05,1097,156.068113
2023-03-17 09:56:00+00:00,156.05,156.05,156.05,15,156.05,313,156.049265
2023-03-17 10:00:00+00:00,156.12,156.12,156.11,5,156.11,340,156.113824
2023-03-17 10:01:00+00:00,156.09,156.09,156.09,9,156.09,220,156.097045
2023-03-17 10:02:00+00:00,156.06,156.06,156.06,16,156.06,724,156.060193
2023-03-17 10:07:00+00:00,156.05,156.05,156.05,5,156.05,143,156.055734
2023-03-17 10:10:00+00:00,156.05,156.05,156.05,19,156.05,569,156.048471
2023-03-17 10:11:00+00:00,156.01,156.02,156.01,25,156.02,831,156.019964
2023-03-17 10:12:00+00:00,156.0,156.01,156.0,42,156.01,1621,156.000617
2023-03-17 10:14:00+00:00,155.91,155.92,155.91,30,155.92,1166,155.914889
2023-03-17 10:19:00+00:00,155.94,155.94,155.94,7,155.94,278,155.946079
2023-03-17 10:20:00+00:00,155.94,155.94,155.94,22,155.94,485,155.935588
2023-03-17 10:21:00+00:00,155.97,156.0,155.97,46,155.97,2122,155.994585
2023-03-17 10:28:00+00:00,156.0,156.03,156.0,15,156.03,459,156.006558
2023-03-17 10:30:00+00:00,156.0,156.0,156.0,18,156.0,744,156.010793
2023-03-17 10:33:00+00:00,156.0,156.0,155.99,14,155.99,478,155.993096
2023-03-17 10:36:00+00:00,156.03,156.03,156.03,14,156.03,437,156.024577
2023-03-17 10:42:00+00:00,156.02,156.03,156.02,17,156.03,400,156.027425
2023-03-17 10:50:00+00:00,156.05,156.05,156.05,51,156.05,1050,156.046686
2023-03-17 10:54:00+00:00,156.14,156.14,156.14,6,156.14,198,156.142172
2023-03-17 10:55:00+00:00,156.12,156.12,156.12,7,156.12,306,156.120458
2023-03-17 10:56:00+00:00,156.13,156.13,156.13,5,156.13,211,156.124929
2023-03-17 10:59:00+00:00,156.06,156.06,156.06,20,156.06,507,156.046726
2023-03-17 11:00:00+00:00,155.92,156.06,155.86,255,156.0,6964,155.948762
2023-03-17 11:01:00+00:00,156.03,156.03,155.97,71,155.97,4718,155.992391
2023-03-17 11:02:00+00:00,156.04,156.04,156.03,72,156.04,2640,156.03708
2023-03-17 11:05:00+00:00,156.03,156.03,156.03,48,156.03,3372,156.033102
2023-03-17 11:09:00+00:00,156.03,156.05,156.03,35,156.04,1493,156.040315
2023-03-17 11:10:00+00:00,156.0,156.0,156.0,38,156.0,783,155.979796
2023-03-17 11:11:00+00:00,156.05,156.05,155.91,62,155.91,4192,155.994296
2023-03-17 11:12:00+00:00,156.0,156.0,156.0,19,156.0,515,156.004602
2023-03-17 11:13:00+00:00,156.05,156.05,156.0,64,156.0,2044,156.021727
2023-03-17 11:14:00+00:00,156.05,156.05,156.05,41,156.05,1831,156.050748
2023-03-17 11:15:00+00:00,156.0,156.02,156.0,32,156.02,954,156.011237
2023-03-17 11:16:00+00:00,155.98,156.0,155.98,16,156.0,781,155.978643
2023-03-17 11:19:00+00:00,155.94,155.95,155.94,39,155.95,1829,155.940137
2023-03-17 11:22:00+00:00,155.9,155.92,155.9,19,155.92,523,155.908948
2023-03-17 11:23:00+00:00,155.92,155.92,155.92,16,155.92,353,155.917649
2023-03-17 11:24:00+00:00,156.0,156.0,156.0,72,156.0,2502,155.978129
2023-03-17 11:26:00+00:00,155.95,155.95,155.95,21,155.95,723,155.945602
2023-03-17 11:27:00+00:00,155.98,155.98,155.95,18,155.95,541,155.966506
2023-03-17 11:28:00+00:00,155.88,155.94,155.88,64,155.94,2400,155.913188
2023-03-17 11:29:00+00:00,155.85,155.89,155.85,62,155.89,3106,155.86906
2023-03-17 11:32:00+00:00,155.87,155.87,155.87,8,155.87,330,155.867606
2023-03-17 11:33:00+00:00,155.86,155.86,155.86,12,155.86,316,155.861962
2023-03-17 11:34:00+00:00,155.89,155.89,155.85,29,155.86,1039,155.877738
2023-03-17 11:35:00+00:00,155.85,155.85,155.85,33,155.85,2262,155.850663
2023-03-17 11:36:00+00:00,155.8,155.85,155.8,125,155.85,10816,155.81534
2023-03-17 11:37:00+00:00,155.82,155.82,155.8,51,155.81,2225,155.81404
2023-03-17 11:38:00+00:00,155.77,155.78,155.77,54,155.78,2046,155.772869
2023-03-17 11:39:00+00:00,155.78,155.78,155.76,38,155.78,1508,155.77376
2023-03-17 11:40:00+00:00,155.82,155.82,155.78,77,155.78,8161,155.799783
2023-03-17 11:41:00+00:00,155.82,155.82,155.82,38,155.82,1318,155.819469
2023-03-17 11:42:00+00:00,155.82,155.82,155.8,33,155.8,1320,155.80772
2023-03-17 11:43:00+00:00,155.82,155.82,155.8,26,155.8,702,155.810997
2023-03-17 11:44:00+00:00,155.95,155.97,155.84,66,155.84,2617,155.907723
2023-03-17 11:45:00+00:00,155.94,155.94,155.94,9,155.94,329,155.931702
2023-03-17 11:46:00+00:00,155.98,155.99,155.98,30,155.99,780,155.969795
2023-03-17 11:48:00+00:00,155.97,155.97,155.97,15,155.97,202,155.964653
2023-03-17 11:49:00+00:00,155.96,155.96,155.96,24,155.96,585,155.958923
2023-03-17 11:50:00+00:00,155.95,155.95,155.95,4,155.95,162,155.950432
2023-03-17 11:51:00+00:00,155.97,155.97,155.97,14,155.97,379,155.964776
2023-03-17 11:52:00+00:00,155.99,155.99,155.97,13,155.97,606,155.975908
2023-03-17 11:53:00+00:00,156.13,156.13,155.99,108,155.99,5781,156.031998
2023-03-17 11:55:00+00:00,156.08,156.08,156.08,22,156.08,540,156.077185
2023-03-17 11:57:00+00:00,156.11,156.11,156.11,25,156.11,296,156.100473
2023-03-17 11:58:00+00:00,156.06,156.06,156.06,44,156.06,2151,156.059303
2023-03-17 11:59:00+00:00,156.08,156.08,156.03,33,156.03,3472,156.068589
2023-03-17 12:00:00+00:00,156.16,156.19,155.74,558,156.0009,57875,155.977889
2023-03-17 12:01:00+00:00,156.0,156.16,156.0,778,156.16,18931,156.050364
2023-03-17 12:02:00+00:00,156.12,156.12,156.0,276,156.05,3112,156.042307
2023-03-17 12:03:00+00:00,156.04,156.05,156.0,66,156.02,3423,156.028333
2023-03-17 12:04:00+00:00,155.98,156.0799,155.98,42,156.0799,4073,156.053155
2023-03-17 12:05:00+00:00,156.02,156.03,156.02,22,156.03,469,156.024536
2023-03-17 12:07:00+00:00,155.98,156.01,155.98,47,156.01,1066,155.993424
2023-03-17 12:08:00+00:00,156.01,156.03,156.0,38,156.0,1757,156.01366
2023-03-17 12:09:00+00:00,156.0,156.0,156.0,21,156.0,522,155.989275
2023-03-17 12:10:00+00:00,155.96,156.02,155.96,33,156.0,1617,156.001368
2023-03-17 12:11:00+00:00,155.94,155.99,155.93,45,155.99,2067,155.950929
2023-03-17 12:13:00+00:00,155.9001,155.93,155.9001,30,155.9196,904,155.920631
2023-03-17 12:14:00+00:00,155.9001,155.9101,155.9,30,155.9,969,155.902872
2023-03-17 12:15:00+00:00,156.01,156.04,155.9,68,155.9,2827,155.982307
2023-03-17 12:16:00+00:00,156.0799,156.0799,155.9265,87,156.01,2343,156.051612
2023-03-17 12:17:00+00:00,156.0,156.05,156.0,43,156.04,1932,156.032528
2023-03-17 12:18:00+00:00,155.96,156.01,155.96,39,156.01,2068,155.990637
2023-03-17 12:19:00+00:00,155.94,155.99,155.92,35,155.99,3444,155.936111
2023-03-17 12:20:00+00:00,155.8,155.92,155.8,106,155.92,3182,155.845074
2023-03-17 12:21:00+00:00,155.71,155.73,155.7,168,155.71,11264,155.714933
2023-03-17 12:22:00+00:00,155.51,155.7,155.51,119,155.63,3366,155.59664
2023-03-17 12:23:00+00:00,155.46,155.54,155.44,160,155.5,14217,155.480249
2023-03-17 12:24:00+00:00,155.5,155.55,155.46,150,155.46,11651,155.503851
2023-03-17 12:25:00+00:00,155.57,155.57,155.48,73,155.5067,4540,155.5471
2023-03-17 12:26:00+00:00,155.5,155.626,155.5,82,155.626,5941,155.533875
2023-03-17 12:27:00+00:00,155.419,155.48,155.36,211,155.48,17103,155.40984
2023-03-17 12:28:00+00:00,155.36,155.44,155.36,103,155.37,6114,155.386302
2023-03-17 12:29:00+00:00,155.36,155.44,155.36,114,155.44,6105,155.39914
2023-03-17 12:30:00+00:00,155.424,155.424,155.36,118,155.36,3915,155.405402
2023-03-17 12:31:00+00:00,155.53,155.53,155.47,64,155.5,2273,155.49641
2023-03-17 12:32:00+00:00,155.65,155.65,155.52,80,155.52,3388,155.559875
2023-03-17 12:33:00+00:00,155.59,155.61,155.59,49,155.61,1442,155.628444
2023-03-17 12:34:00+00:00,155.5,155.56,155.5,145,155.56,9503,155.533026
2023-03-17 12:35:00+00:00,155.37,155.47,155.37,84,155.47,5290,155.439446
2023-03-17 12:36:00+00:00,155.4,155.42,155.38,123,155.4,5085,155.403182
2023-03-17 12:37:00+00:00,155.37,155.37,155.34,81,155.37,3625,155.349755
2023-03-17 12:38:00+00:00,155.4,155.46,155.38,149,155.39,7502,155.414859
2023-03-17 12:39:00+00:00,155.37,155.3901,155.35,69,155.3901,4760,155.378099
2023-03-17 12:40:00+00:00,155.36,155.37,155.36,63,155.37,2150,155.38574
2023-03-17 12:41:00+00:00,155.51,155.51,155.4,84,155.4,3091,155.444928
2023-03-17 12:42:00+00:00,155.5,155.51,155.5,82,155.5,2403,155.500258
2023-03-17 12:43:00+00:00,155.45,155.46,155.45,63,155.45,1539,155.442852
2023-03-17 12:44:00+00:00,155.39,155.47,155.37,60,155.37,1751,155.403007
2023-03-17 12:45:00+00:00,155.43,155.47,155.43,62,155.45,2735,155.452833
2023-03-17 12:46:00+00:00,155.4,155.43,155.4,83,155.43,2914,155.43511
2023-03-17 12:48:00+00:00,155.46,155.5,155.46,86,155.46,3157,155.468046
2023-03-17 12:49:00+00:00,155.3403,155.42,155.3403,107,155.4,3456,155.383467
2023-03-17 12:50:00+00:00,155.38,155.38,155.3,179,155.34,6134,155.345409
2023-03-17 12:51:00+00:00,155.51,155.53,155.4,115,155.4,3202,155.487015
2023-03-17 12:52:00+00:00,155.54,155.58,155.5,112,155.51,6862,155.529261
2023-03-17 12:53:00+00:00,155.71,155.76,155.56,221,155.61,10475,155.648506
2023-03-17 12:54:00+00:00,155.8,155.8,155.71,136,155.71,8215,155.741317
2023-03-17 12:55:00+00:00,155.75,155.77,155.7101,70,155.77,3348,155.737064
2023-03-17 12:56:00+00:00,155.75,155.75,155.72,81,155.72,6072,155.743333
2023-03-17 12:57:00+00:00,155.71,155.79,155.71,148,155.77,20287,155.751256
2023-03-17 12:58:00+00:00,155.73,155.7778,155.71,89,155.74,6843,155.717576
2023-03-17 12:59:00+00:00,155.74,155.74,155.71,84,155.72,8862,155.716823
2023-03-17 13:00:00+00:00,155.77,155.8,155.76,67,155.76,2524,155.784311
2023-03-17 13:01:00+00:00,155.8,155.8,155.76,79,155.78,2653,155.773548
2023-03-17 13:02:00+00:00,155.81,155.81,155.78,56,155.79,2016,155.788897
2023-03-17 13:03:00+00:00,155.84,155.85,155.8,138,155.8,17530,155.837631
2023-03-17 13:04:00+00:00,155.84,155.85,155.84,99,155.85,2993,155.844323
2023-03-17 13:05:00+00:00,155.85,155.86,155.84,66,155.84,2761,155.846952
2023-03-17 13:06:00+00:00,155.8,155.87,155.8,156,155.85,10646,155.833901
2023-03-17 13:07:00+00:00,155.86,155.89,155.82,234,155.85,14036,155.860551
2023-03-17 13:08:00+00:00,155.86,155.87,155.85,102,155.86,8445,155.86294
2023-03-17 13:09:00+00:00,155.96,156.0,155.86,225,155.86,17355,155.936175
2023-03-17 13:10:00+00:00,156.09,156.09,155.97,225,155.97,7927,156.024902
2023-03-17 13:11:00+00:00,156.02,156.09,156.0,124,156.09,7261,156.067806
2023-03-17 13:12:00+00:00,156.05,156.07,156.03,90,156.05,6658,156.045138
2023-03-17 13:13:00+00:00,156.0,156.09,156.0,147,156.07,4168,156.034457
2023-03-17 13:14:00+00:00,156.0,156.02,155.96,92,156.02,3174,155.998027
2023-03-17 13:15:00+00:00,155.975,156.04,155.95,80,156.0385,2857,156.003209
2023-03-17 13:16:00+00:00,155.9,155.95,155.9,74,155.9,1976,155.909623
2023-03-17 13:17:00+00:00,155.89,155.93,155.83,129,155.91,4230,155.869036
2023-03-17 13:18:00+00:00,155.86,155.89,155.86,44,155.89,1472,155.883625
2023-03-17 13:19:00+00:00,155.85,155.86,155.85,56,155.86,1920,155.855481
2023-03-17 13:20:00+00:00,155.91,155.94,155.85,124,155.88,11680,155.884926
2023-03-17 13:21:00+00:00,155.9697,155.9697,155.87,78,155.9,5318,155.907141
2023-03-17 13:22:00+00:00,155.94,155.94,155.86,100,155.86,5725,155.91707
2023-03-17 13:23:00+00:00,155.94,155.95,155.9,95,155.94,4392,155.934936
2023-03-17 13:24:00+00:00,156.06,156.06,155.94,114,155.94,6419,155.995927
2023-03-17 13:25:00+00:00,156.52,156.88,156.03,2419,156.03,260431,156.537321
2023-03-17 13:26:00+00:00,156.5,156.58,156.36,456,156.54,45043,156.452283
2023-03-17 13:27:00+00:00,156.4,156.74,156.36,708,156.48,94468,156.556713
2023-03-17 13:28:00+00:00,156.53,156.8,156.28,684,156.35,92998,156.524319
2023-03-17 13:29:00+00:00,155.93,156.6,155.89,866,156.6,226748,156.109331
2023-03-17 13:30:00+00:00,155.495,156.31,155.25,9486,156.08,28172140,156.145338
2023-03-17 13:31:00+00:00,155.605,155.87,155.3104,3525,155.48,1693023,156.036495
2023-03-17 13:32:00+00:00,155.75,156.05,155.55,3205,155.605,327774,155.845167
2023-03-17 13:33:00+00:00,155.56,156.03,155.52,2563,155.76,251274,155.774426
2023-03-17 13:34:00+00:00,155.35,155.7,155.3,2137,155.59,239931,155.504735
2023-03-17 13:35:00+00:00,155.16,155.44,155.079,2971,155.32,313283,155.256182
2023-03-17 13:36:00+00:00,155.49,155.5,155.08,2431,155.16,254240,155.283764
2023-03-17 13:37:00+00:00,155.39,155.6313,155.28,2394,155.48,242881,155.451624
2023-03-17 13:38:00+00:00,155.57,155.7,155.25,2518,155.3913,272037,155.499278
2023-03-17 13:39:00+00:00,155.89,155.9,155.35,2390,155.56,233925,155.603687
2023-03-17 13:40:00+00:00,155.74,156.03,155.73,2898,155.89,295070,155.888563
2023-03-17 13:41:00+00:00,155.5013,155.75,155.46,2079,155.7268,208144,155.628328
2023-03-17 13:42:00+00:00,155.37,155.58,155.34,2332,155.51,255779,155.487476
2023-03-17 13:43:00+00:00,155.36,155.41,155.21,2449,155.38,258889,155.324219
2023-03-17 13:44:00+00:00,155.67,155.77,155.36,2121,155.39,233227,155.533238
2023-03-17 13:45:00+00:00,155.545,155.78,155.5224,2080,155.68,214975,155.666931
2023-03-17 13:46:00+00:00,155.45,155.56,155.395,1769,155.5425,169972,155.486372
2023-03-17 13:47:00+00:00,155.3245,155.44,155.23,2102,155.44,189172,155.318809
2023-03-17 13:48:00+00:00,155.35,155.51,155.32,1551,155.34,165186,155.428335
2023-03-17 13:49:00+00:00,155.32,155.4268,155.22,1646,155.36,155214,155.330701
2023-03-17 13:50:00+00:00,155.4573,155.57,155.32,1940,155.32,175742,155.444257
2023-03-17 13:51:00+00:00,155.63,155.765,155.34,2078,155.455,231488,155.605766
2023-03-17 13:52:00+00:00,155.735,155.82,155.61,2025,155.63,215923,155.731125
2023-03-17 13:53:00+00:00,155.56,155.85,155.53,1904,155.74,209406,155.724114
2023-03-17 13:54:00+00:00,155.4601,155.81,155.46,3234,155.545,323123,155.611092
2023-03-17 13:55:00+00:00,155.52,155.5399,155.3,1856,155.47,225855,155.436672
2023-03-17 13:56:00+00:00,155.66,155.6999,155.5,1828,155.54,189499,155.585372
2023-03-17 13:57:00+00:00,155.795,155.9,155.66,2044,155.66,238499,155.8026
2023-03-17 13:58:00+00:00,155.83,155.86,155.71,1281,155.8,124494,155.775059
2023-03-17 13:59:00+00:00,155.81,155.87,155.64,1875,155.84,229584,155.740997
2023-03-17 14:00:00+00:00,156.02,156.06,155.81,4454,155.81,539506,155.968726
2023-03-17 14:01:00+00:00,156.1199,156.22,155.96,2780,156.01,331367,156.099787
2023-03-17 14:02:00+00:00,156.28,156.3,156.11,2719,156.11,233850,156.203973
2023-03-17 14:03:00+00:00,156.5918,156.6,156.25,3526,156.27,373215,156.455957
2023-03-17 14:04:00+00:00,156.68,156.74,156.45,3633,156.6,368704,156.610985
2023-03-17 14:05:00+00:00,156.462,156.73,156.45,2332,156.69,238690,156.560313
2023-03-17 14:06:00+00:00,156.6,156.63,156.41,1627,156.462,180567,156.514541
2023-03-17 14:07:00+00:00,156.58,156.6499,156.51,1765,156.6,194971,156.583109
2023-03-17 14:08:00+00:00,156.59,156.7199,156.53,1810,156.59,170259,156.61831
2023-03-17 14:09:00+00:00,156.51,156.6399,156.4539,1636,156.59,156812,156.537728
2023-03-17 14:10:00+00:00,156.275,156.51,156.1601,2353,156.51,264604,156.309281
2023-03-17 14:11:00+00:00,156.285,156.34,156.05,1889,156.2782,191669,156.205666
2023-03-17 14:12:00+00:00,156.19,156.3299,156.14,1364,156.28,135770,156.227656
2023-03-17 14:13:00+00:00,156.29,156.3259,156.13,1395,156.1905,131700,156.250288
2023-03-17 14:14:00+00:00,156.18,156.33,156.15,1437,156.29,138996,156.233361
2023-03-17 14:15:00+00:00,155.99,156.34,155.96,2081,156.18,189596,156.137715
2023-03-17 14:16:00+00:00,155.97,156.15,155.95,1629,155.97,160749,156.069964
2023-03-17 14:17:00+00:00,156.07,156.29,155.91,2017,155.985,196908,156.167378
2023-03-17 14:18:00+00:00,155.63,156.075,155.61,2132,156.075,220727,155.81286
2023-03-17 14:19:00+00:00,155.4332,155.67,155.32,2346,155.63,232978,155.467135
2023-03-17 14:20:00+00:00,155.33,155.555,155.26,1672,155.4496,177872,155.400035
2023-03-17 14:21:00+00:00,155.27,155.36,155.2,1815,155.34,185798,155.287469
2023-03-17 14:22:00+00:00,155.13,155.3285,155.06,2100,155.27,208821,155.196796
2023-03-17 14:23:00+00:00,155.18,155.19,154.88,3349,155.12,323440,155.020656
2023-03-17 14:24:00+00:00,155.12,155.21,154.93,2471,155.19,221496,155.079379
2023-03-17 14:25:00+00:00,155.3288,155.33,155.04,1692,155.115,188906,155.222812
2023-03-17 14:26:00+00:00,155.09,155.3527,154.96,3140,155.32,302606,155.182719
2023-03-17 14:27:00+00:00,155.0593,155.14,154.94,1826,155.08,191796,155.044107
2023-03-17 14:28:00+00:00,155.15,155.15,154.97,1356,155.05,136217,155.046934
2023-03-17 14:29:00+00:00,155.12,155.3,155.01,2191,155.15,191461,155.148856
2023-03-17 14:30:00+00:00,155.25,155.42,155.02,2037,155.13,210652,155.274765
2023-03-17 14:31:00+00:00,155.4,155.43,155.21,1279,155.25,123488,155.375228
2023-03-17 14:32:00+00:00,155.23,155.5,155.18,2381,155.41,235938,155.367612
2023-03-17 14:33:00+00:00,155.12,155.33,155.09,1837,155.23,158901,155.224726
2023-03-17 14:34:00+00:00,154.9789,155.13,154.89,2904,155.12,290697,155.012363
2023-03-17 14:35:00+00:00,154.65,154.9899,154.6,2710,154.9899,266623,154.782284
2023-03-17 14:36:00+00:00,154.755,154.8389,154.64,2205,154.65,251295,154.729198
2023-03-17 14:37:00+00:00,154.9869,155.0,154.74,1457,154.755,136026,154.862211
2023-03-17 14:38:00+00:00,155.14,155.14,154.94,1285,154.97,126943,155.05603
2023-03-17 14:39:00+00:00,155.14,155.22,155.01,1542,155.13,157522,155.129904
2023-03-17 14:40:00+00:00,154.855,155.18,154.825,1631,155.13,161987,154.982124
2023-03-17 14:41:00+00:00,154.97,155.115,154.78,1357,154.84,135233,154.963799
2023-03-17 14:42:00+00:00,154.99,155.02,154.86,1035,154.96,101066,154.953402
2023-03-17 14:43:00+00:00,154.9801,155.0,154.82,1243,154.985,102233,154.943646
2023-03-17 14:44:00+00:00,154.68,155.02,154.64,1502,154.99,154267,154.804063
2023-03-17 14:45:00+00:00,154.5299,154.71,154.505,1589,154.67,138076,154.597268
2023-03-17 14:46:00+00:00,154.66,154.6699,154.4201,1961,154.52,202242,154.510978
2023-03-17 14:47:00+00:00,154.83,154.84,154.55,1379,154.65,130146,154.692263
2023-03-17 14:48:00+00:00,154.8512,154.87,154.7,1375,154.84,132993,154.790703
2023-03-17 14:49:00+00:00,154.9941,155.01,154.81,1197,154.84,113281,154.917401
2023-03-17 14:50:00+00:00,155.0609,155.09,154.935,1530,154.99,184139,155.015533
2023-03-17 14:51:00+00:00,154.9501,155.14,154.9218,1753,155.065,171767,155.064744
2023-03-17 14:52:00+00:00,154.69,154.98,154.66,1357,154.96,141103,154.800796
2023-03-17 14:53:00+00:00,154.84,154.88,154.64,1305,154.69,122862,154.747542
2023-03-17 14:54:00+00:00,154.79,154.9,154.77,1022,154.82,87167,154.827831
2023-03-17 14:55:00+00:00,154.67,154.85,154.65,1121,154.8,89405,154.765311
2023-03-17 14:56:00+00:00,154.95,154.95,154.67,1111,154.67,203343,154.807504
2023-03-17 14:57:00+00:00,155.08,155.1,154.9,1129,154.95,127252,155.034805
2023-03-17 14:58:00+00:00,155.1901,155.2,155.0644,1337,155.0644,129844,155.132101
2023-03-17 14:59:00+00:00,155.04,155.21,155.02,2027,155.19,193058,155.11505
2023-03-17 15:00:00+00:00,154.805,155.12,154.76,2075,155.05,198428,154.961772
2023-03-17 15:01:00+00:00,154.895,154.965,154.78,1143,154.8,129967,154.873695
2023-03-17 15:02:00+00:00,154.98,154.98,154.87,726,154.89,55012,154.927357
2023-03-17 15:03:00+00:00,154.78,154.99,154.78,996,154.97,99615,154.879897
2023-03-17 15:04:00+00:00,154.98,155.0,154.75,1232,154.78,139275,154.89521
2023-03-17 15:05:00+00:00,154.8,155.02,154.79,958,155.01,125400,154.85853
2023-03-17 15:06:00+00:00,154.87,154.95,154.7,1116,154.795,132773,154.796401
2023-03-17 15:07:00+00:00,155.08,155.1,154.85,1175,154.87,141303,154.979819
2023-03-17 15:08:00+00:00,155.1101,155.1321,155.01,1179,155.07,118222,155.080534
2023-03-17 15:09:00+00:00,155.02,155.1858,154.99,1197,155.12,113356,155.085683
2023-03-17 15:10:00+00:00,154.95,155.02,154.94,801,155.02,59480,154.979351
2023-03-17 15:11:00+00:00,154.85,154.98,154.85,747,154.959,63667,154.916963
2023-03-17 15:12:00+00:00,154.975,155.1,154.86,943,154.86,84158,154.986593
2023-03-17 15:13:00+00:00,155.12,155.18,154.975,1015,154.9799,99909,155.086573
2023-03-17 15:14:00+00:00,155.06,155.12,154.98,989,155.12,106485,155.048521
2023-03-17 15:15:00+00:00,155.1785,155.19,154.9907,1180,155.06,151923,155.099824
2023-03-17 15:16:00+00:00,155.25,155.37,155.16,1580,155.17,222047,155.210714
2023-03-17 15:17:00+00:00,155.17,155.3,155.1216,1030,155.25,107671,155.214001
2023-03-17 15:18:00+00:00,155.19,155.21,155.1464,811,155.19,68566,155.177013
2023-03-17 15:19:00+00:00,155.22,155.22,155.08,1233,155.2,102938,155.151532
2023-03-17 15:20:00+00:00,155.2212,155.3269,155.22,963,155.22,71992,155.270559
2023-03-17 15:21:00+00:00,155.15,155.29,155.14,1137,155.2216,91070,155.19596
2023-03-17 15:22:00+00:00,154.9453,155.15,154.89,1362,155.14,130733,155.018849
2023-03-17 15:23:00+00:00,154.6,154.95,154.6,2072,154.95,219047,154.746471
2023-03-17 15:24:00+00:00,154.505,154.6898,154.49,1337,154.61,139527,154.56691
2023-03-17 15:25:00+00:00,154.3301,154.54,154.285,2031,154.51,207243,154.390808
2023-03-17 15:26:00+00:00,154.418,154.465,154.28,1569,154.34,166069,154.363972
2023-03-17 15:27:00+00:00,154.5701,154.6,154.38,1361,154.4175,157762,154.45304
2023-03-17 15:28:00+00:00,154.62,154.68,154.54,1057,154.5701,86284,154.603137
2023-03-17 15:29:00+00:00,154.665,154.7,154.525,941,154.63,91083,154.617009
2023-03-17 15:30:00+00:00,154.7,154.77,154.645,1124,154.68,103345,154.718478
2023-03-17 15:31:00+00:00,154.66,154.75,154.62,981,154.71,90226,154.67976
2023-03-17 15:32:00+00:00,154.8,154.8075,154.645,1002,154.655,83881,154.747143
2023-03-17 15:33:00+00:00,154.885,154.98,154.73,1229,154.79,116289,154.859106
2023-03-17 15:34:00+00:00,154.98,155.01,154.8692,907,154.9,72581,154.939746
2023-03-17 15:35:00+00:00,154.9,154.99,154.875,879,154.97,102403,154.923385
2023-03-17 15:36:00+00:00,154.77,154.92,154.74,1121,154.9,119030,154.844484
2023-03-17 15:37:00+00:00,154.725,154.85,154.68,1135,154.77,102514,154.758637
2023-03-17 15:38:00+00:00,154.66,154.7391,154.63,928,154.725,80666,154.684232
2023-03-17 15:39:00+00:00,154.55,154.65,154.49,1127,154.65,98815,154.556122
2023-03-17 15:40:00+00:00,154.56,154.61,154.51,891,154.55,78380,154.558125
2023-03-17 15:41:00+00:00,154.56,154.6,154.49,819,154.56,63819,154.561837
2023-03-17 15:42:00+00:00,154.59,154.61,154.5401,752,154.56,58076,154.580729
2023-03-17 15:43:00+00:00,154.4187,154.59,154.38,1585,154.59,152274,154.473659
2023-03-17 15:44:00+00:00,154.59,154.61,154.41,1105,154.42,101800,154.515617
2023-03-17 15:45:00+00:00,154.69,154.82,154.57,1335,154.59,141679,154.695632
2023-03-17 15:46:00+00:00,154.76,154.7841,154.65,815,154.6897,68394,154.726041
2023-03-17 15:47:00+00:00,154.76,154.8,154.66,839,154.75,76074,154.725581
2023-03-17 15:48:00+00:00,154.86,154.88,154.75,1073,154.75,94534,154.809841
2023-03-17 15:49:00+00:00,154.9101,154.97,154.84,1071,154.85,105409,154.901588
2023-03-17 15:50:00+00:00,154.95,154.966,154.87,1992,154.92,98586,154.912753
2023-03-17 15:51:00+00:00,154.85,154.97,154.85,2926,154.938,72325,154.909438
2023-03-17 15:52:00+00:00,154.88,154.8999,154.79,2880,154.85,78939,154.843263
2023-03-17 15:53:00+00:00,154.815,154.9,154.77,2963,154.8785,79784,154.848063
2023-03-17 15:54:00+00:00,154.79,154.85,154.77,2889,154.84,80377,154.803512
2023-03-17 15:55:00+00:00,155.01,155.01,154.76,3501,154.785,124886,154.893848
2023-03-17 15:56:00+00:00,155.03,155.07,154.9301,3304,155.01,122534,155.003149
2023-03-17 15:57:00+00:00,155.01,155.13,154.965,3486,155.04,144230,155.062216
2023-03-17 15:58:00+00:00,155.08,155.118,154.925,3165,155.0,112263,155.01524
2023-03-17 15:59:00+00:00,155.05,155.08,154.97,2769,155.07,62095,155.024795
2023-03-17 16:00:00+00:00,155.06,155.11,154.99,3569,155.06,134729,155.058996
2023-03-17 16:01:00+00:00,155.13,155.17,155.0,3060,155.06,94117,155.067602
2023-03-17 16:02:00+00:00,155.0901,155.125,155.05,2735,155.12,69201,155.091751
2023-03-17 16:03:00+00:00,155.175,155.21,155.0288,2987,155.08,122800,155.130034
2023-03-17 16:04:00+00:00,155.08,155.21,155.01,3176,155.17,115692,155.118951
2023-03-17 16:05:00+00:00,154.9865,155.09,154.97,2894,155.07,118938,155.023394
2023-03-17 16:06:00+00:00,155.09,155.1,154.9,2909,154.985,106763,155.013593
2023-03-17 16:07:00+00:00,155.1699,155.28,155.02,3314,155.09,150717,155.170666
2023-03-17 16:08:00+00:00,155.2765,155.31,155.13,3131,155.17,99770,155.246417
2023-03-17 16:09:00+00:00,155.36,155.4,155.28,3039,155.28,87225,155.344713
2023-03-17 16:10:00+00:00,155.2897,155.3761,155.23,2967,155.369,94867,155.283627
2023-03-17 16:11:00+00:00,155.175,155.3343,155.15,3092,155.285,102193,155.217458
2023-03-17 16:12:00+00:00,155.29,155.3,155.17,2766,155.17,75083,155.229971
2023-03-17 16:13:00+00:00,155.21,155.3,155.15,2912,155.29,76786,155.216588
2023-03-17 16:14:00+00:00,155.2,155.2801,155.2,2721,155.22,68008,155.236758
2023-03-17 16:15:00+00:00,155.185,155.23,155.15,2744,155.2,79594,155.189431
2023-03-17 16:16:00+00:00,155.23,155.26,155.14,2887,155.19,89054,155.201343
2023-03-17 16:17:00+00:00,155.25,155.37,155.19,3159,155.23,118070,155.275162
2023-03-17 16:18:00+00:00,155.14,155.29,155.09,2904,155.25,93562,155.169028
2023-03-17 16:19:00+00:00,155.1,155.15,155.015,3147,155.13,101762,155.08609
2023-03-17 16:20:00+00:00,155.135,155.21,155.09,1989,155.1,57799,155.162471
2023-03-17 16:21:00+00:00,154.98,155.1307,154.972,1069,155.13,101259,155.055955
2023-03-17 16:22:00+00:00,155.08,155.12,154.94,973,154.985,94471,155.038936
2023-03-17 16:23:00+00:00,155.09,155.1,155.0,744,155.07,75771,155.055655
2023-03-17 16:24:00+00:00,155.07,155.13,155.04,547,155.08,44282,155.082962
2023-03-17 16:25:00+00:00,155.1,155.1599,155.06,770,155.07,66488,155.125009
2023-03-17 16:26:00+00:00,155.19,155.2,155.0971,695,155.11,65878,155.158047
2023-03-17 16:27:00+00:00,155.31,155.34,155.15,1174,155.1701,123788,155.275746
2023-03-17 16:28:00+00:00,155.205,155.34,155.19,935,155.31,75764,155.285212
2023-03-17 16:29:00+00:00,155.23,155.31,155.18,781,155.195,90816,155.234241
2023-03-17 16:30:00+00:00,155.51,155.53,155.23,1720,155.24,170124,155.39745
2023-03-17 16:31:00+00:00,155.53,155.615,155.36,3029,155.525,307849,155.504309
2023-03-17 16:32:00+00:00,155.64,155.71,155.5217,1313,155.5217,135653,155.632296
2023-03-17 16:33:00+00:00,155.53,155.6656,155.5,973,155.631,114312,155.575438
2023-03-17 16:34:00+00:00,155.3999,155.5382,155.37,834,155.53,87998,155.461309
2023-03-17 16:35:00+00:00,155.35,155.42,155.33,842,155.39,77279,155.377829
2023-03-17 16:36:00+00:00,155.4,155.4,155.28,716,155.35,60159,155.34376
2023-03-17 16:37:00+00:00,155.34,155.465,155.32,665,155.42,79755,155.400065
2023-03-17 16:38:00+00:00,155.31,155.37,155.29,693,155.34,74991,155.329308
2023-03-17 16:39:00+00:00,155.2004,155.33,155.1518,791,155.3,73597,155.230034
2023-03-17 16:40:00+00:00,155.18,155.25,155.12,710,155.2,67009,155.173833
2023-03-17 16:41:00+00:00,155.16,155.28,155.14,789,155.18,67989,155.217973
2023-03-17 16:42:00+00:00,155.21,155.26,155.14,722,155.17,57924,155.205782
2023-03-17 16:43:00+00:00,155.2,155.25,155.135,747,155.21,62334,155.196142
2023-03-17 16:44:00+00:00,155.2252,155.25,155.17,557,155.19,40053,155.203844
2023-03-17 16:45:00+00:00,155.04,155.22,155.04,980,155.22,85409,155.127202
2023-03-17 16:46:00+00:00,155.09,155.15,155.04,710,155.05,64548,155.112271
2023-03-17 16:47:00+00:00,155.22,155.26,155.07,767,155.0877,76986,155.160127
2023-03-17 16:48:00+00:00,155.1867,155.25,155.15,745,155.2399,68301,155.195174
2023-03-17 16:49:00+00:00,155.17,155.24,155.1503,579,155.19,45635,155.194182
2023-03-17 16:50:00+00:00,155.33,155.36,155.165,814,155.165,77657,155.296461
2023-03-17 16:51:00+00:00,155.23,155.39,155.225,699,155.32,72676,155.300179
2023-03-17 16:52:00+00:00,155.14,155.26,155.05,801,155.24,78296,155.153642
2023-03-17 16:53:00+00:00,155.031,155.1445,155.031,534,155.12,39665,155.091592
2023-03-17 16:54:00+00:00,154.9843,155.04,154.955,1056,155.04,107046,155.004901
2023-03-17 16:55:00+00:00,155.0605,155.13,154.97,853,154.98,84151,155.071507
2023-03-17 16:56:00+00:00,155.13,155.15,155.055,559,155.06,45560,155.108029
2023-03-17 16:57:00+00:00,155.34,155.34,155.14,883,155.14,98735,155.247066
2023-03-17 16:58:00+00:00,155.285,155.34,155.27,613,155.3299,59600,155.302027
2023-03-17 16:59:00+00:00,155.27,155.31,155.2201,645,155.295,47172,155.264087
2023-03-17 17:00:00+00:00,155.3299,155.33,155.2546,609,155.275,58950,155.299813
2023-03-17 17:01:00+00:00,155.31,155.33,155.26,554,155.32,50376,155.296578
2023-03-17 17:02:00+00:00,155.3763,155.38,155.29,643,155.31,59421,155.347852
2023-03-17 17:03:00+00:00,155.29,155.39,155.29,868,155.37,67704,155.329554
2023-03-17 17:04:00+00:00,155.39,155.41,155.26,900,155.29,56526,155.334328
2023-03-17 17:05:00+00:00,155.61,155.61,155.388,1313,155.39,104088,155.471855
2023-03-17 17:06:00+00:00,155.56,155.63,155.4514,969,155.6,90152,155.537309
2023-03-17 17:07:00+00:00,155.54,155.615,155.5301,673,155.5507,64207,155.575603
2023-03-17 17:08:00+00:00,155.57,155.59,155.4797,683,155.55,72616,155.539532
2023-03-17 17:09:00+00:00,155.575,155.618,155.54,671,155.57,51452,155.584626
2023-03-17 17:10:00+00:00,155.67,155.6898,155.53,917,155.57,577380,155.608882
2023-03-17 17:11:00+00:00,155.67,155.69,155.54,938,155.675,61989,155.62072
2023-03-17 17:12:00+00:00,155.7293,155.75,155.65,1008,155.676,96832,155.705178
2023-03-17 17:13:00+00:00,155.77,155.84,155.68,1403,155.71,179228,155.772498
2023-03-17 17:14:00+00:00,155.815,155.82,155.75,681,155.78,77419,155.777012
2023-03-17 17:15:00+00:00,155.6969,155.84,155.68,1543,155.83,157804,155.781363
2023-03-17 17:16:00+00:00,155.65,155.74,155.64,888,155.69,125850,155.676976
2023-03-17 17:17:00+00:00,155.5401,155.6401,155.5,880,155.64,77194,155.556331
2023-03-17 17:18:00+00:00,155.4208,155.53,155.39,826,155.53,77811,155.464283
2023-03-17 17:19:00+00:00,155.57,155.57,155.425,816,155.4283,71212,155.483828
2023-03-17 17:20:00+00:00,155.67,155.67,155.53,758,155.57,75653,155.593303
2023-03-17 17:21:00+00:00,155.73,155.8,155.65,1385,155.67,181377,155.735817
2023-03-17 17:22:00+00:00,155.8289,155.83,155.67,814,155.72,86497,155.747305
2023-03-17 17:23:00+00:00,155.75,155.85,155.74,867,155.8209,87071,155.803547
2023-03-17 17:24:00+00:00,155.65,155.75,155.61,854,155.75,90281,155.679631
2023-03-17 17:25:00+00:00,155.57,155.6599,155.53,717,155.65,72506,155.574809
2023-03-17 17:26:00+00:00,155.48,155.56,155.47,754,155.56,71644,155.500339
2023-03-17 17:27:00+00:00,155.58,155.59,155.47,660,155.4983,65098,155.542139
2023-03-17 17:28:00+00:00,155.48,155.57,155.4699,783,155.565,75472,155.520251
2023-03-17 17:29:00+00:00,155.56,155.57,155.49,490,155.49,34735,155.527364
2023-03-17 17:30:00+00:00,155.56,155.59,155.49,831,155.55,53612,155.550628
2023-03-17 17:31:00+00:00,155.6801,155.71,155.495,940,155.56,68862,155.619852
2023-03-17 17:32:00+00:00,155.775,155.83,155.63,1023,155.695,116006,155.744037
2023-03-17 17:33:00+00:00,155.5399,155.79,155.52,1033,155.77,99641,155.659758
2023-03-17 17:34:00+00:00,155.41,155.5299,155.34,1068,155.52,102993,155.421408
2023-03-17 17:35:00+00:00,155.34,155.4119,155.3,938,155.4082,77815,155.355971
2023-03-17 17:36:00+00:00,155.3746,155.4,155.27,780,155.34,128460,155.329343
2023-03-17 17:37:00+00:00,155.33,155.43,155.2999,702,155.3607,61756,155.360415
2023-03-17 17:38:00+00:00,155.36,155.3753,155.27,572,155.33,49738,155.329715
2023-03-17 17:39:00+00:00,155.59,155.59,155.36,885,155.36,93010,155.49905
2023-03-17 17:40:00+00:00,155.45,155.5847,155.43,800,155.5847,83990,155.490486
2023-03-17 17:41:00+00:00,155.2747,155.46,155.24,892,155.46,82060,155.340165
2023-03-17 17:42:00+00:00,155.39,155.415,155.2401,926,155.2581,86395,155.343015
2023-03-17 17:43:00+00:00,155.44,155.46,155.38,692,155.39,56013,155.417993
2023-03-17 17:44:00+00:00,155.67,155.6735,155.46,848,155.46,89668,155.565194
2023-03-17 17:45:00+00:00,155.7701,155.7808,155.635,1242,155.67,117035,155.728921
2023-03-17 17:46:00+00:00,155.68,155.77,155.62,736,155.7634,78381,155.698041
2023-03-17 17:47:00+00:00,155.7089,155.75,155.63,660,155.685,65656,155.686026
2023-03-17 17:48:00+00:00,155.73,155.84,155.6986,1043,155.72,107687,155.754168
2023-03-17 17:49:00+00:00,155.74,155.82,155.7,649,155.73,51606,155.759095
2023-03-17 17:50:00+00:00,155.7501,155.78,155.63,789,155.75,75580,155.706632
2023-03-17 17:51:00+00:00,155.62,155.83,155.59,711,155.75,71305,155.722324
2023-03-17 17:52:00+00:00,155.52,155.6636,155.5019,733,155.63,64372,155.585226
2023-03-17 17:53:00+00:00,155.49,155.54,155.47,528,155.5201,54717,155.512406
2023-03-17 17:54:00+00:00,155.595,155.6,155.49,523,155.5,60841,155.551983
2023-03-17 17:55:00+00:00,155.64,155.6984,155.5821,714,155.5821,58651,155.64037
2023-03-17 17:56:00+00:00,155.5339,155.638,155.47,917,155.63,66332,155.536693
2023-03-17 17:57:00+00:00,155.595,155.595,155.47,630,155.52,48270,155.521576
2023-03-17 17:58:00+00:00,155.62,155.65,155.5632,558,155.6,53917,155.612203
2023-03-17 17:59:00+00:00,155.7995,155.8,155.57,815,155.6245,83222,155.704523
2023-03-17 18:00:00+00:00,155.9799,156.01,155.8,2630,155.8,264816,155.939307
2023-03-17 18:01:00+00:00,155.9,156.0299,155.86,1044,155.97,106463,155.960483
2023-03-17 18:02:00+00:00,155.96,156.02,155.9,866,155.9,87422,155.962712
2023-03-17 18:03:00+00:00,155.8201,155.95,155.7904,850,155.95,88884,155.879256
2023-03-17 18:04:00+00:00,155.74,155.855,155.71,1005,155.8201,172214,155.758415
2023-03-17 18:05:00+00:00,155.7574,155.79,155.69,811,155.72,57722,155.743081
2023-03-17 18:06:00+00:00,155.595,155.75,155.56,896,155.75,87216,155.645
2023-03-17 18:07:00+00:00,155.41,155.625,155.37,1215,155.592,117194,155.490834
2023-03-17 18:08:00+00:00,155.4951,155.52,155.34,860,155.41,85702,155.423043
2023-03-17 18:09:00+00:00,155.4583,155.54,155.44,704,155.5,74544,155.493808
2023-03-17 18:10:00+00:00,155.41,155.49,155.37,790,155.47,62186,155.426469
2023-03-17 18:11:00+00:00,155.37,155.43,155.3201,820,155.41,99387,155.370488
2023-03-17 18:12:00+00:00,155.43,155.44,155.35,737,155.365,58556,155.398584
2023-03-17 18:13:00+00:00,155.36,155.4605,155.31,743,155.43,63554,155.392313
2023-03-17 18:14:00+00:00,155.2901,155.3999,155.28,750,155.37,72028,155.325038
2023-03-17 18:15:00+00:00,155.21,155.3199,155.16,1630,155.3199,139013,155.231655
2023-03-17 18:16:00+00:00,155.37,155.4,155.205,811,155.205,70019,155.312171
2023-03-17 18:17:00+00:00,155.35,155.45,155.32,836,155.38,80915,155.389545
2023-03-17 18:18:00+00:00,155.2599,155.39,155.23,772,155.36,73151,155.316576
2023-03-17 18:19:00+00:00,155.245,155.27,155.22,584,155.25,49812,155.238104
2023-03-17 18:20:00+00:00,155.2465,155.33,155.22,771,155.25,67237,155.265919
2023-03-17 18:21:00+00:00,155.185,155.28,155.14,767,155.25,86576,155.208637
2023-03-17 18:22:00+00:00,155.17,155.17,155.11,806,155.17,78911,155.139613
2023-03-17 18:23:00+00:00,155.125,155.2299,155.125,628,155.17,57424,155.169229
2023-03-17 18:24:00+00:00,155.05,155.151,155.01,893,155.13,90044,155.08043
2023-03-17 18:25:00+00:00,154.8901,155.06,154.88,1682,155.05,178999,154.964648
2023-03-17 18:26:00+00:00,155.0,155.01,154.88,1068,154.9,122807,154.955929
2023-03-17 18:27:00+00:00,154.965,155.031,154.9401,713,155.0,69101,154.999107
2023-03-17 18:28:00+00:00,154.953,155.0251,154.94,632,154.96,54749,154.981269
2023-03-17 18:29:00+00:00,154.98,155.02,154.95,673,154.96,52807,154.982574
2023-03-17 18:30:00+00:00,155.0,155.08,154.93,1188,154.98,119056,155.012873
2023-03-17 18:31:00+00:00,155.0556,155.08,154.915,1095,154.99,102592,154.98417
2023-03-17 18:32:00+00:00,155.12,155.155,155.02,1000,155.0599,94588,155.083424
2023-03-17 18:33:00+00:00,155.14,155.15,155.01,778,155.105,73667,155.078887
2023-03-17 18:34:00+00:00,155.05,155.1678,154.99,1840,155.13,186937,155.055217
2023-03-17 18:35:00+00:00,155.03,155.09,154.99,664,155.0479,58287,155.042524
2023-03-17 18:36:00+00:00,155.035,155.08,155.02,691,155.0285,46111,155.045243
2023-03-17 18:37:00+00:00,154.95,155.03,154.91,1099,155.03,93654,154.987486
2023-03-17 18:38:00+00:00,154.93,154.98,154.89,939,154.95,94802,154.928286
2023-03-17 18:39:00+00:00,155.01,155.03,154.87,1013,154.9201,89642,154.94619
2023-03-17 18:40:00+00:00,154.895,155.03,154.89,876,154.99,87406,154.961623
2023-03-17 18:41:00+00:00,154.9593,154.98,154.84,1062,154.91,107200,154.917714
2023-03-17 18:42:00+00:00,154.9635,155.0,154.94,804,154.9501,71148,154.964541
2023-03-17 18:43:00+00:00,155.034,155.06,154.955,917,154.97,89651,155.008224
2023-03-17 18:44:00+00:00,154.975,155.0539,154.96,810,155.0301,89692,155.012374
2023-03-17 18:45:00+00:00,154.865,154.965,154.85,918,154.965,89956,154.904099
2023-03-17 18:46:00+00:00,154.92,154.95,154.82,881,154.87,85831,154.912787
2023-03-17 18:47:00+00:00,154.8333,154.94,154.83,875,154.93,74402,154.879663
2023-03-17 18:48:00+00:00,154.96,154.96,154.82,777,154.84,73997,154.879988
2023-03-17 18:49:00+00:00,154.9246,154.9856,154.9,774,154.95,62677,154.943659
2023-03-17 18:50:00+00:00,154.8199,154.92,154.79,840,154.92,80919,154.840822
2023-03-17 18:51:00+00:00,154.72,154.81,154.67,1762,154.81,180131,154.734752
2023-03-17 18:52:00+00:00,154.805,154.85,154.67,1101,154.72,123719,154.758834
2023-03-17 18:53:00+00:00,154.93,154.94,154.7693,1665,154.81,213879,154.845976
2023-03-17 18:54:00+00:00,155.09,155.14,154.92,1604,154.93,173677,155.022602
2023-03-17 18:55:00+00:00,155.0799,155.2,155.05,1295,155.0994,116548,155.130368
2023-03-17 18:56:00+00:00,155.05,155.1,155.01,953,155.07,130290,155.0549
2023-03-17 18:57:00+00:00,155.07,155.16,155.04,949,155.04,82280,155.092693
2023-03-17 18:58:00+00:00,154.93,155.09,154.93,1178,155.07,113148,155.001548
2023-03-17 18:59:00+00:00,154.92,155.02,154.87,1366,154.93,143357,154.934403
2023-03-17 19:00:00+00:00,154.89,155.01,154.88,1468,154.93,152660,154.952928
2023-03-17 19:01:00+00:00,154.78,154.92,154.7519,1445,154.87,148122,154.816851
2023-03-17 19:02:00+00:00,154.7062,154.84,154.7,1621,154.78,171958,154.768899
2023-03-17 19:03:00+00:00,154.7,154.77,154.6,1087,154.7,98108,154.695266
2023-03-17 19:04:00+00:00,154.7514,154.83,154.65,1019,154.7,113544,154.748906
2023-03-17 19:05:00+00:00,154.65,154.78,154.64,1216,154.76,114450,154.70259
2023-03-17 19:06:00+00:00,154.67,154.81,154.595,1259,154.65,114615,154.714843
2023-03-17 19:07:00+00:00,154.59,154.68,154.39,3309,154.68,307100,154.550958
2023-03-17 19:08:00+00:00,154.67,154.72,154.56,1048,154.5935,95647,154.634337
2023-03-17 19:09:00+00:00,154.63,154.69,154.6,1127,154.68,99835,154.642781
2023-03-17 19:10:00+00:00,154.73,154.78,154.59,1285,154.635,130156,154.697615
2023-03-17 19:11:00+00:00,154.67,154.74,154.57,1138,154.735,106699,154.657777
2023-03-17 19:12:00+00:00,154.776,154.84,154.63,1964,154.68,195446,154.724374
2023-03-17 19:13:00+00:00,154.88,154.89,154.69,2233,154.78,220696,154.795777
2023-03-17 19:14:00+00:00,154.8,154.8866,154.7799,1178,154.88,123325,154.827193
2023-03-17 19:15:00+00:00,154.74,154.855,154.69,1182,154.795,119833,154.782041
2023-03-17 19:16:00+00:00,154.775,154.79,154.63,1211,154.74,135255,154.719308
2023-03-17 19:17:00+00:00,155.08,155.13,154.78,3809,154.78,366572,154.966206
2023-03-17 19:18:00+00:00,155.0872,155.11,155.02,1071,155.09,109192,155.059544
2023-03-17 19:19:00+00:00,155.0,155.12,154.95,1020,155.09,106239,155.027785
2023-03-17 19:20:00+00:00,154.95,155.04,154.93,999,154.99,97652,154.983691
2023-03-17 19:21:00+00:00,155.005,155.05,154.915,896,154.9401,80672,154.977345
2023-03-17 19:22:00+00:00,155.07,155.1,154.95,876,155.0,75647,155.020771
2023-03-17 19:23:00+00:00,155.1413,155.15,155.02,1272,155.07,132953,155.070193
2023-03-17 19:24:00+00:00,155.1701,155.18,155.07,1215,155.1422,133532,155.128936
2023-03-17 19:25:00+00:00,155.07,155.2,155.0699,1080,155.1724,105837,155.149702
2023-03-17 19:26:00+00:00,155.0167,155.1013,154.975,1248,155.07,151563,155.028825
2023-03-17 19:27:00+00:00,155.051,155.11,154.94,1670,155.02,167686,155.012795
2023-03-17 19:28:00+00:00,155.16,155.2,155.03,1265,155.06,141779,155.125307
2023-03-17 19:29:00+00:00,155.12,155.22,155.11,1115,155.16,117753,155.169841
2023-03-17 19:30:00+00:00,154.99,155.14,154.925,1429,155.11,153051,155.0231
2023-03-17 19:31:00+00:00,154.99,155.06,154.9401,872,154.99,88662,155.003966
2023-03-17 19:32:00+00:00,154.8563,155.0,154.83,1464,155.0,150181,154.909902
2023-03-17 19:33:00+00:00,154.81,154.86,154.76,1403,154.86,132809,154.815531
2023-03-17 19:34:00+00:00,155.0132,155.025,154.82,1546,154.83,179237,154.929343
2023-03-17 19:35:00+00:00,154.954,155.04,154.93,1249,155.015,104438,154.976312
2023-03-17 19:36:00+00:00,154.96,154.99,154.89,1361,154.95,229994,154.984676
2023-03-17 19:37:00+00:00,154.88,155.0,154.85,1371,154.9606,132836,154.912478
2023-03-17 19:38:00+00:00,154.93,154.95,154.84,1105,154.89,92804,154.897316
2023-03-17 19:39:00+00:00,154.95,155.02,154.9,1563,154.93,156327,154.969165
2023-03-17 19:40:00+00:00,155.04,155.06,154.94,1027,154.9535,120132,155.022666
2023-03-17 19:41:00+00:00,155.07,155.12,154.99,1335,155.0426,148523,155.028865
2023-03-17 19:42:00+00:00,155.01,155.12,155.01,1048,155.08,95402,155.07095
2023-03-17 19:43:00+00:00,155.12,155.135,155.001,1148,155.01,116714,155.066139
2023-03-17 19:44:00+00:00,155.19,155.23,155.1,1837,155.13,193989,155.167331
2023-03-17 19:45:00+00:00,155.0,155.2,154.97,2478,155.19,253398,155.050501
2023-03-17 19:46:00+00:00,155.01,155.09,154.92,2604,154.995,263536,154.997984
2023-03-17 19:47:00+00:00,154.92,155.03,154.83,2214,155.01,199264,154.950213
2023-03-17 19:48:00+00:00,154.851,154.98,154.83,1866,154.91,169516,154.905685
2023-03-17 19:49:00+00:00,154.91,154.93,154.84,1487,154.853,130982,154.885554
2023-03-17 19:50:00+00:00,155.03,155.1,154.82,4028,154.89,370173,155.004356
2023-03-17 19:51:00+00:00,155.16,155.23,155.03,2906,155.03,357377,155.123545
2023-03-17 19:52:00+00:00,155.24,155.33,155.17,2885,155.17,273572,155.253162
2023-03-17 19:53:00+00:00,155.245,155.3,155.15,2199,155.24,179465,155.226126
2023-03-17 19:54:00+00:00,155.35,155.41,155.175,3416,155.25,325532,155.289944
2023-03-17 19:55:00+00:00,155.335,155.43,155.26,4217,155.34,430777,155.337745
2023-03-17 19:56:00+00:00,155.105,155.33,155.03,3435,155.33,329668,155.181908
2023-03-17 19:57:00+00:00,155.035,155.1,154.97,3451,155.1,323782,155.019522
2023-03-17 19:58:00+00:00,155.05,155.09,154.99,3902,155.03,442255,155.034195
2023-03-17 19:59:00+00:00,155.005,155.105,154.97,6674,155.045,910563,155.030842
2023-03-17 20:00:00+00:00,155.0,155.08,154.91,253,155.06,40249319,155.000005
2023-03-17 20:01:00+00:00,155.0,155.07,155.0,166,155.0,2236239,155.00067
2023-03-17 20:02:00+00:00,154.91,155.0,154.9,97,155.0,107361,154.992623
2023-03-17 20:03:00+00:00,154.98,155.0,154.89,36,155.0,97867,154.995024
2023-03-17 20:04:00+00:00,155.0,155.0,154.97,70,154.97,202209,154.999576
2023-03-17 20:05:00+00:00,155.09,155.09,154.99,64,155.0,349838,155.00094
2023-03-17 20:06:00+00:00,155.07,155.09,155.02,43,155.07,58903,155.002842
2023-03-17 20:07:00+00:00,155.13,155.18,155.07,50,155.07,16401,155.028755
2023-03-17 20:08:00+00:00,155.08,155.13,155.03,38,155.11,855531,155.000254
2023-03-17 20:09:00+00:00,155.04,155.05,155.03,41,155.04,2711,155.042766
2023-03-17 20:10:00+00:00,155.01,155.04,155.0,33,155.04,5424,155.009456
2023-03-17 20:11:00+00:00,154.97,155.0,154.97,25,155.0,2311,154.981767
2023-03-17 20:12:00+00:00,155.0,155.0,154.98,17,155.0,962421,154.999993
2023-03-17 20:13:00+00:00,155.0,155.01,154.99,38,155.0,1538084,155.000014
2023-03-17 20:14:00+00:00,154.97,154.99,154.97,27,154.99,6051,154.979394
2023-03-17 20:15:00+00:00,154.98,154.98,154.97,43,154.97,5348,154.970958
2023-03-17 20:16:00+00:00,154.98,154.98,154.98,10,154.98,2022,154.998571
2023-03-17 20:17:00+00:00,155.0,155.0,154.99,11,154.99,60057,154.999854
2023-03-17 20:18:00+00:00,154.98,154.98,154.97,22,154.97,432,154.978449
2023-03-17 20:19:00+00:00,154.98,154.99,154.97,32,154.99,3596,155.041413
2023-03-17 20:20:00+00:00,154.99,154.99,154.97,24,154.97,17746,154.989391
2023-03-17 20:21:00+00:00,155.0,155.02,154.99,50,154.99,21058,154.992383
2023-03-17 20:22:00+00:00,154.99,154.99,154.99,26,154.99,62051,154.999947
2023-03-17 20:23:00+00:00,154.99,155.0,154.97,59,154.97,11645,154.988328
2023-03-17 20:24:00+00:00,155.05,155.05,155.0,25,155.0,1548,155.006757
2023-03-17 20:25:00+00:00,155.0,155.01,155.0,27,155.01,2744,155.003579
2023-03-17 20:26:00+00:00,155.0,155.0,155.0,13,155.0,522,155.000029
2023-03-17 20:27:00+00:00,155.0,155.0,155.0,19,155.0,1956,155.000007
2023-03-17 20:28:00+00:00,155.0,155.01,155.0,21,155.01,1614,155.008024
2023-03-17 20:30:00+00:00,155.0,155.0,155.0,11,155.0,407,155.000295
2023-03-17 20:31:00+00:00,155.0,155.0,155.0,60,155.0,598,155.000936
2023-03-17 20:32:00+00:00,155.02,155.02,155.02,12,155.02,141,155.017677
2023-03-17 20:33:00+00:00,155.03,155.03,155.02,20,155.02,2405,155.020385
2023-03-17 20:34:00+00:00,154.98,155.02,154.95,47,155.02,25333,155.003039
2023-03-17 20:36:00+00:00,154.95,155.04,154.95,61,154.99,5798,154.977349
2023-03-17 20:37:00+00:00,155.04,155.04,154.99,36,154.99,1750,155.008906
2023-03-17 20:38:00+00:00,154.99,155.03,154.99,28,155.03,921,155.001113
2023-03-17 20:39:00+00:00,154.9,154.99,154.9,94,154.99,15928,154.924006
2023-03-17 20:40:00+00:00,154.99,154.99,154.91,73,154.98,5916,154.953235
2023-03-17 20:41:00+00:00,154.93,154.98,154.93,43,154.96,2451,154.95041
2023-03-17 20:42:00+00:00,154.97,155.0,154.93,71,154.97,8628,154.976136
2023-03-17 20:43:00+00:00,154.9515,154.99,154.94,23,154.94,2002,154.952559
2023-03-17 20:44:00+00:00,155.0,155.0,154.98,25,154.98,1178,154.991167
2023-03-17 20:45:00+00:00,154.99,154.99,154.96,22,154.99,1262,154.984877
2023-03-17 20:47:00+00:00,154.99,155.0,154.99,11,155.0,2570,154.999018
2023-03-17 20:48:00+00:00,155.0,155.0,154.99,18,154.99,2320,154.990364
2023-03-17 20:49:00+00:00,154.93,154.99,154.92,39,154.99,2916,154.940461
2023-03-17 20:50:00+00:00,154.96,154.99,154.94,29,154.94,3925,154.966744
2023-03-17 20:51:00+00:00,154.97,154.99,154.96,18,154.96,1009,154.973464
2023-03-17 20:52:00+00:00,155.0,155.0,154.97,31,154.98,2277,154.986398
2023-03-17 20:53:00+00:00,154.98,154.99,154.96,25,154.97,3236,154.970519
2023-03-17 20:54:00+00:00,154.96,154.97,154.96,17,154.97,979,154.967278
2023-03-17 20:55:00+00:00,154.98,154.98,154.97,16,154.97,2314,154.977777
2023-03-17 20:56:00+00:00,154.96,154.98,154.96,20,154.98,2344,154.976037
2023-03-17 20:57:00+00:00,154.96,154.96,154.96,13,154.96,1059,154.961501
2023-03-17 20:59:00+00:00,154.97,154.98,154.97,21,154.98,487,154.977269
2023-03-17 21:00:00+00:00,154.98,154.98,154.9797,23,154.9797,158206,156.14196
2023-03-17 21:01:00+00:00,155.0,155.0,155.0,4,155.0,149,154.992752
2023-03-17 21:03:00+00:00,154.96,154.98,154.96,11,154.98,759,154.963959
2023-03-17 21:04:00+00:00,154.96,155.0,154.96,22,154.97,87986,154.999229
2023-03-17 21:05:00+00:00,154.99,155.01,154.99,53,154.99,9391,155.000768
2023-03-17 21:06:00+00:00,154.95,154.97,154.95,33,154.97,7395,154.959688
2023-03-17 21:07:00+00:00,154.97,154.97,154.97,11,154.97,146,154.969384
2023-03-17 21:08:00+00:00,154.95,154.95,154.95,15,154.95,1181,154.950064
2023-03-17 21:09:00+00:00,154.94,154.98,154.94,30,154.98,2528,155.028754
2023-03-17 21:10:00+00:00,154.93,154.96,154.93,12,154.96,1515,154.943307
2023-03-17 21:12:00+00:00,154.99,154.99,154.95,33,154.95,2775,154.975369
2023-03-17 21:13:00+00:00,154.93,154.96,154.93,18,154.96,1651,154.942299
2023-03-17 21:14:00+00:00,155.01,155.01,154.93,27,154.93,2166,154.983006
2023-03-17 21:15:00+00:00,155.01,155.01,155.0,29,155.0,1707,155.007024
2023-03-17 21:16:00+00:00,155.02,155.03,155.02,13,155.0299,1004,155.02632
2023-03-17 21:17:00+00:00,154.95,155.01,154.95,38,155.01,2151,154.971878
2023-03-17 21:18:00+00:00,155.0,155.02,155.0,28,155.0,3270,155.000596
2023-03-17 21:20:00+00:00,154.9992,154.9992,154.9992,8,154.9992,124,155.000294
2023-03-17 21:22:00+00:00,155.03,155.03,155.03,16,155.03,693,155.028009
2023-03-17 21:23:00+00:00,155.05,155.05,155.01,15,155.01,828,155.027053
2023-03-17 21:24:00+00:00,155.01,155.01,155.01,7,155.01,179,155.020391
2023-03-17 21:25:00+00:00,155.02,155.02,155.0,33,155.0,1906,155.000459
2023-03-17 21:26:00+00:00,155.0,155.0,155.0,9,155.0,272,155.013787
2023-03-17 21:27:00+00:00,155.02,155.02,155.0,16,155.0,521,155.012601
2023-03-17 21:29:00+00:00,155.0,155.0,155.0,19,155.0,677,154.999609
2023-03-17 21:30:00+00:00,155.03,155.03,155.0,18,155.02,112717,155.0005
2023-03-17 21:31:00+00:00,155.01,155.01,155.01,13,155.01,1244,155.010032
2023-03-17 21:32:00+00:00,155.01,155.01,155.01,22,155.01,501,155.016907
2023-03-17 21:33:00+00:00,155.0,155.03,154.94,40,155.03,3744,154.992332
2023-03-17 21:34:00+00:00,154.91,154.92,154.91,35,154.92,2952,154.911731
2023-03-17 21:35:00+00:00,154.99,154.99,154.9,20,154.9001,5280,154.904039
2023-03-17 21:36:00+00:00,154.91,155.03,154.91,43,154.99,9516,154.989346
2023-03-17 21:37:00+00:00,154.91,154.93,154.91,37,154.9103,5144,154.912194
2023-03-17 21:38:00+00:00,154.9,154.9,154.9,17,154.9,3096,154.900102
2023-03-17 21:39:00+00:00,154.85,154.9,154.82,45,154.9,2621,154.85264
2023-03-17 21:40:00+00:00,154.86,154.86,154.84,27,154.85,1146,154.853945
2023-03-17 21:41:00+00:00,154.9,154.9,154.9,19,154.9,1292,154.896757
2023-03-17 21:42:00+00:00,154.8633,154.8633,154.8633,11,154.8633,124,154.872016
2023-03-17 21:43:00+00:00,154.84,154.87,154.84,34,154.87,611,154.853437
2023-03-17 21:44:00+00:00,154.85,154.85,154.85,9,154.85,466,154.852914
2023-03-17 21:46:00+00:00,154.85,154.87,154.85,11,154.86,802,154.861733
2023-03-17 21:47:00+00:00,154.85,154.85,154.85,7,154.85,319,154.849655
2023-03-17 21:48:00+00:00,154.84,154.87,154.84,15,154.86,1030,154.853408
2023-03-17 21:49:00+00:00,154.85,154.9,154.84,26,154.84,2007,154.855812
2023-03-17 21:50:00+00:00,154.85,154.85,154.83,9,154.83,3240,154.846883
2023-03-17 21:51:00+00:00,154.85,154.85,154.85,18,154.85,242,154.839669
2023-03-17 21:52:00+00:00,154.92,154.92,154.8,33,154.8,1175,154.820217
2023-03-17 21:53:00+00:00,154.94,154.94,154.94,8,154.94,107,154.937617
2023-03-17 21:56:00+00:00,154.8,154.84,154.8,46,154.84,3757,154.818024
2023-03-17 21:57:00+00:00,154.88,154.9,154.88,30,154.9,510,154.886559
2023-03-17 21:58:00+00:00,154.84,154.85,154.84,9,154.85,856,154.842996
