timestamp,close,high,low,trade_count,open,volume,vwap
2023-10-20 08:00:00+00:00,174.56,174.95,174.56,57,174.95,2269,174.651058
2023-10-20 08:03:00+00:00,174.61,174.61,174.6,16,174.6,511,174.606556
2023-10-20 08:04:00+00:00,174.65,174.65,174.65,27,174.65,1182,174.659171
2023-10-20 08:05:00+00:00,174.8,174.8,174.8,21,174.8,542,174.769465
2023-10-20 08:06:00+00:00,174.8,174.8,174.72,22,174.72,1559,174.771552
2023-10-20 08:13:00+00:00,174.88,174.88,174.84,37,174.84,1633,174.860472
2023-10-20 08:15:00+00:00,174.71,174.88,174.71,21,174.88,1073,174.779599
2023-10-20 08:17:00+00:00,174.82,174.82,174.82,3,174.82,724,174.820166
2023-10-20 08:20:00+00:00,174.89,174.89,174.79,25,174.79,1240,174.853331
2023-10-20 08:22:00+00:00,174.93,174.93,174.92,21,174.92,611,174.923944
2023-10-20 08:24:00+00:00,174.99,174.99,174.99,49,174.99,1955,174.995565
2023-10-20 08:25:00+00:00,175.01,175.01,175.01,12,175.01,278,175.003741
2023-10-20 08:36:00+00:00,175.06,175.06,175.06,4,175.06,149,175.034094
2023-10-20 08:37:00+00:00,175.07,175.07,175.07,4,175.07,127,175.069449
2023-10-20 08:42:00+00:00,175.14,175.14,175.14,14,175.14,386,175.148135
2023-10-20 08:46:00+00:00,175.25,175.25,175.25,22,175.25,691,175.240839
2023-10-20 08:48:00+00:00,175.25,175.27,175.25,8,175.27,268,175.247463
2023-10-20 08:49:00+00:00,175.25,175.25,175.25,24,175.25,1097,175.24516
2023-10-20 08:50:00+00:00,175.22,175.22,175.22,16,175.22,250,175.22992
2023-10-20 08:51:00+00:00,175.24,175.32,175.24,31,175.28,1564,175.261362
2023-10-20 08:52:00+00:00,175.14,175.14,175.14,24,175.14,488,175.171434
2023-10-20 09:09:00+00:00,175.1,175.1,175.07,59,175.07,3798,175.093541
2023-10-20 09:10:00+00:00,175.04,175.04,175.04,10,175.04,206,175.077379
2023-10-20 09:11:00+00:00,175.16,175.16,175.16,7,175.16,472,175.156568
2023-10-20 09:13:00+00:00,174.85,174.95,174.85,59,174.95,3386,174.918452
2023-10-20 09:14:00+00:00,174.97,174.97,174.97,12,174.97,423,174.97747
2023-10-20 09:15:00+00:00,175.0,175.0,175.0,5,175.0,561,175.003654
2023-10-20 09:22:00+00:00,174.97,174.97,174.97,14,174.97,284,174.978838
2023-10-20 09:23:00+00:00,174.97,174.97,174.97,13,174.97,1886,174.970292
2023-10-20 09:26:00+00:00,174.87,174.87,174.87,2,174.87,161,174.87
2023-10-20 09:27:00+00:00,174.85,174.87,174.85,23,174.87,714,174.847003
2023-10-20 09:28:00+00:00,174.78,174.78,174.78,3,174.78,102,174.78
2023-10-20 09:29:00+00:00,174.75,174.76,174.75,27,174.76,1433,174.748702
2023-10-20 09:31:00+00:00,174.73,174.73,174.71,16,174.71,592,174.720321
2023-10-20 09:34:00+00:00,174.82,174.82,174.82,13,174.82,650,174.811108
2023-10-20 09:35:00+00:00,174.8,174.82,174.8,19,174.82,889,174.821631
2023-10-20 09:40:00+00:00,174.85,174.85,174.85,4,174.85,161,174.85
2023-10-20 09:41:00+00:00,174.85,174.85,174.85,5,174.85,179,174.848883
2023-10-20 09:45:00+00:00,174.84,174.84,174.82,15,174.82,1158,174.836157
2023-10-20 09:47:00+00:00,174.78,174.78,174.78,4,174.78,144,174.780903
2023-10-20 09:49:00+00:00,174.71,174.79,174.71,33,174.79,6189,174.748717
2023-10-20 09:51:00+00:00,174.88,174.88,174.88,28,174.88,831,174.869483
2023-10-20 09:57:00+00:00,174.97,174.97,174.97,5,174.97,322,174.968354
2023-10-20 10:00:00+00:00,174.93,174.93,174.93,14,174.93,329,174.930395
2023-10-20 10:09:00+00:00,174.88,174.88,174.88,7,174.88,561,174.881551
2023-10-20 10:19:00+00:00,174.87,174.87,174.87,7,174.87,305,174.869836
2023-10-20 10:20:00+00:00,174.86,174.86,174.86,24,174.86,1087,174.842824
2023-10-20 10:22:00+00:00,174.82,174.82,174.82,11,174.82,577,174.814541
2023-10-20 10:25:00+00:00,174.73,174.73,174.73,15,174.73,392,174.73727
2023-10-20 10:32:00+00:00,174.72,174.72,174.72,6,174.72,156,174.738846
2023-10-20 10:34:00+00:00,174.7,174.7,174.7,38,174.7,1509,174.698542
2023-10-20 10:36:00+00:00,174.74,174.74,174.73,18,174.74,744,174.734355
2023-10-20 10:44:00+00:00,174.71,174.71,174.71,8,174.71,196,174.705867
2023-10-20 10:48:00+00:00,174.72,174.72,174.71,13,174.71,306,174.709444
2023-10-20 11:00:00+00:00,174.76,174.76,174.7,74,174.71,2809,174.736946
2023-10-20 11:01:00+00:00,174.77,174.77,174.77,10,174.77,1159,174.767843
2023-10-20 11:02:00+00:00,174.76,174.79,174.76,22,174.79,933,174.780322
2023-10-20 11:03:00+00:00,174.75,174.76,174.75,21,174.76,1056,174.761373
2023-10-20 11:05:00+00:00,174.9,174.93,174.79,93,174.81,4347,174.835675
2023-10-20 11:06:00+00:00,174.9,174.92,174.89,29,174.89,1796,174.903051
2023-10-20 11:07:00+00:00,174.88,174.88,174.88,7,174.88,190,174.893053
2023-10-20 11:09:00+00:00,174.97,174.97,174.97,26,174.97,1519,174.972791
2023-10-20 11:10:00+00:00,175.0,175.0,175.0,21,175.0,497,175.000322
2023-10-20 11:12:00+00:00,175.06,175.06,175.06,21,175.06,720,175.034417
2023-10-20 11:13:00+00:00,174.98,174.98,174.98,5,174.98,236,174.987669
2023-10-20 11:15:00+00:00,175.0,175.0,175.0,11,175.0,365,175.000466
2023-10-20 11:16:00+00:00,175.0,175.0,175.0,54,175.0,2408,175.041312
2023-10-20 11:17:00+00:00,175.1,175.1,175.1,34,175.1,1191,175.055877
2023-10-20 11:18:00+00:00,175.05,175.05,175.05,3,175.05,150,175.058533
2023-10-20 11:19:00+00:00,174.95,175.0,174.95,14,175.0,1296,174.98554
2023-10-20 11:20:00+00:00,175.05,175.05,175.05,8,175.05,487,175.048398
2023-10-20 11:21:00+00:00,175.0,175.0,175.0,14,175.0,346,175.003815
2023-10-20 11:24:00+00:00,175.0,175.0,175.0,18,175.0,728,175.003104
2023-10-20 11:26:00+00:00,174.95,174.95,174.95,26,174.95,1690,174.964473
2023-10-20 11:32:00+00:00,174.9,174.9,174.9,10,174.9,313,174.916581
2023-10-20 11:41:00+00:00,174.88,174.92,174.88,21,174.92,817,174.906916
2023-10-20 11:42:00+00:00,174.85,174.85,174.85,23,174.85,1054,174.85
2023-10-20 11:44:00+00:00,174.88,174.88,174.88,7,174.88,1085,174.879954
2023-10-20 11:52:00+00:00,175.01,175.01,174.99,27,175.0,1035,174.995874
2023-10-20 11:55:00+00:00,175.0,175.0,175.0,29,175.0,2311,175.002748
2023-10-20 11:56:00+00:00,175.18,175.18,175.14,49,175.14,3039,175.139289
2023-10-20 11:57:00+00:00,175.12,175.12,175.12,17,175.12,523,175.12914
2023-10-20 11:58:00+00:00,175.12,175.12,175.11,7,175.11,451,175.113326
2023-10-20 11:59:00+00:00,175.1,175.1,175.1,7,175.1,536,175.102332
2023-10-20 12:00:00+00:00,175.08,175.14,174.7414,273,174.77,15905,174.937935
2023-10-20 12:01:00+00:00,174.61,175.16,174.61,644,175.16,4217,174.882633
2023-10-20 12:02:00+00:00,174.49,175.1,174.49,332,175.07,9506,174.995714
2023-10-20 12:03:00+00:00,175.2,175.2,174.8,372,175.11,4925,175.038181
2023-10-20 12:05:00+00:00,175.03,175.03,175.03,6,175.03,111,175.032387
2023-10-20 12:06:00+00:00,174.99,174.99,174.99,13,174.99,153,174.987908
2023-10-20 12:08:00+00:00,174.85,174.92,174.85,36,174.92,1721,174.889567
2023-10-20 12:09:00+00:00,174.75,174.85,174.75,18,174.85,1011,174.835841
2023-10-20 12:10:00+00:00,174.85,174.85,174.84,64,174.84,3534,174.847634
2023-10-20 12:13:00+00:00,174.84,174.84,174.84,20,174.84,1115,174.835106
2023-10-20 12:16:00+00:00,174.83,174.83,174.83,15,174.83,535,174.828346
2023-10-20 12:18:00+00:00,174.8,174.8,174.8,43,174.8,1574,174.790105
2023-10-20 12:19:00+00:00,174.75,174.7531,174.75,20,174.7531,397,174.753084
2023-10-20 12:20:00+00:00,174.78,174.78,174.78,51,174.78,1192,174.782903
2023-10-20 12:21:00+00:00,174.8,174.85,174.8,64,174.85,1899,174.806001
2023-10-20 12:22:00+00:00,174.74,174.74,174.74,18,174.74,412,174.758131
2023-10-20 12:23:00+00:00,174.73,174.73,174.73,28,174.73,926,174.737491
2023-10-20 12:24:00+00:00,174.781,174.781,174.7,75,174.73,4879,174.710684
2023-10-20 12:25:00+00:00,174.64,174.7,174.64,97,174.7,4671,174.665495
2023-10-20 12:26:00+00:00,174.64,174.64,174.64,40,174.64,1695,174.646378
2023-10-20 12:27:00+00:00,174.64,174.65,174.64,15,174.65,407,174.646437
2023-10-20 12:28:00+00:00,174.67,174.67,174.67,17,174.67,477,174.669423
2023-10-20 12:29:00+00:00,174.646,174.646,174.646,17,174.646,274,174.657759
2023-10-20 12:30:00+00:00,174.7,174.7,174.65,24,174.65,834,174.675882
2023-10-20 12:31:00+00:00,174.72,174.72,174.7,32,174.71,724,174.707079
2023-10-20 12:32:00+00:00,174.68,174.73,174.68,29,174.7285,1098,174.70821
2023-10-20 12:33:00+00:00,174.74,174.74,174.73,101,174.73,4061,174.731873
2023-10-20 12:34:00+00:00,174.74,174.78,174.74,44,174.75,1612,174.758403
2023-10-20 12:35:00+00:00,174.8,174.8,174.78,34,174.78,998,174.789529
2023-10-20 12:36:00+00:00,174.81,174.83,174.8,62,174.8,1837,174.823123
2023-10-20 12:37:00+00:00,174.81,174.84,174.81,72,174.8201,2113,174.807185
2023-10-20 12:39:00+00:00,174.81,174.81,174.81,16,174.81,510,174.806245
2023-10-20 12:40:00+00:00,174.8,174.8,174.76,35,174.76,869,174.78153
2023-10-20 12:41:00+00:00,174.83,174.83,174.83,24,174.83,423,174.830343
2023-10-20 12:42:00+00:00,174.84,174.84,174.84,29,174.84,2356,174.826895
2023-10-20 12:43:00+00:00,174.75,174.75,174.75,46,174.75,1308,174.763003
2023-10-20 12:44:00+00:00,174.7514,174.7514,174.66,77,174.71,2100,174.688367
2023-10-20 12:46:00+00:00,174.7,174.7,174.65,23,174.66,1176,174.661178
2023-10-20 12:47:00+00:00,174.6601,174.6601,174.6601,13,174.6601,242,174.664198
2023-10-20 12:48:00+00:00,174.65,174.7,174.65,22,174.7,804,174.661598
2023-10-20 12:50:00+00:00,174.68,174.68,174.63,68,174.64,2740,174.654613
2023-10-20 12:52:00+00:00,174.74,174.74,174.74,11,174.74,232,174.706207
2023-10-20 12:53:00+00:00,174.7,174.7,174.69,36,174.69,1006,174.689483
2023-10-20 12:54:00+00:00,174.73,174.73,174.67,38,174.67,1007,174.703722
2023-10-20 12:55:00+00:00,174.66,174.66,174.66,29,174.66,633,174.677398
2023-10-20 12:56:00+00:00,174.7,174.7,174.7,54,174.7,1518,174.717138
2023-10-20 12:57:00+00:00,174.68,174.74,174.68,49,174.74,2008,174.705792
2023-10-20 12:58:00+00:00,174.77,174.77,174.77,13,174.77,260,174.731635
2023-10-20 12:59:00+00:00,174.68,174.68,174.68,15,174.68,241,174.688133
2023-10-20 13:00:00+00:00,174.78,174.78,174.77,32,174.77,924,174.764767
2023-10-20 13:01:00+00:00,174.75,174.75,174.73,21,174.73,539,174.742514
2023-10-20 13:02:00+00:00,174.74,174.74,174.68,79,174.68,3865,174.715391
2023-10-20 13:03:00+00:00,174.77,174.77,174.71,75,174.71,4578,174.75036
2023-10-20 13:04:00+00:00,174.72,174.72,174.71,41,174.71,2318,174.714174
2023-10-20 13:05:00+00:00,174.6644,174.6644,174.6644,26,174.6644,428,174.689299
2023-10-20 13:06:00+00:00,174.73,174.73,174.73,56,174.73,1438,174.705577
2023-10-20 13:07:00+00:00,174.654,174.654,174.654,27,174.654,632,174.661068
2023-10-20 13:09:00+00:00,174.7299,174.7299,174.65,50,174.65,1232,174.668868
2023-10-20 13:11:00+00:00,174.7,174.7,174.7,21,174.7,244,174.688422
2023-10-20 13:13:00+00:00,174.7,174.7,174.69,24,174.7,706,174.696101
2023-10-20 13:14:00+00:00,174.75,174.75,174.71,47,174.71,1833,174.730674
2023-10-20 13:15:00+00:00,174.76,174.76,174.75,32,174.75,766,174.746495
2023-10-20 13:16:00+00:00,174.867,174.867,174.76,149,174.76,6751,174.808706
2023-10-20 13:17:00+00:00,174.87,174.87,174.84,74,174.87,2682,174.864096
2023-10-20 13:18:00+00:00,174.885,174.92,174.885,71,174.9,2350,174.903989
2023-10-20 13:21:00+00:00,174.84,174.84,174.84,35,174.84,1342,174.845816
2023-10-20 13:22:00+00:00,174.85,174.85,174.85,22,174.85,2619,174.849624
2023-10-20 13:23:00+00:00,174.85,174.92,174.85,36,174.89,1256,174.883117
2023-10-20 13:24:00+00:00,175.02,175.03,174.85,161,174.9,12020,174.943584
2023-10-20 13:25:00+00:00,174.64,175.0,174.42,756,174.98,60259,174.589679
2023-10-20 13:26:00+00:00,174.65,174.72,174.56,234,174.65,16537,174.610813
2023-10-20 13:27:00+00:00,175.28,175.28,174.56,694,174.62,67140,174.966638
2023-10-20 13:28:00+00:00,175.45,175.8,175.35,714,175.36,72207,175.504066
2023-10-20 13:29:00+00:00,175.41,175.75,175.22,523,175.46,95634,175.460721
2023-10-20 13:30:00+00:00,175.0201,175.39,174.81,7460,175.37,4560313,175.357384
2023-10-20 13:31:00+00:00,174.865,175.19,174.81,1397,175.02,121514,174.948261
2023-10-20 13:32:00+00:00,174.7663,175.12,174.72,1991,174.85,157884,174.870908
2023-10-20 13:33:00+00:00,174.82,175.02,174.75,1653,174.77,139026,174.872099
2023-10-20 13:34:00+00:00,174.85,174.96,174.81,1389,174.82,99154,174.877819
2023-10-20 13:35:00+00:00,174.94,174.98,174.67,2166,174.83,205033,174.810111
2023-10-20 13:36:00+00:00,174.91,175.0,174.85,1571,174.935,142428,174.907208
2023-10-20 13:37:00+00:00,174.94,175.03,174.87,1686,174.9,145257,174.968401
2023-10-20 13:38:00+00:00,174.9,175.1411,174.88,1389,174.94,147884,174.998137
2023-10-20 13:39:00+00:00,174.85,175.0399,174.8,1606,174.89,132783,174.913009
2023-10-20 13:40:00+00:00,174.92,175.08,174.81,2258,174.8538,189170,174.944052
2023-10-20 13:41:00+00:00,174.99,175.045,174.85,1695,174.9184,157202,174.941429
2023-10-20 13:42:00+00:00,174.99,175.21,174.86,2770,174.9984,240160,175.008945
2023-10-20 13:43:00+00:00,175.24,175.28,174.99,1654,175.01,159207,175.173162
2023-10-20 13:44:00+00:00,174.98,175.25,174.85,2411,175.24,207571,175.019054
2023-10-20 13:45:00+00:00,174.94,175.04,174.83,1998,174.98,133159,174.919304
2023-10-20 13:46:00+00:00,175.215,175.255,174.92,2873,174.95,118135,175.125903
2023-10-20 13:47:00+00:00,175.16,175.27,175.06,3158,175.23,120773,175.177695
2023-10-20 13:48:00+00:00,175.4,175.42,175.17,3654,175.17,151054,175.340515
2023-10-20 13:49:00+00:00,175.22,175.42,175.215,3925,175.4,130753,175.333572
2023-10-20 13:50:00+00:00,174.99,175.23,174.98,3726,175.22,144079,175.103581
2023-10-20 13:51:00+00:00,174.94,175.021,174.865,3965,174.99,185550,174.936898
2023-10-20 13:52:00+00:00,174.96,175.07,174.9215,3420,174.94,115013,174.997294
2023-10-20 13:53:00+00:00,174.91,175.0345,174.86,3563,174.96,92737,174.932375
2023-10-20 13:54:00+00:00,175.27,175.34,174.92,4289,174.93,225465,175.129375
2023-10-20 13:55:00+00:00,175.365,175.39,175.21,3485,175.27,118801,175.311696
2023-10-20 13:56:00+00:00,175.31,175.41,175.27,3262,175.381,138837,175.36194
2023-10-20 13:57:00+00:00,175.21,175.395,175.15,3739,175.3261,157709,175.252727
2023-10-20 13:58:00+00:00,175.23,175.26,175.14,3314,175.235,102735,175.202197
2023-10-20 13:59:00+00:00,175.1016,175.3,175.09,3529,175.23,132157,175.191833
2023-10-20 14:00:00+00:00,175.16,175.25,174.96,3894,175.105,139899,175.107262
2023-10-20 14:01:00+00:00,175.17,175.32,175.12,3596,175.16,128114,175.247309
2023-10-20 14:02:00+00:00,174.98,175.2,174.96,3679,175.14,105558,175.079509
2023-10-20 14:03:00+00:00,175.01,175.0465,174.9001,3897,174.99,132742,174.971092
2023-10-20 14:04:00+00:00,175.07,175.07,174.93,3281,175.02,96975,175.009051
2023-10-20 14:05:00+00:00,175.15,175.18,174.9817,3670,175.07,99303,175.102314
2023-10-20 14:06:00+00:00,175.005,175.18,174.96,3208,175.14,82592,175.075247
2023-10-20 14:07:00+00:00,174.94,175.13,174.92,3338,175.0,109614,175.009867
2023-10-20 14:08:00+00:00,174.7834,174.98,174.77,3438,174.96,139355,174.868707
2023-10-20 14:09:00+00:00,174.81,174.855,174.6575,3261,174.79,128343,174.747373
2023-10-20 14:10:00+00:00,174.82,174.89,174.76,3145,174.809,113447,174.803048
2023-10-20 14:11:00+00:00,174.41,174.8398,174.41,4712,174.83,256559,174.60085
2023-10-20 14:12:00+00:00,174.314,174.53,174.27,3698,174.41,227457,174.412657
2023-10-20 14:13:00+00:00,174.3601,174.43,174.29,2879,174.32,119525,174.339866
2023-10-20 14:14:00+00:00,174.3899,174.4899,174.35,2669,174.365,116937,174.425474
2023-10-20 14:15:00+00:00,174.58,174.61,174.37,3330,174.38,151066,174.503228
2023-10-20 14:16:00+00:00,174.685,174.75,174.58,3207,174.5809,115475,174.677301
2023-10-20 14:17:00+00:00,174.56,174.7499,174.56,2815,174.68,93491,174.651219
2023-10-20 14:18:00+00:00,174.52,174.61,174.5,2423,174.56,230128,174.546145
2023-10-20 14:19:00+00:00,174.62,174.69,174.52,2643,174.53,68857,174.612715
2023-10-20 14:20:00+00:00,174.5816,174.66,174.56,2741,174.6,66030,174.593125
2023-10-20 14:21:00+00:00,174.59,174.72,174.55,3278,174.58,72375,174.63438
2023-10-20 14:22:00+00:00,174.405,174.6,174.39,4401,174.59,224297,174.507931
2023-10-20 14:23:00+00:00,174.35,174.565,174.33,3607,174.4,118453,174.433371
2023-10-20 14:24:00+00:00,174.3,174.38,174.2801,3447,174.36,109717,174.326531
2023-10-20 14:25:00+00:00,174.19,174.31,174.18,3570,174.31,167827,174.243304
2023-10-20 14:26:00+00:00,174.27,174.32,174.07,3942,174.19,226548,174.160313
2023-10-20 14:27:00+00:00,174.281,174.3799,174.255,2366,174.275,97175,174.320439
2023-10-20 14:28:00+00:00,174.24,174.33,174.23,2705,174.3,74731,174.287676
2023-10-20 14:29:00+00:00,174.24,174.29,174.18,2812,174.23,87812,174.223856
2023-10-20 14:30:00+00:00,174.09,174.26,174.01,4437,174.24,233334,174.118756
2023-10-20 14:31:00+00:00,173.92,174.08,173.89,5771,174.08,263417,173.978672
2023-10-20 14:32:00+00:00,174.005,174.02,173.91,3709,173.9207,138055,173.956467
2023-10-20 14:33:00+00:00,174.0,174.02,173.91,3701,174.0088,139313,173.966129
2023-10-20 14:34:00+00:00,174.13,174.2123,173.99,3981,174.002,172714,174.11488
2023-10-20 14:35:00+00:00,174.18,174.25,174.1311,3469,174.14,319564,174.201491
2023-10-20 14:36:00+00:00,174.09,174.2,174.0653,3296,174.17,113636,174.116563
2023-10-20 14:37:00+00:00,173.95,174.1,173.935,3419,174.075,118974,174.004438
2023-10-20 14:38:00+00:00,173.875,173.99,173.87,3240,173.95,109368,173.925898
2023-10-20 14:39:00+00:00,173.76,173.88,173.745,3712,173.875,602314,174.066497
2023-10-20 14:40:00+00:00,173.71,173.8,173.692,1482,173.75,138043,173.739344
2023-10-20 14:41:00+00:00,173.715,173.8,173.6612,1305,173.71,100408,173.738533
2023-10-20 14:42:00+00:00,173.735,173.83,173.71,1050,173.71,78648,173.77465
2023-10-20 14:43:00+00:00,173.725,173.8099,173.71,1154,173.7399,97550,173.753398
2023-10-20 14:44:00+00:00,173.67,173.79,173.64,1477,173.71,118793,173.71067
2023-10-20 14:45:00+00:00,173.58,173.67,173.51,2317,173.668,969636,174.038995
2023-10-20 14:46:00+00:00,173.59,173.72,173.57,1737,173.585,156270,173.640881
2023-10-20 14:47:00+00:00,173.485,173.605,173.44,1760,173.595,151673,173.505491
2023-10-20 14:48:00+00:00,173.66,173.66,173.485,1620,173.485,161698,173.598423
2023-10-20 14:49:00+00:00,173.69,173.7,173.6022,1770,173.65,155636,173.682524
2023-10-20 14:50:00+00:00,173.6099,173.7,173.5725,1093,173.7,101700,173.627446
2023-10-20 14:51:00+00:00,173.55,173.68,173.52,2138,173.605,216040,173.623554
2023-10-20 14:52:00+00:00,173.655,173.66,173.51,1278,173.55,126127,173.60966
2023-10-20 14:53:00+00:00,173.595,173.7,173.56,1878,173.6589,190973,173.646901
2023-10-20 14:54:00+00:00,173.575,173.69,173.54,1169,173.6,95828,173.60651
2023-10-20 14:55:00+00:00,173.47,173.57,173.4301,1518,173.57,163406,173.479316
2023-10-20 14:56:00+00:00,173.48,173.54,173.4534,1256,173.475,117466,173.496209
2023-10-20 14:57:00+00:00,173.525,173.536,173.45,1199,173.48,99500,173.486923
2023-10-20 14:58:00+00:00,173.52,173.56,173.4801,1341,173.525,116139,173.514008
2023-10-20 14:59:00+00:00,173.365,173.55,173.34,2051,173.53,168853,173.438158
2023-10-20 15:00:00+00:00,173.48,173.55,173.345,2145,173.36,213683,173.444503
2023-10-20 15:01:00+00:00,173.6054,173.68,173.465,1380,173.48,139374,173.568296
2023-10-20 15:02:00+00:00,173.64,173.65,173.56,1334,173.61,134128,173.608411
2023-10-20 15:03:00+00:00,173.61,173.665,173.535,1540,173.65,198736,173.622727
2023-10-20 15:04:00+00:00,173.61,173.66,173.58,1334,173.6101,114696,173.621505
2023-10-20 15:05:00+00:00,173.595,173.67,173.5778,1994,173.6,276084,173.641178
2023-10-20 15:06:00+00:00,173.61,173.67,173.595,1894,173.6,184387,173.628319
2023-10-20 15:07:00+00:00,173.549,173.65,173.54,1435,173.6199,110662,173.626091
2023-10-20 15:08:00+00:00,173.55,173.57,173.5,1045,173.54,79842,173.534984
2023-10-20 15:09:00+00:00,173.5,173.61,173.47,1103,173.58,163060,173.565322
2023-10-20 15:10:00+00:00,173.37,173.52,173.37,1734,173.49,127248,173.454209
2023-10-20 15:11:00+00:00,173.536,173.57,173.365,1008,173.37,76370,173.463424
2023-10-20 15:12:00+00:00,173.48,173.54,173.4,1041,173.53,61888,173.475853
2023-10-20 15:13:00+00:00,173.53,173.53,173.44,933,173.48,62483,173.487614
2023-10-20 15:14:00+00:00,173.49,173.59,173.47,1015,173.53,78852,173.533913
2023-10-20 15:15:00+00:00,173.36,173.5,173.33,1292,173.49,116746,173.439861
2023-10-20 15:16:00+00:00,173.29,173.42,173.283,1539,173.36,129607,173.339771
2023-10-20 15:17:00+00:00,173.21,173.3,173.13,2422,173.295,282362,173.214761
2023-10-20 15:18:00+00:00,173.33,173.39,173.23,1263,173.23,104581,173.334362
2023-10-20 15:19:00+00:00,173.26,173.35,173.21,1525,173.34,114310,173.28031
2023-10-20 15:20:00+00:00,173.1,173.25,173.07,1821,173.25,154203,173.143355
2023-10-20 15:21:00+00:00,172.94,173.13,172.9343,3197,173.115,186526,173.01825
2023-10-20 15:22:00+00:00,172.915,173.03,172.88,1507,172.94,110412,172.951351
2023-10-20 15:23:00+00:00,172.8601,172.97,172.84,1547,172.91,108386,172.901464
2023-10-20 15:24:00+00:00,172.83,172.92,172.8,1599,172.865,161966,172.871099
2023-10-20 15:25:00+00:00,172.7019,172.86,172.69,1642,172.835,133586,172.783225
2023-10-20 15:26:00+00:00,172.65,172.76,172.65,1546,172.705,147754,172.702633
2023-10-20 15:27:00+00:00,172.74,172.825,172.64,1487,172.65,138651,172.736836
2023-10-20 15:28:00+00:00,172.885,172.89,172.74,1301,172.74,111863,172.832434
2023-10-20 15:29:00+00:00,172.8699,172.89,172.8425,1165,172.885,91098,172.875966
2023-10-20 15:30:00+00:00,172.915,172.95,172.825,1245,172.88,164697,172.899237
2023-10-20 15:31:00+00:00,172.91,172.99,172.85,1440,172.915,126383,172.917273
2023-10-20 15:32:00+00:00,172.82,172.94,172.81,1381,172.9177,120432,172.862447
2023-10-20 15:33:00+00:00,172.781,172.875,172.78,1224,172.84,96811,172.825012
2023-10-20 15:34:00+00:00,172.85,172.92,172.78,1222,172.78,119456,172.88468
2023-10-20 15:35:00+00:00,172.75,172.86,172.67,2741,172.86,304242,172.733627
2023-10-20 15:36:00+00:00,172.89,172.89,172.74,1285,172.755,121812,172.836454
2023-10-20 15:37:00+00:00,172.925,173.0,172.86,1643,172.88,205115,172.942012
2023-10-20 15:38:00+00:00,172.9641,172.99,172.81,1868,172.92,177904,172.916203
2023-10-20 15:39:00+00:00,173.115,173.235,172.955,2546,172.97,292796,173.084419
2023-10-20 15:40:00+00:00,173.0301,173.16,172.985,2032,173.115,202532,173.067317
2023-10-20 15:41:00+00:00,173.05,173.095,172.96,1185,173.035,88193,173.039375
2023-10-20 15:42:00+00:00,173.24,173.26,173.05,1215,173.0513,125735,173.158586
2023-10-20 15:43:00+00:00,172.99,173.23,172.99,990,173.23,78003,173.107458
2023-10-20 15:44:00+00:00,173.09,173.115,172.9911,786,172.9911,53183,173.071868
2023-10-20 15:45:00+00:00,173.18,173.1914,173.0501,1005,173.09,76811,173.129541
2023-10-20 15:46:00+00:00,173.199,173.22,173.13,1014,173.18,77257,173.175294
2023-10-20 15:47:00+00:00,173.2318,173.275,173.19,1170,173.2,141591,173.202286
2023-10-20 15:48:00+00:00,173.25,173.36,173.22,1547,173.23,125682,173.280835
2023-10-20 15:49:00+00:00,173.3247,173.35,173.23,1018,173.26,79226,173.294018
2023-10-20 15:50:00+00:00,173.19,173.3299,173.12,1064,173.3111,91665,173.206756
2023-10-20 15:51:00+00:00,173.22,173.26,173.1773,876,173.1773,70518,173.222448
2023-10-20 15:52:00+00:00,173.21,173.22,173.12,888,173.22,67082,173.172952
2023-10-20 15:53:00+00:00,173.24,173.27,173.19,737,173.215,71942,173.115575
2023-10-20 15:54:00+00:00,173.262,173.2676,173.11,1264,173.23,111056,173.168025
2023-10-20 15:55:00+00:00,173.37,173.46,173.26,1536,173.2619,132457,173.3683
2023-10-20 15:56:00+00:00,173.45,173.4771,173.34,933,173.365,95931,173.417599
2023-10-20 15:57:00+00:00,173.6701,173.68,173.43,2056,173.45,187509,173.559154
2023-10-20 15:58:00+00:00,173.56,173.675,173.49,1318,173.67,107901,173.567517
2023-10-20 15:59:00+00:00,173.64,173.64,173.53,1084,173.545,97281,173.574315
2023-10-20 16:00:00+00:00,173.7299,173.73,173.6133,1257,173.65,104291,173.662266
2023-10-20 16:01:00+00:00,173.625,173.73,173.62,1021,173.72,78291,173.696174
2023-10-20 16:02:00+00:00,173.7954,173.7954,173.61,1714,173.62,149137,173.735809
2023-10-20 16:03:00+00:00,173.67,173.84,173.64,1621,173.8,149699,173.764516
2023-10-20 16:04:00+00:00,173.76,173.77,173.64,1157,173.68,103359,173.699893
2023-10-20 16:05:00+00:00,173.8211,173.8211,173.6799,899,173.765,112745,173.768719
2023-10-20 16:06:00+00:00,173.775,173.83,173.73,1076,173.82,80470,173.791566
2023-10-20 16:07:00+00:00,173.8,173.8,173.655,1303,173.79,119682,173.712853
2023-10-20 16:08:00+00:00,173.715,173.8,173.66,911,173.8,69878,173.722603
2023-10-20 16:09:00+00:00,173.67,173.72,173.5844,1022,173.72,95791,173.641474
2023-10-20 16:10:00+00:00,173.6701,173.7,173.57,929,173.67,83698,173.629504
2023-10-20 16:11:00+00:00,173.59,173.695,173.59,608,173.675,42413,173.646987
2023-10-20 16:12:00+00:00,173.455,173.59,173.42,1106,173.59,99848,173.481367
2023-10-20 16:13:00+00:00,173.49,173.52,173.441,775,173.46,71360,173.480163
2023-10-20 16:14:00+00:00,173.51,173.59,173.47,697,173.52,63333,173.541194
2023-10-20 16:15:00+00:00,173.44,173.51,173.4,702,173.51,45264,173.448292
2023-10-20 16:16:00+00:00,173.51,173.535,173.4201,961,173.45,111389,173.488158
2023-10-20 16:17:00+00:00,173.65,173.675,173.51,849,173.52,83078,173.618054
2023-10-20 16:18:00+00:00,173.57,173.655,173.545,747,173.65,54141,173.584309
2023-10-20 16:19:00+00:00,173.67,173.7,173.53,764,173.58,71366,173.614047
2023-10-20 16:20:00+00:00,173.7434,173.75,173.6254,696,173.69,62028,173.681069
2023-10-20 16:21:00+00:00,173.72,173.81,173.67,1517,173.75,166917,173.743014
2023-10-20 16:22:00+00:00,173.655,173.7465,173.61,619,173.73,54353,173.640422
2023-10-20 16:23:00+00:00,173.7301,173.76,173.66,739,173.669,69699,173.713169
2023-10-20 16:24:00+00:00,173.79,173.82,173.73,733,173.74,84817,173.785776
2023-10-20 16:25:00+00:00,173.7401,173.8,173.7078,836,173.79,74982,173.749531
2023-10-20 16:26:00+00:00,173.68,173.775,173.66,729,173.745,64835,173.720431
2023-10-20 16:27:00+00:00,173.535,173.71,173.51,988,173.68,79015,173.609038
2023-10-20 16:28:00+00:00,173.57,173.61,173.53,582,173.535,60013,173.569876
2023-10-20 16:29:00+00:00,173.56,173.62,173.53,652,173.56,47275,173.576982
2023-10-20 16:30:00+00:00,173.5972,173.68,173.56,637,173.57,51281,173.605169
2023-10-20 16:31:00+00:00,173.75,173.78,173.6001,726,173.6001,63600,173.708793
2023-10-20 16:32:00+00:00,173.79,173.82,173.73,740,173.73,85861,173.771071
2023-10-20 16:33:00+00:00,173.7,173.795,173.64,817,173.78,66913,173.718101
2023-10-20 16:34:00+00:00,173.8,173.83,173.6935,616,173.7,49177,173.789932
2023-10-20 16:35:00+00:00,173.83,173.835,173.73,590,173.8,49322,173.801489
2023-10-20 16:36:00+00:00,173.9234,173.94,173.82,944,173.82,93103,173.87342
2023-10-20 16:37:00+00:00,173.93,173.98,173.91,766,173.925,89424,173.948826
2023-10-20 16:38:00+00:00,173.86,173.92,173.83,683,173.92,65195,173.767242
2023-10-20 16:39:00+00:00,173.9,173.9001,173.83,628,173.86,64341,173.861855
2023-10-20 16:40:00+00:00,173.81,173.9,173.79,768,173.9,265126,173.792537
2023-10-20 16:41:00+00:00,173.75,173.84,173.7,704,173.81,58178,173.773219
2023-10-20 16:42:00+00:00,173.66,173.77,173.66,594,173.73,45624,173.721657
2023-10-20 16:43:00+00:00,173.72,173.74,173.6546,589,173.6689,48027,173.713263
2023-10-20 16:44:00+00:00,173.71,173.73,173.67,464,173.73,36147,173.70656
2023-10-20 16:45:00+00:00,173.95,173.96,173.69,1141,173.71,111603,173.848489
2023-10-20 16:46:00+00:00,173.88,173.95,173.86,576,173.94,50531,173.897183
2023-10-20 16:47:00+00:00,173.95,174.0,173.84,636,173.87,69979,173.93872
2023-10-20 16:48:00+00:00,173.96,173.96,173.88,545,173.95,59878,173.922883
2023-10-20 16:49:00+00:00,173.955,173.98,173.92,630,173.94,51460,173.936968
2023-10-20 16:50:00+00:00,173.95,173.985,173.87,755,173.96,75437,173.925027
2023-10-20 16:51:00+00:00,173.84,173.98,173.84,674,173.945,57305,173.911664
2023-10-20 16:52:00+00:00,174.06,174.08,173.84,905,173.84,97020,173.954775
2023-10-20 16:53:00+00:00,174.02,174.09,173.97,813,174.07,87668,174.023918
2023-10-20 16:54:00+00:00,174.03,174.06,173.99,689,174.035,57049,174.023034
2023-10-20 16:55:00+00:00,174.13,174.14,174.01,683,174.025,75337,174.075474
2023-10-20 16:56:00+00:00,174.15,174.16,174.05,693,174.13,64765,174.097233
2023-10-20 16:57:00+00:00,174.18,174.22,174.11,879,174.155,97049,174.173098
2023-10-20 16:58:00+00:00,174.29,174.3597,174.13,1366,174.181,590304,174.179166
2023-10-20 16:59:00+00:00,174.315,174.36,174.26,906,174.28,99073,174.309107
2023-10-20 17:00:00+00:00,174.25,174.385,174.22,1141,174.32,126172,174.298874
2023-10-20 17:01:00+00:00,174.2,174.3299,174.2,789,174.25,61161,174.251842
2023-10-20 17:02:00+00:00,174.29,174.3,174.17,645,174.201,54172,174.245255
2023-10-20 17:03:00+00:00,174.225,174.32,174.19,735,174.28,63646,174.246183
2023-10-20 17:04:00+00:00,174.19,174.28,174.19,610,174.23,55372,174.231276
2023-10-20 17:05:00+00:00,174.1588,174.26,174.15,752,174.21,75671,174.190568
2023-10-20 17:06:00+00:00,174.02,174.1881,174.02,830,174.15,81280,174.118348
2023-10-20 17:07:00+00:00,174.07,174.1,173.9827,883,174.02,78629,174.048384
2023-10-20 17:08:00+00:00,174.0,174.1276,173.98,633,174.08,47096,174.05846
2023-10-20 17:09:00+00:00,174.04,174.06,173.98,751,174.0,87544,174.025719
2023-10-20 17:10:00+00:00,174.07,174.12,174.03,826,174.04,80920,174.079935
2023-10-20 17:11:00+00:00,174.1099,174.21,174.03,781,174.07,81558,174.123253
2023-10-20 17:12:00+00:00,174.23,174.26,174.0953,770,174.1,82157,174.195031
2023-10-20 17:13:00+00:00,174.1945,174.245,174.16,723,174.23,57185,174.190488
2023-10-20 17:14:00+00:00,174.2412,174.26,174.19,684,174.2,65689,174.228901
2023-10-20 17:15:00+00:00,174.2567,174.26,174.115,779,174.23,78175,174.198941
2023-10-20 17:16:00+00:00,174.39,174.42,174.2,1529,174.2497,191435,174.299218
2023-10-20 17:17:00+00:00,174.51,174.53,174.32,1778,174.38,234165,174.437515
2023-10-20 17:18:00+00:00,174.54,174.57,174.4,1319,174.51,146730,174.500497
2023-10-20 17:19:00+00:00,174.67,174.72,174.53,1741,174.53,225098,174.669627
2023-10-20 17:20:00+00:00,174.64,174.67,174.53,1030,174.67,110773,174.605364
2023-10-20 17:21:00+00:00,174.47,174.66,174.36,951,174.66,85820,174.466938
2023-10-20 17:22:00+00:00,174.585,174.652,174.43,977,174.46,123273,174.56522
2023-10-20 17:23:00+00:00,174.56,174.59,174.4324,651,174.58,70179,174.525524
2023-10-20 17:24:00+00:00,174.475,174.56,174.365,654,174.54,84736,174.442364
2023-10-20 17:25:00+00:00,174.3806,174.475,174.37,1001,174.475,98871,174.405688
2023-10-20 17:26:00+00:00,174.26,174.4,174.24,945,174.385,89360,174.313297
2023-10-20 17:27:00+00:00,174.2502,174.335,174.24,676,174.26,71831,174.286201
2023-10-20 17:28:00+00:00,174.1325,174.2547,174.1138,698,174.2547,62153,174.183676
2023-10-20 17:29:00+00:00,174.18,174.22,174.08,768,174.14,473366,174.188145
2023-10-20 17:30:00+00:00,174.1604,174.24,174.11,910,174.185,79649,174.175
2023-10-20 17:31:00+00:00,174.12,174.1819,174.01,898,174.17,64021,174.09631
2023-10-20 17:32:00+00:00,174.1401,174.155,174.07,682,174.1207,43279,174.11952
2023-10-20 17:33:00+00:00,174.149,174.21,174.0673,708,174.14,59744,174.149014
2023-10-20 17:34:00+00:00,174.04,174.15,174.03,898,174.15,96633,174.079667
2023-10-20 17:35:00+00:00,174.06,174.19,174.03,715,174.04,58502,174.111657
2023-10-20 17:36:00+00:00,174.06,174.13,174.035,545,174.089,39364,174.08532
2023-10-20 17:37:00+00:00,174.065,174.075,174.02,471,174.06,33032,174.048755
2023-10-20 17:38:00+00:00,174.08,174.12,174.05,447,174.055,30380,174.082261
2023-10-20 17:39:00+00:00,174.0101,174.11,173.99,699,174.08,45541,174.048389
2023-10-20 17:40:00+00:00,174.12,174.24,174.0,1193,174.01,105647,174.123223
2023-10-20 17:41:00+00:00,174.24,174.25,174.1091,501,174.12,48743,174.204838
2023-10-20 17:42:00+00:00,174.2799,174.31,174.195,609,174.24,66544,174.251966
2023-10-20 17:43:00+00:00,174.365,174.38,174.2532,766,174.27,85708,174.333154
2023-10-20 17:44:00+00:00,174.25,174.38,174.23,752,174.37,71170,174.285765
2023-10-20 17:45:00+00:00,174.09,174.305,174.03,746,174.2403,79008,174.170558
2023-10-20 17:46:00+00:00,174.06,174.09,173.9435,1076,174.09,113717,173.995187
2023-10-20 17:47:00+00:00,174.1,174.14,174.05,541,174.06,45641,174.089106
2023-10-20 17:48:00+00:00,174.0,174.11,173.98,602,174.11,60411,174.057827
2023-10-20 17:49:00+00:00,174.02,174.0301,173.965,567,174.0,44576,174.004554
2023-10-20 17:50:00+00:00,174.08,174.15,173.9862,725,174.03,52873,174.056355
2023-10-20 17:51:00+00:00,174.064,174.165,174.045,560,174.09,64782,174.113085
2023-10-20 17:52:00+00:00,174.0,174.12,173.97,566,174.05,47491,174.036903
2023-10-20 17:53:00+00:00,173.96,174.055,173.94,763,174.0,65201,173.990444
2023-10-20 17:54:00+00:00,173.99,174.06,173.8877,1283,173.96,116077,173.981048
2023-10-20 17:55:00+00:00,174.1377,174.15,173.94,707,173.99,67252,174.058838
2023-10-20 17:56:00+00:00,174.0199,174.16,174.0199,459,174.14,39413,174.088128
2023-10-20 17:57:00+00:00,174.14,174.1699,174.0,603,174.03,55721,174.086177
2023-10-20 17:58:00+00:00,174.1757,174.22,174.09,676,174.1406,76258,174.156898
2023-10-20 17:59:00+00:00,174.305,174.305,174.15,755,174.1724,83552,174.232122
2023-10-20 18:00:00+00:00,174.31,174.35,174.22,1243,174.3,158730,174.292524
2023-10-20 18:01:00+00:00,174.3316,174.38,174.26,1141,174.315,117551,174.327716
2023-10-20 18:02:00+00:00,174.21,174.39,174.21,664,174.33,62473,174.305281
2023-10-20 18:03:00+00:00,174.09,174.27,174.08,594,174.2014,61223,174.189053
2023-10-20 18:04:00+00:00,174.0511,174.14,174.0506,480,174.1,64620,174.095161
2023-10-20 18:05:00+00:00,173.99,174.135,173.98,628,174.065,71943,174.048423
2023-10-20 18:06:00+00:00,173.94,174.0,173.89,765,173.99,68464,173.940902
2023-10-20 18:07:00+00:00,173.9701,174.03,173.92,977,173.9479,86722,173.966862
2023-10-20 18:08:00+00:00,174.0113,174.0599,173.94,478,173.985,46825,174.004437
2023-10-20 18:09:00+00:00,174.01,174.065,173.9601,486,174.0,39256,174.004798
2023-10-20 18:10:00+00:00,173.86,174.0399,173.82,960,174.03,84603,173.911152
2023-10-20 18:11:00+00:00,173.72,173.85,173.6852,1063,173.85,96842,173.75422
2023-10-20 18:12:00+00:00,173.66,173.78,173.65,748,173.73,65777,173.687943
2023-10-20 18:13:00+00:00,173.75,173.78,173.67,780,173.67,87587,173.723891
2023-10-20 18:14:00+00:00,173.6827,173.77,173.65,649,173.765,73341,173.688893
2023-10-20 18:15:00+00:00,173.65,173.75,173.62,825,173.68,62545,173.692236
2023-10-20 18:16:00+00:00,173.66,173.7,173.6047,667,173.63,59575,173.655073
2023-10-20 18:17:00+00:00,173.5582,173.67,173.46,1436,173.67,147486,173.544966
2023-10-20 18:18:00+00:00,173.56,173.58,173.47,681,173.53,72731,173.506278
2023-10-20 18:19:00+00:00,173.54,173.63,173.495,1375,173.545,323726,173.53829
2023-10-20 18:20:00+00:00,173.64,173.68,173.54,1007,173.54,96646,173.62281
2023-10-20 18:21:00+00:00,173.63,173.64,173.56,726,173.63,63615,173.588775
2023-10-20 18:22:00+00:00,173.61,173.66,173.6,497,173.655,36199,173.624767
2023-10-20 18:23:00+00:00,173.69,173.74,173.61,636,173.62,52346,173.680017
2023-10-20 18:24:00+00:00,173.67,173.71,173.63,678,173.69,49879,173.671284
2023-10-20 18:25:00+00:00,173.6085,173.682,173.57,687,173.66,51854,173.612188
2023-10-20 18:26:00+00:00,173.65,173.68,173.61,488,173.61,44736,173.645725
2023-10-20 18:27:00+00:00,173.59,173.7101,173.55,831,173.65,61353,173.609672
2023-10-20 18:28:00+00:00,173.57,173.6111,173.5311,916,173.6,88609,173.571756
2023-10-20 18:29:00+00:00,173.58,173.62,173.525,953,173.57,69707,173.556078
2023-10-20 18:30:00+00:00,173.51,173.5706,173.44,906,173.56,79310,173.507528
2023-10-20 18:31:00+00:00,173.47,173.57,173.46,700,173.505,77916,173.529218
2023-10-20 18:32:00+00:00,173.42,173.51,173.37,926,173.47,68503,173.418857
2023-10-20 18:33:00+00:00,173.441,173.5,173.41,677,173.425,56501,173.447883
2023-10-20 18:34:00+00:00,173.56,173.6094,173.4454,1009,173.4499,99587,173.515031
2023-10-20 18:35:00+00:00,173.625,173.76,173.53,1852,173.56,157051,173.654575
2023-10-20 18:36:00+00:00,173.55,173.66,173.55,672,173.62,56184,173.610293
2023-10-20 18:37:00+00:00,173.46,173.5442,173.42,632,173.54,54156,173.464448
2023-10-20 18:38:00+00:00,173.41,173.465,173.34,889,173.46,86576,173.403604
2023-10-20 18:39:00+00:00,173.42,173.43,173.36,728,173.4,74520,173.399878
2023-10-20 18:40:00+00:00,173.36,173.43,173.3401,551,173.42,38228,173.38899
2023-10-20 18:41:00+00:00,173.39,173.42,173.353,564,173.37,42138,173.387145
2023-10-20 18:42:00+00:00,173.27,173.4,173.255,812,173.3856,80508,173.299737
2023-10-20 18:43:00+00:00,173.37,173.37,173.27,560,173.28,49247,173.318342
2023-10-20 18:44:00+00:00,173.465,173.49,173.34,837,173.3729,86243,173.438422
2023-10-20 18:45:00+00:00,173.52,173.56,173.41,887,173.46,90642,173.48961
2023-10-20 18:46:00+00:00,173.425,173.55,173.41,811,173.535,75303,173.460632
2023-10-20 18:47:00+00:00,173.46,173.51,173.43,507,173.43,48167,173.498968
2023-10-20 18:48:00+00:00,173.56,173.56,173.45,450,173.46,33203,173.508635
2023-10-20 18:49:00+00:00,173.57,173.5999,173.55,521,173.57,46178,173.573995
2023-10-20 18:50:00+00:00,173.5837,173.59,173.49,650,173.58,74920,173.5424
2023-10-20 18:51:00+00:00,173.61,173.63,173.54,685,173.5802,73092,173.57967
2023-10-20 18:52:00+00:00,173.58,173.66,173.58,637,173.62,56020,173.624299
2023-10-20 18:53:00+00:00,173.658,173.6799,173.54,847,173.6,70575,173.598179
2023-10-20 18:54:00+00:00,173.69,173.73,173.63,703,173.65,253316,173.547915
2023-10-20 18:55:00+00:00,173.7401,173.81,173.6603,873,173.69,184739,173.722466
2023-10-20 18:56:00+00:00,173.83,173.86,173.715,716,173.745,65392,173.807441
2023-10-20 18:57:00+00:00,173.665,173.8301,173.6399,770,173.83,85012,173.733743
2023-10-20 18:58:00+00:00,173.585,173.66,173.54,994,173.66,89865,173.586516
2023-10-20 18:59:00+00:00,173.51,173.595,173.48,911,173.59,173559,173.603458
2023-10-20 19:00:00+00:00,173.619,173.65,173.455,816,173.53,79545,173.563669
2023-10-20 19:01:00+00:00,173.65,173.68,173.54,650,173.61,64707,173.617011
2023-10-20 19:02:00+00:00,173.74,173.755,173.61,634,173.65,63786,173.700189
2023-10-20 19:03:00+00:00,173.67,173.75,173.65,599,173.73,56512,173.710571
2023-10-20 19:04:00+00:00,173.555,173.6966,173.54,760,173.68,70250,173.628827
2023-10-20 19:05:00+00:00,173.65,173.71,173.541,694,173.565,62991,173.631395
2023-10-20 19:06:00+00:00,173.61,173.66,173.59,807,173.64,83419,173.623183
2023-10-20 19:07:00+00:00,173.59,173.69,173.57,808,173.62,68919,173.629805
2023-10-20 19:08:00+00:00,173.49,173.61,173.49,680,173.59,50032,173.543366
2023-10-20 19:09:00+00:00,173.31,173.5,173.3,1127,173.48,97125,173.41327
2023-10-20 19:10:00+00:00,173.3729,173.45,173.305,832,173.31,84430,173.392777
2023-10-20 19:11:00+00:00,173.3214,173.4,173.22,1122,173.37,104737,173.32829
2023-10-20 19:12:00+00:00,173.28,173.38,173.27,884,173.32,73571,173.333087
2023-10-20 19:13:00+00:00,173.265,173.29,173.18,1135,173.29,95830,173.236475
2023-10-20 19:14:00+00:00,173.38,173.39,173.24,786,173.28,62029,173.325491
2023-10-20 19:15:00+00:00,173.43,173.43,173.315,770,173.375,331336,173.256324
2023-10-20 19:16:00+00:00,173.35,173.5,173.35,828,173.44,86628,173.439715
2023-10-20 19:17:00+00:00,173.48,173.5,173.35,1140,173.35,100705,173.407378
2023-10-20 19:18:00+00:00,173.52,173.54,173.44,844,173.47,96774,173.495691
2023-10-20 19:19:00+00:00,173.69,173.715,173.51,1196,173.52,119879,173.632122
2023-10-20 19:20:00+00:00,173.44,173.685,173.44,1149,173.68,101044,173.606806
2023-10-20 19:21:00+00:00,173.4011,173.44,173.37,949,173.44,80935,173.40538
2023-10-20 19:22:00+00:00,173.34,173.44,173.323,793,173.41,61100,173.37656
2023-10-20 19:23:00+00:00,173.33,173.35,173.3,845,173.33,70282,173.343175
2023-10-20 19:24:00+00:00,173.31,173.34,173.24,1030,173.34,82027,173.289303
2023-10-20 19:25:00+00:00,173.15,173.32,173.13,1407,173.3001,118319,173.220278
2023-10-20 19:26:00+00:00,173.2517,173.2727,173.125,1260,173.155,129969,173.192072
2023-10-20 19:27:00+00:00,173.34,173.365,173.25,1124,173.25,104617,173.29675
2023-10-20 19:28:00+00:00,173.37,173.375,173.2708,933,173.34,70952,173.320925
2023-10-20 19:29:00+00:00,173.38,173.43,173.34,1042,173.38,85017,173.379549
2023-10-20 19:30:00+00:00,173.375,173.44,173.32,1110,173.37,91559,173.385974
2023-10-20 19:31:00+00:00,173.42,173.45,173.33,1285,173.37,111498,173.402054
2023-10-20 19:32:00+00:00,173.41,173.49,173.39,1162,173.43,82845,173.428558
2023-10-20 19:33:00+00:00,173.31,173.41,173.3001,1086,173.41,98889,173.351055
2023-10-20 19:34:00+00:00,173.35,173.365,173.285,1043,173.3,82842,173.322019
2023-10-20 19:35:00+00:00,173.36,173.41,173.3,1193,173.35,93394,173.348193
2023-10-20 19:36:00+00:00,173.33,173.42,173.31,1206,173.35,112701,173.377622
2023-10-20 19:37:00+00:00,173.34,173.3913,173.31,1143,173.325,108049,173.346339
2023-10-20 19:38:00+00:00,173.29,173.33,173.21,1326,173.33,129761,173.269225
2023-10-20 19:39:00+00:00,173.36,173.435,173.29,1358,173.29,130866,173.385006
2023-10-20 19:40:00+00:00,173.2088,173.38,173.2088,1854,173.365,172367,173.28789
2023-10-20 19:41:00+00:00,173.16,173.21,173.08,2601,173.205,241270,173.146544
2023-10-20 19:42:00+00:00,173.15,173.2,173.11,1873,173.16,173352,173.147538
2023-10-20 19:43:00+00:00,173.17,173.18,173.12,1576,173.15,132653,173.156395
2023-10-20 19:44:00+00:00,173.175,173.21,173.13,1725,173.16,138133,173.167102
2023-10-20 19:45:00+00:00,173.23,173.24,173.11,2197,173.185,200181,173.164979
2023-10-20 19:46:00+00:00,173.15,173.32,173.15,2194,173.24,188546,173.222324
2023-10-20 19:47:00+00:00,173.18,173.235,173.1,1879,173.16,164686,173.151572
2023-10-20 19:48:00+00:00,173.22,173.27,173.16,1695,173.18,130264,173.200263
2023-10-20 19:49:00+00:00,173.205,173.26,173.15,1551,173.22,144158,173.210719
2023-10-20 19:50:00+00:00,172.97,173.23,172.97,3917,173.21,367374,173.093565
2023-10-20 19:51:00+00:00,172.8133,172.9723,172.8,2905,172.97,253051,172.877023
2023-10-20 19:52:00+00:00,172.945,173.0,172.82,2630,172.82,256172,172.937449
2023-10-20 19:53:00+00:00,172.895,172.98,172.88,2201,172.95,209124,172.937953
2023-10-20 19:54:00+00:00,172.86,173.07,172.83,3557,172.89,352039,172.955626
2023-10-20 19:55:00+00:00,172.985,173.005,172.81,4229,172.865,454440,172.924729
2023-10-20 19:56:00+00:00,172.91,173.01,172.86,3563,172.9801,365817,172.911992
2023-10-20 19:57:00+00:00,172.96,172.98,172.9,3376,172.91,346518,172.938326
2023-10-20 19:58:00+00:00,172.99,173.02,172.95,4138,172.95,525816,172.988374
2023-10-20 19:59:00+00:00,172.84,173.06,172.81,8723,172.985,1166691,172.963075
2023-10-20 20:00:00+00:00,173.0,173.06,172.84,339,172.84,9355073,172.880321
2023-10-20 20:01:00+00:00,172.91,172.98,172.85,177,172.98,137994,172.884172
2023-10-20 20:02:00+00:00,172.9,172.95,172.85,126,172.94,917391,172.904108
2023-10-20 20:03:00+00:00,172.91,172.93,172.87,89,172.88,9885,172.891316
2023-10-20 20:04:00+00:00,172.93,172.93,172.87,52,172.89,222468,172.880469
2023-10-20 20:05:00+00:00,173.0,173.0,172.92,96,172.94,12143,172.966531
2023-10-20 20:06:00+00:00,173.14,173.14,173.04,50,173.04,4143,173.083065
2023-10-20 20:07:00+00:00,173.0,173.08,173.0,55,173.08,2160,173.05648
2023-10-20 20:08:00+00:00,172.88,173.05,172.88,66,173.05,3590,172.970993
2023-10-20 20:09:00+00:00,172.99,172.99,172.88,69,172.88,33113,172.886169
2023-10-20 20:10:00+00:00,172.96,173.0,172.92,43,172.92,3569,172.940846
2023-10-20 20:11:00+00:00,172.96,173.0,172.92,57,172.93,3713,172.95744
2023-10-20 20:12:00+00:00,172.9539,173.0,172.91,77,172.93,4934,172.94044
2023-10-20 20:13:00+00:00,172.9417,173.02,172.88,59,172.96,34774,172.89307
2023-10-20 20:14:00+00:00,173.0,173.0,173.0,22,173.0,350,172.990729
2023-10-20 20:15:00+00:00,173.0,173.0,172.92,61,172.95,3571,172.952261
2023-10-20 20:16:00+00:00,173.03,173.03,172.96,48,172.97,3657,172.996582
2023-10-20 20:17:00+00:00,173.0398,173.0398,173.0,31,173.0,668,173.013518
2023-10-20 20:18:00+00:00,172.96,173.03,172.96,75,173.0,14190,172.994919
2023-10-20 20:19:00+00:00,172.9,172.95,172.9,70,172.95,9186,172.926641
2023-10-20 20:20:00+00:00,172.97,172.97,172.9,63,172.9001,3367,172.949124
2023-10-20 20:21:00+00:00,172.97,172.97,172.95,33,172.97,734,172.96361
2023-10-20 20:23:00+00:00,172.9,172.96,172.9,57,172.96,2744,172.921928
2023-10-20 20:24:00+00:00,172.96,172.97,172.92,54,172.92,2721,172.95498
2023-10-20 20:25:00+00:00,172.98,172.98,172.98,31,172.98,1428,172.975158
2023-10-20 20:26:00+00:00,172.9976,172.9976,172.9976,35,172.9976,649,172.999838
2023-10-20 20:27:00+00:00,173.0,173.0,173.0,21,173.0,1626,172.912199
2023-10-20 20:28:00+00:00,173.0,173.04,173.0,41,173.0,2986,173.016997
2023-10-20 20:29:00+00:00,173.0,173.05,173.0,43,173.0,2818,173.021333
2023-10-20 20:30:00+00:00,173.03,173.03,173.01,25,173.01,879,173.022844
2023-10-20 20:31:00+00:00,173.01,173.01,173.0,50,173.01,3295,173.001927
2023-10-20 20:32:00+00:00,173.02,173.07,173.0,53,173.02,7507,173.017882
2023-10-20 20:34:00+00:00,173.06,173.06,173.03,15,173.03,533,173.048508
2023-10-20 20:35:00+00:00,173.02,173.02,173.02,15,173.02,225,173.024711
2023-10-20 20:36:00+00:00,173.0,173.01,173.0,35,173.01,1131,173.013537
2023-10-20 20:37:00+00:00,172.97,173.03,172.96,55,173.02,3484,173.002662
2023-10-20 20:38:00+00:00,172.99,173.29,172.97,35,173.29,51062,173.283815
2023-10-20 20:39:00+00:00,172.99,172.99,172.98,14,172.98,1025,172.984937
2023-10-20 20:40:00+00:00,172.98,172.98,172.98,15,172.98,172,172.982416
2023-10-20 20:41:00+00:00,173.0,173.0,172.9978,23,172.9978,859,172.997319
2023-10-20 20:44:00+00:00,172.99,173.01,172.99,16,173.0,775,173.003194
2023-10-20 20:45:00+00:00,173.02,173.02,173.02,22,173.02,433,173.011778
2023-10-20 20:46:00+00:00,173.0,173.01,173.0,24,173.01,1706,173.003484
2023-10-20 20:47:00+00:00,172.9,173.0,172.9,110,173.0,8769,172.931623
2023-10-20 20:48:00+00:00,172.95,172.95,172.91,27,172.91,1661,172.946779
2023-10-20 20:49:00+00:00,172.98,172.98,172.98,19,172.98,351,172.953308
2023-10-20 20:50:00+00:00,172.96,172.96,172.96,18,172.96,491,172.96224
2023-10-20 20:51:00+00:00,173.0,173.0,173.0,19,173.0,346,172.994682
2023-10-20 20:52:00+00:00,173.02,173.02,172.97,43,172.97,3291,172.995363
2023-10-20 20:54:00+00:00,172.9875,172.9875,172.9875,15,172.9875,367,172.985095
2023-10-20 20:55:00+00:00,172.97,172.99,172.93,44,172.95,3918,172.96353
2023-10-20 21:00:00+00:00,172.93,172.9406,172.93,28,172.9406,542,172.936245
2023-10-20 21:01:00+00:00,172.9421,172.98,172.92,48,172.93,3118,172.956482
2023-10-20 21:02:00+00:00,172.95,172.95,172.95,20,172.95,359,172.949935
2023-10-20 21:03:00+00:00,172.95,172.96,172.95,24,172.96,1095,172.952594
2023-10-20 21:05:00+00:00,172.99,172.99,172.95,53,172.95,3120,172.967444
2023-10-20 21:06:00+00:00,172.9,172.97,172.9,76,172.97,6451,172.934099
2023-10-20 21:07:00+00:00,172.9299,172.9299,172.9299,13,172.9299,318,172.915668
2023-10-20 21:08:00+00:00,172.92,172.92,172.91,21,172.91,1406,172.914452
2023-10-20 21:09:00+00:00,172.95,172.95,172.9,64,172.93,6228,172.918219
2023-10-20 21:10:00+00:00,172.9,172.93,172.89,68,172.91,5595,172.907823
2023-10-20 21:11:00+00:00,172.93,172.93,172.9,47,172.91,2945,172.91548
2023-10-20 21:12:00+00:00,172.91,172.91,172.91,17,172.91,186,172.917634
2023-10-20 21:13:00+00:00,172.89,172.93,172.89,45,172.91,3418,172.904685
2023-10-20 21:14:00+00:00,172.91,172.93,172.88,71,172.9,5062,172.906077
2023-10-20 21:15:00+00:00,172.91,172.91,172.9,17,172.9,746,172.906166
2023-10-20 21:18:00+00:00,172.91,172.91,172.91,36,172.91,959,172.92536
2023-10-20 21:19:00+00:00,172.92,172.94,172.92,23,172.92,392,172.926709
2023-10-20 21:21:00+00:00,172.95,172.95,172.95,15,172.95,215,172.944581
2023-10-20 21:22:00+00:00,172.94,172.96,172.94,11,172.96,342,172.946018
2023-10-20 21:23:00+00:00,172.93,172.93,172.93,17,172.93,437,172.930812
2023-10-20 21:25:00+00:00,172.9503,172.9503,172.9503,10,172.9503,172,172.939552
2023-10-20 21:26:00+00:00,172.91,172.93,172.9,47,172.93,3137,172.713978
2023-10-20 21:29:00+00:00,172.92,172.9201,172.92,25,172.92,1350,172.918992
2023-10-20 21:32:00+00:00,172.93,172.93,172.93,18,172.93,739,172.930421
2023-10-20 21:33:00+00:00,172.9001,172.93,172.9,29,172.93,757,173.389136
2023-10-20 21:38:00+00:00,172.9,172.91,172.9,25,172.91,982,172.904695
2023-10-20 21:39:00+00:00,172.88,172.9,172.88,79,172.89,3466,172.889856
2023-10-20 21:40:00+00:00,172.93,172.93,172.87,29,172.87,1841,172.915198
2023-10-20 21:45:00+00:00,172.89,172.89,172.89,30,172.89,389,172.895347
2023-10-20 21:46:00+00:00,172.9,172.9,172.9,14,172.9,539,172.898015
2023-10-20 21:47:00+00:00,172.88,172.88,172.88,13,172.88,242,172.880599
2023-10-20 21:49:00+00:00,172.89,172.89,172.89,18,172.89,251,172.889947
2023-10-20 21:50:00+00:00,172.87,172.87,172.87,30,172.87,384,172.875514
2023-10-20 21:51:00+00:00,172.87,172.88,172.87,24,172.88,2228,172.873237
2023-10-20 21:52:00+00:00,172.88,172.88,172.87,14,172.87,350,172.873539
2023-10-20 21:53:00+00:00,172.88,172.88,172.88,24,172.88,445,172.876299
2023-10-20 21:54:00+00:00,172.88,172.88,172.87,25,172.8706,653,172.872167
2023-10-20 21:55:00+00:00,172.87,172.87,172.87,20,172.87,370,172.869892
2023-10-20 21:56:00+00:00,172.88,172.88,172.88,13,172.88,125,172.87892
2023-10-20 21:57:00+00:00,172.87,172.87,172.87,20,172.87,1052,172.869563
2023-10-20 21:58:00+00:00,172.86,172.87,172.86,26,172.86,1083,172.861819
2023-10-20 21:59:00+00:00,172.87,172.87,172.87,13,172.87,323,172.870511
2023-10-20 22:02:00+00:00,172.86,172.86,172.86,13,172.86,136,172.860596
2023-10-20 22:03:00+00:00,172.87,172.87,172.86,28,172.86,1269,172.861935
2023-10-20 22:06:00+00:00,172.87,172.88,172.87,11,172.88,743,172.871736
2023-10-20 22:07:00+00:00,172.87,172.8795,172.87,12,172.8795,426,172.876796
2023-10-20 22:08:00+00:00,172.86,172.87,172.86,12,172.87,655,172.86658
2023-10-20 22:10:00+00:00,172.87,172.87,172.87,12,172.87,153,172.870523
2023-10-20 22:11:00+00:00,172.87,172.87,172.87,16,172.87,513,172.870556
2023-10-20 22:12:00+00:00,172.87,172.87,172.87,8,172.87,149,172.873255
2023-10-20 22:13:00+00:00,172.85,172.85,172.85,21,172.85,430,172.859895
2023-10-20 22:14:00+00:00,172.87,172.87,172.87,7,172.87,136,172.870515
2023-10-20 22:15:00+00:00,172.88,172.88,172.88,21,172.88,266,172.874448
2023-10-20 22:18:00+00:00,172.87,172.87,172.87,12,172.87,1462,172.870106
2023-10-20 22:19:00+00:00,172.88,172.88,172.88,11,172.88,114,172.879035
2023-10-20 22:20:00+00:00,172.86,172.86,172.86,8,172.86,159,172.86239
2023-10-20 22:22:00+00:00,172.85,172.85,172.85,14,172.85,282,172.850532
2023-10-20 22:24:00+00:00,172.88,172.88,172.88,7,172.88,112,172.874911
2023-10-20 22:26:00+00:00,172.82,172.82,172.82,19,172.82,209,172.824593
2023-10-20 22:27:00+00:00,172.85,172.85,172.85,12,172.85,360,172.849573
2023-10-20 22:31:00+00:00,172.81,172.81,172.81,21,172.81,743,172.811521
2023-10-20 22:32:00+00:00,172.87,172.87,172.81,11,172.81,440,172.852216
2023-10-20 22:35:00+00:00,172.81,172.81,172.81,34,172.81,845,172.805783
2023-10-20 22:37:00+00:00,172.8,172.8,172.8,58,172.8,938,172.797047
2023-10-20 22:44:00+00:00,172.76,172.76,172.76,12,172.76,140,172.759214
2023-10-20 22:45:00+00:00,172.76,172.76,172.75,27,172.75,678,172.750044
2023-10-20 22:46:00+00:00,172.71,172.7101,172.7,47,172.7006,1801,172.703214
2023-10-20 22:48:00+00:00,172.71,172.71,172.71,7,172.71,212,172.712028
2023-10-20 22:49:00+00:00,172.71,172.71,172.71,12,172.71,170,172.713235
2023-10-20 22:50:00+00:00,172.75,172.75,172.74,14,172.7498,997,172.746304
2023-10-20 22:52:00+00:00,172.74,172.74,172.74,14,172.74,141,172.739043
2023-10-20 22:53:00+00:00,172.74,172.74,172.71,8,172.71,348,172.718779
2023-10-20 22:56:00+00:00,172.7107,172.7107,172.7107,5,172.7107,153,172.720458
2023-10-20 22:58:00+00:00,172.71,172.71,172.71,25,172.71,1053,172.712393
2023-10-20 22:59:00+00:00,172.73,172.73,172.71,15,172.71,818,172.718399
2023-10-20 23:01:00+00:00,172.76,172.76,172.76,9,172.76,287,172.752108
2023-10-20 23:04:00+00:00,172.7799,172.7799,172.71,17,172.71,740,172.733405
2023-10-20 23:09:00+00:00,172.72,172.72,172.71,12,172.71,425,172.715953
2023-10-20 23:10:00+00:00,172.71,172.71,172.71,13,172.71,136,172.714669
2023-10-20 23:20:00+00:00,172.72,172.72,172.72,5,172.72,104,172.720144
2023-10-20 23:21:00+00:00,172.71,172.71,172.71,14,172.71,666,172.710053
2023-10-20 23:26:00+00:00,172.72,172.72,172.72,10,172.72,245,172.71949
2023-10-20 23:27:00+00:00,172.72,172.72,172.71,16,172.71,2197,172.719208
2023-10-20 23:28:00+00:00,172.72,172.72,172.72,11,172.72,1942,172.720067
2023-10-20 23:37:00+00:00,172.71,172.72,172.71,18,172.72,1511,172.711307
2023-10-20 23:43:00+00:00,172.71,172.71,172.71,7,172.71,191,172.715288
2023-10-20 23:45:00+00:00,172.72,172.72,172.72,9,172.72,310,172.71721
2023-10-20 23:46:00+00:00,172.71,172.71,172.71,15,172.71,1020,172.711253
2023-10-20 23:47:00+00:00,172.68,172.68,172.68,30,172.68,441,172.68534
2023-10-20 23:50:00+00:00,172.6501,172.6501,172.6501,18,172.6501,375,172.65514
2023-10-20 23:51:00+00:00,172.65,172.6501,172.65,41,172.6501,932,172.653951
2023-10-20 23:53:00+00:00,172.68,172.68,172.67,15,172.67,1080,172.678454
2023-10-20 23:55:00+00:00,172.64,172.65,172.64,20,172.65,764,172.646931
2023-10-20 23:56:00+00:00,172.65,172.65,172.65,12,172.65,493,172.652069
2023-10-20 23:57:00+00:00,172.7,172.7,172.65,27,172.65,678,172.662684
2023-10-20 23:58:00+00:00,172.7,172.7,172.7,18,172.7,206,172.696335
2023-10-20 23:59:00+00:00,172.78,172.8,172.7,44,172.7,4776,172.737881
