timestamp,close,high,low,trade_count,open,volume,vwap
2023-06-23 08:00:00+00:00,186.07,186.48,186.07,69,186.48,1232,186.21543
2023-06-23 08:01:00+00:00,186.24,186.24,186.24,33,186.24,785,186.229338
2023-06-23 08:02:00+00:00,186.2,186.23,186.16,32,186.23,918,186.226492
2023-06-23 08:03:00+00:00,186.15,186.15,186.15,39,186.15,2205,186.151664
2023-06-23 08:05:00+00:00,186.35,186.35,186.19,31,186.19,1076,186.259117
2023-06-23 08:07:00+00:00,186.23,186.25,186.23,28,186.25,773,186.244942
2023-06-23 08:08:00+00:00,186.39,186.39,186.33,32,186.33,1017,186.335113
2023-06-23 08:14:00+00:00,186.25,186.32,186.25,36,186.32,1311,186.26177
2023-06-23 08:17:00+00:00,186.23,186.31,186.23,34,186.31,1003,186.265753
2023-06-23 08:19:00+00:00,186.22,186.25,186.22,22,186.25,2268,186.24407
2023-06-23 08:21:00+00:00,186.22,186.22,186.22,10,186.22,163,186.234049
2023-06-23 08:22:00+00:00,186.2,186.22,186.2,54,186.22,2207,186.206905
2023-06-23 08:23:00+00:00,186.18,186.18,186.18,5,186.18,805,186.180745
2023-06-23 08:25:00+00:00,186.14,186.15,186.14,15,186.15,1447,186.142066
2023-06-23 08:26:00+00:00,186.16,186.16,186.16,18,186.16,289,186.157024
2023-06-23 08:27:00+00:00,186.17,186.17,186.16,19,186.16,1725,186.167107
2023-06-23 08:29:00+00:00,186.1,186.11,186.1,19,186.11,575,186.107357
2023-06-23 08:31:00+00:00,186.21,186.21,186.2,31,186.2,1382,186.183061
2023-06-23 08:36:00+00:00,186.2,186.2,186.18,23,186.18,2653,186.193992
2023-06-23 08:38:00+00:00,186.2,186.2,186.19,23,186.19,803,186.190224
2023-06-23 08:49:00+00:00,186.09,186.09,186.09,8,186.09,276,186.10058
2023-06-23 08:50:00+00:00,186.02,186.02,186.02,41,186.02,745,186.039047
2023-06-23 08:51:00+00:00,186.0,186.01,186.0,76,186.01,4041,186.002888
2023-06-23 08:52:00+00:00,185.83,186.01,185.83,56,185.95,1417,185.943924
2023-06-23 08:53:00+00:00,185.8,185.8,185.8,30,185.8,882,185.81381
2023-06-23 08:54:00+00:00,185.95,185.95,185.95,30,185.95,743,185.957214
2023-06-23 08:57:00+00:00,185.88,185.88,185.87,26,185.87,922,185.875152
2023-06-23 08:58:00+00:00,185.95,185.95,185.95,23,185.95,881,185.953746
2023-06-23 08:59:00+00:00,185.95,185.95,185.95,4,185.95,202,185.950297
2023-06-23 09:00:00+00:00,185.91,185.91,185.91,40,185.91,954,185.924025
2023-06-23 09:03:00+00:00,185.93,185.93,185.9,16,185.9,603,185.911526
2023-06-23 09:04:00+00:00,185.94,185.94,185.94,9,185.94,143,185.949231
2023-06-23 09:05:00+00:00,185.97,185.97,185.97,8,185.97,628,185.970191
2023-06-23 09:06:00+00:00,186.02,186.02,185.97,18,185.97,755,186.002874
2023-06-23 09:07:00+00:00,186.07,186.07,186.07,16,186.07,2343,186.067729
2023-06-23 09:08:00+00:00,185.97,185.97,185.93,27,185.97,852,185.967136
2023-06-23 09:10:00+00:00,186.0,186.0,186.0,23,186.0,540,186.020148
2023-06-23 09:11:00+00:00,186.1,186.1,186.1,16,186.1,287,186.098188
2023-06-23 09:12:00+00:00,186.15,186.15,186.15,422,186.15,1642,186.131766
2023-06-23 09:14:00+00:00,186.21,186.21,186.18,20,186.18,1261,186.201753
2023-06-23 09:24:00+00:00,186.02,186.09,186.02,23,186.09,615,186.065837
2023-06-23 09:26:00+00:00,186.02,186.02,186.01,12,186.01,915,186.013366
2023-06-23 09:27:00+00:00,186.0,186.0,186.0,12,186.0,985,186.002041
2023-06-23 09:36:00+00:00,186.21,186.21,186.15,38,186.15,2665,186.16982
2023-06-23 09:37:00+00:00,186.2,186.21,186.2,7,186.2,634,186.20429
2023-06-23 09:45:00+00:00,186.0,186.05,186.0,50,186.05,1307,186.034904
2023-06-23 09:48:00+00:00,186.11,186.11,186.0,19,186.0,849,186.063216
2023-06-23 09:51:00+00:00,186.13,186.13,186.13,10,186.13,576,186.131528
2023-06-23 09:59:00+00:00,186.05,186.07,186.05,29,186.07,1676,186.06469
2023-06-23 10:01:00+00:00,186.11,186.11,186.11,13,186.11,216,186.107824
2023-06-23 10:05:00+00:00,186.12,186.12,186.1,11,186.1,509,186.103949
2023-06-23 10:07:00+00:00,186.12,186.12,186.11,21,186.12,1732,186.118366
2023-06-23 10:10:00+00:00,186.11,186.11,186.11,16,186.11,531,186.112599
2023-06-23 10:11:00+00:00,186.13,186.13,186.13,5,186.13,304,186.129605
2023-06-23 10:12:00+00:00,186.11,186.11,186.11,18,186.11,500,186.10808
2023-06-23 10:19:00+00:00,185.99,185.99,185.99,20,185.99,334,186.003503
2023-06-23 10:20:00+00:00,186.0,186.01,186.0,23,186.01,1627,186.002919
2023-06-23 10:21:00+00:00,186.0,186.0,186.0,11,186.0,196,186.004847
2023-06-23 10:22:00+00:00,185.99,185.99,185.99,8,185.99,172,185.992384
2023-06-23 10:24:00+00:00,186.0,186.0,186.0,14,186.0,876,186.000183
2023-06-23 10:25:00+00:00,186.11,186.11,186.11,15,186.11,440,186.096273
2023-06-23 10:36:00+00:00,186.02,186.02,185.96,51,186.0,1235,185.981846
2023-06-23 10:39:00+00:00,185.94,185.96,185.94,20,185.96,1651,185.951817
2023-06-23 10:41:00+00:00,185.95,185.95,185.95,4,185.95,110,185.95
2023-06-23 10:43:00+00:00,186.0,186.0,186.0,13,186.0,258,185.995426
2023-06-23 10:48:00+00:00,186.0,186.04,186.0,23,186.04,756,186.014206
2023-06-23 10:58:00+00:00,186.0,186.0,186.0,65,186.0,1575,185.993524
2023-06-23 11:00:00+00:00,186.09,186.15,186.0,222,186.0,11376,186.073431
2023-06-23 11:01:00+00:00,186.05,186.08,186.02,51,186.08,3833,186.051706
2023-06-23 11:02:00+00:00,186.07,186.1,186.07,31,186.1,1163,186.087954
2023-06-23 11:03:00+00:00,186.14,186.14,186.14,26,186.14,1168,186.13506
2023-06-23 11:04:00+00:00,186.1,186.15,186.1,46,186.13,3040,186.132086
2023-06-23 11:05:00+00:00,186.1,186.1,186.08,44,186.08,2465,186.091822
2023-06-23 11:06:00+00:00,186.1,186.11,186.05,41,186.11,3017,186.086934
2023-06-23 11:07:00+00:00,186.11,186.11,186.11,31,186.11,704,186.100866
2023-06-23 11:08:00+00:00,186.16,186.16,186.1,88,186.14,3190,186.130194
2023-06-23 11:09:00+00:00,186.18,186.18,186.16,44,186.16,1715,186.163149
2023-06-23 11:10:00+00:00,186.15,186.19,186.15,53,186.19,1989,186.170327
2023-06-23 11:13:00+00:00,186.25,186.25,186.18,75,186.18,5581,186.211018
2023-06-23 11:14:00+00:00,186.26,186.26,186.24,9,186.24,988,186.256083
2023-06-23 11:15:00+00:00,186.2,186.24,186.2,37,186.24,1077,186.2139
2023-06-23 11:16:00+00:00,186.3,186.32,186.2,68,186.2,4697,186.272551
2023-06-23 11:17:00+00:00,186.26,186.3,186.25,38,186.3,3624,186.273744
2023-06-23 11:18:00+00:00,186.25,186.26,186.25,16,186.26,544,186.257923
2023-06-23 11:19:00+00:00,186.32,186.32,186.32,43,186.32,5131,186.312582
2023-06-23 11:21:00+00:00,186.3,186.3,186.3,41,186.3,1316,186.278723
2023-06-23 11:23:00+00:00,186.28,186.28,186.23,42,186.25,2081,186.260139
2023-06-23 11:24:00+00:00,186.3,186.3,186.29,17,186.29,561,186.298503
2023-06-23 11:25:00+00:00,186.32,186.32,186.32,23,186.32,1057,186.320312
2023-06-23 11:26:00+00:00,186.32,186.32,186.32,9,186.32,298,186.322819
2023-06-23 11:29:00+00:00,186.3,186.3,186.29,17,186.29,357,186.295658
2023-06-23 11:31:00+00:00,186.25,186.25,186.25,11,186.25,2012,186.249776
2023-06-23 11:32:00+00:00,186.23,186.23,186.23,35,186.23,2063,186.231973
2023-06-23 11:33:00+00:00,186.25,186.25,186.25,9,186.25,403,186.252283
2023-06-23 11:34:00+00:00,186.22,186.24,186.22,25,186.24,1272,186.226352
2023-06-23 11:35:00+00:00,186.23,186.23,186.23,8,186.23,177,186.233333
2023-06-23 11:36:00+00:00,186.2,186.2,186.2,27,186.2,995,186.200442
2023-06-23 11:38:00+00:00,186.2,186.21,186.19,15,186.21,1585,186.20017
2023-06-23 11:39:00+00:00,186.25,186.25,186.24,28,186.24,834,186.245923
2023-06-23 11:40:00+00:00,186.22,186.22,186.22,17,186.22,296,186.21777
2023-06-23 11:42:00+00:00,186.15,186.17,186.13,57,186.17,1780,186.150449
2023-06-23 11:43:00+00:00,186.1,186.1,186.1,27,186.1,687,186.103028
2023-06-23 11:44:00+00:00,186.13,186.14,186.13,47,186.14,1636,186.128325
2023-06-23 11:45:00+00:00,186.03,186.11,186.03,64,186.11,3765,186.054914
2023-06-23 11:46:00+00:00,186.06,186.06,186.06,27,186.06,885,186.057932
2023-06-23 11:47:00+00:00,186.05,186.06,186.04,24,186.04,1334,186.045772
2023-06-23 11:48:00+00:00,186.05,186.05,186.05,22,186.05,832,186.066178
2023-06-23 11:50:00+00:00,186.07,186.07,186.07,26,186.07,688,186.089026
2023-06-23 11:51:00+00:00,186.03,186.04,186.03,18,186.04,785,186.039924
2023-06-23 11:52:00+00:00,186.08,186.08,186.06,17,186.06,905,186.059304
2023-06-23 11:54:00+00:00,186.11,186.11,186.11,27,186.11,1217,186.105201
2023-06-23 11:56:00+00:00,186.16,186.16,186.09,28,186.09,2540,186.103717
2023-06-23 11:59:00+00:00,186.18,186.18,186.18,21,186.18,555,186.164955
2023-06-23 12:00:00+00:00,186.13,186.3666,186.02,472,186.16,49133,186.166008
2023-06-23 12:01:00+00:00,186.0,186.3385,185.8,906,186.15,9627,186.025267
2023-06-23 12:02:00+00:00,186.1,186.21,186.0,313,186.0,8199,186.667279
2023-06-23 12:03:00+00:00,186.1,186.11,186.1,38,186.1,5130,186.103443
2023-06-23 12:04:00+00:00,186.01,186.08,186.0,102,186.08,13418,186.03903
2023-06-23 12:05:00+00:00,186.08,186.08,186.0,73,186.02,3635,186.039289
2023-06-23 12:06:00+00:00,186.14,186.14,186.14,25,186.14,510,186.121699
2023-06-23 12:07:00+00:00,186.04,186.1,186.04,36,186.1,1993,186.058136
2023-06-23 12:08:00+00:00,186.11,186.11,186.11,16,186.11,282,186.098369
2023-06-23 12:09:00+00:00,186.05,186.05,186.04,21,186.05,542,186.049068
2023-06-23 12:10:00+00:00,186.05,186.05,186.05,38,186.05,576,186.09051
2023-06-23 12:11:00+00:00,186.12,186.12,186.12,38,186.12,790,186.108198
2023-06-23 12:12:00+00:00,186.1,186.1,186.1,20,186.1,437,186.102529
2023-06-23 12:13:00+00:00,186.12,186.12,186.12,33,186.12,1008,186.126842
2023-06-23 12:14:00+00:00,186.13,186.14,186.13,51,186.14,2186,186.134232
2023-06-23 12:15:00+00:00,186.03,186.09,186.03,53,186.09,5019,186.044996
2023-06-23 12:16:00+00:00,186.06,186.06,186.06,22,186.06,694,186.060567
2023-06-23 12:17:00+00:00,186.04,186.06,186.04,35,186.05,3036,186.050859
2023-06-23 12:18:00+00:00,186.03,186.04,186.03,27,186.03,1904,186.033673
2023-06-23 12:19:00+00:00,185.96,186.01,185.95,176,186.01,10179,185.990482
2023-06-23 12:20:00+00:00,185.96,185.96,185.91,76,185.92,3040,185.929076
2023-06-23 12:21:00+00:00,186.01,186.02,186.0,44,186.02,1600,186.019078
2023-06-23 12:24:00+00:00,186.07,186.09,186.06,43,186.06,2603,186.075254
2023-06-23 12:25:00+00:00,186.09,186.09,186.09,38,186.09,722,186.047832
2023-06-23 12:26:00+00:00,186.0186,186.0186,186.0,57,186.01,2587,186.014472
2023-06-23 12:28:00+00:00,186.03,186.03,186.0,34,186.0,1627,186.024805
2023-06-23 12:29:00+00:00,185.95,186.05,185.95,83,186.05,3289,185.995587
2023-06-23 12:30:00+00:00,185.85,185.97,185.85,152,185.92,12539,185.932723
2023-06-23 12:31:00+00:00,185.82,185.94,185.81,138,185.85,8552,185.857777
2023-06-23 12:32:00+00:00,185.86,185.87,185.84,91,185.84,5462,185.855943
2023-06-23 12:33:00+00:00,185.91,185.91,185.85,40,185.9,3174,185.883542
2023-06-23 12:34:00+00:00,185.87,185.89,185.83,88,185.89,5713,185.860621
2023-06-23 12:35:00+00:00,185.9,185.91,185.88,73,185.88,2534,185.888025
2023-06-23 12:36:00+00:00,185.88,185.9,185.88,70,185.9,3838,185.896014
2023-06-23 12:37:00+00:00,185.74,185.9,185.7,419,185.9,30283,185.806372
2023-06-23 12:38:00+00:00,185.76,185.76,185.7,110,185.72,5937,185.713436
2023-06-23 12:39:00+00:00,185.72,185.72,185.54,197,185.72,10110,185.652615
2023-06-23 12:40:00+00:00,185.74,185.74,185.62,81,185.62,5683,185.690441
2023-06-23 12:41:00+00:00,185.77,185.77,185.75,29,185.75,966,185.760566
2023-06-23 12:42:00+00:00,185.56,185.77,185.56,184,185.75,9332,185.697318
2023-06-23 12:43:00+00:00,185.52,185.67,185.52,172,185.53,20133,185.60316
2023-06-23 12:44:00+00:00,185.56,185.56,185.4,350,185.51,18051,185.50015
2023-06-23 12:45:00+00:00,185.45,185.56,185.45,167,185.56,5041,185.520567
2023-06-23 12:46:00+00:00,185.44,185.56,185.42,181,185.4895,11181,185.48453
2023-06-23 12:47:00+00:00,185.49,185.52,185.2,358,185.4,18186,185.30659
2023-06-23 12:48:00+00:00,185.46,185.55,185.44,86,185.49,5365,185.478757
2023-06-23 12:49:00+00:00,185.41,185.48,185.4,100,185.46,8077,185.44832
2023-06-23 12:50:00+00:00,185.49,185.49,185.32,123,185.41,5099,185.370911
2023-06-23 12:51:00+00:00,185.57,185.58,185.44,103,185.49,4586,185.486677
2023-06-23 12:52:00+00:00,185.57,185.61,185.57,88,185.57,4243,185.583782
2023-06-23 12:53:00+00:00,185.51,185.61,185.5,99,185.57,5522,185.562647
2023-06-23 12:54:00+00:00,185.46,185.53,185.45,136,185.52,7679,185.490407
2023-06-23 12:55:00+00:00,185.36,185.58,185.3,166,185.56,12034,185.36854
2023-06-23 12:56:00+00:00,185.41,185.43,185.4,68,185.4,3756,185.422382
2023-06-23 12:57:00+00:00,185.5,185.5,185.45,37,185.45,1411,185.475748
2023-06-23 12:58:00+00:00,185.45,185.61,185.45,80,185.61,5247,185.563388
2023-06-23 12:59:00+00:00,185.38,185.51,185.38,77,185.41,2600,185.435638
2023-06-23 13:00:00+00:00,185.47,185.53,185.37,112,185.38,4708,185.45381
2023-06-23 13:01:00+00:00,185.47,185.52,185.47,112,185.48,3890,185.49849
2023-06-23 13:02:00+00:00,185.5172,185.5786,185.5,74,185.5,4335,185.546904
2023-06-23 13:03:00+00:00,185.61,185.71,185.56,150,185.56,10980,185.61819
2023-06-23 13:04:00+00:00,185.6399,185.6399,185.56,71,185.61,3250,185.584976
2023-06-23 13:05:00+00:00,185.53,185.64,185.53,87,185.64,4564,185.575897
2023-06-23 13:06:00+00:00,185.52,185.56,185.52,105,185.54,5036,185.536021
2023-06-23 13:07:00+00:00,185.46,185.53,185.46,135,185.52,5479,185.515345
2023-06-23 13:08:00+00:00,185.58,185.59,185.39,191,185.47,11999,185.473845
2023-06-23 13:09:00+00:00,185.65,185.6899,185.61,82,185.61,6088,185.648758
2023-06-23 13:10:00+00:00,185.67,185.73,185.67,57,185.67,2091,185.686557
2023-06-23 13:11:00+00:00,185.66,185.66,185.62,42,185.65,2939,185.642227
2023-06-23 13:12:00+00:00,185.58,185.67,185.58,99,185.67,10388,185.639888
2023-06-23 13:13:00+00:00,185.64,185.665,185.59,67,185.63,5542,185.616316
2023-06-23 13:14:00+00:00,185.6,185.62,185.6,58,185.62,1424,185.60949
2023-06-23 13:15:00+00:00,185.57,185.62,185.57,71,185.5901,3466,185.586916
2023-06-23 13:16:00+00:00,185.51,185.59,185.4503,173,185.59,12792,185.534159
2023-06-23 13:17:00+00:00,185.43,185.5,185.3912,89,185.47,7787,185.44482
2023-06-23 13:18:00+00:00,185.46,185.46,185.4,112,185.45,3999,185.431849
2023-06-23 13:19:00+00:00,185.46,185.49,185.46,81,185.47,4060,185.472036
2023-06-23 13:20:00+00:00,185.51,185.52,185.46,120,185.48,5730,185.497988
2023-06-23 13:21:00+00:00,185.48,185.5,185.45,94,185.5,5106,185.481995
2023-06-23 13:22:00+00:00,185.5,185.53,185.5,49,185.52,2443,185.515658
2023-06-23 13:23:00+00:00,185.5,185.54,185.47,104,185.51,8185,185.520337
2023-06-23 13:24:00+00:00,185.46,185.51,185.41,155,185.51,9017,185.451978
2023-06-23 13:25:00+00:00,185.43,185.48,185.39,108,185.43,6687,185.427511
2023-06-23 13:26:00+00:00,185.44,185.5,185.43,126,185.48,4888,185.464494
2023-06-23 13:27:00+00:00,185.4,185.62,185.3,384,185.48,27677,185.497815
2023-06-23 13:28:00+00:00,185.45,185.57,185.28,173,185.31,10226,185.466052
2023-06-23 13:29:00+00:00,185.61,185.62,185.45,146,185.45,9603,185.5159
2023-06-23 13:30:00+00:00,185.605,185.84,185.3601,8287,185.55,892772,185.545942
2023-06-23 13:31:00+00:00,185.74,185.81,185.5,2804,185.63,251379,185.666938
2023-06-23 13:32:00+00:00,185.84,185.97,185.65,2989,185.73,290373,185.82229
2023-06-23 13:33:00+00:00,185.918,186.0491,185.8,2494,185.85,243698,185.935037
2023-06-23 13:34:00+00:00,186.05,186.18,185.87,2459,185.9,208859,186.028739
2023-06-23 13:35:00+00:00,185.9709,186.08,185.8673,2285,186.04,169553,185.958858
2023-06-23 13:36:00+00:00,186.01,186.14,185.89,2381,185.975,219909,186.014125
2023-06-23 13:37:00+00:00,185.86,186.058,185.8,2233,186.02,191154,185.949058
2023-06-23 13:38:00+00:00,185.815,185.91,185.76,2992,185.85,353515,185.808999
2023-06-23 13:39:00+00:00,185.7201,185.82,185.632,2076,185.815,170978,185.733882
2023-06-23 13:40:00+00:00,185.5881,185.7299,185.5,2085,185.71,215664,185.60353
2023-06-23 13:41:00+00:00,185.515,185.62,185.455,2118,185.58,235663,185.542325
2023-06-23 13:42:00+00:00,185.38,185.62,185.34,2711,185.52,262304,185.442231
2023-06-23 13:43:00+00:00,185.35,185.45,185.34,1922,185.4,146375,185.393288
2023-06-23 13:44:00+00:00,185.51,185.59,185.27,2655,185.365,247390,185.419228
2023-06-23 13:45:00+00:00,185.241,185.6,185.24,2888,185.53,220395,185.397278
2023-06-23 13:46:00+00:00,185.195,185.33,185.14,3885,185.24,184914,185.226251
2023-06-23 13:47:00+00:00,185.38,185.4275,185.15,3645,185.19,136359,185.282067
2023-06-23 13:48:00+00:00,185.09,185.42,185.09,3747,185.3815,136395,185.241851
2023-06-23 13:49:00+00:00,185.02,185.165,185.01,4336,185.09,213230,185.070263
2023-06-23 13:50:00+00:00,185.1512,185.21,185.01,4110,185.02,208857,185.122096
2023-06-23 13:51:00+00:00,185.23,185.2527,185.11,3721,185.13,140256,185.198523
2023-06-23 13:52:00+00:00,185.345,185.36,185.14,3838,185.22,168588,185.214022
2023-06-23 13:53:00+00:00,185.31,185.435,185.25,4024,185.34,177786,185.358209
2023-06-23 13:54:00+00:00,185.37,185.39,185.24,3646,185.3,159010,185.318284
2023-06-23 13:55:00+00:00,185.41,185.43,185.275,3344,185.37,112577,185.344341
2023-06-23 13:56:00+00:00,185.27,185.43,185.26,3322,185.42,114246,185.305605
2023-06-23 13:57:00+00:00,185.3197,185.35,185.23,3474,185.26,166211,185.291727
2023-06-23 13:58:00+00:00,185.31,185.31,185.18,3799,185.3,211856,185.231757
2023-06-23 13:59:00+00:00,185.28,185.43,185.275,3996,185.31,153701,185.367513
2023-06-23 14:00:00+00:00,185.175,185.37,185.175,4033,185.27,152097,185.278138
2023-06-23 14:01:00+00:00,185.095,185.18,185.01,4524,185.175,188345,185.091174
2023-06-23 14:02:00+00:00,185.3,185.3,185.09,4021,185.1,165067,185.198416
2023-06-23 14:03:00+00:00,185.44,185.4624,185.28,3865,185.28,152210,185.398118
2023-06-23 14:04:00+00:00,185.448,185.47,185.32,3633,185.43,113462,185.394667
2023-06-23 14:05:00+00:00,185.235,185.4511,185.2,4056,185.44,145211,185.349741
2023-06-23 14:06:00+00:00,185.26,185.31,185.2101,3528,185.235,125030,185.261935
2023-06-23 14:07:00+00:00,185.25,185.3,185.21,3092,185.2498,101937,185.249449
2023-06-23 14:08:00+00:00,185.3327,185.35,185.25,3349,185.25,113002,185.309764
2023-06-23 14:09:00+00:00,185.555,185.585,185.34,3675,185.34,154483,185.487865
2023-06-23 14:10:00+00:00,185.71,185.785,185.55,3847,185.55,160945,185.699758
2023-06-23 14:11:00+00:00,185.7905,185.805,185.7,3434,185.71,147423,185.775107
2023-06-23 14:12:00+00:00,185.99,185.99,185.8,4857,185.8,421127,185.886077
2023-06-23 14:13:00+00:00,185.93,186.03,185.88,3864,185.98,233331,185.965523
2023-06-23 14:14:00+00:00,185.75,185.93,185.73,3333,185.92,125202,185.816177
2023-06-23 14:15:00+00:00,185.85,185.85,185.7114,3203,185.74,127738,185.764968
2023-06-23 14:16:00+00:00,186.02,186.025,185.8,3196,185.84,112079,185.915225
2023-06-23 14:17:00+00:00,185.8319,186.05,185.77,3253,186.02,129913,185.903896
2023-06-23 14:18:00+00:00,185.85,185.92,185.8209,2755,185.8423,57354,185.872792
2023-06-23 14:19:00+00:00,185.96,185.98,185.79,2848,185.85,64847,185.893591
2023-06-23 14:20:00+00:00,185.93,186.04,185.86,3186,185.9673,100887,185.949555
2023-06-23 14:21:00+00:00,185.8,185.94,185.8,3061,185.935,67077,185.859653
2023-06-23 14:22:00+00:00,185.71,185.83,185.71,3084,185.7949,79076,185.770739
2023-06-23 14:23:00+00:00,185.72,185.8299,185.7,3132,185.72,77754,185.754615
2023-06-23 14:24:00+00:00,185.89,185.915,185.72,3065,185.72,63739,185.832217
2023-06-23 14:25:00+00:00,185.78,185.91,185.765,2871,185.885,72012,185.843555
2023-06-23 14:26:00+00:00,185.67,185.8,185.65,3384,185.79,111415,185.705967
2023-06-23 14:27:00+00:00,185.67,185.71,185.62,3146,185.6607,134664,185.66213
2023-06-23 14:28:00+00:00,185.75,185.79,185.64,3078,185.665,100158,185.725789
2023-06-23 14:29:00+00:00,185.83,185.83,185.74,2698,185.75,70042,185.803168
2023-06-23 14:30:00+00:00,185.9201,185.94,185.82,2950,185.82,85225,185.904492
2023-06-23 14:31:00+00:00,185.935,185.94,185.87,2820,185.92,61339,185.903773
2023-06-23 14:32:00+00:00,185.8,186.0,185.8,3013,185.9328,154245,185.923818
2023-06-23 14:33:00+00:00,185.76,185.8,185.7,986,185.8,93402,185.742465
2023-06-23 14:34:00+00:00,185.75,185.81,185.75,902,185.7562,68748,185.783325
2023-06-23 14:35:00+00:00,185.755,185.8,185.72,739,185.75,56969,185.758253
2023-06-23 14:36:00+00:00,185.665,185.795,185.66,864,185.745,53681,185.736641
2023-06-23 14:37:00+00:00,185.78,185.79,185.66,935,185.66,77879,185.734316
2023-06-23 14:38:00+00:00,185.86,185.86,185.772,1052,185.772,180209,185.837741
2023-06-23 14:39:00+00:00,186.0211,186.05,185.81,1243,185.855,112514,185.91627
2023-06-23 14:40:00+00:00,185.89,186.08,185.86,1180,186.02,106859,185.996286
2023-06-23 14:41:00+00:00,186.07,186.08,185.9,1050,185.9,97558,186.017375
2023-06-23 14:42:00+00:00,186.24,186.24,186.06,1528,186.075,168349,186.151498
2023-06-23 14:43:00+00:00,186.265,186.3,186.1801,1187,186.24,117820,186.235338
2023-06-23 14:44:00+00:00,186.28,186.3,186.2,1262,186.265,106373,186.239289
2023-06-23 14:45:00+00:00,186.135,186.35,186.13,1194,186.27,136428,186.243347
2023-06-23 14:46:00+00:00,186.1001,186.1299,186.0811,917,186.1299,81527,186.106642
2023-06-23 14:47:00+00:00,186.215,186.23,186.07,1033,186.1,92895,186.170189
2023-06-23 14:48:00+00:00,186.155,186.215,186.07,951,186.215,85064,186.137341
2023-06-23 14:49:00+00:00,186.1299,186.15,186.04,964,186.15,84189,186.11302
2023-06-23 14:50:00+00:00,186.09,186.145,186.08,762,186.12,65571,186.117831
2023-06-23 14:51:00+00:00,185.9887,186.14,185.985,1055,186.0999,96844,186.061822
2023-06-23 14:52:00+00:00,186.11,186.14,185.93,1613,185.98,154228,186.033086
2023-06-23 14:53:00+00:00,185.905,186.13,185.9,1208,186.1,112571,186.007352
2023-06-23 14:54:00+00:00,185.96,185.985,185.89,1027,185.905,79928,185.951779
2023-06-23 14:55:00+00:00,185.94,186.03,185.92,832,185.945,62545,185.97842
2023-06-23 14:56:00+00:00,186.0,186.04,185.85,985,185.93,74760,185.931367
2023-06-23 14:57:00+00:00,186.07,186.11,185.99,887,186.0099,72292,186.050769
2023-06-23 14:58:00+00:00,186.14,186.16,186.06,925,186.075,91231,186.114073
2023-06-23 14:59:00+00:00,186.27,186.27,186.14,985,186.14,122075,186.200958
2023-06-23 15:00:00+00:00,186.23,186.33,186.2,1312,186.28,124616,186.269335
2023-06-23 15:01:00+00:00,186.221,186.25,186.17,872,186.23,58403,186.21889
2023-06-23 15:02:00+00:00,186.29,186.35,186.2,981,186.22,105312,186.288585
2023-06-23 15:03:00+00:00,186.24,186.335,186.23,878,186.29,83274,186.298597
2023-06-23 15:04:00+00:00,186.23,186.275,186.1801,739,186.24,53200,186.231515
2023-06-23 15:05:00+00:00,186.3898,186.39,186.226,1329,186.23,114863,186.301011
2023-06-23 15:06:00+00:00,186.335,186.39,186.315,959,186.385,77859,186.358939
2023-06-23 15:07:00+00:00,186.32,186.3546,186.26,739,186.35,64713,186.299392
2023-06-23 15:08:00+00:00,186.33,186.345,186.285,711,186.31,52497,186.319291
2023-06-23 15:09:00+00:00,186.33,186.385,186.28,822,186.3311,64201,186.33939
2023-06-23 15:10:00+00:00,186.2511,186.3399,186.2304,876,186.325,72181,186.280643
2023-06-23 15:11:00+00:00,186.35,186.35,186.214,823,186.2486,71737,186.273318
2023-06-23 15:12:00+00:00,186.24,186.3585,186.24,767,186.3401,85595,186.308839
2023-06-23 15:13:00+00:00,186.27,186.3,186.18,853,186.2386,61672,186.248933
2023-06-23 15:14:00+00:00,186.16,186.28,186.15,730,186.2701,67888,186.200732
2023-06-23 15:15:00+00:00,186.2604,186.2963,186.13,998,186.16,79621,186.197277
2023-06-23 15:16:00+00:00,186.265,186.29,186.19,842,186.265,70343,186.252767
2023-06-23 15:17:00+00:00,186.1887,186.27,186.11,825,186.26,85944,186.179647
2023-06-23 15:18:00+00:00,186.15,186.235,186.12,798,186.185,62070,186.182315
2023-06-23 15:19:00+00:00,186.18,186.205,186.12,733,186.155,56255,186.16937
2023-06-23 15:20:00+00:00,186.085,186.18,186.055,1342,186.18,174035,186.148991
2023-06-23 15:21:00+00:00,186.04,186.085,185.97,1413,186.085,109441,186.031797
2023-06-23 15:22:00+00:00,186.19,186.2,186.045,982,186.05,75596,186.146854
2023-06-23 15:23:00+00:00,186.217,186.275,186.19,1011,186.2,85846,186.230984
2023-06-23 15:24:00+00:00,186.19,186.26,186.17,875,186.2,65222,186.222365
2023-06-23 15:25:00+00:00,186.17,186.2172,186.17,614,186.17,41326,186.190863
2023-06-23 15:26:00+00:00,186.0996,186.2,186.07,697,186.17,47570,186.139972
2023-06-23 15:27:00+00:00,186.0,186.125,185.97,970,186.1,93688,186.058884
2023-06-23 15:28:00+00:00,186.04,186.05,185.91,849,185.989,75681,185.975515
2023-06-23 15:29:00+00:00,186.08,186.09,185.9957,883,186.05,88248,186.020959
2023-06-23 15:30:00+00:00,186.08,186.095,186.005,878,186.0862,77671,186.063064
2023-06-23 15:31:00+00:00,186.035,186.15,186.01,1047,186.09,103903,186.086771
2023-06-23 15:32:00+00:00,185.985,186.055,185.94,1094,186.03,107579,186.000283
2023-06-23 15:33:00+00:00,186.02,186.055,185.99,599,185.99,39674,186.022666
2023-06-23 15:34:00+00:00,186.0571,186.09,186.0,652,186.02,41533,186.043278
2023-06-23 15:35:00+00:00,186.1301,186.15,186.04,902,186.05,95125,186.110847
2023-06-23 15:36:00+00:00,186.275,186.28,186.11,962,186.14,126129,186.178032
2023-06-23 15:37:00+00:00,186.405,186.4299,186.26,1269,186.275,136747,186.360669
2023-06-23 15:38:00+00:00,186.39,186.45,186.34,955,186.4001,79720,186.39294
2023-06-23 15:39:00+00:00,186.31,186.42,186.28,1158,186.39,105768,186.343649
2023-06-23 15:40:00+00:00,186.3508,186.4,186.29,672,186.3,48137,186.353675
2023-06-23 15:41:00+00:00,186.455,186.469,186.31,852,186.3512,75113,186.402126
2023-06-23 15:42:00+00:00,186.4817,186.5,186.42,865,186.46,85248,186.465713
2023-06-23 15:43:00+00:00,186.5097,186.52,186.46,1081,186.49,104286,186.488833
2023-06-23 15:44:00+00:00,186.45,186.55,186.44,716,186.5,79254,186.49431
2023-06-23 15:45:00+00:00,186.52,186.53,186.4401,656,186.45,70517,186.504174
2023-06-23 15:46:00+00:00,186.465,186.53,186.455,672,186.53,60315,186.498471
2023-06-23 15:47:00+00:00,186.555,186.555,186.4723,739,186.4723,82608,186.513712
2023-06-23 15:48:00+00:00,186.6739,186.69,186.5586,1193,186.5586,118963,186.628151
2023-06-23 15:49:00+00:00,186.605,186.69,186.5901,794,186.675,71919,186.650932
2023-06-23 15:50:00+00:00,186.57,186.63,186.52,720,186.6,66173,186.573891
2023-06-23 15:51:00+00:00,186.495,186.58,186.4701,669,186.57,60181,186.534045
2023-06-23 15:52:00+00:00,186.5844,186.5868,186.49,828,186.5,66107,186.529496
2023-06-23 15:53:00+00:00,186.5296,186.59,186.5,785,186.5896,62748,186.533521
2023-06-23 15:54:00+00:00,186.5801,186.607,186.51,608,186.52,37934,186.568316
2023-06-23 15:55:00+00:00,186.56,186.61,186.5436,639,186.59,37704,186.585036
2023-06-23 15:56:00+00:00,186.6152,186.64,186.53,842,186.55,62419,186.602864
2023-06-23 15:57:00+00:00,186.595,186.6292,186.54,558,186.61,43660,186.585927
2023-06-23 15:58:00+00:00,186.57,186.6,186.5424,580,186.595,42648,186.559888
2023-06-23 15:59:00+00:00,186.5613,186.6,186.54,638,186.565,41246,186.572473
2023-06-23 16:00:00+00:00,186.705,186.73,186.56,1224,186.57,102427,186.643617
2023-06-23 16:01:00+00:00,186.73,186.75,186.6258,1213,186.7,96908,186.684999
2023-06-23 16:02:00+00:00,186.71,186.74,186.665,1093,186.72,100141,186.70572
2023-06-23 16:03:00+00:00,186.675,186.79,186.6734,1024,186.715,86831,186.742152
2023-06-23 16:04:00+00:00,186.58,186.69,186.535,804,186.675,101796,186.60384
2023-06-23 16:05:00+00:00,186.585,186.63,186.5618,688,186.585,62004,186.602014
2023-06-23 16:06:00+00:00,186.615,186.62,186.56,630,186.581,87400,186.600876
2023-06-23 16:07:00+00:00,186.64,186.66,186.58,603,186.62,80841,186.617565
2023-06-23 16:08:00+00:00,186.705,186.72,186.61,620,186.63,45834,186.669826
2023-06-23 16:09:00+00:00,186.745,186.76,186.69,743,186.7099,66986,186.733178
2023-06-23 16:10:00+00:00,186.7709,186.79,186.72,739,186.745,75105,186.767277
2023-06-23 16:11:00+00:00,186.7101,186.79,186.6999,776,186.77,103246,186.741613
2023-06-23 16:12:00+00:00,186.76,186.78,186.67,771,186.72,59011,186.725178
2023-06-23 16:13:00+00:00,186.87,186.89,186.75,1419,186.77,148342,186.840506
2023-06-23 16:14:00+00:00,186.85,186.87,186.77,1062,186.8662,91351,186.82366
2023-06-23 16:15:00+00:00,186.93,186.95,186.835,1047,186.858,86890,186.902339
2023-06-23 16:16:00+00:00,186.94,186.99,186.9,1515,186.9271,143096,186.956543
2023-06-23 16:17:00+00:00,186.985,186.99,186.9399,958,186.95,83956,186.957572
2023-06-23 16:18:00+00:00,187.0199,187.1,186.98,2908,186.985,323714,187.017845
2023-06-23 16:19:00+00:00,187.01,187.03,186.99,786,187.02,68010,187.011322
2023-06-23 16:20:00+00:00,186.905,187.04,186.905,1238,187.0101,126843,186.975365
2023-06-23 16:21:00+00:00,186.8999,186.92,186.87,678,186.91,54830,186.899135
2023-06-23 16:22:00+00:00,187.015,187.02,186.9,825,186.9,72042,186.969063
2023-06-23 16:23:00+00:00,186.94,187.02,186.92,655,187.0199,55710,186.959373
2023-06-23 16:24:00+00:00,186.94,186.99,186.89,766,186.94,61017,186.935155
2023-06-23 16:25:00+00:00,186.98,186.98,186.915,494,186.93,29050,186.957566
2023-06-23 16:26:00+00:00,186.94,186.99,186.91,785,186.975,77728,186.947738
2023-06-23 16:27:00+00:00,186.9001,186.94,186.85,744,186.9375,67056,186.88924
2023-06-23 16:28:00+00:00,186.95,186.96,186.89,628,186.9,47672,186.92897
2023-06-23 16:29:00+00:00,186.94,186.98,186.92,624,186.96,41790,186.943855
2023-06-23 16:30:00+00:00,186.9379,186.99,186.9282,681,186.94,40864,186.952353
2023-06-23 16:31:00+00:00,186.9313,186.99,186.9101,600,186.93,431821,186.935743
2023-06-23 16:32:00+00:00,186.9611,186.99,186.93,572,186.94,40242,186.960735
2023-06-23 16:33:00+00:00,186.945,187.05,186.935,1293,186.97,97511,187.003968
2023-06-23 16:34:00+00:00,186.88,186.95,186.84,993,186.95,74855,186.890029
2023-06-23 16:35:00+00:00,186.855,186.9,186.85,542,186.87,39909,186.870685
2023-06-23 16:36:00+00:00,186.88,186.88,186.81,702,186.87,51873,186.847787
2023-06-23 16:37:00+00:00,186.84,186.89,186.82,535,186.8748,52128,186.84853
2023-06-23 16:38:00+00:00,186.96,186.96,186.835,697,186.835,61169,186.911269
2023-06-23 16:39:00+00:00,187.0,187.0399,186.95,848,186.96,85779,186.993148
2023-06-23 16:40:00+00:00,187.015,187.06,186.99,778,187.0,168024,187.037948
2023-06-23 16:41:00+00:00,187.05,187.08,187.005,637,187.015,53098,187.043228
2023-06-23 16:42:00+00:00,187.085,187.095,187.04,708,187.06,53584,187.070239
2023-06-23 16:43:00+00:00,187.125,187.14,187.06,912,187.085,113722,187.103507
2023-06-23 16:44:00+00:00,187.025,187.14,187.02,776,187.13,103960,187.100149
2023-06-23 16:45:00+00:00,187.02,187.035,186.98,735,187.0289,53952,187.01074
2023-06-23 16:46:00+00:00,187.0,187.07,187.0,700,187.03,54541,187.029702
2023-06-23 16:47:00+00:00,187.0926,187.1,186.99,635,186.99,61633,187.040345
2023-06-23 16:48:00+00:00,187.015,187.095,186.98,856,187.095,73357,187.026502
2023-06-23 16:49:00+00:00,187.05,187.0799,187.0147,679,187.0147,56552,187.048343
2023-06-23 16:50:00+00:00,187.03,187.1,187.03,780,187.055,58730,187.066707
2023-06-23 16:51:00+00:00,187.044,187.08,187.02,623,187.02,50064,187.052469
2023-06-23 16:52:00+00:00,187.05,187.085,187.03,550,187.0492,38139,187.057439
2023-06-23 16:53:00+00:00,186.95,187.045,186.93,811,187.045,65990,186.996908
2023-06-23 16:54:00+00:00,186.88,186.96,186.84,915,186.95,79128,186.89221
2023-06-23 16:55:00+00:00,186.97,186.975,186.8801,670,186.885,79874,186.932629
2023-06-23 16:56:00+00:00,187.02,187.02,186.9514,721,186.97,70470,186.994952
2023-06-23 16:57:00+00:00,187.0301,187.05,186.995,749,187.025,58620,187.022432
2023-06-23 16:58:00+00:00,187.01,187.0358,186.9905,590,187.03,45514,187.017283
2023-06-23 16:59:00+00:00,186.983,187.01,186.98,423,187.01,22741,186.991211
2023-06-23 17:00:00+00:00,187.09,187.09,186.985,812,186.99,307815,187.035242
2023-06-23 17:01:00+00:00,187.065,187.15,187.06,934,187.0885,88451,187.118564
2023-06-23 17:02:00+00:00,187.0124,187.15,187.01,798,187.065,64019,187.096345
2023-06-23 17:03:00+00:00,187.09,187.095,186.99,506,187.01,35631,187.03383
2023-06-23 17:04:00+00:00,187.12,187.135,187.09,497,187.1,33087,187.116023
2023-06-23 17:05:00+00:00,187.11,187.15,187.11,579,187.13,55602,187.12762
2023-06-23 17:06:00+00:00,187.08,187.15,187.03,978,187.11,88647,187.096459
2023-06-23 17:07:00+00:00,187.185,187.19,187.07,690,187.077,73358,187.139985
2023-06-23 17:08:00+00:00,187.175,187.225,187.17,986,187.185,91528,187.193279
2023-06-23 17:09:00+00:00,187.19,187.2,187.14,598,187.17,41143,187.165868
2023-06-23 17:10:00+00:00,187.17,187.22,187.14,560,187.1914,52746,187.174291
2023-06-23 17:11:00+00:00,187.15,187.205,187.12,620,187.1615,51012,187.174314
2023-06-23 17:12:00+00:00,187.23,187.23,187.13,598,187.15,36235,187.188885
2023-06-23 17:13:00+00:00,187.275,187.3,187.21,1381,187.225,108272,187.265999
2023-06-23 17:14:00+00:00,187.244,187.28,187.22,687,187.275,53839,187.245956
2023-06-23 17:15:00+00:00,187.23,187.245,187.16,687,187.245,59715,187.19995
2023-06-23 17:16:00+00:00,187.2301,187.2592,187.22,527,187.23,31451,187.239012
2023-06-23 17:17:00+00:00,187.25,187.26,187.22,534,187.23,49563,187.239791
2023-06-23 17:18:00+00:00,187.34,187.37,187.24,1007,187.255,80727,187.314739
2023-06-23 17:19:00+00:00,187.28,187.36,187.27,982,187.34,86744,187.319396
2023-06-23 17:20:00+00:00,187.365,187.37,187.2861,691,187.29,53280,187.323396
2023-06-23 17:21:00+00:00,187.36,187.4,187.35,995,187.3673,85113,187.376853
2023-06-23 17:22:00+00:00,187.3415,187.38,187.31,1090,187.37,87091,187.340116
2023-06-23 17:23:00+00:00,187.38,187.38,187.3329,749,187.34,62524,187.351316
2023-06-23 17:24:00+00:00,187.4111,187.45,187.37,826,187.39,73057,187.409291
2023-06-23 17:25:00+00:00,187.395,187.47,187.38,833,187.41,77640,187.432959
2023-06-23 17:26:00+00:00,187.32,187.4343,187.31,793,187.4,65381,187.365888
2023-06-23 17:27:00+00:00,187.29,187.34,187.29,706,187.315,59001,187.319968
2023-06-23 17:28:00+00:00,187.285,187.305,187.26,664,187.2919,250320,187.085115
2023-06-23 17:29:00+00:00,187.337,187.337,187.28,658,187.29,55187,187.307514
2023-06-23 17:30:00+00:00,187.415,187.425,187.33,1019,187.33,71636,187.386114
2023-06-23 17:31:00+00:00,187.38,187.43,187.34,781,187.42,49719,187.366789
2023-06-23 17:32:00+00:00,187.3247,187.43,187.3247,772,187.38,66058,187.384628
2023-06-23 17:33:00+00:00,187.355,187.375,187.27,670,187.32,43041,187.317307
2023-06-23 17:34:00+00:00,187.345,187.36,187.31,543,187.355,33152,187.331424
2023-06-23 17:35:00+00:00,187.36,187.38,187.325,612,187.35,42008,187.349423
2023-06-23 17:36:00+00:00,187.305,187.37,187.28,646,187.36,42027,187.329686
2023-06-23 17:37:00+00:00,187.27,187.32,187.26,682,187.3,46001,187.288931
2023-06-23 17:38:00+00:00,187.2999,187.2999,187.23,671,187.2614,58184,187.260054
2023-06-23 17:39:00+00:00,187.345,187.35,187.28,599,187.295,49185,187.313072
2023-06-23 17:40:00+00:00,187.33,187.37,187.32,624,187.34,48114,187.347543
2023-06-23 17:41:00+00:00,187.34,187.36,187.325,452,187.34,22656,187.342844
2023-06-23 17:42:00+00:00,187.2708,187.34,187.26,637,187.34,40672,187.305252
2023-06-23 17:43:00+00:00,187.28,187.33,187.2609,641,187.27,41887,187.299335
2023-06-23 17:44:00+00:00,187.26,187.315,187.25,450,187.2812,27395,187.281387
2023-06-23 17:45:00+00:00,187.29,187.2917,187.22,757,187.26,73940,187.249877
2023-06-23 17:46:00+00:00,187.28,187.29,187.2315,442,187.29,32052,187.264379
2023-06-23 17:47:00+00:00,187.245,187.28,187.22,533,187.28,45000,187.248722
2023-06-23 17:48:00+00:00,187.325,187.3254,187.23,711,187.245,70070,187.291241
2023-06-23 17:49:00+00:00,187.29,187.3599,187.27,766,187.325,84797,187.319436
2023-06-23 17:50:00+00:00,187.4,187.4,187.265,745,187.28,61846,187.349932
2023-06-23 17:51:00+00:00,187.485,187.49,187.3701,1091,187.39,109436,187.435471
2023-06-23 17:52:00+00:00,187.525,187.56,187.47,2049,187.4813,258371,187.509754
2023-06-23 17:53:00+00:00,187.4325,187.55,187.4315,899,187.525,79668,187.502106
2023-06-23 17:54:00+00:00,187.375,187.47,187.34,786,187.44,88966,187.38901
2023-06-23 17:55:00+00:00,187.36,187.4,187.345,512,187.3701,45455,187.371083
2023-06-23 17:56:00+00:00,187.43,187.435,187.345,649,187.37,43952,187.39459
2023-06-23 17:57:00+00:00,187.44,187.44,187.4,600,187.425,40283,187.426999
2023-06-23 17:58:00+00:00,187.37,187.45,187.355,503,187.445,41588,187.388705
2023-06-23 17:59:00+00:00,187.34,187.4,187.34,553,187.37,34467,187.369517
2023-06-23 18:00:00+00:00,187.345,187.37,187.331,511,187.34,32573,187.352014
2023-06-23 18:01:00+00:00,187.3329,187.4014,187.33,690,187.35,46310,187.367631
2023-06-23 18:02:00+00:00,187.35,187.35,187.3026,585,187.335,58297,187.323577
2023-06-23 18:03:00+00:00,187.38,187.4,187.3193,699,187.34,49025,187.357702
2023-06-23 18:04:00+00:00,187.345,187.39,187.325,527,187.39,34887,187.352166
2023-06-23 18:05:00+00:00,187.2686,187.35,187.26,664,187.3418,51107,187.30386
2023-06-23 18:06:00+00:00,187.24,187.27,187.21,877,187.265,102998,187.241516
2023-06-23 18:07:00+00:00,187.2544,187.26,187.225,610,187.24,54591,187.246534
2023-06-23 18:08:00+00:00,187.23,187.255,187.21,811,187.25,63709,187.235987
2023-06-23 18:09:00+00:00,187.26,187.27,187.22,713,187.23,61901,187.255334
2023-06-23 18:10:00+00:00,187.2501,187.2962,187.175,1165,187.26,103517,187.232861
2023-06-23 18:11:00+00:00,187.12,187.26,187.12,975,187.2524,94132,187.188426
2023-06-23 18:12:00+00:00,187.2,187.23,187.11,883,187.115,77354,187.161238
2023-06-23 18:13:00+00:00,187.17,187.22,187.15,667,187.2,44444,187.186963
2023-06-23 18:14:00+00:00,187.13,187.175,187.13,577,187.17,34694,187.15271
2023-06-23 18:15:00+00:00,187.16,187.18,187.105,686,187.125,63574,187.133729
2023-06-23 18:16:00+00:00,187.2888,187.29,187.105,939,187.156,73438,187.218628
2023-06-23 18:17:00+00:00,187.28,187.31,187.265,746,187.28,59098,187.290672
2023-06-23 18:18:00+00:00,187.315,187.315,187.2617,608,187.2706,49351,187.287586
2023-06-23 18:19:00+00:00,187.225,187.31,187.22,573,187.31,50782,187.26639
2023-06-23 18:20:00+00:00,187.285,187.29,187.22,703,187.22,58081,187.256216
2023-06-23 18:21:00+00:00,187.3,187.31,187.28,603,187.285,43905,187.295302
2023-06-23 18:22:00+00:00,187.2901,187.33,187.29,602,187.3032,41719,187.312351
2023-06-23 18:23:00+00:00,187.412,187.42,187.2915,799,187.2936,80378,187.369757
2023-06-23 18:24:00+00:00,187.355,187.425,187.355,609,187.4196,50320,187.399989
2023-06-23 18:25:00+00:00,187.31,187.36,187.31,550,187.35,35781,187.338518
2023-06-23 18:26:00+00:00,187.21,187.3353,187.18,1065,187.315,95733,187.24395
2023-06-23 18:27:00+00:00,187.2211,187.23,187.12,884,187.22,75059,187.184989
2023-06-23 18:28:00+00:00,187.265,187.27,187.185,586,187.2239,47856,187.226116
2023-06-23 18:29:00+00:00,187.24,187.29,187.21,559,187.265,43006,187.25557
2023-06-23 18:30:00+00:00,187.18,187.2699,187.18,668,187.23,56329,187.225495
2023-06-23 18:31:00+00:00,187.2199,187.22,187.1523,655,187.18,59308,187.18488
2023-06-23 18:32:00+00:00,187.2437,187.25,187.18,778,187.2166,71485,187.217267
2023-06-23 18:33:00+00:00,187.215,187.27,187.21,560,187.24,35430,187.24052
2023-06-23 18:34:00+00:00,187.24,187.24,187.18,604,187.225,30365,187.205235
2023-06-23 18:35:00+00:00,187.235,187.265,187.2,673,187.23,43426,187.236926
2023-06-23 18:36:00+00:00,187.12,187.225,187.115,710,187.225,60794,187.148765
2023-06-23 18:37:00+00:00,187.16,187.17,187.05,1561,187.1219,152234,187.102482
2023-06-23 18:38:00+00:00,187.1,187.17,187.05,944,187.16,74531,187.116247
2023-06-23 18:39:00+00:00,187.085,187.145,187.084,602,187.09,50592,187.116199
2023-06-23 18:40:00+00:00,187.1,187.13,187.02,1113,187.09,90250,187.074071
2023-06-23 18:41:00+00:00,187.13,187.13,187.045,867,187.09,68218,187.082291
2023-06-23 18:42:00+00:00,187.006,187.155,186.98,1890,187.13,175812,187.050849
2023-06-23 18:43:00+00:00,186.97,187.0212,186.92,1066,187.01,92317,186.983443
2023-06-23 18:44:00+00:00,186.8838,186.985,186.88,903,186.97,86069,186.91823
2023-06-23 18:45:00+00:00,186.67,186.9,186.67,1529,186.885,128736,186.782548
2023-06-23 18:46:00+00:00,186.805,186.83,186.66,1010,186.66,89665,186.735306
2023-06-23 18:47:00+00:00,186.79,186.835,186.76,833,186.8,76062,186.796761
2023-06-23 18:48:00+00:00,186.84,186.87,186.74,914,186.79,74600,186.800489
2023-06-23 18:49:00+00:00,186.755,186.84,186.73,704,186.84,56539,186.777726
2023-06-23 18:50:00+00:00,186.78,186.828,186.71,810,186.7599,76021,186.766425
2023-06-23 18:51:00+00:00,186.605,186.78,186.6,1154,186.78,155251,186.694589
2023-06-23 18:52:00+00:00,186.69,186.725,186.61,808,186.615,75162,186.668009
2023-06-23 18:53:00+00:00,186.68,186.7,186.62,604,186.6819,43616,186.664564
2023-06-23 18:54:00+00:00,186.5901,186.68,186.5901,701,186.675,66361,186.634001
2023-06-23 18:55:00+00:00,186.66,186.68,186.575,796,186.6,72987,186.627944
2023-06-23 18:56:00+00:00,186.749,186.76,186.6542,1024,186.66,123586,186.726575
2023-06-23 18:57:00+00:00,186.71,186.78,186.64,857,186.7499,69857,186.71745
2023-06-23 18:58:00+00:00,186.77,186.77,186.69,643,186.72,42312,186.725557
2023-06-23 18:59:00+00:00,186.7,186.78,186.7,613,186.77,48772,186.745074
2023-06-23 19:00:00+00:00,186.61,186.725,186.59,1091,186.71,106195,186.677882
2023-06-23 19:01:00+00:00,186.48,186.675,186.47,1386,186.61,116016,186.533468
2023-06-23 19:02:00+00:00,186.415,186.48,186.38,1313,186.48,149252,186.422646
2023-06-23 19:03:00+00:00,186.555,186.56,186.4,1108,186.41,114054,186.493598
2023-06-23 19:04:00+00:00,186.5783,186.62,186.5342,705,186.55,58443,186.571461
2023-06-23 19:05:00+00:00,186.6335,186.66,186.54,821,186.57,78807,186.604497
2023-06-23 19:06:00+00:00,186.54,186.655,186.54,738,186.64,79656,186.598431
2023-06-23 19:07:00+00:00,186.54,186.5699,186.48,1036,186.54,83343,186.533363
2023-06-23 19:08:00+00:00,186.53,186.56,186.49,822,186.53,76090,186.5217
2023-06-23 19:09:00+00:00,186.55,186.59,186.51,929,186.53,80916,186.551797
2023-06-23 19:10:00+00:00,186.63,186.68,186.54,1306,186.55,125131,186.616061
2023-06-23 19:11:00+00:00,186.68,186.69,186.55,790,186.63,96019,186.621073
2023-06-23 19:12:00+00:00,186.725,186.7539,186.67,923,186.67,95004,186.726346
2023-06-23 19:13:00+00:00,186.8099,186.8299,186.72,1049,186.725,95076,186.789641
2023-06-23 19:14:00+00:00,186.75,186.87,186.75,1207,186.8087,110444,186.818526
2023-06-23 19:15:00+00:00,186.815,186.82,186.72,800,186.7585,78606,186.760562
2023-06-23 19:16:00+00:00,186.84,186.845,186.77,821,186.8188,77892,186.81106
2023-06-23 19:17:00+00:00,186.84,186.845,186.7632,969,186.84,108580,186.801347
2023-06-23 19:18:00+00:00,186.9201,186.93,186.8333,859,186.8333,77016,186.88267
2023-06-23 19:19:00+00:00,186.99,187.0,186.91,1392,186.92,141788,186.957892
2023-06-23 19:20:00+00:00,186.965,187.05,186.965,1171,186.985,108683,187.006316
2023-06-23 19:21:00+00:00,186.9355,186.98,186.91,874,186.97,80244,186.942786
2023-06-23 19:22:00+00:00,186.87,186.955,186.86,846,186.92,78650,186.918463
2023-06-23 19:23:00+00:00,186.8,186.89,186.8,876,186.86,97071,186.856068
2023-06-23 19:24:00+00:00,186.85,186.85,186.77,746,186.8,93916,186.799156
2023-06-23 19:25:00+00:00,186.93,186.93,186.8124,830,186.85,94447,186.869456
2023-06-23 19:26:00+00:00,186.8,186.92,186.78,839,186.92,83654,186.853478
2023-06-23 19:27:00+00:00,186.8007,186.87,186.795,883,186.81,81400,186.830518
2023-06-23 19:28:00+00:00,186.78,186.83,186.77,692,186.8,67474,186.791833
2023-06-23 19:29:00+00:00,186.815,186.85,186.76,977,186.78,80873,186.819467
2023-06-23 19:30:00+00:00,186.868,186.9,186.82,781,186.83,66366,186.860277
2023-06-23 19:31:00+00:00,186.915,186.92,186.87,857,186.87,81388,186.898526
2023-06-23 19:32:00+00:00,186.82,186.93,186.81,910,186.92,88156,186.886117
2023-06-23 19:33:00+00:00,186.79,186.8213,186.74,1065,186.82,122528,186.790463
2023-06-23 19:34:00+00:00,186.89,186.905,186.79,1054,186.79,97314,186.857505
2023-06-23 19:35:00+00:00,186.965,186.965,186.88,800,186.89,83542,186.922694
2023-06-23 19:36:00+00:00,187.09,187.09,186.955,1308,186.96,161886,187.024304
2023-06-23 19:37:00+00:00,187.0672,187.13,187.02,938,187.0701,80867,187.074725
2023-06-23 19:38:00+00:00,187.03,187.07,187.0,870,187.068,79658,187.04072
2023-06-23 19:39:00+00:00,187.02,187.04,186.98,1167,187.04,102737,187.011389
2023-06-23 19:40:00+00:00,186.98,187.057,186.97,1325,187.03,119717,187.005242
2023-06-23 19:41:00+00:00,186.965,186.98,186.91,1122,186.98,96995,186.936834
2023-06-23 19:42:00+00:00,187.06,187.085,186.9401,1008,186.96,99098,187.024021
2023-06-23 19:43:00+00:00,187.06,187.08,187.025,875,187.06,71133,187.047114
2023-06-23 19:44:00+00:00,187.13,187.17,187.0601,1262,187.0601,126495,187.117394
2023-06-23 19:45:00+00:00,187.195,187.205,187.12,1257,187.14,132782,187.164037
2023-06-23 19:46:00+00:00,187.175,187.23,187.12,1238,187.2,114471,187.171529
2023-06-23 19:47:00+00:00,187.225,187.23,187.14,1193,187.18,109077,187.175435
2023-06-23 19:48:00+00:00,187.15,187.25,187.15,924,187.2279,72147,187.220489
2023-06-23 19:49:00+00:00,187.215,187.24,187.145,982,187.16,92377,187.20166
2023-06-23 19:50:00+00:00,186.63,187.22,186.51,7117,187.22,784344,186.79218
2023-06-23 19:51:00+00:00,186.76,186.81,186.635,2574,186.64,261442,186.712074
2023-06-23 19:52:00+00:00,186.72,186.79,186.63,2294,186.75,223371,186.734365
2023-06-23 19:53:00+00:00,186.715,186.8936,186.67,2174,186.71,230420,186.762972
2023-06-23 19:54:00+00:00,186.625,186.85,186.61,4159,186.71,372820,186.745605
2023-06-23 19:55:00+00:00,186.94,186.97,186.62,3524,186.62,342742,186.868257
2023-06-23 19:56:00+00:00,186.735,186.99,186.72,2522,186.96,271088,186.86084
2023-06-23 19:57:00+00:00,186.6887,186.76,186.64,3242,186.73,355055,186.673899
2023-06-23 19:58:00+00:00,186.585,186.71,186.585,3304,186.68,337793,186.657793
2023-06-23 19:59:00+00:00,186.68,186.76,186.53,6836,186.585,930940,186.639517
2023-06-23 20:00:00+00:00,186.63,186.7,186.63,168,186.67,9509524,186.679992
2023-06-23 20:01:00+00:00,186.68,186.68,186.6,124,186.63,1015980,186.685452
2023-06-23 20:02:00+00:00,186.68,186.68,186.6,90,186.6,256456,186.678932
2023-06-23 20:03:00+00:00,186.69,186.69,186.67,97,186.68,261132,186.680012
2023-06-23 20:04:00+00:00,186.7,186.7,186.69,40,186.7,16297,186.684921
2023-06-23 20:05:00+00:00,186.66,186.72,186.66,42,186.72,5759,186.712784
2023-06-23 20:06:00+00:00,186.72,186.72,186.67,64,186.68,47453,186.68277
2023-06-23 20:07:00+00:00,186.68,186.74,186.68,30,186.72,257870,186.68048
2023-06-23 20:08:00+00:00,186.72,186.72,186.62,95,186.71,11870,186.673425
2023-06-23 20:09:00+00:00,186.68,186.71,186.68,34,186.68,117357,186.680059
2023-06-23 20:10:00+00:00,186.64,186.69,186.64,75,186.67,33036,186.678214
2023-06-23 20:11:00+00:00,186.65,186.65,186.65,37,186.65,8136,186.672493
2023-06-23 20:12:00+00:00,186.64,186.71,186.64,60,186.67,79687,186.67913
2023-06-23 20:13:00+00:00,186.66,186.66,186.63,42,186.63,81739,186.679258
2023-06-23 20:14:00+00:00,186.6,186.6599,186.6,41,186.6599,258107,186.679734
2023-06-23 20:16:00+00:00,186.57,186.6,186.57,45,186.58,2262,186.583703
2023-06-23 20:17:00+00:00,186.57,186.57,186.54,47,186.54,2824,186.557719
2023-06-23 20:18:00+00:00,186.58,186.58,186.58,17,186.58,279,186.582204
2023-06-23 20:19:00+00:00,186.58,186.6,186.58,34,186.58,522,186.582404
2023-06-23 20:21:00+00:00,186.54,186.56,186.54,47,186.56,3739,186.555852
2023-06-23 20:22:00+00:00,186.5,186.51,186.5,47,186.51,1070,186.504061
2023-06-23 20:23:00+00:00,186.5,186.5,186.47,20,186.47,757,186.479392
2023-06-23 20:24:00+00:00,186.5,186.5,186.5,24,186.5,1875,186.497453
2023-06-23 20:25:00+00:00,186.48,186.5,186.48,21,186.48,1530,186.486758
2023-06-23 20:26:00+00:00,186.48,186.48,186.47,27,186.47,1953,186.474087
2023-06-23 20:27:00+00:00,186.47,186.48,186.47,20,186.48,1494,186.478213
2023-06-23 20:28:00+00:00,186.4,186.46,186.4,52,186.46,2125,186.426007
2023-06-23 20:29:00+00:00,186.39,186.4,186.35,49,186.4,4204,186.371361
2023-06-23 20:31:00+00:00,186.41,186.41,186.41,30,186.41,399,186.410013
2023-06-23 20:33:00+00:00,186.5,186.5,186.42,53,186.42,1803,186.466251
2023-06-23 20:34:00+00:00,186.5,186.5,186.5,17,186.5,236,186.485169
2023-06-23 20:35:00+00:00,186.42,186.4999,186.42,32,186.4999,1197,186.451562
2023-06-23 20:36:00+00:00,186.44,186.44,186.37,41,186.37,1359,186.407362
2023-06-23 20:37:00+00:00,186.54,186.54,186.45,63,186.45,3413,186.486154
2023-06-23 20:38:00+00:00,186.68,186.68,186.5,28,186.5199,17550,186.666357
2023-06-23 20:39:00+00:00,186.53,186.55,186.51,57,186.53,3055,186.525575
2023-06-23 20:40:00+00:00,186.5,186.54,186.5,19,186.54,493,186.527323
2023-06-23 20:42:00+00:00,186.53,186.53,186.51,13,186.51,1639,186.513091
2023-06-23 20:43:00+00:00,186.51,186.51,186.51,16,186.51,2426,186.645912
2023-06-23 20:44:00+00:00,186.5,186.53,186.5,51,186.53,1642,186.517893
2023-06-23 20:45:00+00:00,186.5,186.51,186.5,26,186.51,993,186.510035
2023-06-23 20:46:00+00:00,186.54,186.54,186.53,23,186.53,1017,186.534095
2023-06-23 20:47:00+00:00,186.52,186.58,186.5,47,186.53,1994,186.54324
2023-06-23 20:48:00+00:00,186.47,186.51,186.47,60,186.51,1945,186.500249
2023-06-23 20:49:00+00:00,186.49,186.49,186.49,14,186.49,474,186.487152
2023-06-23 20:50:00+00:00,186.45,186.49,186.45,14,186.49,353,186.47728
2023-06-23 20:51:00+00:00,186.4501,186.4501,186.4501,14,186.4501,663,186.453763
2023-06-23 20:52:00+00:00,186.46,186.4601,186.46,16,186.4601,243,186.462016
2023-06-23 20:55:00+00:00,186.56,186.56,186.49,63,186.49,1770,186.609811
2023-06-23 20:56:00+00:00,186.49,186.57,186.49,34,186.57,1689,186.531638
2023-06-23 20:57:00+00:00,186.56,186.56,186.49,18,186.49,434,186.509309
2023-06-23 20:58:00+00:00,186.49,186.49,186.49,11,186.49,124,186.491331
2023-06-23 20:59:00+00:00,186.5,186.5,186.5,20,186.5,522,186.499148
2023-06-23 21:00:00+00:00,186.48,186.48,186.48,14,186.48,251,186.485438
2023-06-23 21:02:00+00:00,186.4802,186.4802,186.4802,15,186.4802,387,186.481292
2023-06-23 21:04:00+00:00,186.48,186.68,186.48,11,186.68,56471,186.666238
2023-06-23 21:05:00+00:00,186.5,186.5,186.5,10,186.5,274,186.50073
2023-06-23 21:06:00+00:00,186.46,186.46,186.46,29,186.46,516,186.459177
2023-06-23 21:08:00+00:00,186.5,186.5,186.47,32,186.47,1364,185.593141
2023-06-23 21:09:00+00:00,186.54,186.54,186.54,25,186.54,564,186.538247
2023-06-23 21:10:00+00:00,186.5393,186.5393,186.5393,6,186.5393,304,186.539283
2023-06-23 21:11:00+00:00,186.56,186.56,186.54,26,186.54,866,186.543542
2023-06-23 21:12:00+00:00,186.54,186.55,186.54,19,186.55,1343,186.544483
2023-06-23 21:13:00+00:00,186.5,186.5,186.5,19,186.5,185,186.504108
2023-06-23 21:14:00+00:00,186.52,186.52,186.52,9,186.52,332,186.516958
2023-06-23 21:15:00+00:00,186.68,186.68,186.47,15,186.47,38606,186.67875
2023-06-23 21:16:00+00:00,186.43,186.52,186.43,12,186.52,545,186.473761
2023-06-23 21:17:00+00:00,186.45,186.45,186.45,14,186.45,730,186.453514
2023-06-23 21:18:00+00:00,186.5,186.5,186.5,7,186.5,207,186.499493
2023-06-23 21:21:00+00:00,186.48,186.48,186.48,10,186.48,2002,186.479905
2023-06-23 21:22:00+00:00,186.52,186.52,186.52,17,186.52,727,186.518506
2023-06-23 21:24:00+00:00,186.51,186.51,186.51,15,186.51,481,186.507173
2023-06-23 21:30:00+00:00,186.55,186.55,186.52,27,186.52,2141,186.546291
2023-06-23 21:31:00+00:00,186.58,186.58,186.58,18,186.58,738,186.577703
2023-06-23 21:33:00+00:00,186.57,186.57,186.57,21,186.57,1771,186.569551
2023-06-23 21:35:00+00:00,186.57,186.57,186.5699,15,186.5699,240,186.567603
2023-06-23 21:38:00+00:00,186.57,186.57,186.57,7,186.57,208,186.56875
2023-06-23 21:42:00+00:00,186.55,186.55,186.55,16,186.55,179,186.551899
2023-06-23 21:43:00+00:00,186.52,186.57,186.52,19,186.57,3196,186.535802
2023-06-23 21:46:00+00:00,186.547,186.547,186.547,19,186.547,185,186.54373
2023-06-23 21:47:00+00:00,186.51,186.51,186.51,15,186.51,475,186.51013
2023-06-23 21:48:00+00:00,186.5499,186.5499,186.5499,10,186.5499,543,186.549398
2023-06-23 21:49:00+00:00,186.5499,186.5499,186.5499,13,186.5499,282,186.547713
2023-06-23 21:53:00+00:00,186.51,186.51,186.51,10,186.51,220,186.509386
2023-06-23 21:54:00+00:00,186.51,186.51,186.51,6,186.51,105,186.510238
2023-06-23 22:01:00+00:00,186.53,186.53,186.53,5,186.53,163,186.528834
2023-06-23 22:03:00+00:00,186.53,186.53,186.53,8,186.53,165,186.526303
2023-06-23 22:04:00+00:00,186.51,186.51,186.5012,7,186.5012,469,186.506812
2023-06-23 22:07:00+00:00,186.5499,186.5499,186.5499,11,186.5499,1435,186.549345
2023-06-23 22:09:00+00:00,186.51,186.51,186.51,11,186.51,716,186.510021
2023-06-23 22:11:00+00:00,186.5001,186.5001,186.5001,9,186.5001,163,186.500706
2023-06-23 22:16:00+00:00,186.5,186.51,186.5,19,186.51,842,186.502619
2023-06-23 22:18:00+00:00,186.5,186.5,186.5,12,186.5,254,186.49872
2023-06-23 22:19:00+00:00,186.48,186.55,186.48,17,186.5498,1570,186.500445
2023-06-23 22:21:00+00:00,186.55,186.55,186.543,8,186.543,316,186.545475
2023-06-23 22:23:00+00:00,186.52,186.52,186.52,8,186.52,120,186.516
2023-06-23 22:24:00+00:00,186.52,186.52,186.52,15,186.52,242,186.513781
2023-06-23 22:27:00+00:00,186.49,186.49,186.49,13,186.49,500,186.49097
2023-06-23 22:28:00+00:00,186.49,186.4901,186.49,9,186.49,479,186.4903
2023-06-23 22:29:00+00:00,186.49,186.49,186.49,4,186.49,253,186.490237
2023-06-23 22:30:00+00:00,186.5,186.5,186.5,6,186.5,106,186.500472
2023-06-23 22:31:00+00:00,186.5001,186.5001,186.5001,10,186.5001,316,186.502184
2023-06-23 22:32:00+00:00,186.49,186.5,186.49,14,186.5,760,186.494796
2023-06-23 22:35:00+00:00,186.49,186.5,186.49,10,186.5,310,186.496677
2023-06-23 22:36:00+00:00,186.49,186.49,186.49,5,186.49,508,186.490157
2023-06-23 22:37:00+00:00,186.49,186.49,186.49,7,186.49,1056,186.49
2023-06-23 22:42:00+00:00,186.47,186.49,186.47,11,186.49,416,186.476947
2023-06-23 22:43:00+00:00,186.49,186.49,186.49,5,186.49,113,186.491947
2023-06-23 22:44:00+00:00,186.5,186.5,186.5,6,186.5,122,186.497951
2023-06-23 22:48:00+00:00,186.4999,186.4999,186.4999,33,186.4999,1489,186.493603
2023-06-23 22:51:00+00:00,186.47,186.48,186.47,10,186.48,1297,186.478126
2023-06-23 22:52:00+00:00,186.47,186.47,186.47,9,186.47,113,186.472788
2023-06-23 22:54:00+00:00,186.49,186.49,186.49,16,186.49,314,186.485573
2023-06-23 22:59:00+00:00,186.48,186.48,186.48,10,186.48,520,186.480154
2023-06-23 23:00:00+00:00,186.48,186.48,186.48,11,186.48,885,186.480045
2023-06-23 23:01:00+00:00,186.49,186.49,186.48,16,186.48,775,186.482529
2023-06-23 23:02:00+00:00,186.48,186.5,186.48,4,186.5,202,186.49
2023-06-23 23:05:00+00:00,186.47,186.47,186.47,18,186.47,1113,186.472657
2023-06-23 23:12:00+00:00,186.47,186.47,186.47,11,186.47,563,186.472425
2023-06-23 23:15:00+00:00,186.4799,186.48,186.47,14,186.47,978,186.475985
2023-06-23 23:16:00+00:00,186.47,186.47,186.47,15,186.47,606,186.471221
2023-06-23 23:18:00+00:00,186.48,186.48,186.48,5,186.48,105,186.480381
2023-06-23 23:23:00+00:00,186.5,186.5,186.5,12,186.5,888,186.499932
2023-06-23 23:26:00+00:00,186.5,186.5,186.5,19,186.5,367,186.496907
2023-06-23 23:27:00+00:00,186.46,186.46,186.46,14,186.46,342,186.467558
2023-06-23 23:28:00+00:00,186.52,186.52,186.52,19,186.52,462,186.51303
2023-06-23 23:29:00+00:00,186.51,186.51,186.51,14,186.51,679,186.514293
2023-06-23 23:32:00+00:00,186.46,186.46,186.46,14,186.46,1336,186.461018
2023-06-23 23:33:00+00:00,186.46,186.46,186.46,11,186.46,249,186.45994
2023-06-23 23:34:00+00:00,186.46,186.46,186.46,13,186.46,269,186.463104
2023-06-23 23:35:00+00:00,186.5,186.5,186.5,12,186.5,1682,186.493419
2023-06-23 23:45:00+00:00,186.48,186.48,186.48,11,186.48,275,186.463782
2023-06-23 23:46:00+00:00,186.5,186.5,186.48,14,186.48,488,186.488883
2023-06-23 23:48:00+00:00,186.46,186.46,186.46,26,186.46,387,186.467003
2023-06-23 23:49:00+00:00,186.47,186.48,186.47,21,186.48,514,186.469353
2023-06-23 23:50:00+00:00,186.47,186.48,186.47,8,186.48,2856,186.479459
2023-06-23 23:53:00+00:00,186.47,186.47,186.47,17,186.47,732,186.471947
2023-06-23 23:57:00+00:00,186.46,186.46,186.45,21,186.46,1451,186.45746
2023-06-23 23:58:00+00:00,186.47,186.47,186.47,11,186.47,307,186.46671
2023-06-23 23:59:00+00:00,186.5,186.5,186.46,62,186.46,1532,186.49312
