timestamp,close,high,low,trade_count,open,volume,vwap
2023-05-25 08:00:00+00:00,171.45,171.47,171.37,34,171.37,1106,171.43519
2023-05-25 08:01:00+00:00,171.42,171.47,171.42,80,171.47,5470,171.427898
2023-05-25 08:02:00+00:00,171.42,171.57,171.42,44,171.44,3875,171.460472
2023-05-25 08:03:00+00:00,171.53,171.53,171.42,12,171.42,1448,171.447935
2023-05-25 08:04:00+00:00,171.65,171.65,171.6,17,171.6,1136,171.635202
2023-05-25 08:05:00+00:00,171.69,171.69,171.64,39,171.64,5280,171.664674
2023-05-25 08:08:00+00:00,171.62,171.68,171.62,90,171.68,3802,171.647554
2023-05-25 08:09:00+00:00,171.8,171.8,171.77,36,171.77,1484,171.731294
2023-05-25 08:10:00+00:00,171.58,171.58,171.58,13,171.58,505,171.596376
2023-05-25 08:11:00+00:00,171.7,171.7,171.58,17,171.58,572,171.669021
2023-05-25 08:12:00+00:00,171.59,171.59,171.59,24,171.59,633,171.622891
2023-05-25 08:13:00+00:00,171.75,171.75,171.72,22,171.72,1264,171.72587
2023-05-25 08:14:00+00:00,171.61,171.74,171.61,14,171.73,741,171.698812
2023-05-25 08:15:00+00:00,171.65,171.65,171.61,20,171.61,1018,171.63723
2023-05-25 08:16:00+00:00,171.7,171.7,171.65,13,171.65,1194,171.690704
2023-05-25 08:17:00+00:00,171.72,171.75,171.72,15,171.75,1877,171.741545
2023-05-25 08:18:00+00:00,171.7,171.7,171.7,20,171.7,663,171.699382
2023-05-25 08:19:00+00:00,171.7,171.7,171.69,16,171.7,1266,171.696975
2023-05-25 08:20:00+00:00,171.7,171.7,171.62,26,171.62,1294,171.686739
2023-05-25 08:21:00+00:00,171.73,171.74,171.73,13,171.73,1034,171.732331
2023-05-25 08:23:00+00:00,171.61,171.61,171.6,14,171.6,851,171.608002
2023-05-25 08:26:00+00:00,171.65,171.65,171.58,34,171.58,991,171.604309
2023-05-25 08:28:00+00:00,171.58,171.58,171.58,30,171.58,2689,171.584463
2023-05-25 08:38:00+00:00,171.6,171.6,171.6,36,171.6,879,171.541172
2023-05-25 08:39:00+00:00,171.47,171.49,171.41,31,171.41,1071,171.442269
2023-05-25 08:40:00+00:00,171.54,171.54,171.5,24,171.5,1479,171.522725
2023-05-25 08:41:00+00:00,171.54,171.54,171.54,26,171.54,2686,171.530789
2023-05-25 08:43:00+00:00,171.5,171.5,171.5,7,171.5,329,171.5
2023-05-25 08:44:00+00:00,171.53,171.53,171.52,14,171.52,662,171.530604
2023-05-25 08:45:00+00:00,171.58,171.58,171.58,9,171.58,279,171.570932
2023-05-25 08:47:00+00:00,171.55,171.55,171.55,12,171.55,402,171.498557
2023-05-25 08:50:00+00:00,171.71,171.71,171.53,25,171.54,1526,171.595858
2023-05-25 08:52:00+00:00,171.58,171.58,171.58,10,171.58,1141,171.580833
2023-05-25 08:53:00+00:00,171.6,171.6,171.6,12,171.6,286,171.589476
2023-05-25 08:54:00+00:00,171.64,171.68,171.59,19,171.67,1338,171.66441
2023-05-25 08:55:00+00:00,171.59,171.59,171.59,12,171.59,585,171.606325
2023-05-25 08:56:00+00:00,171.59,171.59,171.59,10,171.59,285,171.584561
2023-05-25 08:57:00+00:00,171.64,171.64,171.59,12,171.63,829,171.620121
2023-05-25 08:58:00+00:00,171.64,171.64,171.64,6,171.64,411,171.64
2023-05-25 08:59:00+00:00,171.64,171.64,171.64,22,171.64,607,171.641236
2023-05-25 09:00:00+00:00,171.69,171.72,171.69,14,171.72,422,171.70436
2023-05-25 09:01:00+00:00,171.68,171.68,171.68,13,171.68,709,171.680719
2023-05-25 09:02:00+00:00,171.68,171.68,171.68,16,171.68,838,171.678019
2023-05-25 09:03:00+00:00,171.71,171.71,171.69,10,171.69,711,171.688101
2023-05-25 09:04:00+00:00,171.7,171.74,171.65,19,171.71,1762,171.708161
2023-05-25 09:05:00+00:00,171.75,171.75,171.63,39,171.7,3589,171.71847
2023-05-25 09:06:00+00:00,171.74,171.75,171.74,19,171.74,755,171.723563
2023-05-25 09:07:00+00:00,171.73,171.74,171.73,11,171.74,818,171.724963
2023-05-25 09:08:00+00:00,171.75,171.75,171.75,10,171.75,466,171.746717
2023-05-25 09:09:00+00:00,171.75,171.75,171.75,8,171.75,310,171.745516
2023-05-25 09:11:00+00:00,171.52,171.55,171.52,44,171.55,1309,171.552422
2023-05-25 09:12:00+00:00,171.61,171.61,171.61,5,171.61,504,171.609683
2023-05-25 09:15:00+00:00,171.59,171.62,171.59,15,171.62,762,171.600486
2023-05-25 09:16:00+00:00,171.56,171.56,171.56,4,171.56,395,171.559949
2023-05-25 09:18:00+00:00,171.56,171.58,171.56,47,171.58,1854,171.568851
2023-05-25 09:21:00+00:00,171.55,171.57,171.55,15,171.57,574,171.554251
2023-05-25 09:22:00+00:00,171.57,171.57,171.57,17,171.57,544,171.577886
2023-05-25 09:23:00+00:00,171.59,171.59,171.59,20,171.59,843,171.59
2023-05-25 09:24:00+00:00,171.59,171.59,171.59,7,171.59,266,171.589286
2023-05-25 09:25:00+00:00,171.54,171.54,171.54,15,171.54,364,171.537445
2023-05-25 09:30:00+00:00,171.55,171.55,171.53,51,171.53,1815,171.52719
2023-05-25 09:33:00+00:00,171.53,171.53,171.53,17,171.53,581,171.528003
2023-05-25 09:39:00+00:00,171.58,171.58,171.58,11,171.58,421,171.580808
2023-05-25 09:41:00+00:00,171.54,171.58,171.54,13,171.58,921,171.5781
2023-05-25 09:47:00+00:00,171.55,171.55,171.55,11,171.55,328,171.543354
2023-05-25 09:48:00+00:00,171.58,171.58,171.57,24,171.57,759,171.574401
2023-05-25 09:50:00+00:00,171.68,171.68,171.62,25,171.62,927,171.655254
2023-05-25 09:53:00+00:00,171.65,171.67,171.65,36,171.67,3039,171.65311
2023-05-25 09:54:00+00:00,171.65,171.65,171.65,13,171.65,503,171.640736
2023-05-25 09:55:00+00:00,171.65,171.65,171.65,19,171.65,574,171.649111
2023-05-25 09:56:00+00:00,171.63,171.63,171.63,16,171.63,262,171.632214
2023-05-25 09:58:00+00:00,171.65,171.65,171.63,16,171.63,462,171.632294
2023-05-25 10:01:00+00:00,171.59,171.59,171.59,13,171.59,253,171.594862
2023-05-25 10:03:00+00:00,171.64,171.65,171.64,31,171.64,2065,171.643186
2023-05-25 10:05:00+00:00,171.63,171.63,171.63,7,171.63,305,171.625803
2023-05-25 10:10:00+00:00,171.65,171.67,171.62,21,171.62,2217,171.648913
2023-05-25 10:11:00+00:00,171.65,171.68,171.65,42,171.65,5249,171.65469
2023-05-25 10:14:00+00:00,171.6,171.61,171.6,48,171.61,768,171.606081
2023-05-25 10:16:00+00:00,171.61,171.62,171.61,19,171.62,1040,171.616894
2023-05-25 10:18:00+00:00,171.65,171.65,171.6,36,171.6,2313,171.635002
2023-05-25 10:20:00+00:00,171.63,171.63,171.63,13,171.63,364,171.628626
2023-05-25 10:22:00+00:00,171.6,171.61,171.6,55,171.61,951,171.595626
2023-05-25 10:23:00+00:00,171.58,171.59,171.58,11,171.59,601,171.581847
2023-05-25 10:24:00+00:00,171.5,171.62,171.5,58,171.62,1575,171.584565
2023-05-25 10:26:00+00:00,171.62,171.65,171.62,25,171.62,1983,171.630197
2023-05-25 10:28:00+00:00,171.51,171.51,171.51,30,171.51,830,171.535867
2023-05-25 10:29:00+00:00,171.59,171.59,171.59,12,171.59,415,171.581036
2023-05-25 10:31:00+00:00,171.54,171.54,171.54,25,171.54,450,171.539244
2023-05-25 10:32:00+00:00,171.5,171.53,171.5,27,171.53,814,171.512445
2023-05-25 10:33:00+00:00,171.3,171.49,171.3,102,171.49,2016,171.386974
2023-05-25 10:34:00+00:00,171.39,171.39,171.39,14,171.39,302,171.379834
2023-05-25 10:35:00+00:00,171.33,171.33,171.31,23,171.31,487,171.322094
2023-05-25 10:36:00+00:00,171.33,171.33,171.31,33,171.31,2146,171.326454
2023-05-25 10:39:00+00:00,171.28,171.37,171.28,55,171.33,3182,171.311175
2023-05-25 10:40:00+00:00,171.2,171.23,171.2,33,171.23,740,171.205649
2023-05-25 10:41:00+00:00,171.08,171.15,171.08,69,171.15,2372,171.116366
2023-05-25 10:42:00+00:00,171.08,171.08,171.08,23,171.08,1019,171.081246
2023-05-25 10:43:00+00:00,171.25,171.25,171.19,22,171.19,1258,171.234261
2023-05-25 10:44:00+00:00,171.25,171.25,171.25,17,171.25,819,171.240501
2023-05-25 10:47:00+00:00,171.25,171.25,171.25,6,171.25,155,171.257032
2023-05-25 10:49:00+00:00,171.1,171.15,171.1,36,171.15,954,171.125681
2023-05-25 10:50:00+00:00,171.1,171.13,171.09,44,171.13,1945,171.109979
2023-05-25 10:51:00+00:00,171.1,171.16,171.1,40,171.14,1737,171.124704
2023-05-25 10:53:00+00:00,171.1,171.16,171.1,35,171.1,4024,171.135611
2023-05-25 10:54:00+00:00,171.16,171.16,171.1,35,171.1,2760,171.146464
2023-05-25 10:55:00+00:00,171.12,171.16,171.12,4,171.16,400,171.1375
2023-05-25 10:56:00+00:00,171.16,171.18,171.15,38,171.16,3568,171.160689
2023-05-25 10:57:00+00:00,171.16,171.16,171.16,27,171.16,1673,171.156928
2023-05-25 10:58:00+00:00,171.13,171.13,171.13,33,171.13,544,171.119081
2023-05-25 10:59:00+00:00,171.13,171.15,171.13,22,171.13,2056,171.132626
2023-05-25 11:00:00+00:00,171.13,171.16,171.1,110,171.16,7036,171.150931
2023-05-25 11:01:00+00:00,171.07,171.13,171.07,95,171.12,5365,171.106898
2023-05-25 11:02:00+00:00,171.16,171.16,171.09,46,171.09,2593,171.131701
2023-05-25 11:03:00+00:00,171.13,171.13,171.1,51,171.13,2479,171.113901
2023-05-25 11:04:00+00:00,171.14,171.14,171.13,33,171.13,1363,171.138225
2023-05-25 11:05:00+00:00,171.17,171.17,171.15,32,171.15,4510,171.164614
2023-05-25 11:06:00+00:00,171.2,171.2,171.2,22,171.2,681,171.196388
2023-05-25 11:07:00+00:00,171.07,171.19,171.07,109,171.19,3744,171.139658
2023-05-25 11:08:00+00:00,171.15,171.15,171.1,30,171.1,1887,171.136969
2023-05-25 11:09:00+00:00,171.2,171.2,171.2,55,171.2,3424,171.183548
2023-05-25 11:10:00+00:00,171.15,171.2,171.15,35,171.2,5074,171.184064
2023-05-25 11:11:00+00:00,171.15,171.2,171.15,52,171.2,2216,171.177847
2023-05-25 11:12:00+00:00,171.13,171.15,171.12,69,171.15,12125,171.124179
2023-05-25 11:13:00+00:00,171.13,171.13,171.13,25,171.13,1196,171.128679
2023-05-25 11:14:00+00:00,171.12,171.12,171.12,14,171.12,718,171.129833
2023-05-25 11:15:00+00:00,171.19,171.19,171.19,14,171.19,829,171.189119
2023-05-25 11:16:00+00:00,171.06,171.14,171.06,100,171.13,5649,171.110752
2023-05-25 11:17:00+00:00,171.14,171.14,171.13,36,171.13,3094,171.135692
2023-05-25 11:18:00+00:00,171.16,171.16,171.12,67,171.12,2394,171.130443
2023-05-25 11:19:00+00:00,171.01,171.15,171.01,110,171.11,7815,171.077533
2023-05-25 11:20:00+00:00,171.05,171.05,171.0,282,171.01,5925,171.01304
2023-05-25 11:21:00+00:00,170.85,170.9,170.82,88,170.86,12887,170.892392
2023-05-25 11:22:00+00:00,170.8,170.85,170.8,64,170.82,3742,170.819449
2023-05-25 11:23:00+00:00,170.95,170.95,170.81,101,170.81,7938,170.883986
2023-05-25 11:24:00+00:00,170.85,170.85,170.85,35,170.85,1082,170.846201
2023-05-25 11:25:00+00:00,170.83,170.84,170.76,90,170.82,4046,170.816332
2023-05-25 11:26:00+00:00,170.89,170.89,170.89,18,170.89,824,170.897451
2023-05-25 11:27:00+00:00,170.96,170.96,170.94,29,170.94,1847,170.943893
2023-05-25 11:28:00+00:00,170.95,171.0,170.95,122,170.99,11107,170.991413
2023-05-25 11:29:00+00:00,170.92,171.0,170.91,105,171.0,8036,170.962158
2023-05-25 11:30:00+00:00,170.7,170.92,170.7,189,170.91,7478,170.842538
2023-05-25 11:31:00+00:00,170.7,170.7,170.67,38,170.67,5023,170.697018
2023-05-25 11:33:00+00:00,170.7,170.7,170.7,50,170.7,2938,170.713632
2023-05-25 11:35:00+00:00,170.8,170.8,170.8,27,170.8,827,170.776034
2023-05-25 11:36:00+00:00,170.8,170.8,170.8,17,170.8,408,170.787623
2023-05-25 11:37:00+00:00,170.7,170.8,170.69,177,170.8,8993,170.765743
2023-05-25 11:38:00+00:00,170.81,170.81,170.7,139,170.7,10302,170.787954
2023-05-25 11:40:00+00:00,170.85,170.85,170.82,86,170.82,3479,170.839652
2023-05-25 11:41:00+00:00,170.85,170.85,170.85,32,170.85,1159,170.854133
2023-05-25 11:42:00+00:00,170.91,170.92,170.91,14,170.92,971,170.917456
2023-05-25 11:43:00+00:00,170.9,170.9,170.9,14,170.9,485,170.911505
2023-05-25 11:44:00+00:00,171.0,171.0,171.0,45,171.0,2126,170.993208
2023-05-25 11:45:00+00:00,171.0,171.02,171.0,64,171.0,3629,171.002475
2023-05-25 11:46:00+00:00,171.03,171.03,171.01,56,171.01,1740,171.049546
2023-05-25 11:48:00+00:00,171.19,171.19,171.16,88,171.17,3893,171.180645
2023-05-25 11:49:00+00:00,171.12,171.12,171.12,23,171.12,711,171.126245
2023-05-25 11:51:00+00:00,171.17,171.17,171.14,31,171.14,883,171.155696
2023-05-25 11:53:00+00:00,171.1,171.1,171.1,20,171.1,1242,171.099903
2023-05-25 11:56:00+00:00,171.08,171.12,171.08,43,171.12,3093,171.113146
2023-05-25 11:57:00+00:00,171.17,171.17,171.17,27,171.17,731,171.156717
2023-05-25 11:58:00+00:00,171.15,171.15,171.15,64,171.15,4289,171.147137
2023-05-25 11:59:00+00:00,171.15,171.15,171.13,25,171.13,2316,171.143769
2023-05-25 12:00:00+00:00,171.15,171.24,170.75,617,171.1582,66308,171.039983
2023-05-25 12:01:00+00:00,171.14,171.6015,170.99,704,171.15,8246,171.220382
2023-05-25 12:02:00+00:00,171.51,171.51,171.06,325,171.14,8520,171.162159
2023-05-25 12:03:00+00:00,171.15,171.52,171.099,294,171.1,3339,171.229462
2023-05-25 12:04:00+00:00,171.24,171.24,171.21,90,171.21,2610,171.201294
2023-05-25 12:05:00+00:00,171.24,171.28,171.24,72,171.27,8029,171.105532
2023-05-25 12:06:00+00:00,171.2,171.28,171.2,90,171.24,8052,171.230067
2023-05-25 12:07:00+00:00,171.25,171.25,171.2,67,171.25,2426,171.25291
2023-05-25 12:08:00+00:00,171.4154,171.4154,171.3101,50,171.3101,2434,171.372106
2023-05-25 12:09:00+00:00,171.35,171.39,171.35,57,171.39,1840,171.367415
2023-05-25 12:10:00+00:00,171.4,171.4,171.32,77,171.32,5246,171.350174
2023-05-25 12:11:00+00:00,171.424,171.4813,171.37,65,171.37,4052,171.409704
2023-05-25 12:12:00+00:00,171.44,171.47,171.41,165,171.45,12118,171.446933
2023-05-25 12:13:00+00:00,171.4,171.4,171.4,41,171.4,740,171.431662
2023-05-25 12:14:00+00:00,171.35,171.44,171.3,138,171.44,6109,171.385724
2023-05-25 12:15:00+00:00,171.45,171.5,171.42,148,171.45,13472,171.464236
2023-05-25 12:16:00+00:00,171.48,171.48,171.41,50,171.45,5701,171.45531
2023-05-25 12:17:00+00:00,171.45,171.53,171.4,199,171.49,11380,171.459596
2023-05-25 12:18:00+00:00,171.42,171.44,171.4,99,171.4,4570,171.421343
2023-05-25 12:19:00+00:00,171.7,171.7,171.4,244,171.41,13265,171.496856
2023-05-25 12:20:00+00:00,171.37,171.57,171.37,116,171.52,3926,171.454695
2023-05-25 12:21:00+00:00,171.3,171.39,171.3,157,171.39,7123,171.3482
2023-05-25 12:22:00+00:00,171.33,171.33,171.25,160,171.29,9039,171.268156
2023-05-25 12:23:00+00:00,171.3,171.34,171.3,43,171.33,6266,171.306021
2023-05-25 12:24:00+00:00,171.3127,171.3127,171.3127,33,171.3127,858,171.324066
2023-05-25 12:25:00+00:00,171.32,171.32,171.3,90,171.31,2593,171.306992
2023-05-25 12:26:00+00:00,171.25,171.3,171.25,61,171.3,1118,171.288941
2023-05-25 12:27:00+00:00,171.22,171.22,171.22,89,171.22,954,171.24045
2023-05-25 12:28:00+00:00,171.27,171.27,171.24,68,171.24,1548,171.253862
2023-05-25 12:29:00+00:00,171.24,171.26,171.2,38,171.2,1431,171.233974
2023-05-25 12:30:00+00:00,171.25,171.31,171.22,100,171.24,5066,171.253164
2023-05-25 12:31:00+00:00,171.29,171.31,171.27,105,171.27,6784,171.273696
2023-05-25 12:32:00+00:00,171.34,171.34,171.27,150,171.27,9881,171.303618
2023-05-25 12:33:00+00:00,171.33,171.34,171.33,180,171.33,16223,171.330951
2023-05-25 12:34:00+00:00,171.35,171.35,171.33,77,171.35,11495,171.349212
2023-05-25 12:35:00+00:00,171.39,171.39,171.35,120,171.37,4170,171.376802
2023-05-25 12:36:00+00:00,171.37,171.4499,171.33,176,171.4499,11161,171.371994
2023-05-25 12:37:00+00:00,171.59,171.59,171.36,263,171.37,12904,171.500188
2023-05-25 12:38:00+00:00,171.65,171.65,171.49,147,171.56,4614,171.574984
2023-05-25 12:39:00+00:00,171.65,171.67,171.63,110,171.66,7552,171.650331
2023-05-25 12:40:00+00:00,171.64,171.64,171.56,79,171.6292,6412,171.59212
2023-05-25 12:41:00+00:00,171.7,171.7,171.61,346,171.63,20253,171.643974
2023-05-25 12:42:00+00:00,171.82,171.82,171.7126,194,171.74,17843,171.75485
2023-05-25 12:43:00+00:00,171.71,171.96,171.71,436,171.83,27911,171.853732
2023-05-25 12:44:00+00:00,171.83,171.83,171.574,300,171.61,11470,171.680872
2023-05-25 12:45:00+00:00,171.8,171.84,171.75,210,171.75,10642,171.764594
2023-05-25 12:46:00+00:00,171.88,171.91,171.8,272,171.8,16975,171.871769
2023-05-25 12:47:00+00:00,171.97,171.99,171.87,217,171.87,29631,171.918492
2023-05-25 12:48:00+00:00,171.99,172.07,171.98,271,172.0,20031,172.020167
2023-05-25 12:49:00+00:00,172.05,172.07,171.97,237,172.0399,16959,172.008968
2023-05-25 12:50:00+00:00,172.04,172.0787,172.0,161,172.04,9553,172.027582
2023-05-25 12:51:00+00:00,172.0945,172.0945,172.0,181,172.05,16780,172.029049
2023-05-25 12:52:00+00:00,172.11,172.17,172.0,217,172.09,10392,172.082576
2023-05-25 12:53:00+00:00,172.05,172.11,172.0,177,172.11,11993,172.060106
2023-05-25 12:54:00+00:00,172.07,172.1375,172.02,88,172.02,6453,172.081101
2023-05-25 12:55:00+00:00,172.07,172.08,172.0,152,172.03,9224,172.048882
2023-05-25 12:56:00+00:00,172.08,172.11,172.06,67,172.06,6206,172.080177
2023-05-25 12:57:00+00:00,172.15,172.15,172.1,64,172.1,3550,172.125648
2023-05-25 12:58:00+00:00,172.12,172.14,172.1,141,172.13,8580,172.115832
2023-05-25 12:59:00+00:00,172.16,172.18,172.1,88,172.1,7321,172.143801
2023-05-25 13:00:00+00:00,172.22,172.22,172.16,108,172.16,8144,172.186173
2023-05-25 13:01:00+00:00,172.23,172.23,172.21,94,172.23,5995,172.222768
2023-05-25 13:02:00+00:00,172.23,172.23,172.17,183,172.23,13188,172.204054
2023-05-25 13:03:00+00:00,172.21,172.23,172.19,141,172.22,8408,172.203671
2023-05-25 13:04:00+00:00,172.23,172.23,172.18,108,172.2,11702,172.198784
2023-05-25 13:05:00+00:00,172.25,172.34,172.23,227,172.25,21406,172.272341
2023-05-25 13:06:00+00:00,172.28,172.29,172.25,104,172.29,3598,172.277947
2023-05-25 13:07:00+00:00,172.28,172.3,172.28,74,172.3,3464,172.287515
2023-05-25 13:08:00+00:00,172.29,172.29,172.25,98,172.28,6708,172.256765
2023-05-25 13:09:00+00:00,172.26,172.28,172.23,90,172.28,3683,172.25532
2023-05-25 13:10:00+00:00,172.3,172.3,172.26,79,172.26,5687,172.274644
2023-05-25 13:11:00+00:00,172.3,172.3,172.28,86,172.29,6058,172.294034
2023-05-25 13:12:00+00:00,172.4,172.4,172.3,114,172.3,4638,172.335793
2023-05-25 13:13:00+00:00,172.42,172.45,172.37,237,172.38,13408,172.424249
2023-05-25 13:14:00+00:00,172.41,172.43,172.41,117,172.41,15673,172.310928
2023-05-25 13:15:00+00:00,172.23,172.4,172.23,255,172.4,13912,172.290816
2023-05-25 13:16:00+00:00,172.31,172.32,172.26,126,172.26,27949,171.982868
2023-05-25 13:17:00+00:00,172.24,172.34,172.2229,131,172.331,10025,172.291484
2023-05-25 13:18:00+00:00,172.25,172.3,172.24,79,172.29,8018,172.269478
2023-05-25 13:19:00+00:00,172.18,172.26,172.17,199,172.25,35822,172.217019
2023-05-25 13:20:00+00:00,172.26,172.3,172.16,194,172.18,11627,172.219467
2023-05-25 13:21:00+00:00,172.21,172.26,172.18,144,172.26,8130,172.215329
2023-05-25 13:22:00+00:00,172.17,172.23,172.16,223,172.2,16838,172.195997
2023-05-25 13:23:00+00:00,172.21,172.25,172.18,95,172.18,5479,172.212921
2023-05-25 13:24:00+00:00,172.24,172.25,172.2,68,172.22,3789,172.22661
2023-05-25 13:25:00+00:00,172.25,172.25,172.22,82,172.24,3867,172.235932
2023-05-25 13:26:00+00:00,172.22,172.25,172.18,165,172.25,16572,172.222944
2023-05-25 13:27:00+00:00,172.33,172.35,172.14,296,172.22,17439,172.263711
2023-05-25 13:28:00+00:00,172.41,172.5,172.28,266,172.32,20083,172.424974
2023-05-25 13:29:00+00:00,172.51,172.59,172.38,277,172.4,26963,172.469796
2023-05-25 13:30:00+00:00,173.03,173.22,172.41,12211,172.5,2210123,172.744336
2023-05-25 13:31:00+00:00,172.875,173.04,172.6,4980,173.03,524949,172.849663
2023-05-25 13:32:00+00:00,172.525,173.15,172.48,4644,172.9,470830,172.952056
2023-05-25 13:33:00+00:00,172.34,172.71,172.27,3403,172.51,320100,172.499704
2023-05-25 13:34:00+00:00,172.18,172.39,172.05,2566,172.32,223290,172.177586
2023-05-25 13:35:00+00:00,172.31,172.5,172.13,2411,172.19,206092,172.323473
2023-05-25 13:36:00+00:00,172.53,172.64,172.27,3403,172.29,307970,172.457801
2023-05-25 13:37:00+00:00,172.48,172.69,172.29,2672,172.51,251576,172.473082
2023-05-25 13:38:00+00:00,172.5601,172.74,172.4301,2306,172.49,217801,172.581783
2023-05-25 13:39:00+00:00,172.74,172.83,172.555,1822,172.58,143003,172.719109
2023-05-25 13:40:00+00:00,172.95,173.03,172.69,3082,172.75,290816,172.940184
2023-05-25 13:41:00+00:00,172.915,173.12,172.91,2420,172.96,232463,173.014659
2023-05-25 13:42:00+00:00,172.52,172.91,172.51,2277,172.91,215566,172.660802
2023-05-25 13:43:00+00:00,172.5,172.66,172.48,1448,172.52,142278,172.548096
2023-05-25 13:44:00+00:00,172.73,172.74,172.495,1615,172.4999,132395,172.630335
2023-05-25 13:45:00+00:00,172.815,173.0191,172.71,1869,172.7411,193148,172.890724
2023-05-25 13:46:00+00:00,172.69,172.82,172.61,3155,172.815,173082,172.692864
2023-05-25 13:47:00+00:00,172.52,172.84,172.4758,3853,172.6935,185945,172.638891
2023-05-25 13:48:00+00:00,172.48,172.59,172.4,3404,172.53,147625,172.4866
2023-05-25 13:49:00+00:00,172.45,172.55,172.3,4618,172.45,217041,172.431337
2023-05-25 13:50:00+00:00,172.41,172.505,172.3801,3522,172.45,129092,172.421374
2023-05-25 13:51:00+00:00,172.38,172.5,172.355,3511,172.41,134812,172.422545
2023-05-25 13:52:00+00:00,172.2486,172.42,172.24,3280,172.39,124084,172.344402
2023-05-25 13:53:00+00:00,172.5263,172.54,172.17,3541,172.25,137561,172.342199
2023-05-25 13:54:00+00:00,172.655,172.6587,172.5,3327,172.52,132682,172.557186
2023-05-25 13:55:00+00:00,172.6799,172.82,172.6401,3467,172.66,137758,172.725074
2023-05-25 13:56:00+00:00,172.58,172.67,172.53,3160,172.67,100648,172.57763
2023-05-25 13:57:00+00:00,172.5591,172.66,172.52,2986,172.5957,99751,172.586307
2023-05-25 13:58:00+00:00,172.51,172.64,172.5,2920,172.555,81950,172.564117
2023-05-25 13:59:00+00:00,172.51,172.67,172.47,3209,172.5,120713,172.576101
2023-05-25 14:00:00+00:00,172.745,172.84,172.5,4015,172.515,173123,172.71482
2023-05-25 14:01:00+00:00,172.54,172.87,172.51,4045,172.75,292500,172.602795
2023-05-25 14:02:00+00:00,172.54,172.6397,172.465,3271,172.53,119059,172.544123
2023-05-25 14:03:00+00:00,172.63,172.64,172.45,3433,172.535,106638,172.557052
2023-05-25 14:04:00+00:00,172.625,172.7,172.55,3647,172.62,129102,172.628221
2023-05-25 14:05:00+00:00,172.5,172.7211,172.48,3508,172.61,111406,172.621307
2023-05-25 14:06:00+00:00,172.4,172.56,172.35,4041,172.495,187097,172.453112
2023-05-25 14:07:00+00:00,172.4,172.43,172.29,3534,172.39,128617,172.364634
2023-05-25 14:08:00+00:00,172.41,172.47,172.37,3094,172.3926,88265,172.418772
2023-05-25 14:09:00+00:00,172.31,172.49,172.29,3206,172.405,99208,172.410738
2023-05-25 14:10:00+00:00,172.2127,172.31,172.19,3352,172.305,124022,172.264297
2023-05-25 14:11:00+00:00,172.11,172.24,172.1,3751,172.21,156287,172.1612
2023-05-25 14:12:00+00:00,172.105,172.14,172.07,3352,172.11,109180,172.105239
2023-05-25 14:13:00+00:00,172.18,172.19,172.01,3513,172.1,128652,172.082522
2023-05-25 14:14:00+00:00,172.21,172.2771,172.14,3189,172.17,87959,172.216487
2023-05-25 14:15:00+00:00,172.25,172.34,172.18,3124,172.2,80473,172.249767
2023-05-25 14:16:00+00:00,172.235,172.3,172.16,3009,172.26,74321,172.22548
2023-05-25 14:17:00+00:00,172.34,172.395,172.235,3266,172.235,102013,172.320082
2023-05-25 14:18:00+00:00,172.26,172.4,172.23,3286,172.3389,109580,172.323813
2023-05-25 14:19:00+00:00,172.0599,172.285,172.04,3578,172.2659,108503,172.165521
2023-05-25 14:20:00+00:00,171.965,172.065,171.875,4956,172.05,225556,171.962849
2023-05-25 14:21:00+00:00,171.84,171.97,171.81,3894,171.96,132521,171.87932
2023-05-25 14:22:00+00:00,171.9185,171.92,171.76,1990,171.85,111978,171.837731
2023-05-25 14:23:00+00:00,171.8,171.93,171.79,1082,171.92,94663,171.859839
2023-05-25 14:24:00+00:00,171.72,171.83,171.69,1175,171.8,83517,171.756021
2023-05-25 14:25:00+00:00,171.745,171.83,171.7,1104,171.7204,99148,171.75447
2023-05-25 14:26:00+00:00,171.935,171.95,171.7416,1089,171.7564,95480,171.858125
2023-05-25 14:27:00+00:00,171.925,171.975,171.89,861,171.94,74983,171.927337
2023-05-25 14:28:00+00:00,171.97,172.02,171.91,1056,171.915,87253,171.977883
2023-05-25 14:29:00+00:00,171.93,172.02,171.905,991,171.965,95879,171.959646
2023-05-25 14:30:00+00:00,171.9172,171.97,171.84,1006,171.935,79712,171.919772
2023-05-25 14:31:00+00:00,171.7285,171.935,171.715,1100,171.93,71169,171.836734
2023-05-25 14:32:00+00:00,172.01,172.02,171.695,1553,171.72,134797,171.851256
2023-05-25 14:33:00+00:00,172.0756,172.08,171.975,1039,172.02,99046,172.036155
2023-05-25 14:34:00+00:00,172.14,172.14,171.9775,1036,172.0699,79060,172.053004
2023-05-25 14:35:00+00:00,172.07,172.145,172.02,892,172.13,69767,172.079298
2023-05-25 14:36:00+00:00,172.165,172.19,172.01,1261,172.0662,125871,172.105853
2023-05-25 14:37:00+00:00,172.13,172.17,172.02,1118,172.17,82975,172.095143
2023-05-25 14:38:00+00:00,172.07,172.19,172.06,1154,172.14,103296,172.131986
2023-05-25 14:39:00+00:00,172.06,172.11,172.03,1316,172.071,121806,172.075774
2023-05-25 14:40:00+00:00,172.23,172.24,172.045,1409,172.065,247625,172.083432
2023-05-25 14:41:00+00:00,172.1699,172.315,172.06,1496,172.24,130428,172.195503
2023-05-25 14:42:00+00:00,172.24,172.25,172.05,1358,172.165,131776,172.108491
2023-05-25 14:43:00+00:00,172.29,172.33,172.24,839,172.24,76762,172.27927
2023-05-25 14:44:00+00:00,172.24,172.3,172.19,1011,172.29,88785,172.244666
2023-05-25 14:45:00+00:00,172.24,172.36,172.225,1080,172.25,84832,172.30184
2023-05-25 14:46:00+00:00,172.265,172.3173,172.24,874,172.2418,51182,172.278309
2023-05-25 14:47:00+00:00,172.27,172.34,172.26,1009,172.27,71630,172.309952
2023-05-25 14:48:00+00:00,172.3,172.415,172.275,1441,172.275,105997,172.332147
2023-05-25 14:49:00+00:00,172.37,172.38,172.3,1080,172.3,90555,172.322286
2023-05-25 14:50:00+00:00,172.39,172.44,172.32,1134,172.37,82950,172.375108
2023-05-25 14:51:00+00:00,172.305,172.44,172.3,950,172.4,70341,172.383366
2023-05-25 14:52:00+00:00,172.3671,172.3801,172.3,1048,172.31,70172,172.337135
2023-05-25 14:53:00+00:00,172.3714,172.395,172.225,2085,172.36,185963,172.315729
2023-05-25 14:54:00+00:00,172.43,172.43,172.34,894,172.37,63040,172.393985
2023-05-25 14:55:00+00:00,172.48,172.52,172.42,1264,172.43,110396,172.477224
2023-05-25 14:56:00+00:00,172.35,172.47,172.3,1046,172.47,84177,172.376006
2023-05-25 14:57:00+00:00,172.36,172.41,172.295,1126,172.35,91387,172.347167
2023-05-25 14:58:00+00:00,172.344,172.41,172.31,763,172.35,51748,172.355081
2023-05-25 14:59:00+00:00,172.42,172.43,172.315,830,172.34,63799,172.369732
2023-05-25 15:00:00+00:00,172.46,172.5,172.37,1424,172.43,125682,172.438339
2023-05-25 15:01:00+00:00,172.46,172.56,172.46,1232,172.46,106283,172.492962
2023-05-25 15:02:00+00:00,172.435,172.51,172.41,912,172.465,59747,172.446224
2023-05-25 15:03:00+00:00,172.49,172.5177,172.38,826,172.435,62089,172.445549
2023-05-25 15:04:00+00:00,172.445,172.57,172.43,990,172.5,100326,172.49424
2023-05-25 15:05:00+00:00,172.53,172.55,172.43,812,172.46,78207,172.508556
2023-05-25 15:06:00+00:00,172.645,172.6486,172.515,1135,172.535,107119,172.595885
2023-05-25 15:07:00+00:00,172.7,172.75,172.63,1224,172.65,109747,172.690518
2023-05-25 15:08:00+00:00,172.69,172.71,172.64,807,172.705,78581,172.668849
2023-05-25 15:09:00+00:00,172.72,172.77,172.695,717,172.695,62552,172.735393
2023-05-25 15:10:00+00:00,172.7099,172.74,172.63,870,172.72,81490,172.684828
2023-05-25 15:11:00+00:00,172.71,172.725,172.66,733,172.7,62574,172.692679
2023-05-25 15:12:00+00:00,172.63,172.8,172.63,1154,172.73,116891,172.721966
2023-05-25 15:13:00+00:00,172.65,172.68,172.58,1172,172.64,114688,172.62664
2023-05-25 15:14:00+00:00,172.63,172.74,172.595,1096,172.66,95139,172.66201
2023-05-25 15:15:00+00:00,172.63,172.71,172.625,890,172.63,71445,172.674571
2023-05-25 15:16:00+00:00,172.41,172.64,172.36,2159,172.63,206580,172.476761
2023-05-25 15:17:00+00:00,172.3517,172.465,172.26,2478,172.4,219172,172.363574
2023-05-25 15:18:00+00:00,172.48,172.495,172.37,803,172.37,62848,172.465992
2023-05-25 15:19:00+00:00,172.35,172.48,172.35,918,172.475,82696,172.432233
2023-05-25 15:20:00+00:00,172.425,172.4586,172.32,849,172.35,67504,172.387616
2023-05-25 15:21:00+00:00,172.4,172.49,172.33,1553,172.42,124606,172.393254
2023-05-25 15:22:00+00:00,172.435,172.51,172.38,829,172.405,73533,172.448889
2023-05-25 15:23:00+00:00,172.455,172.49,172.43,935,172.44,84052,172.457147
2023-05-25 15:24:00+00:00,172.5,172.5399,172.43,1178,172.45,123371,172.48431
2023-05-25 15:25:00+00:00,172.48,172.54,172.43,852,172.5,53360,172.481584
2023-05-25 15:26:00+00:00,172.3925,172.4999,172.3925,990,172.49,69873,172.447515
2023-05-25 15:27:00+00:00,172.32,172.51,172.32,1217,172.4,106218,172.418012
2023-05-25 15:28:00+00:00,172.3101,172.41,172.29,813,172.315,89638,172.345247
2023-05-25 15:29:00+00:00,172.27,172.32,172.2602,619,172.3101,41079,172.28952
2023-05-25 15:30:00+00:00,172.25,172.3282,172.23,906,172.275,65123,172.272423
2023-05-25 15:31:00+00:00,172.12,172.25,172.1,1436,172.25,149447,172.152622
2023-05-25 15:32:00+00:00,172.23,172.25,172.11,800,172.11,67009,172.178321
2023-05-25 15:33:00+00:00,172.0699,172.24,172.06,1164,172.23,91066,172.152366
2023-05-25 15:34:00+00:00,172.03,172.095,171.925,1846,172.06,149766,171.992788
2023-05-25 15:35:00+00:00,172.04,172.095,171.98,1154,172.02,111250,172.043154
2023-05-25 15:36:00+00:00,172.055,172.1,172.035,805,172.049,60817,172.063536
2023-05-25 15:37:00+00:00,172.11,172.11,171.985,782,172.04,63839,172.039792
2023-05-25 15:38:00+00:00,172.0,172.1499,171.98,821,172.11,53342,172.074802
2023-05-25 15:39:00+00:00,172.03,172.08,172.0,720,172.0,55532,172.031587
2023-05-25 15:40:00+00:00,171.84,172.05,171.84,986,172.05,79525,171.918062
2023-05-25 15:41:00+00:00,171.87,171.87,171.755,1020,171.83,94318,171.807745
2023-05-25 15:42:00+00:00,171.915,171.9368,171.8,905,171.86,76378,171.872059
2023-05-25 15:43:00+00:00,171.9867,171.9867,171.875,665,171.925,46398,171.936443
2023-05-25 15:44:00+00:00,171.93,172.0,171.9,746,171.99,66300,171.954861
2023-05-25 15:45:00+00:00,172.0293,172.03,171.9,649,171.9283,44780,171.968396
2023-05-25 15:46:00+00:00,172.05,172.07,171.9714,671,172.02,47326,172.012799
2023-05-25 15:47:00+00:00,172.1173,172.135,172.03,684,172.06,58232,172.080963
2023-05-25 15:48:00+00:00,171.99,172.12,171.985,745,172.105,71948,172.06022
2023-05-25 15:49:00+00:00,172.11,172.12,171.96,669,171.9838,59724,172.042858
2023-05-25 15:50:00+00:00,172.075,172.14,172.07,626,172.11,57288,172.10123
2023-05-25 15:51:00+00:00,172.1146,172.125,172.035,478,172.08,34643,172.079696
2023-05-25 15:52:00+00:00,172.14,172.145,172.085,488,172.12,29646,172.110358
2023-05-25 15:53:00+00:00,172.2927,172.36,172.13,1802,172.14,132249,172.255778
2023-05-25 15:54:00+00:00,172.16,172.33,172.14,1234,172.29,119425,172.239455
2023-05-25 15:55:00+00:00,172.24,172.259,172.13,554,172.14,44217,172.193334
2023-05-25 15:56:00+00:00,172.15,172.24,172.1101,631,172.24,44391,172.168717
2023-05-25 15:57:00+00:00,172.18,172.22,172.11,683,172.15,50400,172.16242
2023-05-25 15:58:00+00:00,172.21,172.24,172.13,747,172.18,67431,172.19969
2023-05-25 15:59:00+00:00,172.32,172.32,172.2,941,172.21,82101,172.253626
2023-05-25 16:00:00+00:00,172.49,172.51,172.305,1183,172.315,122123,172.413491
2023-05-25 16:01:00+00:00,172.5371,172.6,172.47,1026,172.485,106622,172.549666
2023-05-25 16:02:00+00:00,172.4947,172.55,172.44,638,172.53,50755,172.49127
2023-05-25 16:03:00+00:00,172.56,172.56,172.48,539,172.4815,45556,172.522006
2023-05-25 16:04:00+00:00,172.56,172.5684,172.4701,816,172.55,89583,172.509617
2023-05-25 16:05:00+00:00,172.56,172.63,172.52,953,172.56,108553,172.586514
2023-05-25 16:06:00+00:00,172.53,172.59,172.53,425,172.57,32723,172.554833
2023-05-25 16:07:00+00:00,172.575,172.5877,172.5201,468,172.54,33220,172.552553
2023-05-25 16:08:00+00:00,172.56,172.62,172.535,600,172.58,63187,172.582161
2023-05-25 16:09:00+00:00,172.52,172.5701,172.4687,527,172.5601,43045,172.509631
2023-05-25 16:10:00+00:00,172.54,172.57,172.5073,619,172.5201,54850,172.540237
2023-05-25 16:11:00+00:00,172.62,172.63,172.54,516,172.545,42730,172.585795
2023-05-25 16:12:00+00:00,172.61,172.71,172.6,879,172.6199,92296,172.664624
2023-05-25 16:13:00+00:00,172.7,172.7,172.59,597,172.61,59438,172.629273
2023-05-25 16:14:00+00:00,172.73,172.755,172.67,854,172.705,88243,172.724558
2023-05-25 16:15:00+00:00,172.75,172.76,172.71,799,172.74,103851,172.74163
2023-05-25 16:16:00+00:00,172.8501,172.86,172.75,990,172.76,94215,172.807294
2023-05-25 16:17:00+00:00,172.87,172.875,172.83,709,172.87,55452,172.858505
2023-05-25 16:18:00+00:00,172.89,172.9,172.854,841,172.87,93413,172.883606
2023-05-25 16:19:00+00:00,172.9601,172.97,172.9,1119,172.9,107590,172.934993
2023-05-25 16:20:00+00:00,172.92,173.01,172.88,1876,172.97,177844,172.971738
2023-05-25 16:21:00+00:00,172.915,172.95,172.88,755,172.91,59217,172.912653
2023-05-25 16:22:00+00:00,173.08,173.1011,172.915,1237,172.915,115464,173.027334
2023-05-25 16:23:00+00:00,173.24,173.34,173.08,2497,173.0843,252004,173.236281
2023-05-25 16:24:00+00:00,173.195,173.3,173.15,1826,173.2401,173668,173.224693
2023-05-25 16:25:00+00:00,173.27,173.34,173.14,2867,173.195,321563,173.20703
2023-05-25 16:26:00+00:00,173.4,173.4,173.265,1597,173.265,139813,173.341281
2023-05-25 16:27:00+00:00,173.43,173.48,173.37,2019,173.3999,187748,173.427234
2023-05-25 16:28:00+00:00,173.4824,173.53,173.385,2113,173.425,267011,173.475548
2023-05-25 16:29:00+00:00,173.6,173.605,173.47,1247,173.4899,151904,173.541118
2023-05-25 16:30:00+00:00,173.6315,173.73,173.51,3472,173.595,349378,173.640473
2023-05-25 16:31:00+00:00,173.4401,173.625,173.41,1411,173.62,155315,173.511692
2023-05-25 16:32:00+00:00,173.425,173.45,173.35,1168,173.44,119718,173.392622
2023-05-25 16:33:00+00:00,173.4054,173.43,173.3327,812,173.43,78610,173.381889
2023-05-25 16:34:00+00:00,173.17,173.42,173.16,1864,173.4055,166091,173.285049
2023-05-25 16:35:00+00:00,173.2,173.24,173.1111,1306,173.165,126475,173.17305
2023-05-25 16:36:00+00:00,173.225,173.28,173.2,748,173.2,68439,173.23663
2023-05-25 16:37:00+00:00,173.14,173.23,173.13,818,173.23,67171,173.180076
2023-05-25 16:38:00+00:00,173.075,173.1599,173.045,872,173.13,80379,173.098897
2023-05-25 16:39:00+00:00,173.15,173.16,173.055,958,173.08,102226,173.111039
2023-05-25 16:40:00+00:00,173.3399,173.3399,173.145,915,173.145,91546,173.240289
2023-05-25 16:41:00+00:00,173.25,173.33,173.2395,748,173.32,64616,173.286619
2023-05-25 16:42:00+00:00,173.165,173.29,173.15,1281,173.2501,153164,173.227298
2023-05-25 16:43:00+00:00,173.24,173.2668,173.165,801,173.165,73329,173.209286
2023-05-25 16:44:00+00:00,173.16,173.26,173.16,512,173.2498,54357,173.206573
2023-05-25 16:45:00+00:00,173.11,173.19,173.11,650,173.17,58464,173.158722
2023-05-25 16:46:00+00:00,173.085,173.12,173.0746,757,173.11,60642,173.094965
2023-05-25 16:47:00+00:00,173.178,173.1885,173.01,835,173.08,120002,173.074853
2023-05-25 16:48:00+00:00,173.17,173.2399,173.1586,658,173.18,47260,173.189249
2023-05-25 16:49:00+00:00,173.14,173.19,173.08,571,173.17,51285,173.143604
2023-05-25 16:50:00+00:00,173.1983,173.2,173.1077,414,173.14,31374,173.156333
2023-05-25 16:51:00+00:00,173.28,173.29,173.2,684,173.2069,54824,173.242713
2023-05-25 16:52:00+00:00,173.255,173.3081,173.23,787,173.26,64682,173.274254
2023-05-25 16:53:00+00:00,173.24,173.29,173.22,493,173.26,31048,173.254898
2023-05-25 16:54:00+00:00,173.135,173.26,173.11,755,173.25,127252,173.150263
2023-05-25 16:55:00+00:00,173.2723,173.28,173.12,816,173.13,66534,173.192099
2023-05-25 16:56:00+00:00,173.32,173.33,173.25,751,173.275,229705,173.175906
2023-05-25 16:57:00+00:00,173.2174,173.36,173.2174,725,173.31,62431,173.310971
2023-05-25 16:58:00+00:00,173.22,173.2311,173.15,729,173.23,65202,173.180203
2023-05-25 16:59:00+00:00,173.0988,173.21,173.04,1261,173.21,266542,173.186793
2023-05-25 17:00:00+00:00,173.115,173.18,173.09,586,173.11,44563,173.142242
2023-05-25 17:01:00+00:00,173.06,173.12,173.02,580,173.111,51554,173.064349
2023-05-25 17:02:00+00:00,173.0701,173.1,172.95,1163,173.0569,105288,173.019919
2023-05-25 17:03:00+00:00,173.06,173.15,173.055,520,173.09,36278,173.101012
2023-05-25 17:04:00+00:00,173.025,173.1,172.985,476,173.07,49185,173.038038
2023-05-25 17:05:00+00:00,172.98,173.04,172.915,836,173.029,79518,172.967036
2023-05-25 17:06:00+00:00,172.98,173.05,172.9357,623,172.9753,67512,172.995364
2023-05-25 17:07:00+00:00,173.04,173.06,172.94,555,172.975,47235,172.998442
2023-05-25 17:08:00+00:00,173.015,173.05,172.975,516,173.05,35947,173.016529
2023-05-25 17:09:00+00:00,172.88,173.035,172.875,725,173.02,70737,172.940707
2023-05-25 17:10:00+00:00,172.866,172.91,172.84,800,172.8899,71324,172.874269
2023-05-25 17:11:00+00:00,173.035,173.04,172.86,1137,172.866,121917,172.937729
2023-05-25 17:12:00+00:00,173.19,173.21,173.04,1202,173.04,118948,173.144543
2023-05-25 17:13:00+00:00,173.135,173.2,173.11,559,173.19,44810,173.151786
2023-05-25 17:14:00+00:00,173.15,173.195,173.095,597,173.13,64172,173.145018
2023-05-25 17:15:00+00:00,173.205,173.23,173.14,663,173.145,67032,173.202434
2023-05-25 17:16:00+00:00,173.205,173.25,173.2,677,173.2,80698,173.223756
2023-05-25 17:17:00+00:00,173.2,173.24,173.16,907,173.21,80165,173.198863
2023-05-25 17:18:00+00:00,173.17,173.24,173.13,641,173.2,68886,173.179397
2023-05-25 17:19:00+00:00,173.17,173.175,173.115,510,173.16,39888,173.145457
2023-05-25 17:20:00+00:00,173.22,173.23,173.16,475,173.165,39394,173.188956
2023-05-25 17:21:00+00:00,173.181,173.22,173.14,395,173.22,33481,173.186758
2023-05-25 17:22:00+00:00,173.135,173.18,173.1,511,173.18,47001,173.138261
2023-05-25 17:23:00+00:00,173.13,173.13,173.07,502,173.13,43584,173.104847
2023-05-25 17:24:00+00:00,173.1175,173.15,173.099,409,173.13,28184,173.120689
2023-05-25 17:25:00+00:00,173.17,173.17,173.11,444,173.12,31884,173.126032
2023-05-25 17:26:00+00:00,173.255,173.27,173.157,778,173.1671,118690,173.186067
2023-05-25 17:27:00+00:00,173.27,173.295,173.221,680,173.2564,73943,173.266827
2023-05-25 17:28:00+00:00,173.2299,173.2777,173.2,490,173.27,55006,173.235265
2023-05-25 17:29:00+00:00,173.2,173.22,173.15,507,173.22,42049,173.192136
2023-05-25 17:30:00+00:00,173.3501,173.36,173.2,942,173.205,68791,173.274634
2023-05-25 17:31:00+00:00,173.3968,173.3968,173.33,802,173.35,69686,173.356863
2023-05-25 17:32:00+00:00,173.415,173.465,173.39,987,173.3976,92279,173.427954
2023-05-25 17:33:00+00:00,173.22,173.425,173.17,1502,173.4101,117706,173.299509
2023-05-25 17:34:00+00:00,173.2601,173.28,173.215,566,173.215,42669,173.254659
2023-05-25 17:35:00+00:00,173.17,173.28,173.15,677,173.27,57665,173.206648
2023-05-25 17:36:00+00:00,173.1785,173.1785,173.12,555,173.165,49464,173.152847
2023-05-25 17:37:00+00:00,173.1401,173.21,173.1401,484,173.1711,39290,173.180831
2023-05-25 17:38:00+00:00,173.13,173.17,173.1208,459,173.15,35581,173.146283
2023-05-25 17:39:00+00:00,173.2199,173.2199,173.1199,489,173.12,33521,173.164648
2023-05-25 17:40:00+00:00,173.1546,173.2199,173.15,495,173.218,43413,173.195116
2023-05-25 17:41:00+00:00,173.135,173.16,173.1,512,173.15,44366,173.132339
2023-05-25 17:42:00+00:00,173.1601,173.185,173.12,554,173.1386,45764,173.148222
2023-05-25 17:43:00+00:00,173.21,173.225,173.15,586,173.165,46966,173.190677
2023-05-25 17:44:00+00:00,173.25,173.25,173.165,698,173.21,85484,173.21527
2023-05-25 17:45:00+00:00,173.205,173.29,173.205,600,173.26,62970,173.24487
2023-05-25 17:46:00+00:00,173.16,173.215,173.12,713,173.21,61008,173.164967
2023-05-25 17:47:00+00:00,173.21,173.22,173.16,438,173.165,28419,173.18296
2023-05-25 17:48:00+00:00,173.2313,173.265,173.2001,505,173.2001,48017,173.243106
2023-05-25 17:49:00+00:00,173.19,173.24,173.17,593,173.2337,74095,173.201386
2023-05-25 17:50:00+00:00,173.1858,173.2256,173.16,474,173.185,62405,173.196124
2023-05-25 17:51:00+00:00,173.2,173.25,173.1601,500,173.18,41514,173.199448
2023-05-25 17:52:00+00:00,173.205,173.25,173.2,496,173.2,58743,173.218863
2023-05-25 17:53:00+00:00,173.19,173.2199,173.18,376,173.2,26152,173.199878
2023-05-25 17:54:00+00:00,173.16,173.21,173.09,1019,173.195,96646,173.140851
2023-05-25 17:55:00+00:00,173.19,173.2,173.13,609,173.165,58599,173.173107
2023-05-25 17:56:00+00:00,173.2014,173.2101,173.14,544,173.19,63039,173.185826
2023-05-25 17:57:00+00:00,173.27,173.3,173.1901,827,173.21,95332,173.254548
2023-05-25 17:58:00+00:00,173.3427,173.355,173.26,596,173.26,48539,173.323537
2023-05-25 17:59:00+00:00,173.375,173.41,173.3,657,173.35,65373,173.348552
2023-05-25 18:00:00+00:00,173.7,173.72,173.375,3145,173.38,357496,173.599372
2023-05-25 18:01:00+00:00,173.83,173.895,173.6948,2270,173.71,323838,173.804765
2023-05-25 18:02:00+00:00,173.775,173.86,173.72,1167,173.83,98663,173.791379
2023-05-25 18:03:00+00:00,173.705,173.77,173.62,1442,173.77,155139,173.694995
2023-05-25 18:04:00+00:00,173.62,173.705,173.58,900,173.705,96581,173.619696
2023-05-25 18:05:00+00:00,173.485,173.625,173.4609,1044,173.62,110529,173.534602
2023-05-25 18:06:00+00:00,173.46,173.507,173.41,942,173.49,87228,173.460723
2023-05-25 18:07:00+00:00,173.45,173.522,173.45,607,173.4687,60524,173.486217
2023-05-25 18:08:00+00:00,173.33,173.46,173.32,663,173.44,58535,173.399339
2023-05-25 18:09:00+00:00,173.3547,173.4051,173.3289,672,173.33,56741,173.366451
2023-05-25 18:10:00+00:00,173.4127,173.43,173.35,598,173.355,54490,173.400032
2023-05-25 18:11:00+00:00,173.39,173.43,173.36,477,173.41,41963,173.399172
2023-05-25 18:12:00+00:00,173.33,173.4,173.33,631,173.395,54530,173.365977
2023-05-25 18:13:00+00:00,173.39,173.4,173.31,656,173.335,48942,173.343997
2023-05-25 18:14:00+00:00,173.43,173.44,173.3799,553,173.4001,47679,173.403835
2023-05-25 18:15:00+00:00,173.53,173.559,173.4,851,173.42,78446,173.501676
2023-05-25 18:16:00+00:00,173.57,173.58,173.47,776,173.55,91958,173.527264
2023-05-25 18:17:00+00:00,173.55,173.5899,173.52,560,173.565,46326,173.565787
2023-05-25 18:18:00+00:00,173.55,173.62,173.53,789,173.56,61762,173.577943
2023-05-25 18:19:00+00:00,173.54,173.575,173.5,616,173.5435,66531,173.539019
2023-05-25 18:20:00+00:00,173.37,173.55,173.365,662,173.5307,46645,173.469877
2023-05-25 18:21:00+00:00,173.4201,173.4399,173.35,542,173.36,35179,173.393032
2023-05-25 18:22:00+00:00,173.42,173.4291,173.3805,366,173.42,27146,173.404538
2023-05-25 18:23:00+00:00,173.455,173.47,173.42,621,173.42,54633,173.439779
2023-05-25 18:24:00+00:00,173.375,173.465,173.36,918,173.45,79319,173.406747
2023-05-25 18:25:00+00:00,173.3152,173.38,173.2857,635,173.37,62212,173.334465
2023-05-25 18:26:00+00:00,173.475,173.48,173.3127,703,173.32,57545,173.386836
2023-05-25 18:27:00+00:00,173.48,173.53,173.48,694,173.48,86491,173.463642
2023-05-25 18:28:00+00:00,173.515,173.53,173.46,565,173.47,44811,173.494029
2023-05-25 18:29:00+00:00,173.35,173.51,173.34,1012,173.51,99105,173.437556
2023-05-25 18:30:00+00:00,173.33,173.3909,173.32,513,173.35,42309,173.364358
2023-05-25 18:31:00+00:00,173.28,173.345,173.27,654,173.3399,52417,173.300787
2023-05-25 18:32:00+00:00,173.25,173.32,173.2,752,173.27,74539,173.255657
2023-05-25 18:33:00+00:00,173.1651,173.28,173.09,1048,173.26,103763,173.165932
2023-05-25 18:34:00+00:00,173.2051,173.22,173.06,1032,173.18,147850,173.14367
2023-05-25 18:35:00+00:00,173.0414,173.215,172.99,1112,173.21,94131,173.061089
2023-05-25 18:36:00+00:00,173.05,173.06,172.97,1039,173.045,74412,173.014078
2023-05-25 18:37:00+00:00,173.0899,173.0899,172.99,710,173.05,110520,173.027326
2023-05-25 18:38:00+00:00,173.04,173.085,173.0,678,173.085,53312,173.049302
2023-05-25 18:39:00+00:00,173.03,173.04,172.985,686,173.04,47475,173.012083
2023-05-25 18:40:00+00:00,173.04,173.0635,172.98,720,173.03,62286,173.020346
2023-05-25 18:41:00+00:00,173.05,173.06,173.01,636,173.0399,33918,173.036926
2023-05-25 18:42:00+00:00,172.94,173.05,172.925,803,173.05,72724,172.969423
2023-05-25 18:43:00+00:00,172.92,172.945,172.87,773,172.93,80472,172.898163
2023-05-25 18:44:00+00:00,172.95,172.97,172.895,613,172.93,54379,172.933063
2023-05-25 18:45:00+00:00,172.88,172.95,172.8701,801,172.95,65366,172.909482
2023-05-25 18:46:00+00:00,172.805,172.88,172.76,1219,172.875,137218,172.811549
2023-05-25 18:47:00+00:00,172.78,172.82,172.7,1055,172.8,81634,172.749956
2023-05-25 18:48:00+00:00,172.91,172.92,172.74,966,172.785,84796,172.820754
2023-05-25 18:49:00+00:00,172.8,172.9457,172.78,1319,172.92,101479,172.843587
2023-05-25 18:50:00+00:00,172.889,172.9,172.77,583,172.805,45972,172.835881
2023-05-25 18:51:00+00:00,172.85,172.93,172.84,701,172.89,47922,172.886264
2023-05-25 18:52:00+00:00,172.91,172.9299,172.82,660,172.85,60738,172.899646
2023-05-25 18:53:00+00:00,172.8597,172.93,172.84,780,172.92,73967,172.880509
2023-05-25 18:54:00+00:00,172.855,172.895,172.84,478,172.85,39937,172.862269
2023-05-25 18:55:00+00:00,172.8264,172.905,172.8109,558,172.855,41900,172.855922
2023-05-25 18:56:00+00:00,172.8111,172.8674,172.81,486,172.815,45435,172.84108
2023-05-25 18:57:00+00:00,172.7867,172.86,172.77,698,172.8147,61321,172.819078
2023-05-25 18:58:00+00:00,172.815,172.84,172.76,526,172.7704,35331,172.81086
2023-05-25 18:59:00+00:00,172.82,172.88,172.81,609,172.815,45450,172.842762
2023-05-25 19:00:00+00:00,172.898,172.93,172.82,765,172.826,56239,172.876681
2023-05-25 19:01:00+00:00,172.92,172.97,172.84,703,172.9,67051,172.907503
2023-05-25 19:02:00+00:00,172.885,172.94,172.84,578,172.91,35389,172.890607
2023-05-25 19:03:00+00:00,172.99,172.99,172.8778,632,172.88,50094,172.920446
2023-05-25 19:04:00+00:00,173.07,173.08,172.95,946,172.9801,97059,173.019983
2023-05-25 19:05:00+00:00,173.115,173.1657,173.06,991,173.0652,91346,173.116729
2023-05-25 19:06:00+00:00,173.23,173.26,173.105,999,173.115,117175,173.196927
2023-05-25 19:07:00+00:00,173.26,173.3,173.22,912,173.23,83247,173.259303
2023-05-25 19:08:00+00:00,173.26,173.32,173.24,813,173.28,93744,173.288863
2023-05-25 19:09:00+00:00,173.39,173.395,173.26,727,173.26,71020,173.331307
2023-05-25 19:10:00+00:00,173.47,173.53,173.4,1395,173.4,164309,173.476737
2023-05-25 19:11:00+00:00,173.47,173.505,173.4,916,173.465,90155,173.459597
2023-05-25 19:12:00+00:00,173.47,173.49,173.44,775,173.48,102393,173.46613
2023-05-25 19:13:00+00:00,173.3758,173.51,173.34,1037,173.4689,123080,173.412949
2023-05-25 19:14:00+00:00,173.36,173.4599,173.34,739,173.39,78569,173.397419
2023-05-25 19:15:00+00:00,173.33,173.41,173.25,1085,173.35,112854,173.315814
2023-05-25 19:16:00+00:00,173.31,173.39,173.31,692,173.3271,75039,173.353735
2023-05-25 19:17:00+00:00,173.36,173.36,173.28,597,173.31,61288,173.318715
2023-05-25 19:18:00+00:00,173.37,173.4099,173.3321,711,173.35,70312,173.373954
2023-05-25 19:19:00+00:00,173.3795,173.388,173.33,740,173.37,87454,173.35727
2023-05-25 19:20:00+00:00,173.42,173.43,173.35,719,173.37,78949,173.392165
2023-05-25 19:21:00+00:00,173.495,173.5174,173.42,964,173.42,104400,173.472272
2023-05-25 19:22:00+00:00,173.53,173.56,173.49,1009,173.5,133092,173.521343
2023-05-25 19:23:00+00:00,173.525,173.53,173.48,850,173.52,142680,173.49614
2023-05-25 19:24:00+00:00,173.525,173.56,173.4999,802,173.53,80756,173.528255
2023-05-25 19:25:00+00:00,173.46,173.5272,173.45,1051,173.52,118315,173.486368
2023-05-25 19:26:00+00:00,173.45,173.48,173.42,863,173.45,99331,173.453489
2023-05-25 19:27:00+00:00,173.585,173.59,173.4357,952,173.44,128628,173.5209
2023-05-25 19:28:00+00:00,173.6301,173.6801,173.58,1539,173.59,178459,173.644751
2023-05-25 19:29:00+00:00,173.6371,173.7,173.62,931,173.635,99089,173.659357
2023-05-25 19:30:00+00:00,173.66,173.66,173.55,1301,173.63,124449,173.601443
2023-05-25 19:31:00+00:00,173.725,173.735,173.65,908,173.6616,84665,173.705862
2023-05-25 19:32:00+00:00,173.79,173.84,173.72,1789,173.725,240915,173.780482
2023-05-25 19:33:00+00:00,173.66,173.8,173.58,1825,173.785,177338,173.683611
2023-05-25 19:34:00+00:00,173.71,173.71,173.6,991,173.64,106290,173.637842
2023-05-25 19:35:00+00:00,173.7,173.745,173.62,938,173.705,92898,173.693906
2023-05-25 19:36:00+00:00,173.745,173.77,173.67,904,173.7,92252,173.722728
2023-05-25 19:37:00+00:00,173.78,173.79,173.7,923,173.75,295536,173.728975
2023-05-25 19:38:00+00:00,173.75,173.83,173.74,1273,173.79,129581,173.77933
2023-05-25 19:39:00+00:00,173.74,173.77,173.7,864,173.755,78529,173.726301
2023-05-25 19:40:00+00:00,173.65,173.77,173.65,1067,173.74,97556,173.710095
2023-05-25 19:41:00+00:00,173.7401,173.77,173.6421,954,173.65,90543,173.710254
2023-05-25 19:42:00+00:00,173.8199,173.85,173.73,1548,173.745,136898,173.78438
2023-05-25 19:43:00+00:00,173.76,173.8,173.74,1122,173.8,95593,173.774054
2023-05-25 19:44:00+00:00,173.772,173.8588,173.7599,1294,173.77,172262,173.813903
2023-05-25 19:45:00+00:00,173.765,173.81,173.7131,1230,173.765,112080,173.764344
2023-05-25 19:46:00+00:00,173.8,173.82,173.715,1218,173.77,108595,173.774821
2023-05-25 19:47:00+00:00,173.74,173.82,173.68,1137,173.8,103033,173.7405
2023-05-25 19:48:00+00:00,173.595,173.73,173.56,1891,173.73,163945,173.624426
2023-05-25 19:49:00+00:00,173.566,173.605,173.504,1624,173.595,159790,173.554982
2023-05-25 19:50:00+00:00,173.409,173.565,173.38,2533,173.56,241379,173.45139
2023-05-25 19:51:00+00:00,173.33,173.49,173.33,1921,173.405,171050,173.408962
2023-05-25 19:52:00+00:00,173.305,173.39,173.265,1801,173.33,158622,173.325921
2023-05-25 19:53:00+00:00,173.325,173.4,173.305,1868,173.305,182885,173.33831
2023-05-25 19:54:00+00:00,173.17,173.325,173.11,2763,173.31,268068,173.224337
2023-05-25 19:55:00+00:00,172.94,173.16,172.86,3506,173.16,340742,172.990098
2023-05-25 19:56:00+00:00,172.95,173.01,172.9,2422,172.94,234920,172.952439
2023-05-25 19:57:00+00:00,173.03,173.04,172.89,2393,172.95,221103,172.961986
2023-05-25 19:58:00+00:00,173.015,173.045,172.98,2581,173.025,268429,173.012047
2023-05-25 19:59:00+00:00,172.9984,173.03,172.9,5129,173.01,604354,172.953649
2023-05-25 20:00:00+00:00,172.99,173.05,172.88,346,172.98,17872069,172.98996
2023-05-25 20:01:00+00:00,173.05,173.07,172.99,128,172.99,2125594,172.990102
2023-05-25 20:02:00+00:00,173.03,173.5442,173.03,88,173.08,200295,173.527592
2023-05-25 20:03:00+00:00,173.1,173.17,173.07,42,173.08,3697,173.099656
2023-05-25 20:04:00+00:00,173.05,173.15,173.0,73,173.09,4424,173.088477
2023-05-25 20:05:00+00:00,173.01,173.14,172.97,145,172.99,25298,173.021263
2023-05-25 20:06:00+00:00,173.08,173.12,172.99,117,173.01,8290,173.041177
2023-05-25 20:07:00+00:00,173.11,173.15,172.99,58,173.09,46791,173.001703
2023-05-25 20:08:00+00:00,173.16,173.19,173.15,33,173.15,5090,173.152675
2023-05-25 20:10:00+00:00,173.08,173.18,173.07,48,173.14,2599,173.121303
2023-05-25 20:11:00+00:00,173.08,173.1,172.99,58,173.08,23551,173.001664
2023-05-25 20:12:00+00:00,173.1,173.1,173.01,24,173.01,1447,173.079544
2023-05-25 20:13:00+00:00,173.06,173.07,172.91,149,173.03,12535,172.997202
2023-05-25 20:14:00+00:00,173.07,173.1,173.07,17,173.1,1035,173.093671
2023-05-25 20:15:00+00:00,173.16,173.16,173.08,52,173.08,169034,172.991209
2023-05-25 20:16:00+00:00,173.1,173.15,173.09,19,173.09,939,173.123564
2023-05-25 20:17:00+00:00,173.06,173.1,173.06,33,173.1,1104,173.0887
2023-05-25 20:18:00+00:00,173.05,173.07,173.05,19,173.07,429,173.060466
2023-05-25 20:19:00+00:00,173.05,173.07,173.05,14,173.07,523,173.065793
2023-05-25 20:20:00+00:00,173.08,173.08,173.08,16,173.08,19754,172.990834
2023-05-25 20:21:00+00:00,173.1,173.1,173.05,40,173.05,1085,173.068708
2023-05-25 20:22:00+00:00,173.05,173.1,173.05,20,173.1,1306,173.094816
2023-05-25 20:24:00+00:00,173.05,173.05,173.01,35,173.02,1655,173.029517
2023-05-25 20:26:00+00:00,173.01,173.01,173.01,20,173.01,722,173.01133
2023-05-25 20:27:00+00:00,173.12,173.12,172.99,95,173.02,4116,173.037532
2023-05-25 20:28:00+00:00,173.05,173.1,173.03,39,173.1,5622,173.018474
2023-05-25 20:29:00+00:00,173.08,173.08,173.0,40,173.03,1978,173.023862
2023-05-25 20:30:00+00:00,173.1,173.12,173.1,19,173.12,961,173.113757
2023-05-25 20:31:00+00:00,173.13,173.14,173.13,30,173.13,1713,173.129708
2023-05-25 20:32:00+00:00,173.11,173.11,173.1,25,173.1,534,173.10618
2023-05-25 20:33:00+00:00,173.09,173.11,172.99,19,173.08,18932,172.995333
2023-05-25 20:34:00+00:00,173.13,173.13,173.08,43,173.11,2770,173.10561
2023-05-25 20:35:00+00:00,173.16,173.16,173.14,46,173.14,4539,173.150011
2023-05-25 20:36:00+00:00,173.0885,173.11,173.0885,32,173.11,882,173.103842
2023-05-25 20:37:00+00:00,173.09,173.09,173.04,33,173.09,1474,173.070994
2023-05-25 20:38:00+00:00,173.07,173.14,173.03,40,173.11,1888,173.08554
2023-05-25 20:39:00+00:00,173.08,173.13,173.04,34,173.04,2247,173.090538
2023-05-25 20:40:00+00:00,173.04,173.08,173.04,37,173.08,1098,173.066888
2023-05-25 20:41:00+00:00,173.01,173.03,173.01,19,173.03,434,173.023099
2023-05-25 20:42:00+00:00,173.1,173.13,173.0359,49,173.0359,2847,173.096252
2023-05-25 20:43:00+00:00,173.07,173.08,173.02,31,173.08,1489,173.069593
2023-05-25 20:46:00+00:00,173.0301,173.0301,173.03,15,173.03,851,173.035622
2023-05-25 20:47:00+00:00,173.04,173.04,173.04,13,173.04,262,173.046573
2023-05-25 20:51:00+00:00,173.07,173.07,173.07,16,173.07,288,173.065451
2023-05-25 20:52:00+00:00,173.04,173.04,173.04,17,173.04,1298,173.039946
2023-05-25 20:53:00+00:00,173.05,173.06,173.05,15,173.05,1332,173.052444
2023-05-25 20:55:00+00:00,173.05,173.06,173.0,60,173.03,5784,173.039298
2023-05-25 20:56:00+00:00,173.0,173.03,173.0,22,173.03,1546,173.011656
2023-05-25 20:57:00+00:00,172.99,172.99,172.99,16,172.99,399,172.991078
2023-05-25 20:58:00+00:00,172.99,172.99,172.91,23,172.99,2048,172.98377
2023-05-25 21:01:00+00:00,172.94,172.94,172.94,17,172.94,219,172.942945
2023-05-25 21:02:00+00:00,172.96,172.96,172.96,14,172.96,249,172.950866
2023-05-25 21:03:00+00:00,172.96,172.96,172.96,12,172.96,428,172.958213
2023-05-25 21:04:00+00:00,172.91,172.91,172.91,14,172.91,371,172.91438
2023-05-25 21:05:00+00:00,172.95,172.95,172.91,20,172.91,1862,172.943198
2023-05-25 21:06:00+00:00,172.95,172.95,172.94,17,172.94,285,172.941847
2023-05-25 21:08:00+00:00,172.95,172.95,172.91,25,172.94,2599,172.938222
2023-05-25 21:09:00+00:00,172.99,172.99,172.99,16,172.99,502,172.972759
2023-05-25 21:10:00+00:00,172.92,172.96,172.91,39,172.93,2195,172.928196
2023-05-25 21:12:00+00:00,172.92,172.92,172.91,29,172.91,1015,172.917961
2023-05-25 21:14:00+00:00,172.9,172.92,172.9,15,172.91,1413,172.90954
2023-05-25 21:15:00+00:00,172.87,172.92,172.87,24,172.92,3293,172.885563
2023-05-25 21:16:00+00:00,172.8,172.83,172.8,44,172.83,2121,172.817666
2023-05-25 21:17:00+00:00,172.8,172.8,172.8,17,172.8,578,172.793786
2023-05-25 21:19:00+00:00,172.8105,172.8105,172.8105,11,172.8105,255,172.797861
2023-05-25 21:20:00+00:00,172.7699,172.78,172.76,12,172.78,1179,172.77158
2023-05-25 21:21:00+00:00,172.75,172.77,172.75,29,172.77,817,172.763439
2023-05-25 21:22:00+00:00,172.8,172.8,172.8,16,172.8,1088,172.798847
2023-05-25 21:23:00+00:00,172.79,172.79,172.7518,17,172.7518,919,172.76677
2023-05-25 21:24:00+00:00,172.78,172.78,172.77,13,172.77,1578,172.776307
2023-05-25 21:26:00+00:00,172.76,172.76,172.76,18,172.76,190,172.768334
2023-05-25 21:27:00+00:00,172.78,172.78,172.78,11,172.78,136,172.790772
2023-05-25 21:29:00+00:00,172.7871,172.7871,172.7871,21,172.7871,391,172.829182
2023-05-25 21:33:00+00:00,172.9,172.9,172.88,14,172.88,1346,172.89416
2023-05-25 21:34:00+00:00,172.8,172.8,172.8,18,172.8,366,172.826325
2023-05-25 21:35:00+00:00,172.9,172.9,172.9,12,172.9,349,172.888954
2023-05-25 21:36:00+00:00,172.9,172.9,172.9,17,172.9,310,172.897758
2023-05-25 21:37:00+00:00,172.85,172.85,172.85,8,172.85,217,172.849171
2023-05-25 21:45:00+00:00,172.89,172.89,172.89,22,172.89,261,172.889425
2023-05-25 21:48:00+00:00,172.88,172.88,172.88,15,172.88,334,172.883548
2023-05-25 21:49:00+00:00,172.8773,172.8773,172.8773,9,172.8773,124,172.890403
2023-05-25 21:50:00+00:00,172.87,172.89,172.87,13,172.89,237,172.888734
2023-05-25 21:51:00+00:00,172.9,172.9,172.9,7,172.9,119,172.905126
2023-05-25 21:56:00+00:00,172.87,172.91,172.87,10,172.91,398,172.889447
2023-05-25 22:00:00+00:00,172.91,172.91,172.89,18,172.89,1396,172.893012
2023-05-25 22:01:00+00:00,172.91,172.91,172.91,13,172.91,708,172.916229
2023-05-25 22:03:00+00:00,172.99,172.99,172.99,16,172.99,214,172.988898
2023-05-25 22:05:00+00:00,172.98,172.98,172.98,18,172.98,589,172.975041
2023-05-25 22:07:00+00:00,172.9244,172.98,172.9244,7,172.98,208,172.951755
2023-05-25 22:18:00+00:00,172.88,172.8903,172.88,13,172.8903,1478,172.889658
2023-05-25 22:27:00+00:00,172.92,172.92,172.9,16,172.9,517,172.912524
2023-05-25 22:29:00+00:00,172.91,172.91,172.91,4,172.91,266,172.91
2023-05-25 22:32:00+00:00,172.91,172.91,172.91,9,172.91,129,172.910736
2023-05-25 22:42:00+00:00,172.9181,172.92,172.9181,8,172.92,384,172.916285
2023-05-25 22:43:00+00:00,172.8801,172.8801,172.88,8,172.88,606,172.88005
2023-05-25 22:47:00+00:00,172.88,172.88,172.88,12,172.88,435,172.880667
2023-05-25 22:48:00+00:00,172.9,172.9,172.9,8,172.9,572,172.89979
2023-05-25 22:50:00+00:00,172.92,172.92,172.92,8,172.92,256,172.904573
2023-05-25 22:52:00+00:00,172.92,172.92,172.92,7,172.92,139,172.918849
2023-05-25 22:53:00+00:00,172.98,172.98,172.92,27,172.92,5336,172.97054
2023-05-25 22:55:00+00:00,172.98,172.98,172.98,8,172.98,1062,172.978263
2023-05-25 22:56:00+00:00,172.91,172.91,172.91,8,172.91,416,172.912261
2023-05-25 22:59:00+00:00,172.98,172.98,172.98,13,172.98,392,172.974911
2023-05-25 23:00:00+00:00,172.9899,172.9899,172.9899,6,172.9899,212,172.98283
2023-05-25 23:02:00+00:00,172.96,172.98,172.96,24,172.98,1942,172.978195
2023-05-25 23:03:00+00:00,172.96,172.96,172.96,14,172.96,217,172.959654
2023-05-25 23:06:00+00:00,172.95,172.95,172.95,12,172.95,151,172.949139
2023-05-25 23:08:00+00:00,172.91,172.93,172.9,9,172.93,607,172.91855
2023-05-25 23:11:00+00:00,172.94,172.94,172.94,8,172.94,180,172.939806
2023-05-25 23:12:00+00:00,172.94,172.94,172.94,11,172.94,159,172.937893
2023-05-25 23:13:00+00:00,172.92,172.92,172.92,9,172.92,339,172.919956
2023-05-25 23:15:00+00:00,172.92,172.92,172.92,16,172.92,1077,172.920627
2023-05-25 23:20:00+00:00,172.91,172.92,172.91,10,172.92,1114,172.915507
2023-05-25 23:22:00+00:00,172.9,172.9,172.9,12,172.9,229,172.900197
2023-05-25 23:25:00+00:00,172.9,172.9,172.9,4,172.9,122,172.899918
2023-05-25 23:26:00+00:00,172.89,172.9,172.89,11,172.9,1484,172.890894
2023-05-25 23:28:00+00:00,172.9,172.9,172.9,11,172.9,326,172.910558
2023-05-25 23:29:00+00:00,172.9,172.9,172.9,4,172.9,222,172.899955
2023-05-25 23:30:00+00:00,172.84,172.9,172.84,20,172.9,1133,172.879091
2023-05-25 23:31:00+00:00,172.82,172.82,172.82,10,172.82,1265,172.820735
2023-05-25 23:32:00+00:00,172.83,172.83,172.83,15,172.83,679,172.834816
2023-05-25 23:34:00+00:00,172.8,172.8,172.8,24,172.8,389,172.800977
2023-05-25 23:35:00+00:00,172.82,172.82,172.82,12,172.82,339,172.816504
2023-05-25 23:39:00+00:00,172.78,172.8,172.78,13,172.78,1007,172.781996
2023-05-25 23:40:00+00:00,172.77,172.77,172.77,9,172.77,206,172.764976
2023-05-25 23:42:00+00:00,172.6,172.74,172.6,36,172.74,927,172.681532
2023-05-25 23:44:00+00:00,172.8,172.8,172.8,13,172.8,239,172.780126
2023-05-25 23:45:00+00:00,172.7,172.7,172.7,27,172.7,509,172.714489
2023-05-25 23:49:00+00:00,172.68,172.68,172.68,17,172.68,296,172.681503
2023-05-25 23:50:00+00:00,172.7,172.7,172.68,14,172.68,1116,172.684404
2023-05-25 23:51:00+00:00,172.7,172.7,172.7,21,172.7,694,172.697277
2023-05-25 23:52:00+00:00,172.77,172.77,172.77,20,172.77,440,172.74767
2023-05-25 23:53:00+00:00,172.75,172.75,172.75,22,172.75,677,172.742194
2023-05-25 23:54:00+00:00,172.75,172.75,172.75,11,172.75,425,172.756129
2023-05-25 23:57:00+00:00,172.75,172.75,172.75,11,172.75,2434,172.750548
2023-05-25 23:58:00+00:00,172.8,172.8,172.74,25,172.74,2515,172.778028
2023-05-25 23:59:00+00:00,172.85,172.85,172.8,22,172.81,1148,172.8373
