timestamp,close,high,low,trade_count,open,volume,vwap
2023-03-31 08:00:00+00:00,162.5,162.5,162.39,52,162.39,922,162.424751
2023-03-31 08:04:00+00:00,162.41,162.41,162.41,16,162.41,300,162.419533
2023-03-31 08:05:00+00:00,162.21,162.43,162.01,63,162.43,3230,162.186929
2023-03-31 08:11:00+00:00,162.22,162.22,162.22,13,162.22,153,162.221307
2023-03-31 08:12:00+00:00,162.26,162.26,162.26,7,162.26,164,162.249512
2023-03-31 08:14:00+00:00,162.22,162.22,162.21,28,162.22,1408,162.2137
2023-03-31 08:19:00+00:00,161.97,161.97,161.97,58,161.97,656,162.001372
2023-03-31 08:23:00+00:00,162.0,162.0,162.0,13,162.0,508,161.999941
2023-03-31 08:24:00+00:00,162.04,162.04,161.99,34,161.99,1157,162.026016
2023-03-31 08:34:00+00:00,162.09,162.09,162.09,9,162.09,342,162.086608
2023-03-31 08:43:00+00:00,162.1,162.1,162.09,31,162.09,1519,162.09181
2023-03-31 08:46:00+00:00,162.0,162.0,162.0,7,162.0,241,161.98917
2023-03-31 08:52:00+00:00,162.0,162.0,162.0,10,162.0,412,162.001383
2023-03-31 08:57:00+00:00,162.01,162.01,162.01,9,162.01,451,162.013304
2023-03-31 09:01:00+00:00,162.01,162.01,162.01,10,162.01,423,162.013381
2023-03-31 09:03:00+00:00,161.93,162.02,161.93,39,162.0,1115,161.991283
2023-03-31 09:04:00+00:00,162.0,162.0,162.0,2,162.0,304,161.999342
2023-03-31 09:06:00+00:00,162.05,162.05,162.05,6,162.05,208,162.046875
2023-03-31 09:11:00+00:00,162.1,162.1,162.1,6,162.1,647,162.100155
2023-03-31 09:12:00+00:00,162.1,162.1,162.1,3,162.1,150,162.113333
2023-03-31 09:13:00+00:00,162.04,162.04,162.04,13,162.04,353,162.077337
2023-03-31 09:22:00+00:00,162.12,162.12,162.12,12,162.12,458,162.124432
2023-03-31 09:24:00+00:00,162.13,162.14,162.13,12,162.14,522,162.135632
2023-03-31 09:26:00+00:00,162.06,162.06,162.06,5,162.06,172,162.064884
2023-03-31 09:41:00+00:00,162.11,162.11,162.11,8,162.11,135,162.114444
2023-03-31 09:42:00+00:00,162.14,162.14,162.13,11,162.13,514,162.136148
2023-03-31 09:50:00+00:00,162.1,162.1,162.1,10,162.1,1083,162.100018
2023-03-31 09:53:00+00:00,162.05,162.05,162.05,19,162.05,334,162.051737
2023-03-31 09:54:00+00:00,162.05,162.05,162.05,14,162.05,850,162.048106
2023-03-31 10:01:00+00:00,162.12,162.12,162.12,7,162.12,122,162.121148
2023-03-31 10:02:00+00:00,162.1,162.1,162.1,8,162.1,417,162.102014
2023-03-31 10:04:00+00:00,162.07,162.1,162.07,12,162.1,360,162.08825
2023-03-31 10:08:00+00:00,162.04,162.05,162.04,16,162.05,628,162.048631
2023-03-31 10:09:00+00:00,162.05,162.05,162.05,5,162.05,237,162.045907
2023-03-31 10:10:00+00:00,162.0,162.05,162.0,53,162.05,3474,162.027378
2023-03-31 10:32:00+00:00,162.05,162.05,162.05,10,162.05,917,162.048724
2023-03-31 10:37:00+00:00,162.07,162.07,162.07,3,162.07,212,162.07
2023-03-31 10:38:00+00:00,162.07,162.07,162.07,4,162.07,423,162.06844
2023-03-31 10:45:00+00:00,161.84,162.07,161.84,89,162.07,9099,161.912355
2023-03-31 10:46:00+00:00,161.95,161.95,161.95,12,161.95,929,161.951679
2023-03-31 10:48:00+00:00,162.04,162.05,162.04,14,162.05,1152,162.048099
2023-03-31 10:58:00+00:00,162.06,162.06,162.06,23,162.06,1389,162.056415
2023-03-31 10:59:00+00:00,162.04,162.04,162.01,28,162.01,677,162.022186
2023-03-31 11:00:00+00:00,162.15,162.18,162.02,280,162.08,12200,162.097653
2023-03-31 11:01:00+00:00,162.07,162.18,162.07,54,162.18,2653,162.124124
2023-03-31 11:02:00+00:00,162.05,162.05,162.05,10,162.05,486,162.055576
2023-03-31 11:04:00+00:00,162.15,162.15,162.12,42,162.12,1802,162.135855
2023-03-31 11:05:00+00:00,162.12,162.12,162.12,6,162.12,231,162.124848
2023-03-31 11:06:00+00:00,162.11,162.11,162.1,18,162.11,1817,162.109433
2023-03-31 11:08:00+00:00,162.17,162.17,162.17,15,162.17,985,162.167665
2023-03-31 11:09:00+00:00,162.15,162.16,162.15,16,162.16,469,162.145842
2023-03-31 11:10:00+00:00,162.1,162.1,162.1,29,162.1,1055,162.10546
2023-03-31 11:11:00+00:00,162.1,162.1,162.1,18,162.1,545,162.097284
2023-03-31 11:18:00+00:00,162.16,162.16,162.16,11,162.16,362,162.157348
2023-03-31 11:19:00+00:00,162.18,162.18,162.18,13,162.18,426,162.177676
2023-03-31 11:21:00+00:00,162.15,162.16,162.15,13,162.16,580,162.154276
2023-03-31 11:22:00+00:00,162.12,162.13,162.12,16,162.13,654,162.128609
2023-03-31 11:23:00+00:00,162.12,162.12,162.12,7,162.12,307,162.121368
2023-03-31 11:26:00+00:00,162.13,162.13,162.11,33,162.11,1834,162.119471
2023-03-31 11:27:00+00:00,162.15,162.15,162.15,10,162.15,227,162.151718
2023-03-31 11:29:00+00:00,162.19,162.19,162.19,18,162.19,479,162.190376
2023-03-31 11:30:00+00:00,162.2,162.2,162.2,2,162.2,112,162.2
2023-03-31 11:35:00+00:00,162.15,162.15,162.15,49,162.15,1763,162.192933
2023-03-31 11:36:00+00:00,162.24,162.24,162.24,17,162.24,855,162.239696
2023-03-31 11:37:00+00:00,162.2,162.2,162.2,18,162.2,856,162.216589
2023-03-31 11:38:00+00:00,162.2,162.2,162.2,17,162.2,832,162.207091
2023-03-31 11:47:00+00:00,162.18,162.18,162.18,12,162.18,573,162.183717
2023-03-31 11:51:00+00:00,162.16,162.18,162.16,11,162.18,1285,162.168327
2023-03-31 11:52:00+00:00,162.14,162.14,162.14,23,162.14,2774,162.139758
2023-03-31 11:53:00+00:00,162.11,162.12,162.11,14,162.12,4079,162.115276
2023-03-31 11:54:00+00:00,162.11,162.11,162.11,17,162.11,639,162.122504
2023-03-31 11:55:00+00:00,162.11,162.11,162.11,38,162.11,2125,162.12456
2023-03-31 12:00:00+00:00,162.11,162.25,161.955,282,162.21,19329,162.149739
2023-03-31 12:01:00+00:00,162.45,162.64,162.11,635,162.11,5424,162.252163
2023-03-31 12:02:00+00:00,162.45,162.51,162.2,190,162.2,1431,162.369427
2023-03-31 12:06:00+00:00,162.2,162.2,162.2,27,162.2,1268,162.200055
2023-03-31 12:07:00+00:00,162.2,162.2,162.2,15,162.2,3364,162.199025
2023-03-31 12:12:00+00:00,162.16,162.16,162.16,19,162.16,317,162.162429
2023-03-31 12:13:00+00:00,162.13,162.15,162.13,28,162.15,756,162.143419
2023-03-31 12:14:00+00:00,162.13,162.13,162.13,27,162.13,352,162.13179
2023-03-31 12:16:00+00:00,162.19,162.19,162.14,14,162.14,462,162.163701
2023-03-31 12:17:00+00:00,162.11,162.17,162.11,89,162.17,2223,162.137413
2023-03-31 12:18:00+00:00,162.05,162.1,162.0,111,162.1,7766,162.055071
2023-03-31 12:19:00+00:00,162.08,162.08,162.0,39,162.0,5401,162.06578
2023-03-31 12:20:00+00:00,162.08,162.12,162.08,22,162.12,3530,162.0979
2023-03-31 12:21:00+00:00,162.11,162.11,162.08,25,162.08,817,162.091524
2023-03-31 12:22:00+00:00,162.11,162.11,162.08,27,162.08,1467,162.109449
2023-03-31 12:23:00+00:00,162.13,162.13,162.13,37,162.13,1233,162.131977
2023-03-31 12:24:00+00:00,162.15,162.15,162.15,40,162.15,5621,162.150068
2023-03-31 12:25:00+00:00,162.13,162.13,162.13,26,162.13,1003,162.134048
2023-03-31 12:26:00+00:00,162.15,162.1781,162.15,22,162.1781,916,162.165686
2023-03-31 12:27:00+00:00,162.18,162.18,162.1739,36,162.1739,1125,162.163557
2023-03-31 12:28:00+00:00,162.19,162.19,162.19,26,162.19,806,162.181383
2023-03-31 12:29:00+00:00,162.25,162.25,162.19,54,162.19,1941,162.223065
2023-03-31 12:30:00+00:00,162.67,162.72,162.13,507,162.13,40735,162.446091
2023-03-31 12:31:00+00:00,162.5403,162.8,162.53,231,162.67,10940,162.616926
2023-03-31 12:32:00+00:00,162.72,162.7399,162.54,170,162.54,9922,162.612541
2023-03-31 12:33:00+00:00,162.58,162.74,162.58,139,162.7,11231,162.658054
2023-03-31 12:34:00+00:00,162.64,162.65,162.5,215,162.58,9354,162.583489
2023-03-31 12:35:00+00:00,162.5,162.65,162.5,186,162.59,8837,162.588856
2023-03-31 12:36:00+00:00,162.5,162.56,162.34,217,162.52,13178,162.485956
2023-03-31 12:37:00+00:00,162.4,162.44,162.39,145,162.43,12533,162.412928
2023-03-31 12:38:00+00:00,162.47,162.5,162.39,152,162.39,4747,162.483426
2023-03-31 12:39:00+00:00,162.35,162.46,162.35,178,162.46,12478,162.400982
2023-03-31 12:40:00+00:00,162.35,162.43,162.35,120,162.41,4020,162.369923
2023-03-31 12:41:00+00:00,162.39,162.39,162.31,44,162.31,6234,162.349727
2023-03-31 12:42:00+00:00,162.34,162.37,162.3,80,162.37,2879,162.350417
2023-03-31 12:43:00+00:00,162.25,162.34,162.25,100,162.34,5526,162.285907
2023-03-31 12:44:00+00:00,162.2,162.27,162.2,124,162.27,3984,162.217032
2023-03-31 12:45:00+00:00,162.23,162.28,162.2,94,162.28,4051,162.237818
2023-03-31 12:46:00+00:00,162.14,162.23,162.13,129,162.23,11596,162.160611
2023-03-31 12:47:00+00:00,162.1,162.13,162.05,178,162.13,23560,162.099838
2023-03-31 12:48:00+00:00,162.1,162.1799,162.08,100,162.14,7735,162.118795
2023-03-31 12:49:00+00:00,162.09,162.11,162.09,66,162.11,3038,162.117576
2023-03-31 12:50:00+00:00,162.15,162.18,162.11,64,162.17,3971,162.15871
2023-03-31 12:51:00+00:00,162.14,162.18,162.13,59,162.15,5348,162.157889
2023-03-31 12:52:00+00:00,162.13,162.18,162.13,80,162.18,3485,162.15129
2023-03-31 12:53:00+00:00,162.18,162.18,162.1,107,162.13,6716,162.131001
2023-03-31 12:54:00+00:00,162.15,162.17,162.15,46,162.17,4044,162.16583
2023-03-31 12:55:00+00:00,162.15,162.15,162.12,77,162.15,5775,162.139996
2023-03-31 12:56:00+00:00,162.151,162.151,162.151,19,162.151,237,162.160901
2023-03-31 12:57:00+00:00,162.16,162.2,162.15,65,162.18,4703,162.163968
2023-03-31 12:58:00+00:00,162.18,162.18,162.18,25,162.18,2026,162.178983
2023-03-31 12:59:00+00:00,162.16,162.2,162.15,34,162.2,789,162.161369
2023-03-31 13:00:00+00:00,162.16,162.2,162.11,208,162.19,12682,162.166803
2023-03-31 13:01:00+00:00,162.06,162.17,162.06,130,162.17,12488,162.112061
2023-03-31 13:02:00+00:00,162.0201,162.08,162.02,95,162.07,5083,162.055102
2023-03-31 13:03:00+00:00,162.13,162.13,162.07,41,162.07,2787,162.084215
2023-03-31 13:04:00+00:00,162.16,162.16,162.13,69,162.13,2672,162.141304
2023-03-31 13:05:00+00:00,162.15,162.16,162.07,53,162.07,1254,162.119732
2023-03-31 13:06:00+00:00,162.21,162.21,162.16,81,162.16,2868,162.184397
2023-03-31 13:07:00+00:00,162.29,162.29,162.24,67,162.25,5609,162.249657
2023-03-31 13:08:00+00:00,162.29,162.29,162.25,40,162.25,808,162.272061
2023-03-31 13:09:00+00:00,162.3,162.3,162.26,52,162.28,1520,162.292042
2023-03-31 13:10:00+00:00,162.26,162.3,162.26,51,162.3,2762,162.286789
2023-03-31 13:11:00+00:00,162.2636,162.2636,162.26,57,162.26,1431,162.27473
2023-03-31 13:12:00+00:00,162.39,162.39,162.28,93,162.3,3614,162.32351
2023-03-31 13:13:00+00:00,162.46,162.46,162.4101,99,162.4328,4466,162.43833
2023-03-31 13:14:00+00:00,162.5,162.5,162.44,79,162.46,4369,162.466128
2023-03-31 13:15:00+00:00,162.5,162.57,162.44,106,162.5,6418,162.512897
2023-03-31 13:16:00+00:00,162.3708,162.5,162.3708,149,162.5,8292,162.43457
2023-03-31 13:17:00+00:00,162.45,162.45,162.4,64,162.42,2387,162.412858
2023-03-31 13:18:00+00:00,162.45,162.48,162.45,65,162.47,2472,162.46323
2023-03-31 13:19:00+00:00,162.4,162.45,162.4,68,162.45,2331,162.430941
2023-03-31 13:20:00+00:00,162.37,162.41,162.37,69,162.41,3879,162.387593
2023-03-31 13:21:00+00:00,162.42,162.42,162.42,51,162.42,1771,162.406399
2023-03-31 13:22:00+00:00,162.45,162.45,162.44,41,162.45,1010,162.446667
2023-03-31 13:23:00+00:00,162.42,162.5,162.42,114,162.5,9278,162.445819
2023-03-31 13:24:00+00:00,162.35,162.42,162.35,111,162.42,10395,162.412025
2023-03-31 13:25:00+00:00,162.31,162.35,162.2,152,162.35,11796,162.297198
2023-03-31 13:26:00+00:00,162.31,162.36,162.31,42,162.31,1723,162.322511
2023-03-31 13:27:00+00:00,162.14,162.35,162.12,232,162.35,23985,162.240727
2023-03-31 13:28:00+00:00,162.35,162.35,162.18,84,162.29,2571,162.303723
2023-03-31 13:29:00+00:00,162.42,162.45,162.3,96,162.31,7435,162.376619
2023-03-31 13:30:00+00:00,162.52,162.55,161.91,7113,162.43,1459101,162.362382
2023-03-31 13:31:00+00:00,162.41,162.6,162.38,2168,162.52,207435,162.501201
2023-03-31 13:32:00+00:00,162.49,162.5,162.21,1825,162.41,198985,162.356215
2023-03-31 13:33:00+00:00,162.69,162.765,162.47,2459,162.5,260424,162.652342
2023-03-31 13:34:00+00:00,163.02,163.03,162.7,4324,162.7,395051,162.914124
2023-03-31 13:35:00+00:00,162.8101,163.09,162.75,2442,163.03,273379,162.905443
2023-03-31 13:36:00+00:00,162.84,162.898,162.71,1651,162.8129,156661,162.808857
2023-03-31 13:37:00+00:00,162.85,162.8699,162.77,1903,162.8301,154259,162.802126
2023-03-31 13:38:00+00:00,162.78,162.891,162.76,2309,162.84,227812,162.816653
2023-03-31 13:39:00+00:00,162.705,162.84,162.6199,1892,162.78,167515,162.721524
2023-03-31 13:40:00+00:00,162.8,162.895,162.7,1557,162.71,151714,162.806683
2023-03-31 13:41:00+00:00,162.765,162.8601,162.72,1327,162.79,127338,162.798043
2023-03-31 13:42:00+00:00,162.85,162.93,162.775,1539,162.775,164069,162.849666
2023-03-31 13:43:00+00:00,162.75,162.8748,162.7,1382,162.86,119866,162.775394
2023-03-31 13:44:00+00:00,162.75,162.8399,162.63,1316,162.74,140834,162.74549
2023-03-31 13:45:00+00:00,162.8816,162.89,162.74,1121,162.74,94675,162.816199
2023-03-31 13:46:00+00:00,162.85,162.94,162.76,1905,162.8806,129091,162.841846
2023-03-31 13:47:00+00:00,162.8384,162.9398,162.7511,2914,162.85,111163,162.854956
2023-03-31 13:48:00+00:00,162.94,162.95,162.84,3148,162.84,121766,162.893976
2023-03-31 13:49:00+00:00,162.88,163.0,162.81,3507,162.94,164808,162.918606
2023-03-31 13:50:00+00:00,162.71,162.9,162.68,3668,162.88,172430,162.767449
2023-03-31 13:51:00+00:00,162.57,162.72,162.51,4363,162.71,319003,162.581261
2023-03-31 13:52:00+00:00,162.688,162.7199,162.56,3447,162.59,139681,162.641027
2023-03-31 13:53:00+00:00,162.7401,162.76,162.6325,3135,162.69,125564,162.710523
2023-03-31 13:54:00+00:00,162.855,162.92,162.7,3387,162.74,150862,162.841423
2023-03-31 13:55:00+00:00,162.78,162.8987,162.78,2907,162.8609,131806,162.839644
2023-03-31 13:56:00+00:00,162.72,162.8,162.71,2969,162.78,90173,162.754406
2023-03-31 13:57:00+00:00,162.74,162.8,162.72,2860,162.73,74646,162.762534
2023-03-31 13:58:00+00:00,162.6547,162.75,162.62,3205,162.735,120730,162.688689
2023-03-31 13:59:00+00:00,162.705,162.75,162.61,3299,162.65,131380,162.669173
2023-03-31 14:00:00+00:00,162.8691,162.9,162.71,3501,162.71,155493,162.833703
2023-03-31 14:01:00+00:00,162.65,162.89,162.64,4282,162.87,213684,162.755677
2023-03-31 14:02:00+00:00,162.61,162.7,162.6,3347,162.65,116823,162.648002
2023-03-31 14:03:00+00:00,162.57,162.64,162.54,3515,162.605,124617,162.5859
2023-03-31 14:04:00+00:00,162.5,162.5699,162.49,3666,162.56,146583,162.528577
2023-03-31 14:05:00+00:00,162.44,162.56,162.41,3617,162.505,134325,162.459619
2023-03-31 14:06:00+00:00,162.49,162.524,162.4405,3250,162.4405,117821,162.489663
2023-03-31 14:07:00+00:00,162.48,162.5699,162.442,3170,162.48,102416,162.50934
2023-03-31 14:08:00+00:00,162.55,162.59,162.48,3018,162.49,89055,162.548933
2023-03-31 14:09:00+00:00,162.46,162.57,162.45,3221,162.55,99933,162.516914
2023-03-31 14:10:00+00:00,162.4801,162.53,162.4286,3028,162.45,97272,162.475034
2023-03-31 14:11:00+00:00,162.3798,162.5,162.37,3358,162.48,126577,162.428884
2023-03-31 14:12:00+00:00,162.34,162.38,162.25,4124,162.375,227806,162.321442
2023-03-31 14:13:00+00:00,162.44,162.4599,162.31,3498,162.345,140355,162.3969
2023-03-31 14:14:00+00:00,162.53,162.545,162.38,3036,162.45,121724,162.477585
2023-03-31 14:15:00+00:00,162.4718,162.6,162.47,3472,162.531,141815,162.547305
2023-03-31 14:16:00+00:00,162.549,162.575,162.475,2855,162.475,83514,162.533107
2023-03-31 14:17:00+00:00,162.5718,162.6,162.5,3148,162.545,196815,162.533023
2023-03-31 14:18:00+00:00,162.59,162.59,162.5,2776,162.57,86353,162.551972
2023-03-31 14:19:00+00:00,162.615,162.62,162.5,1215,162.59,110083,162.558959
2023-03-31 14:20:00+00:00,162.625,162.67,162.57,1246,162.615,129621,162.630622
2023-03-31 14:21:00+00:00,162.61,162.6814,162.5799,1089,162.63,104019,162.628465
2023-03-31 14:22:00+00:00,162.615,162.67,162.55,945,162.61,113493,162.613107
2023-03-31 14:23:00+00:00,162.5486,162.615,162.53,819,162.615,75233,162.570389
2023-03-31 14:24:00+00:00,162.5702,162.575,162.45,1173,162.5466,108202,162.511546
2023-03-31 14:25:00+00:00,162.485,162.575,162.4522,872,162.57,74947,162.513241
2023-03-31 14:26:00+00:00,162.5,162.55,162.45,975,162.4801,94409,162.50105
2023-03-31 14:27:00+00:00,162.61,162.655,162.4701,1512,162.5,144464,162.59166
2023-03-31 14:28:00+00:00,162.6755,162.6971,162.595,1490,162.62,160241,162.651888
2023-03-31 14:29:00+00:00,162.56,162.69,162.52,1061,162.67,100066,162.587809
2023-03-31 14:30:00+00:00,162.6513,162.67,162.52,925,162.565,88845,162.606648
2023-03-31 14:31:00+00:00,162.7201,162.73,162.63,1403,162.66,172582,162.693225
2023-03-31 14:32:00+00:00,162.73,162.78,162.7,1294,162.72,124868,162.737579
2023-03-31 14:33:00+00:00,162.6826,162.75,162.62,958,162.72,85923,162.695816
2023-03-31 14:34:00+00:00,162.76,162.76,162.69,797,162.69,69857,162.727006
2023-03-31 14:35:00+00:00,162.874,162.88,162.73,1483,162.7593,146473,162.804488
2023-03-31 14:36:00+00:00,162.8227,162.88,162.8053,978,162.88,91727,162.846927
2023-03-31 14:37:00+00:00,162.86,162.8787,162.79,877,162.83,69283,162.840137
2023-03-31 14:38:00+00:00,162.855,162.925,162.85,1220,162.87,119382,162.8884
2023-03-31 14:39:00+00:00,162.815,162.885,162.79,1037,162.858,84772,162.836269
2023-03-31 14:40:00+00:00,162.845,162.88,162.785,873,162.81,90188,162.827752
2023-03-31 14:41:00+00:00,162.84,162.905,162.84,940,162.84,83997,162.868928
2023-03-31 14:42:00+00:00,162.8315,162.91,162.8148,1041,162.845,74079,162.87469
2023-03-31 14:43:00+00:00,162.855,162.89,162.8,818,162.8311,60448,162.838578
2023-03-31 14:44:00+00:00,162.8621,162.9,162.82,871,162.865,73764,162.864305
2023-03-31 14:45:00+00:00,162.97,162.97,162.87,1209,162.88,113041,162.928587
2023-03-31 14:46:00+00:00,162.9101,163.02,162.9,2646,162.9621,246965,162.979727
2023-03-31 14:47:00+00:00,162.815,162.911,162.81,1199,162.905,107361,162.867587
2023-03-31 14:48:00+00:00,162.9537,162.96,162.81,694,162.81,54761,162.906259
2023-03-31 14:49:00+00:00,162.85,162.944,162.8,889,162.944,77598,162.858982
2023-03-31 14:50:00+00:00,162.87,162.9,162.82,704,162.8499,53673,162.853562
2023-03-31 14:51:00+00:00,162.7901,162.86,162.78,790,162.86,57227,162.821063
2023-03-31 14:52:00+00:00,162.7,162.79,162.69,1318,162.7823,111533,162.747174
2023-03-31 14:53:00+00:00,162.6786,162.74,162.67,875,162.7,79869,162.704026
2023-03-31 14:54:00+00:00,162.72,162.74,162.67,1034,162.675,197832,162.703487
2023-03-31 14:55:00+00:00,162.7666,162.78,162.71,777,162.73,93754,162.744906
2023-03-31 14:56:00+00:00,162.79,162.85,162.767,1104,162.78,109230,162.8068
2023-03-31 14:57:00+00:00,162.74,162.82,162.73,747,162.7899,165161,162.787288
2023-03-31 14:58:00+00:00,162.761,162.8,162.75,596,162.76,46815,162.771595
2023-03-31 14:59:00+00:00,162.785,162.7999,162.75,596,162.7699,36835,162.775545
2023-03-31 15:00:00+00:00,162.835,162.88,162.79,909,162.8,93205,162.834326
2023-03-31 15:01:00+00:00,162.88,162.8999,162.82,616,162.835,42457,162.865326
2023-03-31 15:02:00+00:00,162.94,162.95,162.875,809,162.88,75723,162.915123
2023-03-31 15:03:00+00:00,162.88,162.97,162.87,785,162.94,76710,162.918668
2023-03-31 15:04:00+00:00,162.8695,162.9,162.85,817,162.88,84783,162.871828
2023-03-31 15:05:00+00:00,162.91,162.93,162.86,673,162.87,45749,162.897762
2023-03-31 15:06:00+00:00,162.83,162.9316,162.82,817,162.915,62597,162.872681
2023-03-31 15:07:00+00:00,162.875,162.9,162.75,1032,162.83,88408,162.823294
2023-03-31 15:08:00+00:00,162.8321,162.89,162.82,820,162.88,58703,162.848191
2023-03-31 15:09:00+00:00,162.79,162.83,162.7729,754,162.83,53414,162.79944
2023-03-31 15:10:00+00:00,162.81,162.825,162.775,839,162.79,74557,162.798409
2023-03-31 15:11:00+00:00,162.795,162.8473,162.79,693,162.81,51425,162.818103
2023-03-31 15:12:00+00:00,162.7757,162.83,162.77,810,162.78,54672,162.787147
2023-03-31 15:13:00+00:00,162.7499,162.79,162.7093,872,162.77,88185,162.745589
2023-03-31 15:14:00+00:00,162.83,162.83,162.745,649,162.75,62626,162.778189
2023-03-31 15:15:00+00:00,162.79,162.85,162.7401,788,162.83,94716,162.79719
2023-03-31 15:16:00+00:00,162.73,162.81,162.72,827,162.79,172414,162.767128
2023-03-31 15:17:00+00:00,162.76,162.795,162.73,670,162.73,46093,162.770182
2023-03-31 15:18:00+00:00,162.855,162.86,162.76,1141,162.76,109127,162.810127
2023-03-31 15:19:00+00:00,162.775,162.855,162.765,810,162.85,64795,162.801773
2023-03-31 15:20:00+00:00,162.845,162.8599,162.75,1060,162.77,76584,162.800077
2023-03-31 15:21:00+00:00,162.87,162.88,162.83,849,162.837,77002,162.859329
2023-03-31 15:22:00+00:00,162.9481,162.98,162.87,1240,162.87,132437,162.932863
2023-03-31 15:23:00+00:00,162.91,162.98,162.91,981,162.949,69170,162.947057
2023-03-31 15:24:00+00:00,162.965,162.9701,162.92,737,162.92,85262,162.951083
2023-03-31 15:25:00+00:00,163.01,163.04,162.94,2247,162.9601,216802,162.996422
2023-03-31 15:26:00+00:00,163.15,163.17,162.99,2345,163.0113,241849,163.10356
2023-03-31 15:27:00+00:00,163.135,163.16,163.08,1279,163.145,151985,163.117267
2023-03-31 15:28:00+00:00,163.15,163.17,163.1101,1058,163.1382,96688,163.141118
2023-03-31 15:29:00+00:00,163.0962,163.16,163.0799,907,163.16,98429,163.120983
2023-03-31 15:30:00+00:00,163.065,163.14,163.03,1044,163.0975,91504,163.083845
2023-03-31 15:31:00+00:00,163.0201,163.0691,162.985,1021,163.0691,88421,163.025324
2023-03-31 15:32:00+00:00,162.94,163.025,162.92,1019,163.025,91357,162.975003
2023-03-31 15:33:00+00:00,163.01,163.035,162.93,862,162.94,71610,162.985012
2023-03-31 15:34:00+00:00,163.0699,163.07,162.9815,795,163.03,72537,163.025112
2023-03-31 15:35:00+00:00,163.0701,163.12,163.055,845,163.06,72311,163.089143
2023-03-31 15:36:00+00:00,163.115,163.115,163.07,828,163.075,57903,163.083699
2023-03-31 15:37:00+00:00,163.08,163.16,163.06,1147,163.1187,104533,163.101195
2023-03-31 15:38:00+00:00,163.1516,163.1699,163.075,817,163.08,70674,163.127289
2023-03-31 15:39:00+00:00,163.1203,163.19,163.11,1086,163.16,88739,163.163079
2023-03-31 15:40:00+00:00,163.18,163.19,163.1001,777,163.12,62644,163.152415
2023-03-31 15:41:00+00:00,163.13,163.19,163.11,777,163.18,59964,163.147455
2023-03-31 15:42:00+00:00,163.175,163.19,163.12,773,163.13,54844,163.160364
2023-03-31 15:43:00+00:00,163.2179,163.22,163.16,1301,163.175,98791,163.187754
2023-03-31 15:44:00+00:00,163.1868,163.26,163.1825,1275,163.22,113593,163.234521
2023-03-31 15:45:00+00:00,163.21,163.2382,163.17,908,163.18,75670,163.205274
2023-03-31 15:46:00+00:00,163.12,163.24,163.12,886,163.2001,71095,163.190662
2023-03-31 15:47:00+00:00,163.12,163.1699,163.1,907,163.12,89283,163.120395
2023-03-31 15:48:00+00:00,163.115,163.16,163.1,661,163.12,54909,163.12463
2023-03-31 15:49:00+00:00,163.12,163.16,163.11,563,163.12,34943,163.130986
2023-03-31 15:50:00+00:00,163.1315,163.1499,163.1099,665,163.11,52454,163.130584
2023-03-31 15:51:00+00:00,163.16,163.2,163.14,817,163.14,74326,163.172157
2023-03-31 15:52:00+00:00,163.1999,163.2,163.15,953,163.165,64158,163.17614
2023-03-31 15:53:00+00:00,163.14,163.22,163.13,882,163.1967,79299,163.166894
2023-03-31 15:54:00+00:00,163.1201,163.14,163.06,731,163.135,69376,163.103983
2023-03-31 15:55:00+00:00,163.13,163.16,163.07,818,163.12,77236,163.115562
2023-03-31 15:56:00+00:00,163.19,163.195,163.1,591,163.1299,42619,163.165323
2023-03-31 15:57:00+00:00,163.2,163.21,163.17,652,163.185,52471,163.191702
2023-03-31 15:58:00+00:00,163.21,163.22,163.1627,732,163.21,64600,163.192097
2023-03-31 15:59:00+00:00,163.22,163.25,163.2001,830,163.215,73229,163.230574
2023-03-31 16:00:00+00:00,163.2426,163.25,163.175,644,163.22,66384,163.211201
2023-03-31 16:01:00+00:00,163.185,163.26,163.15,768,163.25,61579,163.19641
2023-03-31 16:02:00+00:00,163.25,163.26,163.1801,782,163.19,77105,163.228727
2023-03-31 16:03:00+00:00,163.3212,163.33,163.2301,1194,163.25,102991,163.284746
2023-03-31 16:04:00+00:00,163.3489,163.37,163.31,1469,163.3253,114975,163.343128
2023-03-31 16:05:00+00:00,163.295,163.365,163.28,1105,163.35,70642,163.322646
2023-03-31 16:06:00+00:00,163.3168,163.35,163.29,673,163.2972,44389,163.325072
2023-03-31 16:07:00+00:00,163.32,163.33,163.27,702,163.32,48670,163.296889
2023-03-31 16:08:00+00:00,163.2875,163.35,163.28,689,163.33,56128,163.31119
2023-03-31 16:09:00+00:00,163.2899,163.33,163.25,667,163.27,50028,163.28051
2023-03-31 16:10:00+00:00,163.3101,163.33,163.28,682,163.28,57214,163.304065
2023-03-31 16:11:00+00:00,163.35,163.38,163.29,1062,163.32,71432,163.351088
2023-03-31 16:12:00+00:00,163.4265,163.43,163.34,1143,163.35,93373,163.390698
2023-03-31 16:13:00+00:00,163.41,163.44,163.39,2101,163.42,81400,163.415944
2023-03-31 16:14:00+00:00,163.43,163.44,163.38,1160,163.4165,56814,163.415292
2023-03-31 16:15:00+00:00,163.425,163.44,163.3833,887,163.42,52170,163.411332
2023-03-31 16:16:00+00:00,163.44,163.47,163.41,1047,163.42,71642,163.444042
2023-03-31 16:17:00+00:00,163.475,163.49,163.43,979,163.445,85025,163.461689
2023-03-31 16:18:00+00:00,163.51,163.53,163.46,2098,163.47,200334,163.499135
2023-03-31 16:19:00+00:00,163.575,163.58,163.48,1025,163.51,86872,163.529149
2023-03-31 16:20:00+00:00,163.5899,163.61,163.565,1129,163.565,96642,163.590285
2023-03-31 16:21:00+00:00,163.65,163.68,163.58,1147,163.5837,129310,163.641651
2023-03-31 16:22:00+00:00,163.6252,163.71,163.59,1348,163.6546,134043,163.655542
2023-03-31 16:23:00+00:00,163.6001,163.645,163.57,891,163.6299,95347,163.598693
2023-03-31 16:24:00+00:00,163.65,163.65,163.575,777,163.6081,70216,163.598904
2023-03-31 16:25:00+00:00,163.785,163.79,163.64,1617,163.6419,151476,163.719737
2023-03-31 16:26:00+00:00,163.7321,163.79,163.69,1143,163.7811,99984,163.740116
2023-03-31 16:27:00+00:00,163.76,163.765,163.58,2162,163.734,197686,163.700198
2023-03-31 16:28:00+00:00,163.8299,163.86,163.7529,1375,163.76,121154,163.820938
2023-03-31 16:29:00+00:00,163.89,163.9,163.805,1231,163.8258,101269,163.850889
2023-03-31 16:30:00+00:00,163.85,163.915,163.83,1057,163.885,122642,163.870945
2023-03-31 16:31:00+00:00,163.8415,163.91,163.84,938,163.86,99820,163.871224
2023-03-31 16:32:00+00:00,163.775,163.85,163.71,1407,163.85,161459,163.773238
2023-03-31 16:33:00+00:00,163.84,163.9,163.7799,986,163.78,94040,163.851444
2023-03-31 16:34:00+00:00,163.85,163.86,163.8,796,163.85,69469,163.83176
2023-03-31 16:35:00+00:00,163.7782,163.86,163.76,873,163.855,81642,163.793796
2023-03-31 16:36:00+00:00,163.74,163.82,163.74,976,163.77,102357,163.773696
2023-03-31 16:37:00+00:00,163.68,163.74,163.66,1113,163.74,132315,163.701532
2023-03-31 16:38:00+00:00,163.725,163.73,163.65,903,163.685,88667,163.692428
2023-03-31 16:39:00+00:00,163.705,163.73,163.665,715,163.7289,61901,163.700543
2023-03-31 16:40:00+00:00,163.75,163.7599,163.67,841,163.71,78907,163.713011
2023-03-31 16:41:00+00:00,163.87,163.87,163.7258,1130,163.7514,130600,163.800375
2023-03-31 16:42:00+00:00,163.945,163.96,163.86,1249,163.875,141355,163.91827
2023-03-31 16:43:00+00:00,163.925,163.96,163.87,1545,163.95,179946,163.92537
2023-03-31 16:44:00+00:00,163.99,163.99,163.92,1015,163.93,94510,163.954014
2023-03-31 16:45:00+00:00,163.91,163.99,163.91,1189,163.99,126758,163.965406
2023-03-31 16:46:00+00:00,163.915,163.93,163.86,844,163.905,100202,163.909015
2023-03-31 16:47:00+00:00,163.81,163.96,163.8,942,163.92,107828,163.868575
2023-03-31 16:48:00+00:00,163.97,163.98,163.82,920,163.82,101922,163.920601
2023-03-31 16:49:00+00:00,163.955,163.99,163.94,955,163.975,118799,163.967833
2023-03-31 16:50:00+00:00,164.02,164.04,163.96,4248,163.96,442378,163.99787
2023-03-31 16:51:00+00:00,163.9324,164.04,163.93,970,164.02,98592,164.001833
2023-03-31 16:52:00+00:00,163.905,163.98,163.89,854,163.932,84240,163.9467
2023-03-31 16:53:00+00:00,163.9052,163.94,163.89,698,163.905,61838,163.911423
2023-03-31 16:54:00+00:00,163.7908,163.898,163.7808,1089,163.895,121901,163.83275
2023-03-31 16:55:00+00:00,163.86,163.9,163.8,779,163.8,92610,163.864533
2023-03-31 16:56:00+00:00,163.8,163.86,163.79,741,163.86,56548,163.814327
2023-03-31 16:57:00+00:00,163.817,163.84,163.785,716,163.79,66031,163.8065
2023-03-31 16:58:00+00:00,163.805,163.84,163.78,725,163.82,71150,163.808113
2023-03-31 16:59:00+00:00,163.8,163.835,163.7901,654,163.81,56427,163.811363
2023-03-31 17:00:00+00:00,163.82,163.84,163.8,762,163.81,57029,163.813877
2023-03-31 17:01:00+00:00,163.7801,163.85,163.78,801,163.83,64163,163.81853
2023-03-31 17:02:00+00:00,163.6894,163.78,163.68,940,163.78,120884,163.733025
2023-03-31 17:03:00+00:00,163.655,163.72,163.65,997,163.6899,106352,163.679829
2023-03-31 17:04:00+00:00,163.67,163.7,163.6514,789,163.66,78888,163.675039
2023-03-31 17:05:00+00:00,163.6384,163.71,163.63,908,163.665,87729,163.670863
2023-03-31 17:06:00+00:00,163.59,163.635,163.57,1140,163.63,118755,163.599645
2023-03-31 17:07:00+00:00,163.6999,163.76,163.58,1402,163.592,141600,163.65684
2023-03-31 17:08:00+00:00,163.76,163.77,163.685,803,163.7,79064,163.721253
2023-03-31 17:09:00+00:00,163.7626,163.795,163.74,1057,163.755,88998,163.766644
2023-03-31 17:10:00+00:00,163.8252,163.83,163.76,764,163.77,87450,163.783525
2023-03-31 17:11:00+00:00,163.7699,163.83,163.75,705,163.8264,78572,163.779456
2023-03-31 17:12:00+00:00,163.79,163.8,163.72,696,163.765,51435,163.76647
2023-03-31 17:13:00+00:00,163.84,163.85,163.795,777,163.8,81903,163.821287
2023-03-31 17:14:00+00:00,163.8784,163.89,163.8025,875,163.835,91248,163.850932
2023-03-31 17:15:00+00:00,163.9,163.9,163.8219,863,163.88,89236,163.86149
2023-03-31 17:16:00+00:00,163.93,163.95,163.89,803,163.9,92352,163.920922
2023-03-31 17:17:00+00:00,163.95,163.9699,163.82,1484,163.9396,146756,163.902664
2023-03-31 17:18:00+00:00,163.925,163.95,163.91,635,163.94,54222,163.930536
2023-03-31 17:19:00+00:00,163.9665,163.99,163.92,706,163.925,73626,163.961301
2023-03-31 17:20:00+00:00,163.97,164.0,163.94,1167,163.965,105383,163.97174
2023-03-31 17:21:00+00:00,163.95,163.98,163.93,709,163.97,57968,163.951222
2023-03-31 17:22:00+00:00,163.9801,163.99,163.945,867,163.9586,78664,163.969717
2023-03-31 17:23:00+00:00,163.975,164.0,163.96,628,163.99,55084,163.979519
2023-03-31 17:24:00+00:00,164.0,164.0,163.9647,1054,163.98,64447,163.990105
2023-03-31 17:25:00+00:00,164.005,164.01,163.965,1352,163.9901,141529,163.997335
2023-03-31 17:26:00+00:00,164.0615,164.075,164.0036,1157,164.005,137212,164.041881
2023-03-31 17:27:00+00:00,164.01,164.07,164.0,961,164.06,98416,164.023869
2023-03-31 17:28:00+00:00,163.95,164.01,163.935,1098,164.005,129592,163.961234
2023-03-31 17:29:00+00:00,163.885,163.96,163.87,793,163.95,100925,163.910391
2023-03-31 17:30:00+00:00,163.82,163.94,163.82,998,163.88,70234,163.882297
2023-03-31 17:31:00+00:00,163.7918,163.84,163.79,754,163.825,52192,163.81662
2023-03-31 17:32:00+00:00,163.7516,163.8199,163.75,828,163.795,60753,163.785802
2023-03-31 17:33:00+00:00,163.7873,163.8,163.74,689,163.755,54340,163.779283
2023-03-31 17:34:00+00:00,163.7701,163.82,163.7601,588,163.78,42814,163.789995
2023-03-31 17:35:00+00:00,163.7,163.786,163.7,631,163.775,50447,163.724296
2023-03-31 17:36:00+00:00,163.78,163.79,163.6846,693,163.705,52364,163.729858
2023-03-31 17:37:00+00:00,163.75,163.8,163.73,579,163.78,40690,163.759319
2023-03-31 17:38:00+00:00,163.743,163.768,163.7182,440,163.7479,41040,163.735217
2023-03-31 17:39:00+00:00,163.795,163.8199,163.74,586,163.74,44317,163.791595
2023-03-31 17:40:00+00:00,163.785,163.81,163.77,492,163.795,34961,163.787504
2023-03-31 17:41:00+00:00,163.81,163.8238,163.7832,506,163.785,36040,163.80957
2023-03-31 17:42:00+00:00,163.7015,163.81,163.7015,565,163.8,47568,163.744747
2023-03-31 17:43:00+00:00,163.715,163.72,163.67,597,163.7,62695,163.694949
2023-03-31 17:44:00+00:00,163.69,163.72,163.65,634,163.715,66571,163.675333
2023-03-31 17:45:00+00:00,163.805,163.8299,163.691,863,163.691,99091,163.78828
2023-03-31 17:46:00+00:00,163.8404,163.855,163.7918,731,163.8001,68494,163.831543
2023-03-31 17:47:00+00:00,163.7899,163.8485,163.78,536,163.8485,39405,163.809
2023-03-31 17:48:00+00:00,163.74,163.81,163.74,599,163.785,55601,163.77093
2023-03-31 17:49:00+00:00,163.77,163.8,163.73,620,163.74,163254,163.755325
2023-03-31 17:50:00+00:00,163.755,163.8,163.735,728,163.7798,67743,163.768214
2023-03-31 17:51:00+00:00,163.7386,163.77,163.7386,481,163.74,37829,163.757704
2023-03-31 17:52:00+00:00,163.8,163.81,163.735,577,163.735,47227,163.785979
2023-03-31 17:53:00+00:00,163.815,163.82,163.7801,492,163.8069,29705,163.801792
2023-03-31 17:54:00+00:00,163.79,163.84,163.78,808,163.8109,74206,163.809983
2023-03-31 17:55:00+00:00,163.7985,163.82,163.78,526,163.7994,30731,163.797509
2023-03-31 17:56:00+00:00,163.8401,163.85,163.78,756,163.795,78802,163.826567
2023-03-31 17:57:00+00:00,163.93,163.93,163.825,838,163.845,82042,163.87433
2023-03-31 17:58:00+00:00,163.96,163.97,163.91,1090,163.92,133136,163.940567
2023-03-31 17:59:00+00:00,163.9571,163.98,163.92,594,163.955,62261,163.948906
2023-03-31 18:00:00+00:00,163.96,163.985,163.9313,680,163.96,67571,163.964983
2023-03-31 18:01:00+00:00,163.9601,164.0199,163.94,1361,163.95,135634,163.980173
2023-03-31 18:02:00+00:00,164.0184,164.0184,163.945,728,163.965,48789,163.972356
2023-03-31 18:03:00+00:00,163.9937,164.015,163.96,845,164.01,81550,163.982892
2023-03-31 18:04:00+00:00,164.025,164.04,163.98,826,163.9891,76834,164.01428
2023-03-31 18:05:00+00:00,164.07,164.1,164.02,1057,164.0201,90958,164.059337
2023-03-31 18:06:00+00:00,164.05,164.1,164.04,749,164.075,85352,164.072267
2023-03-31 18:07:00+00:00,164.1,164.145,164.05,1129,164.0501,106662,164.103282
2023-03-31 18:08:00+00:00,164.11,164.17,164.09,970,164.1,93414,164.123847
2023-03-31 18:09:00+00:00,164.11,164.14,164.0833,754,164.1085,61091,164.109778
2023-03-31 18:10:00+00:00,164.125,164.16,164.095,834,164.1165,74747,164.12946
2023-03-31 18:11:00+00:00,164.1401,164.175,164.1013,826,164.12,70561,164.14438
2023-03-31 18:12:00+00:00,164.0899,164.145,164.07,815,164.145,92393,164.095212
2023-03-31 18:13:00+00:00,164.0999,164.1,164.06,743,164.09,69284,164.082659
2023-03-31 18:14:00+00:00,164.065,164.11,164.06,491,164.095,41827,164.084716
2023-03-31 18:15:00+00:00,164.045,164.0899,164.04,763,164.07,59505,164.061536
2023-03-31 18:16:00+00:00,164.055,164.06,164.02,701,164.04,61516,164.045339
2023-03-31 18:17:00+00:00,164.04,164.08,164.03,605,164.0613,44950,164.051315
2023-03-31 18:18:00+00:00,163.9623,164.04,163.96,898,164.035,84439,164.002723
2023-03-31 18:19:00+00:00,163.985,163.99,163.95,670,163.965,62791,163.970949
2023-03-31 18:20:00+00:00,163.998,164.0,163.96,604,163.9815,35494,163.982889
2023-03-31 18:21:00+00:00,164.05,164.07,163.99,1032,164.0,103753,164.040706
2023-03-31 18:22:00+00:00,163.98,164.06,163.9501,808,164.05,85363,163.995923
2023-03-31 18:23:00+00:00,164.055,164.06,163.95,610,163.97,52639,164.013073
2023-03-31 18:24:00+00:00,164.05,164.07,164.03,557,164.0599,51664,164.049273
2023-03-31 18:25:00+00:00,163.9899,164.06,163.9687,832,164.05,74376,164.014381
2023-03-31 18:26:00+00:00,163.96,163.99,163.92,965,163.985,77157,163.958493
2023-03-31 18:27:00+00:00,163.99,164.0,163.9301,575,163.965,44360,163.970233
2023-03-31 18:28:00+00:00,164.05,164.06,163.98,778,163.99,84568,164.01635
2023-03-31 18:29:00+00:00,164.075,164.1,164.005,1218,164.0599,95027,164.059442
2023-03-31 18:30:00+00:00,164.075,164.09,164.055,693,164.075,58458,164.073362
2023-03-31 18:31:00+00:00,164.11,164.12,164.0501,971,164.075,84169,164.094938
2023-03-31 18:32:00+00:00,164.1501,164.16,164.1,770,164.11,68118,164.132747
2023-03-31 18:33:00+00:00,164.18,164.18,164.13,818,164.155,65135,164.161824
2023-03-31 18:34:00+00:00,164.1107,164.19,164.1,986,164.18,107302,164.134645
2023-03-31 18:35:00+00:00,164.095,164.13,164.06,763,164.115,60947,164.094013
2023-03-31 18:36:00+00:00,164.1078,164.11,164.0601,759,164.095,67163,164.088395
2023-03-31 18:37:00+00:00,164.06,164.105,164.0,816,164.1,74462,164.046967
2023-03-31 18:38:00+00:00,164.05,164.085,164.04,610,164.06,56246,164.05723
2023-03-31 18:39:00+00:00,164.0201,164.05,164.0,685,164.04,55934,164.027326
2023-03-31 18:40:00+00:00,164.045,164.08,164.025,677,164.0285,49680,164.0513
2023-03-31 18:41:00+00:00,164.075,164.09,164.025,736,164.045,66912,164.062194
2023-03-31 18:42:00+00:00,164.125,164.14,164.07,819,164.075,80792,164.106837
2023-03-31 18:43:00+00:00,164.225,164.24,164.13,1621,164.13,156393,164.197424
2023-03-31 18:44:00+00:00,164.17,164.23,164.16,825,164.23,69885,164.197746
2023-03-31 18:45:00+00:00,164.175,164.1999,164.13,994,164.16,110213,164.161731
2023-03-31 18:46:00+00:00,164.085,164.18,164.08,777,164.18,63733,164.127666
2023-03-31 18:47:00+00:00,164.045,164.12,164.045,723,164.08,68790,164.085597
2023-03-31 18:48:00+00:00,164.0899,164.11,164.04,702,164.0452,71762,164.080846
2023-03-31 18:49:00+00:00,164.165,164.17,164.08,791,164.09,78950,164.139926
2023-03-31 18:50:00+00:00,164.16,164.18,164.11,915,164.16,78520,164.148906
2023-03-31 18:51:00+00:00,164.185,164.19,164.1001,774,164.16,86859,164.15507
2023-03-31 18:52:00+00:00,164.1683,164.19,164.16,834,164.18,79657,164.176997
2023-03-31 18:53:00+00:00,164.185,164.21,164.15,819,164.17,91460,164.174915
2023-03-31 18:54:00+00:00,164.2115,164.24,164.185,822,164.185,81785,164.22457
2023-03-31 18:55:00+00:00,164.18,164.23,164.165,757,164.2101,72457,164.201408
2023-03-31 18:56:00+00:00,164.13,164.19,164.13,819,164.18,78789,164.156639
2023-03-31 18:57:00+00:00,164.195,164.2,164.11,963,164.13,87654,164.159045
2023-03-31 18:58:00+00:00,164.23,164.24,164.19,992,164.19,87458,164.22021
2023-03-31 18:59:00+00:00,164.23,164.23,164.205,853,164.23,87363,164.222154
2023-03-31 19:00:00+00:00,164.2799,164.285,164.21,1327,164.22,156419,164.242498
2023-03-31 19:01:00+00:00,164.395,164.42,164.28,2145,164.28,212538,164.345131
2023-03-31 19:02:00+00:00,164.47,164.48,164.37,1523,164.395,175981,164.423307
2023-03-31 19:03:00+00:00,164.4688,164.49,164.37,2077,164.47,211287,164.441005
2023-03-31 19:04:00+00:00,164.5529,164.565,164.46,2082,164.47,204270,164.506177
2023-03-31 19:05:00+00:00,164.525,164.56,164.48,1165,164.551,124012,164.51998
2023-03-31 19:06:00+00:00,164.51,164.5585,164.47,1020,164.525,107929,164.507095
2023-03-31 19:07:00+00:00,164.545,164.55,164.38,2637,164.51,266754,164.470114
2023-03-31 19:08:00+00:00,164.625,164.64,164.47,1547,164.55,171218,164.555862
2023-03-31 19:09:00+00:00,164.675,164.68,164.62,1654,164.63,185540,164.648825
2023-03-31 19:10:00+00:00,164.72,164.74,164.66,1388,164.675,132150,164.697926
2023-03-31 19:11:00+00:00,164.6901,164.74,164.66,1101,164.72,118842,164.705773
2023-03-31 19:12:00+00:00,164.71,164.74,164.62,2313,164.7,242481,164.672821
2023-03-31 19:13:00+00:00,164.6799,164.75,164.67,1271,164.705,132529,164.710212
2023-03-31 19:14:00+00:00,164.65,164.71,164.65,1158,164.68,110090,164.673525
2023-03-31 19:15:00+00:00,164.67,164.725,164.65,1311,164.655,138508,164.685005
2023-03-31 19:16:00+00:00,164.7499,164.765,164.6728,1600,164.675,225094,164.706288
2023-03-31 19:17:00+00:00,164.7301,164.75,164.6845,1090,164.74,121268,164.715631
2023-03-31 19:18:00+00:00,164.715,164.755,164.71,1152,164.73,145383,164.728481
2023-03-31 19:19:00+00:00,164.74,164.77,164.61,2431,164.71,245732,164.705234
2023-03-31 19:20:00+00:00,164.7619,164.79,164.72,1498,164.73,162373,164.752645
2023-03-31 19:21:00+00:00,164.805,164.82,164.74,1488,164.765,119612,164.782034
2023-03-31 19:22:00+00:00,164.835,164.86,164.755,1321,164.805,133235,164.786474
2023-03-31 19:23:00+00:00,164.835,164.8899,164.8,1371,164.835,123051,164.84794
2023-03-31 19:24:00+00:00,164.9,164.91,164.83,1801,164.84,173335,164.879625
2023-03-31 19:25:00+00:00,164.9117,164.94,164.87,1565,164.9,158314,164.904257
2023-03-31 19:26:00+00:00,164.9281,164.94,164.8918,1961,164.91,165966,164.915815
2023-03-31 19:27:00+00:00,164.89,164.94,164.885,1309,164.93,118216,164.913091
2023-03-31 19:28:00+00:00,164.89,164.91,164.87,1621,164.895,851320,164.881845
2023-03-31 19:29:00+00:00,164.88,164.94,164.87,1781,164.885,237785,164.903333
2023-03-31 19:30:00+00:00,164.9439,164.96,164.875,1915,164.88,196837,164.927847
2023-03-31 19:31:00+00:00,164.93,164.96,164.88,1708,164.935,147617,164.920741
2023-03-31 19:32:00+00:00,164.86,164.93,164.84,1555,164.93,153367,164.884392
2023-03-31 19:33:00+00:00,164.8,164.88,164.8,2279,164.8588,225458,164.835166
2023-03-31 19:34:00+00:00,164.8025,164.83,164.75,1944,164.795,232509,164.793108
2023-03-31 19:35:00+00:00,164.7511,164.79,164.73,1895,164.79,190994,164.75485
2023-03-31 19:36:00+00:00,164.71,164.76,164.7,1417,164.755,138902,164.727525
2023-03-31 19:37:00+00:00,164.6531,164.71,164.5,3209,164.71,316530,164.628904
2023-03-31 19:38:00+00:00,164.58,164.68,164.55,1623,164.6577,192836,164.612571
2023-03-31 19:39:00+00:00,164.5251,164.68,164.52,2221,164.585,202657,164.585258
2023-03-31 19:40:00+00:00,164.415,164.54,164.41,2373,164.54,225918,164.477265
2023-03-31 19:41:00+00:00,164.44,164.505,164.39,1742,164.41,192444,164.466126
2023-03-31 19:42:00+00:00,164.44,164.47,164.3914,1586,164.44,231102,164.443855
2023-03-31 19:43:00+00:00,164.42,164.5,164.41,1714,164.45,160286,164.448807
2023-03-31 19:44:00+00:00,164.365,164.43,164.335,1769,164.42,679437,164.39056
2023-03-31 19:45:00+00:00,164.375,164.41,164.31,1902,164.365,221381,164.370041
2023-03-31 19:46:00+00:00,164.3447,164.47,164.34,2080,164.38,223827,164.415143
2023-03-31 19:47:00+00:00,164.32,164.4,164.3,1863,164.3407,203406,164.343268
2023-03-31 19:48:00+00:00,164.285,164.33,164.255,1729,164.32,203185,164.291936
2023-03-31 19:49:00+00:00,164.21,164.29,164.2,2436,164.28,259881,164.257189
2023-03-31 19:50:00+00:00,164.215,164.37,164.16,4582,164.215,484643,164.257861
2023-03-31 19:51:00+00:00,164.14,164.25,164.125,2461,164.21,257785,164.185795
2023-03-31 19:52:00+00:00,164.185,164.2,164.125,2523,164.1381,259398,164.161497
2023-03-31 19:53:00+00:00,164.23,164.31,164.175,3504,164.185,376516,164.23391
2023-03-31 19:54:00+00:00,164.6549,164.84,164.24,9302,164.24,1165407,164.532876
2023-03-31 19:55:00+00:00,164.92,165.0,164.66,9222,164.66,1047644,164.884213
2023-03-31 19:56:00+00:00,164.93,164.97,164.86,5375,164.92,665698,164.923281
2023-03-31 19:57:00+00:00,164.89,164.935,164.81,4989,164.935,615778,164.858496
2023-03-31 19:58:00+00:00,164.94,164.97,164.81,7098,164.89,895679,164.909338
2023-03-31 19:59:00+00:00,164.84,165.0,164.7,16363,164.94,2330405,164.830292
2023-03-31 20:00:00+00:00,164.68,164.96,164.63,388,164.83,13249300,164.899571
2023-03-31 20:01:00+00:00,164.75,164.9,164.65,279,164.68,37285,164.829112
2023-03-31 20:02:00+00:00,164.9,164.9,164.75,110,164.77,145226,164.893557
2023-03-31 20:03:00+00:00,164.8,164.9,164.75,92,164.9,638857,164.899064
2023-03-31 20:04:00+00:00,164.83,164.87,164.8,67,164.8,4822,164.831578
2023-03-31 20:05:00+00:00,164.84,164.84,164.8,33,164.8,962,164.813659
2023-03-31 20:06:00+00:00,164.85,164.86,164.81,52,164.81,3855,164.846977
2023-03-31 20:07:00+00:00,164.9,164.9,164.81,59,164.9,794754,164.899758
2023-03-31 20:08:00+00:00,164.9,164.9,164.82,62,164.9,283173,164.899776
2023-03-31 20:09:00+00:00,164.8,164.84,164.8,35,164.84,2392,164.802966
2023-03-31 20:10:00+00:00,164.81,164.85,164.8,82,164.8,39932,164.88542
2023-03-31 20:11:00+00:00,164.8299,164.83,164.8,34,164.82,16316,164.895753
2023-03-31 20:12:00+00:00,164.85,164.9,164.8,73,164.8299,22989,164.884615
2023-03-31 20:13:00+00:00,164.9,164.9,164.8,164,164.85,252217,164.19048
2023-03-31 20:14:00+00:00,164.85,164.9,164.81,48,164.81,3041,164.87198
2023-03-31 20:15:00+00:00,164.88,164.88,164.86,31,164.86,53899,164.899726
2023-03-31 20:16:00+00:00,164.9,164.9,164.88,30,164.88,1136397,164.899977
2023-03-31 20:17:00+00:00,164.86,164.89,164.86,21,164.88,8794,164.879533
2023-03-31 20:18:00+00:00,164.83,164.86,164.83,29,164.86,2450,164.858569
2023-03-31 20:19:00+00:00,164.84,164.88,164.84,26,164.88,450,164.850944
2023-03-31 20:20:00+00:00,164.85,164.85,164.82,35,164.82,1810,164.831735
2023-03-31 20:21:00+00:00,164.85,164.8784,164.85,35,164.8784,1155,164.853593
2023-03-31 20:22:00+00:00,164.83,164.8757,164.83,45,164.8757,1317,164.84544
2023-03-31 20:23:00+00:00,164.82,164.82,164.82,23,164.82,763,164.823231
2023-03-31 20:24:00+00:00,164.85,164.85,164.85,25,164.85,1090,164.848101
2023-03-31 20:25:00+00:00,164.82,164.83,164.82,31,164.83,1229,164.828165
2023-03-31 20:26:00+00:00,164.8201,164.8201,164.8201,22,164.8201,308,164.821477
2023-03-31 20:27:00+00:00,164.85,164.85,164.82,45,164.83,2874,164.838335
2023-03-31 20:28:00+00:00,164.85,164.85,164.83,37,164.83,926,164.846043
2023-03-31 20:29:00+00:00,164.82,164.85,164.82,47,164.85,2390,164.824791
2023-03-31 20:30:00+00:00,164.82,164.9,164.82,55,164.82,2855,164.836534
2023-03-31 20:31:00+00:00,164.85,164.85,164.81,31,164.81,2462,164.831594
2023-03-31 20:32:00+00:00,164.81,164.8101,164.81,28,164.8101,938,164.811958
2023-03-31 20:35:00+00:00,164.8284,164.8284,164.8,51,164.82,10719,164.808195
2023-03-31 20:36:00+00:00,164.81,164.81,164.81,23,164.81,1011,164.81088
2023-03-31 20:39:00+00:00,164.8,164.82,164.8,21,164.82,1834,164.812715
2023-03-31 20:40:00+00:00,164.82,164.9,164.82,29,164.82,30081,164.896279
2023-03-31 20:41:00+00:00,164.81,164.81,164.81,20,164.81,1113,164.809998
2023-03-31 20:42:00+00:00,164.84,164.84,164.82,33,164.82,1812,164.82472
2023-03-31 20:43:00+00:00,164.82,164.84,164.82,23,164.84,888,164.829105
2023-03-31 20:44:00+00:00,164.85,164.85,164.82,30,164.82,1628,164.830905
2023-03-31 20:45:00+00:00,164.85,164.85,164.85,14,164.85,1064,164.848264
2023-03-31 20:46:00+00:00,164.85,164.85,164.85,35,164.85,876,165.010035
2023-03-31 20:48:00+00:00,164.86,164.86,164.85,18,164.85,494,164.851335
2023-03-31 20:49:00+00:00,164.84,164.84,164.84,19,164.84,176,164.839432
2023-03-31 20:51:00+00:00,164.82,164.84,164.82,30,164.84,1176,164.829872
2023-03-31 20:52:00+00:00,164.85,164.9,164.85,55,164.85,1674,164.865824
2023-03-31 20:53:00+00:00,164.85,164.9,164.85,71,164.9,2818,164.87769
2023-03-31 20:54:00+00:00,164.85,164.85,164.85,23,164.85,558,164.850242
2023-03-31 20:55:00+00:00,164.85,164.85,164.85,12,164.85,274,164.850429
2023-03-31 20:56:00+00:00,164.87,164.8783,164.85,26,164.85,1075,164.864707
2023-03-31 20:57:00+00:00,164.84,164.84,164.84,23,164.84,333,164.838529
2023-03-31 20:58:00+00:00,164.84,164.84,164.84,26,164.84,1561,164.836832
2023-03-31 20:59:00+00:00,164.82,164.86,164.82,62,164.82,6090,164.841302
2023-03-31 21:00:00+00:00,164.82,164.82,164.82,20,164.82,812,164.810757
2023-03-31 21:01:00+00:00,164.85,164.85,164.85,22,164.85,580,164.848799
2023-03-31 21:02:00+00:00,164.85,164.85,164.85,15,164.85,236,164.855805
2023-03-31 21:03:00+00:00,164.87,164.9,164.87,48,164.89,2789,164.883523
2023-03-31 21:04:00+00:00,164.85,164.87,164.85,22,164.87,1104,164.861251
2023-03-31 21:05:00+00:00,164.8201,164.8201,164.82,17,164.82,4769,164.820565
2023-03-31 21:06:00+00:00,164.83,164.9,164.82,13,164.9,1148,164.883902
2023-03-31 21:07:00+00:00,164.82,164.88,164.82,11,164.88,589,164.842165
2023-03-31 21:10:00+00:00,164.81,164.9,164.81,43,164.85,4179,164.851857
2023-03-31 21:11:00+00:00,164.85,164.85,164.85,12,164.85,148,164.850439
2023-03-31 21:12:00+00:00,164.87,164.87,164.87,23,164.87,414,164.857826
2023-03-31 21:13:00+00:00,164.85,164.85,164.85,15,164.85,319,164.852677
2023-03-31 21:14:00+00:00,164.85,164.85,164.85,17,164.85,259,164.850425
2023-03-31 21:15:00+00:00,164.85,164.85,164.85,16,164.85,284,164.849789
2023-03-31 21:16:00+00:00,164.85,164.85,164.85,12,164.85,209,164.846435
2023-03-31 21:17:00+00:00,164.85,164.85,164.85,14,164.85,145,164.849093
2023-03-31 21:18:00+00:00,164.85,164.85,164.85,26,164.85,469,164.848081
2023-03-31 21:19:00+00:00,164.83,164.83,164.83,15,164.83,592,164.831453
2023-03-31 21:22:00+00:00,164.87,164.87,164.87,10,164.87,237,164.86519
2023-03-31 21:24:00+00:00,164.85,164.85,164.85,17,164.85,180,164.846389
2023-03-31 21:25:00+00:00,164.82,164.84,164.82,27,164.84,3614,164.838156
2023-03-31 21:27:00+00:00,164.84,164.84,164.84,15,164.84,632,164.83932
2023-03-31 21:30:00+00:00,164.84,164.84,164.84,12,164.84,514,164.83678
2023-03-31 21:31:00+00:00,164.84,164.84,164.84,19,164.84,248,164.828508
2023-03-31 21:33:00+00:00,164.8107,164.82,164.8107,12,164.82,443,164.821896
2023-03-31 21:34:00+00:00,164.82,164.84,164.82,51,164.84,7876,164.832795
2023-03-31 21:38:00+00:00,164.82,164.82,164.82,13,164.82,575,164.819617
2023-03-31 21:40:00+00:00,164.82,164.82,164.82,32,164.82,2182,164.819267
2023-03-31 21:41:00+00:00,164.82,164.82,164.81,23,164.81,8288,164.813642
2023-03-31 21:42:00+00:00,164.81,164.82,164.81,27,164.82,3183,164.819441
2023-03-31 21:43:00+00:00,164.82,164.82,164.82,15,164.82,245,164.818592
2023-03-31 21:44:00+00:00,164.82,164.82,164.82,9,164.82,1009,164.819936
2023-03-31 21:45:00+00:00,164.82,164.82,164.82,14,164.82,1104,164.819208
2023-03-31 21:46:00+00:00,164.81,164.81,164.81,10,164.81,231,164.810672
2023-03-31 21:47:00+00:00,164.82,164.82,164.82,8,164.82,555,164.819401
2023-03-31 21:48:00+00:00,164.8,164.82,164.8,18,164.82,3296,164.806302
2023-03-31 21:49:00+00:00,164.79,164.8,164.79,36,164.8,2221,164.796245
2023-03-31 21:50:00+00:00,164.8097,164.8097,164.8097,23,164.8097,1260,164.800784
2023-03-31 21:52:00+00:00,164.76,164.76,164.76,22,164.76,348,164.763914
2023-03-31 21:53:00+00:00,164.79,164.79,164.78,16,164.78,1791,164.788389
2023-03-31 21:54:00+00:00,164.7403,164.7403,164.7403,16,164.7403,173,164.754962
2023-03-31 21:55:00+00:00,164.76,164.76,164.74,22,164.74,1496,164.749191
2023-03-31 21:56:00+00:00,164.76,164.76,164.75,26,164.75,1516,164.757342
2023-03-31 21:57:00+00:00,164.77,164.77,164.77,20,164.77,605,164.768107
2023-03-31 21:58:00+00:00,164.75,164.75,164.75,21,164.75,620,164.750218
