timestamp,close,high,low,trade_count,open,volume,vwap
2023-08-10 08:00:00+00:00,179.04,179.39,178.92,115,179.39,4017,179.061008
2023-08-10 08:01:00+00:00,179.25,179.27,179.13,54,179.13,3913,179.239085
2023-08-10 08:02:00+00:00,179.21,179.3,179.21,38,179.22,2856,179.219107
2023-08-10 08:03:00+00:00,179.3,179.3,179.21,16,179.21,396,179.245808
2023-08-10 08:04:00+00:00,179.3,179.3,179.25,27,179.25,1176,179.277253
2023-08-10 08:05:00+00:00,179.24,179.26,179.24,25,179.26,1275,179.245027
2023-08-10 08:06:00+00:00,179.21,179.22,179.21,31,179.22,1053,179.217626
2023-08-10 08:07:00+00:00,179.2,179.2,179.2,19,179.2,274,179.198759
2023-08-10 08:08:00+00:00,179.24,179.24,179.22,22,179.22,1589,179.227823
2023-08-10 08:09:00+00:00,179.25,179.25,179.23,29,179.23,2805,179.236036
2023-08-10 08:11:00+00:00,179.15,179.15,179.15,26,179.15,501,179.127265
2023-08-10 08:12:00+00:00,179.12,179.12,179.07,20,179.07,1358,179.107982
2023-08-10 08:13:00+00:00,179.1,179.11,179.1,18,179.11,514,179.113152
2023-08-10 08:16:00+00:00,179.1,179.1,179.1,32,179.1,740,179.099851
2023-08-10 08:17:00+00:00,179.07,179.07,179.07,11,179.07,354,179.076271
2023-08-10 08:19:00+00:00,179.1,179.1,179.1,14,179.1,1156,179.098227
2023-08-10 08:21:00+00:00,179.15,179.15,179.15,18,179.15,909,179.145875
2023-08-10 08:23:00+00:00,179.15,179.15,179.12,27,179.15,1719,179.143042
2023-08-10 08:28:00+00:00,179.16,179.16,179.16,9,179.16,234,179.156838
2023-08-10 08:29:00+00:00,179.11,179.11,179.11,7,179.11,403,179.113052
2023-08-10 08:34:00+00:00,179.2,179.2,179.2,14,179.2,294,179.194796
2023-08-10 08:36:00+00:00,179.2,179.2,179.2,16,179.2,425,179.218588
2023-08-10 08:37:00+00:00,179.28,179.28,179.24,54,179.24,2340,179.249342
2023-08-10 08:38:00+00:00,179.28,179.29,179.28,14,179.29,910,179.282242
2023-08-10 08:39:00+00:00,179.3,179.3,179.28,18,179.28,1046,179.295124
2023-08-10 08:40:00+00:00,179.31,179.32,179.31,50,179.32,1110,179.278802
2023-08-10 08:41:00+00:00,179.18,179.2,179.18,31,179.2,1330,179.193451
2023-08-10 08:42:00+00:00,179.31,179.31,179.31,20,179.31,449,179.308976
2023-08-10 08:43:00+00:00,179.27,179.32,179.27,57,179.32,2327,179.285475
2023-08-10 08:46:00+00:00,179.22,179.22,179.22,18,179.22,607,179.222554
2023-08-10 08:47:00+00:00,179.24,179.24,179.22,12,179.22,476,179.222143
2023-08-10 08:48:00+00:00,179.27,179.28,179.25,7,179.25,547,179.25841
2023-08-10 08:51:00+00:00,179.33,179.33,179.33,18,179.33,507,179.326884
2023-08-10 08:52:00+00:00,179.25,179.34,179.25,38,179.34,1503,179.269222
2023-08-10 09:00:00+00:00,179.15,179.15,179.15,15,179.15,353,179.143484
2023-08-10 09:03:00+00:00,179.12,179.12,179.11,25,179.11,786,179.118486
2023-08-10 09:07:00+00:00,179.33,179.33,179.3,19,179.3,766,179.312755
2023-08-10 09:08:00+00:00,179.32,179.32,179.32,6,179.32,114,179.31807
2023-08-10 09:09:00+00:00,179.33,179.33,179.32,15,179.32,889,179.3236
2023-08-10 09:11:00+00:00,179.23,179.23,179.23,26,179.23,424,179.230825
2023-08-10 09:16:00+00:00,179.32,179.32,179.31,10,179.31,672,179.314315
2023-08-10 09:20:00+00:00,179.32,179.32,179.26,13,179.26,522,179.295402
2023-08-10 09:24:00+00:00,179.23,179.23,179.22,35,179.22,1373,179.228463
2023-08-10 09:25:00+00:00,179.16,179.16,179.16,21,179.16,660,179.168894
2023-08-10 09:28:00+00:00,179.32,179.32,179.32,16,179.32,608,179.297977
2023-08-10 09:41:00+00:00,179.29,179.29,179.28,9,179.28,461,179.28692
2023-08-10 09:43:00+00:00,179.28,179.28,179.28,8,179.28,232,179.280129
2023-08-10 09:45:00+00:00,179.27,179.27,179.27,21,179.27,376,179.269176
2023-08-10 09:46:00+00:00,179.22,179.22,179.22,34,179.22,282,179.230603
2023-08-10 09:50:00+00:00,179.18,179.18,179.18,13,179.18,501,179.176188
2023-08-10 09:53:00+00:00,179.29,179.29,179.27,22,179.27,1536,179.280618
2023-08-10 09:54:00+00:00,179.3,179.3,179.3,12,179.3,417,179.302086
2023-08-10 09:55:00+00:00,179.32,179.32,179.31,25,179.31,1311,179.31614
2023-08-10 09:57:00+00:00,179.34,179.34,179.34,16,179.34,740,179.335
2023-08-10 09:59:00+00:00,179.34,179.34,179.34,12,179.34,341,179.325543
2023-08-10 10:00:00+00:00,179.48,179.48,179.34,97,179.34,2375,179.399832
2023-08-10 10:01:00+00:00,179.4,179.4,179.4,11,179.4,264,179.399205
2023-08-10 10:03:00+00:00,179.4,179.4,179.4,13,179.4,560,179.3975
2023-08-10 10:07:00+00:00,179.26,179.27,179.26,27,179.26,1026,179.26386
2023-08-10 10:08:00+00:00,179.2,179.22,179.2,37,179.22,975,179.205005
2023-08-10 10:09:00+00:00,179.15,179.16,179.15,27,179.16,699,179.154063
2023-08-10 10:11:00+00:00,179.15,179.15,179.15,15,179.15,764,179.149948
2023-08-10 10:12:00+00:00,179.15,179.15,179.15,21,179.15,1110,179.14955
2023-08-10 10:13:00+00:00,179.15,179.15,179.15,32,179.15,2736,179.15
2023-08-10 10:14:00+00:00,179.12,179.12,179.12,18,179.12,519,179.125029
2023-08-10 10:15:00+00:00,179.15,179.15,179.15,9,179.15,306,179.152092
2023-08-10 10:16:00+00:00,179.15,179.15,179.15,19,179.15,2760,179.15079
2023-08-10 10:17:00+00:00,179.15,179.15,179.15,9,179.15,759,179.14996
2023-08-10 10:21:00+00:00,179.1,179.11,179.1,47,179.11,1008,179.10119
2023-08-10 10:22:00+00:00,179.18,179.18,179.05,35,179.06,2295,179.103625
2023-08-10 10:25:00+00:00,179.19,179.2,179.19,14,179.2,844,179.189704
2023-08-10 10:31:00+00:00,179.05,179.08,179.05,22,179.08,990,179.068444
2023-08-10 10:44:00+00:00,179.15,179.16,179.15,11,179.16,378,179.155794
2023-08-10 10:47:00+00:00,179.14,179.14,179.14,14,179.14,267,179.136891
2023-08-10 11:00:00+00:00,179.13,179.13,179.1,100,179.11,2786,179.12276
2023-08-10 11:01:00+00:00,179.14,179.14,179.13,41,179.13,969,179.135284
2023-08-10 11:02:00+00:00,179.12,179.14,179.12,37,179.14,3078,179.135916
2023-08-10 11:03:00+00:00,179.1,179.15,179.1,58,179.13,2849,179.128915
2023-08-10 11:04:00+00:00,179.05,179.1,179.05,23,179.1,6080,179.095903
2023-08-10 11:05:00+00:00,179.07,179.1,179.07,39,179.07,1808,179.082998
2023-08-10 11:06:00+00:00,179.22,179.22,179.1,93,179.1,4465,179.182822
2023-08-10 11:07:00+00:00,179.24,179.24,179.21,27,179.24,1800,179.2278
2023-08-10 11:08:00+00:00,179.23,179.23,179.23,14,179.23,1075,179.230074
2023-08-10 11:09:00+00:00,179.2,179.21,179.2,38,179.21,1806,179.205936
2023-08-10 11:10:00+00:00,179.22,179.22,179.2,25,179.2,1452,179.215227
2023-08-10 11:11:00+00:00,179.2,179.2,179.2,25,179.2,495,179.191798
2023-08-10 11:12:00+00:00,179.12,179.12,179.12,20,179.12,1586,179.122604
2023-08-10 11:13:00+00:00,179.13,179.13,179.13,11,179.13,879,179.1262
2023-08-10 11:14:00+00:00,179.14,179.14,179.14,19,179.14,465,179.136538
2023-08-10 11:15:00+00:00,179.15,179.15,179.14,23,179.14,895,179.143218
2023-08-10 11:16:00+00:00,179.13,179.15,179.13,34,179.14,1222,179.137856
2023-08-10 11:19:00+00:00,179.0,179.06,179.0,133,179.06,6427,179.02078
2023-08-10 11:20:00+00:00,178.88,179.0,178.88,170,179.0,4012,178.96846
2023-08-10 11:22:00+00:00,178.88,178.88,178.88,2,178.88,101,178.880099
2023-08-10 11:23:00+00:00,178.88,178.88,178.88,14,178.88,923,178.880293
2023-08-10 11:24:00+00:00,178.88,178.9,178.88,56,178.9,1642,178.87997
2023-08-10 11:25:00+00:00,178.77,178.77,178.77,53,178.77,842,178.789133
2023-08-10 11:27:00+00:00,178.8,178.8,178.8,16,178.8,512,178.802246
2023-08-10 11:28:00+00:00,178.76,178.81,178.76,24,178.81,590,178.773559
2023-08-10 11:29:00+00:00,178.71,178.76,178.71,49,178.76,2271,178.733311
2023-08-10 11:30:00+00:00,178.62,178.7,178.6,140,178.7,8431,178.632193
2023-08-10 11:31:00+00:00,178.59,178.59,178.55,29,178.55,5115,178.553955
2023-08-10 11:32:00+00:00,178.65,178.65,178.65,34,178.65,1576,178.662773
2023-08-10 11:33:00+00:00,178.67,178.67,178.65,22,178.65,1037,178.657975
2023-08-10 11:34:00+00:00,178.7,178.7,178.69,59,178.69,1735,178.696271
2023-08-10 11:35:00+00:00,178.7,178.7,178.69,20,178.69,601,178.694343
2023-08-10 11:36:00+00:00,178.7,178.7,178.7,14,178.7,819,178.69862
2023-08-10 11:37:00+00:00,178.78,178.79,178.74,116,178.74,4764,178.770934
2023-08-10 11:39:00+00:00,178.78,178.78,178.78,23,178.78,872,178.777947
2023-08-10 11:40:00+00:00,178.74,178.75,178.74,19,178.75,692,178.745997
2023-08-10 11:41:00+00:00,178.74,178.74,178.73,17,178.73,603,178.735854
2023-08-10 11:42:00+00:00,178.66,178.71,178.66,73,178.71,1960,178.683163
2023-08-10 11:44:00+00:00,178.63,178.63,178.63,38,178.63,1448,178.633564
2023-08-10 11:45:00+00:00,178.57,178.61,178.57,46,178.61,937,178.597097
2023-08-10 11:46:00+00:00,178.66,178.66,178.6,46,178.61,1675,178.617934
2023-08-10 11:47:00+00:00,178.66,178.66,178.66,18,178.66,835,178.66
2023-08-10 11:48:00+00:00,178.66,178.66,178.66,62,178.66,1579,178.672122
2023-08-10 11:52:00+00:00,178.66,178.66,178.66,15,178.66,575,178.664452
2023-08-10 11:53:00+00:00,178.74,178.74,178.74,8,178.74,348,178.733276
2023-08-10 11:55:00+00:00,178.8,178.8,178.73,70,178.73,2950,178.769332
2023-08-10 11:56:00+00:00,178.79,178.83,178.79,18,178.83,1153,178.800624
2023-08-10 11:57:00+00:00,178.76,178.76,178.76,15,178.76,336,178.769613
2023-08-10 11:58:00+00:00,178.76,178.76,178.76,18,178.76,520,178.748942
2023-08-10 12:00:00+00:00,178.86,179.24,178.5307,708,179.14,57629,178.918297
2023-08-10 12:01:00+00:00,178.85,179.03,178.55,777,178.86,6142,178.956017
2023-08-10 12:02:00+00:00,178.8,178.85,178.6,547,178.85,6727,178.809942
2023-08-10 12:03:00+00:00,178.86,179.25,178.7,611,178.7,7885,178.925406
2023-08-10 12:04:00+00:00,178.88,178.88,178.86,47,178.88,1785,178.876062
2023-08-10 12:05:00+00:00,178.84,178.88,178.84,64,178.88,1103,178.869819
2023-08-10 12:06:00+00:00,178.92,178.92,178.88,58,178.88,1488,178.898659
2023-08-10 12:07:00+00:00,178.87,178.91,178.87,45,178.91,1055,178.892355
2023-08-10 12:08:00+00:00,178.89,178.89,178.89,26,178.89,478,178.875805
2023-08-10 12:09:00+00:00,178.92,178.92,178.85,91,178.86,3851,178.863835
2023-08-10 12:10:00+00:00,179.1,179.1,178.93,119,178.93,7647,178.998157
2023-08-10 12:11:00+00:00,179.14,179.14,179.09,34,179.09,1373,179.11976
2023-08-10 12:12:00+00:00,179.0103,179.09,179.01,26,179.01,976,179.063895
2023-08-10 12:13:00+00:00,179.16,179.19,179.01,93,179.01,3770,179.100026
2023-08-10 12:14:00+00:00,179.25,179.3,179.2,128,179.2,4713,179.253095
2023-08-10 12:15:00+00:00,179.45,179.47,179.22,166,179.22,8184,179.367697
2023-08-10 12:16:00+00:00,179.55,179.55,179.36,300,179.42,32812,179.460283
2023-08-10 12:17:00+00:00,179.43,179.55,179.43,168,179.54,10685,179.499341
2023-08-10 12:18:00+00:00,179.41,179.4581,179.32,118,179.39,17464,179.421926
2023-08-10 12:19:00+00:00,179.284,179.37,179.284,88,179.37,2743,179.331433
2023-08-10 12:20:00+00:00,179.27,179.31,179.2024,54,179.284,1659,179.264038
2023-08-10 12:21:00+00:00,179.2,179.25,179.19,67,179.25,12559,179.203648
2023-08-10 12:22:00+00:00,179.23,179.28,179.17,98,179.19,16972,179.197405
2023-08-10 12:23:00+00:00,179.26,179.29,179.22,105,179.22,3801,179.257238
2023-08-10 12:24:00+00:00,179.2551,179.26,179.21,70,179.2201,3688,179.226586
2023-08-10 12:25:00+00:00,179.17,179.26,179.17,101,179.26,4227,179.202008
2023-08-10 12:26:00+00:00,179.19,179.19,179.12,75,179.17,3393,179.164266
2023-08-10 12:27:00+00:00,179.19,179.2,179.17,56,179.19,4928,179.18996
2023-08-10 12:28:00+00:00,179.2,179.25,179.1,103,179.2,4536,179.182939
2023-08-10 12:29:00+00:00,179.08,179.26,179.08,129,179.22,4727,179.174158
2023-08-10 12:30:00+00:00,179.92,179.92,179.06,501,179.08,42574,179.711571
2023-08-10 12:31:00+00:00,179.61,179.95,179.58,208,179.92,11650,179.708493
2023-08-10 12:32:00+00:00,179.6,179.73,179.5,332,179.62,24215,179.596926
2023-08-10 12:33:00+00:00,179.29,179.6999,179.26,272,179.6,14803,179.542488
2023-08-10 12:34:00+00:00,179.2,179.31,179.1,328,179.27,19247,179.20788
2023-08-10 12:35:00+00:00,179.39,179.3997,179.1,215,179.16,14746,179.297242
2023-08-10 12:36:00+00:00,179.43,179.47,179.35,258,179.38,16130,179.38173
2023-08-10 12:37:00+00:00,179.45,179.46,179.36,206,179.44,13558,179.409957
2023-08-10 12:38:00+00:00,179.43,179.45,179.3999,165,179.45,7393,179.416539
2023-08-10 12:39:00+00:00,179.22,179.4,179.21,266,179.4,12996,179.279356
2023-08-10 12:40:00+00:00,179.17,179.17,178.92,394,179.17,15595,179.061767
2023-08-10 12:41:00+00:00,178.93,179.0644,178.8,343,179.04,17169,178.888897
2023-08-10 12:42:00+00:00,178.7,179.0,178.7,366,178.99,13091,178.900049
2023-08-10 12:43:00+00:00,179.166,179.166,178.8,128,178.8,8261,178.981585
2023-08-10 12:44:00+00:00,179.1,179.22,179.1,162,179.18,9101,179.158036
2023-08-10 12:45:00+00:00,179.03,179.06,178.84,84,179.06,2900,178.970021
2023-08-10 12:46:00+00:00,179.28,179.29,179.19,130,179.19,14595,179.236422
2023-08-10 12:47:00+00:00,179.46,179.46,179.23,209,179.29,10118,179.33489
2023-08-10 12:48:00+00:00,179.63,179.63,179.4,225,179.47,10407,179.475277
2023-08-10 12:49:00+00:00,179.66,179.75,179.6,237,179.63,18073,179.680351
2023-08-10 12:50:00+00:00,179.58,179.6,179.52,85,179.59,3322,179.563159
2023-08-10 12:51:00+00:00,179.6,179.61,179.47,152,179.57,8193,179.544169
2023-08-10 12:52:00+00:00,179.56,179.6,179.55,93,179.59,10132,179.563431
2023-08-10 12:53:00+00:00,179.58,179.58,179.45,78,179.53,4337,179.537078
2023-08-10 12:54:00+00:00,179.54,179.6,179.54,136,179.6,5888,179.563879
2023-08-10 12:55:00+00:00,179.58,179.6,179.5,159,179.51,27328,179.537511
2023-08-10 12:56:00+00:00,179.46,179.58,179.4,219,179.58,9389,179.468933
2023-08-10 12:57:00+00:00,179.46,179.5,179.4105,77,179.47,3579,179.445321
2023-08-10 12:58:00+00:00,179.55,179.55,179.45,81,179.45,2766,179.513114
2023-08-10 12:59:00+00:00,179.67,179.67,179.56,106,179.56,5643,179.600927
2023-08-10 13:00:00+00:00,179.77,179.77,179.66,207,179.7,9070,179.733684
2023-08-10 13:01:00+00:00,179.66,179.7,179.62,84,179.7,4028,179.667584
2023-08-10 13:02:00+00:00,179.7,179.74,179.6801,138,179.7,6058,179.718662
2023-08-10 13:03:00+00:00,179.74,179.75,179.6702,113,179.69,7145,179.695953
2023-08-10 13:04:00+00:00,179.84,179.84,179.74,167,179.75,17987,179.781721
2023-08-10 13:05:00+00:00,179.8,179.84,179.787,127,179.84,7494,179.818218
2023-08-10 13:06:00+00:00,179.81,179.88,179.79,187,179.79,6607,179.834825
2023-08-10 13:07:00+00:00,179.69,179.82,179.69,236,179.82,5647,179.7508
2023-08-10 13:08:00+00:00,179.5,179.6893,179.48,230,179.66,7114,179.606717
2023-08-10 13:09:00+00:00,179.6,179.63,179.5398,174,179.54,6517,179.585856
2023-08-10 13:10:00+00:00,179.5,179.6,179.5,173,179.59,7862,179.564644
2023-08-10 13:11:00+00:00,179.49,179.5,179.44,127,179.49,5579,179.489391
2023-08-10 13:12:00+00:00,179.45,179.45,179.42,141,179.45,7431,179.446498
2023-08-10 13:13:00+00:00,179.28,179.45,179.28,216,179.44,12682,179.356396
2023-08-10 13:14:00+00:00,179.4,179.4,179.26,105,179.28,3914,179.31423
2023-08-10 13:15:00+00:00,179.41,179.41,179.4,84,179.4,3117,179.404294
2023-08-10 13:16:00+00:00,179.5,179.5,179.4,128,179.41,5223,179.436377
2023-08-10 13:17:00+00:00,179.4,179.53,179.4,226,179.5,12566,179.449973
2023-08-10 13:18:00+00:00,179.55,179.55,179.43,98,179.43,10456,179.49387
2023-08-10 13:19:00+00:00,179.41,179.56,179.41,115,179.54,4808,179.520474
2023-08-10 13:20:00+00:00,179.55,179.55,179.45,113,179.45,9619,179.461058
2023-08-10 13:21:00+00:00,179.47,179.58,179.4626,99,179.55,5343,179.532404
2023-08-10 13:22:00+00:00,179.38,179.47,179.38,135,179.46,4284,179.422373
2023-08-10 13:23:00+00:00,179.33,179.36,179.31,137,179.36,10845,179.339289
2023-08-10 13:24:00+00:00,179.36,179.36,179.25,163,179.34,3942,179.288595
2023-08-10 13:25:00+00:00,179.3,179.33,179.27,120,179.33,3286,179.304862
2023-08-10 13:26:00+00:00,179.38,179.38,179.2,149,179.22,4273,179.291137
2023-08-10 13:27:00+00:00,179.54,179.55,179.37,126,179.37,11374,179.47741
2023-08-10 13:28:00+00:00,179.45,179.5,179.42,127,179.5,8229,179.460859
2023-08-10 13:29:00+00:00,179.41,179.49,179.4,163,179.48,10820,179.443973
2023-08-10 13:30:00+00:00,179.18,179.69,178.86,8900,179.47,825237,179.304697
2023-08-10 13:31:00+00:00,179.62,179.6913,179.02,3515,179.1832,299929,179.428575
2023-08-10 13:32:00+00:00,179.19,179.8,179.19,3228,179.62,301788,179.619973
2023-08-10 13:33:00+00:00,179.34,179.44,179.08,2463,179.2,181841,179.25953
2023-08-10 13:34:00+00:00,179.6028,179.62,179.3225,1921,179.3446,149259,179.550875
2023-08-10 13:35:00+00:00,179.65,179.7213,179.5,2084,179.62,209304,179.628995
2023-08-10 13:36:00+00:00,179.62,179.66,179.34,2092,179.65,180521,179.50721
2023-08-10 13:37:00+00:00,179.815,179.905,179.6101,3048,179.625,318620,179.814149
2023-08-10 13:38:00+00:00,179.89,179.955,179.78,2165,179.8,221417,179.894123
2023-08-10 13:39:00+00:00,179.66,179.92,179.51,2876,179.89,211812,179.670693
2023-08-10 13:40:00+00:00,179.83,179.89,179.67,1862,179.67,142072,179.787353
2023-08-10 13:41:00+00:00,179.67,179.86,179.57,2052,179.83,163171,179.719068
2023-08-10 13:42:00+00:00,179.67,179.73,179.59,1821,179.69,166569,179.657337
2023-08-10 13:43:00+00:00,179.4682,179.695,179.35,2279,179.66,174335,179.525076
2023-08-10 13:44:00+00:00,179.4,179.5,179.36,1680,179.46,206301,179.442411
2023-08-10 13:45:00+00:00,179.7,179.71,179.42,2642,179.42,200965,179.58431
2023-08-10 13:46:00+00:00,179.92,179.99,179.665,4598,179.7,244814,179.872413
2023-08-10 13:47:00+00:00,179.818,180.03,179.75,5411,179.94,316276,179.892921
2023-08-10 13:48:00+00:00,179.94,180.0,179.82,3804,179.82,122482,179.914917
2023-08-10 13:49:00+00:00,179.8499,179.9461,179.81,3697,179.94,114989,179.857852
2023-08-10 13:50:00+00:00,179.81,179.87,179.715,3926,179.845,145791,179.77977
2023-08-10 13:51:00+00:00,179.86,179.97,179.7888,4086,179.81,136075,179.892054
2023-08-10 13:52:00+00:00,179.97,179.99,179.84,4081,179.86,188376,179.936281
2023-08-10 13:53:00+00:00,180.17,180.1892,179.89,4874,179.98,296687,180.030918
2023-08-10 13:54:00+00:00,180.235,180.26,180.01,4734,180.17,243670,180.143026
2023-08-10 13:55:00+00:00,180.2652,180.31,180.11,4996,180.24,308584,180.242275
2023-08-10 13:56:00+00:00,180.42,180.46,180.25,4559,180.265,277632,180.372328
2023-08-10 13:57:00+00:00,180.43,180.44,180.35,3941,180.4001,183953,180.403744
2023-08-10 13:58:00+00:00,180.47,180.54,180.4229,4829,180.4229,301215,180.484231
2023-08-10 13:59:00+00:00,180.55,180.58,180.45,4495,180.475,263970,180.517572
2023-08-10 14:00:00+00:00,180.69,180.75,180.555,5628,180.5596,309973,180.674516
2023-08-10 14:01:00+00:00,180.61,180.6999,180.57,4448,180.69,190655,180.619563
2023-08-10 14:02:00+00:00,180.66,180.71,180.52,4413,180.62,183588,180.609175
2023-08-10 14:03:00+00:00,180.59,180.67,180.57,3890,180.66,134525,180.614684
2023-08-10 14:04:00+00:00,180.525,180.6668,180.5201,3850,180.6,143029,180.591439
2023-08-10 14:05:00+00:00,180.47,180.56,180.45,4278,180.53,165367,180.508008
2023-08-10 14:06:00+00:00,180.42,180.6,180.3947,4351,180.49,196992,180.510974
2023-08-10 14:07:00+00:00,180.37,180.47,180.32,4174,180.43,183138,180.393778
2023-08-10 14:08:00+00:00,180.46,180.5,180.37,3678,180.37,153010,180.45129
2023-08-10 14:09:00+00:00,180.565,180.64,180.46,3808,180.465,185314,180.574342
2023-08-10 14:10:00+00:00,180.4131,180.58,180.41,3616,180.58,119060,180.495628
2023-08-10 14:11:00+00:00,180.3889,180.45,180.32,3694,180.4,117455,180.387628
2023-08-10 14:12:00+00:00,180.4,180.445,180.275,3975,180.3854,158106,180.349367
2023-08-10 14:13:00+00:00,180.33,180.44,180.25,3500,180.41,118338,180.349336
2023-08-10 14:14:00+00:00,180.29,180.34,180.24,3317,180.33,91983,180.300366
2023-08-10 14:15:00+00:00,180.2899,180.4,180.2644,3416,180.275,106918,180.332892
2023-08-10 14:16:00+00:00,180.28,180.3,180.19,3635,180.29,115831,180.242824
2023-08-10 14:17:00+00:00,180.455,180.475,180.29,3491,180.29,124117,180.408975
2023-08-10 14:18:00+00:00,180.28,180.52,180.25,3932,180.4599,148520,180.353427
2023-08-10 14:19:00+00:00,180.1801,180.29,180.14,3724,180.2889,127883,180.215788
2023-08-10 14:20:00+00:00,180.07,180.2,180.05,3822,180.18,122698,180.11206
2023-08-10 14:21:00+00:00,179.97,180.08,179.945,4667,180.079,189615,180.020089
2023-08-10 14:22:00+00:00,179.93,179.96,179.84,3705,179.95,164360,179.894138
2023-08-10 14:23:00+00:00,179.87,179.99,179.86,3462,179.9387,121088,179.921157
2023-08-10 14:24:00+00:00,180.09,180.1,179.85,3708,179.8675,171642,179.969316
2023-08-10 14:25:00+00:00,180.04,180.11,179.955,3686,180.095,127819,180.011129
2023-08-10 14:26:00+00:00,179.97,180.07,179.96,3671,180.045,118041,180.016237
2023-08-10 14:27:00+00:00,179.9399,180.04,179.92,3721,179.97,115560,179.972127
2023-08-10 14:28:00+00:00,179.95,180.0,179.85,3875,179.9362,132318,179.928423
2023-08-10 14:29:00+00:00,180.1,180.1,179.94,3392,179.9568,113140,180.012418
2023-08-10 14:30:00+00:00,180.2382,180.26,180.04,4593,180.098,227714,180.159716
2023-08-10 14:31:00+00:00,180.15,180.36,180.1,4078,180.24,203748,180.242275
2023-08-10 14:32:00+00:00,180.31,180.31,180.1243,3615,180.15,123770,180.238434
2023-08-10 14:33:00+00:00,180.325,180.38,180.26,3569,180.3091,135456,180.318586
2023-08-10 14:34:00+00:00,180.335,180.37,180.28,3097,180.33,88774,180.308925
2023-08-10 14:35:00+00:00,180.405,180.41,180.24,3389,180.335,123988,180.334667
2023-08-10 14:36:00+00:00,180.25,180.43,180.2319,3071,180.4,104129,180.318618
2023-08-10 14:37:00+00:00,180.03,180.25,179.995,2344,180.24,197107,180.092949
2023-08-10 14:38:00+00:00,179.88,180.06,179.871,2309,180.04,200598,179.951934
2023-08-10 14:39:00+00:00,179.94,179.96,179.8306,1554,179.87,105282,179.907591
2023-08-10 14:40:00+00:00,179.8625,179.925,179.79,1885,179.925,171284,179.848178
2023-08-10 14:41:00+00:00,179.7116,179.89,179.67,1800,179.86,125344,179.772214
2023-08-10 14:42:00+00:00,179.69,179.7,179.595,1842,179.7,163965,179.641784
2023-08-10 14:43:00+00:00,179.5899,179.73,179.5899,1318,179.69,109873,179.669012
2023-08-10 14:44:00+00:00,179.555,179.69,179.46,2027,179.59,161716,179.560373
2023-08-10 14:45:00+00:00,179.22,179.55,179.15,4070,179.55,348456,179.296142
2023-08-10 14:46:00+00:00,179.38,179.42,179.12,2260,179.21,251912,179.305657
2023-08-10 14:47:00+00:00,179.47,179.55,179.35,1909,179.38,164554,179.469644
2023-08-10 14:48:00+00:00,179.4701,179.57,179.44,1394,179.47,94659,179.503408
2023-08-10 14:49:00+00:00,179.36,179.48,179.34,1644,179.47,125082,179.389936
2023-08-10 14:50:00+00:00,179.33,179.49,179.3,1522,179.35,119443,179.399619
2023-08-10 14:51:00+00:00,179.3283,179.5,179.32,1767,179.32,166868,179.423486
2023-08-10 14:52:00+00:00,179.55,179.57,179.315,1708,179.3249,143146,179.434457
2023-08-10 14:53:00+00:00,179.54,179.59,179.52,1108,179.55,86033,179.557632
2023-08-10 14:54:00+00:00,179.57,179.61,179.5201,1575,179.53,139746,179.564831
2023-08-10 14:55:00+00:00,179.67,179.74,179.54,1569,179.56,146837,179.652429
2023-08-10 14:56:00+00:00,179.7,179.73,179.63,1019,179.67,109162,179.682436
2023-08-10 14:57:00+00:00,179.6981,179.7206,179.6,952,179.69,89420,179.671541
2023-08-10 14:58:00+00:00,179.69,179.7503,179.6525,1205,179.69,83156,179.707784
2023-08-10 14:59:00+00:00,179.5701,179.71,179.55,1321,179.7,103184,179.599204
2023-08-10 15:00:00+00:00,179.55,179.6,179.49,2387,179.58,209151,179.54406
2023-08-10 15:01:00+00:00,179.51,179.59,179.42,2210,179.54,191445,179.517732
2023-08-10 15:02:00+00:00,179.36,179.55,179.32,1380,179.51,106700,179.456586
2023-08-10 15:03:00+00:00,179.325,179.43,179.28,1027,179.36,70074,179.343047
2023-08-10 15:04:00+00:00,179.34,179.45,179.315,910,179.32,68800,179.38743
2023-08-10 15:05:00+00:00,179.24,179.36,179.08,2064,179.33,158036,179.175661
2023-08-10 15:06:00+00:00,179.24,179.315,179.19,1392,179.235,135088,179.26364
2023-08-10 15:07:00+00:00,179.39,179.4199,179.24,1217,179.24,98056,179.347324
2023-08-10 15:08:00+00:00,179.31,179.43,179.27,1417,179.39,117271,179.364282
2023-08-10 15:09:00+00:00,179.21,179.36,179.2,885,179.31,62262,179.302373
2023-08-10 15:10:00+00:00,179.1517,179.265,179.15,1183,179.21,91793,179.204746
2023-08-10 15:11:00+00:00,179.36,179.37,179.1,1120,179.1501,92391,179.213286
2023-08-10 15:12:00+00:00,179.32,179.3572,179.28,1027,179.355,70641,179.315925
2023-08-10 15:13:00+00:00,179.22,179.37,179.2,1063,179.335,77381,179.305624
2023-08-10 15:14:00+00:00,179.2199,179.345,179.15,928,179.2163,69294,179.240897
2023-08-10 15:15:00+00:00,179.185,179.215,179.05,1532,179.215,118088,179.102098
2023-08-10 15:16:00+00:00,179.06,179.23,179.0588,1178,179.18,87444,179.140759
2023-08-10 15:17:00+00:00,179.2217,179.24,179.06,894,179.0644,76969,179.169282
2023-08-10 15:18:00+00:00,179.1389,179.24,179.1288,915,179.225,87359,179.205721
2023-08-10 15:19:00+00:00,179.06,179.14,179.04,1057,179.1215,108114,179.085979
2023-08-10 15:20:00+00:00,178.82,179.07,178.78,4321,179.06,316774,178.902463
2023-08-10 15:21:00+00:00,178.88,178.92,178.805,1447,178.81,133001,178.86266
2023-08-10 15:22:00+00:00,178.87,178.9,178.775,1197,178.87,116365,178.836166
2023-08-10 15:23:00+00:00,178.711,178.87,178.7,1158,178.87,85316,178.775013
2023-08-10 15:24:00+00:00,178.81,178.8399,178.69,1629,178.71,145402,178.751598
2023-08-10 15:25:00+00:00,178.96,178.98,178.79,1727,178.795,201311,178.908381
2023-08-10 15:26:00+00:00,179.06,179.11,178.935,1825,178.95,203894,179.008934
2023-08-10 15:27:00+00:00,179.1,179.12,178.98,1316,179.065,151056,179.060776
2023-08-10 15:28:00+00:00,179.096,179.145,179.01,1275,179.1052,123084,179.080504
2023-08-10 15:29:00+00:00,179.14,179.14,179.05,1154,179.0948,135229,179.128631
2023-08-10 15:30:00+00:00,179.09,179.141,179.015,1109,179.14,87446,179.060992
2023-08-10 15:31:00+00:00,178.965,179.1,178.96,1145,179.09,83760,179.036011
2023-08-10 15:32:00+00:00,179.06,179.09,178.88,1176,178.96,117136,178.959798
2023-08-10 15:33:00+00:00,179.17,179.2199,179.05,1012,179.05,83092,179.138236
2023-08-10 15:34:00+00:00,179.36,179.37,179.17,1586,179.17,138889,179.297755
2023-08-10 15:35:00+00:00,179.41,179.43,179.26,1157,179.37,119276,179.344816
2023-08-10 15:36:00+00:00,179.3999,179.42,179.32,945,179.415,86062,179.368744
2023-08-10 15:37:00+00:00,179.3385,179.395,179.31,866,179.395,64201,179.358794
2023-08-10 15:38:00+00:00,179.3276,179.3682,179.305,698,179.33,56234,179.338336
2023-08-10 15:39:00+00:00,179.41,179.41,179.245,988,179.325,92856,179.316081
2023-08-10 15:40:00+00:00,179.38,179.44,179.31,932,179.41,84448,179.376609
2023-08-10 15:41:00+00:00,179.1201,179.4,179.11,1163,179.39,91711,179.252983
2023-08-10 15:42:00+00:00,179.16,179.21,178.98,1426,179.12,101363,179.088382
2023-08-10 15:43:00+00:00,178.958,179.195,178.94,980,179.17,84190,179.07147
2023-08-10 15:44:00+00:00,178.9,178.9487,178.82,1249,178.9487,112876,178.876805
2023-08-10 15:45:00+00:00,178.57,178.9099,178.56,2059,178.9099,156764,178.707446
2023-08-10 15:46:00+00:00,178.5,178.58,178.495,2269,178.57,188318,178.530763
2023-08-10 15:47:00+00:00,178.44,178.5699,178.435,1265,178.5,121065,178.495525
2023-08-10 15:48:00+00:00,178.485,178.54,178.41,1476,178.43,134538,178.494137
2023-08-10 15:49:00+00:00,178.4901,178.59,178.45,1127,178.48,91125,178.55441
2023-08-10 15:50:00+00:00,178.25,178.49,178.25,2055,178.48,170478,178.352931
2023-08-10 15:51:00+00:00,178.155,178.2582,178.09,3077,178.255,208389,178.185393
2023-08-10 15:52:00+00:00,178.07,178.2,178.04,1591,178.16,134221,178.11262
2023-08-10 15:53:00+00:00,178.2053,178.21,178.01,1614,178.06,161414,178.087992
2023-08-10 15:54:00+00:00,178.19,178.25,178.13,1207,178.2086,116945,178.191228
2023-08-10 15:55:00+00:00,178.0725,178.24,178.06,1330,178.19,109769,178.150475
2023-08-10 15:56:00+00:00,178.16,178.18,178.04,1055,178.08,112803,178.084598
2023-08-10 15:57:00+00:00,178.4,178.42,178.14,1678,178.16,187824,178.298951
2023-08-10 15:58:00+00:00,178.365,178.41,178.32,1443,178.4,115166,178.363091
2023-08-10 15:59:00+00:00,178.355,178.38,178.29,1379,178.36,106831,178.335997
2023-08-10 16:00:00+00:00,178.275,178.395,178.26,1124,178.35,79031,178.341235
2023-08-10 16:01:00+00:00,178.275,178.31,178.21,1191,178.28,97151,178.262208
2023-08-10 16:02:00+00:00,178.3801,178.41,178.2699,1157,178.27,82154,178.340369
2023-08-10 16:03:00+00:00,178.385,178.43,178.35,1018,178.395,103828,178.40351
2023-08-10 16:04:00+00:00,178.47,178.51,178.39,881,178.39,86562,178.460074
2023-08-10 16:05:00+00:00,178.49,178.5425,178.425,1137,178.475,103658,178.492273
2023-08-10 16:06:00+00:00,178.3898,178.51,178.3601,1106,178.485,94011,178.44669
2023-08-10 16:07:00+00:00,178.41,178.47,178.34,823,178.38,53236,178.407509
2023-08-10 16:08:00+00:00,178.365,178.4434,178.359,920,178.4,66316,178.403833
2023-08-10 16:09:00+00:00,178.36,178.375,178.285,913,178.365,77931,178.332871
2023-08-10 16:10:00+00:00,178.3899,178.44,178.31,830,178.36,56617,178.373053
2023-08-10 16:11:00+00:00,178.23,178.41,178.23,802,178.39,68132,178.311378
2023-08-10 16:12:00+00:00,178.3104,178.32,178.16,1136,178.23,92422,178.230467
2023-08-10 16:13:00+00:00,178.42,178.49,178.3,960,178.3106,99605,178.427175
2023-08-10 16:14:00+00:00,178.38,178.47,178.36,859,178.41,64098,178.41997
2023-08-10 16:15:00+00:00,178.28,178.3999,178.25,783,178.38,69609,178.308084
2023-08-10 16:16:00+00:00,178.39,178.42,178.28,666,178.28,51935,178.347649
2023-08-10 16:17:00+00:00,178.35,178.49,178.32,826,178.37,58951,178.411728
2023-08-10 16:18:00+00:00,178.45,178.5,178.34,666,178.34,81801,178.449245
2023-08-10 16:19:00+00:00,178.3603,178.46,178.34,1368,178.4559,119983,178.396826
2023-08-10 16:20:00+00:00,178.4189,178.47,178.2,1179,178.35,95207,178.33047
2023-08-10 16:21:00+00:00,178.4,178.47,178.32,804,178.435,85394,178.409924
2023-08-10 16:22:00+00:00,178.33,178.45,178.32,653,178.38,54879,178.385777
2023-08-10 16:23:00+00:00,178.4699,178.49,178.32,785,178.33,63289,178.416106
2023-08-10 16:24:00+00:00,178.39,178.46,178.32,858,178.46,91393,178.367824
2023-08-10 16:25:00+00:00,178.235,178.415,178.21,998,178.3701,96732,178.304744
2023-08-10 16:26:00+00:00,178.035,178.25,178.035,1535,178.235,119414,178.161046
2023-08-10 16:27:00+00:00,178.11,178.1199,177.97,4077,178.03,216732,178.017881
2023-08-10 16:28:00+00:00,178.185,178.2011,178.09,1082,178.1,102376,178.155836
2023-08-10 16:29:00+00:00,178.38,178.39,178.15,1477,178.18,151883,178.325974
2023-08-10 16:30:00+00:00,178.38,178.4,178.28,1045,178.36,97050,178.336943
2023-08-10 16:31:00+00:00,178.4355,178.505,178.38,1129,178.39,130232,178.442951
2023-08-10 16:32:00+00:00,178.455,178.5,178.33,899,178.435,107222,178.405506
2023-08-10 16:33:00+00:00,178.4,178.47,178.36,620,178.46,50269,178.428715
2023-08-10 16:34:00+00:00,178.43,178.4599,178.3993,593,178.4127,49743,178.416156
2023-08-10 16:35:00+00:00,178.3601,178.47,178.31,737,178.435,58687,178.388608
2023-08-10 16:36:00+00:00,178.325,178.4124,178.31,671,178.36,55674,178.354463
2023-08-10 16:37:00+00:00,178.605,178.6394,178.33,1045,178.33,132902,178.505391
2023-08-10 16:38:00+00:00,178.55,178.646,178.53,1163,178.6093,99644,178.596943
2023-08-10 16:39:00+00:00,178.68,178.7063,178.53,849,178.54,76268,178.623354
2023-08-10 16:40:00+00:00,178.68,178.71,178.595,1022,178.69,132630,178.671885
2023-08-10 16:41:00+00:00,178.61,178.71,178.57,870,178.699,86850,178.642244
2023-08-10 16:42:00+00:00,178.659,178.71,178.5801,745,178.61,60653,178.660639
2023-08-10 16:43:00+00:00,178.71,178.71,178.62,688,178.66,64871,178.661938
2023-08-10 16:44:00+00:00,178.73,178.74,178.6584,615,178.7,54235,178.700506
2023-08-10 16:45:00+00:00,178.749,178.7799,178.64,946,178.73,85572,178.710777
2023-08-10 16:46:00+00:00,178.8565,178.86,178.7437,953,178.75,87716,178.82031
2023-08-10 16:47:00+00:00,178.89,178.9,178.83,937,178.8536,105496,178.869668
2023-08-10 16:48:00+00:00,178.79,178.9199,178.76,1236,178.89,138583,178.858661
2023-08-10 16:49:00+00:00,178.81,178.86,178.74,593,178.79,63094,178.806937
2023-08-10 16:50:00+00:00,178.7119,178.81,178.67,836,178.81,53737,178.728313
2023-08-10 16:51:00+00:00,178.6293,178.75,178.605,661,178.71,52969,178.662436
2023-08-10 16:52:00+00:00,178.6215,178.65,178.53,784,178.64,71306,178.579755
2023-08-10 16:53:00+00:00,178.4387,178.62,178.43,813,178.62,62387,178.489083
2023-08-10 16:54:00+00:00,178.33,178.4599,178.26,1024,178.44,333317,178.465643
2023-08-10 16:55:00+00:00,178.24,178.34,178.21,816,178.31,55942,178.25218
2023-08-10 16:56:00+00:00,178.12,178.3,178.12,1057,178.2469,86820,178.197019
2023-08-10 16:57:00+00:00,178.08,178.16,178.06,1212,178.12,137653,178.114318
2023-08-10 16:58:00+00:00,177.96,178.0891,177.9,1859,178.0891,145201,177.985226
2023-08-10 16:59:00+00:00,177.97,177.98,177.85,1322,177.95,109398,177.918882
2023-08-10 17:00:00+00:00,178.035,178.06,177.86,1242,177.9637,145744,178.017596
2023-08-10 17:01:00+00:00,177.9299,178.04,177.9153,1005,178.02,98378,177.970464
2023-08-10 17:02:00+00:00,177.89,177.9659,177.89,869,177.92,77619,177.926386
2023-08-10 17:03:00+00:00,177.99,177.99,177.8,1542,177.88,150979,177.879974
2023-08-10 17:04:00+00:00,178.095,178.13,177.96,1150,177.9601,131000,178.067462
2023-08-10 17:05:00+00:00,178.32,178.32,178.09,1098,178.09,105175,178.182723
2023-08-10 17:06:00+00:00,178.08,178.34,178.08,1145,178.31,122005,178.26352
2023-08-10 17:07:00+00:00,178.2499,178.2583,178.06,641,178.08,61123,178.167287
2023-08-10 17:08:00+00:00,178.3488,178.382,178.19,806,178.2427,77040,178.299146
2023-08-10 17:09:00+00:00,178.37,178.38,178.2616,684,178.3463,58640,178.323545
2023-08-10 17:10:00+00:00,178.32,178.38,178.2784,649,178.363,46045,178.32432
2023-08-10 17:11:00+00:00,178.255,178.37,178.24,864,178.34,87995,178.289617
2023-08-10 17:12:00+00:00,178.3015,178.34,178.2,660,178.25,54005,178.287157
2023-08-10 17:13:00+00:00,178.3129,178.3595,178.2505,595,178.32,48046,178.317971
2023-08-10 17:14:00+00:00,178.3144,178.3911,178.28,558,178.33,46778,178.334925
2023-08-10 17:15:00+00:00,178.22,178.345,178.2,704,178.31,72411,178.259092
2023-08-10 17:16:00+00:00,178.349,178.349,178.1686,621,178.2,55368,178.253412
2023-08-10 17:17:00+00:00,178.28,178.3632,178.27,611,178.35,48271,178.315785
2023-08-10 17:18:00+00:00,178.19,178.28,178.18,657,178.27,56958,178.21977
2023-08-10 17:19:00+00:00,178.27,178.33,178.1701,818,178.19,79952,178.259738
2023-08-10 17:20:00+00:00,178.2,178.275,178.18,766,178.27,79051,178.22302
2023-08-10 17:21:00+00:00,178.04,178.2,178.01,935,178.2,101216,178.071404
2023-08-10 17:22:00+00:00,177.8599,178.05,177.85,1445,178.05,108676,177.947637
2023-08-10 17:23:00+00:00,178.03,178.03,177.86,1049,177.875,97376,177.944962
2023-08-10 17:24:00+00:00,178.0401,178.06,177.965,691,178.01,50832,178.012824
2023-08-10 17:25:00+00:00,178.01,178.075,177.985,615,178.05,41717,178.023695
2023-08-10 17:26:00+00:00,178.02,178.08,177.99,653,178.02,74681,178.027384
2023-08-10 17:27:00+00:00,177.99,178.08,177.97,895,178.02,76558,178.020547
2023-08-10 17:28:00+00:00,178.03,178.05,177.9,841,177.98,60112,177.968982
2023-08-10 17:29:00+00:00,178.045,178.09,178.0,663,178.0413,50882,178.03847
2023-08-10 17:30:00+00:00,177.93,178.04,177.86,1234,178.04,81927,177.933927
2023-08-10 17:31:00+00:00,177.9695,177.97,177.9,1084,177.92,71964,177.928303
2023-08-10 17:32:00+00:00,177.94,177.9853,177.88,902,177.97,75754,177.925335
2023-08-10 17:33:00+00:00,177.995,178.06,177.9206,893,177.93,68787,177.982112
2023-08-10 17:34:00+00:00,178.135,178.15,177.9481,1020,178.0,84496,178.081254
2023-08-10 17:35:00+00:00,178.01,178.1387,177.99,739,178.1387,55135,178.037485
2023-08-10 17:36:00+00:00,177.92,178.045,177.91,663,178.0,48185,177.970179
2023-08-10 17:37:00+00:00,177.95,177.96,177.88,732,177.91,45688,177.927815
2023-08-10 17:38:00+00:00,177.945,177.99,177.925,606,177.955,38548,177.954514
2023-08-10 17:39:00+00:00,178.015,178.05,177.94,604,177.94,45296,178.009555
2023-08-10 17:40:00+00:00,177.97,178.0499,177.968,633,178.015,48532,178.01181
2023-08-10 17:41:00+00:00,177.8,178.0,177.78,1389,177.96,86079,177.874587
2023-08-10 17:42:00+00:00,177.6579,177.8,177.61,2103,177.78,150226,177.704028
2023-08-10 17:43:00+00:00,177.74,177.76,177.64,917,177.6586,96804,177.699745
2023-08-10 17:44:00+00:00,177.84,177.86,177.72,987,177.73,104554,177.791031
2023-08-10 17:45:00+00:00,177.97,177.99,177.81,909,177.84,82161,177.893867
2023-08-10 17:46:00+00:00,178.08,178.08,177.95,1011,177.9889,93870,178.030043
2023-08-10 17:47:00+00:00,178.07,178.18,178.06,883,178.08,76095,178.119501
2023-08-10 17:48:00+00:00,178.03,178.13,178.02,962,178.085,83297,178.060519
2023-08-10 17:49:00+00:00,178.005,178.095,178.0,601,178.04,38546,178.057984
2023-08-10 17:50:00+00:00,178.1149,178.148,177.98,883,178.0,83486,178.070738
2023-08-10 17:51:00+00:00,178.15,178.19,178.08,793,178.11,61449,178.145966
2023-08-10 17:52:00+00:00,178.1885,178.1885,178.09,673,178.14,41976,178.131266
2023-08-10 17:53:00+00:00,178.075,178.1895,178.075,591,178.185,46415,178.136746
2023-08-10 17:54:00+00:00,178.0101,178.0799,177.98,874,178.075,101694,178.012562
2023-08-10 17:55:00+00:00,177.83,178.01,177.8138,1113,178.01,109495,177.890536
2023-08-10 17:56:00+00:00,177.75,177.85,177.74,992,177.82,116880,177.799327
2023-08-10 17:57:00+00:00,177.64,177.7899,177.6,1630,177.75,173264,177.680829
2023-08-10 17:58:00+00:00,177.6292,177.69,177.605,1028,177.64,120594,177.638449
2023-08-10 17:59:00+00:00,177.68,177.75,177.6,1054,177.625,93755,177.685212
2023-08-10 18:00:00+00:00,177.79,177.86,177.65,1135,177.69,118545,177.763075
2023-08-10 18:01:00+00:00,177.9,177.92,177.7292,948,177.78,86297,177.829231
2023-08-10 18:02:00+00:00,177.98,177.985,177.9,942,177.92,100860,177.944991
2023-08-10 18:03:00+00:00,178.0699,178.07,177.945,940,177.98,100035,177.994322
2023-08-10 18:04:00+00:00,178.05,178.08,177.98,774,178.05,89587,178.031269
2023-08-10 18:05:00+00:00,178.105,178.19,178.05,1620,178.05,230223,178.12352
2023-08-10 18:06:00+00:00,178.1511,178.1878,178.1043,984,178.11,100251,178.144936
2023-08-10 18:07:00+00:00,178.15,178.26,178.15,970,178.1652,92025,178.201854
2023-08-10 18:08:00+00:00,178.215,178.25,178.146,881,178.146,76390,178.20729
2023-08-10 18:09:00+00:00,178.18,178.25,178.17,654,178.21,111186,178.223262
2023-08-10 18:10:00+00:00,178.35,178.43,178.1702,1280,178.1741,145495,178.307543
2023-08-10 18:11:00+00:00,178.11,178.37,178.1,1057,178.36,124901,178.231852
2023-08-10 18:12:00+00:00,178.21,178.22,178.12,808,178.12,82306,178.166302
2023-08-10 18:13:00+00:00,178.22,178.26,178.15,713,178.21,73567,178.21247
2023-08-10 18:14:00+00:00,178.53,178.56,178.195,2788,178.2201,240183,178.410034
2023-08-10 18:15:00+00:00,178.61,178.6904,178.48,1439,178.51,130720,178.597963
2023-08-10 18:16:00+00:00,178.44,178.63,178.41,976,178.6,92732,178.547413
2023-08-10 18:17:00+00:00,178.46,178.4999,178.41,889,178.435,91246,178.45536
2023-08-10 18:18:00+00:00,178.3454,178.45,178.25,971,178.45,89184,178.323039
2023-08-10 18:19:00+00:00,178.322,178.38,178.27,683,178.35,72720,178.329117
2023-08-10 18:20:00+00:00,178.278,178.4101,178.2501,844,178.32,74887,178.34155
2023-08-10 18:21:00+00:00,178.3785,178.47,178.2863,779,178.29,66162,178.382898
2023-08-10 18:22:00+00:00,178.42,178.46,178.29,715,178.4,89516,178.402234
2023-08-10 18:23:00+00:00,178.48,178.5,178.4,698,178.42,63506,178.450424
2023-08-10 18:24:00+00:00,178.41,178.49,178.37,743,178.4787,70501,178.419658
2023-08-10 18:25:00+00:00,178.4,178.45,178.311,818,178.415,64577,178.378421
2023-08-10 18:26:00+00:00,178.23,178.48,178.21,880,178.39,76877,178.327
2023-08-10 18:27:00+00:00,178.29,178.3,178.13,986,178.23,86504,178.212137
2023-08-10 18:28:00+00:00,178.3612,178.42,178.27,857,178.29,95082,178.334351
2023-08-10 18:29:00+00:00,178.2351,178.38,178.22,751,178.36,76207,178.273694
2023-08-10 18:30:00+00:00,178.345,178.365,178.23,1321,178.24,187509,178.281029
2023-08-10 18:31:00+00:00,178.3,178.37,178.22,793,178.34,64205,178.313838
2023-08-10 18:32:00+00:00,178.29,178.34,178.2,716,178.32,72649,178.272962
2023-08-10 18:33:00+00:00,178.32,178.38,178.26,630,178.28,51042,178.312807
2023-08-10 18:34:00+00:00,178.155,178.32,178.15,1034,178.31,88923,178.207204
2023-08-10 18:35:00+00:00,178.05,178.2094,178.03,1100,178.17,106520,178.099906
2023-08-10 18:36:00+00:00,178.17,178.245,178.06,1004,178.06,81570,178.169129
2023-08-10 18:37:00+00:00,178.04,178.21,178.02,909,178.18,71670,178.116053
2023-08-10 18:38:00+00:00,178.1485,178.15,177.97,1410,178.03,137034,178.040876
2023-08-10 18:39:00+00:00,178.23,178.25,178.12,1061,178.14,118748,178.191088
2023-08-10 18:40:00+00:00,177.98,178.27,177.95,1009,178.24,83947,178.081775
2023-08-10 18:41:00+00:00,178.06,178.06,177.9034,990,177.99,86704,177.976333
2023-08-10 18:42:00+00:00,177.99,178.11,177.98,736,178.07,62575,178.044122
2023-08-10 18:43:00+00:00,178.07,178.09,177.97,646,177.98,54111,178.025103
2023-08-10 18:44:00+00:00,178.09,178.12,178.01,634,178.0791,53702,178.058927
2023-08-10 18:45:00+00:00,178.1201,178.18,178.07,858,178.095,72096,178.119245
2023-08-10 18:46:00+00:00,178.1,178.13,178.02,637,178.11,49229,178.087009
2023-08-10 18:47:00+00:00,178.37,178.375,177.98,1199,178.11,158748,178.174524
2023-08-10 18:48:00+00:00,178.32,178.415,178.22,995,178.37,114079,178.34308
2023-08-10 18:49:00+00:00,178.31,178.3599,178.23,747,178.31,74288,178.293868
2023-08-10 18:50:00+00:00,178.4555,178.5,178.23,1459,178.3199,158729,178.41694
2023-08-10 18:51:00+00:00,178.44,178.54,178.41,1002,178.45,165597,178.485649
2023-08-10 18:52:00+00:00,178.47,178.4899,178.35,747,178.4337,56932,178.430826
2023-08-10 18:53:00+00:00,178.4,178.489,178.395,758,178.465,75587,178.436563
2023-08-10 18:54:00+00:00,178.48,178.48,178.36,676,178.4,51785,178.422162
2023-08-10 18:55:00+00:00,178.51,178.55,178.38,932,178.48,101332,178.48667
2023-08-10 18:56:00+00:00,178.5349,178.56,178.4969,588,178.51,61982,178.523072
2023-08-10 18:57:00+00:00,178.59,178.61,178.4925,1079,178.53,103398,178.563232
2023-08-10 18:58:00+00:00,178.6,178.6,178.52,646,178.59,63244,178.567792
2023-08-10 18:59:00+00:00,178.615,178.64,178.57,799,178.59,79100,178.606627
2023-08-10 19:00:00+00:00,178.45,178.64,178.38,1050,178.62,126055,178.500186
2023-08-10 19:01:00+00:00,178.345,178.45,178.26,1175,178.45,89911,178.342103
2023-08-10 19:02:00+00:00,178.295,178.3643,178.22,784,178.36,79649,178.291741
2023-08-10 19:03:00+00:00,178.39,178.39,178.26,766,178.3,78587,178.320042
2023-08-10 19:04:00+00:00,178.4099,178.41,178.305,684,178.39,62826,178.363873
2023-08-10 19:05:00+00:00,178.36,178.45,178.33,912,178.41,82869,178.393928
2023-08-10 19:06:00+00:00,178.37,178.43,178.345,580,178.3539,48224,178.389334
2023-08-10 19:07:00+00:00,178.37,178.4,178.2962,691,178.39,53364,178.361592
2023-08-10 19:08:00+00:00,178.425,178.48,178.31,868,178.36,83319,178.418269
2023-08-10 19:09:00+00:00,178.4499,178.46,178.3787,473,178.43,38695,178.418085
2023-08-10 19:10:00+00:00,178.53,178.61,178.45,1002,178.45,97903,178.535374
2023-08-10 19:11:00+00:00,178.5097,178.5499,178.43,837,178.53,100308,178.491401
2023-08-10 19:12:00+00:00,178.535,178.58,178.5,713,178.505,64985,178.545948
2023-08-10 19:13:00+00:00,178.48,178.55,178.4501,674,178.54,71009,178.503778
2023-08-10 19:14:00+00:00,178.505,178.5399,178.38,1411,178.49,126743,178.459174
2023-08-10 19:15:00+00:00,178.57,178.59,178.43,886,178.51,81761,178.51709
2023-08-10 19:16:00+00:00,178.57,178.64,178.53,868,178.58,79640,178.582707
2023-08-10 19:17:00+00:00,178.6,178.6,178.49,852,178.58,81064,178.556598
2023-08-10 19:18:00+00:00,178.61,178.64,178.53,945,178.6,82677,178.591633
2023-08-10 19:19:00+00:00,178.65,178.66,178.6,914,178.61,86180,178.631284
2023-08-10 19:20:00+00:00,178.445,178.7,178.41,1401,178.655,148570,178.564082
2023-08-10 19:21:00+00:00,178.63,178.66,178.43,859,178.45,84759,178.549423
2023-08-10 19:22:00+00:00,178.54,178.67,178.51,955,178.6401,89064,178.578863
2023-08-10 19:23:00+00:00,178.505,178.5601,178.43,1162,178.5452,97508,178.483369
2023-08-10 19:24:00+00:00,178.46,178.55,178.4009,810,178.505,66152,178.449387
2023-08-10 19:25:00+00:00,178.3689,178.4587,178.285,1117,178.45,76602,178.360423
2023-08-10 19:26:00+00:00,178.32,178.4,178.29,873,178.37,64814,178.336855
2023-08-10 19:27:00+00:00,178.34,178.37,178.26,925,178.325,79379,178.305579
2023-08-10 19:28:00+00:00,178.205,178.38,178.17,1221,178.35,87215,178.255346
2023-08-10 19:29:00+00:00,178.22,178.2503,178.17,1019,178.21,97749,178.210735
2023-08-10 19:30:00+00:00,178.1883,178.235,178.135,1361,178.22,103416,178.172853
2023-08-10 19:31:00+00:00,178.175,178.27,178.17,1134,178.185,96382,178.207379
2023-08-10 19:32:00+00:00,178.1157,178.22,178.09,1678,178.175,211425,178.132217
2023-08-10 19:33:00+00:00,178.07,178.22,178.06,1209,178.11,94371,178.133732
2023-08-10 19:34:00+00:00,178.01,178.0842,178.0,1645,178.075,129997,178.03786
2023-08-10 19:35:00+00:00,177.985,178.05,177.955,1161,178.01,90518,178.000886
2023-08-10 19:36:00+00:00,177.9921,178.095,177.94,1460,177.985,152950,178.000502
2023-08-10 19:37:00+00:00,178.01,178.02,177.93,1106,177.99,86734,177.9762
2023-08-10 19:38:00+00:00,178.065,178.15,178.01,1318,178.02,148987,178.082226
2023-08-10 19:39:00+00:00,177.9704,178.1,177.95,961,178.07,77730,178.038355
2023-08-10 19:40:00+00:00,177.95,178.0001,177.91,1238,177.965,113388,177.959472
2023-08-10 19:41:00+00:00,177.975,178.04,177.92,1339,177.93,114967,177.968583
2023-08-10 19:42:00+00:00,177.834,177.975,177.834,1824,177.97,149037,177.89764
2023-08-10 19:43:00+00:00,177.86,177.94,177.8109,1617,177.8301,134645,177.867943
2023-08-10 19:44:00+00:00,177.82,177.95,177.82,1702,177.86,127313,177.877088
2023-08-10 19:45:00+00:00,177.77,177.86,177.72,2147,177.82,164409,177.790769
2023-08-10 19:46:00+00:00,177.83,177.87,177.76,1595,177.765,110109,177.815416
2023-08-10 19:47:00+00:00,177.995,178.04,177.83,1750,177.83,170711,177.940118
2023-08-10 19:48:00+00:00,177.87,178.05,177.86,2026,178.0,184112,177.982296
2023-08-10 19:49:00+00:00,177.84,177.9,177.81,1367,177.87,91830,177.850014
2023-08-10 19:50:00+00:00,177.905,177.93,177.75,2344,177.83,183111,177.8323
2023-08-10 19:51:00+00:00,177.9227,177.96,177.84,1674,177.91,122762,177.908444
2023-08-10 19:52:00+00:00,177.96,178.03,177.92,1803,177.92,144854,177.980713
2023-08-10 19:53:00+00:00,177.89,178.0391,177.88,1444,177.97,370874,178.000964
2023-08-10 19:54:00+00:00,177.9,178.05,177.8801,2449,177.9,200596,177.975948
2023-08-10 19:55:00+00:00,177.99,177.999,177.85,2449,177.8974,205636,177.908815
2023-08-10 19:56:00+00:00,178.0,178.075,177.985,1802,178.0,158809,178.028238
2023-08-10 19:57:00+00:00,177.98,178.04,177.96,2187,178.01,184685,178.007053
2023-08-10 19:58:00+00:00,178.05,178.11,177.98,2557,177.99,241584,178.05247
2023-08-10 19:59:00+00:00,178.01,178.1,177.92,7215,178.0474,809672,178.020153
2023-08-10 20:00:00+00:00,177.89,177.97,177.89,171,177.97,4318705,177.969929
2023-08-10 20:01:00+00:00,177.88,177.9,177.88,88,177.9,155156,177.968632
2023-08-10 20:02:00+00:00,177.87,177.8793,177.85,94,177.8793,65495,177.957874
2023-08-10 20:03:00+00:00,177.85,177.87,177.85,86,177.87,3500,177.853783
2023-08-10 20:04:00+00:00,177.82,177.85,177.8,71,177.85,1919,177.816561
2023-08-10 20:05:00+00:00,177.85,177.97,177.81,63,177.83,32949,177.931066
2023-08-10 20:06:00+00:00,177.87,177.97,177.86,52,177.87,32471,177.96241
2023-08-10 20:07:00+00:00,177.87,177.9,177.87,82,177.89,4048,177.885959
2023-08-10 20:08:00+00:00,177.9,177.9,177.89,56,177.89,2645,177.905177
2023-08-10 20:09:00+00:00,177.97,177.97,177.97,39,177.97,2500,177.953594
2023-08-10 20:10:00+00:00,177.9,177.93,177.9,37,177.9009,708,177.906624
2023-08-10 20:12:00+00:00,177.9099,177.9099,177.9099,38,177.9099,816,177.910392
2023-08-10 20:13:00+00:00,177.91,177.91,177.91,36,177.91,373,177.911917
2023-08-10 20:14:00+00:00,177.91,177.91,177.9,59,177.91,3041,177.905439
2023-08-10 20:15:00+00:00,177.91,177.91,177.91,32,177.91,1080,177.909537
2023-08-10 20:16:00+00:00,177.91,177.91,177.89,45,177.91,1604,177.907865
2023-08-10 20:17:00+00:00,177.97,177.97,177.91,32,177.91,3819,177.920273
2023-08-10 20:18:00+00:00,177.92,177.92,177.92,31,177.92,374,177.921512
2023-08-10 20:19:00+00:00,177.94,177.95,177.94,26,177.95,1063,177.945945
2023-08-10 20:20:00+00:00,177.96,177.96,177.94,31,177.94,1357,177.953052
2023-08-10 20:21:00+00:00,177.9401,177.96,177.9401,35,177.96,1370,177.950855
2023-08-10 20:23:00+00:00,177.9401,177.9401,177.9401,25,177.9401,1156,177.955646
2023-08-10 20:24:00+00:00,177.95,177.95,177.94,38,177.94,9681,177.949405
2023-08-10 20:25:00+00:00,177.95,177.95,177.93,40,177.93,797,177.941518
2023-08-10 20:27:00+00:00,177.93,177.9499,177.93,21,177.9499,2335,177.960152
2023-08-10 20:28:00+00:00,177.97,177.97,177.95,34,177.95,3422,177.950925
2023-08-10 20:29:00+00:00,177.97,177.97,177.96,36,177.96,2359,177.966838
2023-08-10 20:30:00+00:00,177.97,178.0,177.97,29,177.97,1040,177.975514
2023-08-10 20:31:00+00:00,178.0,178.0,177.97,41,177.97,1253,177.989984
2023-08-10 20:32:00+00:00,177.97,177.98,177.97,25,177.98,404,177.977176
2023-08-10 20:34:00+00:00,178.04,178.04,178.0,37,178.0,2019,178.021548
2023-08-10 20:35:00+00:00,178.05,178.05,178.05,23,178.05,791,178.047513
2023-08-10 20:36:00+00:00,178.04,178.05,178.03,49,178.03,2695,178.045004
2023-08-10 20:37:00+00:00,178.01,178.04,178.01,36,178.04,1349,178.027835
2023-08-10 20:38:00+00:00,178.04,178.04,177.97,31,177.97,9132,177.975484
2023-08-10 20:39:00+00:00,178.04,178.04,178.03,41,178.04,1862,178.037121
2023-08-10 20:40:00+00:00,178.01,178.01,178.01,38,178.01,472,178.016938
2023-08-10 20:41:00+00:00,178.01,178.01,178.01,15,178.01,564,178.011099
2023-08-10 20:42:00+00:00,178.01,178.01,178.01,33,178.01,578,178.014484
2023-08-10 20:43:00+00:00,178.06,178.06,178.03,32,178.03,495,178.035714
2023-08-10 20:44:00+00:00,178.06,178.06,178.06,19,178.06,314,178.058637
2023-08-10 20:45:00+00:00,178.07,178.07,178.05,24,178.05,788,178.054201
2023-08-10 20:46:00+00:00,178.07,178.07,178.05,46,178.0698,3191,178.063034
2023-08-10 20:47:00+00:00,178.06,178.09,178.06,23,178.08,939,178.082792
2023-08-10 20:49:00+00:00,178.05,178.08,178.05,28,178.08,369,178.061096
2023-08-10 20:50:00+00:00,178.07,178.07,178.0699,19,178.0699,434,178.068157
2023-08-10 20:51:00+00:00,178.09,178.09,177.97,24,177.97,51786,177.970983
2023-08-10 20:52:00+00:00,178.06,178.06,178.06,18,178.06,406,178.060567
2023-08-10 20:53:00+00:00,178.0501,178.07,178.0501,24,178.07,1231,178.05569
2023-08-10 20:54:00+00:00,178.05,178.0507,178.05,20,178.05,4824,178.05021
2023-08-10 20:55:00+00:00,178.07,178.07,178.06,26,178.06,697,178.063958
2023-08-10 20:56:00+00:00,178.06,178.06,178.06,27,178.06,230,178.065127
2023-08-10 20:57:00+00:00,178.06,178.1,178.06,34,178.07,1903,178.088079
2023-08-10 20:58:00+00:00,178.08,178.08,178.08,14,178.08,367,178.078842
2023-08-10 20:59:00+00:00,178.06,178.1,178.06,34,178.1,1414,178.070382
2023-08-10 21:01:00+00:00,178.04,178.0501,178.0,93,178.0501,2284,178.042162
2023-08-10 21:03:00+00:00,178.03,178.04,178.03,30,178.04,553,178.036284
2023-08-10 21:04:00+00:00,178.03,178.04,178.03,14,178.04,489,178.034697
2023-08-10 21:05:00+00:00,178.02,178.03,178.02,23,178.03,1021,178.022684
2023-08-10 21:07:00+00:00,178.0,178.01,178.0,35,178.0,2382,178.002903
2023-08-10 21:08:00+00:00,178.0,178.01,178.0,13,178.01,354,175.148918
2023-08-10 21:11:00+00:00,178.03,178.03,178.02,18,178.02,441,178.024739
2023-08-10 21:13:00+00:00,178.02,178.03,178.0109,19,178.0109,457,178.018545
2023-08-10 21:15:00+00:00,178.04,178.04,178.0121,18,178.0147,902,178.018402
2023-08-10 21:18:00+00:00,178.04,178.04,178.04,23,178.04,667,178.03981
2023-08-10 21:19:00+00:00,178.03,178.0396,178.03,20,178.0396,871,178.031855
2023-08-10 21:20:00+00:00,178.03,178.03,178.03,36,178.03,1001,178.031543
2023-08-10 21:22:00+00:00,178.03,178.03,178.02,10,178.02,686,178.027383
2023-08-10 21:24:00+00:00,178.03,178.03,178.0201,30,178.0201,1687386,177.970059
2023-08-10 21:25:00+00:00,178.03,178.03,178.03,21,178.03,216,178.030891
2023-08-10 21:26:00+00:00,178.04,178.04,178.03,19,178.03,872,178.036084
2023-08-10 21:27:00+00:00,178.04,178.04,178.04,25,178.04,520,178.039658
2023-08-10 21:28:00+00:00,178.009,178.04,178.009,56,178.04,1332,178.031857
2023-08-10 21:31:00+00:00,178.0,178.0,178.0,13,178.0,1111,178.002205
2023-08-10 21:33:00+00:00,178.0,178.0,178.0,28,178.0,316,178.006837
2023-08-10 21:35:00+00:00,178.0,178.0,178.0,20,178.0,355,178.002042
2023-08-10 21:36:00+00:00,178.0,178.0295,178.0,16,178.0295,406,178.018079
2023-08-10 21:37:00+00:00,178.0,178.0,178.0,11,178.0,381,178.003743
2023-08-10 21:39:00+00:00,178.07,178.07,178.03,18,178.03,599,178.050551
2023-08-10 21:41:00+00:00,178.05,178.05,178.05,44,178.05,535,178.045533
2023-08-10 21:42:00+00:00,178.05,178.05,178.05,28,178.05,753,178.04676
2023-08-10 21:43:00+00:00,178.0,178.0011,178.0,51,178.0011,1945,178.001406
2023-08-10 21:46:00+00:00,178.06,178.06,178.06,23,178.06,717,178.059498
2023-08-10 21:47:00+00:00,178.08,178.1,178.07,23,178.07,1524,178.088064
2023-08-10 21:48:00+00:00,178.1,178.1,178.1,9,178.1,127,178.100953
2023-08-10 21:49:00+00:00,178.1,178.12,178.1,20,178.1,1537,178.106516
2023-08-10 21:50:00+00:00,178.07,178.07,178.07,15,178.07,333,178.071862
2023-08-10 21:52:00+00:00,178.05,178.05,178.05,57,178.05,338,178.063389
2023-08-10 21:55:00+00:00,178.08,178.08,178.05,18,178.05,326,178.071166
2023-08-10 21:58:00+00:00,178.0801,178.0801,178.08,15,178.08,242,178.080397
2023-08-10 22:00:00+00:00,178.15,178.15,178.14,53,178.14,2020,178.134
2023-08-10 22:02:00+00:00,178.2,178.2,178.0925,30,178.1,2910,178.155002
2023-08-10 22:03:00+00:00,178.23,178.23,178.19,34,178.19,1040,178.201582
2023-08-10 22:04:00+00:00,178.17,178.25,178.17,26,178.25,1008,178.220703
2023-08-10 22:06:00+00:00,178.1,178.1,178.1,13,178.1,1531,178.101234
2023-08-10 22:10:00+00:00,178.23,178.23,178.17,42,178.17,1674,178.19253
2023-08-10 22:11:00+00:00,178.2,178.22,178.2,20,178.22,715,178.207357
2023-08-10 22:13:00+00:00,178.25,178.25,178.23,21,178.23,1394,178.235925
2023-08-10 22:14:00+00:00,178.25,178.25,178.2102,39,178.2102,8264,178.249209
2023-08-10 22:15:00+00:00,178.25,178.25,178.25,12,178.25,218,178.259908
2023-08-10 22:17:00+00:00,178.24,178.24,178.21,29,178.23,1216,178.221036
2023-08-10 22:20:00+00:00,178.2,178.2,178.2,12,178.2,745,178.200336
2023-08-10 22:22:00+00:00,178.2,178.2,178.2,38,178.2,946,178.198081
2023-08-10 22:24:00+00:00,178.13,178.13,178.13,40,178.13,464,178.143836
2023-08-10 22:25:00+00:00,178.16,178.16,178.16,8,178.16,933,178.160043
2023-08-10 22:27:00+00:00,178.2,178.2,178.2,12,178.2,515,178.199068
2023-08-10 22:28:00+00:00,178.2,178.2,178.2,14,178.2,667,178.196012
2023-08-10 22:29:00+00:00,178.2,178.2,178.2,21,178.2,4004,178.199811
2023-08-10 22:30:00+00:00,178.22,178.22,178.22,18,178.22,220,178.216227
2023-08-10 22:31:00+00:00,178.2,178.2,178.2,17,178.2,464,178.198836
2023-08-10 22:33:00+00:00,178.19,178.19,178.19,15,178.19,122,178.189303
2023-08-10 22:34:00+00:00,178.24,178.24,178.2,21,178.2,437,178.224943
2023-08-10 22:37:00+00:00,178.25,178.25,178.25,21,178.25,376,178.247579
2023-08-10 22:45:00+00:00,178.27,178.27,178.26,26,178.26,707,178.255771
2023-08-10 22:47:00+00:00,178.2689,178.2689,178.2689,13,178.2689,588,178.262491
2023-08-10 22:48:00+00:00,178.2691,178.2691,178.23,8,178.23,1122,178.264947
2023-08-10 22:49:00+00:00,178.26,178.26,178.26,18,178.26,342,178.253208
2023-08-10 22:50:00+00:00,178.29,178.29,178.29,22,178.29,401,178.286022
2023-08-10 22:51:00+00:00,178.27,178.27,178.27,13,178.27,268,178.261045
2023-08-10 22:52:00+00:00,178.25,178.25,178.25,7,178.25,1796,178.2501
2023-08-10 22:53:00+00:00,178.23,178.2373,178.23,13,178.2373,305,178.238525
2023-08-10 22:54:00+00:00,178.26,178.27,178.26,12,178.27,232,178.261875
2023-08-10 22:55:00+00:00,178.2589,178.2589,178.24,13,178.24,5068,178.257715
2023-08-10 22:56:00+00:00,178.26,178.26,178.26,8,178.26,320,178.259641
2023-08-10 22:57:00+00:00,178.26,178.26,178.26,21,178.26,624,178.25984
2023-08-10 22:58:00+00:00,178.24,178.24,178.24,16,178.24,481,178.241788
2023-08-10 23:00:00+00:00,178.24,178.24,178.24,12,178.24,200,178.2449
2023-08-10 23:01:00+00:00,178.24,178.2401,178.24,12,178.2401,723,178.239926
2023-08-10 23:03:00+00:00,178.22,178.22,178.22,15,178.22,165,178.225333
2023-08-10 23:04:00+00:00,178.22,178.22,178.22,17,178.22,549,178.223497
2023-08-10 23:09:00+00:00,178.16,178.16,178.16,11,178.16,200,178.167075
2023-08-10 23:13:00+00:00,178.22,178.23,178.22,17,178.23,982,178.225081
2023-08-10 23:14:00+00:00,178.23,178.23,178.23,15,178.23,1431,178.229969
2023-08-10 23:15:00+00:00,178.24,178.24,178.24,16,178.24,452,178.241073
2023-08-10 23:17:00+00:00,178.32,178.32,178.2614,38,178.3,1092,178.293123
2023-08-10 23:21:00+00:00,178.32,178.32,178.32,8,178.32,1085,178.319668
2023-08-10 23:22:00+00:00,178.3,178.3,178.3,15,178.3,604,178.300199
2023-08-10 23:23:00+00:00,178.3,178.3,178.3,7,178.3,136,178.298456
2023-08-10 23:25:00+00:00,178.34,178.34,178.28,44,178.28,1233,178.304193
2023-08-10 23:27:00+00:00,178.3,178.3,178.3,14,178.3,225,178.299889
2023-08-10 23:28:00+00:00,178.39,178.39,178.34,33,178.35,4389,178.363018
2023-08-10 23:29:00+00:00,178.4,178.4,178.4,9,178.4,151,178.394536
2023-08-10 23:30:00+00:00,178.35,178.35,178.35,20,178.35,344,178.348692
2023-08-10 23:32:00+00:00,178.42,178.42,178.38,29,178.38,2617,178.400409
2023-08-10 23:33:00+00:00,178.36,178.44,178.36,19,178.44,1486,178.390397
2023-08-10 23:34:00+00:00,178.44,178.44,178.44,13,178.44,158,178.425411
2023-08-10 23:35:00+00:00,178.37,178.37,178.37,10,178.37,156,178.381346
2023-08-10 23:37:00+00:00,178.44,178.44,178.44,14,178.44,365,178.422384
2023-08-10 23:38:00+00:00,178.35,178.35,178.35,21,178.35,566,178.360557
2023-08-10 23:40:00+00:00,178.38,178.38,178.38,9,178.38,545,178.379596
2023-08-10 23:41:00+00:00,178.38,178.38,178.38,13,178.38,278,178.387446
2023-08-10 23:43:00+00:00,178.4,178.4,178.4,14,178.4,784,178.394643
2023-08-10 23:45:00+00:00,178.4,178.4,178.4,17,178.4,1635,178.40059
2023-08-10 23:48:00+00:00,178.4,178.42,178.4,15,178.42,691,178.405065
2023-08-10 23:49:00+00:00,178.45,178.45,178.42,34,178.42,1694,178.4258
2023-08-10 23:50:00+00:00,178.48,178.48,178.38,35,178.38,928,178.454348
2023-08-10 23:51:00+00:00,178.45,178.45,178.45,13,178.45,300,178.4357
2023-08-10 23:52:00+00:00,178.45,178.45,178.42,22,178.42,403,178.429355
2023-08-10 23:53:00+00:00,178.41,178.45,178.41,20,178.45,467,178.426713
2023-08-10 23:54:00+00:00,178.41,178.41,178.41,23,178.41,509,178.427898
2023-08-10 23:55:00+00:00,178.45,178.45,178.44,17,178.44,1861,178.448211
2023-08-10 23:56:00+00:00,178.47,178.48,178.41,19,178.41,1541,178.466321
2023-08-10 23:57:00+00:00,178.48,178.48,178.48,25,178.48,780,178.474378
2023-08-10 23:58:00+00:00,178.48,178.48,178.45,32,178.48,1184,178.465773
2023-08-10 23:59:00+00:00,178.43,178.43,178.43,29,178.43,831,178.435454
