timestamp,close,high,low,trade_count,open,volume,vwap
2023-05-24 08:00:00+00:00,171.24,171.49,171.24,62,171.49,1341,171.392513
2023-05-24 08:01:00+00:00,171.14,171.2,171.1,47,171.2,1559,171.152912
2023-05-24 08:02:00+00:00,171.08,171.25,171.08,70,171.14,5393,171.138118
2023-05-24 08:03:00+00:00,171.12,171.14,171.12,17,171.14,703,171.130085
2023-05-24 08:04:00+00:00,171.14,171.14,171.14,24,171.14,1323,171.175548
2023-05-24 08:05:00+00:00,171.3,171.3,171.28,35,171.3,3293,171.290659
2023-05-24 08:06:00+00:00,171.3,171.33,171.3,24,171.3,1263,171.314141
2023-05-24 08:12:00+00:00,171.2,171.2,171.2,43,171.2,2767,171.196126
2023-05-24 08:14:00+00:00,171.13,171.13,171.1,10,171.13,752,171.122447
2023-05-24 08:16:00+00:00,171.13,171.13,171.13,14,171.13,256,171.130391
2023-05-24 08:17:00+00:00,171.13,171.13,171.13,3,171.13,358,171.130112
2023-05-24 08:19:00+00:00,171.15,171.19,171.15,14,171.19,852,171.163063
2023-05-24 08:20:00+00:00,171.15,171.15,171.13,7,171.13,606,171.141089
2023-05-24 08:22:00+00:00,171.15,171.15,171.15,10,171.15,497,171.139054
2023-05-24 08:23:00+00:00,171.19,171.2,171.14,31,171.14,2578,171.152998
2023-05-24 08:26:00+00:00,171.1,171.12,171.1,26,171.12,2229,171.102732
2023-05-24 08:27:00+00:00,171.1,171.1,171.1,11,171.1,796,171.101093
2023-05-24 08:28:00+00:00,171.15,171.15,171.14,14,171.14,661,171.141997
2023-05-24 08:29:00+00:00,171.15,171.15,171.15,10,171.15,810,171.15
2023-05-24 08:31:00+00:00,171.2,171.2,171.2,21,171.2,628,171.219745
2023-05-24 08:32:00+00:00,171.29,171.39,171.28,34,171.28,1923,171.309418
2023-05-24 08:34:00+00:00,171.29,171.29,171.29,3,171.29,403,171.28737
2023-05-24 08:35:00+00:00,171.29,171.29,171.29,7,171.29,417,171.290096
2023-05-24 08:45:00+00:00,171.29,171.29,171.28,13,171.28,1340,171.287649
2023-05-24 08:49:00+00:00,171.25,171.25,171.25,5,171.25,656,171.250183
2023-05-24 08:51:00+00:00,171.25,171.25,171.25,25,171.25,791,171.277358
2023-05-24 08:52:00+00:00,171.29,171.29,171.29,15,171.29,524,171.29166
2023-05-24 08:53:00+00:00,171.33,171.33,171.33,5,171.33,218,171.314862
2023-05-24 08:55:00+00:00,171.33,171.33,171.33,7,171.33,267,171.324494
2023-05-24 08:56:00+00:00,171.33,171.33,171.33,14,171.33,774,171.329793
2023-05-24 08:58:00+00:00,171.32,171.32,171.32,2,171.32,103,171.32
2023-05-24 09:00:00+00:00,171.28,171.3,171.25,18,171.25,1193,171.270226
2023-05-24 09:01:00+00:00,171.33,171.33,171.33,16,171.33,763,171.331691
2023-05-24 09:02:00+00:00,171.44,171.44,171.35,33,171.38,1302,171.378625
2023-05-24 09:03:00+00:00,171.43,171.43,171.43,9,171.43,277,171.430397
2023-05-24 09:04:00+00:00,171.39,171.39,171.39,8,171.39,350,171.390857
2023-05-24 09:06:00+00:00,171.43,171.43,171.43,18,171.43,795,171.426629
2023-05-24 09:07:00+00:00,171.41,171.41,171.41,5,171.41,270,171.396593
2023-05-24 09:08:00+00:00,171.42,171.42,171.4,16,171.4,790,171.416911
2023-05-24 09:10:00+00:00,171.39,171.39,171.39,18,171.39,273,171.386044
2023-05-24 09:17:00+00:00,171.38,171.38,171.36,8,171.36,425,171.372847
2023-05-24 09:19:00+00:00,171.36,171.38,171.34,18,171.36,1091,171.360962
2023-05-24 09:21:00+00:00,171.35,171.35,171.35,12,171.35,565,171.352549
2023-05-24 09:22:00+00:00,171.3,171.3,171.3,6,171.3,219,171.326393
2023-05-24 09:25:00+00:00,171.39,171.39,171.39,5,171.39,589,171.387131
2023-05-24 09:39:00+00:00,171.37,171.37,171.37,8,171.37,215,171.370372
2023-05-24 09:52:00+00:00,171.32,171.32,171.32,11,171.32,250,171.31864
2023-05-24 09:53:00+00:00,171.38,171.38,171.38,5,171.38,417,171.373669
2023-05-24 09:56:00+00:00,171.34,171.38,171.34,6,171.35,426,171.360235
2023-05-24 10:00:00+00:00,171.2,171.22,171.2,40,171.21,2485,171.21503
2023-05-24 10:01:00+00:00,171.33,171.33,171.19,93,171.2,4517,171.230553
2023-05-24 10:07:00+00:00,171.19,171.19,171.19,16,171.19,293,171.199147
2023-05-24 10:08:00+00:00,171.12,171.18,171.12,35,171.18,712,171.15823
2023-05-24 10:10:00+00:00,171.11,171.13,171.1,58,171.13,2808,171.114519
2023-05-24 10:11:00+00:00,171.09,171.09,171.08,16,171.09,1330,171.090105
2023-05-24 10:14:00+00:00,171.12,171.12,171.12,12,171.12,661,171.118487
2023-05-24 10:15:00+00:00,171.02,171.09,171.01,39,171.09,2704,171.05703
2023-05-24 10:16:00+00:00,171.07,171.1,171.07,31,171.1,1561,171.071704
2023-05-24 10:17:00+00:00,171.05,171.05,171.05,13,171.05,591,171.058849
2023-05-24 10:18:00+00:00,170.97,171.08,170.97,164,171.06,3407,171.014147
2023-05-24 10:19:00+00:00,171.0,171.0,171.0,13,171.0,1076,171.0
2023-05-24 10:20:00+00:00,171.0,171.0,171.0,26,171.0,1057,170.996518
2023-05-24 10:21:00+00:00,170.91,170.91,170.91,30,170.91,492,170.904736
2023-05-24 10:23:00+00:00,170.87,170.87,170.87,11,170.87,271,170.868782
2023-05-24 10:24:00+00:00,170.91,170.92,170.91,36,170.91,1268,170.923715
2023-05-24 10:25:00+00:00,170.92,170.92,170.92,5,170.92,132,170.92553
2023-05-24 10:26:00+00:00,170.87,170.87,170.87,12,170.87,346,170.877775
2023-05-24 10:30:00+00:00,170.92,170.92,170.92,14,170.92,560,170.923911
2023-05-24 10:32:00+00:00,170.91,170.91,170.91,7,170.91,805,170.910857
2023-05-24 10:33:00+00:00,170.89,170.9,170.89,14,170.89,1377,170.891496
2023-05-24 10:34:00+00:00,170.88,170.9,170.88,9,170.9,705,170.888284
2023-05-24 10:36:00+00:00,170.9,170.91,170.9,13,170.91,675,170.906844
2023-05-24 10:38:00+00:00,170.92,170.92,170.92,20,170.92,1837,170.920506
2023-05-24 10:39:00+00:00,170.97,170.97,170.89,95,170.95,6981,170.956405
2023-05-24 10:43:00+00:00,171.0,171.0,171.0,36,171.0,953,170.998363
2023-05-24 10:44:00+00:00,171.0,171.0,171.0,21,171.0,1832,170.999989
2023-05-24 10:45:00+00:00,171.0,171.09,171.0,33,171.0,1601,171.013916
2023-05-24 10:47:00+00:00,171.0,171.0,171.0,11,171.0,269,171.0
2023-05-24 10:48:00+00:00,171.01,171.01,171.0,7,171.0,606,170.997937
2023-05-24 10:50:00+00:00,170.92,170.92,170.92,10,170.92,458,170.919978
2023-05-24 10:51:00+00:00,170.97,170.97,170.97,2,170.97,105,170.969524
2023-05-24 10:53:00+00:00,170.91,170.91,170.91,3,170.91,102,170.91098
2023-05-24 10:57:00+00:00,170.95,170.95,170.95,7,170.95,263,170.951065
2023-05-24 11:00:00+00:00,171.1,171.1,170.98,151,170.98,4834,171.025037
2023-05-24 11:01:00+00:00,171.13,171.15,171.1,63,171.1,4712,171.102668
2023-05-24 11:02:00+00:00,171.1,171.15,171.1,61,171.15,9312,171.102258
2023-05-24 11:05:00+00:00,171.09,171.1,171.09,18,171.1,1331,171.094177
2023-05-24 11:06:00+00:00,171.05,171.05,171.05,11,171.05,418,171.059689
2023-05-24 11:07:00+00:00,171.02,171.02,171.02,36,171.02,1612,171.023431
2023-05-24 11:08:00+00:00,171.0,171.0,171.0,81,171.0,2035,171.000506
2023-05-24 11:09:00+00:00,170.9,171.01,170.9,68,171.01,1920,170.959396
2023-05-24 11:10:00+00:00,170.71,170.9,170.71,166,170.9,5953,170.787885
2023-05-24 11:11:00+00:00,170.66,170.77,170.66,58,170.77,1734,170.709245
2023-05-24 11:12:00+00:00,170.65,170.69,170.65,29,170.68,1966,170.673164
2023-05-24 11:13:00+00:00,170.63,170.63,170.63,34,170.63,745,170.630564
2023-05-24 11:14:00+00:00,170.6,170.6,170.59,32,170.6,2064,170.595426
2023-05-24 11:15:00+00:00,170.6,170.6,170.57,34,170.57,2971,170.599647
2023-05-24 11:16:00+00:00,170.7,170.7,170.7,35,170.7,1211,170.684393
2023-05-24 11:17:00+00:00,170.7,170.7,170.63,41,170.63,1923,170.670307
2023-05-24 11:18:00+00:00,170.76,170.86,170.75,67,170.75,3435,170.772576
2023-05-24 11:19:00+00:00,170.75,170.75,170.75,23,170.75,1423,170.740907
2023-05-24 11:22:00+00:00,170.65,170.68,170.65,31,170.66,1324,170.653376
2023-05-24 11:23:00+00:00,170.6,170.65,170.6,79,170.65,7748,170.625843
2023-05-24 11:24:00+00:00,170.74,170.74,170.71,28,170.71,1014,170.713895
2023-05-24 11:28:00+00:00,170.65,170.65,170.65,14,170.65,560,170.650393
2023-05-24 11:30:00+00:00,170.68,170.68,170.68,11,170.68,682,170.675499
2023-05-24 11:31:00+00:00,170.64,170.7,170.64,65,170.68,2784,170.675629
2023-05-24 11:33:00+00:00,170.7,170.74,170.7,16,170.74,659,170.707223
2023-05-24 11:34:00+00:00,170.68,170.68,170.68,19,170.68,582,170.693041
2023-05-24 11:37:00+00:00,170.72,170.73,170.72,12,170.73,663,170.721508
2023-05-24 11:38:00+00:00,170.7,170.7,170.7,12,170.7,703,170.7
2023-05-24 11:39:00+00:00,170.73,170.73,170.73,6,170.73,570,170.72893
2023-05-24 11:40:00+00:00,170.72,170.73,170.72,12,170.73,1085,170.725106
2023-05-24 11:42:00+00:00,170.73,170.73,170.71,15,170.71,1026,170.717563
2023-05-24 11:43:00+00:00,170.8,170.8,170.73,26,170.73,3665,170.751367
2023-05-24 11:44:00+00:00,170.81,170.82,170.81,28,170.82,939,170.820277
2023-05-24 11:45:00+00:00,170.72,170.79,170.72,42,170.79,1516,170.73504
2023-05-24 11:46:00+00:00,170.7,170.71,170.69,40,170.71,5722,170.700668
2023-05-24 11:47:00+00:00,170.7,170.71,170.68,190,170.7,2879,170.702852
2023-05-24 11:48:00+00:00,170.65,170.68,170.65,28,170.68,1554,170.67027
2023-05-24 11:49:00+00:00,170.65,170.65,170.65,17,170.65,154,170.643636
2023-05-24 11:50:00+00:00,170.63,170.63,170.63,22,170.63,587,170.632027
2023-05-24 11:51:00+00:00,170.64,170.66,170.62,57,170.65,2787,170.640879
2023-05-24 11:52:00+00:00,170.67,170.67,170.65,49,170.65,9424,170.669462
2023-05-24 11:53:00+00:00,170.66,170.68,170.66,21,170.68,631,170.680634
2023-05-24 11:54:00+00:00,170.41,170.61,170.41,320,170.61,12513,170.53954
2023-05-24 11:55:00+00:00,170.48,170.48,170.43,61,170.45,3881,170.453064
2023-05-24 11:57:00+00:00,170.5,170.5,170.5,19,170.5,1747,170.500624
2023-05-24 11:58:00+00:00,170.5,170.5,170.5,127,170.5,3493,170.504873
2023-05-24 12:00:00+00:00,170.6,171.1299,170.46,662,171.0983,34983,170.685196
2023-05-24 12:01:00+00:00,170.45,171.57,170.4,900,170.63,7574,170.900584
2023-05-24 12:02:00+00:00,170.5,171.56,170.5,406,171.33,3440,171.340577
2023-05-24 12:03:00+00:00,170.5,170.5,170.5,35,170.5,902,170.496089
2023-05-24 12:04:00+00:00,170.57,170.57,170.43,57,170.43,1953,170.527539
2023-05-24 12:05:00+00:00,170.6,170.63,170.6,29,170.63,1137,170.61103
2023-05-24 12:06:00+00:00,170.64,170.65,170.6,45,170.65,3806,170.640369
2023-05-24 12:07:00+00:00,170.642,170.68,170.64,35,170.64,1883,170.657354
2023-05-24 12:08:00+00:00,170.69,170.69,170.65,24,170.65,2730,170.65931
2023-05-24 12:09:00+00:00,170.65,170.65,170.65,30,170.65,424,170.654785
2023-05-24 12:10:00+00:00,170.65,170.65,170.6,29,170.65,780,170.620385
2023-05-24 12:11:00+00:00,170.6,170.62,170.6,56,170.62,1502,170.611431
2023-05-24 12:12:00+00:00,170.63,170.66,170.63,34,170.66,1791,170.637669
2023-05-24 12:13:00+00:00,170.63,170.67,170.615,44,170.615,3953,170.647547
2023-05-24 12:14:00+00:00,170.52,170.63,170.52,85,170.63,2297,170.569389
2023-05-24 12:15:00+00:00,170.5499,170.5499,170.5499,63,170.5499,1055,170.512598
2023-05-24 12:16:00+00:00,170.49,170.49,170.47,34,170.47,778,170.480962
2023-05-24 12:17:00+00:00,170.48,170.49,170.41,59,170.49,1736,170.455775
2023-05-24 12:18:00+00:00,170.55,170.55,170.4307,49,170.4307,2913,170.49243
2023-05-24 12:19:00+00:00,170.52,170.58,170.5,123,170.55,7383,170.535623
2023-05-24 12:20:00+00:00,170.45,170.5,170.45,53,170.5,1896,170.483476
2023-05-24 12:21:00+00:00,170.53,170.53,170.4808,46,170.51,1896,170.503082
2023-05-24 12:22:00+00:00,170.6,170.6,170.53,49,170.53,2319,170.574702
2023-05-24 12:23:00+00:00,170.6,170.62,170.55,64,170.5951,2730,170.588157
2023-05-24 12:24:00+00:00,170.6499,170.65,170.6,74,170.6,6882,170.633032
2023-05-24 12:25:00+00:00,170.6,170.62,170.6,57,170.6,2762,170.607544
2023-05-24 12:27:00+00:00,170.58,170.61,170.58,41,170.6,1403,170.593328
2023-05-24 12:28:00+00:00,170.55,170.59,170.55,47,170.59,1463,170.57153
2023-05-24 12:30:00+00:00,170.47,170.57,170.47,82,170.57,4085,170.502511
2023-05-24 12:31:00+00:00,170.4,170.47,170.3,341,170.47,17198,170.38263
2023-05-24 12:32:00+00:00,170.43,170.43,170.38,47,170.38,3472,170.40067
2023-05-24 12:33:00+00:00,170.44,170.4899,170.44,94,170.48,8817,170.473478
2023-05-24 12:34:00+00:00,170.37,170.44,170.32,93,170.44,9160,170.355095
2023-05-24 12:35:00+00:00,170.3801,170.42,170.3801,54,170.39,1989,170.39885
2023-05-24 12:36:00+00:00,170.47,170.47,170.47,41,170.47,636,170.468132
2023-05-24 12:37:00+00:00,170.45,170.45,170.44,60,170.44,3846,170.446892
2023-05-24 12:38:00+00:00,170.49,170.49,170.49,41,170.49,834,170.486324
2023-05-24 12:39:00+00:00,170.48,170.49,170.48,51,170.49,1378,170.487387
2023-05-24 12:40:00+00:00,170.4,170.5,170.4,61,170.5,2040,170.458773
2023-05-24 12:41:00+00:00,170.4,170.4,170.4,37,170.4,613,170.404625
2023-05-24 12:42:00+00:00,170.46,170.46,170.42,37,170.42,810,170.441826
2023-05-24 12:43:00+00:00,170.4,170.45,170.4,64,170.45,2043,170.42503
2023-05-24 12:44:00+00:00,170.4,170.4399,170.4,81,170.4399,2640,170.412939
2023-05-24 12:45:00+00:00,170.36,170.36,170.33,62,170.33,1703,170.347895
2023-05-24 12:46:00+00:00,170.28,170.36,170.25,130,170.36,5258,170.278979
2023-05-24 12:47:00+00:00,170.39,170.39,170.27,97,170.27,6392,170.3321
2023-05-24 12:48:00+00:00,170.39,170.41,170.38,48,170.41,4189,170.387007
2023-05-24 12:49:00+00:00,170.39,170.39,170.35,45,170.38,3106,170.377077
2023-05-24 12:50:00+00:00,170.34,170.37,170.3347,53,170.37,1207,170.3478
2023-05-24 12:51:00+00:00,170.335,170.335,170.33,33,170.33,1410,170.332021
2023-05-24 12:52:00+00:00,170.38,170.38,170.35,47,170.35,1352,170.374761
2023-05-24 12:53:00+00:00,170.33,170.4,170.33,72,170.38,4098,170.354232
2023-05-24 12:54:00+00:00,170.33,170.34,170.33,50,170.34,1284,170.332905
2023-05-24 12:55:00+00:00,170.35,170.35,170.32,45,170.32,2216,170.343238
2023-05-24 12:56:00+00:00,170.34,170.4,170.34,64,170.4,4457,170.376973
2023-05-24 12:57:00+00:00,170.36,170.36,170.26,129,170.32,5079,170.311471
2023-05-24 12:58:00+00:00,170.3,170.35,170.3,107,170.35,4083,170.318176
2023-05-24 12:59:00+00:00,170.3,170.3,170.2232,115,170.25,6363,170.247473
2023-05-24 13:00:00+00:00,170.22,170.27,170.22,64,170.27,3117,170.248801
2023-05-24 13:01:00+00:00,170.3,170.3,170.25,90,170.26,5510,170.274211
2023-05-24 13:02:00+00:00,170.33,170.39,170.33,101,170.37,9117,170.373577
2023-05-24 13:03:00+00:00,170.28,170.33,170.23,95,170.33,3722,170.268381
2023-05-24 13:04:00+00:00,170.34,170.36,170.32,109,170.32,3894,170.329273
2023-05-24 13:05:00+00:00,170.24,170.36,170.23,89,170.36,3993,170.274321
2023-05-24 13:06:00+00:00,170.36,170.36,170.25,94,170.25,5428,170.333148
2023-05-24 13:07:00+00:00,170.36,170.36,170.35,77,170.36,9786,170.358984
2023-05-24 13:08:00+00:00,170.2,170.37,170.2,247,170.35,16586,170.265913
2023-05-24 13:09:00+00:00,170.1855,170.2183,170.16,166,170.2,7817,170.194265
2023-05-24 13:10:00+00:00,170.22,170.23,170.22,66,170.23,1866,170.224593
2023-05-24 13:11:00+00:00,170.2899,170.3121,170.25,118,170.25,7996,170.274308
2023-05-24 13:12:00+00:00,170.2,170.3,170.2,166,170.29,9950,170.241024
2023-05-24 13:13:00+00:00,170.15,170.2,170.15,99,170.2,2824,170.171189
2023-05-24 13:14:00+00:00,170.17,170.19,170.14,70,170.14,3349,170.170806
2023-05-24 13:15:00+00:00,170.18,170.2,170.12,125,170.16,7288,170.177087
2023-05-24 13:16:00+00:00,170.11,170.17,170.08,209,170.17,10385,170.115337
2023-05-24 13:17:00+00:00,170.09,170.1333,170.09,57,170.1,2809,170.095698
2023-05-24 13:18:00+00:00,170.1238,170.1238,170.07,136,170.08,7438,170.093196
2023-05-24 13:19:00+00:00,170.13,170.13,170.1,75,170.12,1515,170.120237
2023-05-24 13:20:00+00:00,170.15,170.15,170.15,137,170.15,6616,170.150457
2023-05-24 13:21:00+00:00,170.24,170.25,170.17,98,170.17,6947,170.207836
2023-05-24 13:22:00+00:00,170.21,170.26,170.21,114,170.26,8963,170.23846
2023-05-24 13:23:00+00:00,170.315,170.315,170.239,143,170.239,6205,170.266877
2023-05-24 13:24:00+00:00,170.37,170.4,170.3,202,170.31,9992,170.360133
2023-05-24 13:25:00+00:00,170.41,170.47,170.3,135,170.35,10195,170.35531
2023-05-24 13:26:00+00:00,170.41,170.45,170.36,82,170.41,5244,170.422559
2023-05-24 13:27:00+00:00,170.69,170.96,170.41,355,170.41,38693,170.676398
2023-05-24 13:28:00+00:00,170.86,171.25,170.86,419,170.91,47551,170.983899
2023-05-24 13:29:00+00:00,171.09,171.09,170.84,351,170.86,41109,170.942882
2023-05-24 13:30:00+00:00,171.245,171.4809,170.52,8081,171.09,1778346,171.076799
2023-05-24 13:31:00+00:00,171.18,171.35,171.155,2922,171.28,281630,171.260536
2023-05-24 13:32:00+00:00,171.28,171.35,171.02,2333,171.18,212399,171.196631
2023-05-24 13:33:00+00:00,171.73,171.75,171.17,3250,171.2729,294581,171.483958
2023-05-24 13:34:00+00:00,171.8003,172.0,171.65,3394,171.7204,299729,171.846057
2023-05-24 13:35:00+00:00,171.92,172.0,171.7901,2226,171.81,224750,171.921822
2023-05-24 13:36:00+00:00,171.84,172.09,171.77,2880,171.925,277585,171.891043
2023-05-24 13:37:00+00:00,171.82,171.86,171.71,2615,171.83,216164,171.78383
2023-05-24 13:38:00+00:00,171.889,171.93,171.77,1525,171.82,130789,171.85536
2023-05-24 13:39:00+00:00,171.795,171.99,171.7599,1937,171.88,170642,171.868371
2023-05-24 13:40:00+00:00,171.7431,171.8,171.67,1721,171.8,141715,171.746843
2023-05-24 13:41:00+00:00,171.85,171.9,171.74,1479,171.74,141236,171.816945
2023-05-24 13:42:00+00:00,172.175,172.22,171.842,2476,171.85,221029,172.059837
2023-05-24 13:43:00+00:00,172.155,172.2,172.07,1552,172.18,151463,172.131334
2023-05-24 13:44:00+00:00,172.11,172.2,171.96,2419,172.155,221270,172.102636
2023-05-24 13:45:00+00:00,172.025,172.27,172.01,2212,172.125,183575,172.117357
2023-05-24 13:46:00+00:00,171.855,172.1,171.84,3879,172.04,202902,171.969388
2023-05-24 13:47:00+00:00,172.01,172.05,171.82,3878,171.8545,157602,171.909522
2023-05-24 13:48:00+00:00,172.02,172.04,171.91,3163,172.01,106469,171.975616
2023-05-24 13:49:00+00:00,171.99,172.09,171.925,3322,172.01,162741,172.005838
2023-05-24 13:50:00+00:00,171.942,172.0567,171.87,3405,171.99,109358,171.965826
2023-05-24 13:51:00+00:00,171.85,171.9756,171.7986,3349,171.93,116651,171.864013
2023-05-24 13:52:00+00:00,171.715,171.855,171.66,3505,171.855,125060,171.741555
2023-05-24 13:53:00+00:00,171.72,171.79,171.62,3504,171.7001,149246,171.701195
2023-05-24 13:54:00+00:00,171.66,171.74,171.59,3506,171.71,111077,171.627743
2023-05-24 13:55:00+00:00,172.07,172.07,171.62,3747,171.635,149466,171.859494
2023-05-24 13:56:00+00:00,172.03,172.14,171.97,3469,172.075,150162,172.03798
2023-05-24 13:57:00+00:00,172.13,172.14,171.99,3205,172.02,97107,172.068091
2023-05-24 13:58:00+00:00,172.105,172.18,172.08,3385,172.11,128872,172.1362
2023-05-24 13:59:00+00:00,171.835,172.11,171.83,5027,172.105,251509,171.99046
2023-05-24 14:00:00+00:00,171.83,171.9,171.77,4603,171.84,204020,171.832717
2023-05-24 14:01:00+00:00,171.7685,171.9199,171.75,3389,171.8101,107342,171.810217
2023-05-24 14:02:00+00:00,171.8028,171.83,171.67,3628,171.76,129585,171.742225
2023-05-24 14:03:00+00:00,171.855,171.9,171.73,3387,171.79,116911,171.815924
2023-05-24 14:04:00+00:00,171.78,171.86,171.72,3418,171.85,86312,171.786369
2023-05-24 14:05:00+00:00,171.74,171.78,171.61,3809,171.77,116839,171.687695
2023-05-24 14:06:00+00:00,171.66,171.77,171.63,3276,171.74,86192,171.701821
2023-05-24 14:07:00+00:00,171.72,171.74,171.64,3089,171.67,86596,171.680993
2023-05-24 14:08:00+00:00,171.6813,171.73,171.63,3086,171.71,95234,171.670878
2023-05-24 14:09:00+00:00,171.705,171.745,171.635,3163,171.685,95776,171.703575
2023-05-24 14:10:00+00:00,171.735,171.8099,171.675,3241,171.71,106546,171.744364
2023-05-24 14:11:00+00:00,171.57,171.74,171.5551,3612,171.7372,126406,171.640436
2023-05-24 14:12:00+00:00,171.485,171.615,171.44,3822,171.58,159169,171.518769
2023-05-24 14:13:00+00:00,171.425,171.549,171.42,3105,171.505,107575,171.496112
2023-05-24 14:14:00+00:00,171.565,171.61,171.431,3269,171.44,102595,171.511907
2023-05-24 14:15:00+00:00,171.5,171.63,171.47,3330,171.57,121618,171.561529
2023-05-24 14:16:00+00:00,171.5948,171.5999,171.49,3029,171.49,104074,171.546396
2023-05-24 14:17:00+00:00,171.56,171.71,171.54,3341,171.6,144401,171.631383
2023-05-24 14:18:00+00:00,171.66,171.66,171.4801,2960,171.56,76344,171.551916
2023-05-24 14:19:00+00:00,171.512,171.7097,171.51,3001,171.66,75021,171.625598
2023-05-24 14:20:00+00:00,171.5022,171.655,171.49,3004,171.505,77592,171.572001
2023-05-24 14:21:00+00:00,171.385,171.52,171.36,3327,171.51,113385,171.450346
2023-05-24 14:22:00+00:00,171.355,171.44,171.35,2876,171.385,84184,171.390896
2023-05-24 14:23:00+00:00,171.32,171.405,171.31,951,171.355,78870,171.357035
2023-05-24 14:24:00+00:00,171.235,171.37,171.225,1499,171.31,144891,171.282736
2023-05-24 14:25:00+00:00,171.33,171.39,171.2411,918,171.25,71722,171.328264
2023-05-24 14:26:00+00:00,171.235,171.39,171.228,947,171.345,69397,171.295611
2023-05-24 14:27:00+00:00,171.12,171.2615,171.11,1513,171.235,147474,171.165537
2023-05-24 14:28:00+00:00,171.1636,171.23,171.11,919,171.12,85254,171.167789
2023-05-24 14:29:00+00:00,171.16,171.225,171.11,928,171.175,69219,171.162293
2023-05-24 14:30:00+00:00,171.23,171.25,171.12,1438,171.16,122815,171.159529
2023-05-24 14:31:00+00:00,171.1487,171.26,171.13,1176,171.22,84070,171.190045
2023-05-24 14:32:00+00:00,171.09,171.168,171.075,1003,171.13,78446,171.110675
2023-05-24 14:33:00+00:00,171.055,171.155,171.0398,1135,171.09,101708,171.082177
2023-05-24 14:34:00+00:00,171.0469,171.065,170.97,1977,171.05,179039,171.011333
2023-05-24 14:35:00+00:00,171.225,171.23,171.04,1704,171.05,170888,171.140112
2023-05-24 14:36:00+00:00,171.1,171.23,171.09,884,171.225,74383,171.155094
2023-05-24 14:37:00+00:00,171.05,171.115,171.02,911,171.1,83175,171.070679
2023-05-24 14:38:00+00:00,171.15,171.15,171.0,1018,171.045,98021,171.073384
2023-05-24 14:39:00+00:00,171.24,171.27,171.12,1101,171.14,104524,171.191794
2023-05-24 14:40:00+00:00,171.1726,171.295,171.14,1528,171.23,135771,171.222631
2023-05-24 14:41:00+00:00,171.365,171.41,171.18,1270,171.18,118876,171.293142
2023-05-24 14:42:00+00:00,171.34,171.4012,171.28,931,171.38,70659,171.351776
2023-05-24 14:43:00+00:00,171.3601,171.43,171.33,984,171.33,86046,171.372172
2023-05-24 14:44:00+00:00,171.27,171.39,171.25,1088,171.365,90780,171.338408
2023-05-24 14:45:00+00:00,171.27,171.2999,171.215,1063,171.26,77188,171.253948
2023-05-24 14:46:00+00:00,171.55,171.55,171.255,1378,171.255,120854,171.414392
2023-05-24 14:47:00+00:00,171.5827,171.6,171.5,1330,171.55,124279,171.551663
2023-05-24 14:48:00+00:00,171.3863,171.585,171.33,1859,171.585,143121,171.416687
2023-05-24 14:49:00+00:00,171.34,171.46,171.33,1261,171.38,112499,171.386857
2023-05-24 14:50:00+00:00,171.33,171.39,171.3001,798,171.36,68604,171.345059
2023-05-24 14:51:00+00:00,171.198,171.35,171.1805,1033,171.33,84322,171.252044
2023-05-24 14:52:00+00:00,171.2599,171.32,171.185,834,171.2,71903,171.258131
2023-05-24 14:53:00+00:00,171.1427,171.26,171.14,791,171.26,59784,171.202795
2023-05-24 14:54:00+00:00,171.125,171.2,171.1,949,171.15,76962,171.14929
2023-05-24 14:55:00+00:00,171.15,171.185,171.1201,694,171.125,46818,171.152856
2023-05-24 14:56:00+00:00,171.22,171.27,171.13,854,171.15,63416,171.19667
2023-05-24 14:57:00+00:00,171.19,171.23,171.155,666,171.23,42991,171.190112
2023-05-24 14:58:00+00:00,171.1742,171.215,171.13,783,171.185,60478,171.166684
2023-05-24 14:59:00+00:00,171.26,171.27,171.12,652,171.17,50091,171.21004
2023-05-24 15:00:00+00:00,171.13,171.27,171.09,922,171.255,67225,171.14498
2023-05-24 15:01:00+00:00,171.04,171.145,171.01,996,171.125,87733,171.066281
2023-05-24 15:02:00+00:00,171.08,171.1,171.015,814,171.05,57400,171.056652
2023-05-24 15:03:00+00:00,171.0881,171.1399,171.07,709,171.075,67248,171.09735
2023-05-24 15:04:00+00:00,171.09,171.1,171.04,649,171.08,50105,171.06543
2023-05-24 15:05:00+00:00,171.01,171.1,171.01,756,171.1,64932,171.041397
2023-05-24 15:06:00+00:00,171.055,171.105,170.96,1093,171.0,90536,171.028395
2023-05-24 15:07:00+00:00,171.12,171.13,171.05,776,171.0518,66346,171.071279
2023-05-24 15:08:00+00:00,171.11,171.22,171.1,1317,171.12,121998,171.152369
2023-05-24 15:09:00+00:00,171.17,171.17,171.09,802,171.119,64140,171.125934
2023-05-24 15:10:00+00:00,171.11,171.235,171.11,945,171.17,84589,171.179773
2023-05-24 15:11:00+00:00,171.19,171.1944,171.098,896,171.1079,66033,171.155679
2023-05-24 15:12:00+00:00,171.23,171.29,171.18,1329,171.189,121676,171.233246
2023-05-24 15:13:00+00:00,171.09,171.228,171.04,1330,171.2201,100801,171.08793
2023-05-24 15:14:00+00:00,171.0505,171.12,171.0401,750,171.08,63940,171.082383
2023-05-24 15:15:00+00:00,171.08,171.1,171.005,793,171.055,61786,171.039306
2023-05-24 15:16:00+00:00,171.14,171.1842,171.075,844,171.09,72722,171.13911
2023-05-24 15:17:00+00:00,171.13,171.22,171.105,594,171.13,47315,171.159801
2023-05-24 15:18:00+00:00,171.065,171.16,171.0627,577,171.125,38917,171.122402
2023-05-24 15:19:00+00:00,171.03,171.07,171.01,693,171.06,63409,171.035537
2023-05-24 15:20:00+00:00,171.0199,171.09,171.0199,663,171.025,50101,171.058901
2023-05-24 15:21:00+00:00,171.1,171.1,170.94,1265,171.015,104943,171.011957
2023-05-24 15:22:00+00:00,171.21,171.21,171.07,809,171.09,76115,171.142206
2023-05-24 15:23:00+00:00,171.44,171.46,171.185,1448,171.215,132901,171.325935
2023-05-24 15:24:00+00:00,171.5,171.51,171.375,1214,171.44,92182,171.447787
2023-05-24 15:25:00+00:00,171.515,171.58,171.48,973,171.49,113165,171.526426
2023-05-24 15:26:00+00:00,171.53,171.6,171.48,838,171.5199,100040,171.538112
2023-05-24 15:27:00+00:00,171.56,171.68,171.532,1500,171.54,147196,171.614243
2023-05-24 15:28:00+00:00,171.47,171.58,171.45,1438,171.57,138112,171.512546
2023-05-24 15:29:00+00:00,171.37,171.47,171.342,1083,171.46,99979,171.396272
2023-05-24 15:30:00+00:00,171.3545,171.43,171.335,896,171.37,102097,171.375584
2023-05-24 15:31:00+00:00,171.165,171.365,171.14,1430,171.358,125507,171.267497
2023-05-24 15:32:00+00:00,171.1301,171.215,171.1301,876,171.16,81390,171.190015
2023-05-24 15:33:00+00:00,171.1425,171.17,171.0912,867,171.14,72999,171.127828
2023-05-24 15:34:00+00:00,171.04,171.14,171.03,1131,171.14,109562,171.064752
2023-05-24 15:35:00+00:00,171.0,171.05,170.95,1252,171.035,103390,171.00251
2023-05-24 15:36:00+00:00,171.03,171.07,170.98,814,171.0,54052,171.030481
2023-05-24 15:37:00+00:00,170.9847,171.045,170.97,763,171.035,65790,171.009778
2023-05-24 15:38:00+00:00,171.09,171.12,170.98,676,170.99,58459,171.044664
2023-05-24 15:39:00+00:00,171.045,171.09,171.0101,514,171.09,43467,171.053227
2023-05-24 15:40:00+00:00,171.0712,171.0892,170.98,823,171.06,70936,171.029983
2023-05-24 15:41:00+00:00,171.115,171.155,171.078,666,171.078,65734,171.119829
2023-05-24 15:42:00+00:00,171.1101,171.1562,171.031,616,171.105,48203,171.078202
2023-05-24 15:43:00+00:00,170.93,171.16,170.88,1880,171.12,151250,171.016044
2023-05-24 15:44:00+00:00,170.852,170.925,170.765,1459,170.925,105666,170.82582
2023-05-24 15:45:00+00:00,170.79,170.89,170.785,857,170.85,61934,170.838266
2023-05-24 15:46:00+00:00,170.9,170.93,170.77,937,170.7904,69299,170.85727
2023-05-24 15:47:00+00:00,171.0321,171.0399,170.8901,752,170.8901,67682,170.98088
2023-05-24 15:48:00+00:00,171.03,171.12,170.96,1093,171.04,92732,171.05181
2023-05-24 15:49:00+00:00,171.09,171.12,171.0148,616,171.03,69152,171.064721
2023-05-24 15:50:00+00:00,171.0699,171.16,171.02,927,171.1,91316,171.089443
2023-05-24 15:51:00+00:00,170.99,171.0882,170.9801,706,171.06,71337,171.037542
2023-05-24 15:52:00+00:00,170.98,171.01,170.9501,597,171.0,49135,170.982342
2023-05-24 15:53:00+00:00,170.9789,170.99,170.91,575,170.99,38700,170.952406
2023-05-24 15:54:00+00:00,170.9274,171.025,170.87,1296,170.98,103826,170.945049
2023-05-24 15:55:00+00:00,171.0299,171.04,170.89,559,170.9299,38723,170.96073
2023-05-24 15:56:00+00:00,171.01,171.0362,170.93,734,171.025,74768,170.987176
2023-05-24 15:57:00+00:00,171.055,171.11,171.03,547,171.03,47820,171.069337
2023-05-24 15:58:00+00:00,171.02,171.0665,171.0,696,171.06,45110,171.035404
2023-05-24 15:59:00+00:00,171.0,171.0458,170.985,478,171.02,35812,171.01479
2023-05-24 16:00:00+00:00,171.02,171.06,170.9593,604,171.005,47918,170.999827
2023-05-24 16:01:00+00:00,171.11,171.12,171.0221,730,171.03,63706,171.08215
2023-05-24 16:02:00+00:00,171.084,171.1688,171.0562,616,171.11,50978,171.111664
2023-05-24 16:03:00+00:00,171.135,171.1487,171.05,525,171.07,33062,171.096919
2023-05-24 16:04:00+00:00,171.13,171.2,171.115,781,171.15,78756,171.141227
2023-05-24 16:05:00+00:00,171.14,171.175,171.12,624,171.15,47880,171.145447
2023-05-24 16:06:00+00:00,171.15,171.15,171.1,649,171.13,51401,171.125072
2023-05-24 16:07:00+00:00,171.17,171.19,171.155,478,171.16,38163,171.172646
2023-05-24 16:08:00+00:00,171.3065,171.32,171.14,932,171.16,104755,171.233316
2023-05-24 16:09:00+00:00,171.1999,171.32,171.18,826,171.3,88538,171.253764
2023-05-24 16:10:00+00:00,171.1099,171.2424,171.0856,635,171.1999,67724,171.170017
2023-05-24 16:11:00+00:00,170.975,171.13,170.97,982,171.105,87831,171.045007
2023-05-24 16:12:00+00:00,170.96,170.985,170.92,519,170.97,48126,170.955582
2023-05-24 16:13:00+00:00,171.0588,171.0588,170.94,529,170.95,48672,171.008667
2023-05-24 16:14:00+00:00,171.1775,171.19,171.05,595,171.06,47021,171.132401
2023-05-24 16:15:00+00:00,171.08,171.17,171.06,527,171.17,59306,171.099348
2023-05-24 16:16:00+00:00,171.0371,171.08,170.9826,584,171.075,54189,171.036641
2023-05-24 16:17:00+00:00,170.995,171.03,170.9525,487,171.03,44333,170.992934
2023-05-24 16:18:00+00:00,170.8299,170.99,170.78,1332,170.99,123547,170.881365
2023-05-24 16:19:00+00:00,170.859,170.9,170.8101,590,170.8101,57354,170.854756
2023-05-24 16:20:00+00:00,170.7909,170.89,170.79,715,170.86,57489,170.840537
2023-05-24 16:21:00+00:00,170.715,170.86,170.7,1173,170.7947,110657,170.769254
2023-05-24 16:22:00+00:00,170.67,170.73,170.61,1151,170.71,114986,170.671661
2023-05-24 16:23:00+00:00,170.68,170.74,170.64,644,170.68,55615,170.690319
2023-05-24 16:24:00+00:00,170.73,170.73,170.66,612,170.68,41769,170.697679
2023-05-24 16:25:00+00:00,170.7995,170.8,170.7327,593,170.75,44152,170.763845
2023-05-24 16:26:00+00:00,170.76,170.8073,170.715,479,170.7979,37410,170.763248
2023-05-24 16:27:00+00:00,170.6899,170.77,170.66,735,170.76,72888,170.72039
2023-05-24 16:28:00+00:00,170.665,170.68,170.62,544,170.68,45445,170.66212
2023-05-24 16:29:00+00:00,170.635,170.66,170.59,715,170.66,52794,170.625076
2023-05-24 16:30:00+00:00,170.58,170.6685,170.56,971,170.635,80938,170.606695
2023-05-24 16:31:00+00:00,170.655,170.66,170.535,875,170.58,68927,170.588326
2023-05-24 16:32:00+00:00,170.69,170.71,170.64,705,170.655,58044,170.679327
2023-05-24 16:33:00+00:00,170.755,170.77,170.685,686,170.7,52491,170.738596
2023-05-24 16:34:00+00:00,170.76,170.78,170.7,544,170.75,1462894,171.143995
2023-05-24 16:35:00+00:00,170.8,170.8091,170.7415,617,170.78,60649,170.778969
2023-05-24 16:36:00+00:00,170.8,170.82,170.77,507,170.792,43866,170.800508
2023-05-24 16:37:00+00:00,170.73,170.8199,170.7218,513,170.805,37868,170.780447
2023-05-24 16:38:00+00:00,170.79,170.87,170.72,650,170.7301,64479,170.789386
2023-05-24 16:39:00+00:00,170.83,170.83,170.78,488,170.79,34562,170.799984
2023-05-24 16:40:00+00:00,170.85,170.86,170.79,558,170.835,53015,170.82463
2023-05-24 16:41:00+00:00,170.93,171.02,170.845,1377,170.845,119314,170.953632
2023-05-24 16:42:00+00:00,170.86,170.9348,170.84,552,170.9348,59300,170.872735
2023-05-24 16:43:00+00:00,170.8699,170.9166,170.86,404,170.865,38811,170.879171
2023-05-24 16:44:00+00:00,170.815,170.881,170.79,491,170.86,33816,170.84301
2023-05-24 16:45:00+00:00,170.7817,170.84,170.74,511,170.805,42931,170.790438
2023-05-24 16:46:00+00:00,170.845,170.86,170.7882,539,170.7882,40525,170.829437
2023-05-24 16:47:00+00:00,170.8,170.84,170.77,446,170.84,32275,170.801563
2023-05-24 16:48:00+00:00,170.795,170.87,170.785,510,170.8001,49369,170.827782
2023-05-24 16:49:00+00:00,170.805,170.83,170.79,414,170.795,42778,170.805997
2023-05-24 16:50:00+00:00,170.8409,170.85,170.8,487,170.8,42613,170.827222
2023-05-24 16:51:00+00:00,170.9042,170.9201,170.84,466,170.84,40611,170.895562
2023-05-24 16:52:00+00:00,170.895,170.94,170.88,396,170.9,34170,170.904963
2023-05-24 16:53:00+00:00,170.97,171.0,170.89,484,170.895,41307,170.964577
2023-05-24 16:54:00+00:00,171.0,171.0,170.9488,541,170.97,47941,170.968241
2023-05-24 16:55:00+00:00,171.035,171.07,171.0,387,171.0,34690,171.042301
2023-05-24 16:56:00+00:00,171.03,171.06,171.01,503,171.0404,52751,171.028272
2023-05-24 16:57:00+00:00,171.0,171.07,170.9903,552,171.02,47543,171.033388
2023-05-24 16:58:00+00:00,171.01,171.03,170.98,494,171.0,37682,170.998898
2023-05-24 16:59:00+00:00,171.1,171.1,170.985,747,171.01,66254,171.035757
2023-05-24 17:00:00+00:00,171.0088,171.1,170.98,963,171.1,86885,171.021003
2023-05-24 17:01:00+00:00,171.02,171.07,170.98,548,171.01,41972,171.023586
2023-05-24 17:02:00+00:00,171.03,171.04,170.98,395,171.02,27850,171.009261
2023-05-24 17:03:00+00:00,171.03,171.04,170.9896,536,171.02,47833,171.012682
2023-05-24 17:04:00+00:00,170.92,171.04,170.92,681,171.02,61646,170.983969
2023-05-24 17:05:00+00:00,170.9617,170.98,170.8719,718,170.915,49457,170.916533
2023-05-24 17:06:00+00:00,171.02,171.04,170.96,483,170.98,35751,171.001858
2023-05-24 17:07:00+00:00,170.9701,171.04,170.945,588,171.04,54652,170.980433
2023-05-24 17:08:00+00:00,170.91,170.9799,170.9098,617,170.975,47039,170.957401
2023-05-24 17:09:00+00:00,170.97,170.98,170.91,342,170.92,24349,170.942056
2023-05-24 17:10:00+00:00,170.97,171.0,170.95,478,170.98,35667,170.974932
2023-05-24 17:11:00+00:00,170.9301,170.97,170.9199,449,170.97,33831,170.941814
2023-05-24 17:12:00+00:00,170.8946,170.93,170.87,604,170.93,94010,170.898558
2023-05-24 17:13:00+00:00,170.9143,170.92,170.89,345,170.8901,32812,170.904598
2023-05-24 17:14:00+00:00,170.855,170.915,170.85,527,170.915,37014,170.877572
2023-05-24 17:15:00+00:00,170.8799,170.9,170.85,555,170.85,41625,170.869638
2023-05-24 17:16:00+00:00,170.92,170.945,170.875,419,170.875,31205,170.915978
2023-05-24 17:17:00+00:00,171.015,171.05,170.915,537,170.93,50281,170.988045
2023-05-24 17:18:00+00:00,171.085,171.09,170.995,541,171.015,41031,171.043137
2023-05-24 17:19:00+00:00,171.1601,171.1858,171.08,841,171.08,81256,171.1328
2023-05-24 17:20:00+00:00,171.2699,171.2755,171.15,902,171.17,95219,171.225223
2023-05-24 17:21:00+00:00,171.33,171.34,171.23,759,171.265,131723,171.2685
2023-05-24 17:22:00+00:00,171.3585,171.38,171.32,624,171.325,74745,171.347455
2023-05-24 17:23:00+00:00,171.26,171.35,171.2,1198,171.35,154035,171.281319
2023-05-24 17:24:00+00:00,171.215,171.27,171.19,508,171.27,61505,171.171591
2023-05-24 17:25:00+00:00,171.19,171.22,171.09,1126,171.22,98972,171.159229
2023-05-24 17:26:00+00:00,171.17,171.25,171.17,554,171.18,65861,171.205964
2023-05-24 17:27:00+00:00,171.17,171.2017,171.145,439,171.17,25681,171.177726
2023-05-24 17:28:00+00:00,171.175,171.19,171.135,327,171.16,23823,171.168531
2023-05-24 17:29:00+00:00,171.175,171.18,171.1201,422,171.17,23655,171.15511
2023-05-24 17:30:00+00:00,171.2201,171.2267,171.1287,580,171.18,37832,171.1732
2023-05-24 17:31:00+00:00,171.28,171.31,171.23,765,171.23,58052,171.276816
2023-05-24 17:32:00+00:00,171.275,171.31,171.235,457,171.2787,41177,171.275554
2023-05-24 17:33:00+00:00,171.285,171.33,171.2601,379,171.275,33789,171.291551
2023-05-24 17:34:00+00:00,171.3,171.305,171.25,528,171.285,43836,171.27026
2023-05-24 17:35:00+00:00,171.3299,171.355,171.29,630,171.29,62397,171.332865
2023-05-24 17:36:00+00:00,171.4201,171.43,171.3001,692,171.31,54891,171.384972
2023-05-24 17:37:00+00:00,171.38,171.44,171.322,582,171.43,45225,171.374382
2023-05-24 17:38:00+00:00,171.3602,171.38,171.3101,436,171.3609,51136,171.360211
2023-05-24 17:39:00+00:00,171.375,171.38,171.33,425,171.36,75397,171.30357
2023-05-24 17:40:00+00:00,171.475,171.4786,171.3703,726,171.375,57854,171.428259
2023-05-24 17:41:00+00:00,171.5,171.5,171.42,639,171.475,129876,171.478849
2023-05-24 17:42:00+00:00,171.4756,171.54,171.47,586,171.49,76553,171.504558
2023-05-24 17:43:00+00:00,171.5,171.52,171.47,522,171.4752,55566,171.498054
2023-05-24 17:44:00+00:00,171.555,171.57,171.46,531,171.5,42279,171.513387
2023-05-24 17:45:00+00:00,171.5209,171.68,171.48,1847,171.56,172504,171.574054
2023-05-24 17:46:00+00:00,171.58,171.58,171.51,684,171.5214,61793,171.54314
2023-05-24 17:47:00+00:00,171.57,171.63,171.5365,611,171.59,59558,171.585391
2023-05-24 17:48:00+00:00,171.615,171.62,171.53,561,171.565,44018,171.56639
2023-05-24 17:49:00+00:00,171.66,171.68,171.61,701,171.62,80218,171.651363
2023-05-24 17:50:00+00:00,171.7,171.71,171.65,781,171.655,83483,171.684766
2023-05-24 17:51:00+00:00,171.75,171.755,171.673,856,171.71,95511,171.72756
2023-05-24 17:52:00+00:00,171.715,171.78,171.71,831,171.75,129227,171.746465
2023-05-24 17:53:00+00:00,171.658,171.78,171.63,789,171.72,101695,171.69368
2023-05-24 17:54:00+00:00,171.64,171.67,171.62,460,171.655,55343,171.638057
2023-05-24 17:55:00+00:00,171.615,171.65,171.6,506,171.6412,40491,171.624408
2023-05-24 17:56:00+00:00,171.585,171.65,171.5801,475,171.6102,42392,171.621899
2023-05-24 17:57:00+00:00,171.54,171.585,171.52,504,171.58,48972,171.550789
2023-05-24 17:58:00+00:00,171.66,171.66,171.55,522,171.555,42084,171.598281
2023-05-24 17:59:00+00:00,171.6227,171.6672,171.6,393,171.6672,28035,171.631334
2023-05-24 18:00:00+00:00,171.675,171.8,171.57,1135,171.63,92385,171.67001
2023-05-24 18:01:00+00:00,171.5406,171.665,171.5,642,171.665,75224,171.579846
2023-05-24 18:02:00+00:00,171.465,171.61,171.4301,762,171.54,67014,171.520676
2023-05-24 18:03:00+00:00,171.45,171.4737,171.3866,741,171.47,68882,171.432506
2023-05-24 18:04:00+00:00,171.355,171.46,171.32,916,171.46,80606,171.376713
2023-05-24 18:05:00+00:00,171.4908,171.5,171.355,678,171.355,59410,171.431623
2023-05-24 18:06:00+00:00,171.455,171.52,171.39,442,171.5,39180,171.460236
2023-05-24 18:07:00+00:00,171.37,171.49,171.34,509,171.4499,63452,171.389909
2023-05-24 18:08:00+00:00,171.3401,171.409,171.33,454,171.37,41068,171.360721
2023-05-24 18:09:00+00:00,171.2,171.35,171.1816,889,171.3499,88662,171.273799
2023-05-24 18:10:00+00:00,171.25,171.275,171.1792,624,171.19,67069,171.231682
2023-05-24 18:11:00+00:00,171.15,171.28,171.1001,1083,171.26,108033,171.167919
2023-05-24 18:12:00+00:00,171.26,171.29,171.153,559,171.153,58567,171.22349
2023-05-24 18:13:00+00:00,171.34,171.36,171.26,452,171.2679,49964,171.308638
2023-05-24 18:14:00+00:00,171.39,171.41,171.33,510,171.3475,64161,171.366205
2023-05-24 18:15:00+00:00,171.516,171.54,171.375,628,171.38,59671,171.468592
2023-05-24 18:16:00+00:00,171.44,171.5296,171.3712,538,171.5296,74203,171.432621
2023-05-24 18:17:00+00:00,171.4482,171.5,171.42,458,171.44,49213,171.453043
2023-05-24 18:18:00+00:00,171.351,171.46,171.3307,563,171.45,62262,171.387413
2023-05-24 18:19:00+00:00,171.3483,171.36,171.305,432,171.35,39384,171.330132
2023-05-24 18:20:00+00:00,171.29,171.35,171.27,407,171.35,40179,171.297614
2023-05-24 18:21:00+00:00,171.26,171.3,171.2243,436,171.29,47054,171.334493
2023-05-24 18:22:00+00:00,171.2941,171.2941,171.22,410,171.26,36153,171.256876
2023-05-24 18:23:00+00:00,171.3284,171.3284,171.28,473,171.2912,44109,171.298601
2023-05-24 18:24:00+00:00,171.37,171.38,171.31,553,171.33,47505,171.34496
2023-05-24 18:25:00+00:00,171.285,171.3799,171.26,600,171.3642,48425,171.311757
2023-05-24 18:26:00+00:00,171.235,171.2799,171.19,589,171.2799,50962,171.221149
2023-05-24 18:27:00+00:00,171.23,171.2599,171.215,357,171.2344,24882,171.235797
2023-05-24 18:28:00+00:00,171.2,171.24,171.17,553,171.24,54498,171.202714
2023-05-24 18:29:00+00:00,171.19,171.22,171.1189,609,171.21,58741,171.16643
2023-05-24 18:30:00+00:00,171.15,171.2,171.12,528,171.18,51424,171.151021
2023-05-24 18:31:00+00:00,171.15,171.18,171.11,545,171.14,53746,171.134458
2023-05-24 18:32:00+00:00,171.098,171.2,171.08,536,171.14,41230,171.14193
2023-05-24 18:33:00+00:00,171.08,171.11,171.05,449,171.09,45880,171.086135
2023-05-24 18:34:00+00:00,171.1401,171.16,171.03,562,171.08,54017,171.086472
2023-05-24 18:35:00+00:00,171.16,171.19,171.12,484,171.15,46120,171.152425
2023-05-24 18:36:00+00:00,171.225,171.23,171.13,513,171.15,61646,171.172805
2023-05-24 18:37:00+00:00,171.2733,171.3,171.19,700,171.2203,86742,171.246247
2023-05-24 18:38:00+00:00,171.3,171.32,171.25,568,171.2765,61703,171.280788
2023-05-24 18:39:00+00:00,171.23,171.32,171.21,476,171.2982,38199,171.261114
2023-05-24 18:40:00+00:00,171.29,171.35,171.22,732,171.23,80493,171.288568
2023-05-24 18:41:00+00:00,171.28,171.32,171.26,443,171.295,33296,171.290807
2023-05-24 18:42:00+00:00,171.285,171.33,171.255,567,171.29,35183,171.287096
2023-05-24 18:43:00+00:00,171.3,171.34,171.28,402,171.29,29196,171.308664
2023-05-24 18:44:00+00:00,171.31,171.32,171.26,515,171.3063,37594,171.295258
2023-05-24 18:45:00+00:00,171.34,171.38,171.28,642,171.29,67461,171.35105
2023-05-24 18:46:00+00:00,171.3026,171.39,171.29,562,171.3475,53854,171.332072
2023-05-24 18:47:00+00:00,171.32,171.33,171.255,626,171.3,44419,171.298713
2023-05-24 18:48:00+00:00,171.2702,171.33,171.25,538,171.32,39763,171.28544
2023-05-24 18:49:00+00:00,171.275,171.31,171.26,358,171.27,19582,171.28746
2023-05-24 18:50:00+00:00,171.3,171.33,171.27,496,171.2744,31270,171.302696
2023-05-24 18:51:00+00:00,171.38,171.41,171.305,694,171.305,71164,171.375238
2023-05-24 18:52:00+00:00,171.35,171.375,171.3,622,171.375,61015,171.324277
2023-05-24 18:53:00+00:00,171.36,171.44,171.335,800,171.345,63716,171.406132
2023-05-24 18:54:00+00:00,171.29,171.4,171.24,1619,171.37,146614,171.310098
2023-05-24 18:55:00+00:00,171.33,171.34,171.26,1186,171.29,122663,171.300183
2023-05-24 18:56:00+00:00,171.2715,171.34,171.25,719,171.325,73980,171.286184
2023-05-24 18:57:00+00:00,171.2701,171.305,171.25,541,171.28,45092,171.272806
2023-05-24 18:58:00+00:00,171.3075,171.365,171.29,660,171.29,64451,171.322847
2023-05-24 18:59:00+00:00,171.33,171.35,171.27,596,171.31,40384,171.309735
2023-05-24 19:00:00+00:00,171.285,171.33,171.25,737,171.33,62974,171.276984
2023-05-24 19:01:00+00:00,171.19,171.31,171.18,722,171.2802,49890,171.242234
2023-05-24 19:02:00+00:00,171.24,171.25,171.19,633,171.2,45104,171.220959
2023-05-24 19:03:00+00:00,171.25,171.25,171.215,548,171.24,29099,171.231045
2023-05-24 19:04:00+00:00,171.18,171.25,171.15,747,171.25,43842,171.190699
2023-05-24 19:05:00+00:00,171.265,171.28,171.1506,817,171.19,65161,171.219751
2023-05-24 19:06:00+00:00,171.3596,171.3847,171.27,915,171.27,80590,171.331052
2023-05-24 19:07:00+00:00,171.33,171.38,171.305,682,171.36,49234,171.33974
2023-05-24 19:08:00+00:00,171.35,171.37,171.295,636,171.325,58914,171.330308
2023-05-24 19:09:00+00:00,171.375,171.4,171.345,529,171.35,49837,171.38074
2023-05-24 19:10:00+00:00,171.355,171.4,171.33,661,171.37,50078,171.367042
2023-05-24 19:11:00+00:00,171.38,171.4,171.3383,739,171.35,70485,171.372811
2023-05-24 19:12:00+00:00,171.37,171.4,171.3393,605,171.39,53576,171.365438
2023-05-24 19:13:00+00:00,171.43,171.43,171.34,623,171.36,47775,171.386348
2023-05-24 19:14:00+00:00,171.46,171.49,171.41,949,171.425,100776,171.447682
2023-05-24 19:15:00+00:00,171.505,171.53,171.43,1016,171.465,109667,171.479757
2023-05-24 19:16:00+00:00,171.53,171.54,171.485,703,171.51,52662,171.510671
2023-05-24 19:17:00+00:00,171.68,171.685,171.515,907,171.53,97263,171.607644
2023-05-24 19:18:00+00:00,171.83,171.83,171.6584,1671,171.6799,179853,171.745277
2023-05-24 19:19:00+00:00,171.885,171.93,171.825,1613,171.83,184650,171.867616
2023-05-24 19:20:00+00:00,172.0302,172.09,171.905,2952,171.905,296768,172.017424
2023-05-24 19:21:00+00:00,172.06,172.15,171.98,1798,172.035,159517,172.082842
2023-05-24 19:22:00+00:00,172.08,172.12,172.0301,1142,172.06,97828,172.065937
2023-05-24 19:23:00+00:00,171.94,172.0976,171.88,2004,172.08,169741,171.979675
2023-05-24 19:24:00+00:00,172.06,172.07,171.915,1185,171.945,97783,172.000376
2023-05-24 19:25:00+00:00,172.1358,172.2,172.07,1461,172.07,125918,172.133667
2023-05-24 19:26:00+00:00,172.15,172.1855,172.1,914,172.14,78753,172.139066
2023-05-24 19:27:00+00:00,172.12,172.15,172.05,1134,172.15,93370,172.098379
2023-05-24 19:28:00+00:00,172.0561,172.15,172.04,865,172.1191,62345,172.084782
2023-05-24 19:29:00+00:00,172.105,172.145,172.05,1187,172.06,104967,172.097442
2023-05-24 19:30:00+00:00,172.1577,172.18,172.11,1232,172.11,106823,172.150296
2023-05-24 19:31:00+00:00,172.27,172.315,172.15,1901,172.15,198417,172.240103
2023-05-24 19:32:00+00:00,172.36,172.4183,172.2543,1765,172.265,178047,172.342571
2023-05-24 19:33:00+00:00,172.2513,172.36,172.14,2391,172.355,234901,172.267217
2023-05-24 19:34:00+00:00,172.2742,172.315,172.2326,901,172.255,57580,172.277982
2023-05-24 19:35:00+00:00,172.16,172.31,172.13,1281,172.28,103240,172.186601
2023-05-24 19:36:00+00:00,172.165,172.22,172.105,1106,172.15,95604,172.156983
2023-05-24 19:37:00+00:00,172.14,172.19,172.105,1019,172.17,73327,172.147761
2023-05-24 19:38:00+00:00,172.03,172.18,171.95,1601,172.1301,148219,172.053269
2023-05-24 19:39:00+00:00,172.17,172.17,172.015,1208,172.0261,98282,172.102612
2023-05-24 19:40:00+00:00,172.165,172.22,172.12,1182,172.17,121634,172.167334
2023-05-24 19:41:00+00:00,172.115,172.16,172.08,1303,172.16,113308,172.116389
2023-05-24 19:42:00+00:00,172.13,172.19,172.07,1094,172.11,96379,172.12576
2023-05-24 19:43:00+00:00,172.115,172.2099,172.11,1236,172.14,108464,172.158384
2023-05-24 19:44:00+00:00,171.95,172.11,171.9,1329,172.11,109339,171.986543
2023-05-24 19:45:00+00:00,171.91,171.96,171.83,1530,171.96,133168,171.880233
2023-05-24 19:46:00+00:00,171.9007,171.9538,171.825,1110,171.9,109915,171.881281
2023-05-24 19:47:00+00:00,172.04,172.04,171.89,1032,171.9035,94911,171.960124
2023-05-24 19:48:00+00:00,172.03,172.1082,172.01,1063,172.05,80763,172.057637
2023-05-24 19:49:00+00:00,171.975,172.07,171.94,1461,172.03,127923,171.999732
2023-05-24 19:50:00+00:00,171.72,171.975,171.65,3167,171.97,249119,171.745188
2023-05-24 19:51:00+00:00,171.69,171.77,171.65,1701,171.73,144269,171.699392
2023-05-24 19:52:00+00:00,171.88,171.93,171.69,2296,171.69,216247,171.845786
2023-05-24 19:53:00+00:00,171.85,172.02,171.84,1725,171.88,134408,171.929382
2023-05-24 19:54:00+00:00,171.92,171.98,171.84,2385,171.85,218429,171.914967
2023-05-24 19:55:00+00:00,171.7,171.96,171.66,2760,171.94,244084,171.779717
2023-05-24 19:56:00+00:00,171.83,171.88,171.65,2455,171.695,379308,171.797269
2023-05-24 19:57:00+00:00,171.86,171.93,171.83,2243,171.84,203843,171.885091
2023-05-24 19:58:00+00:00,171.81,171.92,171.78,2655,171.86,308437,171.828142
2023-05-24 19:59:00+00:00,171.85,171.9,171.75,5976,171.81,739013,171.826281
2023-05-24 20:00:00+00:00,171.77,171.84,171.76,163,171.84,4490673,171.839866
2023-05-24 20:01:00+00:00,171.82,171.8201,171.76,54,171.76,194984,171.839272
2023-05-24 20:02:00+00:00,171.79,171.8,171.79,35,171.8,620652,171.839957
2023-05-24 20:03:00+00:00,171.8,171.81,171.8,24,171.81,2809,171.830199
2023-05-24 20:04:00+00:00,171.79,171.81,171.79,21,171.81,1469,171.801906
2023-05-24 20:05:00+00:00,171.78,171.8,171.78,227,171.8,25524,171.835219
2023-05-24 20:06:00+00:00,171.66,171.73,171.62,89,171.73,9481,171.661721
2023-05-24 20:07:00+00:00,171.67,171.84,171.66,27,171.66,2213,171.787741
2023-05-24 20:08:00+00:00,171.7,171.84,171.7,43,171.84,183988,171.838885
2023-05-24 20:10:00+00:00,171.59,171.77,171.58,84,171.76,6575,171.709642
2023-05-24 20:11:00+00:00,171.61,171.61,171.59,64,171.6,4140,171.599573
2023-05-24 20:12:00+00:00,171.6,171.6,171.6,46,171.6,7965,171.599847
2023-05-24 20:13:00+00:00,171.77,171.82,171.6,73,171.6,4717,171.697689
2023-05-24 20:14:00+00:00,171.83,171.84,171.77,44,171.77,3629,171.818894
2023-05-24 20:15:00+00:00,171.83,171.84,171.83,53,171.83,4452,171.829265
2023-05-24 20:16:00+00:00,171.83,171.83,171.4871,37,171.4871,12657,171.783172
2023-05-24 20:17:00+00:00,171.84,171.84,171.81,34,171.83,5675,171.832079
2023-05-24 20:18:00+00:00,171.82,171.82,171.82,11,171.82,127,171.82185
2023-05-24 20:19:00+00:00,171.82,171.82,171.82,37,171.82,1983,171.81488
2023-05-24 20:20:00+00:00,172.15,172.27,171.83,142,171.83,13254,172.00957
2023-05-24 20:21:00+00:00,172.15,172.44,172.09,193,172.15,7241,172.259255
2023-05-24 20:22:00+00:00,171.9,172.44,171.89,211,172.2,15787,172.190964
2023-05-24 20:23:00+00:00,172.04,172.28,171.91,291,171.91,17298,171.98967
2023-05-24 20:24:00+00:00,171.95,172.24,171.89,295,172.05,24013,171.965691
2023-05-24 20:25:00+00:00,172.04,172.04,171.8,225,171.94,18666,171.855763
2023-05-24 20:26:00+00:00,171.88,172.05,171.84,166,172.04,14100,171.92511
2023-05-24 20:27:00+00:00,172.03,172.05,171.89,126,171.89,11344,171.966122
2023-05-24 20:28:00+00:00,171.84,172.03,171.84,148,172.03,11680,171.883763
2023-05-24 20:29:00+00:00,171.78,171.8852,171.78,123,171.84,17943,171.809015
2023-05-24 20:30:00+00:00,171.74,171.83,171.61,136,171.79,8884,171.740782
2023-05-24 20:31:00+00:00,171.57,171.83,171.5,358,171.73,20389,171.606049
2023-05-24 20:32:00+00:00,171.64,171.77,171.56,110,171.56,6437,171.630583
2023-05-24 20:33:00+00:00,171.63,171.76,171.6,166,171.6,7679,171.68286
2023-05-24 20:34:00+00:00,171.65,171.65,171.5,192,171.62,12830,171.598132
2023-05-24 20:35:00+00:00,171.39,171.56,171.3,236,171.5,9232,171.475093
2023-05-24 20:36:00+00:00,171.31,171.5,171.11,212,171.39,18397,171.32407
2023-05-24 20:37:00+00:00,171.84,171.84,171.29,70,171.32,9513,171.440863
2023-05-24 20:38:00+00:00,171.53,171.55,171.46,136,171.51,9574,171.519191
2023-05-24 20:39:00+00:00,171.35,171.54,171.3,82,171.54,14958,171.454213
2023-05-24 20:40:00+00:00,171.44,171.45,171.4,31,171.45,2060,171.440599
2023-05-24 20:41:00+00:00,171.44,171.49,171.26,115,171.45,6118,171.403416
2023-05-24 20:42:00+00:00,171.44,171.56,171.3219,45,171.44,6735,171.464387
2023-05-24 20:43:00+00:00,171.36,171.5,171.36,178,171.49,8403,171.42399
2023-05-24 20:44:00+00:00,171.09,171.51,171.09,154,171.41,15344,171.257485
2023-05-24 20:45:00+00:00,171.15,171.21,171.0,138,171.0,590438,171.829235
2023-05-24 20:46:00+00:00,171.0606,171.11,171.0,136,171.1,15566,171.018712
2023-05-24 20:47:00+00:00,171.01,171.21,170.91,146,171.09,6528,171.057497
2023-05-24 20:48:00+00:00,170.98,170.99,170.98,68,170.99,361193,171.833091
2023-05-24 20:49:00+00:00,171.11,171.11,170.9,160,170.97,12953,170.973079
2023-05-24 20:50:00+00:00,171.02,171.11,170.9912,88,171.11,5273,171.019807
2023-05-24 20:51:00+00:00,171.04,171.06,170.81,162,171.05,9460,170.94839
2023-05-24 20:52:00+00:00,171.02,171.04,170.91,67,171.04,4181,170.953881
2023-05-24 20:53:00+00:00,171.0599,171.1,171.04,59,171.1,2295,171.060838
2023-05-24 20:54:00+00:00,171.35,171.35,171.1,116,171.1,8977,171.206466
2023-05-24 20:55:00+00:00,171.25,171.39,171.2,158,171.34,9866,171.314272
2023-05-24 20:56:00+00:00,171.33,171.33,171.27,77,171.27,4311,171.29355
2023-05-24 20:57:00+00:00,171.38,171.38,171.3,80,171.34,5831,171.352471
2023-05-24 20:58:00+00:00,171.41,171.4652,171.38,115,171.38,4152,171.413561
2023-05-24 20:59:00+00:00,171.57,171.57,171.41,86,171.48,5148,171.385492
2023-05-24 21:00:00+00:00,171.5202,171.57,171.52,72,171.55,7094,171.544976
2023-05-24 21:01:00+00:00,171.48,171.55,171.48,102,171.5398,6513,171.504831
2023-05-24 21:02:00+00:00,171.54,171.54,171.3,135,171.4411,13242,171.406576
2023-05-24 21:03:00+00:00,171.54,171.55,171.35,57,171.4,4207,171.437715
2023-05-24 21:04:00+00:00,171.43,171.48,171.32,74,171.47,5345,171.358669
2023-05-24 21:05:00+00:00,171.37,171.43,171.33,117,171.3999,5577,171.426915
2023-05-24 21:06:00+00:00,171.34,171.35,171.29,74,171.32,7484,171.331433
2023-05-24 21:07:00+00:00,171.34,171.34,171.3,76,171.34,3957,171.326797
2023-05-24 21:08:00+00:00,171.25,171.3,171.25,62,171.3,5963,171.272952
2023-05-24 21:09:00+00:00,171.34,171.34,171.3,106,171.33,9833,171.32126
2023-05-24 21:10:00+00:00,171.34,171.34,171.34,43,171.34,727,171.355357
2023-05-24 21:11:00+00:00,171.43,171.43,171.4,68,171.4,3749,171.411546
2023-05-24 21:12:00+00:00,171.4,171.45,171.34,117,171.35,3915,171.406745
2023-05-24 21:13:00+00:00,171.51,171.51,171.4485,51,171.4485,3380,171.464246
2023-05-24 21:14:00+00:00,171.69,171.69,171.56,89,171.56,9230,171.634589
2023-05-24 21:15:00+00:00,171.68,171.7,171.67,46,171.67,2848,171.687375
2023-05-24 21:16:00+00:00,171.65,171.68,171.65,95,171.68,3496,171.664939
2023-05-24 21:17:00+00:00,171.65,171.67,171.65,162,171.65,8354,171.654761
2023-05-24 21:18:00+00:00,171.65,171.69,171.5,102,171.65,3086,171.569216
2023-05-24 21:19:00+00:00,171.5,171.6399,171.5,87,171.5,4990,171.528297
2023-05-24 21:20:00+00:00,171.6,171.65,171.5,69,171.51,2761,171.579486
2023-05-24 21:21:00+00:00,171.5,171.65,171.3,163,171.51,10407,171.478077
2023-05-24 21:22:00+00:00,171.52,171.54,171.33,68,171.5,5109,171.4525
2023-05-24 21:23:00+00:00,171.644,171.644,171.49,25,171.49,611,171.567259
2023-05-24 21:24:00+00:00,171.5,171.6,171.5,62,171.56,3922,171.549074
2023-05-24 21:25:00+00:00,171.31,171.51,171.31,73,171.51,2354,171.49103
2023-05-24 21:26:00+00:00,171.37,171.5,171.34,53,171.36,2929,171.392465
2023-05-24 21:27:00+00:00,171.5,171.5,171.37,40,171.4114,2418,171.393856
2023-05-24 21:28:00+00:00,171.46,171.47,171.46,50,171.47,1351,171.464606
2023-05-24 21:29:00+00:00,171.42,171.42,171.41,104,171.42,1376,171.430887
2023-05-24 21:30:00+00:00,171.43,171.43,171.43,57,171.43,1152,171.433088
2023-05-24 21:31:00+00:00,171.49,171.49,171.4304,27,171.4304,1931,171.45803
2023-05-24 21:32:00+00:00,171.45,171.45,171.45,33,171.45,1176,171.45185
2023-05-24 21:33:00+00:00,171.491,171.491,171.49,59,171.49,1165,171.473365
2023-05-24 21:34:00+00:00,171.37,171.44,171.37,188,171.37,3403,171.377512
2023-05-24 21:35:00+00:00,171.4,171.4,171.3245,23,171.3245,496,171.386056
2023-05-24 21:37:00+00:00,171.3686,171.37,171.3686,22,171.37,1067,171.36728
2023-05-24 21:38:00+00:00,171.37,171.37,171.37,23,171.37,909,171.367904
2023-05-24 21:39:00+00:00,171.4199,171.4199,171.35,25,171.3995,1974,171.386094
2023-05-24 21:40:00+00:00,171.48,171.48,171.48,30,171.48,1905,171.474577
2023-05-24 21:41:00+00:00,171.65,171.65,171.56,63,171.56,2917,171.585338
2023-05-24 21:42:00+00:00,171.68,171.7,171.67,38,171.7,4012,171.686534
2023-05-24 21:43:00+00:00,171.7,171.7,171.66,41,171.68,1772,171.68533
2023-05-24 21:44:00+00:00,171.65,171.68,171.65,43,171.68,1890,171.664667
2023-05-24 21:45:00+00:00,171.38,171.61,171.38,111,171.61,3314,171.473838
2023-05-24 21:46:00+00:00,171.6,171.6,171.3601,54,171.3601,4844,171.444845
2023-05-24 21:47:00+00:00,171.69,171.7,171.65,42,171.65,5733,171.678969
2023-05-24 21:48:00+00:00,171.67,171.69,171.67,32,171.68,2755,171.676457
2023-05-24 21:49:00+00:00,171.7,171.71,171.67,40,171.67,2061,171.695463
2023-05-24 21:50:00+00:00,171.69,171.73,171.69,34,171.73,2597,171.696121
2023-05-24 21:51:00+00:00,171.6742,171.6742,171.6,53,171.6,1253,171.617494
2023-05-24 21:52:00+00:00,171.51,171.55,171.51,51,171.55,1194,171.54139
2023-05-24 21:53:00+00:00,171.57,171.63,171.57,29,171.57,2293,171.575556
2023-05-24 21:54:00+00:00,171.55,171.62,171.55,59,171.62,866,171.586865
2023-05-24 21:55:00+00:00,171.67,171.7,171.61,39,171.61,4005,171.674829
2023-05-24 21:56:00+00:00,171.66,171.66,171.66,34,171.66,735,171.670095
2023-05-24 21:57:00+00:00,171.63,171.7,171.63,41,171.63,1553,171.657376
2023-05-24 21:58:00+00:00,171.63,171.7,171.63,54,171.7,1220,171.643943
2023-05-24 21:59:00+00:00,171.61,171.7,171.61,47,171.7,1293,171.625623
2023-05-24 22:00:00+00:00,171.37,171.61,171.37,126,171.61,10172,171.525581
2023-05-24 22:01:00+00:00,171.41,171.49,171.38,33,171.38,3284,171.416521
2023-05-24 22:02:00+00:00,171.5999,171.5999,171.4,23,171.41,2882,171.494575
2023-05-24 22:03:00+00:00,171.61,171.65,171.52,38,171.56,6489,171.594512
2023-05-24 22:04:00+00:00,171.65,171.65,171.6,33,171.62,6989,171.606291
2023-05-24 22:05:00+00:00,171.6,171.61,171.59,27,171.6,1761,171.602831
2023-05-24 22:06:00+00:00,171.64,171.64,171.64,25,171.64,847,171.633483
2023-05-24 22:07:00+00:00,171.63,171.64,171.6,26,171.6,1534,171.610379
2023-05-24 22:08:00+00:00,171.62,171.62,171.56,54,171.6,3350,171.595876
2023-05-24 22:09:00+00:00,171.53,171.53,171.51,32,171.53,1660,171.531431
2023-05-24 22:10:00+00:00,171.52,171.54,171.52,25,171.52,1631,171.526947
2023-05-24 22:11:00+00:00,171.57,171.63,171.52,11,171.52,1060,171.582
2023-05-24 22:12:00+00:00,171.53,171.6105,171.53,46,171.56,873,171.560905
2023-05-24 22:13:00+00:00,171.65,171.65,171.51,36,171.51,1237,171.559313
2023-05-24 22:14:00+00:00,171.627,171.69,171.51,35,171.55,969,171.57386
2023-05-24 22:15:00+00:00,171.52,171.62,171.51,49,171.51,1987,171.563203
2023-05-24 22:16:00+00:00,171.6,171.6,171.59,22,171.59,515,171.599359
2023-05-24 22:17:00+00:00,171.5,171.57,171.5,59,171.54,2133,171.522695
2023-05-24 22:18:00+00:00,171.5,171.52,171.5,23,171.52,1032,171.509807
2023-05-24 22:19:00+00:00,171.5642,171.5642,171.55,24,171.55,476,171.548582
2023-05-24 22:20:00+00:00,171.5,171.62,171.5,27,171.62,1798,171.545851
2023-05-24 22:21:00+00:00,171.41,171.5,171.37,53,171.5,4603,171.467863
2023-05-24 22:22:00+00:00,171.4921,171.4921,171.3,72,171.41,12484,171.359479
2023-05-24 22:23:00+00:00,171.33,171.35,171.33,40,171.33,1846,171.329168
2023-05-24 22:24:00+00:00,171.3,171.33,171.3,35,171.32,896,171.310273
2023-05-24 22:25:00+00:00,171.33,171.33,171.25,38,171.3,2392,171.301661
2023-05-24 22:26:00+00:00,171.22,171.26,171.22,39,171.26,1242,171.247371
2023-05-24 22:27:00+00:00,171.26,171.26,171.26,14,171.26,385,171.256286
2023-05-24 22:28:00+00:00,171.37,171.37,171.25,21,171.26,7492,171.262902
2023-05-24 22:29:00+00:00,171.31,171.33,171.31,19,171.32,2246,171.325579
2023-05-24 22:30:00+00:00,171.31,171.38,171.31,16,171.38,747,171.333555
2023-05-24 22:31:00+00:00,171.4,171.4,171.32,15,171.32,2084,171.366267
2023-05-24 22:32:00+00:00,171.35,171.4,171.35,16,171.4,911,171.369385
2023-05-24 22:33:00+00:00,171.3,171.33,171.3,46,171.33,2481,171.312654
2023-05-24 22:34:00+00:00,171.28,171.31,171.28,27,171.31,2066,171.305448
2023-05-24 22:35:00+00:00,171.26,171.28,171.26,24,171.28,532,171.272331
2023-05-24 22:36:00+00:00,171.1,171.2213,171.1,82,171.2213,4343,171.2021
2023-05-24 22:37:00+00:00,171.155,171.17,171.0,87,171.1,7547,171.067009
2023-05-24 22:38:00+00:00,171.09,171.12,171.02,25,171.12,1277,171.094236
2023-05-24 22:39:00+00:00,171.07,171.09,171.0,50,171.09,6145,171.02328
2023-05-24 22:40:00+00:00,171.1,171.1,171.06,27,171.06,2005,171.08899
2023-05-24 22:41:00+00:00,171.1668,171.1668,171.11,23,171.15,647,171.135989
2023-05-24 22:42:00+00:00,171.17,171.18,171.11,41,171.18,1798,171.154105
2023-05-24 22:43:00+00:00,171.18,171.18,171.16,31,171.16,1620,171.183498
2023-05-24 22:44:00+00:00,171.2,171.2,171.2,32,171.2,713,171.180217
2023-05-24 22:45:00+00:00,171.14,171.14,171.14,11,171.14,301,171.147261
2023-05-24 22:46:00+00:00,171.14,171.14,171.14,18,171.14,408,171.139588
2023-05-24 22:47:00+00:00,171.12,171.19,171.12,34,171.15,1204,171.148337
2023-05-24 22:48:00+00:00,171.11,171.15,171.11,42,171.15,1697,171.140138
2023-05-24 22:49:00+00:00,171.1,171.1,171.1,28,171.1,1798,171.101529
2023-05-24 22:50:00+00:00,171.1788,171.1788,171.15,12,171.15,1310,171.170854
2023-05-24 22:51:00+00:00,171.12,171.25,171.12,42,171.18,3577,171.192777
2023-05-24 22:52:00+00:00,171.12,171.15,171.12,24,171.15,690,171.147138
2023-05-24 22:53:00+00:00,171.15,171.15,171.12,36,171.13,2607,171.125283
2023-05-24 22:54:00+00:00,171.19,171.19,171.15,26,171.19,1649,171.176267
2023-05-24 22:55:00+00:00,171.17,171.17,171.17,15,171.17,384,171.186641
2023-05-24 22:56:00+00:00,171.12,171.28,171.11,36,171.14,3105,171.148907
2023-05-24 22:57:00+00:00,171.17,171.17,171.17,37,171.17,626,171.164904
2023-05-24 22:58:00+00:00,171.13,171.13,171.11,16,171.12,733,171.125587
2023-05-24 22:59:00+00:00,171.04,171.17,171.03,49,171.17,9016,171.067229
2023-05-24 23:00:00+00:00,171.18,171.18,171.18,13,171.18,402,171.173408
2023-05-24 23:01:00+00:00,171.04,171.08,171.02,32,171.06,2486,171.047565
2023-05-24 23:02:00+00:00,171.05,171.05,171.04,25,171.04,816,171.038015
2023-05-24 23:03:00+00:00,171.0,171.01,171.0,24,171.01,679,171.008174
2023-05-24 23:04:00+00:00,171.0,171.0,171.0,30,171.0,1584,171.000619
2023-05-24 23:05:00+00:00,171.07,171.07,171.07,21,171.07,1100,171.068855
2023-05-24 23:06:00+00:00,171.07,171.07,171.07,13,171.07,221,171.072059
2023-05-24 23:07:00+00:00,171.0,171.06,171.0,47,171.04,5197,171.013309
2023-05-24 23:08:00+00:00,171.0,171.01,171.0,44,171.01,2616,171.002787
2023-05-24 23:09:00+00:00,171.02,171.02,170.9,80,171.0,3274,170.973722
2023-05-24 23:10:00+00:00,171.03,171.03,170.99,31,171.0,1683,171.021233
2023-05-24 23:11:00+00:00,170.95,171.02,170.95,30,171.02,1700,170.999632
2023-05-24 23:12:00+00:00,170.97,171.0,170.97,37,170.97,1454,170.991165
2023-05-24 23:13:00+00:00,171.0,171.0,170.98,15,170.98,347,170.990843
2023-05-24 23:14:00+00:00,171.0,171.0,170.99,26,170.99,1388,170.995648
2023-05-24 23:15:00+00:00,171.02,171.02,171.01,32,171.01,1059,171.012172
2023-05-24 23:16:00+00:00,171.0,171.06,171.0,58,171.01,3002,171.004372
2023-05-24 23:17:00+00:00,170.96,171.0,170.96,32,170.99,1608,170.984863
2023-05-24 23:18:00+00:00,170.88,170.96,170.87,56,170.95,1612,170.912375
2023-05-24 23:19:00+00:00,170.94,170.94,170.89,38,170.89,686,170.912777
2023-05-24 23:20:00+00:00,170.87,170.88,170.87,30,170.88,703,170.884758
2023-05-24 23:21:00+00:00,170.88,170.88,170.88,28,170.88,485,170.88566
2023-05-24 23:22:00+00:00,170.9,170.9,170.9,20,170.9,346,170.900376
2023-05-24 23:23:00+00:00,170.93,170.93,170.9,25,170.9,898,170.904627
2023-05-24 23:24:00+00:00,170.9,170.94,170.9,37,170.9,1799,170.908905
2023-05-24 23:25:00+00:00,170.86,170.89,170.85,48,170.89,3004,170.860261
2023-05-24 23:26:00+00:00,170.94,170.94,170.91,39,170.91,2367,170.933779
2023-05-24 23:27:00+00:00,170.94,170.94,170.87,20,170.87,1146,170.91959
2023-05-24 23:28:00+00:00,170.95,170.95,170.87,32,170.87,1641,170.933297
2023-05-24 23:29:00+00:00,170.88,170.95,170.88,40,170.89,2148,170.91247
2023-05-24 23:30:00+00:00,170.88,170.88,170.84,47,170.88,3046,170.862349
2023-05-24 23:32:00+00:00,170.95,170.95,170.93,17,170.93,1174,170.950162
2023-05-24 23:33:00+00:00,170.95,170.95,170.93,16,170.95,1550,170.94476
2023-05-24 23:34:00+00:00,170.96,170.96,170.96,23,170.96,578,170.958841
2023-05-24 23:35:00+00:00,170.96,170.96,170.9501,23,170.9501,979,170.956302
2023-05-24 23:36:00+00:00,171.0,171.0,171.0,19,171.0,284,170.992658
2023-05-24 23:37:00+00:00,171.04,171.04,170.99,26,170.99,1511,171.011615
2023-05-24 23:39:00+00:00,171.11,171.11,171.1,26,171.1,1130,171.102894
2023-05-24 23:40:00+00:00,171.1,171.15,171.1,38,171.1,2025,171.11036
2023-05-24 23:41:00+00:00,171.1,171.1,171.1,28,171.1,759,171.100662
2023-05-24 23:42:00+00:00,171.11,171.11,171.08,23,171.11,2929,171.101462
2023-05-24 23:43:00+00:00,171.14,171.15,171.14,20,171.15,905,171.145182
2023-05-24 23:44:00+00:00,171.14,171.14,171.1,21,171.1,1137,171.119027
2023-05-24 23:45:00+00:00,171.07,171.13,171.07,25,171.13,1880,171.10425
2023-05-24 23:46:00+00:00,171.05,171.07,171.05,17,171.07,2970,171.070349
2023-05-24 23:47:00+00:00,171.09,171.09,171.07,14,171.07,631,171.077179
2023-05-24 23:48:00+00:00,171.02,171.07,171.02,30,171.07,878,171.054612
2023-05-24 23:49:00+00:00,171.0201,171.04,171.0201,26,171.04,672,171.03471
2023-05-24 23:50:00+00:00,171.1,171.1,171.05,15,171.05,554,171.067644
2023-05-24 23:51:00+00:00,171.05,171.07,171.05,20,171.07,1523,171.064655
2023-05-24 23:52:00+00:00,171.0,171.05,170.95,39,171.05,3696,170.988231
2023-05-24 23:53:00+00:00,170.95,170.96,170.95,25,170.96,725,170.956269
2023-05-24 23:54:00+00:00,170.93,170.96,170.93,28,170.96,975,170.939067
2023-05-24 23:55:00+00:00,170.93,170.96,170.93,36,170.96,1493,170.935778
2023-05-24 23:56:00+00:00,170.96,170.96,170.92,27,170.93,2297,170.949675
2023-05-24 23:57:00+00:00,171.0,171.05,171.0,30,171.03,1455,171.013866
2023-05-24 23:58:00+00:00,171.0,171.0,170.94,33,170.95,2813,170.968699
2023-05-24 23:59:00+00:00,171.0,171.0,170.94,37,170.94,5822,170.947167
