timestamp,close,high,low,trade_count,open,volume,vwap
2023-05-15 08:00:00+00:00,172.99,173.0,172.59,47,172.59,1380,172.764094
2023-05-15 08:01:00+00:00,172.75,172.95,172.75,32,172.95,866,172.820127
2023-05-15 08:02:00+00:00,172.82,172.82,172.82,6,172.82,239,172.823138
2023-05-15 08:03:00+00:00,172.91,172.91,172.91,8,172.91,459,172.885359
2023-05-15 08:04:00+00:00,172.9,172.9,172.85,10,172.85,486,172.876111
2023-05-15 08:05:00+00:00,172.9,172.91,172.9,18,172.91,997,172.903651
2023-05-15 08:08:00+00:00,172.9,172.9,172.9,22,172.9,1130,172.88085
2023-05-15 08:10:00+00:00,172.83,172.95,172.83,22,172.95,840,172.863536
2023-05-15 08:12:00+00:00,172.81,172.83,172.81,4,172.83,501,172.818463
2023-05-15 08:13:00+00:00,172.93,172.93,172.93,5,172.93,239,172.928577
2023-05-15 08:15:00+00:00,172.86,172.86,172.86,2,172.86,303,172.86
2023-05-15 08:17:00+00:00,172.88,172.88,172.88,5,172.88,533,172.879381
2023-05-15 08:19:00+00:00,172.87,172.87,172.87,1,172.87,100,172.87
2023-05-15 08:20:00+00:00,172.95,172.95,172.95,10,172.95,257,172.944669
2023-05-15 08:22:00+00:00,172.97,172.97,172.92,22,172.92,1852,172.937786
2023-05-15 08:24:00+00:00,172.94,172.94,172.94,9,172.94,303,172.943399
2023-05-15 08:26:00+00:00,172.95,172.95,172.95,14,172.95,259,172.945946
2023-05-15 08:28:00+00:00,172.99,172.99,172.96,33,172.96,1760,172.971756
2023-05-15 08:30:00+00:00,172.99,172.99,172.94,20,172.94,2023,172.974681
2023-05-15 08:32:00+00:00,172.95,172.95,172.95,4,172.95,106,172.951698
2023-05-15 08:33:00+00:00,172.95,172.95,172.95,1,172.95,209,172.95
2023-05-15 08:35:00+00:00,172.95,172.98,172.95,10,172.95,811,172.957398
2023-05-15 08:36:00+00:00,172.95,172.95,172.95,7,172.95,491,172.950489
2023-05-15 08:40:00+00:00,172.95,172.95,172.95,15,172.95,342,172.957398
2023-05-15 08:44:00+00:00,172.97,172.98,172.97,5,172.97,420,172.972381
2023-05-15 08:45:00+00:00,172.98,172.98,172.97,9,172.97,441,172.974921
2023-05-15 08:47:00+00:00,172.92,172.92,172.92,11,172.92,661,172.921271
2023-05-15 08:48:00+00:00,172.9,172.91,172.9,7,172.91,506,172.904229
2023-05-15 08:53:00+00:00,172.83,172.83,172.83,11,172.83,1301,172.831284
2023-05-15 08:56:00+00:00,172.79,172.83,172.79,17,172.83,897,172.81505
2023-05-15 08:58:00+00:00,172.75,172.75,172.75,18,172.75,1091,172.750752
2023-05-15 09:00:00+00:00,172.89,172.89,172.89,13,172.89,628,172.881561
2023-05-15 09:19:00+00:00,172.88,172.94,172.88,64,172.94,2524,172.902326
2023-05-15 09:20:00+00:00,172.88,172.88,172.88,7,172.88,215,172.879953
2023-05-15 09:24:00+00:00,172.91,172.91,172.91,9,172.91,3208,172.909966
2023-05-15 09:30:00+00:00,172.91,172.91,172.85,12,172.85,3351,172.899376
2023-05-15 09:31:00+00:00,172.91,172.91,172.91,7,172.91,3297,172.909809
2023-05-15 09:34:00+00:00,172.9,172.9,172.89,15,172.89,752,172.895559
2023-05-15 09:35:00+00:00,172.9,172.9,172.9,6,172.9,344,172.896948
2023-05-15 09:36:00+00:00,172.9,172.9,172.9,7,172.9,950,172.9
2023-05-15 09:38:00+00:00,172.9,172.9,172.9,6,172.9,245,172.893265
2023-05-15 10:02:00+00:00,172.89,172.89,172.89,12,172.89,561,172.889964
2023-05-15 10:08:00+00:00,172.84,172.84,172.84,13,172.84,585,172.842342
2023-05-15 10:14:00+00:00,172.82,172.82,172.8,5,172.8,304,172.808191
2023-05-15 10:15:00+00:00,172.81,172.81,172.81,10,172.81,622,172.808055
2023-05-15 10:18:00+00:00,172.78,172.78,172.78,20,172.78,586,172.799061
2023-05-15 10:24:00+00:00,172.9,172.9,172.89,28,172.89,1093,172.893111
2023-05-15 10:39:00+00:00,172.94,172.95,172.94,14,172.94,1147,172.943078
2023-05-15 10:47:00+00:00,172.92,172.92,172.92,5,172.92,350,172.922857
2023-05-15 10:49:00+00:00,172.9,172.9,172.9,12,172.9,339,172.900649
2023-05-15 11:00:00+00:00,172.96,172.97,172.86,237,172.9,14611,172.926078
2023-05-15 11:01:00+00:00,172.99,173.0,172.96,133,172.96,5066,172.988253
2023-05-15 11:02:00+00:00,172.96,172.99,172.96,18,172.99,684,172.973889
2023-05-15 11:03:00+00:00,172.95,172.97,172.93,48,172.97,2775,172.955384
2023-05-15 11:04:00+00:00,172.94,172.94,172.94,24,172.94,1101,172.930272
2023-05-15 11:05:00+00:00,172.96,172.96,172.91,26,172.91,1083,172.945679
2023-05-15 11:06:00+00:00,173.1,173.1,172.99,149,172.99,10532,173.045885
2023-05-15 11:07:00+00:00,173.04,173.04,173.0,59,173.01,3128,173.02866
2023-05-15 11:08:00+00:00,173.0,173.0,173.0,7,173.0,392,172.998469
2023-05-15 11:09:00+00:00,173.0,173.0,172.97,29,172.98,2810,172.975178
2023-05-15 11:12:00+00:00,173.05,173.05,173.0,55,173.0,3612,173.033915
2023-05-15 11:13:00+00:00,173.1,173.1,173.06,44,173.06,3658,173.097091
2023-05-15 11:14:00+00:00,173.09,173.09,173.05,6,173.05,406,173.065123
2023-05-15 11:15:00+00:00,173.16,173.16,173.13,30,173.14,1862,173.147411
2023-05-15 11:16:00+00:00,173.2,173.2,173.15,36,173.15,1800,173.176122
2023-05-15 11:17:00+00:00,173.2,173.21,173.2,35,173.21,2216,173.207924
2023-05-15 11:18:00+00:00,173.27,173.27,173.2,68,173.2,5262,173.233451
2023-05-15 11:19:00+00:00,173.23,173.3,173.23,81,173.29,7894,173.280907
2023-05-15 11:20:00+00:00,173.26,173.26,173.23,25,173.23,2791,173.24789
2023-05-15 11:21:00+00:00,173.3,173.3,173.3,27,173.3,1155,173.292615
2023-05-15 11:22:00+00:00,173.3,173.3,173.29,22,173.29,1647,173.292672
2023-05-15 11:23:00+00:00,173.32,173.32,173.32,55,173.32,4518,173.318555
2023-05-15 11:25:00+00:00,173.25,173.25,173.22,22,173.22,1016,173.22873
2023-05-15 11:28:00+00:00,173.25,173.25,173.23,27,173.23,1874,173.246878
2023-05-15 11:30:00+00:00,173.26,173.26,173.26,7,173.26,351,173.252279
2023-05-15 11:31:00+00:00,173.24,173.24,173.24,17,173.24,459,173.218279
2023-05-15 11:32:00+00:00,173.06,173.2,173.01,87,173.2,7379,173.143166
2023-05-15 11:33:00+00:00,173.24,173.25,173.19,64,173.24,4787,173.230984
2023-05-15 11:34:00+00:00,173.23,173.24,173.2,24,173.2,2193,173.223406
2023-05-15 11:35:00+00:00,173.17,173.2,173.17,20,173.2,827,173.177025
2023-05-15 11:36:00+00:00,173.26,173.26,173.17,61,173.17,5020,173.225853
2023-05-15 11:37:00+00:00,173.27,173.28,173.27,26,173.28,1903,173.270741
2023-05-15 11:40:00+00:00,173.17,173.17,173.17,12,173.17,266,173.16188
2023-05-15 11:41:00+00:00,173.18,173.18,173.17,32,173.17,1033,173.169197
2023-05-15 11:43:00+00:00,173.17,173.17,173.17,5,173.17,186,173.167419
2023-05-15 11:44:00+00:00,173.17,173.17,173.17,3,173.17,804,173.17
2023-05-15 11:48:00+00:00,173.17,173.18,173.17,22,173.18,686,173.156064
2023-05-15 11:50:00+00:00,173.18,173.19,173.17,62,173.17,3250,173.176582
2023-05-15 11:51:00+00:00,172.95,173.1,172.95,179,173.08,12966,173.016144
2023-05-15 11:52:00+00:00,173.02,173.05,173.0,33,173.0,2428,173.021314
2023-05-15 11:53:00+00:00,172.99,173.05,172.97,82,173.01,6735,173.013496
2023-05-15 11:54:00+00:00,173.0,173.0,172.99,35,173.0,1803,172.995064
2023-05-15 11:55:00+00:00,173.0,173.07,173.0,78,173.01,4362,173.019374
2023-05-15 11:56:00+00:00,173.0,173.0,173.0,18,173.0,625,173.001872
2023-05-15 11:57:00+00:00,173.06,173.09,173.02,61,173.02,3203,173.044817
2023-05-15 11:58:00+00:00,173.0,173.0,173.0,13,173.0,513,173.00809
2023-05-15 11:59:00+00:00,173.0,173.02,172.97,74,173.01,4016,173.004522
2023-05-15 12:00:00+00:00,173.0,173.3,172.885,447,172.9219,40256,173.103648
2023-05-15 12:01:00+00:00,173.0003,173.05,172.16,800,173.01,18063,172.863479
2023-05-15 12:02:00+00:00,173.07,173.07,173.05,286,173.05,2881,172.783606
2023-05-15 12:03:00+00:00,173.13,173.15,173.11,48,173.11,9022,173.132768
2023-05-15 12:04:00+00:00,173.1,173.12,173.1,24,173.12,1360,173.099767
2023-05-15 12:05:00+00:00,173.09,173.09,173.05,27,173.05,783,173.070332
2023-05-15 12:08:00+00:00,173.11,173.11,173.1,41,173.1,1130,173.100332
2023-05-15 12:09:00+00:00,173.14,173.15,173.14,29,173.15,2000,173.143892
2023-05-15 12:10:00+00:00,173.1498,173.1498,173.13,33,173.14,1876,173.145921
2023-05-15 12:11:00+00:00,173.14,173.15,173.14,32,173.15,1267,173.143512
2023-05-15 12:12:00+00:00,173.08,173.14,173.08,24,173.13,847,173.12454
2023-05-15 12:13:00+00:00,173.08,173.08,173.08,18,173.08,339,173.080055
2023-05-15 12:14:00+00:00,173.13,173.14,173.13,35,173.14,976,173.134927
2023-05-15 12:15:00+00:00,173.13,173.15,173.13,43,173.13,1679,173.138279
2023-05-15 12:17:00+00:00,173.15,173.15,173.12,17,173.12,656,173.134763
2023-05-15 12:18:00+00:00,173.1,173.12,173.1,18,173.12,4028,173.101448
2023-05-15 12:20:00+00:00,173.1,173.1,173.09,18,173.09,1198,173.097513
2023-05-15 12:21:00+00:00,173.1,173.1,173.01,21,173.01,1981,173.02056
2023-05-15 12:22:00+00:00,173.0682,173.15,173.06,111,173.06,5609,173.095546
2023-05-15 12:23:00+00:00,172.98,173.03,172.98,52,173.03,1420,173.006349
2023-05-15 12:24:00+00:00,172.96,172.96,172.95,37,172.96,981,172.960428
2023-05-15 12:25:00+00:00,172.95,172.9694,172.93,21,172.93,1120,172.951599
2023-05-15 12:26:00+00:00,172.9,172.95,172.9,44,172.95,4749,172.923788
2023-05-15 12:27:00+00:00,172.89,172.9,172.89,62,172.9,4959,172.898584
2023-05-15 12:28:00+00:00,172.92,172.96,172.9,42,172.9,3722,172.923188
2023-05-15 12:29:00+00:00,172.94,172.94,172.94,23,172.94,820,172.942952
2023-05-15 12:30:00+00:00,172.94,173.18,172.94,151,172.98,9820,173.02733
2023-05-15 12:31:00+00:00,172.99,172.99,172.8,75,172.94,5627,172.862014
2023-05-15 12:32:00+00:00,172.92,172.98,172.92,51,172.93,2767,172.955053
2023-05-15 12:34:00+00:00,172.95,172.9883,172.95,23,172.95,502,172.960805
2023-05-15 12:35:00+00:00,172.98,172.98,172.96,43,172.96,1863,172.973347
2023-05-15 12:36:00+00:00,172.98,173.0,172.9699,44,173.0,4299,172.978429
2023-05-15 12:37:00+00:00,172.9,172.96,172.9,52,172.96,3320,172.938828
2023-05-15 12:38:00+00:00,172.9001,172.9001,172.89,33,172.89,2285,172.896943
2023-05-15 12:39:00+00:00,172.9,172.9,172.9,18,172.9,1230,172.905355
2023-05-15 12:40:00+00:00,172.9407,172.96,172.9,41,172.9001,2112,172.927338
2023-05-15 12:41:00+00:00,172.9899,172.9899,172.9899,29,172.9899,644,172.974762
2023-05-15 12:42:00+00:00,172.96,172.96,172.96,34,172.96,1646,172.96056
2023-05-15 12:43:00+00:00,172.91,172.91,172.91,34,172.91,977,172.904447
2023-05-15 12:44:00+00:00,172.93,172.93,172.93,17,172.93,241,172.924564
2023-05-15 12:45:00+00:00,173.07,173.0911,172.95,188,172.95,8756,173.000665
2023-05-15 12:46:00+00:00,173.07,173.07,173.07,32,173.07,762,173.074417
2023-05-15 12:47:00+00:00,173.092,173.092,173.08,30,173.08,660,173.084437
2023-05-15 12:48:00+00:00,173.14,173.14,173.07,44,173.07,6581,173.107312
2023-05-15 12:49:00+00:00,173.07,173.15,173.07,65,173.1435,2252,173.097831
2023-05-15 12:50:00+00:00,173.12,173.12,173.12,30,173.12,490,173.106896
2023-05-15 12:51:00+00:00,173.13,173.13,173.12,25,173.12,637,173.119443
2023-05-15 12:52:00+00:00,173.07,173.11,173.07,75,173.11,3591,173.091267
2023-05-15 12:53:00+00:00,173.05,173.05,173.03,31,173.04,2375,173.036847
2023-05-15 12:55:00+00:00,173.1,173.12,173.06,107,173.07,6905,173.093571
2023-05-15 12:56:00+00:00,173.1,173.12,173.1,63,173.1,3012,173.103547
2023-05-15 12:58:00+00:00,173.03,173.03,173.03,38,173.03,615,173.036519
2023-05-15 12:59:00+00:00,173.09,173.11,173.0,66,173.0074,2535,173.05644
2023-05-15 13:00:00+00:00,173.08,173.1,173.07,140,173.1,7334,173.087351
2023-05-15 13:01:00+00:00,173.1,173.1,173.09,36,173.09,3111,173.09641
2023-05-15 13:02:00+00:00,173.12,173.12,173.0801,75,173.0801,9809,173.099969
2023-05-15 13:03:00+00:00,173.08,173.14,173.08,21,173.1,733,173.114842
2023-05-15 13:04:00+00:00,173.09,173.09,173.08,61,173.08,2676,173.082961
2023-05-15 13:05:00+00:00,173.13,173.14,173.1,49,173.1,3924,173.119216
2023-05-15 13:06:00+00:00,173.2,173.2,173.14,93,173.14,5362,173.174336
2023-05-15 13:07:00+00:00,173.16,173.19,173.16,52,173.19,1831,173.17127
2023-05-15 13:08:00+00:00,173.2,173.2,173.15,66,173.15,3191,173.180026
2023-05-15 13:09:00+00:00,173.1901,173.2,173.1701,37,173.18,3284,173.187639
2023-05-15 13:10:00+00:00,173.13,173.17,173.13,60,173.17,1629,173.150295
2023-05-15 13:11:00+00:00,173.13,173.14,173.1,42,173.1,1303,173.115294
2023-05-15 13:12:00+00:00,173.18,173.26,173.16,73,173.17,2081,173.196095
2023-05-15 13:13:00+00:00,173.2135,173.2135,173.16,44,173.2,3015,173.182546
2023-05-15 13:14:00+00:00,173.19,173.2,173.17,38,173.18,3272,173.186617
2023-05-15 13:15:00+00:00,173.2,173.2,173.18,38,173.18,1957,173.189599
2023-05-15 13:16:00+00:00,173.22,173.22,173.17,59,173.2,2257,173.196579
2023-05-15 13:17:00+00:00,173.21,173.21,173.1901,35,173.1901,1153,173.199922
2023-05-15 13:18:00+00:00,173.21,173.21,173.21,24,173.21,561,173.207638
2023-05-15 13:19:00+00:00,173.25,173.25,173.21,50,173.21,1341,173.227532
2023-05-15 13:20:00+00:00,173.18,173.24,173.17,45,173.22,1540,173.199935
2023-05-15 13:21:00+00:00,173.14,173.16,173.13,47,173.16,1427,173.148809
2023-05-15 13:22:00+00:00,173.16,173.16,173.08,112,173.09,6853,173.120345
2023-05-15 13:23:00+00:00,173.15,173.17,173.1,60,173.1048,2624,173.130046
2023-05-15 13:24:00+00:00,173.132,173.19,173.132,108,173.19,4936,173.169614
2023-05-15 13:25:00+00:00,172.94,173.1,172.8,299,173.04,28496,172.963117
2023-05-15 13:26:00+00:00,172.94,172.94,172.86,71,172.93,6908,172.917265
2023-05-15 13:27:00+00:00,172.97,172.97,172.84,135,172.91,17736,172.898533
2023-05-15 13:28:00+00:00,173.0488,173.11,172.97,74,173.02,5560,173.038183
2023-05-15 13:29:00+00:00,173.16,173.17,173.03,164,173.04,9004,173.093527
2023-05-15 13:30:00+00:00,173.0,173.21,172.69,9536,173.16,997773,173.067798
2023-05-15 13:31:00+00:00,173.03,173.12,172.92,2246,173.0,205088,173.016571
2023-05-15 13:32:00+00:00,173.02,173.19,172.98,1986,173.02,196107,173.087156
2023-05-15 13:33:00+00:00,173.05,173.18,172.9,2465,173.0188,200695,173.04918
2023-05-15 13:34:00+00:00,172.95,173.135,172.9316,1757,173.057,135283,173.030982
2023-05-15 13:35:00+00:00,173.0273,173.05,172.85,2378,172.94,221676,172.943082
2023-05-15 13:36:00+00:00,172.785,173.03,172.7802,1801,173.03,145046,172.869269
2023-05-15 13:37:00+00:00,172.84,172.945,172.69,2268,172.78,216893,172.82523
2023-05-15 13:38:00+00:00,172.66,172.85,172.66,1486,172.8411,136087,172.785967
2023-05-15 13:39:00+00:00,172.6512,172.69,172.54,2267,172.665,219937,172.608141
2023-05-15 13:40:00+00:00,172.66,172.68,172.54,1339,172.65,123703,172.606465
2023-05-15 13:41:00+00:00,172.6201,172.69,172.48,1939,172.64,169334,172.572471
2023-05-15 13:42:00+00:00,172.66,172.76,172.585,1986,172.6112,189882,172.675722
2023-05-15 13:43:00+00:00,172.6,172.71,172.6,1060,172.6549,100003,172.651252
2023-05-15 13:44:00+00:00,172.6075,172.63,172.46,1880,172.6,181646,172.54271
2023-05-15 13:45:00+00:00,172.7,172.77,172.61,1729,172.61,187159,172.706073
2023-05-15 13:46:00+00:00,172.5,172.705,172.44,4310,172.69,163776,172.546219
2023-05-15 13:47:00+00:00,172.47,172.6,172.47,3677,172.5,162006,172.52224
2023-05-15 13:48:00+00:00,172.48,172.54,172.4,3815,172.48,122588,172.466069
2023-05-15 13:49:00+00:00,172.3282,172.48,172.28,4603,172.4601,185030,172.350522
2023-05-15 13:50:00+00:00,172.26,172.365,172.22,3631,172.31,113621,172.28688
2023-05-15 13:51:00+00:00,171.955,172.3,171.955,5154,172.251,317137,172.104769
2023-05-15 13:52:00+00:00,171.86,172.04,171.84,3972,171.9501,185673,171.954389
2023-05-15 13:53:00+00:00,171.9398,172.0,171.83,3407,171.86,158810,171.923197
2023-05-15 13:54:00+00:00,172.05,172.08,171.93,3290,171.94,186626,172.029552
2023-05-15 13:55:00+00:00,172.0402,172.12,171.98,3433,172.06,142619,172.054579
2023-05-15 13:56:00+00:00,172.09,172.11,171.97,2885,172.05,76536,172.040582
2023-05-15 13:57:00+00:00,172.105,172.16,172.05,3093,172.09,107873,172.098767
2023-05-15 13:58:00+00:00,172.0802,172.15,172.01,3065,172.1,95721,172.076438
2023-05-15 13:59:00+00:00,171.98,172.089,171.965,3284,172.071,129467,172.029844
2023-05-15 14:00:00+00:00,172.07,172.1,171.975,3400,171.975,118546,172.041144
2023-05-15 14:01:00+00:00,171.925,172.07,171.89,3527,172.065,99263,171.954004
2023-05-15 14:02:00+00:00,171.9364,172.04,171.89,3218,171.925,93103,171.966076
2023-05-15 14:03:00+00:00,171.8,171.94,171.78,3329,171.93,103174,171.850807
2023-05-15 14:04:00+00:00,171.8664,171.885,171.79,3214,171.8,147202,171.968005
2023-05-15 14:05:00+00:00,171.789,171.91,171.7444,3406,171.86,107323,171.822815
2023-05-15 14:06:00+00:00,171.76,171.79,171.68,3529,171.785,121104,171.733964
2023-05-15 14:07:00+00:00,171.6201,171.8099,171.61,3412,171.76,131989,171.727267
2023-05-15 14:08:00+00:00,171.57,171.7,171.56,3351,171.62,109626,171.637695
2023-05-15 14:09:00+00:00,171.65,171.67,171.56,3164,171.57,113790,171.612674
2023-05-15 14:10:00+00:00,171.59,171.695,171.59,3082,171.65,98365,171.64896
2023-05-15 14:11:00+00:00,171.56,171.6,171.53,3266,171.58,108608,171.561235
2023-05-15 14:12:00+00:00,171.5185,171.57,171.48,3481,171.57,116571,171.521563
2023-05-15 14:13:00+00:00,171.6,171.6,171.47,3277,171.5197,110644,171.521802
2023-05-15 14:14:00+00:00,171.56,171.6114,171.53,2892,171.59,76474,171.576741
2023-05-15 14:15:00+00:00,171.6,171.67,171.54,3187,171.57,102230,171.594817
2023-05-15 14:16:00+00:00,171.55,171.6199,171.51,3334,171.595,127904,171.558554
2023-05-15 14:17:00+00:00,171.59,171.6299,171.53,2886,171.5599,80909,171.577041
2023-05-15 14:18:00+00:00,171.73,171.76,171.59,3383,171.59,123966,171.694959
2023-05-15 14:19:00+00:00,171.7975,171.82,171.72,3426,171.73,110303,171.764825
2023-05-15 14:20:00+00:00,171.715,171.855,171.6805,3572,171.81,115059,171.788317
2023-05-15 14:21:00+00:00,171.88,171.89,171.6924,3180,171.72,97823,171.793976
2023-05-15 14:22:00+00:00,171.755,171.885,171.72,3309,171.87,89959,171.786689
2023-05-15 14:23:00+00:00,171.765,171.82,171.71,3172,171.75,73095,171.771907
2023-05-15 14:24:00+00:00,171.725,171.79,171.72,3038,171.775,53350,171.75229
2023-05-15 14:25:00+00:00,171.685,171.78,171.68,3176,171.72,88747,171.734933
2023-05-15 14:26:00+00:00,171.8,171.82,171.66,3211,171.68,101042,171.747556
2023-05-15 14:27:00+00:00,171.87,171.875,171.7726,3215,171.8,89010,171.824347
2023-05-15 14:28:00+00:00,171.945,171.95,171.82,3305,171.855,102795,171.892524
2023-05-15 14:29:00+00:00,171.8429,171.945,171.781,3255,171.945,100728,171.866082
2023-05-15 14:30:00+00:00,171.95,171.97,171.8001,3252,171.84,128935,171.912544
2023-05-15 14:31:00+00:00,171.8409,171.955,171.84,3208,171.9401,71108,171.909325
2023-05-15 14:32:00+00:00,171.91,171.91,171.8219,2253,171.85,55079,171.867544
2023-05-15 14:33:00+00:00,171.981,172.03,171.8664,1242,171.9029,123630,171.959673
2023-05-15 14:34:00+00:00,172.0254,172.045,171.94,703,171.98,72740,171.995364
2023-05-15 14:35:00+00:00,172.07,172.1,171.9905,1249,172.015,134831,172.040383
2023-05-15 14:36:00+00:00,172.05,172.1001,172.01,851,172.07,105152,172.060669
2023-05-15 14:37:00+00:00,172.105,172.105,171.99,943,172.055,115158,172.058066
2023-05-15 14:38:00+00:00,172.1027,172.15,172.05,819,172.11,93183,172.105728
2023-05-15 14:39:00+00:00,172.12,172.145,172.055,651,172.1,56469,172.095962
2023-05-15 14:40:00+00:00,172.0787,172.14,172.03,831,172.11,68364,172.091953
2023-05-15 14:41:00+00:00,172.11,172.12,172.05,777,172.0787,54120,172.088794
2023-05-15 14:42:00+00:00,172.1399,172.1399,172.02,848,172.11,72674,172.065814
2023-05-15 14:43:00+00:00,172.13,172.18,172.075,751,172.14,68023,172.132294
2023-05-15 14:44:00+00:00,172.07,172.15,172.06,871,172.13,78147,172.102847
2023-05-15 14:45:00+00:00,171.9713,172.07,171.97,868,172.06,82831,172.008704
2023-05-15 14:46:00+00:00,172.026,172.08,171.95,831,171.97,71924,172.027241
2023-05-15 14:47:00+00:00,172.02,172.11,171.99,886,172.03,96293,172.040317
2023-05-15 14:48:00+00:00,172.07,172.09,172.011,753,172.02,69511,172.051571
2023-05-15 14:49:00+00:00,172.095,172.1699,172.0786,905,172.08,93611,172.123859
2023-05-15 14:50:00+00:00,172.1186,172.17,172.06,657,172.095,56068,172.125479
2023-05-15 14:51:00+00:00,172.14,172.2,172.11,766,172.12,74003,172.165926
2023-05-15 14:52:00+00:00,172.13,172.19,172.1,611,172.1401,46736,172.142121
2023-05-15 14:53:00+00:00,172.24,172.255,172.13,1040,172.13,101615,172.208385
2023-05-15 14:54:00+00:00,172.185,172.28,172.15,715,172.25,112994,172.205073
2023-05-15 14:55:00+00:00,172.105,172.1899,172.09,602,172.1899,50079,172.133388
2023-05-15 14:56:00+00:00,172.0101,172.105,172.0,827,172.105,66321,172.044759
2023-05-15 14:57:00+00:00,171.94,172.0561,171.89,1488,172.02,137632,171.983784
2023-05-15 14:58:00+00:00,172.01,172.01,171.9201,768,171.95,70633,171.961658
2023-05-15 14:59:00+00:00,171.905,172.025,171.905,911,172.02,78125,171.964516
2023-05-15 15:00:00+00:00,171.985,172.01,171.88,760,171.905,73819,171.960294
2023-05-15 15:01:00+00:00,172.0399,172.09,171.98,656,171.98,54887,172.052902
2023-05-15 15:02:00+00:00,172.095,172.1,171.99,640,172.04,69072,172.043803
2023-05-15 15:03:00+00:00,171.96,172.1,171.96,604,172.0988,43225,172.055992
2023-05-15 15:04:00+00:00,172.01,172.02,171.9363,488,171.96,34594,171.981312
2023-05-15 15:05:00+00:00,172.05,172.0791,171.97,621,172.01,62632,172.026113
2023-05-15 15:06:00+00:00,172.146,172.17,172.04,1022,172.04,83317,172.100961
2023-05-15 15:07:00+00:00,171.9904,172.15,171.9904,725,172.135,58219,172.060337
2023-05-15 15:08:00+00:00,172.0283,172.07,172.0,651,172.0,59914,172.033824
2023-05-15 15:09:00+00:00,172.07,172.07,172.0,509,172.025,45514,172.044647
2023-05-15 15:10:00+00:00,172.04,172.1057,172.04,679,172.07,52006,172.075598
2023-05-15 15:11:00+00:00,172.04,172.0699,172.025,586,172.03,58639,172.048447
2023-05-15 15:12:00+00:00,172.145,172.155,172.02,725,172.03,58453,172.093712
2023-05-15 15:13:00+00:00,172.1558,172.2,172.1201,716,172.145,60013,172.165994
2023-05-15 15:14:00+00:00,172.18,172.2,172.11,659,172.1501,500155,172.161352
2023-05-15 15:15:00+00:00,172.27,172.2788,172.1643,1003,172.1801,102156,172.200934
2023-05-15 15:16:00+00:00,172.26,172.28,172.22,701,172.279,72002,172.251655
2023-05-15 15:17:00+00:00,172.2,172.27,172.1703,611,172.27,58708,172.229493
2023-05-15 15:18:00+00:00,172.2627,172.2776,172.21,695,172.22,52188,172.246848
2023-05-15 15:19:00+00:00,172.285,172.31,172.215,824,172.26,884620,172.251956
2023-05-15 15:20:00+00:00,172.345,172.39,172.285,1387,172.285,161338,172.332008
2023-05-15 15:21:00+00:00,172.335,172.36,172.29,607,172.3477,46279,172.322598
2023-05-15 15:22:00+00:00,172.31,172.3396,172.28,565,172.335,44199,172.301583
2023-05-15 15:23:00+00:00,172.345,172.3672,172.315,603,172.3215,49071,172.34225
2023-05-15 15:24:00+00:00,172.385,172.42,172.3052,742,172.3401,71067,172.380266
2023-05-15 15:25:00+00:00,172.35,172.42,172.341,714,172.39,75503,172.379398
2023-05-15 15:26:00+00:00,172.365,172.415,172.34,589,172.35,48345,172.376126
2023-05-15 15:27:00+00:00,172.35,172.42,172.3401,544,172.365,53156,172.375546
2023-05-15 15:28:00+00:00,172.3,172.385,172.3,596,172.34,59254,172.333098
2023-05-15 15:29:00+00:00,172.27,172.325,172.26,810,172.3,72313,172.288415
2023-05-15 15:30:00+00:00,172.151,172.2647,172.13,984,172.26,87934,172.196117
2023-05-15 15:31:00+00:00,172.25,172.2567,172.125,621,172.15,52831,172.197274
2023-05-15 15:32:00+00:00,172.27,172.29,172.2,869,172.2587,59672,172.244323
2023-05-15 15:33:00+00:00,172.25,172.34,172.23,975,172.27,73069,172.294462
2023-05-15 15:34:00+00:00,172.27,172.3299,172.2422,553,172.245,44815,172.284623
2023-05-15 15:35:00+00:00,172.2842,172.3,172.25,393,172.3,25724,172.277832
2023-05-15 15:36:00+00:00,172.3021,172.36,172.29,646,172.29,49403,172.329718
2023-05-15 15:37:00+00:00,172.27,172.3201,172.23,542,172.3101,36100,172.267777
2023-05-15 15:38:00+00:00,172.2623,172.3199,172.26,429,172.27,28655,172.282996
2023-05-15 15:39:00+00:00,172.2185,172.308,172.212,443,172.28,31797,172.263497
2023-05-15 15:40:00+00:00,172.1688,172.22,172.1325,597,172.21,63400,172.168126
2023-05-15 15:41:00+00:00,172.1,172.18,172.09,644,172.16,58912,172.146856
2023-05-15 15:42:00+00:00,172.105,172.15,172.08,521,172.1099,42263,172.110562
2023-05-15 15:43:00+00:00,172.1911,172.22,172.08,600,172.1099,50962,172.14126
2023-05-15 15:44:00+00:00,172.14,172.255,172.14,669,172.195,65235,172.198495
2023-05-15 15:45:00+00:00,172.0014,172.135,172.0,946,172.135,144938,172.033931
2023-05-15 15:46:00+00:00,172.0481,172.06,171.97,946,172.008,74719,172.019985
2023-05-15 15:47:00+00:00,172.07,172.135,172.045,791,172.0472,61279,172.096984
2023-05-15 15:48:00+00:00,172.11,172.15,172.07,405,172.07,25854,172.120328
2023-05-15 15:49:00+00:00,172.0414,172.12,172.01,821,172.11,66200,172.048745
2023-05-15 15:50:00+00:00,172.055,172.07,172.0,489,172.045,32304,172.030699
2023-05-15 15:51:00+00:00,172.2108,172.25,172.055,919,172.058,111762,172.163613
2023-05-15 15:52:00+00:00,172.1805,172.235,172.13,616,172.2099,62047,172.198046
2023-05-15 15:53:00+00:00,172.2205,172.2205,172.1799,437,172.1891,45953,172.194666
2023-05-15 15:54:00+00:00,172.0702,172.2399,172.05,1199,172.22,113512,172.149726
2023-05-15 15:55:00+00:00,172.19,172.19,172.085,479,172.09,38838,172.141492
2023-05-15 15:56:00+00:00,172.24,172.24,172.17,441,172.195,29512,172.206953
2023-05-15 15:57:00+00:00,172.2819,172.31,172.23,777,172.2399,107343,172.258091
2023-05-15 15:58:00+00:00,172.345,172.36,172.2801,648,172.29,58112,172.331906
2023-05-15 15:59:00+00:00,172.3518,172.37,172.33,445,172.3499,29137,172.346405
2023-05-15 16:00:00+00:00,172.36,172.39,172.345,622,172.365,36879,172.368379
2023-05-15 16:01:00+00:00,172.3201,172.38,172.3,728,172.3664,57478,172.343612
2023-05-15 16:02:00+00:00,172.281,172.3499,172.16,1381,172.32,117132,172.26443
2023-05-15 16:03:00+00:00,172.33,172.34,172.27,574,172.2899,37054,172.30453
2023-05-15 16:04:00+00:00,172.3284,172.36,172.311,610,172.34,52697,172.337144
2023-05-15 16:05:00+00:00,172.31,172.33,172.255,490,172.3299,37907,172.268373
2023-05-15 16:06:00+00:00,172.3219,172.37,172.32,417,172.32,49103,172.34728
2023-05-15 16:07:00+00:00,172.36,172.3887,172.29,485,172.3299,39038,172.351033
2023-05-15 16:08:00+00:00,172.37,172.43,172.36,588,172.3684,44131,172.396938
2023-05-15 16:09:00+00:00,172.33,172.39,172.3201,554,172.3707,50801,172.373464
2023-05-15 16:10:00+00:00,172.355,172.355,172.3088,461,172.3305,44174,172.330923
2023-05-15 16:11:00+00:00,172.365,172.41,172.341,569,172.35,50093,172.385719
2023-05-15 16:12:00+00:00,172.29,172.36,172.27,452,172.36,34323,172.313933
2023-05-15 16:13:00+00:00,172.275,172.3,172.26,401,172.3,25704,172.277925
2023-05-15 16:14:00+00:00,172.235,172.3,172.23,496,172.28,36575,172.260522
2023-05-15 16:15:00+00:00,172.2044,172.245,172.17,547,172.24,44321,172.205805
2023-05-15 16:16:00+00:00,172.21,172.22,172.16,575,172.2037,50459,172.186463
2023-05-15 16:17:00+00:00,172.32,172.33,172.18,540,172.23,36904,172.252136
2023-05-15 16:18:00+00:00,172.29,172.315,172.255,377,172.315,28433,172.283202
2023-05-15 16:19:00+00:00,172.34,172.35,172.2814,497,172.2913,40216,172.318834
2023-05-15 16:20:00+00:00,172.235,172.35,172.23,424,172.3338,29772,172.295663
2023-05-15 16:21:00+00:00,172.22,172.268,172.1824,474,172.23,29326,172.220788
2023-05-15 16:22:00+00:00,172.19,172.22,172.16,446,172.22,25560,172.187192
2023-05-15 16:23:00+00:00,172.18,172.23,172.17,569,172.19,42835,172.189947
2023-05-15 16:24:00+00:00,172.205,172.21,172.14,541,172.19,39366,172.16995
2023-05-15 16:25:00+00:00,172.1299,172.2,172.12,469,172.2,30289,172.162708
2023-05-15 16:26:00+00:00,172.215,172.225,172.1201,550,172.1271,59726,172.189794
2023-05-15 16:27:00+00:00,172.2125,172.23,172.185,376,172.2225,21929,172.210854
2023-05-15 16:28:00+00:00,172.23,172.24,172.19,434,172.22,41730,172.220331
2023-05-15 16:29:00+00:00,172.1787,172.255,172.17,463,172.24,22702,172.21102
2023-05-15 16:30:00+00:00,172.1661,172.23,172.13,474,172.173,29720,172.185699
2023-05-15 16:31:00+00:00,172.13,172.18,172.13,461,172.164,32799,172.164239
2023-05-15 16:32:00+00:00,172.075,172.13,172.071,568,172.13,51132,172.096743
2023-05-15 16:33:00+00:00,172.05,172.0891,172.02,602,172.08,105633,172.047103
2023-05-15 16:34:00+00:00,172.0599,172.08,172.03,439,172.04,30163,172.057093
2023-05-15 16:35:00+00:00,172.095,172.1,172.05,497,172.06,32734,172.07595
2023-05-15 16:36:00+00:00,172.1252,172.13,172.0606,527,172.099,40755,172.09777
2023-05-15 16:37:00+00:00,172.03,172.13,172.02,559,172.125,53027,172.052761
2023-05-15 16:38:00+00:00,172.075,172.105,172.04,464,172.04,30218,172.072905
2023-05-15 16:39:00+00:00,172.0,172.1,172.0,447,172.0761,28132,172.044981
2023-05-15 16:40:00+00:00,172.01,172.04,171.97,693,172.0,66728,171.999841
2023-05-15 16:41:00+00:00,172.0514,172.0699,172.0,379,172.01,27263,172.041557
2023-05-15 16:42:00+00:00,171.9625,172.075,171.96,547,172.0599,40266,172.026107
2023-05-15 16:43:00+00:00,171.99,171.9992,171.94,573,171.9617,43850,171.972551
2023-05-15 16:44:00+00:00,172.08,172.08,171.965,545,171.99,52038,172.014933
2023-05-15 16:45:00+00:00,172.1341,172.16,172.03,1033,172.075,92809,172.09119
2023-05-15 16:46:00+00:00,172.1355,172.17,172.11,854,172.1299,79962,172.144197
2023-05-15 16:47:00+00:00,172.11,172.18,172.09,490,172.13,45171,172.133664
2023-05-15 16:48:00+00:00,172.07,172.11,172.05,494,172.11,39445,172.070618
2023-05-15 16:49:00+00:00,172.08,172.08,172.035,506,172.0755,49325,172.063027
2023-05-15 16:50:00+00:00,172.115,172.14,172.0401,441,172.09,44250,172.095594
2023-05-15 16:51:00+00:00,172.125,172.18,172.1072,838,172.1199,80037,172.149511
2023-05-15 16:52:00+00:00,172.16,172.2,172.12,629,172.13,44466,172.165042
2023-05-15 16:53:00+00:00,172.15,172.17,172.11,497,172.1618,37949,172.14564
2023-05-15 16:54:00+00:00,172.075,172.184,172.069,601,172.15,53209,172.120938
2023-05-15 16:55:00+00:00,172.02,172.0799,172.01,657,172.065,60437,172.067002
2023-05-15 16:56:00+00:00,172.07,172.11,172.01,438,172.025,25575,172.05763
2023-05-15 16:57:00+00:00,172.075,172.11,172.055,418,172.06,25732,172.079231
2023-05-15 16:58:00+00:00,172.13,172.15,172.0575,772,172.075,59160,172.117205
2023-05-15 16:59:00+00:00,172.19,172.2,172.125,724,172.14,55035,172.166788
2023-05-15 17:00:00+00:00,172.23,172.26,172.195,894,172.2,77153,172.224004
2023-05-15 17:01:00+00:00,172.105,172.23,172.101,426,172.22,39020,172.174105
2023-05-15 17:02:00+00:00,172.079,172.1199,172.03,569,172.1,54775,172.068867
2023-05-15 17:03:00+00:00,172.0855,172.11,172.06,329,172.07,23071,172.086901
2023-05-15 17:04:00+00:00,172.1,172.15,172.09,435,172.09,37682,172.123994
2023-05-15 17:05:00+00:00,172.075,172.105,172.05,587,172.1,38372,172.080153
2023-05-15 17:06:00+00:00,172.06,172.1,172.05,557,172.08,33088,172.076806
2023-05-15 17:07:00+00:00,172.035,172.1299,172.0324,576,172.06,44043,172.069543
2023-05-15 17:08:00+00:00,172.1194,172.12,172.04,560,172.0499,40004,172.094146
2023-05-15 17:09:00+00:00,172.16,172.17,172.115,784,172.12,69282,172.137947
2023-05-15 17:10:00+00:00,172.24,172.3,172.1679,1437,172.17,141510,172.23933
2023-05-15 17:11:00+00:00,172.12,172.245,172.12,670,172.24,44291,172.174522
2023-05-15 17:12:00+00:00,172.16,172.21,172.13,524,172.13,40373,172.178613
2023-05-15 17:13:00+00:00,172.165,172.205,172.145,497,172.165,30596,172.172098
2023-05-15 17:14:00+00:00,172.16,172.1902,172.125,521,172.16,36233,172.158587
2023-05-15 17:15:00+00:00,172.1601,172.198,172.135,680,172.15,48841,172.159006
2023-05-15 17:16:00+00:00,172.145,172.195,172.09,739,172.16,45653,172.133535
2023-05-15 17:17:00+00:00,172.15,172.18,172.13,656,172.14,42216,172.154746
2023-05-15 17:18:00+00:00,172.13,172.16,172.12,479,172.15,36028,172.13691
2023-05-15 17:19:00+00:00,172.0852,172.14,172.08,632,172.125,109176,172.121362
2023-05-15 17:20:00+00:00,172.085,172.0999,172.04,670,172.09,58754,172.066605
2023-05-15 17:21:00+00:00,171.97,172.1,171.97,1203,172.09,122768,172.028049
2023-05-15 17:22:00+00:00,171.96,171.99,171.9227,693,171.975,67631,171.956351
2023-05-15 17:23:00+00:00,171.94,172.0,171.94,713,171.9687,53547,171.973373
2023-05-15 17:24:00+00:00,171.92,171.97,171.9,652,171.94,44652,171.9356
2023-05-15 17:25:00+00:00,171.9808,171.9874,171.91,746,171.93,89140,171.945136
2023-05-15 17:26:00+00:00,171.965,172.0,171.95,664,171.98,55335,171.973395
2023-05-15 17:27:00+00:00,171.94,172.03,171.91,1241,171.97,118080,171.969493
2023-05-15 17:28:00+00:00,171.9401,171.98,171.91,780,171.94,55900,171.939915
2023-05-15 17:29:00+00:00,171.847,171.98,171.82,1319,171.95,103332,171.899913
2023-05-15 17:30:00+00:00,171.8616,171.91,171.8199,1404,171.85,119745,171.866112
2023-05-15 17:31:00+00:00,171.88,171.895,171.7718,1047,171.86,87967,171.841941
2023-05-15 17:32:00+00:00,171.93,171.965,171.86,1042,171.87,76691,171.929172
2023-05-15 17:33:00+00:00,171.87,171.96,171.855,767,171.94,48798,171.911432
2023-05-15 17:34:00+00:00,171.83,171.915,171.83,505,171.88,30474,171.883321
2023-05-15 17:35:00+00:00,171.85,171.87,171.8,690,171.835,68587,171.841869
2023-05-15 17:36:00+00:00,171.886,171.895,171.815,579,171.85,36000,171.849962
2023-05-15 17:37:00+00:00,171.885,171.915,171.86,605,171.8801,39813,171.890161
2023-05-15 17:38:00+00:00,171.8676,171.8886,171.855,384,171.8809,33391,171.868231
2023-05-15 17:39:00+00:00,171.845,171.87,171.815,466,171.86,29595,171.843203
2023-05-15 17:40:00+00:00,171.83,171.87,171.82,493,171.8415,36304,171.847223
2023-05-15 17:41:00+00:00,171.72,171.82,171.72,833,171.82,88400,171.757274
2023-05-15 17:42:00+00:00,171.675,171.73,171.64,876,171.7114,99733,171.689414
2023-05-15 17:43:00+00:00,171.72,171.73,171.61,747,171.68,73088,171.675998
2023-05-15 17:44:00+00:00,171.7,171.75,171.7,526,171.72,42171,171.72366
2023-05-15 17:45:00+00:00,171.62,171.695,171.62,517,171.69,66839,171.647518
2023-05-15 17:46:00+00:00,171.585,171.65,171.58,725,171.625,65801,171.614209
2023-05-15 17:47:00+00:00,171.5607,171.588,171.525,856,171.58,104567,171.562314
2023-05-15 17:48:00+00:00,171.6401,171.6601,171.5444,998,171.56,105810,171.619473
2023-05-15 17:49:00+00:00,171.62,171.67,171.58,669,171.64,66736,171.621927
2023-05-15 17:50:00+00:00,171.63,171.69,171.615,852,171.62,90577,171.651871
2023-05-15 17:51:00+00:00,171.75,171.77,171.621,801,171.63,91588,171.720661
2023-05-15 17:52:00+00:00,171.74,171.7737,171.74,491,171.74,55951,171.758229
2023-05-15 17:53:00+00:00,171.8158,171.82,171.72,641,171.731,85188,171.769701
2023-05-15 17:54:00+00:00,171.875,171.875,171.81,695,171.815,77433,171.837873
2023-05-15 17:55:00+00:00,171.84,171.87,171.8,597,171.87,46886,171.82445
2023-05-15 17:56:00+00:00,171.8343,171.8613,171.8,411,171.8305,44193,171.830664
2023-05-15 17:57:00+00:00,171.89,171.9,171.8321,663,171.8321,67486,171.870606
2023-05-15 17:58:00+00:00,171.855,171.9147,171.84,653,171.895,76889,171.881084
2023-05-15 17:59:00+00:00,171.865,171.89,171.84,655,171.855,52072,171.870564
2023-05-15 18:00:00+00:00,171.9,171.92,171.86,585,171.87,58655,171.892199
2023-05-15 18:01:00+00:00,171.905,171.93,171.87,630,171.905,71308,171.905764
2023-05-15 18:02:00+00:00,171.941,171.96,171.89,513,171.91,48948,171.921724
2023-05-15 18:03:00+00:00,171.94,171.97,171.88,704,171.9401,55882,171.921964
2023-05-15 18:04:00+00:00,171.894,171.9504,171.88,512,171.95,37698,171.917228
2023-05-15 18:05:00+00:00,171.895,171.92,171.855,633,171.9,48142,171.886007
2023-05-15 18:06:00+00:00,171.89,171.92,171.86,637,171.895,39931,171.890529
2023-05-15 18:07:00+00:00,171.9,171.93,171.87,615,171.88,48047,171.8964
2023-05-15 18:08:00+00:00,171.96,171.9699,171.91,623,171.91,62884,171.950106
2023-05-15 18:09:00+00:00,171.96,172.0,171.95,619,171.97,48013,171.971895
2023-05-15 18:10:00+00:00,171.935,171.98,171.93,426,171.97,34205,171.95458
2023-05-15 18:11:00+00:00,171.985,172.01,171.915,761,171.9345,78853,171.967984
2023-05-15 18:12:00+00:00,171.985,172.02,171.98,493,171.9884,37115,172.000811
2023-05-15 18:13:00+00:00,171.9691,172.0,171.9528,409,171.985,29190,171.974477
2023-05-15 18:14:00+00:00,171.915,171.98,171.91,508,171.965,39689,171.942584
2023-05-15 18:15:00+00:00,171.89,171.97,171.88,756,171.915,61451,171.93588
2023-05-15 18:16:00+00:00,171.78,171.92,171.72,1417,171.89,127901,171.833253
2023-05-15 18:17:00+00:00,171.9,171.9,171.775,988,171.78,88517,171.824975
2023-05-15 18:18:00+00:00,171.83,171.9299,171.83,568,171.9,55891,171.88975
2023-05-15 18:19:00+00:00,171.875,171.9,171.83,521,171.83,38086,171.857406
2023-05-15 18:20:00+00:00,171.865,171.9,171.84,540,171.8811,36549,171.867071
2023-05-15 18:21:00+00:00,171.8604,171.89,171.84,507,171.8601,33834,171.860991
2023-05-15 18:22:00+00:00,171.85,171.87,171.84,436,171.8601,23414,171.848376
2023-05-15 18:23:00+00:00,171.79,171.87,171.79,842,171.84,57014,171.821721
2023-05-15 18:24:00+00:00,171.7949,171.83,171.78,634,171.795,40974,171.800242
2023-05-15 18:25:00+00:00,171.835,171.85,171.76,916,171.7901,76699,171.796224
2023-05-15 18:26:00+00:00,171.7501,171.835,171.7,699,171.835,55853,171.748755
2023-05-15 18:27:00+00:00,171.8001,171.82,171.75,415,171.755,28947,171.789745
2023-05-15 18:28:00+00:00,171.8,171.815,171.775,472,171.81,28948,171.794396
2023-05-15 18:29:00+00:00,171.815,171.8418,171.795,544,171.805,35156,171.818309
2023-05-15 18:30:00+00:00,171.87,171.885,171.82,797,171.825,104349,171.85447
2023-05-15 18:31:00+00:00,171.801,171.88,171.78,819,171.88,79377,171.836421
2023-05-15 18:32:00+00:00,171.7896,171.82,171.7441,854,171.805,68412,171.781336
2023-05-15 18:33:00+00:00,171.76,171.835,171.75,683,171.785,57926,171.784748
2023-05-15 18:34:00+00:00,171.8,171.81,171.75,484,171.764,30760,171.782511
2023-05-15 18:35:00+00:00,171.795,171.83,171.76,608,171.8,39398,171.795986
2023-05-15 18:36:00+00:00,171.805,171.84,171.75,512,171.79,30329,171.794779
2023-05-15 18:37:00+00:00,171.7599,171.81,171.745,546,171.8,30101,171.772503
2023-05-15 18:38:00+00:00,171.765,171.775,171.73,524,171.7514,37455,171.751496
2023-05-15 18:39:00+00:00,171.81,171.81,171.745,539,171.77,63144,171.77142
2023-05-15 18:40:00+00:00,171.8,171.825,171.755,728,171.81,59326,171.792791
2023-05-15 18:41:00+00:00,171.78,171.805,171.76,471,171.805,21758,171.782982
2023-05-15 18:42:00+00:00,171.74,171.795,171.7222,744,171.79,45853,171.749791
2023-05-15 18:43:00+00:00,171.77,171.77,171.715,710,171.73,38601,171.741399
2023-05-15 18:44:00+00:00,171.8,171.81,171.7601,656,171.77,51428,171.791774
2023-05-15 18:45:00+00:00,171.84,171.865,171.77,826,171.795,62004,171.824102
2023-05-15 18:46:00+00:00,171.8843,171.91,171.8201,729,171.845,48179,171.873685
2023-05-15 18:47:00+00:00,171.825,171.8901,171.805,619,171.88,33961,171.842237
2023-05-15 18:48:00+00:00,171.822,171.8501,171.815,424,171.83,22412,171.830463
2023-05-15 18:49:00+00:00,171.8299,171.846,171.81,543,171.83,30263,171.825306
2023-05-15 18:50:00+00:00,171.785,171.8301,171.78,518,171.825,24063,171.808729
2023-05-15 18:51:00+00:00,171.71,171.805,171.6823,788,171.79,60500,171.751082
2023-05-15 18:52:00+00:00,171.68,171.72,171.66,685,171.715,50938,171.680246
2023-05-15 18:53:00+00:00,171.6799,171.74,171.6799,676,171.69,49938,171.710915
2023-05-15 18:54:00+00:00,171.7,171.725,171.66,750,171.6601,45169,171.684628
2023-05-15 18:55:00+00:00,171.6997,171.745,171.66,760,171.7,48058,171.70157
2023-05-15 18:56:00+00:00,171.72,171.7399,171.68,646,171.7023,42040,171.706411
2023-05-15 18:57:00+00:00,171.73,171.73,171.68,620,171.72,40999,171.714901
2023-05-15 18:58:00+00:00,171.76,171.78,171.72,698,171.74,50251,171.754477
2023-05-15 18:59:00+00:00,171.73,171.79,171.72,653,171.77,36898,171.756834
2023-05-15 19:00:00+00:00,171.725,171.765,171.6917,659,171.73,37479,171.724411
2023-05-15 19:01:00+00:00,171.7825,171.79,171.72,633,171.7293,43729,171.751833
2023-05-15 19:02:00+00:00,171.78,171.818,171.755,721,171.79,48118,171.781985
2023-05-15 19:03:00+00:00,171.75,171.83,171.74,824,171.78,83636,171.785663
2023-05-15 19:04:00+00:00,171.7301,171.755,171.7,631,171.755,51319,171.731098
2023-05-15 19:05:00+00:00,171.7353,171.76,171.71,523,171.73,35692,171.736151
2023-05-15 19:06:00+00:00,171.75,171.78,171.72,643,171.735,42851,171.749424
2023-05-15 19:07:00+00:00,171.7275,171.7526,171.67,720,171.74,75355,171.710709
2023-05-15 19:08:00+00:00,171.74,171.77,171.7201,464,171.7202,34375,171.739106
2023-05-15 19:09:00+00:00,171.76,171.8,171.73,511,171.735,31247,171.766011
2023-05-15 19:10:00+00:00,171.83,171.85,171.75,615,171.77,56062,171.801639
2023-05-15 19:11:00+00:00,171.84,171.85,171.8,611,171.83,49691,171.828137
2023-05-15 19:12:00+00:00,171.8321,171.89,171.8321,602,171.84,64187,171.863632
2023-05-15 19:13:00+00:00,171.865,171.885,171.81,594,171.84,54148,171.852655
2023-05-15 19:14:00+00:00,171.87,171.91,171.86,778,171.865,94754,171.890072
2023-05-15 19:15:00+00:00,171.88,171.91,171.8601,742,171.87,58122,171.891605
2023-05-15 19:16:00+00:00,171.8,171.875,171.785,754,171.8701,67463,171.823065
2023-05-15 19:17:00+00:00,171.7522,171.8,171.7314,663,171.7999,59872,171.771091
2023-05-15 19:18:00+00:00,171.7799,171.78,171.7,629,171.75,62955,171.733839
2023-05-15 19:19:00+00:00,171.83,171.835,171.76,569,171.775,59057,171.801036
2023-05-15 19:20:00+00:00,171.7701,171.84,171.735,565,171.84,53311,171.785595
2023-05-15 19:21:00+00:00,171.835,171.8355,171.755,511,171.77,42868,171.78572
2023-05-15 19:22:00+00:00,171.825,171.85,171.805,583,171.83,63144,171.825751
2023-05-15 19:23:00+00:00,171.835,171.845,171.8,539,171.8296,50342,171.822698
2023-05-15 19:24:00+00:00,171.825,171.86,171.8,557,171.835,52090,171.832187
2023-05-15 19:25:00+00:00,171.805,171.83,171.78,573,171.83,45581,171.804174
2023-05-15 19:26:00+00:00,171.805,171.82,171.78,569,171.805,36371,171.801001
2023-05-15 19:27:00+00:00,171.81,171.855,171.8009,667,171.805,55422,171.828182
2023-05-15 19:28:00+00:00,171.84,171.845,171.795,668,171.81,51415,171.825223
2023-05-15 19:29:00+00:00,171.8122,171.85,171.803,434,171.84,34162,171.819529
2023-05-15 19:30:00+00:00,171.8,171.8279,171.7527,861,171.81,79582,171.793165
2023-05-15 19:31:00+00:00,171.8467,171.8599,171.79,826,171.8,71797,171.827699
2023-05-15 19:32:00+00:00,171.86,171.875,171.82,799,171.84,68642,171.848811
2023-05-15 19:33:00+00:00,171.8667,171.8999,171.845,705,171.855,70261,171.878123
2023-05-15 19:34:00+00:00,171.8291,171.865,171.8,556,171.86,35139,171.835819
2023-05-15 19:35:00+00:00,171.79,171.83,171.78,676,171.82,57206,171.802034
2023-05-15 19:36:00+00:00,171.825,171.84,171.785,538,171.785,43176,171.815677
2023-05-15 19:37:00+00:00,171.8713,171.885,171.825,804,171.825,57651,171.858358
2023-05-15 19:38:00+00:00,171.89,171.895,171.86,519,171.87,40308,171.880472
2023-05-15 19:39:00+00:00,171.91,171.94,171.875,778,171.885,87269,171.909555
2023-05-15 19:40:00+00:00,171.93,171.94,171.87,756,171.92,54054,171.911764
2023-05-15 19:41:00+00:00,171.905,171.97,171.89,877,171.935,79675,171.934293
2023-05-15 19:42:00+00:00,171.9,171.93,171.88,842,171.9048,71565,171.906191
2023-05-15 19:43:00+00:00,171.895,171.93,171.87,964,171.9019,78241,171.894049
2023-05-15 19:44:00+00:00,171.85,171.92,171.85,1088,171.9,84297,171.878881
2023-05-15 19:45:00+00:00,171.895,171.93,171.84,1095,171.845,96945,171.896614
2023-05-15 19:46:00+00:00,171.945,171.965,171.9,1013,171.9,99082,171.939258
2023-05-15 19:47:00+00:00,172.015,172.015,171.945,1270,171.95,133411,171.987065
2023-05-15 19:48:00+00:00,172.035,172.06,172.0,1159,172.02,104034,172.030957
2023-05-15 19:49:00+00:00,172.025,172.05,171.995,1066,172.04,78874,172.019456
2023-05-15 19:50:00+00:00,172.04,172.05,171.97,1473,172.02,107414,172.010704
2023-05-15 19:51:00+00:00,172.06,172.07,172.035,1449,172.05,129735,172.05408
2023-05-15 19:52:00+00:00,172.08,172.1,172.045,1390,172.07,110996,172.075594
2023-05-15 19:53:00+00:00,172.135,172.14,172.07,1389,172.08,151808,172.098281
2023-05-15 19:54:00+00:00,172.085,172.185,172.085,1883,172.135,229038,172.142561
2023-05-15 19:55:00+00:00,171.9928,172.085,171.9601,1985,172.085,178738,172.010912
2023-05-15 19:56:00+00:00,171.985,172.05,171.965,2035,171.995,258232,172.002743
2023-05-15 19:57:00+00:00,172.06,172.07,171.98,1940,171.99,230862,172.025118
2023-05-15 19:58:00+00:00,172.08,172.09,172.05,2206,172.06,200701,172.06991
2023-05-15 19:59:00+00:00,172.14,172.14,172.02,4667,172.08,656569,172.077198
2023-05-15 20:00:00+00:00,172.07,172.14,172.06,164,172.14,9810974,172.070008
2023-05-15 20:01:00+00:00,172.07,172.08,172.06,103,172.07,22734,172.071282
2023-05-15 20:02:00+00:00,172.08,172.08,172.07,41,172.08,1282,172.075979
2023-05-15 20:03:00+00:00,172.08,172.08,172.07,51,172.07,4816,172.072395
2023-05-15 20:04:00+00:00,172.08,172.087,172.07,48,172.087,23884,172.070256
2023-05-15 20:05:00+00:00,172.06,172.06,172.06,28,172.06,35884,172.069979
2023-05-15 20:06:00+00:00,172.11,172.15,172.07,82,172.07,10321,172.091999
2023-05-15 20:07:00+00:00,172.1,172.1,172.07,14,172.07,7105,172.070976
2023-05-15 20:08:00+00:00,172.1,172.1,172.07,57,172.09,3740,172.091564
2023-05-15 20:09:00+00:00,172.07,172.08,172.06,35,172.08,1818,172.070306
2023-05-15 20:10:00+00:00,172.13,172.14,172.07,57,172.09,9007,172.094114
2023-05-15 20:11:00+00:00,172.11,172.11,172.1,26,172.11,1189,172.109508
2023-05-15 20:12:00+00:00,172.15,172.15,170.07,71,172.12,16552,171.73962
2023-05-15 20:13:00+00:00,172.16,172.19,172.16,61,172.16,2890,172.173353
2023-05-15 20:14:00+00:00,172.13,172.16,172.13,31,172.15,1324,172.141279
2023-05-15 20:15:00+00:00,172.13,172.13,172.12,25,172.12,1049,172.122357
2023-05-15 20:16:00+00:00,172.14,172.14,172.13,102,172.13,4030,172.132321
2023-05-15 20:17:00+00:00,172.13,172.13,172.13,18,172.13,520,172.131865
2023-05-15 20:18:00+00:00,172.12,172.15,172.12,45,172.15,4053,172.138646
2023-05-15 20:19:00+00:00,172.13,172.15,172.13,53,172.15,1777,172.145704
2023-05-15 20:20:00+00:00,172.15,172.15,172.13,36,172.13,1417,172.13611
2023-05-15 20:21:00+00:00,172.14,172.16,172.14,21,172.15,1116,172.143687
2023-05-15 20:22:00+00:00,172.13,172.13,172.13,13,172.13,173,172.134682
2023-05-15 20:23:00+00:00,172.13,172.13,172.13,22,172.13,307,172.128492
2023-05-15 20:25:00+00:00,172.12,172.12,172.11,27,172.12,1827,172.11821
2023-05-15 20:26:00+00:00,172.13,172.13,172.11,26,172.11,2047,172.124277
2023-05-15 20:27:00+00:00,172.14,172.16,172.13,35,172.13,2812,172.146899
2023-05-15 20:29:00+00:00,172.14,172.14,172.13,19,172.13,794,172.133413
2023-05-15 20:30:00+00:00,172.14,172.14,172.14,17,172.14,841,172.139297
2023-05-15 20:31:00+00:00,172.13,172.14,172.13,27,172.13,1856,172.133168
2023-05-15 20:32:00+00:00,172.13,172.13,172.13,16,172.13,206,172.135187
2023-05-15 20:33:00+00:00,172.13,172.13,172.13,20,172.13,243,172.131593
2023-05-15 20:34:00+00:00,172.13,172.13,172.13,14,172.13,343,172.130117
2023-05-15 20:36:00+00:00,172.11,172.12,172.11,31,172.12,1144,172.116136
2023-05-15 20:37:00+00:00,172.1,172.12,172.1,31,172.12,1300,172.103657
2023-05-15 20:38:00+00:00,172.09,172.09,172.09,15,172.09,437,172.091362
2023-05-15 20:39:00+00:00,172.0716,172.09,172.0716,18,172.09,1372,172.07797
2023-05-15 20:40:00+00:00,172.05,172.09,172.03,62,172.09,3533,172.057716
2023-05-15 20:41:00+00:00,172.03,172.03,172.03,21,172.03,1199,172.02937
2023-05-15 20:42:00+00:00,172.02,172.0215,172.02,31,172.0215,3112,172.02178
2023-05-15 20:43:00+00:00,172.03,172.03,171.98,70,172.02,2609,171.9999
2023-05-15 20:44:00+00:00,172.07,172.07,172.07,13,172.07,5651,172.06973
2023-05-15 20:45:00+00:00,172.0,172.0,172.0,26,172.0,885,172.005143
2023-05-15 20:50:00+00:00,171.99,171.99,171.99,18,171.99,677,171.989439
2023-05-15 20:51:00+00:00,171.99,171.99,171.99,20,171.99,2042,171.989625
2023-05-15 20:52:00+00:00,171.98,171.98,171.98,12,171.98,544,171.980653
2023-05-15 20:53:00+00:00,171.99,171.99,171.96,12,171.96,337,171.969207
2023-05-15 20:58:00+00:00,171.96,171.96,171.96,20,171.96,654,171.957602
2023-05-15 20:59:00+00:00,171.97,171.97,171.96,21,171.96,3010,171.967545
2023-05-15 21:01:00+00:00,171.99,171.99,171.99,11,171.99,313,171.989137
2023-05-15 21:02:00+00:00,171.99,171.99,171.99,11,171.99,565,175.430579
2023-05-15 21:05:00+00:00,172.0,172.0,171.98,12,171.98,810,171.99474
2023-05-15 21:09:00+00:00,172.0,172.0,171.99,14,171.99,595,171.99652
2023-05-15 21:10:00+00:00,172.0,172.0,172.0,27,172.0,528,172.009311
2023-05-15 21:11:00+00:00,172.02,172.02,172.02,11,172.02,330,172.026918
2023-05-15 21:14:00+00:00,172.05,172.05,172.0108,12,172.0108,2388,172.043856
2023-05-15 21:15:00+00:00,172.01,172.05,172.01,16,172.05,428,172.033059
2023-05-15 21:16:00+00:00,172.05,172.05,172.05,9,172.05,207,172.029855
2023-05-15 21:17:00+00:00,172.02,172.02,172.02,12,172.02,346,172.019448
2023-05-15 21:18:00+00:00,172.0,172.0,172.0,11,172.0,266,172.006295
2023-05-15 21:19:00+00:00,172.0001,172.0001,172.0,13,172.0,363,172.000868
2023-05-15 21:20:00+00:00,172.02,172.02,172.02,11,172.02,151,172.019967
2023-05-15 21:24:00+00:00,172.0,172.0,172.0,13,172.0,247,172.000931
2023-05-15 21:29:00+00:00,172.03,172.03,172.03,16,172.03,216,172.018958
2023-05-15 21:30:00+00:00,172.0028,172.01,172.0028,13,172.01,494,172.007136
2023-05-15 21:33:00+00:00,171.99,171.99,171.99,18,171.99,824,171.99193
2023-05-15 21:34:00+00:00,171.99,171.99,171.99,11,171.99,373,171.988566
2023-05-15 21:38:00+00:00,171.98,171.99,171.98,16,171.99,1343,171.987614
2023-05-15 21:39:00+00:00,171.98,171.98,171.98,16,171.98,298,171.979681
2023-05-15 21:43:00+00:00,171.97,171.97,171.97,10,171.97,207,171.972754
2023-05-15 21:47:00+00:00,172.0,172.0,172.0,16,172.0,139,171.998058
2023-05-15 21:51:00+00:00,172.02,172.02,172.02,12,172.02,165,172.018455
2023-05-15 21:53:00+00:00,172.03,172.03,172.03,10,172.03,255,172.027843
2023-05-15 21:56:00+00:00,172.03,172.03,172.03,7,172.03,1978,172.028983
2023-05-15 22:00:00+00:00,171.97,171.97,171.97,10,171.97,214,171.970794
2023-05-15 22:08:00+00:00,171.967,171.967,171.967,8,171.967,129,171.969225
2023-05-15 22:10:00+00:00,171.961,172.03,171.961,15,172.03,317,171.99571
2023-05-15 22:12:00+00:00,171.98,171.98,171.98,6,171.98,705,171.971362
2023-05-15 22:16:00+00:00,171.95,171.96,171.95,20,171.96,891,171.954635
2023-05-15 22:19:00+00:00,171.95,171.95,171.95,13,171.95,138,171.947241
2023-05-15 22:20:00+00:00,171.95,171.95,171.95,11,171.95,423,171.95396
2023-05-15 22:22:00+00:00,172.0,172.0,171.98,17,171.98,1221,171.997219
2023-05-15 22:24:00+00:00,172.0299,172.0299,172.0281,20,172.0281,1356,172.029127
2023-05-15 22:25:00+00:00,172.03,172.03,172.03,14,172.03,791,172.030632
2023-05-15 22:26:00+00:00,172.0,172.0,172.0,9,172.0,246,172.006098
2023-05-15 22:32:00+00:00,172.05,172.14,172.05,17,172.05,1160,172.074582
2023-05-15 22:33:00+00:00,172.02,172.02,172.02,8,172.02,156,172.033013
2023-05-15 22:34:00+00:00,172.0,172.0,172.0,17,172.0,389,172.002241
2023-05-15 22:35:00+00:00,172.0,172.0,172.0,12,172.0,223,172.005067
2023-05-15 22:46:00+00:00,172.01,172.01,172.01,11,172.01,302,172.008046
2023-05-15 22:47:00+00:00,172.0,172.0,172.0,6,172.0,505,171.999901
2023-05-15 22:48:00+00:00,172.0,172.0,172.0,8,172.0,269,172.00171
2023-05-15 22:57:00+00:00,172.03,172.03,172.03,18,172.03,404,172.029065
2023-05-15 23:00:00+00:00,172.02,172.02,172.02,13,172.02,182,172.021593
2023-05-15 23:02:00+00:00,172.01,172.01,172.01,10,172.01,526,172.009582
2023-05-15 23:03:00+00:00,172.0,172.0,172.0,14,172.0,268,171.999907
2023-05-15 23:05:00+00:00,171.9801,171.9801,171.9801,6,171.9801,108,171.980787
2023-05-15 23:07:00+00:00,172.01,172.01,172.01,11,172.01,842,172.009388
2023-05-15 23:09:00+00:00,172.0,172.0,172.0,5,172.0,480,172.000688
2023-05-15 23:11:00+00:00,172.0,172.0,171.98,14,171.98,548,171.990237
2023-05-15 23:16:00+00:00,172.04,172.04,172.04,11,172.04,406,172.033448
2023-05-15 23:17:00+00:00,171.95,172.0199,171.95,29,172.0199,1273,171.959709
2023-05-15 23:18:00+00:00,171.94,171.95,171.94,15,171.95,1177,171.944898
2023-05-15 23:23:00+00:00,172.0,172.0,171.98,10,171.98,1006,171.995903
2023-05-15 23:29:00+00:00,172.0,172.0,172.0,11,172.0,251,171.995378
2023-05-15 23:31:00+00:00,171.99,171.99,171.99,6,171.99,196,171.989657
2023-05-15 23:33:00+00:00,171.93,171.93,171.93,12,171.93,235,171.945766
2023-05-15 23:35:00+00:00,171.98,171.98,171.98,13,171.98,513,171.976969
2023-05-15 23:40:00+00:00,172.0,172.0,172.0,12,172.0,1089,171.997759
2023-05-15 23:44:00+00:00,171.97,171.97,171.97,14,171.97,704,171.968359
2023-05-15 23:46:00+00:00,171.97,171.97,171.97,19,171.97,531,171.971215
2023-05-15 23:48:00+00:00,171.99,171.99,171.99,11,171.99,245,171.992077
2023-05-15 23:49:00+00:00,172.0,172.0,172.0,14,172.0,211,171.996351
2023-05-15 23:51:00+00:00,172.0,172.0,171.99,8,171.99,210,171.994405
2023-05-15 23:53:00+00:00,171.97,171.97,171.97,15,171.97,408,171.972908
2023-05-15 23:54:00+00:00,171.96,171.97,171.96,17,171.9699,497,171.965806
2023-05-15 23:55:00+00:00,171.96,171.96,171.96,16,171.96,182,171.961456
2023-05-15 23:58:00+00:00,171.95,171.95,171.95,18,171.95,1443,171.950638
2023-05-15 23:59:00+00:00,172.0,172.0,171.97,33,172.0,3576,171.993845
