timestamp,close,high,low,trade_count,open,volume,vwap
2023-02-22 00:00:00+00:00,148.84,148.84,148.82,16,148.82,725,148.833159
2023-02-22 00:02:00+00:00,148.86,148.86,148.76,25,148.84,1876,148.835272
2023-02-22 00:03:00+00:00,148.88,148.88,148.83,36,148.83,2212,148.844241
2023-02-22 00:04:00+00:00,148.86,148.86,148.86,13,148.86,297,148.816077
2023-02-22 00:06:00+00:00,148.88,148.88,148.88,21,148.88,728,148.861566
2023-02-22 00:08:00+00:00,148.8,148.8,148.8,10,148.8,687,148.814731
2023-02-22 00:10:00+00:00,148.88,148.88,148.87,32,148.87,3639,148.876221
2023-02-22 00:12:00+00:00,148.82,148.82,148.82,17,148.82,434,148.825507
2023-02-22 00:13:00+00:00,148.81,148.81,148.81,7,148.81,133,148.80485
2023-02-22 00:14:00+00:00,148.82,148.82,148.82,8,148.82,841,148.818579
2023-02-22 00:15:00+00:00,148.88,148.88,148.88,14,148.88,191,148.843508
2023-02-22 00:21:00+00:00,148.8,148.8,148.78,8,148.78,2276,148.782915
2023-02-22 00:23:00+00:00,148.8,148.8,148.8,23,148.8,607,148.800115
2023-02-22 00:24:00+00:00,148.85,148.85,148.83,26,148.83,1497,148.838039
2023-02-22 00:25:00+00:00,148.82,148.82,148.82,10,148.82,163,148.815675
2023-02-22 00:27:00+00:00,148.8,148.8,148.8,21,148.8,627,148.815957
2023-02-22 00:30:00+00:00,148.87,148.87,148.82,22,148.85,1594,148.848269
2023-02-22 00:31:00+00:00,148.85,148.85,148.85,29,148.85,1073,148.849362
2023-02-22 00:32:00+00:00,148.82,148.82,148.82,9,148.82,307,148.830717
2023-02-22 00:33:00+00:00,148.79,148.79,148.79,8,148.79,1429,148.790906
2023-02-22 00:34:00+00:00,148.79,148.79,148.79,25,148.79,2089,148.790658
2023-02-22 00:38:00+00:00,148.79,148.8,148.79,24,148.8,1730,148.79802
2023-02-22 00:39:00+00:00,148.77,148.77,148.77,9,148.77,170,148.777118
2023-02-22 00:40:00+00:00,148.75,148.76,148.75,20,148.76,1102,148.754936
2023-02-22 00:41:00+00:00,148.71,148.74,148.71,25,148.74,927,148.72212
2023-02-22 00:42:00+00:00,148.68,148.68,148.68,26,148.68,1196,148.682153
2023-02-22 00:43:00+00:00,148.71,148.71,148.7,22,148.7,598,148.702893
2023-02-22 00:44:00+00:00,148.7,148.7,148.69,30,148.69,2162,148.696693
2023-02-22 00:48:00+00:00,148.7,148.7,148.7,31,148.7,4364,148.699954
2023-02-22 00:49:00+00:00,148.72,148.72,148.7,9,148.7,458,148.709105
2023-02-22 00:50:00+00:00,148.66,148.66,148.66,21,148.66,783,148.668761
2023-02-22 00:51:00+00:00,148.73,148.73,148.73,29,148.73,307,148.718322
2023-02-22 00:52:00+00:00,148.68,148.71,148.68,27,148.7,1704,148.696684
2023-02-22 00:54:00+00:00,148.65,148.65,148.65,26,148.65,760,148.653638
2023-02-22 00:55:00+00:00,148.66,148.66,148.66,24,148.66,738,148.68565
2023-02-22 00:57:00+00:00,148.66,148.66,148.65,14,148.65,1010,148.658886
2023-02-22 00:58:00+00:00,148.68,148.7,148.66,38,148.66,3016,148.671903
2023-02-22 00:59:00+00:00,148.72,148.72,148.69,33,148.69,1496,148.706006
2023-02-22 09:00:00+00:00,148.52,150.0,148.25,87,148.94,6755,149.354527
2023-02-22 09:01:00+00:00,148.35,148.4,148.32,73,148.32,2305,148.348026
2023-02-22 09:02:00+00:00,148.47,148.47,148.47,21,148.47,667,148.445712
2023-02-22 09:03:00+00:00,148.32,148.47,148.28,69,148.4,3109,148.352422
2023-02-22 09:04:00+00:00,148.4,148.4,148.38,31,148.38,1210,148.386207
2023-02-22 09:05:00+00:00,149.0,149.0,148.67,75,148.67,4532,148.868566
2023-02-22 09:06:00+00:00,148.59,148.61,148.59,22,148.59,1191,148.600739
2023-02-22 09:07:00+00:00,148.49,148.6,148.47,27,148.47,1807,148.503913
2023-02-22 09:08:00+00:00,148.51,148.68,148.5,38,148.68,1069,148.571693
2023-02-22 09:09:00+00:00,148.48,148.48,148.48,8,148.48,265,148.473283
2023-02-22 09:11:00+00:00,148.39,148.44,148.39,32,148.44,1282,148.40266
2023-02-22 09:12:00+00:00,148.43,148.43,148.36,20,148.43,902,148.395377
2023-02-22 09:14:00+00:00,148.48,148.5,148.47,12,148.5,1086,148.482348
2023-02-22 09:16:00+00:00,148.53,148.53,148.47,78,148.5,3092,148.501788
2023-02-22 09:17:00+00:00,148.5,148.5,148.5,8,148.5,508,148.503366
2023-02-22 09:18:00+00:00,148.53,148.53,148.53,8,148.53,269,148.530335
2023-02-22 09:19:00+00:00,148.54,148.54,148.54,13,148.54,457,148.539716
2023-02-22 09:20:00+00:00,148.6,148.6,148.57,18,148.57,749,148.585314
2023-02-22 09:21:00+00:00,148.56,148.58,148.56,24,148.58,1266,148.581232
2023-02-22 09:22:00+00:00,148.63,148.63,148.63,13,148.63,311,148.623344
2023-02-22 09:25:00+00:00,148.55,148.55,148.55,24,148.55,1834,148.551936
2023-02-22 09:26:00+00:00,148.51,148.63,148.5,27,148.55,1702,148.532056
2023-02-22 09:28:00+00:00,148.51,148.51,148.51,8,148.51,281,148.517153
2023-02-22 09:29:00+00:00,148.5,148.5,148.5,11,148.5,235,148.507532
2023-02-22 09:30:00+00:00,148.43,148.5,148.43,76,148.5,3169,148.483657
2023-02-22 09:31:00+00:00,148.51,148.51,148.51,13,148.51,323,148.507214
2023-02-22 09:32:00+00:00,148.41,148.51,148.41,19,148.5,1192,148.459723
2023-02-22 09:34:00+00:00,148.43,148.43,148.42,8,148.42,356,148.427669
2023-02-22 09:35:00+00:00,148.49,148.49,148.44,14,148.44,866,148.461778
2023-02-22 09:36:00+00:00,148.44,148.46,148.44,27,148.46,933,148.45119
2023-02-22 09:37:00+00:00,148.25,148.44,148.25,52,148.44,1797,148.385147
2023-02-22 09:39:00+00:00,148.4,148.4,148.4,28,148.4,1013,148.393968
2023-02-22 09:45:00+00:00,148.4,148.4,148.4,5,148.4,175,148.408571
2023-02-22 09:46:00+00:00,148.43,148.43,148.43,7,148.43,339,148.43
2023-02-22 09:47:00+00:00,148.43,148.43,148.43,12,148.43,525,148.430286
2023-02-22 09:48:00+00:00,148.54,148.54,148.44,44,148.44,1366,148.494436
2023-02-22 09:49:00+00:00,148.54,148.54,148.54,33,148.54,1018,148.549106
2023-02-22 09:50:00+00:00,148.64,148.64,148.6,28,148.6,1567,148.623427
2023-02-22 09:54:00+00:00,148.8,148.8,148.69,52,148.69,1756,148.725148
2023-02-22 09:55:00+00:00,148.8,148.8,148.8,10,148.8,833,148.802521
2023-02-22 09:56:00+00:00,148.74,148.74,148.74,7,148.74,501,148.748902
2023-02-22 09:57:00+00:00,148.74,148.81,148.74,27,148.81,4971,148.743699
2023-02-22 10:01:00+00:00,148.75,148.75,148.75,7,148.75,437,148.758284
2023-02-22 10:02:00+00:00,148.7,148.77,148.7,23,148.77,1082,148.731165
2023-02-22 10:05:00+00:00,148.7,148.7,148.7,6,148.7,357,148.698571
2023-02-22 10:08:00+00:00,148.69,148.69,148.69,21,148.69,445,148.690876
2023-02-22 10:11:00+00:00,148.61,148.61,148.61,14,148.61,1157,148.61242
2023-02-22 10:12:00+00:00,148.61,148.61,148.61,20,148.61,732,148.61
2023-02-22 10:14:00+00:00,148.55,148.55,148.55,17,148.55,295,148.541356
2023-02-22 10:15:00+00:00,148.51,148.51,148.51,5,148.51,505,148.512198
2023-02-22 10:16:00+00:00,148.53,148.53,148.53,15,148.53,409,148.547848
2023-02-22 10:20:00+00:00,148.55,148.55,148.55,12,148.55,443,148.549345
2023-02-22 10:22:00+00:00,148.52,148.52,148.5,29,148.5,1049,148.51225
2023-02-22 10:23:00+00:00,148.5,148.51,148.5,19,148.51,1123,148.501915
2023-02-22 10:27:00+00:00,148.55,148.55,148.55,17,148.55,2238,148.548463
2023-02-22 10:30:00+00:00,148.52,148.52,148.52,24,148.52,459,148.506383
2023-02-22 10:39:00+00:00,148.45,148.45,148.45,14,148.45,266,148.444812
2023-02-22 10:41:00+00:00,148.52,148.52,148.52,19,148.52,603,148.490713
2023-02-22 10:45:00+00:00,148.51,148.51,148.51,21,148.51,1288,148.522748
2023-02-22 10:51:00+00:00,148.53,148.53,148.53,30,148.53,1021,148.527786
2023-02-22 11:10:00+00:00,148.5,148.5,148.5,17,148.5,234,148.499915
2023-02-22 11:12:00+00:00,148.41,148.42,148.41,20,148.42,513,148.424659
2023-02-22 11:18:00+00:00,148.45,148.45,148.44,15,148.44,1536,148.446315
2023-02-22 11:26:00+00:00,148.4,148.42,148.4,36,148.42,962,148.406538
2023-02-22 11:27:00+00:00,148.33,148.33,148.32,25,148.32,561,148.331016
2023-02-22 11:29:00+00:00,148.36,148.36,148.36,7,148.36,158,148.352658
2023-02-22 11:30:00+00:00,148.38,148.38,148.36,31,148.36,1257,148.375537
2023-02-22 11:31:00+00:00,148.25,148.32,148.25,56,148.32,8037,148.269836
2023-02-22 11:32:00+00:00,148.22,148.24,148.22,24,148.23,934,148.22515
2023-02-22 11:33:00+00:00,148.21,148.24,148.21,12,148.22,977,148.228342
2023-02-22 11:34:00+00:00,148.16,148.21,148.16,46,148.21,1369,148.187728
2023-02-22 11:35:00+00:00,148.24,148.24,148.24,11,148.24,519,148.23553
2023-02-22 11:36:00+00:00,148.24,148.24,148.24,12,148.24,342,148.239649
2023-02-22 11:37:00+00:00,148.2,148.2,148.2,7,148.2,405,148.199901
2023-02-22 11:38:00+00:00,148.11,148.16,148.11,47,148.16,1592,148.147977
2023-02-22 11:40:00+00:00,148.15,148.15,148.15,10,148.15,314,148.146943
2023-02-22 11:42:00+00:00,148.17,148.17,148.17,6,148.17,206,148.167379
2023-02-22 11:43:00+00:00,148.23,148.23,148.18,20,148.18,976,148.214559
2023-02-22 11:44:00+00:00,148.28,148.28,148.28,11,148.28,189,148.264656
2023-02-22 11:47:00+00:00,148.33,148.33,148.33,7,148.33,260,148.327923
2023-02-22 11:49:00+00:00,148.27,148.27,148.27,18,148.27,554,148.29648
2023-02-22 11:51:00+00:00,148.46,148.46,148.45,18,148.45,762,148.435735
2023-02-22 11:54:00+00:00,148.45,148.45,148.44,18,148.44,1233,148.441792
2023-02-22 11:55:00+00:00,148.43,148.47,148.43,15,148.47,783,148.445338
2023-02-22 11:56:00+00:00,148.46,148.46,148.46,13,148.46,558,148.457724
2023-02-22 11:57:00+00:00,148.47,148.47,148.46,20,148.46,591,148.463875
2023-02-22 11:58:00+00:00,148.46,148.46,148.46,6,148.46,213,148.458028
2023-02-22 11:59:00+00:00,148.46,148.46,148.46,17,148.46,432,148.455579
2023-02-22 12:00:00+00:00,148.22,148.52,148.22,224,148.5,7843,148.41533
2023-02-22 12:02:00+00:00,148.34,148.35,148.34,31,148.35,1251,148.343485
2023-02-22 12:05:00+00:00,148.5,148.5,148.45,94,148.45,7493,148.477249
2023-02-22 12:06:00+00:00,148.53,148.55,148.53,45,148.54,2659,148.536232
2023-02-22 12:07:00+00:00,148.57,148.57,148.55,63,148.55,3857,148.563425
2023-02-22 12:08:00+00:00,148.52,148.53,148.52,41,148.53,3291,148.52667
2023-02-22 12:09:00+00:00,148.55,148.55,148.55,24,148.55,994,148.551016
2023-02-22 12:11:00+00:00,148.51,148.52,148.51,36,148.52,1636,148.511498
2023-02-22 12:12:00+00:00,148.55,148.55,148.55,31,148.55,1369,148.538532
2023-02-22 12:14:00+00:00,148.58,148.58,148.58,37,148.58,1774,148.566094
2023-02-22 12:15:00+00:00,148.44,148.5,148.44,85,148.5,7107,148.452422
2023-02-22 12:16:00+00:00,148.56,148.56,148.44,24,148.44,9205,148.442026
2023-02-22 12:17:00+00:00,148.48,148.48,148.48,17,148.48,734,148.502534
2023-02-22 12:18:00+00:00,148.55,148.55,148.55,12,148.55,597,148.554221
2023-02-22 12:19:00+00:00,148.57,148.58,148.56,26,148.56,1889,148.568867
2023-02-22 12:21:00+00:00,148.68,148.68,148.62,37,148.62,3621,148.656203
2023-02-22 12:22:00+00:00,148.7,148.7,148.69,22,148.69,1783,148.694694
2023-02-22 12:23:00+00:00,148.8,148.8,148.72,51,148.72,1918,148.769588
2023-02-22 12:24:00+00:00,149.0,149.0,148.84,183,148.84,8356,148.968108
2023-02-22 12:25:00+00:00,149.15,149.15,149.07,94,149.07,11202,149.121277
2023-02-22 12:26:00+00:00,149.13,149.13,149.05,14,149.05,687,149.097089
2023-02-22 12:27:00+00:00,149.13,149.13,149.13,31,149.13,1338,149.125717
2023-02-22 12:28:00+00:00,149.2,149.2,149.15,59,149.15,2896,149.174071
2023-02-22 12:29:00+00:00,149.19,149.24,149.17,81,149.2,5873,149.201968
2023-02-22 12:30:00+00:00,149.15,149.2,149.15,52,149.17,4069,149.162222
2023-02-22 12:31:00+00:00,149.2,149.2,149.15,30,149.15,1779,149.181568
2023-02-22 12:32:00+00:00,149.2,149.2,149.2,44,149.2,3459,149.202772
2023-02-22 12:33:00+00:00,149.21,149.24,149.21,20,149.24,1595,149.221204
2023-02-22 12:34:00+00:00,149.24,149.24,149.24,26,149.24,779,149.235777
2023-02-22 12:35:00+00:00,149.3,149.3,149.22,53,149.22,4465,149.260305
2023-02-22 12:36:00+00:00,149.4,149.4,149.29,78,149.29,4845,149.376844
2023-02-22 12:37:00+00:00,149.41,149.46,149.41,41,149.45,1693,149.428907
2023-02-22 12:38:00+00:00,149.26,149.4,149.26,68,149.4,5752,149.334772
2023-02-22 12:39:00+00:00,149.25,149.27,149.25,25,149.25,1632,149.262574
2023-02-22 12:40:00+00:00,149.35,149.35,149.25,86,149.25,5674,149.329988
2023-02-22 12:41:00+00:00,149.33,149.33,149.33,24,149.33,626,149.330783
2023-02-22 12:42:00+00:00,149.28,149.31,149.25,40,149.3,7740,149.262435
2023-02-22 12:43:00+00:00,149.2,149.2,149.2,18,149.2,1039,149.203292
2023-02-22 12:44:00+00:00,149.16,149.16,149.16,29,149.16,397,149.186675
2023-02-22 12:45:00+00:00,149.07,149.16,149.07,49,149.16,19975,149.145456
2023-02-22 12:46:00+00:00,149.07,149.08,149.07,18,149.08,1106,149.077206
2023-02-22 12:47:00+00:00,149.1,149.12,149.07,43,149.07,2684,149.0987
2023-02-22 12:48:00+00:00,149.09,149.11,149.09,14,149.11,842,149.103884
2023-02-22 12:49:00+00:00,149.08,149.12,149.08,45,149.11,1792,149.106451
2023-02-22 12:50:00+00:00,149.0,149.07,148.91,164,149.07,7604,149.01119
2023-02-22 12:52:00+00:00,149.0,149.05,149.0,42,149.04,1852,149.024595
2023-02-22 12:53:00+00:00,148.99,149.01,148.99,37,149.01,1249,149.004283
2023-02-22 12:54:00+00:00,148.99,148.99,148.99,8,148.99,284,148.996162
2023-02-22 12:55:00+00:00,149.07,149.12,149.03,74,149.03,3130,149.072112
2023-02-22 12:57:00+00:00,149.1,149.1,149.1,32,149.1,569,149.096766
2023-02-22 12:59:00+00:00,149.18,149.19,149.18,36,149.18,1679,149.181846
2023-02-22 13:00:00+00:00,149.27,149.47,148.2706,629,148.41,78246,149.116433
2023-02-22 13:01:00+00:00,148.54,149.4115,148.32,667,149.27,8430,148.975705
2023-02-22 13:02:00+00:00,149.07,149.07,148.31,357,148.48,3430,148.842158
2023-02-22 13:03:00+00:00,149.0,149.06,149.0,168,149.03,3672,148.772444
2023-02-22 13:04:00+00:00,149.0796,149.0796,149.01,34,149.01,2278,149.059827
2023-02-22 13:05:00+00:00,149.07,149.07,149.03,36,149.03,3267,149.039166
2023-02-22 13:06:00+00:00,149.05,149.0774,149.0497,40,149.0774,1466,149.058062
2023-02-22 13:07:00+00:00,148.99,149.01,148.99,70,149.01,6683,148.997089
2023-02-22 13:08:00+00:00,148.9237,148.9237,148.9237,17,148.9237,363,148.936873
2023-02-22 13:09:00+00:00,149.02,149.05,148.99,62,149.0,3020,149.008493
2023-02-22 13:10:00+00:00,149.0,149.02,149.0,52,149.02,2483,149.008417
2023-02-22 13:11:00+00:00,149.01,149.01,148.99,29,148.99,905,148.99982
2023-02-22 13:12:00+00:00,148.96,148.99,148.96,21,148.99,848,148.97879
2023-02-22 13:13:00+00:00,148.95,149.01,148.95,36,148.96,1329,148.976682
2023-02-22 13:15:00+00:00,149.0,149.0,148.9602,29,149.0,1923,148.996589
2023-02-22 13:16:00+00:00,149.0591,149.0591,149.0485,33,149.0485,582,149.038678
2023-02-22 13:17:00+00:00,149.1,149.1,148.97,41,148.97,2580,149.056281
2023-02-22 13:21:00+00:00,149.1,149.1,149.01,40,149.01,2173,149.077377
2023-02-22 13:22:00+00:00,149.14,149.14,149.12,30,149.12,1087,149.127032
2023-02-22 13:23:00+00:00,149.2383,149.2383,149.14,44,149.14,1469,149.158809
2023-02-22 13:24:00+00:00,149.22,149.22,149.2,43,149.2,700,149.200806
2023-02-22 13:25:00+00:00,149.09,149.18,149.09,104,149.18,2110,149.122398
2023-02-22 13:26:00+00:00,149.0349,149.06,148.9614,67,149.01,2258,149.015383
2023-02-22 13:27:00+00:00,148.92,149.0,148.92,54,149.0,903,148.954607
2023-02-22 13:28:00+00:00,148.9,148.95,148.88,139,148.95,8896,148.900999
2023-02-22 13:29:00+00:00,148.79,148.934,148.79,118,148.9,23101,148.8721
2023-02-22 13:31:00+00:00,148.76,148.87,148.76,114,148.84,4854,148.817041
2023-02-22 13:32:00+00:00,148.96,148.96,148.8203,54,148.8203,1717,148.931214
2023-02-22 13:33:00+00:00,149.01,149.01,148.98,40,149.0,7972,148.999052
2023-02-22 13:34:00+00:00,149.05,149.05,148.988,41,148.99,3591,149.025162
2023-02-22 13:35:00+00:00,149.06,149.1,149.01,82,149.08,4780,149.055848
2023-02-22 13:36:00+00:00,149.05,149.05,149.04,80,149.04,8117,149.048901
2023-02-22 13:37:00+00:00,149.08,149.08,149.0,41,149.06,2199,149.02932
2023-02-22 13:39:00+00:00,149.0,149.0,149.0,21,149.0,250,148.98942
2023-02-22 13:41:00+00:00,148.91,148.95,148.86,117,148.95,2954,148.908651
2023-02-22 13:42:00+00:00,148.85,148.9,148.85,28,148.9,1601,148.887779
2023-02-22 13:43:00+00:00,148.9,148.9,148.89,34,148.89,1047,148.891154
2023-02-22 13:44:00+00:00,148.85,148.9,148.85,91,148.9,3269,148.886837
2023-02-22 13:45:00+00:00,148.88,148.88,148.82,46,148.85,3071,148.868619
2023-02-22 13:46:00+00:00,148.88,148.88,148.88,21,148.88,221,148.871876
2023-02-22 13:47:00+00:00,148.834,148.87,148.834,61,148.8346,3400,148.855939
2023-02-22 13:48:00+00:00,148.9,148.9,148.87,46,148.87,2779,148.876895
2023-02-22 13:49:00+00:00,148.9,148.9,148.9,38,148.9,3071,148.896026
2023-02-22 13:50:00+00:00,148.89,148.89,148.89,25,148.89,524,148.886927
2023-02-22 13:51:00+00:00,148.9,148.9,148.85,85,148.88,8311,148.892733
2023-02-22 13:52:00+00:00,148.9,148.9,148.85,69,148.85,3688,148.890188
2023-02-22 13:53:00+00:00,148.89,148.89,148.89,46,148.89,948,148.894895
2023-02-22 13:54:00+00:00,149.04,149.05,148.89,116,148.89,4717,148.981449
2023-02-22 13:55:00+00:00,149.0212,149.0973,149.0212,28,149.0225,2430,149.075301
2023-02-22 13:56:00+00:00,148.98,149.0,148.98,92,149.0,6880,148.993319
2023-02-22 13:57:00+00:00,149.01,149.03,149.01,53,149.02,982,149.018512
2023-02-22 13:58:00+00:00,148.97,148.97,148.97,61,148.97,1366,149.003092
2023-02-22 13:59:00+00:00,148.98,148.98,148.98,54,148.98,1118,148.983475
2023-02-22 14:00:00+00:00,149.04,149.04,149.0,25,149.0,551,149.01314
2023-02-22 14:02:00+00:00,148.85,148.97,148.85,118,148.97,3431,148.901393
2023-02-22 14:03:00+00:00,148.8,148.85,148.8,94,148.85,4797,148.846828
2023-02-22 14:06:00+00:00,149.0,149.0,148.96,72,148.96,1786,148.983478
2023-02-22 14:07:00+00:00,148.99,148.99,148.94,55,148.94,1720,148.951614
2023-02-22 14:08:00+00:00,149.0499,149.0499,149.0099,30,149.0099,2064,149.018773
2023-02-22 14:09:00+00:00,149.02,149.08,149.0,84,149.0498,5653,149.039298
2023-02-22 14:10:00+00:00,149.06,149.06,149.02,53,149.02,2040,149.023011
2023-02-22 14:11:00+00:00,149.03,149.03,149.03,34,149.03,1012,149.035124
2023-02-22 14:12:00+00:00,148.9,149.03,148.9,75,149.03,1913,148.980267
2023-02-22 14:13:00+00:00,148.9,148.9113,148.89,54,148.9113,6026,148.900368
2023-02-22 14:14:00+00:00,148.9,148.93,148.88,53,148.9001,4487,148.909551
2023-02-22 14:15:00+00:00,148.88,148.88,148.8451,84,148.88,2190,148.878496
2023-02-22 14:16:00+00:00,148.84,148.94,148.84,65,148.94,1547,148.893277
2023-02-22 14:17:00+00:00,148.85,148.88,148.85,47,148.88,2484,148.865483
2023-02-22 14:18:00+00:00,148.85,148.85,148.85,39,148.85,3498,148.850394
2023-02-22 14:19:00+00:00,148.88,148.88,148.86,35,148.86,1240,148.870132
2023-02-22 14:20:00+00:00,148.88,148.88,148.88,49,148.88,5154,148.879657
2023-02-22 14:21:00+00:00,148.88,148.88,148.88,65,148.88,1457,148.878253
2023-02-22 14:22:00+00:00,148.9,148.9,148.9,42,148.9,945,148.897457
2023-02-22 14:23:00+00:00,148.95,148.96,148.89,140,148.8975,9824,148.931481
2023-02-22 14:24:00+00:00,148.9499,148.9499,148.92,33,148.93,4467,148.927008
2023-02-22 14:25:00+00:00,148.66,148.89,148.62,301,148.89,17770,148.742969
2023-02-22 14:26:00+00:00,148.71,148.71,148.62,118,148.66,13357,148.67784
2023-02-22 14:27:00+00:00,148.7,148.91,148.59,114,148.7,7676,148.707484
2023-02-22 14:28:00+00:00,148.84,148.9,148.84,116,148.88,4659,148.865243
2023-02-22 14:29:00+00:00,148.92,148.92,148.8,54,148.84,2719,148.842747
2023-02-22 14:30:00+00:00,149.28,149.5,148.66,9729,148.81,1547999,148.877017
2023-02-22 14:31:00+00:00,149.08,149.3,148.8709,7944,149.27,284080,149.076438
2023-02-22 14:32:00+00:00,148.74,149.15,148.72,7719,149.12,293962,148.892898
2023-02-22 14:33:00+00:00,148.82,149.03,148.7,6184,148.76,228685,148.851111
2023-02-22 14:34:00+00:00,148.815,148.99,148.7,1579,148.82,155934,148.829568
2023-02-22 14:35:00+00:00,148.59,148.815,148.45,3465,148.815,395573,148.582851
2023-02-22 14:36:00+00:00,148.465,148.64,148.465,1562,148.602,156464,148.557018
2023-02-22 14:37:00+00:00,148.315,148.64,148.3,2207,148.4636,200105,148.480189
2023-02-22 14:38:00+00:00,148.47,148.56,148.235,2265,148.31,285238,148.365496
2023-02-22 14:39:00+00:00,148.4099,148.54,148.34,1996,148.49,188278,148.436704
2023-02-22 14:40:00+00:00,148.42,148.5583,148.27,1953,148.41,193290,148.423109
2023-02-22 14:41:00+00:00,148.39,148.53,148.3,1873,148.424,186611,148.436933
2023-02-22 14:42:00+00:00,148.3,148.4931,148.14,2296,148.38,242616,148.299958
2023-02-22 14:43:00+00:00,148.369,148.369,148.17,1757,148.3,163054,148.269254
2023-02-22 14:44:00+00:00,148.23,148.45,148.22,1641,148.3599,159875,148.331363
2023-02-22 14:45:00+00:00,148.31,148.4,148.15,1833,148.26,222667,148.266925
2023-02-22 14:46:00+00:00,148.465,148.55,148.2498,2500,148.315,297343,148.450302
2023-02-22 14:47:00+00:00,148.37,148.68,148.36,2595,148.48,328585,148.541265
2023-02-22 14:48:00+00:00,148.455,148.5458,148.34,1475,148.38,173989,148.460348
2023-02-22 14:49:00+00:00,148.495,148.55,148.39,1522,148.52,205755,148.478599
2023-02-22 14:50:00+00:00,148.39,148.54,148.35,1586,148.495,206633,148.418459
2023-02-22 14:51:00+00:00,148.3,148.39,148.23,1671,148.38,159233,148.300856
2023-02-22 14:52:00+00:00,148.29,148.4771,148.25,1216,148.31,111888,148.382772
2023-02-22 14:53:00+00:00,148.0801,148.2901,147.97,5137,148.29,502413,148.067497
2023-02-22 14:54:00+00:00,148.22,148.26,148.05,1491,148.09,135692,148.1627
2023-02-22 14:55:00+00:00,148.1394,148.25,148.03,1360,148.24,118905,148.127803
2023-02-22 14:56:00+00:00,148.0603,148.17,148.05,1136,148.1486,119274,148.133583
2023-02-22 14:57:00+00:00,148.13,148.1484,148.03,1258,148.05,126041,148.073121
2023-02-22 14:58:00+00:00,148.0,148.16,147.93,1835,148.1327,179825,148.013142
2023-02-22 14:59:00+00:00,147.93,148.03,147.86,1828,148.01,168750,147.924275
2023-02-22 15:00:00+00:00,147.9,148.0147,147.79,1976,147.93,205535,147.895757
2023-02-22 15:01:00+00:00,147.808,147.94,147.8,1445,147.9,129784,147.88069
2023-02-22 15:02:00+00:00,147.69,147.81,147.66,2147,147.8,198385,147.746649
2023-02-22 15:03:00+00:00,147.6672,147.7476,147.63,1490,147.695,203743,147.694017
2023-02-22 15:04:00+00:00,147.88,147.89,147.59,1986,147.67,219632,147.732585
2023-02-22 15:05:00+00:00,148.0301,148.04,147.86,1586,147.88,178934,147.955997
2023-02-22 15:06:00+00:00,148.0397,148.05,147.91,1207,148.0399,114383,147.992787
2023-02-22 15:07:00+00:00,148.12,148.1399,148.0,992,148.0201,93493,148.064385
2023-02-22 15:08:00+00:00,148.1,148.21,148.055,1226,148.115,114993,148.124654
2023-02-22 15:09:00+00:00,147.91,148.14,147.88,1165,148.0999,139339,147.998372
2023-02-22 15:10:00+00:00,147.71,147.91,147.69,1419,147.8955,158949,147.794862
2023-02-22 15:11:00+00:00,147.49,147.72,147.4601,2395,147.72,232211,147.568897
2023-02-22 15:12:00+00:00,147.37,147.5399,147.36,1711,147.5,182820,147.446025
2023-02-22 15:13:00+00:00,147.5788,147.58,147.35,1383,147.37,148852,147.465945
2023-02-22 15:14:00+00:00,147.48,147.59,147.42,1174,147.58,104199,147.507887
2023-02-22 15:15:00+00:00,147.38,147.53,147.34,1196,147.49,121801,147.425015
2023-02-22 15:16:00+00:00,147.28,147.38,147.24,1565,147.38,198632,147.286996
2023-02-22 15:17:00+00:00,147.3,147.41,147.25,1192,147.275,141234,147.326845
2023-02-22 15:18:00+00:00,147.41,147.45,147.315,1218,147.315,147988,147.403299
2023-02-22 15:19:00+00:00,147.2826,147.41,147.18,1411,147.4,140165,147.269796
2023-02-22 15:20:00+00:00,147.44,147.465,147.29,1139,147.29,101615,147.417863
2023-02-22 15:21:00+00:00,147.5399,147.56,147.447,1148,147.447,138469,147.498957
2023-02-22 15:22:00+00:00,147.6301,147.65,147.49,1061,147.545,98114,147.573006
2023-02-22 15:23:00+00:00,147.749,147.7969,147.63,1173,147.645,115022,147.719913
2023-02-22 15:24:00+00:00,147.8,147.8669,147.69,1394,147.74,132853,147.785957
2023-02-22 15:25:00+00:00,147.97,147.98,147.78,1296,147.8,143907,147.874592
2023-02-22 15:26:00+00:00,147.83,147.98,147.83,1083,147.9712,126605,147.855752
2023-02-22 15:27:00+00:00,147.8468,147.94,147.82,982,147.8401,85965,147.887807
2023-02-22 15:28:00+00:00,147.775,147.88,147.74,992,147.86,123370,147.803953
2023-02-22 15:29:00+00:00,147.48,147.7859,147.48,1396,147.78,135499,147.636421
2023-02-22 15:30:00+00:00,147.43,147.54,147.4,1094,147.49,98954,147.482692
2023-02-22 15:31:00+00:00,147.1899,147.4256,147.18,1541,147.4256,165274,147.258972
2023-02-22 15:32:00+00:00,147.184,147.3145,147.16,1845,147.19,235536,147.21931
2023-02-22 15:33:00+00:00,147.2664,147.32,147.17,1119,147.19,108962,147.253602
2023-02-22 15:34:00+00:00,147.3,147.36,147.28,788,147.2815,74041,147.325583
2023-02-22 15:35:00+00:00,147.495,147.5,147.3017,1071,147.305,111981,147.403851
2023-02-22 15:36:00+00:00,147.69,147.72,147.51,1193,147.52,102472,147.608728
2023-02-22 15:37:00+00:00,147.55,147.735,147.5201,1006,147.686,96847,147.610712
2023-02-22 15:38:00+00:00,147.568,147.64,147.4814,860,147.55,74924,147.560884
2023-02-22 15:39:00+00:00,147.5612,147.61,147.44,787,147.57,73454,147.512597
2023-02-22 15:40:00+00:00,147.6187,147.7899,147.577,1033,147.577,107162,147.69042
2023-02-22 15:41:00+00:00,147.73,147.76,147.62,779,147.62,74349,147.698479
2023-02-22 15:42:00+00:00,147.73,147.76,147.64,689,147.74,67941,147.687653
2023-02-22 15:43:00+00:00,147.71,147.84,147.66,897,147.74,76113,147.737251
2023-02-22 15:44:00+00:00,147.84,147.84,147.695,963,147.719,99365,147.772981
2023-02-22 15:45:00+00:00,147.93,147.97,147.83,1055,147.84,101538,147.89906
2023-02-22 15:46:00+00:00,147.86,147.9608,147.83,956,147.94,97697,147.906919
2023-02-22 15:47:00+00:00,147.885,147.93,147.79,807,147.88,79719,147.857333
2023-02-22 15:48:00+00:00,147.99,148.0198,147.86,1026,147.885,95735,147.944173
2023-02-22 15:49:00+00:00,147.8519,147.995,147.83,897,147.99,79282,147.927626
2023-02-22 15:50:00+00:00,147.85,147.94,147.78,892,147.86,97899,147.859718
2023-02-22 15:51:00+00:00,147.9433,147.98,147.8115,825,147.86,79334,147.896319
2023-02-22 15:52:00+00:00,147.88,148.01,147.865,697,147.94,73506,147.939068
2023-02-22 15:53:00+00:00,147.9,147.95,147.89,625,147.89,40794,147.925072
2023-02-22 15:54:00+00:00,148.0935,148.17,147.9057,1132,147.91,105084,148.079728
2023-02-22 15:55:00+00:00,148.16,148.1799,148.08,957,148.0984,100287,148.127889
2023-02-22 15:56:00+00:00,148.33,148.365,148.1619,1378,148.18,137175,148.267395
2023-02-22 15:57:00+00:00,148.269,148.4,148.24,934,148.34,125416,148.331289
2023-02-22 15:58:00+00:00,148.19,148.2799,148.15,876,148.26,98281,148.212131
2023-02-22 15:59:00+00:00,148.1401,148.26,148.14,716,148.2,72468,148.216448
2023-02-22 16:00:00+00:00,148.21,148.22,148.12,925,148.15,99768,148.172073
2023-02-22 16:01:00+00:00,148.15,148.25,148.07,732,148.22,80352,148.156154
2023-02-22 16:02:00+00:00,148.24,148.28,148.15,737,148.17,61604,148.216751
2023-02-22 16:03:00+00:00,148.15,148.25,148.11,738,148.25,67559,148.156681
2023-02-22 16:04:00+00:00,148.0899,148.2,148.0705,640,148.15,54268,148.133348
2023-02-22 16:05:00+00:00,148.1679,148.23,148.08,723,148.08,57701,148.172343
2023-02-22 16:06:00+00:00,148.02,148.2,148.015,671,148.1701,57201,148.107133
2023-02-22 16:07:00+00:00,148.0733,148.13,148.0296,551,148.0296,46302,148.089994
2023-02-22 16:08:00+00:00,147.99,148.085,147.98,812,148.08,89039,148.029172
2023-02-22 16:09:00+00:00,148.11,148.11,147.96,625,147.995,54508,148.037769
2023-02-22 16:10:00+00:00,148.04,148.14,147.98,684,148.12,43988,148.054722
2023-02-22 16:11:00+00:00,147.9701,148.064,147.965,641,148.0389,49569,148.016099
2023-02-22 16:12:00+00:00,147.87,147.985,147.8621,883,147.9786,80118,147.920025
2023-02-22 16:13:00+00:00,147.9003,147.91,147.845,697,147.8699,62008,147.877463
2023-02-22 16:14:00+00:00,147.91,147.965,147.86,603,147.91,47138,147.90554
2023-02-22 16:15:00+00:00,147.83,147.92,147.81,652,147.92,49778,147.857044
2023-02-22 16:16:00+00:00,147.78,147.87,147.755,746,147.83,61401,147.797532
2023-02-22 16:17:00+00:00,147.7899,147.82,147.72,738,147.7889,64702,147.771239
2023-02-22 16:18:00+00:00,147.7425,147.81,147.74,547,147.79,49368,147.785595
2023-02-22 16:19:00+00:00,147.8,147.8,147.7,670,147.75,74432,147.758837
2023-02-22 16:20:00+00:00,147.93,147.9696,147.8,894,147.8,104358,147.882705
2023-02-22 16:21:00+00:00,147.9122,148.0,147.87,623,147.93,57583,147.937999
2023-02-22 16:22:00+00:00,147.9578,147.994,147.9,463,147.9015,37456,147.953606
2023-02-22 16:23:00+00:00,148.0099,148.12,147.96,813,147.96,107864,148.041714
2023-02-22 16:24:00+00:00,148.0301,148.04,147.94,741,147.99,69881,147.992585
2023-02-22 16:25:00+00:00,147.935,148.0599,147.92,693,148.04,61500,147.973595
2023-02-22 16:26:00+00:00,147.82,147.94,147.8,862,147.935,81187,147.856429
2023-02-22 16:27:00+00:00,147.935,147.95,147.77,785,147.815,73273,147.84387
2023-02-22 16:28:00+00:00,147.82,147.96,147.81,798,147.93,81508,147.903268
2023-02-22 16:29:00+00:00,147.86,147.9099,147.78,571,147.81,46054,147.848365
2023-02-22 16:30:00+00:00,147.89,147.94,147.81,526,147.88,35627,147.877158
2023-02-22 16:31:00+00:00,148.08,148.0887,147.9,631,147.9,55782,147.998667
2023-02-22 16:32:00+00:00,148.06,148.155,148.04,796,148.08,97407,148.093806
2023-02-22 16:33:00+00:00,148.1218,148.14,148.01,711,148.06,72622,148.08586
2023-02-22 16:34:00+00:00,148.2215,148.2399,148.08,745,148.135,83692,148.170346
2023-02-22 16:35:00+00:00,148.2,148.32,148.19,928,148.23,94616,148.245225
2023-02-22 16:36:00+00:00,148.21,148.22,148.1248,572,148.2001,58427,148.172057
2023-02-22 16:37:00+00:00,148.07,148.23,148.05,650,148.22,68349,148.145525
2023-02-22 16:38:00+00:00,147.925,148.0718,147.9041,811,148.0718,88900,147.974202
2023-02-22 16:39:00+00:00,147.844,147.94,147.81,846,147.94,82043,147.876876
2023-02-22 16:40:00+00:00,147.825,147.88,147.76,807,147.85,85045,147.824841
2023-02-22 16:41:00+00:00,147.83,147.8975,147.81,503,147.83,45793,147.847796
2023-02-22 16:42:00+00:00,147.81,147.9,147.79,539,147.85,48879,147.845127
2023-02-22 16:43:00+00:00,148.015,148.015,147.79,647,147.82,60798,147.911892
2023-02-22 16:44:00+00:00,148.1049,148.1199,147.96,575,148.01,62189,148.040819
2023-02-22 16:45:00+00:00,148.11,148.15,148.005,693,148.105,73763,148.089631
2023-02-22 16:46:00+00:00,147.9691,148.1,147.9531,515,148.1,45227,148.006088
2023-02-22 16:47:00+00:00,147.9,148.02,147.891,525,147.97,59916,147.964888
2023-02-22 16:48:00+00:00,147.88,147.9258,147.87,476,147.9,37938,147.897629
2023-02-22 16:49:00+00:00,147.7064,147.87,147.69,944,147.8628,97930,147.755563
2023-02-22 16:50:00+00:00,147.79,147.809,147.694,706,147.7101,66738,147.755248
2023-02-22 16:51:00+00:00,147.8244,147.85,147.76,709,147.78,57963,147.806783
2023-02-22 16:52:00+00:00,147.91,147.96,147.83,796,147.83,64143,147.902643
2023-02-22 16:53:00+00:00,147.85,147.942,147.835,685,147.92,51303,147.881726
2023-02-22 16:54:00+00:00,147.8,147.85,147.74,679,147.85,48004,147.794033
2023-02-22 16:55:00+00:00,147.8025,147.82,147.76,395,147.8,28416,147.79381
2023-02-22 16:56:00+00:00,147.91,147.975,147.81,760,147.81,75440,147.909988
2023-02-22 16:57:00+00:00,147.89,147.95,147.87,425,147.93,33603,147.91646
2023-02-22 16:58:00+00:00,148.02,148.03,147.88,513,147.885,40025,147.954055
2023-02-22 16:59:00+00:00,148.064,148.11,147.995,635,148.02,61789,148.050733
2023-02-22 17:00:00+00:00,147.97,148.08,147.94,535,148.08,50932,147.988332
2023-02-22 17:01:00+00:00,147.9462,147.97,147.87,495,147.97,38912,147.916757
2023-02-22 17:02:00+00:00,147.912,147.98,147.89,433,147.9451,34235,147.929071
2023-02-22 17:03:00+00:00,147.955,147.96,147.862,450,147.91,35978,147.915016
2023-02-22 17:04:00+00:00,147.96,148.0183,147.92,446,147.97,36114,147.9585
2023-02-22 17:05:00+00:00,148.06,148.08,147.9655,491,147.9655,40065,148.033972
2023-02-22 17:06:00+00:00,148.063,148.1,148.03,366,148.0673,41285,148.060791
2023-02-22 17:07:00+00:00,148.09,148.105,148.01,417,148.06,37241,148.063585
2023-02-22 17:08:00+00:00,148.1371,148.2,148.09,664,148.1099,63402,148.161788
2023-02-22 17:09:00+00:00,148.08,148.18,148.06,489,148.14,37866,148.127865
2023-02-22 17:10:00+00:00,147.9978,148.0801,147.97,555,148.07,52429,148.01485
2023-02-22 17:11:00+00:00,147.93,148.015,147.9,624,148.01,59563,147.948396
2023-02-22 17:12:00+00:00,147.9631,147.97,147.901,384,147.9201,34043,147.941085
2023-02-22 17:13:00+00:00,147.93,147.98,147.92,454,147.96,40228,147.952115
2023-02-22 17:14:00+00:00,147.9,147.93,147.84,600,147.93,50590,147.884876
2023-02-22 17:15:00+00:00,148.02,148.025,147.9099,488,147.9099,45095,147.972502
2023-02-22 17:16:00+00:00,148.18,148.18,148.015,679,148.015,82779,148.11009
2023-02-22 17:17:00+00:00,148.21,148.25,148.18,598,148.18,68640,148.211993
2023-02-22 17:18:00+00:00,148.2349,148.26,148.16,493,148.2101,57636,148.213277
2023-02-22 17:19:00+00:00,148.3101,148.32,148.22,903,148.22,111583,148.275282
2023-02-22 17:20:00+00:00,148.3,148.34,148.27,601,148.32,83551,148.306838
2023-02-22 17:21:00+00:00,148.2587,148.325,148.23,586,148.3,59800,148.277832
2023-02-22 17:22:00+00:00,148.23,148.305,148.23,425,148.26,46351,148.224716
2023-02-22 17:23:00+00:00,148.224,148.27,148.19,508,148.24,59836,148.233007
2023-02-22 17:24:00+00:00,148.2578,148.28,148.22,462,148.23,55806,148.251454
2023-02-22 17:25:00+00:00,148.255,148.34,148.24,581,148.28,58054,148.291154
2023-02-22 17:26:00+00:00,148.21,148.295,148.16,513,148.26,45318,148.224268
2023-02-22 17:27:00+00:00,148.1625,148.2428,148.155,409,148.225,33243,148.198713
2023-02-22 17:28:00+00:00,148.155,148.2039,148.145,481,148.17,40296,148.179302
2023-02-22 17:29:00+00:00,148.1101,148.1899,148.11,499,148.16,47202,148.145179
2023-02-22 17:30:00+00:00,148.2861,148.29,148.1222,565,148.1222,66898,148.210255
2023-02-22 17:31:00+00:00,148.25,148.31,148.21,592,148.3,48358,148.264995
2023-02-22 17:32:00+00:00,148.3899,148.3899,148.24,572,148.26,62089,148.320176
2023-02-22 17:33:00+00:00,148.415,148.48,148.38,1110,148.39,103046,148.422141
2023-02-22 17:34:00+00:00,148.3501,148.47,148.34,568,148.4121,61757,148.409149
2023-02-22 17:35:00+00:00,148.5247,148.585,148.33,1998,148.3693,248541,148.510445
2023-02-22 17:36:00+00:00,148.5884,148.59,148.48,1203,148.5224,195126,148.547952
2023-02-22 17:37:00+00:00,148.645,148.67,148.5226,1030,148.58,143081,148.602993
2023-02-22 17:38:00+00:00,148.68,148.78,148.65,1386,148.65,172236,148.714792
2023-02-22 17:39:00+00:00,148.82,148.83,148.66,963,148.66,130777,148.782938
2023-02-22 17:40:00+00:00,148.8,148.84,148.75,958,148.828,103550,148.797595
2023-02-22 17:41:00+00:00,148.9,148.91,148.75,948,148.7901,156243,148.825555
2023-02-22 17:42:00+00:00,148.99,149.02,148.9,1634,148.9,191772,148.956557
2023-02-22 17:43:00+00:00,148.91,149.01,148.86,1171,148.985,173925,148.937769
2023-02-22 17:44:00+00:00,149.0,149.05,148.91,1033,148.9296,141102,148.971825
2023-02-22 17:45:00+00:00,148.975,149.11,148.94,1451,149.01,177159,149.052219
2023-02-22 17:46:00+00:00,149.05,149.05,148.92,879,148.9701,133524,148.979258
2023-02-22 17:47:00+00:00,148.9984,149.05,148.94,945,149.05,105603,148.988317
2023-02-22 17:48:00+00:00,148.89,149.02,148.82,1363,148.99,191576,148.935306
2023-02-22 17:49:00+00:00,148.9301,148.95,148.86,831,148.8901,105235,148.898547
2023-02-22 17:50:00+00:00,148.8625,148.95,148.81,637,148.933,103464,148.865557
2023-02-22 17:51:00+00:00,148.9081,148.92,148.826,591,148.87,77291,148.881286
2023-02-22 17:52:00+00:00,148.94,148.95,148.89,629,148.905,72466,148.923762
2023-02-22 17:53:00+00:00,148.93,149.01,148.92,627,148.935,67948,148.961326
2023-02-22 17:54:00+00:00,148.9694,148.97,148.87,493,148.935,64977,148.914097
2023-02-22 17:55:00+00:00,148.8995,148.99,148.8995,565,148.96,77230,148.945844
2023-02-22 17:56:00+00:00,148.92,148.95,148.9,487,148.9,42016,148.921554
2023-02-22 17:57:00+00:00,148.88,148.9268,148.87,477,148.92,52519,148.898243
2023-02-22 17:58:00+00:00,148.95,148.9601,148.88,509,148.886,47016,148.937357
2023-02-22 17:59:00+00:00,148.93,148.99,148.89,589,148.96,55047,148.940452
2023-02-22 18:00:00+00:00,148.92,148.96,148.89,721,148.925,67408,148.923601
2023-02-22 18:01:00+00:00,148.85,149.04,148.825,1213,148.9325,167716,148.922263
2023-02-22 18:02:00+00:00,148.792,148.91,148.77,1025,148.86,108559,148.851592
2023-02-22 18:03:00+00:00,148.82,148.8501,148.7645,495,148.795,78383,148.805878
2023-02-22 18:04:00+00:00,148.9,148.91,148.8151,450,148.8265,40995,148.87515
2023-02-22 18:05:00+00:00,149.01,149.04,148.9,719,148.9,77217,148.979812
2023-02-22 18:06:00+00:00,149.1199,149.12,149.0,785,149.01,106773,149.080525
2023-02-22 18:07:00+00:00,149.0922,149.15,149.04,746,149.12,99971,149.101975
2023-02-22 18:08:00+00:00,149.195,149.21,149.08,707,149.1,78635,149.155968
2023-02-22 18:09:00+00:00,149.27,149.31,149.19,947,149.2,109542,149.249055
2023-02-22 18:10:00+00:00,149.2844,149.29,149.22,624,149.28,83056,149.25925
2023-02-22 18:11:00+00:00,149.2734,149.32,149.2401,573,149.2854,65498,149.280088
2023-02-22 18:12:00+00:00,149.1242,149.299,149.11,646,149.275,93139,149.213004
2023-02-22 18:13:00+00:00,149.01,149.1717,149.01,626,149.1285,91861,149.103977
2023-02-22 18:14:00+00:00,149.11,149.135,149.02,530,149.02,83595,149.095676
2023-02-22 18:15:00+00:00,149.1511,149.17,149.11,485,149.12,71097,149.144632
2023-02-22 18:16:00+00:00,149.1324,149.16,149.12,369,149.15,48727,149.140154
2023-02-22 18:17:00+00:00,149.09,149.1309,149.05,533,149.13,39102,149.097627
2023-02-22 18:18:00+00:00,149.1084,149.1101,149.06,377,149.095,32130,149.085146
2023-02-22 18:19:00+00:00,149.115,149.15,149.1,389,149.1,38954,149.123126
2023-02-22 18:20:00+00:00,149.13,149.15,149.067,488,149.115,44292,149.112252
2023-02-22 18:21:00+00:00,149.0799,149.18,149.0799,515,149.13,45211,149.128801
2023-02-22 18:22:00+00:00,149.055,149.0998,149.04,468,149.07,62498,149.05946
2023-02-22 18:23:00+00:00,149.135,149.135,149.0418,395,149.06,50401,149.098965
2023-02-22 18:24:00+00:00,149.1627,149.2,149.12,455,149.13,39421,149.158303
2023-02-22 18:25:00+00:00,149.18,149.21,149.14,402,149.16,43055,149.179654
2023-02-22 18:26:00+00:00,149.3326,149.34,149.16,680,149.16,71444,149.263416
2023-02-22 18:27:00+00:00,149.345,149.37,149.29,815,149.3378,125475,149.338257
2023-02-22 18:28:00+00:00,149.38,149.43,149.34,863,149.35,95229,149.392804
2023-02-22 18:29:00+00:00,149.375,149.406,149.3325,541,149.39,62298,149.360992
2023-02-22 18:30:00+00:00,149.3277,149.4134,149.3,798,149.38,62728,149.356926
2023-02-22 18:31:00+00:00,149.185,149.3299,149.175,696,149.3228,76735,149.231164
2023-02-22 18:32:00+00:00,149.04,149.21,149.0273,714,149.18,81429,149.095671
2023-02-22 18:33:00+00:00,149.05,149.08,149.02,616,149.0399,61152,149.053431
2023-02-22 18:34:00+00:00,149.1101,149.12,149.05,556,149.05,77014,149.097364
2023-02-22 18:35:00+00:00,149.005,149.1187,149.0,571,149.1187,61115,149.04986
2023-02-22 18:36:00+00:00,149.0,149.01,148.93,684,149.0,75229,148.976617
2023-02-22 18:37:00+00:00,149.07,149.09,148.96,546,148.995,63117,149.045199
2023-02-22 18:38:00+00:00,149.09,149.1016,149.03,467,149.0799,51837,149.068318
2023-02-22 18:39:00+00:00,149.1395,149.14,149.05,564,149.09,71008,149.109358
2023-02-22 18:40:00+00:00,149.17,149.2,149.14,541,149.14,60551,149.166833
2023-02-22 18:41:00+00:00,149.1606,149.2,149.14,413,149.1604,52988,149.171677
2023-02-22 18:42:00+00:00,149.26,149.26,149.165,458,149.17,40809,149.228074
2023-02-22 18:43:00+00:00,149.24,149.295,149.22,469,149.2685,41019,149.262925
2023-02-22 18:44:00+00:00,149.29,149.3,149.24,425,149.24,33540,149.268591
2023-02-22 18:45:00+00:00,149.2031,149.32,149.16,747,149.2901,80398,149.223098
2023-02-22 18:46:00+00:00,149.12,149.21,149.11,495,149.21,58338,149.148104
2023-02-22 18:47:00+00:00,149.155,149.165,149.08,539,149.13,60658,149.130679
2023-02-22 18:48:00+00:00,149.2413,149.26,149.1201,401,149.16,46225,149.199264
2023-02-22 18:49:00+00:00,149.2563,149.265,149.21,418,149.25,47106,149.243016
2023-02-22 18:50:00+00:00,149.22,149.26,149.21,459,149.25,36470,149.229665
2023-02-22 18:51:00+00:00,149.17,149.24,149.16,534,149.22,62147,149.190974
2023-02-22 18:52:00+00:00,149.14,149.19,149.12,450,149.17,44374,149.150757
2023-02-22 18:53:00+00:00,149.07,149.18,149.055,524,149.13,47396,149.120264
2023-02-22 18:54:00+00:00,149.02,149.0834,148.9501,708,149.08,73212,149.003421
2023-02-22 18:55:00+00:00,149.0802,149.1,149.02,524,149.03,60020,149.054365
2023-02-22 18:56:00+00:00,149.052,149.135,149.05,622,149.0837,59418,149.097212
2023-02-22 18:57:00+00:00,149.16,149.19,149.055,478,149.055,50089,149.125491
2023-02-22 18:58:00+00:00,149.245,149.25,149.1509,483,149.155,57498,149.212483
2023-02-22 18:59:00+00:00,149.1699,149.28,149.13,868,149.25,87022,149.204164
2023-02-22 19:00:00+00:00,148.9037,149.5,148.86,3668,149.17,358178,149.194512
2023-02-22 19:01:00+00:00,148.68,149.16,148.63,2193,148.96,221283,148.873649
2023-02-22 19:02:00+00:00,148.78,148.85,148.57,1590,148.67,186919,148.712679
2023-02-22 19:03:00+00:00,149.114,149.14,148.708,1374,148.79,147689,148.966415
2023-02-22 19:04:00+00:00,149.41,149.5,149.1087,1431,149.1087,196171,149.362115
2023-02-22 19:05:00+00:00,149.45,149.47,149.24,1422,149.42,195125,149.357079
2023-02-22 19:06:00+00:00,149.8798,149.93,149.4501,2774,149.4525,339281,149.704954
2023-02-22 19:07:00+00:00,149.45,149.95,149.32,1733,149.88,196732,149.693027
2023-02-22 19:08:00+00:00,149.27,149.48,149.15,1276,149.47,152166,149.280507
2023-02-22 19:09:00+00:00,149.59,149.61,149.27,1197,149.27,129739,149.426802
2023-02-22 19:10:00+00:00,149.78,149.79,149.5727,1303,149.59,175067,149.70716
2023-02-22 19:11:00+00:00,149.205,149.78,149.16,1453,149.77,160452,149.422866
2023-02-22 19:12:00+00:00,148.9799,149.23,148.895,1437,149.2,184459,149.045132
2023-02-22 19:13:00+00:00,148.97,149.12,148.925,946,148.97,122563,149.02616
2023-02-22 19:14:00+00:00,149.16,149.24,148.9502,911,148.97,126242,149.1544
2023-02-22 19:15:00+00:00,148.89,149.19,148.85,1026,149.16,118303,148.984247
2023-02-22 19:16:00+00:00,148.9122,148.938,148.72,1187,148.86,132465,148.815066
2023-02-22 19:17:00+00:00,149.14,149.14,148.86,1029,148.89,237498,148.953849
2023-02-22 19:18:00+00:00,149.24,149.3,149.1101,965,149.14,113427,149.195215
2023-02-22 19:19:00+00:00,149.32,149.36,149.2,726,149.2573,93696,149.277742
2023-02-22 19:20:00+00:00,149.5,149.51,149.27,891,149.33,118064,149.397596
2023-02-22 19:21:00+00:00,149.45,149.53,149.3815,770,149.491,97017,149.456905
2023-02-22 19:22:00+00:00,149.3,149.51,149.28,650,149.45,81372,149.376627
2023-02-22 19:23:00+00:00,149.09,149.319,149.09,837,149.3099,108400,149.199574
2023-02-22 19:24:00+00:00,149.06,149.13,148.97,786,149.11,87915,149.046996
2023-02-22 19:25:00+00:00,149.01,149.128,148.97,835,149.08,97770,149.032212
2023-02-22 19:26:00+00:00,149.0574,149.08,148.9,701,149.005,83427,148.989185
2023-02-22 19:27:00+00:00,149.065,149.19,149.02,737,149.06,95186,149.107163
2023-02-22 19:28:00+00:00,149.0899,149.12,148.962,644,149.07,91388,149.03464
2023-02-22 19:29:00+00:00,148.96,149.13,148.96,644,149.09,59102,149.045129
2023-02-22 19:30:00+00:00,148.86,148.97,148.84,718,148.96,76752,148.91135
2023-02-22 19:31:00+00:00,148.8901,148.93,148.79,953,148.85,94404,148.85577
2023-02-22 19:32:00+00:00,148.56,148.925,148.51,1761,148.91,177692,148.655466
2023-02-22 19:33:00+00:00,148.74,148.8,148.57,840,148.57,99930,148.727705
2023-02-22 19:34:00+00:00,148.68,148.84,148.59,1285,148.74,127148,148.702886
2023-02-22 19:35:00+00:00,148.71,148.81,148.6595,605,148.69,52725,148.724922
2023-02-22 19:36:00+00:00,148.745,148.7702,148.6301,531,148.7001,51675,148.707878
2023-02-22 19:37:00+00:00,148.77,148.92,148.73,1059,148.7455,115780,148.81005
2023-02-22 19:38:00+00:00,148.8799,148.8893,148.63,860,148.765,103562,148.760038
2023-02-22 19:39:00+00:00,148.74,149.01,148.727,1573,148.86,142369,148.836107
2023-02-22 19:40:00+00:00,148.69,148.81,148.65,721,148.74,76427,148.710763
2023-02-22 19:41:00+00:00,148.7501,148.7999,148.65,681,148.69,77659,148.730922
2023-02-22 19:42:00+00:00,148.5901,148.76,148.54,1109,148.76,175761,148.636752
2023-02-22 19:43:00+00:00,148.59,148.64,148.45,1128,148.5844,124841,148.535856
2023-02-22 19:44:00+00:00,148.78,148.8397,148.5801,874,148.59,117338,148.74045
2023-02-22 19:45:00+00:00,148.62,148.78,148.57,893,148.78,90923,148.692202
2023-02-22 19:46:00+00:00,148.7482,148.75,148.52,659,148.6101,61578,148.639172
2023-02-22 19:47:00+00:00,148.8601,148.9,148.71,811,148.7461,92997,148.822158
2023-02-22 19:48:00+00:00,148.8813,148.92,148.8101,783,148.86,81549,148.883728
2023-02-22 19:49:00+00:00,149.04,149.08,148.8662,926,148.876,99493,148.978065
2023-02-22 19:50:00+00:00,148.77,149.09,148.64,2473,149.03,229100,148.816169
2023-02-22 19:51:00+00:00,148.82,148.86,148.75,654,148.7814,62894,148.803567
2023-02-22 19:52:00+00:00,148.9101,148.92,148.74,718,148.8218,78706,148.841056
2023-02-22 19:53:00+00:00,148.83,148.9599,148.81,813,148.9129,97143,148.896616
2023-02-22 19:54:00+00:00,148.66,148.8874,148.63,1276,148.8199,150992,148.763485
2023-02-22 19:55:00+00:00,148.3947,148.6401,148.35,1269,148.6401,124615,148.475984
2023-02-22 19:56:00+00:00,148.455,148.455,148.26,1160,148.4,123391,148.350052
2023-02-22 19:57:00+00:00,148.52,148.54,148.43,727,148.46,63595,148.492535
2023-02-22 19:58:00+00:00,148.46,148.6205,148.44,684,148.5199,89541,148.535411
2023-02-22 19:59:00+00:00,148.37,148.48,148.33,837,148.44,81969,148.392748
2023-02-22 20:00:00+00:00,148.3321,148.51,148.3,932,148.37,100550,148.420878
2023-02-22 20:01:00+00:00,148.395,148.4999,148.29,841,148.35,87812,148.392816
2023-02-22 20:02:00+00:00,148.335,148.42,148.27,768,148.4099,88103,148.344747
2023-02-22 20:03:00+00:00,148.2899,148.36,148.21,851,148.32,131784,148.275544
2023-02-22 20:04:00+00:00,148.3458,148.47,148.28,854,148.28,106438,148.374388
2023-02-22 20:05:00+00:00,148.37,148.51,148.34,1145,148.35,169965,148.419259
2023-02-22 20:06:00+00:00,148.43,148.45,148.28,765,148.36,104793,148.340265
2023-02-22 20:07:00+00:00,148.48,148.4946,148.402,876,148.44,101650,148.456749
2023-02-22 20:08:00+00:00,148.46,148.5,148.4,859,148.49,91091,148.460871
2023-02-22 20:09:00+00:00,148.5182,148.525,148.42,751,148.45,73608,148.474223
2023-02-22 20:10:00+00:00,148.62,148.67,148.502,1205,148.51,143455,148.60153
2023-02-22 20:11:00+00:00,148.54,148.68,148.51,706,148.61,98202,148.629116
2023-02-22 20:12:00+00:00,148.44,148.58,148.43,834,148.53,89729,148.510785
2023-02-22 20:13:00+00:00,148.49,148.54,148.37,747,148.45,90406,148.450222
2023-02-22 20:14:00+00:00,148.445,148.5592,148.421,623,148.5,65384,148.505177
2023-02-22 20:15:00+00:00,148.61,148.62,148.37,803,148.441,86291,148.479262
2023-02-22 20:16:00+00:00,148.666,148.71,148.6,759,148.6,104075,148.651181
2023-02-22 20:17:00+00:00,148.69,148.7333,148.63,637,148.66,78915,148.683868
2023-02-22 20:18:00+00:00,148.61,148.7099,148.57,613,148.681,48788,148.643115
2023-02-22 20:19:00+00:00,148.5199,148.63,148.458,1031,148.63,112632,148.543345
2023-02-22 20:20:00+00:00,148.53,148.54,148.46,600,148.52,50078,148.50935
2023-02-22 20:21:00+00:00,148.48,148.615,148.4401,834,148.54,94952,148.554921
2023-02-22 20:22:00+00:00,148.4022,148.48,148.36,775,148.48,73422,148.395238
2023-02-22 20:23:00+00:00,148.62,148.66,148.41,853,148.41,88226,148.543463
2023-02-22 20:24:00+00:00,148.71,148.7699,148.61,781,148.6301,89019,148.702565
2023-02-22 20:25:00+00:00,148.7048,148.81,148.59,1511,148.7,135766,148.70501
2023-02-22 20:26:00+00:00,148.73,148.79,148.7,748,148.7,70005,148.740893
2023-02-22 20:27:00+00:00,148.73,148.74,148.63,699,148.73,70592,148.690264
2023-02-22 20:28:00+00:00,148.55,148.7399,148.51,796,148.73,82082,148.597623
2023-02-22 20:29:00+00:00,148.38,148.56,148.38,746,148.5599,85263,148.464746
2023-02-22 20:30:00+00:00,148.3,148.4,148.27,1040,148.385,105265,148.342151
2023-02-22 20:31:00+00:00,148.36,148.3799,148.27,871,148.32,81715,148.327579
2023-02-22 20:32:00+00:00,148.5,148.58,148.35,1167,148.35,125092,148.509589
2023-02-22 20:33:00+00:00,148.49,148.55,148.42,668,148.52,62162,148.492363
2023-02-22 20:34:00+00:00,148.55,148.57,148.4234,686,148.49,62674,148.503256
2023-02-22 20:35:00+00:00,148.38,148.65,148.37,1278,148.54,132193,148.511325
2023-02-22 20:36:00+00:00,148.435,148.445,148.29,858,148.385,90561,148.352248
2023-02-22 20:37:00+00:00,148.33,148.455,148.32,744,148.43,74207,148.357297
2023-02-22 20:38:00+00:00,148.37,148.4,148.276,945,148.34,106754,148.340276
2023-02-22 20:39:00+00:00,148.34,148.39,148.2902,737,148.3726,71745,148.337837
2023-02-22 20:40:00+00:00,148.42,148.47,148.33,1308,148.35,125626,148.393984
2023-02-22 20:41:00+00:00,148.49,148.5,148.325,829,148.41,80374,148.42575
2023-02-22 20:42:00+00:00,148.53,148.5866,148.42,1262,148.49,129647,148.509318
2023-02-22 20:43:00+00:00,148.41,148.63,148.375,1334,148.55,126361,148.51772
2023-02-22 20:44:00+00:00,148.395,148.48,148.29,1146,148.41,115534,148.379975
2023-02-22 20:45:00+00:00,148.33,148.48,148.26,1147,148.4,106166,148.358742
2023-02-22 20:46:00+00:00,148.37,148.38,148.27,1105,148.33,108498,148.318136
2023-02-22 20:47:00+00:00,148.4,148.45,148.34,1058,148.37,113444,148.397287
2023-02-22 20:48:00+00:00,148.5301,148.585,148.35,1301,148.4101,131467,148.483828
2023-02-22 20:49:00+00:00,148.51,148.63,148.45,1503,148.54,139597,148.54072
2023-02-22 20:50:00+00:00,148.4,148.49,148.185,3305,148.49,293354,148.302774
2023-02-22 20:51:00+00:00,148.55,148.63,148.39,1587,148.4,148649,148.525567
2023-02-22 20:52:00+00:00,148.428,148.6,148.428,1555,148.55,116006,148.526
2023-02-22 20:53:00+00:00,148.595,148.62,148.42,1532,148.42,149721,148.541391
2023-02-22 20:54:00+00:00,148.51,148.65,148.48,1833,148.595,172768,148.58476
2023-02-22 20:55:00+00:00,148.43,148.74,148.43,2723,148.52,327863,148.604268
2023-02-22 20:56:00+00:00,148.455,148.485,148.335,2212,148.435,237109,148.416066
2023-02-22 20:57:00+00:00,148.44,148.51,148.385,2121,148.46,228431,148.445537
2023-02-22 20:58:00+00:00,148.52,148.63,148.41,3530,148.44,373721,148.498869
2023-02-22 20:59:00+00:00,148.93,149.01,148.5,6115,148.525,727376,148.784636
2023-02-22 21:00:00+00:00,148.8399,148.95,148.81,191,148.94,12927675,148.909948
2023-02-22 21:01:00+00:00,148.9,148.91,148.86,181,148.91,40164,148.906086
2023-02-22 21:02:00+00:00,148.91,148.91,148.87,66,148.8751,159285,148.909286
2023-02-22 21:03:00+00:00,148.89,148.89,148.87,48,148.87,3111,148.877665
2023-02-22 21:04:00+00:00,148.9,148.9,148.9,21,148.9,1258,148.898029
2023-02-22 21:05:00+00:00,148.91,148.91,148.89,35,148.9,2242,148.899237
2023-02-22 21:06:00+00:00,148.93,148.9539,148.9,34,148.91,1985,148.924126
2023-02-22 21:07:00+00:00,148.91,148.96,148.91,44,148.95,25482,148.912373
2023-02-22 21:08:00+00:00,148.91,148.94,148.91,50,148.91,91538,148.910505
2023-02-22 21:09:00+00:00,148.93,148.94,148.93,29,148.935,1444,148.930076
2023-02-22 21:10:00+00:00,148.9025,148.93,148.9025,31,148.93,7278,148.913493
2023-02-22 21:11:00+00:00,148.95,148.95,148.9,57,148.91,157863,148.91015
2023-02-22 21:12:00+00:00,148.92,148.9499,148.92,22,148.93,971,148.931519
2023-02-22 21:14:00+00:00,148.9,148.91,148.9,24,148.91,1758,148.90281
2023-02-22 21:16:00+00:00,148.89,148.89,148.89,26,148.89,526,148.881255
2023-02-22 21:17:00+00:00,148.85,148.87,148.85,27,148.87,2395,148.856296
2023-02-22 21:18:00+00:00,148.83,148.86,148.83,26,148.86,673,148.846828
2023-02-22 21:19:00+00:00,148.84,148.84,148.83,41,148.83,1145,148.831869
2023-02-22 21:20:00+00:00,148.84,148.84,148.84,28,148.84,853,148.835199
2023-02-22 21:21:00+00:00,148.84,148.84,148.8,33,148.81,2759,148.756529
2023-02-22 21:22:00+00:00,148.85,148.85,148.85,13,148.85,152,148.841734
2023-02-22 21:23:00+00:00,148.82,148.82,148.82,19,148.82,1477,148.815112
2023-02-22 21:24:00+00:00,148.8,148.82,148.8,43,148.82,3499,148.803323
2023-02-22 21:25:00+00:00,148.79,148.8,148.78,27,148.8,1459,148.79096
2023-02-22 21:26:00+00:00,148.8,148.8,148.79,22,148.79,712,148.793132
2023-02-22 21:27:00+00:00,148.81,148.81,148.79,37,148.8,1932,148.799556
2023-02-22 21:28:00+00:00,148.8,148.8,148.8,14,148.8,228,148.798465
2023-02-22 21:29:00+00:00,148.8,148.81,148.8,21,148.8001,927,148.804935
2023-02-22 21:30:00+00:00,148.76,148.8291,148.73,32,148.8291,2132,148.798307
2023-02-22 21:31:00+00:00,148.6308,148.73,148.6118,23,148.7,2067,148.660669
2023-02-22 21:32:00+00:00,148.79,148.79,148.68,48,148.7,2423,148.711482
2023-02-22 21:33:00+00:00,148.75,148.78,148.74,36,148.78,2489,148.754759
2023-02-22 21:34:00+00:00,148.79,148.79,148.76,24,148.77,1320,148.767856
2023-02-22 21:35:00+00:00,148.74,148.74,148.74,19,148.74,437,148.735332
2023-02-22 21:36:00+00:00,148.76,148.76,148.76,11,148.76,333,148.754309
2023-02-22 21:37:00+00:00,148.81,148.81,148.78,32,148.78,1558,148.797824
2023-02-22 21:38:00+00:00,148.91,148.91,148.91,17,148.91,5257,148.908887
2023-02-22 21:41:00+00:00,148.8,148.8,148.8,9,148.8,170,148.795206
2023-02-22 21:42:00+00:00,148.84,148.84,148.78,35,148.79,1932,148.803892
2023-02-22 21:43:00+00:00,148.81,148.81,148.81,20,148.81,531,148.805687
2023-02-22 21:44:00+00:00,148.8,148.8,148.8,13,148.8,1066,148.798825
2023-02-22 21:46:00+00:00,148.81,148.83,148.81,16,148.83,346,148.819918
2023-02-22 21:47:00+00:00,148.81,148.82,148.81,18,148.82,4366,148.810962
2023-02-22 21:49:00+00:00,148.74,148.74,148.7138,11,148.7138,1204,148.731287
2023-02-22 21:50:00+00:00,148.87,148.91,148.72,76,148.73,10527,148.848277
2023-02-22 21:51:00+00:00,149.23,149.23,148.89,137,148.89,15135,149.024758
2023-02-22 21:52:00+00:00,149.5,149.55,149.2,175,149.2,8876,149.410988
2023-02-22 21:53:00+00:00,149.58,149.6,149.34,102,149.46,9741,149.509657
2023-02-22 21:54:00+00:00,149.49,149.59,149.35,93,149.58,13409,149.544669
2023-02-22 21:55:00+00:00,149.42,149.58,149.42,62,149.49,9294,149.452421
2023-02-22 21:56:00+00:00,149.47,149.5,149.38,91,149.42,9885,149.445089
2023-02-22 21:57:00+00:00,149.35,149.36,149.18,51,149.36,7163,149.211304
2023-02-22 21:58:00+00:00,149.4,149.4,149.2514,70,149.35,4037,149.325329
2023-02-22 21:59:00+00:00,149.35,149.44,149.35,50,149.38,2915,149.36234
2023-02-22 22:00:00+00:00,149.3,149.36,149.3,24,149.36,2070,149.338575
2023-02-22 22:01:00+00:00,149.3,149.39,149.3,28,149.33,2005,149.34181
2023-02-22 22:02:00+00:00,149.28,149.33,149.28,31,149.33,2904,149.313712
2023-02-22 22:03:00+00:00,149.48,149.48,149.26,37,149.28,2173,149.357073
2023-02-22 22:04:00+00:00,149.36,149.4,149.29,33,149.39,3058,149.360247
2023-02-22 22:06:00+00:00,149.33,149.33,149.33,21,149.33,808,149.323379
2023-02-22 22:07:00+00:00,149.34,149.34,149.33,13,149.33,1527,149.336644
2023-02-22 22:08:00+00:00,149.3,149.3008,149.3,24,149.3008,3858,149.303211
2023-02-22 22:09:00+00:00,149.33,149.35,149.33,36,149.3496,2390,149.347119
2023-02-22 22:10:00+00:00,149.32,149.32,149.32,32,149.32,1511,149.32205
2023-02-22 22:11:00+00:00,149.38,149.38,149.33,28,149.3302,2463,149.34962
2023-02-22 22:12:00+00:00,149.38,149.38,149.38,98,149.38,651,149.366774
2023-02-22 22:13:00+00:00,149.39,149.39,149.3517,22,149.3517,1697,149.379457
2023-02-22 22:14:00+00:00,149.45,149.45,149.4,35,149.4,1349,149.418294
2023-02-22 22:15:00+00:00,149.47,149.47,149.47,34,149.47,818,149.452787
2023-02-22 22:16:00+00:00,149.45,149.45,149.44,21,149.44,768,149.425345
2023-02-22 22:17:00+00:00,149.42,149.42,149.42,14,149.42,148,149.421861
2023-02-22 22:18:00+00:00,149.42,149.43,149.4,18,149.42,3133,149.411697
2023-02-22 22:19:00+00:00,149.35,149.4,149.35,19,149.4,1436,149.367427
2023-02-22 22:20:00+00:00,149.4,149.4,149.35,25,149.35,401,149.364792
2023-02-22 22:21:00+00:00,149.4,149.4,149.4,8,149.4,136,149.393162
2023-02-22 22:22:00+00:00,149.39,149.39,149.37,17,149.39,1476,149.386547
2023-02-22 22:23:00+00:00,149.38,149.38,149.38,83,149.38,527,149.380218
2023-02-22 22:24:00+00:00,149.38,149.39,149.38,19,149.39,1488,149.388616
2023-02-22 22:25:00+00:00,149.37,149.37,149.36,26,149.37,893,149.369108
2023-02-22 22:26:00+00:00,149.3,149.39,149.3,44,149.39,5060,149.342378
2023-02-22 22:27:00+00:00,149.33,149.33,149.33,17,149.33,1225,149.333127
2023-02-22 22:28:00+00:00,149.33,149.33,149.33,13,149.33,325,149.329338
2023-02-22 22:29:00+00:00,149.34,149.38,149.3299,20,149.35,2402,149.342545
2023-02-22 22:31:00+00:00,149.37,149.37,149.35,18,149.35,2154,149.359327
2023-02-22 22:32:00+00:00,149.3401,149.3401,149.34,7,149.34,205,149.340098
2023-02-22 22:33:00+00:00,149.3,149.3,149.3,27,149.3,4247,149.301302
2023-02-22 22:34:00+00:00,149.29,149.29,149.2505,14,149.28,1157,149.265285
2023-02-22 22:35:00+00:00,149.29,149.29,149.2517,20,149.2517,1335,149.285483
2023-02-22 22:36:00+00:00,149.29,149.29,149.29,18,149.29,275,149.289255
2023-02-22 22:37:00+00:00,149.29,149.29,149.29,13,149.29,259,149.286178
2023-02-22 22:38:00+00:00,149.29,149.29,149.26,31,149.26,2779,149.281461
2023-02-22 22:39:00+00:00,149.35,149.35,149.3475,13,149.3475,624,149.346627
2023-02-22 22:40:00+00:00,149.2903,149.2903,149.2903,22,149.2903,542,149.292399
2023-02-22 22:41:00+00:00,149.35,149.35,149.3496,15,149.3496,4541,149.349509
2023-02-22 22:42:00+00:00,149.35,149.35,149.34,21,149.34,685,149.34122
2023-02-22 22:43:00+00:00,149.31,149.31,149.31,13,149.31,428,149.312313
2023-02-22 22:44:00+00:00,149.3,149.3,149.3,14,149.3,562,149.302598
2023-02-22 22:45:00+00:00,149.35,149.35,149.35,6,149.35,109,149.344954
2023-02-22 22:46:00+00:00,149.34,149.34,149.34,8,149.34,209,149.339713
2023-02-22 22:47:00+00:00,149.3199,149.3199,149.3199,19,149.3199,836,149.308959
2023-02-22 22:49:00+00:00,149.35,149.35,149.35,8,149.35,111,149.346622
2023-02-22 22:50:00+00:00,149.35,149.35,149.28,33,149.32,1567,149.329333
2023-02-22 22:51:00+00:00,149.42,149.42,149.35,39,149.38,3125,149.394806
2023-02-22 22:52:00+00:00,149.44,149.44,149.4,35,149.4,2556,149.418335
2023-02-22 22:53:00+00:00,149.4129,149.4129,149.26,26,149.4,3720,149.33638
2023-02-22 22:54:00+00:00,149.43,149.43,149.4,25,149.4,1102,149.410794
2023-02-22 22:55:00+00:00,149.41,149.44,149.41,19,149.44,1046,149.423346
2023-02-22 22:57:00+00:00,149.4,149.4,149.39,19,149.39,3275,149.398527
2023-02-22 22:58:00+00:00,149.31,149.33,149.31,20,149.33,546,149.327161
2023-02-22 22:59:00+00:00,149.35,149.35,149.33,15,149.33,353,149.34153
2023-02-22 23:00:00+00:00,149.28,149.31,149.28,37,149.31,2786,149.291466
2023-02-22 23:01:00+00:00,149.27,149.28,149.27,24,149.28,1911,149.279474
2023-02-22 23:02:00+00:00,149.15,149.3,149.15,60,149.3,6011,149.222798
2023-02-22 23:03:00+00:00,149.15,149.15,149.15,4,149.15,216,149.150579
2023-02-22 23:04:00+00:00,149.1,149.22,149.1,22,149.16,3317,149.137163
2023-02-22 23:05:00+00:00,149.11,149.12,149.11,19,149.12,3191,149.11419
2023-02-22 23:06:00+00:00,149.17,149.17,149.02,35,149.1,2174,149.078535
2023-02-22 23:09:00+00:00,149.02,149.1,149.02,36,149.1,3264,149.064364
2023-02-22 23:11:00+00:00,149.1,149.1,149.1,20,149.1,695,149.112914
2023-02-22 23:12:00+00:00,149.17,149.17,149.17,12,149.17,391,149.163785
2023-02-22 23:17:00+00:00,149.2,149.2,149.2,33,149.2,500,149.18434
2023-02-22 23:18:00+00:00,149.15,149.15,149.15,12,149.15,2269,149.150209
2023-02-22 23:19:00+00:00,149.2,149.2,149.2,12,149.2,252,149.199702
2023-02-22 23:20:00+00:00,149.25,149.25,149.22,19,149.22,860,149.231471
2023-02-22 23:21:00+00:00,149.25,149.26,149.25,12,149.25,763,149.253414
2023-02-22 23:22:00+00:00,149.2,149.22,149.2,25,149.22,2211,149.209552
2023-02-22 23:23:00+00:00,149.28,149.28,149.2,17,149.2,1401,149.245614
2023-02-22 23:24:00+00:00,149.2,149.2,149.2,11,149.2,671,149.201237
2023-02-22 23:25:00+00:00,149.25,149.25,149.25,14,149.25,1110,149.250374
2023-02-22 23:26:00+00:00,149.27,149.27,149.21,19,149.21,1210,149.247698
2023-02-22 23:27:00+00:00,149.21,149.21,149.21,12,149.21,556,149.210594
2023-02-22 23:28:00+00:00,149.2399,149.2399,149.2399,12,149.2399,155,149.233677
2023-02-22 23:29:00+00:00,149.23,149.23,149.23,9,149.23,237,149.231371
2023-02-22 23:30:00+00:00,149.25,149.26,149.22,16,149.26,3335,149.232127
2023-02-22 23:32:00+00:00,149.24,149.24,149.24,17,149.24,371,149.227345
2023-02-22 23:33:00+00:00,149.19,149.21,149.12,44,149.21,1527,149.153747
2023-02-22 23:34:00+00:00,149.2,149.2,149.2,16,149.2,1410,149.199504
2023-02-22 23:35:00+00:00,149.15,149.17,149.15,13,149.17,485,149.160175
2023-02-22 23:36:00+00:00,149.2,149.2,149.18,16,149.18,919,149.190838
2023-02-22 23:38:00+00:00,149.13,149.18,149.13,14,149.18,770,149.145558
2023-02-22 23:39:00+00:00,149.13,149.13,149.13,17,149.13,601,149.119376
2023-02-22 23:40:00+00:00,149.16,149.16,149.16,10,149.16,366,149.156803
2023-02-22 23:42:00+00:00,149.14,149.14,149.14,14,149.14,306,149.145343
2023-02-22 23:43:00+00:00,149.13,149.13,149.13,13,149.13,342,149.137135
2023-02-22 23:44:00+00:00,149.15,149.15,149.15,4,149.15,227,149.172379
2023-02-22 23:45:00+00:00,149.18,149.18,149.18,11,149.18,476,149.181597
2023-02-22 23:46:00+00:00,149.2,149.2,149.19,19,149.19,838,149.198532
2023-02-22 23:49:00+00:00,149.21,149.21,149.21,13,149.21,184,149.21144
2023-02-22 23:52:00+00:00,149.24,149.24,149.24,10,149.24,639,149.237465
2023-02-22 23:53:00+00:00,149.16,149.16,149.16,23,149.16,517,149.181847
2023-02-22 23:54:00+00:00,149.16,149.16,149.06,19,149.16,428,149.135923
2023-02-22 23:55:00+00:00,149.2,149.2,149.18,19,149.18,1100,149.192345
2023-02-22 23:56:00+00:00,149.15,149.2,149.15,13,149.17,1376,149.159804
2023-02-22 23:58:00+00:00,149.16,149.17,149.16,22,149.17,577,149.172799
2023-02-23 00:00:00+00:00,149.2,149.2,149.18,18,149.18,557,149.192962
2023-02-23 00:01:00+00:00,149.2,149.2,149.2,21,149.2,385,149.204987
2023-02-23 00:07:00+00:00,149.3,149.3,149.3,14,149.3,604,149.295621
2023-02-23 00:15:00+00:00,149.27,149.29,149.22,24,149.27,1411,149.269688
2023-02-23 00:16:00+00:00,149.25,149.25,149.25,17,149.25,1173,149.252208
2023-02-23 00:20:00+00:00,149.24,149.25,149.24,19,149.25,2127,149.24189
2023-02-23 00:21:00+00:00,149.23,149.24,149.23,14,149.24,823,149.236075
2023-02-23 00:22:00+00:00,149.18,149.2,149.18,30,149.2,1062,149.187943
2023-02-23 00:23:00+00:00,149.18,149.18,149.18,13,149.18,597,149.179548
2023-02-23 00:25:00+00:00,149.18,149.18,149.18,12,149.18,1037,149.179971
2023-02-23 00:26:00+00:00,149.2,149.2,149.2,16,149.2,596,149.199111
2023-02-23 00:27:00+00:00,149.2,149.2,149.2,12,149.2,642,149.199206
2023-02-23 00:28:00+00:00,149.2,149.2,149.18,14,149.2,1555,149.190154
2023-02-23 00:29:00+00:00,149.19,149.23,149.19,15,149.2,2230,149.199507
2023-02-23 00:32:00+00:00,149.24,149.24,149.23,21,149.23,868,149.236325
2023-02-23 00:33:00+00:00,149.25,149.25,149.25,15,149.25,400,149.250038
2023-02-23 00:34:00+00:00,149.23,149.25,149.23,15,149.25,894,149.235425
2023-02-23 00:35:00+00:00,149.23,149.24,149.23,21,149.24,1185,149.236713
2023-02-23 00:36:00+00:00,149.23,149.23,149.23,10,149.23,1463,149.230065
2023-02-23 00:37:00+00:00,149.24,149.24,149.24,7,149.24,817,149.239211
2023-02-23 00:38:00+00:00,149.24,149.24,149.2,19,149.2,601,149.225799
2023-02-23 00:39:00+00:00,149.19,149.23,149.19,17,149.21,807,149.201481
2023-02-23 00:41:00+00:00,149.19,149.22,149.19,16,149.22,737,149.200529
2023-02-23 00:42:00+00:00,149.16,149.2,149.16,19,149.18,1077,149.189499
2023-02-23 00:43:00+00:00,149.11,149.19,149.11,9,149.19,521,149.136939
2023-02-23 00:44:00+00:00,149.15,149.17,149.15,17,149.17,3934,149.155634
2023-02-23 00:45:00+00:00,149.14,149.14,149.13,19,149.13,292,149.139041
2023-02-23 00:46:00+00:00,149.24,149.24,149.1,39,149.13,2199,149.144077
2023-02-23 00:48:00+00:00,149.18,149.2,149.17,12,149.2,1220,149.195102
2023-02-23 00:52:00+00:00,149.21,149.21,149.21,19,149.21,934,149.20742
2023-02-23 00:53:00+00:00,149.18,149.18,149.18,14,149.18,213,149.181009
2023-02-23 00:54:00+00:00,149.12,149.12,149.12,15,149.12,566,149.132456
2023-02-23 00:55:00+00:00,149.17,149.17,149.12,28,149.12,535,149.147813
2023-02-23 00:56:00+00:00,149.16,149.16,149.15,17,149.15,537,149.151797
2023-02-23 00:57:00+00:00,149.17,149.17,149.17,71,149.17,870,149.155167
2023-02-23 00:59:00+00:00,149.18,149.18,149.13,28,149.13,1360,149.171801
