timestamp,close,high,low,trade_count,open,volume,vwap
2023-08-25 08:00:00+00:00,176.37,176.46,176.36,71,176.46,2103,176.3933
2023-08-25 08:03:00+00:00,176.4,176.4,176.4,10,176.4,184,176.428478
2023-08-25 08:05:00+00:00,176.45,176.45,176.45,9,176.45,206,176.443447
2023-08-25 08:06:00+00:00,176.45,176.45,176.45,18,176.45,540,176.465796
2023-08-25 08:07:00+00:00,176.59,176.59,176.5,30,176.5,890,176.578326
2023-08-25 08:08:00+00:00,176.75,176.75,176.75,34,176.75,1023,176.670694
2023-08-25 08:09:00+00:00,176.59,176.62,176.59,44,176.62,1629,176.585942
2023-08-25 08:16:00+00:00,176.66,176.66,176.66,17,176.66,420,176.664071
2023-08-25 08:20:00+00:00,176.71,176.71,176.71,11,176.71,560,176.709125
2023-08-25 08:23:00+00:00,176.8,176.8,176.73,19,176.73,1029,176.769495
2023-08-25 08:24:00+00:00,176.9,176.9,176.9,12,176.9,345,176.895536
2023-08-25 08:25:00+00:00,176.89,176.89,176.89,9,176.89,220,176.889273
2023-08-25 08:26:00+00:00,176.87,176.87,176.87,9,176.87,375,176.86864
2023-08-25 08:27:00+00:00,176.89,176.89,176.89,3,176.89,277,176.884224
2023-08-25 08:28:00+00:00,176.85,176.85,176.8,28,176.8,785,176.820955
2023-08-25 08:29:00+00:00,176.77,176.8,176.77,24,176.8,714,176.791611
2023-08-25 08:30:00+00:00,176.8,176.87,176.8,37,176.87,1316,176.833739
2023-08-25 08:35:00+00:00,176.77,176.82,176.77,22,176.82,497,176.790423
2023-08-25 08:41:00+00:00,176.6,176.61,176.6,15,176.61,525,176.611352
2023-08-25 08:44:00+00:00,176.68,176.68,176.68,7,176.68,253,176.675929
2023-08-25 08:46:00+00:00,176.6,176.6,176.6,42,176.6,1493,176.589243
2023-08-25 08:49:00+00:00,176.61,176.61,176.54,12,176.54,545,176.592716
2023-08-25 08:53:00+00:00,176.64,176.64,176.64,13,176.64,449,176.643007
2023-08-25 08:56:00+00:00,176.73,176.73,176.65,14,176.65,1566,176.656564
2023-08-25 09:04:00+00:00,176.63,176.65,176.63,9,176.65,512,176.63748
2023-08-25 09:05:00+00:00,176.6,176.67,176.6,33,176.67,1579,176.636561
2023-08-25 09:07:00+00:00,176.6,176.6,176.58,9,176.58,463,176.589676
2023-08-25 09:10:00+00:00,176.6,176.6,176.6,9,176.6,155,176.599548
2023-08-25 09:13:00+00:00,176.7,176.7,176.63,28,176.63,1289,176.656439
2023-08-25 09:14:00+00:00,176.7,176.7,176.7,10,176.7,504,176.700119
2023-08-25 09:15:00+00:00,176.7,176.7,176.7,4,176.7,403,176.699305
2023-08-25 09:23:00+00:00,176.79,176.8,176.73,22,176.73,890,176.773506
2023-08-25 09:32:00+00:00,176.83,176.83,176.82,18,176.82,663,176.825822
2023-08-25 09:35:00+00:00,176.84,176.86,176.84,21,176.84,1180,176.843119
2023-08-25 09:36:00+00:00,177.0,177.14,176.84,145,176.84,10330,176.980724
2023-08-25 09:37:00+00:00,177.01,177.01,177.01,8,177.01,255,177.061647
2023-08-25 09:38:00+00:00,177.01,177.07,177.0,18,177.0,885,177.018136
2023-08-25 09:40:00+00:00,177.15,177.15,177.08,22,177.08,1431,177.120929
2023-08-25 09:41:00+00:00,177.19,177.19,177.15,25,177.15,3113,177.158172
2023-08-25 09:42:00+00:00,177.15,177.21,177.15,36,177.18,3137,177.163331
2023-08-25 09:43:00+00:00,177.15,177.15,177.15,6,177.15,112,177.153214
2023-08-25 09:44:00+00:00,177.19,177.19,177.13,62,177.15,7114,177.153888
2023-08-25 09:45:00+00:00,177.2,177.2,177.19,30,177.2,2014,177.198143
2023-08-25 09:46:00+00:00,177.16,177.18,177.16,18,177.18,687,177.170218
2023-08-25 09:47:00+00:00,177.13,177.13,177.13,25,177.13,760,177.127132
2023-08-25 09:48:00+00:00,177.04,177.16,177.04,61,177.08,2462,177.106828
2023-08-25 09:49:00+00:00,177.08,177.08,177.03,17,177.03,1409,177.047651
2023-08-25 09:50:00+00:00,177.15,177.15,177.09,24,177.09,1432,177.09801
2023-08-25 09:51:00+00:00,177.11,177.11,177.11,17,177.11,678,177.107271
2023-08-25 09:52:00+00:00,177.0,177.01,177.0,57,177.01,2184,177.009849
2023-08-25 09:53:00+00:00,177.01,177.01,177.01,13,177.01,844,177.009005
2023-08-25 09:54:00+00:00,176.96,177.01,176.96,19,177.01,1076,176.978532
2023-08-25 09:56:00+00:00,176.89,176.93,176.89,24,176.93,817,176.904798
2023-08-25 09:58:00+00:00,176.84,176.89,176.81,33,176.86,2393,176.839691
2023-08-25 10:00:00+00:00,176.98,176.98,176.83,32,176.94,2767,176.917463
2023-08-25 10:02:00+00:00,176.94,176.94,176.94,7,176.94,281,176.927509
2023-08-25 10:03:00+00:00,176.94,176.94,176.94,8,176.94,218,176.954541
2023-08-25 10:06:00+00:00,177.05,177.05,177.03,8,177.03,483,177.041698
2023-08-25 10:08:00+00:00,177.12,177.12,177.12,3,177.12,105,177.12
2023-08-25 10:10:00+00:00,177.05,177.05,177.05,12,177.05,743,177.049394
2023-08-25 10:11:00+00:00,177.03,177.03,177.03,8,177.03,372,177.025753
2023-08-25 10:12:00+00:00,177.05,177.1,177.03,23,177.03,1512,177.049709
2023-08-25 10:14:00+00:00,177.03,177.03,177.03,19,177.03,530,177.042396
2023-08-25 10:17:00+00:00,177.02,177.05,177.01,30,177.01,1714,177.033162
2023-08-25 10:22:00+00:00,177.02,177.02,177.0,17,177.0,495,177.007313
2023-08-25 10:23:00+00:00,177.02,177.02,177.02,6,177.02,410,177.017317
2023-08-25 10:25:00+00:00,177.09,177.09,177.03,16,177.03,738,177.056667
2023-08-25 10:26:00+00:00,177.11,177.11,177.1,12,177.1,595,177.105597
2023-08-25 10:29:00+00:00,177.1,177.1,177.1,4,177.1,104,177.1
2023-08-25 10:32:00+00:00,177.07,177.07,177.07,19,177.07,856,177.072278
2023-08-25 10:36:00+00:00,177.07,177.07,177.07,6,177.07,391,177.07
2023-08-25 10:42:00+00:00,177.09,177.09,177.09,8,177.09,353,177.09034
2023-08-25 10:43:00+00:00,177.09,177.09,177.08,12,177.08,507,177.084024
2023-08-25 10:44:00+00:00,176.99,177.05,176.99,55,177.05,867,177.039562
2023-08-25 10:45:00+00:00,176.98,176.98,176.98,10,176.98,467,176.98
2023-08-25 10:46:00+00:00,176.98,176.98,176.98,7,176.98,383,176.98
2023-08-25 10:53:00+00:00,177.0,177.0,177.0,40,177.0,683,177.003734
2023-08-25 10:56:00+00:00,176.96,176.96,176.96,25,176.96,585,176.957983
2023-08-25 10:59:00+00:00,176.99,177.02,176.99,17,177.02,1594,176.997302
2023-08-25 11:00:00+00:00,176.99,177.05,176.99,165,177.04,6408,177.025523
2023-08-25 11:01:00+00:00,176.93,177.03,176.93,62,177.03,5571,176.992815
2023-08-25 11:03:00+00:00,177.0,177.0,176.93,53,176.93,1627,176.975691
2023-08-25 11:04:00+00:00,177.0,177.0,176.99,27,177.0,1765,176.997416
2023-08-25 11:06:00+00:00,177.04,177.04,177.01,16,177.01,911,177.01584
2023-08-25 11:07:00+00:00,177.0,177.0,177.0,16,177.0,406,176.994877
2023-08-25 11:08:00+00:00,177.0,177.0,177.0,15,177.0,996,176.996958
2023-08-25 11:10:00+00:00,176.95,177.05,176.94,76,177.03,4498,176.986274
2023-08-25 11:14:00+00:00,176.95,176.95,176.95,25,176.95,708,176.955141
2023-08-25 11:16:00+00:00,176.9,176.9,176.9,50,176.9,917,176.905725
2023-08-25 11:19:00+00:00,176.85,176.89,176.85,61,176.86,3936,176.856552
2023-08-25 11:20:00+00:00,176.87,176.87,176.83,19,176.84,982,176.852149
2023-08-25 11:21:00+00:00,176.84,176.84,176.84,15,176.84,314,176.843185
2023-08-25 11:24:00+00:00,176.83,176.83,176.83,40,176.83,1143,176.824506
2023-08-25 11:25:00+00:00,176.83,176.84,176.83,27,176.84,1327,176.844989
2023-08-25 11:26:00+00:00,176.83,176.83,176.83,35,176.83,712,176.814073
2023-08-25 11:30:00+00:00,176.93,176.93,176.88,47,176.88,2268,176.892196
2023-08-25 11:31:00+00:00,176.87,176.91,176.87,23,176.91,1049,176.874004
2023-08-25 11:33:00+00:00,176.76,176.76,176.76,40,176.76,622,176.768489
2023-08-25 11:34:00+00:00,176.83,176.83,176.8,42,176.8,1279,176.818468
2023-08-25 11:35:00+00:00,176.85,176.85,176.85,13,176.85,402,176.83694
2023-08-25 11:37:00+00:00,176.94,176.94,176.94,34,176.94,1483,176.935455
2023-08-25 11:38:00+00:00,176.99,176.99,176.99,36,176.99,1179,176.99609
2023-08-25 11:40:00+00:00,176.96,176.96,176.96,8,176.96,307,176.962638
2023-08-25 11:41:00+00:00,177.0,177.03,177.0,35,177.0,1418,177.00835
2023-08-25 11:44:00+00:00,176.96,176.96,176.96,19,176.96,416,176.961947
2023-08-25 11:45:00+00:00,176.95,176.95,176.95,20,176.95,1081,176.949297
2023-08-25 11:46:00+00:00,177.02,177.03,176.97,70,176.97,4374,176.998288
2023-08-25 11:48:00+00:00,176.96,176.98,176.96,19,176.98,811,176.964118
2023-08-25 11:50:00+00:00,176.9,176.9,176.9,45,176.9,2637,176.901638
2023-08-25 11:52:00+00:00,176.95,176.95,176.95,57,176.95,2505,176.949226
2023-08-25 11:53:00+00:00,176.95,176.95,176.95,11,176.95,350,176.950029
2023-08-25 11:55:00+00:00,176.96,176.96,176.96,9,176.96,410,176.962024
2023-08-25 11:56:00+00:00,177.0,177.0,177.0,28,177.0,967,177.015005
2023-08-25 11:58:00+00:00,177.2,177.2,177.15,37,177.15,1526,177.163729
2023-08-25 12:00:00+00:00,177.153,177.153,176.8003,404,177.0,33092,176.965961
2023-08-25 12:01:00+00:00,176.38,177.2198,176.21,721,176.21,2555,176.652227
2023-08-25 12:02:00+00:00,177.15,177.15,176.39,545,176.39,3325,176.757438
2023-08-25 12:03:00+00:00,177.074,177.19,176.52,574,177.19,6015,176.904689
2023-08-25 12:04:00+00:00,177.0702,177.14,177.0702,34,177.1,2601,177.090673
2023-08-25 12:05:00+00:00,177.07,177.07,177.07,15,177.07,1332,177.073074
2023-08-25 12:06:00+00:00,177.08,177.08,177.08,16,177.08,211,177.103152
2023-08-25 12:07:00+00:00,177.1,177.14,177.1,19,177.14,1319,177.128905
2023-08-25 12:08:00+00:00,177.3,177.3,177.11,56,177.11,5415,177.224296
2023-08-25 12:09:00+00:00,177.26,177.3355,177.26,41,177.3,971,177.295247
2023-08-25 12:10:00+00:00,177.35,177.35,177.27,51,177.27,3664,177.290076
2023-08-25 12:11:00+00:00,177.35,177.35,177.3,47,177.3,1504,177.321406
2023-08-25 12:12:00+00:00,177.37,177.37,177.34,49,177.34,2673,177.35123
2023-08-25 12:13:00+00:00,177.31,177.35,177.31,37,177.35,1285,177.321064
2023-08-25 12:14:00+00:00,177.29,177.29,177.29,29,177.29,674,177.284711
2023-08-25 12:15:00+00:00,177.31,177.31,177.24,28,177.24,1342,177.287113
2023-08-25 12:16:00+00:00,177.24,177.29,177.24,67,177.29,1463,177.252351
2023-08-25 12:17:00+00:00,177.25,177.25,177.25,29,177.25,419,177.209594
2023-08-25 12:18:00+00:00,177.22,177.22,177.2,23,177.2,920,177.216935
2023-08-25 12:19:00+00:00,177.22,177.25,177.22,25,177.23,758,177.230759
2023-08-25 12:20:00+00:00,177.25,177.25,177.21,31,177.21,640,177.226942
2023-08-25 12:21:00+00:00,177.25,177.25,177.25,22,177.25,348,177.238578
2023-08-25 12:22:00+00:00,177.26,177.26,177.26,21,177.26,376,177.259108
2023-08-25 12:24:00+00:00,177.29,177.29,177.23,46,177.23,1289,177.272529
2023-08-25 12:25:00+00:00,177.3,177.34,177.3,46,177.33,3010,177.318852
2023-08-25 12:26:00+00:00,177.25,177.3,177.25,34,177.3,1110,177.27695
2023-08-25 12:27:00+00:00,177.23,177.26,177.2293,47,177.23,2263,177.234504
2023-08-25 12:28:00+00:00,177.1795,177.22,177.1795,66,177.22,1990,177.198756
2023-08-25 12:29:00+00:00,177.18,177.18,177.18,39,177.18,1014,177.180043
2023-08-25 12:30:00+00:00,177.29,177.29,177.21,60,177.25,3071,177.266141
2023-08-25 12:31:00+00:00,177.36,177.37,177.29,52,177.29,3504,177.350024
2023-08-25 12:32:00+00:00,177.3299,177.37,177.3299,45,177.37,1990,177.333025
2023-08-25 12:33:00+00:00,177.27,177.27,177.25,84,177.25,3896,177.25903
2023-08-25 12:34:00+00:00,177.2469,177.27,177.2469,20,177.27,426,177.258772
2023-08-25 12:35:00+00:00,177.21,177.25,177.2,47,177.25,1563,177.228838
2023-08-25 12:36:00+00:00,177.26,177.26,177.21,46,177.22,2734,177.235503
2023-08-25 12:37:00+00:00,177.18,177.22,177.17,84,177.22,2603,177.192564
2023-08-25 12:38:00+00:00,177.14,177.2,177.14,23,177.2,606,177.173061
2023-08-25 12:39:00+00:00,177.21,177.21,177.2,51,177.2,1766,177.20502
2023-08-25 12:40:00+00:00,177.25,177.25,177.19,117,177.22,4186,177.220956
2023-08-25 12:41:00+00:00,177.36,177.38,177.29,100,177.29,5168,177.340011
2023-08-25 12:42:00+00:00,177.37,177.37,177.37,29,177.37,327,177.362217
2023-08-25 12:43:00+00:00,177.3,177.33,177.3,41,177.33,1493,177.311162
2023-08-25 12:44:00+00:00,177.4,177.4,177.3,61,177.3,2188,177.355441
2023-08-25 12:45:00+00:00,177.38,177.39,177.36,56,177.39,3836,177.37976
2023-08-25 12:46:00+00:00,177.39,177.39,177.36,34,177.36,1624,177.372408
2023-08-25 12:47:00+00:00,177.36,177.4,177.36,30,177.3909,1697,177.371488
2023-08-25 12:48:00+00:00,177.37,177.37,177.36,60,177.37,2952,177.367813
2023-08-25 12:49:00+00:00,177.4,177.4,177.4,31,177.4,872,177.398429
2023-08-25 12:50:00+00:00,177.25,177.4,177.25,66,177.38,3317,177.363318
2023-08-25 12:51:00+00:00,177.24,177.32,177.2,91,177.29,2519,177.253752
2023-08-25 12:53:00+00:00,177.19,177.26,177.19,56,177.26,2111,177.235957
2023-08-25 12:54:00+00:00,177.15,177.19,177.15,70,177.17,2624,177.171028
2023-08-25 12:55:00+00:00,177.16,177.16,177.16,20,177.16,2267,177.159978
2023-08-25 12:56:00+00:00,177.17,177.17,177.16,74,177.16,1948,177.166597
2023-08-25 12:57:00+00:00,177.12,177.15,177.12,65,177.15,2024,177.139402
2023-08-25 12:58:00+00:00,177.12,177.15,177.12,89,177.12,5086,177.129311
2023-08-25 12:59:00+00:00,177.19,177.19,177.12,45,177.12,2523,177.151562
2023-08-25 13:00:00+00:00,177.18,177.18,177.17,27,177.17,476,177.172348
2023-08-25 13:01:00+00:00,177.19,177.21,177.19,68,177.2,2667,177.193459
2023-08-25 13:02:00+00:00,177.16,177.16,177.16,52,177.16,2912,177.163742
2023-08-25 13:03:00+00:00,177.21,177.21,177.16,53,177.16,2873,177.184804
2023-08-25 13:04:00+00:00,177.22,177.22,177.2,78,177.22,4058,177.206812
2023-08-25 13:05:00+00:00,177.12,177.22,177.12,285,177.22,17540,177.148177
2023-08-25 13:06:00+00:00,177.17,177.17,177.14,44,177.14,1327,177.159377
2023-08-25 13:08:00+00:00,177.15,177.16,177.13,59,177.16,1807,177.148205
2023-08-25 13:09:00+00:00,177.0,177.13,177.0,369,177.13,17296,177.06468
2023-08-25 13:10:00+00:00,176.81,177.03,176.8,260,177.03,11758,176.938681
2023-08-25 13:11:00+00:00,176.79,176.87,176.79,247,176.85,13863,176.828089
2023-08-25 13:12:00+00:00,176.82,176.86,176.8,296,176.8,16967,176.828741
2023-08-25 13:13:00+00:00,176.8,176.85,176.79,180,176.84,8561,176.817727
2023-08-25 13:14:00+00:00,176.8,176.81,176.8,69,176.8,3449,176.801345
2023-08-25 13:15:00+00:00,176.83,176.83,176.79,248,176.79,12104,176.81567
2023-08-25 13:16:00+00:00,176.79,176.83,176.79,148,176.8,7475,176.807568
2023-08-25 13:17:00+00:00,176.69,176.82,176.66,139,176.79,3214,176.73504
2023-08-25 13:18:00+00:00,176.73,176.73,176.69,60,176.7,2051,176.695341
2023-08-25 13:19:00+00:00,177.07,177.09,176.8003,126,176.8003,11638,176.917224
2023-08-25 13:20:00+00:00,177.06,177.12,176.38,107,177.08,5743,177.050708
2023-08-25 13:21:00+00:00,176.93,177.08,176.93,97,177.08,3111,176.962858
2023-08-25 13:22:00+00:00,176.99,176.99,176.92,58,176.92,3598,176.930486
2023-08-25 13:23:00+00:00,177.01,177.01,176.9899,28,176.9899,1763,176.995513
2023-08-25 13:24:00+00:00,177.05,177.06,177.05,58,177.05,2599,177.050094
2023-08-25 13:25:00+00:00,177.13,177.1796,177.05,156,177.05,10036,177.113459
2023-08-25 13:26:00+00:00,177.0,177.1,176.92,129,177.1,2815,177.030067
2023-08-25 13:27:00+00:00,177.02,177.02,177.0,51,177.0001,1681,177.012564
2023-08-25 13:28:00+00:00,177.22,177.33,177.14,173,177.21,10469,177.226557
2023-08-25 13:29:00+00:00,177.41,177.41,177.15,125,177.17,10598,177.300277
2023-08-25 13:30:00+00:00,177.829,177.88,177.38,5931,177.41,585106,177.56111
2023-08-25 13:31:00+00:00,177.54,177.84,177.49,1878,177.7901,142361,177.671006
2023-08-25 13:32:00+00:00,177.93,177.96,177.4971,2171,177.555,186890,177.712288
2023-08-25 13:33:00+00:00,177.915,178.05,177.86,2722,177.9245,315071,177.949651
2023-08-25 13:34:00+00:00,177.9976,178.1282,177.76,2318,177.911,231554,177.954312
2023-08-25 13:35:00+00:00,178.03,178.09,177.86,1799,177.99,200924,177.987953
2023-08-25 13:36:00+00:00,178.08,178.1395,177.965,1554,178.0328,129435,178.064255
2023-08-25 13:37:00+00:00,177.865,178.12,177.84,1629,178.06,140373,177.964394
2023-08-25 13:38:00+00:00,177.5003,177.86,177.4799,1899,177.86,169297,177.609723
2023-08-25 13:39:00+00:00,177.7841,177.84,177.5003,1539,177.5003,148521,177.670226
2023-08-25 13:40:00+00:00,177.59,177.85,177.54,1320,177.78,129814,177.729958
2023-08-25 13:41:00+00:00,177.8021,177.83,177.51,1441,177.5872,113769,177.671045
2023-08-25 13:42:00+00:00,177.825,178.0,177.69,1639,177.8026,148231,177.872233
2023-08-25 13:43:00+00:00,177.67,177.84,177.61,1216,177.84,85532,177.668795
2023-08-25 13:44:00+00:00,177.73,177.73,177.591,912,177.6782,76925,177.661223
2023-08-25 13:45:00+00:00,177.62,177.73,177.505,1895,177.73,118284,177.575166
2023-08-25 13:46:00+00:00,177.675,177.75,177.62,2899,177.63,100910,177.670035
2023-08-25 13:47:00+00:00,177.55,177.73,177.55,3026,177.68,89908,177.649168
2023-08-25 13:48:00+00:00,177.41,177.59,177.41,3711,177.55,117487,177.488676
2023-08-25 13:49:00+00:00,177.4891,177.63,177.4,3405,177.405,96670,177.498799
2023-08-25 13:50:00+00:00,177.4575,177.49,177.3244,3519,177.49,123157,177.421439
2023-08-25 13:51:00+00:00,177.355,177.48,177.354,3362,177.45,135983,177.422473
2023-08-25 13:52:00+00:00,177.43,177.435,177.29,3497,177.35,102383,177.379258
2023-08-25 13:53:00+00:00,177.62,177.62,177.4,3751,177.43,129087,177.517189
2023-08-25 13:54:00+00:00,177.45,177.62,177.42,3228,177.62,92950,177.518909
2023-08-25 13:55:00+00:00,177.5399,177.56,177.44,3123,177.45,80384,177.502947
2023-08-25 13:56:00+00:00,177.37,177.56,177.37,3492,177.54,149663,177.443969
2023-08-25 13:57:00+00:00,177.27,177.39,177.23,3441,177.37,134625,177.289738
2023-08-25 13:58:00+00:00,177.449,177.5,177.29,3222,177.29,89695,177.411325
2023-08-25 13:59:00+00:00,177.6342,177.66,177.4,3428,177.4427,108679,177.503482
2023-08-25 14:00:00+00:00,177.45,177.73,177.4201,4001,177.62,135962,177.547603
2023-08-25 14:01:00+00:00,177.49,177.55,177.43,3407,177.46,93149,177.494714
2023-08-25 14:02:00+00:00,177.5901,177.65,177.07,5123,177.505,232820,177.337235
2023-08-25 14:03:00+00:00,178.01,178.21,177.58,5364,177.6,291165,178.004325
2023-08-25 14:04:00+00:00,177.64,178.084,177.61,4258,178.025,188932,177.884782
2023-08-25 14:05:00+00:00,177.625,177.76,177.47,3621,177.64,149519,177.620411
2023-08-25 14:06:00+00:00,177.43,177.65,177.33,4089,177.61,165434,177.461904
2023-08-25 14:07:00+00:00,177.19,177.53,177.18,4164,177.43,172202,177.347289
2023-08-25 14:08:00+00:00,176.94,177.18,176.91,5173,177.18,251341,177.005417
2023-08-25 14:09:00+00:00,176.93,177.11,176.83,3652,176.9474,110049,176.950979
2023-08-25 14:10:00+00:00,177.01,177.13,176.91,3865,176.96,157664,177.009423
2023-08-25 14:11:00+00:00,177.42,177.48,176.97,3904,177.01,157677,177.267469
2023-08-25 14:12:00+00:00,177.41,177.5,177.23,3093,177.42,98175,177.373008
2023-08-25 14:13:00+00:00,177.86,177.89,177.4099,3415,177.42,151916,177.707709
2023-08-25 14:14:00+00:00,177.94,177.95,177.71,3486,177.85,147249,177.823676
2023-08-25 14:15:00+00:00,178.2899,178.32,177.94,4459,177.94,243128,178.155708
2023-08-25 14:16:00+00:00,178.47,178.57,178.1901,3616,178.285,183206,178.374673
2023-08-25 14:17:00+00:00,178.41,178.63,178.4,3788,178.46,184653,178.520801
2023-08-25 14:18:00+00:00,178.08,178.42,178.05,4091,178.41,179471,178.244208
2023-08-25 14:19:00+00:00,177.7999,178.18,177.751,3871,178.09,153337,177.925568
2023-08-25 14:20:00+00:00,177.59,177.89,177.48,4146,177.8,145270,177.675954
2023-08-25 14:21:00+00:00,177.4,177.66,177.4,3748,177.58,151512,177.55059
2023-08-25 14:22:00+00:00,177.68,177.73,177.37,3545,177.39,128232,177.582061
2023-08-25 14:23:00+00:00,177.54,177.73,177.49,3364,177.6737,123333,177.58693
2023-08-25 14:24:00+00:00,177.25,177.65,177.23,3631,177.52,142842,177.392963
2023-08-25 14:25:00+00:00,177.22,177.33,177.151,2808,177.26,110340,177.248878
2023-08-25 14:26:00+00:00,177.1323,177.3406,177.12,2771,177.23,102861,177.242868
2023-08-25 14:27:00+00:00,176.8513,177.15,176.82,4145,177.15,183919,176.942974
2023-08-25 14:28:00+00:00,177.01,177.17,176.82,3440,176.87,109394,177.01375
2023-08-25 14:29:00+00:00,177.015,177.09,176.9201,3283,177.005,89867,177.011444
2023-08-25 14:30:00+00:00,177.05,177.28,176.91,4357,177.01,202434,177.108005
2023-08-25 14:31:00+00:00,176.9171,177.13,176.86,4053,177.04,276052,176.986239
2023-08-25 14:32:00+00:00,176.91,177.08,176.8801,3195,176.92,69069,176.964322
2023-08-25 14:33:00+00:00,176.99,177.1,176.9,3347,176.92,89897,177.003646
2023-08-25 14:34:00+00:00,176.8,176.99,176.77,3720,176.98,124745,176.875376
2023-08-25 14:35:00+00:00,176.7941,176.99,176.77,3503,176.8,106948,176.888801
2023-08-25 14:36:00+00:00,176.56,176.85,176.54,3867,176.81,162706,176.658927
2023-08-25 14:37:00+00:00,176.68,176.7,176.451,3976,176.55,202261,176.546022
2023-08-25 14:38:00+00:00,176.5701,176.68,176.52,2937,176.67,91224,176.593956
2023-08-25 14:39:00+00:00,176.57,176.78,176.49,2258,176.56,154655,176.65544
2023-08-25 14:40:00+00:00,176.8699,176.93,176.57,1664,176.57,145440,176.811129
2023-08-25 14:41:00+00:00,176.81,177.05,176.78,1559,176.87,136320,176.898607
2023-08-25 14:42:00+00:00,176.59,176.85,176.59,1056,176.815,89210,176.722341
2023-08-25 14:43:00+00:00,176.47,176.68,176.45,1318,176.58,114654,176.567396
2023-08-25 14:44:00+00:00,176.42,176.54,176.41,1168,176.47,106455,176.466551
2023-08-25 14:45:00+00:00,176.249,176.44,176.23,2628,176.41,146607,176.327635
2023-08-25 14:46:00+00:00,176.17,176.31,176.13,1358,176.24,98344,176.234123
2023-08-25 14:47:00+00:00,176.095,176.22,176.0849,1254,176.18,106851,176.144398
2023-08-25 14:48:00+00:00,176.25,176.32,176.1,1224,176.1,120883,176.226162
2023-08-25 14:49:00+00:00,176.15,176.3,176.08,1257,176.25,124737,176.174503
2023-08-25 14:50:00+00:00,176.11,176.33,176.11,1383,176.15,118646,176.215935
2023-08-25 14:51:00+00:00,176.27,176.27,176.11,859,176.11,66957,176.178659
2023-08-25 14:52:00+00:00,176.2512,176.34,176.18,1413,176.2699,222860,176.267597
2023-08-25 14:53:00+00:00,176.0481,176.26,175.99,2839,176.25,182567,176.094595
2023-08-25 14:54:00+00:00,176.06,176.21,176.04,1483,176.045,115997,176.119908
2023-08-25 14:55:00+00:00,176.135,176.22,175.955,1909,176.06,171274,176.045228
2023-08-25 14:56:00+00:00,176.17,176.2249,176.075,1107,176.13,105174,176.149848
2023-08-25 14:57:00+00:00,175.96,176.17,175.955,1309,176.165,100865,176.081128
2023-08-25 14:58:00+00:00,175.91,176.0499,175.88,1468,175.97,127392,175.953983
2023-08-25 14:59:00+00:00,175.89,175.92,175.82,1345,175.91,116713,175.877595
2023-08-25 15:00:00+00:00,176.12,176.18,175.8801,1612,175.8999,141163,176.072888
2023-08-25 15:01:00+00:00,175.96,176.1,175.93,1585,176.1,112423,176.002862
2023-08-25 15:02:00+00:00,175.953,176.07,175.87,1252,175.95,92039,175.968374
2023-08-25 15:03:00+00:00,176.0286,176.14,175.94,986,175.95,80649,176.051811
2023-08-25 15:04:00+00:00,176.18,176.28,176.02,1666,176.03,141269,176.201129
2023-08-25 15:05:00+00:00,176.33,176.38,176.1582,2069,176.19,168887,176.277028
2023-08-25 15:06:00+00:00,176.43,176.47,176.25,1390,176.3,110955,176.351548
2023-08-25 15:07:00+00:00,176.7,176.77,176.42,2414,176.44,197575,176.596964
2023-08-25 15:08:00+00:00,176.64,176.7298,176.58,1147,176.68,99724,176.636365
2023-08-25 15:09:00+00:00,176.69,176.72,176.6,1407,176.65,132243,176.654506
2023-08-25 15:10:00+00:00,176.93,176.9858,176.69,2343,176.69,195236,176.895292
2023-08-25 15:11:00+00:00,176.968,177.0501,176.915,1459,176.93,142905,176.98182
2023-08-25 15:12:00+00:00,176.88,176.9923,176.86,1114,176.97,87971,176.905849
2023-08-25 15:13:00+00:00,176.845,176.9,176.74,1221,176.88,189108,176.819873
2023-08-25 15:14:00+00:00,176.8066,176.8699,176.72,798,176.845,67068,176.783746
2023-08-25 15:15:00+00:00,176.7099,176.82,176.6599,811,176.79,65349,176.736357
2023-08-25 15:16:00+00:00,176.65,176.77,176.64,1002,176.7,78590,176.703802
2023-08-25 15:17:00+00:00,176.4507,176.65,176.4,1591,176.63,112473,176.494366
2023-08-25 15:18:00+00:00,176.41,176.5299,176.38,766,176.45,62683,176.471815
2023-08-25 15:19:00+00:00,176.7087,176.71,176.4101,1077,176.42,92180,176.563257
2023-08-25 15:20:00+00:00,176.5689,176.74,176.49,746,176.7084,51873,176.614863
2023-08-25 15:21:00+00:00,176.41,176.56,176.41,697,176.56,62502,176.486214
2023-08-25 15:22:00+00:00,176.49,176.55,176.41,640,176.41,62570,176.489413
2023-08-25 15:23:00+00:00,176.5,176.595,176.47,839,176.4906,71563,176.523027
2023-08-25 15:24:00+00:00,176.7481,176.76,176.51,1228,176.51,110673,176.643394
2023-08-25 15:25:00+00:00,177.005,177.06,176.75,1426,176.75,123744,176.953261
2023-08-25 15:26:00+00:00,177.04,177.14,177.01,1366,177.01,122584,177.081542
2023-08-25 15:27:00+00:00,177.2263,177.25,177.0148,1198,177.05,112458,177.122534
2023-08-25 15:28:00+00:00,177.1934,177.27,177.15,958,177.2356,86497,177.20176
2023-08-25 15:29:00+00:00,177.36,177.41,177.19,1419,177.21,151307,177.311839
2023-08-25 15:30:00+00:00,177.16,177.3699,177.12,1323,177.36,117245,177.220442
2023-08-25 15:31:00+00:00,177.3,177.41,177.16,1065,177.165,102241,177.332323
2023-08-25 15:32:00+00:00,177.23,177.3093,177.175,644,177.3,56905,177.229161
2023-08-25 15:33:00+00:00,177.22,177.29,177.11,737,177.26,51342,177.194558
2023-08-25 15:34:00+00:00,177.34,177.34,177.15,749,177.23,66183,177.24262
2023-08-25 15:35:00+00:00,177.4512,177.5,177.32,1109,177.33,111483,177.437862
2023-08-25 15:36:00+00:00,177.65,177.65,177.455,1626,177.455,143795,177.576764
2023-08-25 15:37:00+00:00,177.51,177.6758,177.51,1417,177.6472,121690,177.616359
2023-08-25 15:38:00+00:00,177.69,177.76,177.51,860,177.51,70605,177.63884
2023-08-25 15:39:00+00:00,177.72,177.77,177.66,759,177.67,58516,177.722651
2023-08-25 15:40:00+00:00,177.62,177.74,177.6,941,177.73,81245,177.663243
2023-08-25 15:41:00+00:00,177.59,177.62,177.5361,868,177.62,63878,177.572618
2023-08-25 15:42:00+00:00,177.54,177.63,177.51,689,177.595,51574,177.561429
2023-08-25 15:43:00+00:00,177.37,177.52,177.34,961,177.52,84559,177.394836
2023-08-25 15:44:00+00:00,177.5453,177.56,177.31,842,177.37,79266,177.437365
2023-08-25 15:45:00+00:00,177.38,177.56,177.34,543,177.53,38411,177.451554
2023-08-25 15:46:00+00:00,177.31,177.5,177.3,589,177.39,39668,177.421436
2023-08-25 15:47:00+00:00,177.42,177.46,177.295,560,177.32,47077,177.3655
2023-08-25 15:48:00+00:00,177.36,177.48,177.35,664,177.44,52714,177.402167
2023-08-25 15:49:00+00:00,177.44,177.4799,177.32,624,177.36,47004,177.413047
2023-08-25 15:50:00+00:00,177.2122,177.45,177.21,849,177.44,73594,177.316357
2023-08-25 15:51:00+00:00,177.48,177.485,177.22,856,177.22,69115,177.382622
2023-08-25 15:52:00+00:00,177.31,177.58,177.28,1027,177.4852,80604,177.429195
2023-08-25 15:53:00+00:00,177.17,177.34,177.14,843,177.335,117369,177.213056
2023-08-25 15:54:00+00:00,177.15,177.24,177.12,825,177.175,54385,177.169725
2023-08-25 15:55:00+00:00,176.94,177.14,176.885,979,177.14,63830,176.999213
2023-08-25 15:56:00+00:00,176.9,177.005,176.83,679,176.925,60609,176.94388
2023-08-25 15:57:00+00:00,176.6099,176.89,176.55,1629,176.875,132459,176.694192
2023-08-25 15:58:00+00:00,176.6322,176.69,176.56,858,176.605,80464,176.631991
2023-08-25 15:59:00+00:00,176.66,176.73,176.61,845,176.63,68657,176.679715
2023-08-25 16:00:00+00:00,176.83,176.88,176.64,953,176.66,78146,176.769204
2023-08-25 16:01:00+00:00,176.96,177.03,176.8312,647,176.8401,67549,176.927645
2023-08-25 16:02:00+00:00,177.0,177.055,176.95,947,176.975,77497,176.992702
2023-08-25 16:03:00+00:00,176.85,177.0799,176.82,781,177.0,57993,176.937774
2023-08-25 16:04:00+00:00,176.95,176.97,176.83,398,176.8407,32158,176.917168
2023-08-25 16:05:00+00:00,176.97,177.08,176.94,620,176.955,38028,177.000197
2023-08-25 16:06:00+00:00,176.9429,176.9899,176.84,609,176.96,39681,176.90578
2023-08-25 16:07:00+00:00,177.0099,177.03,176.91,422,176.93,26758,176.983728
2023-08-25 16:08:00+00:00,177.0,177.06,176.9501,509,177.02,39684,176.999312
2023-08-25 16:09:00+00:00,177.02,177.07,176.97,584,177.0,37347,177.009139
2023-08-25 16:10:00+00:00,176.91,177.17,176.91,825,177.03,67899,177.034468
2023-08-25 16:11:00+00:00,176.89,176.97,176.84,788,176.91,86613,176.904035
2023-08-25 16:12:00+00:00,177.07,177.09,176.89,610,176.9,44926,177.006738
2023-08-25 16:13:00+00:00,177.13,177.14,177.02,542,177.06,41996,177.070853
2023-08-25 16:14:00+00:00,177.1016,177.16,177.0728,486,177.1105,33268,177.117929
2023-08-25 16:15:00+00:00,177.0937,177.15,177.07,542,177.1,38480,177.11271
2023-08-25 16:16:00+00:00,177.07,177.1,176.99,580,177.09,37946,177.034725
2023-08-25 16:17:00+00:00,177.03,177.17,177.03,508,177.07,45992,177.122587
2023-08-25 16:18:00+00:00,176.86,177.03,176.84,1018,177.03,80370,176.916293
2023-08-25 16:19:00+00:00,177.1301,177.15,176.83,730,176.86,57458,176.992443
2023-08-25 16:20:00+00:00,177.0415,177.13,176.98,628,177.13,42384,177.051192
2023-08-25 16:21:00+00:00,177.23,177.23,177.025,690,177.04,54360,177.147179
2023-08-25 16:22:00+00:00,177.42,177.45,177.2,1342,177.23,125702,177.307753
2023-08-25 16:23:00+00:00,177.39,177.44,177.33,1045,177.415,94537,177.392201
2023-08-25 16:24:00+00:00,177.45,177.48,177.3609,694,177.3901,58519,177.429138
2023-08-25 16:25:00+00:00,177.58,177.5999,177.41,850,177.46,72927,177.513091
2023-08-25 16:26:00+00:00,177.53,177.61,177.5,745,177.59,66220,177.54238
2023-08-25 16:27:00+00:00,177.61,177.6656,177.5,815,177.525,70460,177.606119
2023-08-25 16:28:00+00:00,177.7154,177.75,177.6,831,177.62,85890,177.664189
2023-08-25 16:29:00+00:00,177.75,177.75,177.68,873,177.725,87352,177.717225
2023-08-25 16:30:00+00:00,177.585,177.76,177.49,1254,177.75,174175,177.650471
2023-08-25 16:31:00+00:00,177.71,177.755,177.61,967,177.61,92523,177.697745
2023-08-25 16:32:00+00:00,177.67,177.7173,177.57,606,177.7173,44138,177.638441
2023-08-25 16:33:00+00:00,177.67,177.684,177.6101,595,177.66,59936,177.641553
2023-08-25 16:34:00+00:00,177.62,177.69,177.57,746,177.665,89646,177.629258
2023-08-25 16:35:00+00:00,177.6,177.67,177.51,715,177.62,70237,177.590117
2023-08-25 16:36:00+00:00,177.79,177.82,177.61,915,177.62,106326,177.749073
2023-08-25 16:37:00+00:00,177.7101,177.84,177.68,877,177.8,77353,177.774061
2023-08-25 16:38:00+00:00,177.83,177.83,177.75,539,177.75,33039,177.783842
2023-08-25 16:39:00+00:00,177.66,177.82,177.66,472,177.82,58980,177.716181
2023-08-25 16:40:00+00:00,177.78,177.79,177.605,595,177.6702,45539,177.688165
2023-08-25 16:41:00+00:00,177.59,177.8,177.55,739,177.78,63006,177.637652
2023-08-25 16:42:00+00:00,177.62,177.6289,177.48,692,177.59,55175,177.546359
2023-08-25 16:43:00+00:00,177.51,177.625,177.48,601,177.62,55560,177.574799
2023-08-25 16:44:00+00:00,177.4992,177.55,177.46,515,177.525,31231,177.50193
2023-08-25 16:45:00+00:00,177.5584,177.5584,177.44,628,177.495,70478,177.491817
2023-08-25 16:46:00+00:00,177.57,177.6,177.5027,546,177.55,39375,177.553349
2023-08-25 16:47:00+00:00,177.582,177.6,177.505,383,177.5793,23842,177.558475
2023-08-25 16:48:00+00:00,177.605,177.65,177.55,549,177.59,37642,177.598099
2023-08-25 16:49:00+00:00,177.58,177.64,177.51,480,177.61,25883,177.583556
2023-08-25 16:50:00+00:00,177.53,177.61,177.51,371,177.57,30942,177.554453
2023-08-25 16:51:00+00:00,177.42,177.54,177.38,830,177.525,68314,177.444694
2023-08-25 16:52:00+00:00,177.39,177.48,177.35,639,177.41,43169,177.411618
2023-08-25 16:53:00+00:00,177.33,177.42,177.3,692,177.395,56270,177.359058
2023-08-25 16:54:00+00:00,177.2323,177.36,177.21,613,177.34,42969,177.281658
2023-08-25 16:55:00+00:00,177.29,177.305,177.23,538,177.25,53448,177.263533
2023-08-25 16:56:00+00:00,177.27,177.36,177.16,711,177.285,62121,177.258839
2023-08-25 16:57:00+00:00,177.4599,177.4599,177.29,610,177.2925,59174,177.365481
2023-08-25 16:58:00+00:00,177.495,177.54,177.46,482,177.46,30587,177.504504
2023-08-25 16:59:00+00:00,177.49,177.54,177.47,417,177.49,31513,177.496344
2023-08-25 17:00:00+00:00,177.5999,177.6058,177.44,559,177.49,42263,177.516241
2023-08-25 17:01:00+00:00,177.57,177.65,177.52,640,177.58,53590,177.590819
2023-08-25 17:02:00+00:00,177.59,177.63,177.56,448,177.57,31532,177.602962
2023-08-25 17:03:00+00:00,177.59,177.64,177.55,372,177.6,31215,177.606084
2023-08-25 17:04:00+00:00,177.55,177.64,177.55,545,177.58,35789,177.597206
2023-08-25 17:05:00+00:00,177.5,177.545,177.5,556,177.52,30496,177.514491
2023-08-25 17:06:00+00:00,177.51,177.57,177.4833,438,177.49,34167,177.522803
2023-08-25 17:07:00+00:00,177.6241,177.63,177.445,506,177.5,39441,177.532175
2023-08-25 17:08:00+00:00,177.61,177.65,177.58,543,177.63,49524,177.62503
2023-08-25 17:09:00+00:00,177.41,177.61,177.41,665,177.61,44924,177.48452
2023-08-25 17:10:00+00:00,177.27,177.42,177.25,627,177.41,65638,177.331204
2023-08-25 17:11:00+00:00,177.21,177.31,177.2,681,177.275,50444,177.253183
2023-08-25 17:12:00+00:00,177.3684,177.3685,177.22,708,177.22,60643,177.301277
2023-08-25 17:13:00+00:00,177.31,177.37,177.28,575,177.37,38619,177.322718
2023-08-25 17:14:00+00:00,177.5,177.5088,177.2999,821,177.31,67379,177.414644
2023-08-25 17:15:00+00:00,177.53,177.615,177.48,734,177.5,65241,177.530556
2023-08-25 17:16:00+00:00,177.2774,177.54,177.2544,712,177.53,51427,177.388772
2023-08-25 17:17:00+00:00,177.2192,177.28,177.2,771,177.28,62675,177.23348
2023-08-25 17:18:00+00:00,177.2666,177.3,177.22,453,177.22,30350,177.257331
2023-08-25 17:19:00+00:00,177.35,177.3633,177.26,399,177.27,25763,177.295233
2023-08-25 17:20:00+00:00,177.21,177.37,177.16,781,177.35,59520,177.229896
2023-08-25 17:21:00+00:00,177.21,177.339,177.18,602,177.19,62521,177.280995
2023-08-25 17:22:00+00:00,177.34,177.35,177.19,733,177.2295,57792,177.22866
2023-08-25 17:23:00+00:00,177.2112,177.39,177.2112,546,177.34,33256,177.316369
2023-08-25 17:24:00+00:00,177.14,177.24,177.1,785,177.21,73214,177.15998
2023-08-25 17:25:00+00:00,177.19,177.24,177.13,544,177.15,38207,177.178783
2023-08-25 17:26:00+00:00,177.11,177.19,177.09,537,177.18,34296,177.137557
2023-08-25 17:27:00+00:00,177.24,177.24,177.11,375,177.11,24152,177.177069
2023-08-25 17:28:00+00:00,177.25,177.31,177.2115,502,177.2231,37717,177.255429
2023-08-25 17:29:00+00:00,177.3999,177.3999,177.2345,506,177.25,35816,177.312191
2023-08-25 17:30:00+00:00,177.36,177.38,177.27,1078,177.38,66762,177.313393
2023-08-25 17:31:00+00:00,177.15,177.37,177.13,723,177.3501,39740,177.258603
2023-08-25 17:32:00+00:00,177.2,177.2,177.09,849,177.1598,64564,177.14956
2023-08-25 17:33:00+00:00,177.18,177.23,177.16,586,177.19,29596,177.19558
2023-08-25 17:34:00+00:00,177.19,177.2215,177.15,427,177.2,26607,177.188629
2023-08-25 17:35:00+00:00,177.13,177.24,177.13,513,177.19,35945,177.206104
2023-08-25 17:36:00+00:00,177.27,177.27,177.1057,550,177.1218,49090,177.178704
2023-08-25 17:37:00+00:00,177.155,177.262,177.12,540,177.26,45914,177.191569
2023-08-25 17:38:00+00:00,177.105,177.17,177.06,538,177.16,35851,177.102076
2023-08-25 17:39:00+00:00,176.96,177.14,176.95,1074,177.0997,75419,177.060019
2023-08-25 17:40:00+00:00,177.04,177.05,176.9585,661,176.96,55791,176.99756
2023-08-25 17:41:00+00:00,177.12,177.1499,177.01,542,177.03,45831,177.085179
2023-08-25 17:42:00+00:00,177.07,177.16,177.03,496,177.11,34507,177.090158
2023-08-25 17:43:00+00:00,177.1046,177.13,177.05,440,177.08,42568,177.083922
2023-08-25 17:44:00+00:00,177.17,177.19,177.11,459,177.11,42976,177.158249
2023-08-25 17:45:00+00:00,177.04,177.17,177.03,760,177.17,53138,177.078441
2023-08-25 17:46:00+00:00,176.98,177.06,176.94,662,177.03,47693,177.000576
2023-08-25 17:47:00+00:00,177.11,177.13,176.965,491,176.98,38425,177.037317
2023-08-25 17:48:00+00:00,177.0877,177.115,177.02,404,177.105,30165,177.056318
2023-08-25 17:49:00+00:00,177.12,177.14,177.07,441,177.09,27092,177.10034
2023-08-25 17:50:00+00:00,177.2297,177.26,177.1,685,177.12,63431,177.195089
2023-08-25 17:51:00+00:00,177.22,177.23,177.1801,451,177.225,33224,177.203361
2023-08-25 17:52:00+00:00,177.31,177.32,177.19,553,177.2,40757,177.251236
2023-08-25 17:53:00+00:00,177.35,177.35,177.24,586,177.29,48190,177.28785
2023-08-25 17:54:00+00:00,177.4,177.42,177.323,635,177.3499,52774,177.384151
2023-08-25 17:55:00+00:00,177.368,177.46,177.36,564,177.395,39331,177.403343
2023-08-25 17:56:00+00:00,177.29,177.41,177.2703,923,177.37,75094,177.355479
2023-08-25 17:57:00+00:00,177.37,177.37,177.28,435,177.3,29107,177.319823
2023-08-25 17:58:00+00:00,177.4015,177.42,177.37,396,177.375,28545,177.399229
2023-08-25 17:59:00+00:00,177.42,177.43,177.37,536,177.405,43251,177.395288
2023-08-25 18:00:00+00:00,177.435,177.47,177.36,764,177.415,59294,177.422643
2023-08-25 18:01:00+00:00,177.44,177.49,177.4,567,177.44,45187,177.457655
2023-08-25 18:02:00+00:00,177.35,177.45,177.35,552,177.44,41815,177.415356
2023-08-25 18:03:00+00:00,177.3946,177.4214,177.3401,439,177.3401,27073,177.399027
2023-08-25 18:04:00+00:00,177.41,177.42,177.35,402,177.4,31545,177.383394
2023-08-25 18:05:00+00:00,177.495,177.52,177.4,999,177.41,88356,177.48952
2023-08-25 18:06:00+00:00,177.515,177.56,177.47,804,177.51,70363,177.512845
2023-08-25 18:07:00+00:00,177.435,177.55,177.42,445,177.51,36177,177.47806
2023-08-25 18:08:00+00:00,177.53,177.565,177.45,580,177.45,41554,177.521414
2023-08-25 18:09:00+00:00,177.4667,177.5228,177.435,559,177.5228,34530,177.471134
2023-08-25 18:10:00+00:00,177.45,177.48,177.35,733,177.47,58288,177.417383
2023-08-25 18:11:00+00:00,177.5,177.56,177.45,415,177.455,31023,177.52152
2023-08-25 18:12:00+00:00,177.5667,177.569,177.5019,468,177.505,40386,177.538918
2023-08-25 18:13:00+00:00,177.71,177.7346,177.57,802,177.57,71788,177.63502
2023-08-25 18:14:00+00:00,177.7942,177.83,177.6995,1233,177.71,139736,177.77109
2023-08-25 18:15:00+00:00,177.8401,177.86,177.795,770,177.795,69289,177.828717
2023-08-25 18:16:00+00:00,177.68,177.895,177.65,1316,177.85,114764,177.768123
2023-08-25 18:17:00+00:00,177.824,177.83,177.67,798,177.68,69385,177.767412
2023-08-25 18:18:00+00:00,178.0,178.01,177.81,1550,177.83,172617,177.932027
2023-08-25 18:19:00+00:00,178.06,178.1,178.0,1210,178.01,114655,178.044077
2023-08-25 18:20:00+00:00,178.22,178.31,178.07,1748,178.07,203053,178.226327
2023-08-25 18:21:00+00:00,178.24,178.31,178.19,813,178.22,60320,178.25576
2023-08-25 18:22:00+00:00,178.26,178.33,178.17,678,178.25,62043,178.261618
2023-08-25 18:23:00+00:00,178.25,178.295,178.18,654,178.26,63214,178.250227
2023-08-25 18:24:00+00:00,178.21,178.3,178.19,737,178.26,70484,178.251835
2023-08-25 18:25:00+00:00,178.3,178.41,178.2048,1554,178.2048,150216,178.324102
2023-08-25 18:26:00+00:00,178.332,178.38,178.27,863,178.33,100329,178.327722
2023-08-25 18:27:00+00:00,178.35,178.3851,178.3147,703,178.34,58146,178.348274
2023-08-25 18:28:00+00:00,178.4496,178.49,178.33,979,178.36,112491,178.437066
2023-08-25 18:29:00+00:00,178.45,178.49,178.38,776,178.4555,67375,178.450696
2023-08-25 18:30:00+00:00,178.45,178.528,178.435,947,178.46,110742,178.487211
2023-08-25 18:31:00+00:00,178.525,178.54,178.44,864,178.44,96074,178.494757
2023-08-25 18:32:00+00:00,178.7111,178.73,178.5037,1535,178.535,146081,178.615109
2023-08-25 18:33:00+00:00,178.62,178.7391,178.575,962,178.7189,96227,178.654902
2023-08-25 18:34:00+00:00,178.6175,178.71,178.595,913,178.6391,113287,178.655554
2023-08-25 18:35:00+00:00,178.55,178.66,178.51,815,178.6101,73728,178.579692
2023-08-25 18:36:00+00:00,178.6418,178.67,178.56,634,178.57,50021,178.628191
2023-08-25 18:37:00+00:00,178.655,178.66,178.56,646,178.65,49633,178.59769
2023-08-25 18:38:00+00:00,178.46,178.68,178.435,902,178.65,81238,178.53597
2023-08-25 18:39:00+00:00,178.385,178.46,178.31,932,178.46,84838,178.376253
2023-08-25 18:40:00+00:00,178.485,178.53,178.395,811,178.395,55006,178.467367
2023-08-25 18:41:00+00:00,178.46,178.5,178.42,522,178.49,46797,178.449909
2023-08-25 18:42:00+00:00,178.335,178.4788,178.3,572,178.47,52852,178.354889
2023-08-25 18:43:00+00:00,178.305,178.38,178.3,648,178.34,50187,178.335119
2023-08-25 18:44:00+00:00,178.26,178.32,178.205,857,178.31,101930,178.267545
2023-08-25 18:45:00+00:00,178.135,178.275,178.13,815,178.27,70814,178.212754
2023-08-25 18:46:00+00:00,178.325,178.34,178.13,736,178.14,92432,178.237976
2023-08-25 18:47:00+00:00,178.35,178.38,178.3008,591,178.32,58779,178.344272
2023-08-25 18:48:00+00:00,178.355,178.37,178.32,501,178.3501,57487,178.343703
2023-08-25 18:49:00+00:00,178.3,178.36,178.27,477,178.35,37758,178.309308
2023-08-25 18:50:00+00:00,178.27,178.37,178.25,727,178.3,80222,178.31513
2023-08-25 18:51:00+00:00,178.4657,178.48,178.26,856,178.27,87042,178.38416
2023-08-25 18:52:00+00:00,178.44,178.4665,178.37,762,178.4665,68336,178.415949
2023-08-25 18:53:00+00:00,178.42,178.47,178.37,566,178.44,45222,178.420125
2023-08-25 18:54:00+00:00,178.5089,178.51,178.425,570,178.4299,41639,178.471415
2023-08-25 18:55:00+00:00,178.56,178.5891,178.4701,628,178.5065,76570,178.543627
2023-08-25 18:56:00+00:00,178.53,178.6,178.47,784,178.55,82434,178.522704
2023-08-25 18:57:00+00:00,178.55,178.58,178.52,856,178.535,100211,178.549111
2023-08-25 18:58:00+00:00,178.581,178.62,178.52,663,178.545,58511,178.57548
2023-08-25 18:59:00+00:00,178.61,178.61,178.54,636,178.58,59679,178.580201
2023-08-25 19:00:00+00:00,178.8388,178.85,178.61,1417,178.61,172674,178.716586
2023-08-25 19:01:00+00:00,178.74,178.855,178.68,1167,178.845,131581,178.772658
2023-08-25 19:02:00+00:00,178.55,178.74,178.51,1212,178.74,124925,178.525218
2023-08-25 19:03:00+00:00,178.54,178.6,178.4715,984,178.56,90757,178.539277
2023-08-25 19:04:00+00:00,178.5603,178.57,178.52,602,178.55,42037,178.550857
2023-08-25 19:05:00+00:00,178.58,178.66,178.55,724,178.57,80995,178.606023
2023-08-25 19:06:00+00:00,178.48,178.6,178.46,1135,178.59,119871,178.499743
2023-08-25 19:07:00+00:00,178.49,178.51,178.43,634,178.47,80461,178.469792
2023-08-25 19:08:00+00:00,178.6207,178.64,178.45,636,178.495,67324,178.562123
2023-08-25 19:09:00+00:00,178.669,178.7288,178.62,856,178.62,94667,178.681405
2023-08-25 19:10:00+00:00,178.715,178.73,178.65,700,178.67,69708,178.693932
2023-08-25 19:11:00+00:00,178.689,178.74,178.6814,949,178.71,90183,178.71205
2023-08-25 19:12:00+00:00,178.62,178.72,178.6073,833,178.68,70471,178.663874
2023-08-25 19:13:00+00:00,178.6404,178.66,178.585,545,178.62,52807,178.613905
2023-08-25 19:14:00+00:00,178.57,178.69,178.53,826,178.65,64384,178.603605
2023-08-25 19:15:00+00:00,178.73,178.75,178.57,786,178.58,56256,178.674695
2023-08-25 19:16:00+00:00,178.805,178.82,178.71,1022,178.73,114584,178.760845
2023-08-25 19:17:00+00:00,178.67,178.81,178.655,701,178.805,60831,178.74642
2023-08-25 19:18:00+00:00,178.78,178.79,178.65,488,178.665,34520,178.731021
2023-08-25 19:19:00+00:00,178.78,178.7974,178.66,799,178.76,66004,178.724314
2023-08-25 19:20:00+00:00,178.86,178.86,178.7882,781,178.7882,68393,178.836278
2023-08-25 19:21:00+00:00,178.9095,178.91,178.85,907,178.8505,103320,178.870283
2023-08-25 19:22:00+00:00,178.8801,178.9272,178.86,840,178.92,102009,178.894913
2023-08-25 19:23:00+00:00,178.9401,178.96,178.9,760,178.9,76899,178.933889
2023-08-25 19:24:00+00:00,178.915,178.94,178.85,845,178.94,84985,178.892534
2023-08-25 19:25:00+00:00,178.94,178.96,178.91,897,178.92,79946,178.930536
2023-08-25 19:26:00+00:00,179.04,179.04,178.9201,1727,178.9401,171460,178.991166
2023-08-25 19:27:00+00:00,179.04,179.08,178.97,1696,179.04,205980,179.032396
2023-08-25 19:28:00+00:00,179.08,179.12,178.995,1508,179.06,175032,179.064667
2023-08-25 19:29:00+00:00,179.125,179.14,179.08,1617,179.085,184280,179.11698
2023-08-25 19:30:00+00:00,179.03,179.14,178.97,1371,179.1224,135574,179.044017
2023-08-25 19:31:00+00:00,179.04,179.1,178.9729,1103,179.03,103860,179.036626
2023-08-25 19:32:00+00:00,179.135,179.14,179.0202,1189,179.05,116744,179.066532
2023-08-25 19:33:00+00:00,179.02,179.15,179.02,822,179.14,80667,179.08182
2023-08-25 19:34:00+00:00,178.945,179.02,178.94,894,179.02,87028,178.983575
2023-08-25 19:35:00+00:00,178.96,178.99,178.91,1083,178.94,94732,178.950251
2023-08-25 19:36:00+00:00,178.85,178.975,178.83,1526,178.95,138038,178.881121
2023-08-25 19:37:00+00:00,178.845,178.88,178.775,1271,178.85,118514,178.829053
2023-08-25 19:38:00+00:00,178.91,178.975,178.82,1511,178.84,143144,178.907929
2023-08-25 19:39:00+00:00,178.92,178.95,178.83,855,178.9,289055,178.955951
2023-08-25 19:40:00+00:00,178.99,178.995,178.93,1014,178.93,81569,178.966925
2023-08-25 19:41:00+00:00,179.01,179.025,178.86,1791,178.99,151770,178.947613
2023-08-25 19:42:00+00:00,178.95,179.02,178.925,1143,179.0059,126574,178.974645
2023-08-25 19:43:00+00:00,178.9801,179.0,178.94,1045,178.94,114465,178.976867
2023-08-25 19:44:00+00:00,179.0815,179.0885,178.955,1129,178.98,107175,179.008511
2023-08-25 19:45:00+00:00,179.03,179.145,178.975,1639,179.078,155989,179.064401
2023-08-25 19:46:00+00:00,178.965,179.06,178.96,1207,179.03,102858,179.027054
2023-08-25 19:47:00+00:00,178.93,179.04,178.91,1475,178.965,127612,178.974649
2023-08-25 19:48:00+00:00,178.87,178.97,178.8588,1245,178.91,125142,178.906482
2023-08-25 19:49:00+00:00,178.86,178.93,178.8435,1439,178.89,105425,178.888551
2023-08-25 19:50:00+00:00,178.671,178.85,178.63,3360,178.85,263931,178.728644
2023-08-25 19:51:00+00:00,178.669,178.78,178.63,1942,178.67,143705,178.68598
2023-08-25 19:52:00+00:00,178.785,178.94,178.67,2288,178.67,192181,178.828572
2023-08-25 19:53:00+00:00,178.66,178.78,178.61,2419,178.77,178913,178.660924
2023-08-25 19:54:00+00:00,178.5399,178.6757,178.5,4375,178.65,324859,178.578833
2023-08-25 19:55:00+00:00,178.875,178.9,178.52,3457,178.53,318816,178.791341
2023-08-25 19:56:00+00:00,178.86,178.92,178.71,2486,178.88,236591,178.805458
2023-08-25 19:57:00+00:00,178.78,178.89,178.76,2752,178.86,245703,178.832793
2023-08-25 19:58:00+00:00,178.565,178.82,178.56,4429,178.77,433094,178.683554
2023-08-25 19:59:00+00:00,178.6,178.71,178.44,8753,178.56,1250204,178.550374
2023-08-25 20:00:00+00:00,178.6508,178.68,178.57,215,178.6,8463309,178.610009
2023-08-25 20:01:00+00:00,178.61,178.65,178.605,106,178.65,1131779,178.610134
2023-08-25 20:02:00+00:00,178.605,178.61,178.605,81,178.61,226650,178.609959
2023-08-25 20:03:00+00:00,178.6,178.61,178.6,55,178.6,23691,178.605819
2023-08-25 20:04:00+00:00,178.65,178.66,178.6,53,178.6,34529,178.610173
2023-08-25 20:05:00+00:00,178.65,178.65,178.65,23,178.65,1303,178.653051
2023-08-25 20:06:00+00:00,178.63,178.66,178.61,48,178.65,144053,178.610697
2023-08-25 20:07:00+00:00,178.56,178.62,178.56,40,178.62,8566,178.606275
2023-08-25 20:09:00+00:00,178.54,178.56,178.54,46,178.56,24549,178.60108
2023-08-25 20:10:00+00:00,178.43,178.53,178.4,64,178.52,2755,178.470784
2023-08-25 20:11:00+00:00,178.4614,178.5,178.46,21,178.49,1857,178.489666
2023-08-25 20:12:00+00:00,178.55,178.61,178.5,28,178.5,22195,178.607492
2023-08-25 20:13:00+00:00,178.57,178.57,178.566,16,178.566,1169,178.566377
2023-08-25 20:14:00+00:00,178.52,178.55,178.52,25,178.55,43850,178.609203
2023-08-25 20:15:00+00:00,178.53,178.55,178.53,22,178.55,914,178.54519
2023-08-25 20:16:00+00:00,178.56,178.58,178.56,26,178.58,646,178.56733
2023-08-25 20:17:00+00:00,178.58,178.58,178.57,19,178.57,459,178.576837
2023-08-25 20:18:00+00:00,178.58,178.58,178.57,43,178.57,1840,178.575611
2023-08-25 20:19:00+00:00,178.57,178.57,178.57,19,178.57,720,178.56914
2023-08-25 20:20:00+00:00,178.57,178.57,178.57,15,178.57,199,178.567236
2023-08-25 20:21:00+00:00,178.56,178.58,178.56,38,178.5603,1008,178.565765
2023-08-25 20:22:00+00:00,178.56,178.56,178.56,37,178.56,1239,178.56128
2023-08-25 20:23:00+00:00,178.51,178.53,178.51,48,178.53,2716,178.517388
2023-08-25 20:24:00+00:00,178.53,178.53,178.52,20,178.52,348,178.495647
2023-08-25 20:25:00+00:00,178.51,178.51,178.51,19,178.51,224,178.506987
2023-08-25 20:26:00+00:00,178.51,178.51,178.5,26,178.5,1373,178.507183
2023-08-25 20:27:00+00:00,178.51,178.52,178.51,16,178.52,289,178.514374
2023-08-25 20:28:00+00:00,178.51,178.51,178.51,22,178.51,309,178.512977
2023-08-25 20:29:00+00:00,178.51,178.53,178.51,19,178.53,490,178.516
2023-08-25 20:30:00+00:00,178.5,178.5,178.5,24,178.5,513,178.500119
2023-08-25 20:31:00+00:00,178.51,178.5109,178.51,26,178.51,1715,178.511315
2023-08-25 20:32:00+00:00,178.51,178.51,178.51,18,178.51,763,178.509661
2023-08-25 20:33:00+00:00,178.5294,178.5294,178.5294,14,178.5294,300,178.52085
2023-08-25 20:34:00+00:00,178.53,178.53,178.53,24,178.53,731,178.52949
2023-08-25 20:36:00+00:00,178.54,178.54,178.54,17,178.54,137,178.538248
2023-08-25 20:37:00+00:00,178.55,178.55,178.55,14,178.55,286,178.549927
2023-08-25 20:39:00+00:00,178.53,178.53,178.53,24,178.53,509,178.535049
2023-08-25 20:42:00+00:00,178.56,178.56,178.56,20,178.56,362,178.557086
2023-08-25 20:43:00+00:00,178.55,178.56,178.55,26,178.56,966,178.556366
2023-08-25 20:45:00+00:00,178.55,178.55,178.55,4,178.55,259,178.550753
2023-08-25 20:46:00+00:00,178.55,178.56,178.55,23,178.56,496,178.552484
2023-08-25 20:48:00+00:00,178.56,178.56,178.56,14,178.56,310,178.564145
2023-08-25 20:49:00+00:00,178.57,178.57,178.56,20,178.56,572,178.567896
2023-08-25 20:50:00+00:00,178.57,178.57,178.55,16,178.55,1031,178.562045
2023-08-25 20:51:00+00:00,178.55,178.55,178.55,28,178.55,615,178.552602
2023-08-25 20:56:00+00:00,178.54,178.54,178.54,15,178.54,377,178.542294
2023-08-25 20:57:00+00:00,178.5399,178.54,178.5399,14,178.54,349,178.53894
2023-08-25 20:58:00+00:00,178.53,178.53,178.5,34,178.53,4266,178.514804
2023-08-25 21:01:00+00:00,178.53,178.53,178.53,13,178.53,135,178.53463
2023-08-25 21:02:00+00:00,178.55,178.55,178.55,15,178.55,464,178.548534
2023-08-25 21:04:00+00:00,178.54,178.54,178.54,12,178.54,131,178.541069
2023-08-25 21:06:00+00:00,178.54,178.56,178.54,13,178.56,381,178.547165
2023-08-25 21:07:00+00:00,178.54,178.54,178.54,11,178.54,254,178.540079
2023-08-25 21:09:00+00:00,178.55,178.55,178.55,18,178.55,1410585,178.609979
2023-08-25 21:13:00+00:00,178.54,178.54,178.54,20,178.54,346,178.540849
2023-08-25 21:16:00+00:00,178.55,178.55,178.55,11,178.55,437,178.547185
2023-08-25 21:17:00+00:00,178.55,178.55,178.55,13,178.55,2096,178.54999
2023-08-25 21:18:00+00:00,178.61,178.61,178.61,13,178.61,95717,178.609989
2023-08-25 21:22:00+00:00,178.56,178.56,178.56,16,178.56,433,178.5606
2023-08-25 21:23:00+00:00,178.57,178.57,178.57,8,178.57,125,178.56832
2023-08-25 21:24:00+00:00,178.58,178.58,178.58,28,178.58,556,178.575755
2023-08-25 21:25:00+00:00,178.56,178.56,178.56,11,178.56,138,178.562536
2023-08-25 21:26:00+00:00,178.56,178.56,178.56,12,178.56,380,178.561658
2023-08-25 21:29:00+00:00,178.57,178.57,178.57,15,178.57,981,178.570107
2023-08-25 21:30:00+00:00,178.57,178.57,178.57,17,178.57,372,178.570551
2023-08-25 21:33:00+00:00,178.56,178.56,178.56,18,178.56,133,178.562143
2023-08-25 21:35:00+00:00,178.55,178.55,178.55,16,178.55,135,178.552226
2023-08-25 21:37:00+00:00,178.56,178.56,178.56,18,178.56,159,178.559531
2023-08-25 21:40:00+00:00,178.56,178.56,178.56,9,178.56,236,178.559703
2023-08-25 21:43:00+00:00,178.56,178.56,178.56,6,178.56,1046,178.559971
2023-08-25 21:44:00+00:00,178.58,178.58,178.5785,16,178.5785,438,178.577999
2023-08-25 21:45:00+00:00,178.58,178.58,178.58,10,178.58,200,178.576405
2023-08-25 21:49:00+00:00,178.55,178.55,178.55,39,178.55,1546,178.550466
2023-08-25 21:50:00+00:00,178.53,178.53,178.53,12,178.53,1153,178.533877
2023-08-25 21:51:00+00:00,178.5761,178.5761,178.53,25,178.53,732,178.543847
2023-08-25 21:56:00+00:00,178.5791,178.5791,178.5791,13,178.5791,246,178.577797
2023-08-25 21:59:00+00:00,178.55,178.55,178.55,26,178.55,356,178.55441
2023-08-25 22:01:00+00:00,178.55,178.55,178.55,25,178.55,1298,178.550462
2023-08-25 22:03:00+00:00,178.55,178.55,178.55,18,178.55,257,178.549259
2023-08-25 22:04:00+00:00,178.51,178.51,178.51,19,178.51,1133,178.513133
2023-08-25 22:05:00+00:00,178.55,178.55,178.51,77,178.51,437,178.541961
2023-08-25 22:06:00+00:00,178.5107,178.5107,178.51,13,178.51,1173,178.511083
2023-08-25 22:07:00+00:00,178.5,178.51,178.5,29,178.51,1615,178.502719
2023-08-25 22:08:00+00:00,178.5,178.5,178.5,15,178.5,594,178.500993
2023-08-25 22:11:00+00:00,178.5,178.5,178.5,12,178.5,340,178.488412
2023-08-25 22:16:00+00:00,178.44,178.46,178.44,50,178.46,2101,178.459174
2023-08-25 22:17:00+00:00,178.3611,178.44,178.3611,9,178.44,644,178.388704
2023-08-25 22:23:00+00:00,178.44,178.44,178.44,10,178.44,617,178.43862
2023-08-25 22:24:00+00:00,178.36,178.36,178.36,14,178.36,1244,178.360607
2023-08-25 22:28:00+00:00,178.44,178.44,178.44,12,178.44,220,178.437955
2023-08-25 22:31:00+00:00,178.38,178.38,178.38,11,178.38,431,178.381543
2023-08-25 22:32:00+00:00,178.39,178.39,178.39,7,178.39,407,178.390467
2023-08-25 22:34:00+00:00,178.4,178.4,178.4,12,178.4,121,178.397025
2023-08-25 22:35:00+00:00,178.4,178.4,178.4,12,178.4,1366,178.399854
2023-08-25 22:36:00+00:00,178.4,178.4,178.4,8,178.4,510,178.399569
2023-08-25 22:38:00+00:00,178.61,178.61,178.61,13,178.61,190,178.586395
2023-08-25 22:40:00+00:00,178.4,178.4,178.4,8,178.4,2101,178.40069
2023-08-25 22:59:00+00:00,178.44,178.44,178.44,12,178.44,442,178.438371
2023-08-25 23:21:00+00:00,178.45,178.45,178.45,9,178.45,227,178.451366
2023-08-25 23:25:00+00:00,178.46,178.47,178.46,15,178.47,497,178.465956
2023-08-25 23:26:00+00:00,178.45,178.45,178.45,7,178.45,1032,178.450078
2023-08-25 23:28:00+00:00,178.47,178.47,178.47,2,178.47,501,178.47
2023-08-25 23:32:00+00:00,178.5,178.5,178.47,23,178.47,2298,178.481121
2023-08-25 23:33:00+00:00,178.5,178.5,178.5,30,178.5,262,178.508015
2023-08-25 23:35:00+00:00,178.54,178.54,178.5001,8,178.5001,206,178.519951
2023-08-25 23:37:00+00:00,178.54,178.54,178.54,12,178.54,227,178.539095
2023-08-25 23:40:00+00:00,178.51,178.55,178.51,18,178.52,1877,178.538982
2023-08-25 23:43:00+00:00,178.45,178.45,178.45,10,178.45,234,178.45641
2023-08-25 23:45:00+00:00,178.51,178.51,178.51,16,178.51,193,178.50671
2023-08-25 23:48:00+00:00,178.51,178.51,178.5,9,178.5,311,178.505611
2023-08-25 23:49:00+00:00,178.51,178.51,178.51,19,178.51,335,178.508373
2023-08-25 23:55:00+00:00,178.5,178.5,178.5,14,178.5,362,178.50029
2023-08-25 23:57:00+00:00,178.55,178.55,178.5,23,178.5,2949,178.534281
2023-08-25 23:58:00+00:00,178.57,178.59,178.57,14,178.59,3534,178.586817
2023-08-25 23:59:00+00:00,178.5899,178.5899,178.5899,18,178.5899,1206,178.58961
