timestamp,close,high,low,trade_count,open,volume,vwap
2023-05-19 08:00:00+00:00,175.27,175.35,175.05,84,175.35,5598,175.252872
2023-05-19 08:01:00+00:00,175.32,175.32,175.1,52,175.27,4124,175.265548
2023-05-19 08:02:00+00:00,175.36,175.36,175.3,17,175.3,1623,175.334677
2023-05-19 08:03:00+00:00,175.05,175.22,175.05,33,175.22,1395,175.122566
2023-05-19 08:04:00+00:00,175.1,175.1,175.08,11,175.1,420,175.096976
2023-05-19 08:05:00+00:00,175.24,175.24,175.14,29,175.14,2818,175.180947
2023-05-19 08:06:00+00:00,175.24,175.28,175.24,25,175.24,1928,175.244346
2023-05-19 08:08:00+00:00,175.27,175.27,175.25,13,175.25,464,175.262974
2023-05-19 08:12:00+00:00,175.21,175.21,175.21,4,175.21,187,175.203476
2023-05-19 08:13:00+00:00,175.2,175.2,175.2,2,175.2,188,175.199734
2023-05-19 08:15:00+00:00,175.21,175.21,175.21,9,175.21,334,175.205778
2023-05-19 08:16:00+00:00,175.13,175.17,175.13,23,175.17,1372,175.145678
2023-05-19 08:17:00+00:00,175.15,175.15,175.15,9,175.15,362,175.151215
2023-05-19 08:20:00+00:00,175.2,175.2,175.2,9,175.2,336,175.202679
2023-05-19 08:21:00+00:00,175.22,175.22,175.22,9,175.22,404,175.217426
2023-05-19 08:23:00+00:00,175.22,175.22,175.22,30,175.22,784,175.186046
2023-05-19 08:28:00+00:00,175.2,175.2,175.2,32,175.2,2539,175.200098
2023-05-19 08:30:00+00:00,175.3,175.3,175.29,39,175.29,1831,175.297804
2023-05-19 08:32:00+00:00,175.35,175.35,175.35,11,175.35,178,175.335225
2023-05-19 08:35:00+00:00,175.41,175.41,175.41,17,175.41,824,175.404879
2023-05-19 08:36:00+00:00,175.35,175.37,175.35,8,175.37,324,175.358827
2023-05-19 08:38:00+00:00,175.41,175.41,175.39,27,175.39,2008,175.400827
2023-05-19 08:39:00+00:00,175.42,175.42,175.42,13,175.42,355,175.422085
2023-05-19 08:44:00+00:00,175.38,175.38,175.38,3,175.38,155,175.379677
2023-05-19 08:46:00+00:00,175.4,175.4,175.4,4,175.4,103,175.399806
2023-05-19 08:48:00+00:00,175.46,175.46,175.46,9,175.46,629,175.459634
2023-05-19 08:49:00+00:00,175.51,175.51,175.49,42,175.49,1531,175.512064
2023-05-19 09:00:00+00:00,175.56,175.58,175.56,9,175.58,434,175.568641
2023-05-19 09:01:00+00:00,175.51,175.54,175.51,26,175.54,715,175.522364
2023-05-19 09:02:00+00:00,175.51,175.51,175.5,17,175.51,1160,175.511491
2023-05-19 09:03:00+00:00,175.5,175.5,175.5,8,175.5,428,175.500631
2023-05-19 09:05:00+00:00,175.5,175.5,175.5,34,175.5,589,175.483582
2023-05-19 09:06:00+00:00,175.4,175.4,175.4,12,175.4,627,175.432663
2023-05-19 09:10:00+00:00,175.52,175.52,175.52,16,175.52,679,175.51648
2023-05-19 09:17:00+00:00,175.44,175.44,175.44,4,175.44,255,175.442157
2023-05-19 09:18:00+00:00,175.44,175.44,175.44,11,175.44,201,175.452239
2023-05-19 09:22:00+00:00,175.4,175.42,175.4,16,175.42,565,175.417611
2023-05-19 09:23:00+00:00,175.49,175.49,175.48,26,175.48,1541,175.483537
2023-05-19 09:25:00+00:00,175.42,175.42,175.42,6,175.42,226,175.425044
2023-05-19 09:29:00+00:00,175.49,175.5,175.49,9,175.5,296,175.493581
2023-05-19 09:30:00+00:00,175.49,175.49,175.49,7,175.49,356,175.48986
2023-05-19 09:31:00+00:00,175.43,175.43,175.43,10,175.43,256,175.439453
2023-05-19 09:32:00+00:00,175.4,175.41,175.4,24,175.41,1151,175.405778
2023-05-19 09:38:00+00:00,175.45,175.45,175.45,22,175.45,426,175.469648
2023-05-19 09:44:00+00:00,175.52,175.52,175.52,32,175.52,808,175.527649
2023-05-19 09:49:00+00:00,175.55,175.55,175.55,6,175.55,155,175.55
2023-05-19 09:51:00+00:00,175.55,175.55,175.55,8,175.55,569,175.549736
2023-05-19 09:55:00+00:00,175.5,175.5,175.5,18,175.5,238,175.500756
2023-05-19 09:56:00+00:00,175.52,175.52,175.52,7,175.52,134,175.518955
2023-05-19 09:57:00+00:00,175.62,175.62,175.61,33,175.61,915,175.608536
2023-05-19 10:02:00+00:00,175.54,175.54,175.54,7,175.54,288,175.540764
2023-05-19 10:04:00+00:00,175.53,175.53,175.53,9,175.53,320,175.530375
2023-05-19 10:07:00+00:00,175.55,175.55,175.55,15,175.55,313,175.544728
2023-05-19 10:10:00+00:00,175.5,175.51,175.5,51,175.51,923,175.474919
2023-05-19 10:17:00+00:00,175.43,175.43,175.43,19,175.43,314,175.432452
2023-05-19 10:19:00+00:00,175.31,175.32,175.3,49,175.3,1119,175.333735
2023-05-19 10:20:00+00:00,175.32,175.32,175.32,13,175.32,643,175.313748
2023-05-19 10:28:00+00:00,175.39,175.39,175.39,6,175.39,217,175.390737
2023-05-19 10:31:00+00:00,175.26,175.37,175.26,63,175.37,2082,175.349966
2023-05-19 10:33:00+00:00,175.3,175.3,175.28,11,175.28,849,175.282073
2023-05-19 10:34:00+00:00,175.28,175.28,175.28,5,175.28,468,175.280043
2023-05-19 10:35:00+00:00,175.28,175.28,175.28,16,175.28,327,175.285199
2023-05-19 10:36:00+00:00,175.28,175.28,175.28,14,175.28,481,175.28158
2023-05-19 10:38:00+00:00,175.22,175.23,175.22,12,175.23,534,175.229888
2023-05-19 10:40:00+00:00,175.25,175.25,175.25,33,175.25,930,175.272344
2023-05-19 10:44:00+00:00,175.35,175.35,175.35,7,175.35,123,175.34187
2023-05-19 10:46:00+00:00,175.25,175.25,175.25,16,175.25,519,175.292254
2023-05-19 10:49:00+00:00,175.26,175.38,175.26,21,175.38,1473,175.364447
2023-05-19 10:50:00+00:00,175.28,175.28,175.28,9,175.28,204,175.266863
2023-05-19 10:51:00+00:00,175.32,175.32,175.32,35,175.32,706,175.279901
2023-05-19 10:55:00+00:00,175.31,175.31,175.31,23,175.31,567,175.300123
2023-05-19 10:56:00+00:00,175.3,175.3,175.3,26,175.3,1058,175.324329
2023-05-19 10:58:00+00:00,175.25,175.25,175.25,15,175.25,651,175.259693
2023-05-19 10:59:00+00:00,175.35,175.35,175.35,14,175.35,430,175.336163
2023-05-19 11:00:00+00:00,175.31,175.44,175.25,163,175.35,10350,175.316958
2023-05-19 11:01:00+00:00,175.41,175.41,175.31,46,175.35,3619,175.36646
2023-05-19 11:03:00+00:00,175.45,175.45,175.45,20,175.45,1361,175.451624
2023-05-19 11:04:00+00:00,175.6,175.6,175.49,142,175.49,6277,175.538679
2023-05-19 11:05:00+00:00,175.51,175.56,175.51,40,175.56,1880,175.540436
2023-05-19 11:06:00+00:00,175.55,175.55,175.5,56,175.51,3072,175.519388
2023-05-19 11:08:00+00:00,175.5,175.5,175.5,24,175.5,1297,175.497463
2023-05-19 11:09:00+00:00,175.52,175.55,175.5,33,175.5,1146,175.517766
2023-05-19 11:10:00+00:00,175.48,175.48,175.47,28,175.48,1574,175.48392
2023-05-19 11:13:00+00:00,175.45,175.5,175.45,29,175.47,3448,175.481404
2023-05-19 11:14:00+00:00,175.55,175.55,175.55,44,175.55,2966,175.541736
2023-05-19 11:15:00+00:00,175.42,175.47,175.42,33,175.47,1524,175.453714
2023-05-19 11:16:00+00:00,175.42,175.42,175.42,12,175.42,635,175.426283
2023-05-19 11:17:00+00:00,175.45,175.45,175.45,4,175.45,524,175.450382
2023-05-19 11:18:00+00:00,175.43,175.43,175.43,12,175.43,1145,175.430629
2023-05-19 11:19:00+00:00,175.46,175.46,175.46,26,175.46,1438,175.459019
2023-05-19 11:20:00+00:00,175.5,175.5,175.46,8,175.46,615,175.480455
2023-05-19 11:21:00+00:00,175.5,175.51,175.5,14,175.51,545,175.506239
2023-05-19 11:22:00+00:00,175.5,175.56,175.5,56,175.55,2601,175.542945
2023-05-19 11:23:00+00:00,175.48,175.48,175.48,10,175.48,310,175.491935
2023-05-19 11:24:00+00:00,175.5,175.56,175.41,116,175.53,7410,175.482538
2023-05-19 11:25:00+00:00,175.6,175.6,175.5,74,175.5,4282,175.553104
2023-05-19 11:26:00+00:00,175.57,175.57,175.57,150,175.57,5159,175.560461
2023-05-19 11:27:00+00:00,175.55,175.55,175.55,14,175.55,545,175.559908
2023-05-19 11:28:00+00:00,175.65,175.65,175.55,71,175.55,4914,175.607721
2023-05-19 11:29:00+00:00,175.67,175.67,175.64,115,175.64,5980,175.653313
2023-05-19 11:30:00+00:00,175.75,175.8,175.7,132,175.75,5356,175.738043
2023-05-19 11:31:00+00:00,175.95,175.95,175.67,324,175.67,18955,175.79562
2023-05-19 11:32:00+00:00,175.88,175.88,175.88,16,175.88,578,175.812595
2023-05-19 11:33:00+00:00,175.77,175.82,175.77,74,175.82,3025,175.803864
2023-05-19 11:34:00+00:00,175.86,175.86,175.77,76,175.78,3578,175.823203
2023-05-19 11:35:00+00:00,175.77,175.84,175.76,51,175.76,2426,175.801509
2023-05-19 11:36:00+00:00,175.73,175.77,175.73,41,175.77,3266,175.752489
2023-05-19 11:38:00+00:00,175.68,175.74,175.68,31,175.74,1556,175.707609
2023-05-19 11:39:00+00:00,175.76,175.76,175.63,40,175.69,2950,175.700844
2023-05-19 11:40:00+00:00,175.64,175.72,175.63,90,175.72,5345,175.658245
2023-05-19 11:41:00+00:00,175.63,175.66,175.63,15,175.64,817,175.646365
2023-05-19 11:42:00+00:00,175.56,175.63,175.56,67,175.63,3652,175.619439
2023-05-19 11:43:00+00:00,175.52,175.56,175.52,39,175.56,2021,175.546719
2023-05-19 11:44:00+00:00,175.52,175.53,175.52,32,175.53,1078,175.547811
2023-05-19 11:45:00+00:00,175.5,175.55,175.5,93,175.55,7291,175.522094
2023-05-19 11:46:00+00:00,175.4,175.47,175.4,124,175.47,6794,175.419803
2023-05-19 11:47:00+00:00,175.39,175.39,175.32,49,175.35,2401,175.347305
2023-05-19 11:48:00+00:00,175.45,175.45,175.41,38,175.41,1029,175.432342
2023-05-19 11:49:00+00:00,175.41,175.41,175.41,31,175.41,1009,175.448811
2023-05-19 11:50:00+00:00,175.41,175.41,175.41,28,175.41,1312,175.408155
2023-05-19 11:52:00+00:00,175.39,175.39,175.39,15,175.39,540,175.391833
2023-05-19 11:53:00+00:00,175.57,175.57,175.42,56,175.42,2301,175.528887
2023-05-19 11:54:00+00:00,175.57,175.57,175.57,9,175.57,1223,175.570082
2023-05-19 11:55:00+00:00,175.7,175.7,175.63,34,175.63,1268,175.657532
2023-05-19 11:56:00+00:00,175.69,175.71,175.66,38,175.71,1398,175.683856
2023-05-19 11:57:00+00:00,175.74,175.74,175.64,48,175.7,3344,175.697434
2023-05-19 11:58:00+00:00,175.7,175.73,175.69,27,175.69,1401,175.721727
2023-05-19 12:00:00+00:00,175.7199,175.89,175.3,390,175.39,29618,175.587645
2023-05-19 12:01:00+00:00,175.69,175.72,175.06,896,175.68,6798,175.359591
2023-05-19 12:02:00+00:00,175.64,175.69,175.06,364,175.69,4902,175.486002
2023-05-19 12:03:00+00:00,175.63,175.63,175.6,13,175.6,698,175.628656
2023-05-19 12:04:00+00:00,175.63,175.63,175.57,61,175.63,2260,175.613409
2023-05-19 12:05:00+00:00,175.62,175.69,175.62,50,175.63,3100,175.654757
2023-05-19 12:06:00+00:00,175.5408,175.5408,175.53,34,175.53,1025,175.537055
2023-05-19 12:07:00+00:00,175.56,175.58,175.56,44,175.58,2530,175.567666
2023-05-19 12:08:00+00:00,175.6,175.64,175.56,80,175.56,3377,175.593639
2023-05-19 12:09:00+00:00,175.61,175.63,175.61,31,175.63,1248,175.618097
2023-05-19 12:10:00+00:00,175.51,175.63,175.51,79,175.63,7335,175.595248
2023-05-19 12:11:00+00:00,175.5,175.54,175.5,34,175.54,1216,175.517818
2023-05-19 12:12:00+00:00,175.54,175.54,175.49,62,175.49,2532,175.518844
2023-05-19 12:13:00+00:00,175.5,175.51,175.5,51,175.5,3560,175.503177
2023-05-19 12:14:00+00:00,175.44,175.48,175.44,47,175.48,1701,175.463258
2023-05-19 12:15:00+00:00,175.44,175.5,175.44,43,175.49,4015,175.453067
2023-05-19 12:16:00+00:00,175.46,175.47,175.4,110,175.4,5154,175.466422
2023-05-19 12:17:00+00:00,175.46,175.47,175.46,45,175.47,5728,175.461044
2023-05-19 12:18:00+00:00,175.52,175.52,175.48,56,175.48,1948,175.487705
2023-05-19 12:19:00+00:00,175.46,175.5099,175.45,89,175.479,3637,175.468437
2023-05-19 12:20:00+00:00,175.49,175.5,175.47,50,175.49,1142,175.486671
2023-05-19 12:21:00+00:00,175.61,175.69,175.49,195,175.49,10089,175.611929
2023-05-19 12:22:00+00:00,175.68,175.68,175.58,34,175.59,2023,175.599248
2023-05-19 12:23:00+00:00,175.63,175.7,175.53,107,175.68,5130,175.616354
2023-05-19 12:24:00+00:00,175.6287,175.6287,175.57,44,175.57,1397,175.602162
2023-05-19 12:25:00+00:00,175.62,175.63,175.62,30,175.63,564,175.622914
2023-05-19 12:26:00+00:00,175.6599,175.6599,175.6599,19,175.6599,327,175.651208
2023-05-19 12:27:00+00:00,175.66,175.66,175.66,23,175.66,59802,175.05249
2023-05-19 12:28:00+00:00,175.68,175.68,175.66,35,175.68,1798,175.676938
2023-05-19 12:29:00+00:00,175.6181,175.62,175.6181,31,175.62,1779,175.6197
2023-05-19 12:30:00+00:00,175.73,175.73,175.65,48,175.65,2183,175.67907
2023-05-19 12:31:00+00:00,175.7,175.75,175.7,71,175.74,5457,175.714014
2023-05-19 12:32:00+00:00,175.75,175.79,175.72,164,175.72,6925,175.737567
2023-05-19 12:33:00+00:00,175.75,175.78,175.72,37,175.76,3180,175.753483
2023-05-19 12:34:00+00:00,175.79,175.79,175.71,70,175.72,2738,175.738809
2023-05-19 12:35:00+00:00,175.68,175.78,175.68,52,175.78,1401,175.717066
2023-05-19 12:36:00+00:00,175.76,175.76,175.72,41,175.72,3466,175.739198
2023-05-19 12:37:00+00:00,175.7,175.76,175.7,82,175.76,7717,175.719672
2023-05-19 12:38:00+00:00,175.6,175.64,175.6,77,175.64,3058,175.622132
2023-05-19 12:39:00+00:00,175.65,175.65,175.63,31,175.63,1552,175.647539
2023-05-19 12:40:00+00:00,175.8,175.8,175.65,175,175.65,6734,175.738735
2023-05-19 12:41:00+00:00,175.8,175.81,175.8,22,175.81,563,175.796426
2023-05-19 12:42:00+00:00,175.82,175.83,175.8,68,175.8,4253,175.819606
2023-05-19 12:43:00+00:00,175.85,175.85,175.82,37,175.83,1928,175.843299
2023-05-19 12:44:00+00:00,175.82,175.84,175.82,44,175.84,3252,175.831575
2023-05-19 12:45:00+00:00,175.81,175.82,175.81,44,175.82,1387,175.814617
2023-05-19 12:46:00+00:00,175.76,175.8,175.7,59,175.8,3416,175.750367
2023-05-19 12:47:00+00:00,175.7,175.77,175.7,98,175.77,5223,175.728958
2023-05-19 12:48:00+00:00,175.68,175.68,175.68,35,175.68,539,175.684341
2023-05-19 12:49:00+00:00,175.7,175.7,175.69,61,175.69,1437,175.683452
2023-05-19 12:50:00+00:00,175.76,175.76,175.7341,46,175.7341,1108,175.749259
2023-05-19 12:51:00+00:00,175.78,175.78,175.75,59,175.75,1849,175.754886
2023-05-19 12:52:00+00:00,175.78,175.79,175.78,36,175.79,1321,175.78957
2023-05-19 12:53:00+00:00,175.76,175.78,175.76,86,175.78,3439,175.763124
2023-05-19 12:54:00+00:00,175.8,175.8,175.73,66,175.74,7863,175.758827
2023-05-19 12:55:00+00:00,175.85,175.85,175.8,63,175.8,1881,175.81916
2023-05-19 12:56:00+00:00,175.89,175.89,175.8199,81,175.83,7421,175.84644
2023-05-19 12:57:00+00:00,175.98,176.0,175.89,508,175.9,26304,175.970431
2023-05-19 12:58:00+00:00,175.98,176.0,175.97,75,176.0,4475,175.990855
2023-05-19 12:59:00+00:00,175.95,176.0,175.95,135,175.98,8198,175.9724
2023-05-19 13:00:00+00:00,176.14,176.15,175.95,281,175.98,28757,176.020297
2023-05-19 13:01:00+00:00,176.27,176.35,176.13,472,176.13,28309,176.225554
2023-05-19 13:02:00+00:00,176.12,176.32,176.12,157,176.27,11186,176.204237
2023-05-19 13:03:00+00:00,176.16,176.32,176.12,263,176.19,34150,176.242502
2023-05-19 13:04:00+00:00,176.21,176.2445,176.15,187,176.16,14010,176.189562
2023-05-19 13:05:00+00:00,176.06,176.19,176.06,181,176.19,12041,176.131284
2023-05-19 13:06:00+00:00,176.21,176.235,176.07,105,176.07,4318,176.165871
2023-05-19 13:07:00+00:00,176.2,176.225,176.2,98,176.21,2892,176.203537
2023-05-19 13:08:00+00:00,176.31,176.35,176.2,212,176.2,7940,176.289241
2023-05-19 13:09:00+00:00,176.28,176.33,176.23,93,176.33,3915,176.271044
2023-05-19 13:10:00+00:00,176.2487,176.27,176.23,113,176.255,11833,176.250265
2023-05-19 13:11:00+00:00,176.25,176.27,176.23,88,176.25,16953,175.352422
2023-05-19 13:12:00+00:00,176.1,176.21,176.05,203,176.21,13187,176.135861
2023-05-19 13:13:00+00:00,176.1,176.13,176.07,95,176.1,5706,176.103182
2023-05-19 13:14:00+00:00,176.09,176.09,176.0601,50,176.0601,1992,176.079992
2023-05-19 13:15:00+00:00,176.1,176.11,176.06,85,176.09,4317,176.082938
2023-05-19 13:16:00+00:00,176.2099,176.2099,176.1,63,176.1,4107,176.177301
2023-05-19 13:17:00+00:00,176.16,176.2,176.14,58,176.18,3560,176.165348
2023-05-19 13:18:00+00:00,176.16,176.16,176.1122,82,176.1122,3385,176.14134
2023-05-19 13:19:00+00:00,176.14,176.14,176.09,139,176.13,7781,176.114242
2023-05-19 13:20:00+00:00,176.19,176.21,176.15,183,176.15,11648,176.182015
2023-05-19 13:21:00+00:00,176.13,176.2,176.11,211,176.19,14917,176.157939
2023-05-19 13:22:00+00:00,176.18,176.19,176.15,61,176.15,1901,176.171992
2023-05-19 13:23:00+00:00,176.18,176.18,176.15,200,176.18,11115,176.156466
2023-05-19 13:24:00+00:00,176.2,176.2,176.17,121,176.19,4573,176.19444
2023-05-19 13:25:00+00:00,176.0,176.2,175.98,384,176.2,31925,176.089295
2023-05-19 13:26:00+00:00,176.05,176.05,176.0,202,176.0,13371,176.015629
2023-05-19 13:27:00+00:00,176.24,176.29,175.86,418,176.05,30144,176.051463
2023-05-19 13:28:00+00:00,176.01,176.17,175.98,191,176.1,13023,176.080322
2023-05-19 13:29:00+00:00,176.39,176.44,176.0,358,176.02,57246,176.286406
2023-05-19 13:30:00+00:00,176.07,176.44,175.55,10773,176.11,5298946,175.989276
2023-05-19 13:31:00+00:00,175.92,176.07,175.805,3352,176.069,322346,175.93204
2023-05-19 13:32:00+00:00,175.99,176.09,175.86,3357,175.92,273442,175.968266
2023-05-19 13:33:00+00:00,175.88,176.01,175.834,2130,175.99,178679,175.914308
2023-05-19 13:34:00+00:00,175.835,175.98,175.78,1932,175.89,179151,175.88285
2023-05-19 13:35:00+00:00,175.69,175.88,175.59,2039,175.87,190535,175.692426
2023-05-19 13:36:00+00:00,175.73,175.78,175.6,1414,175.68,109967,175.677252
2023-05-19 13:37:00+00:00,175.8,175.85,175.62,2016,175.7391,162407,175.742615
2023-05-19 13:38:00+00:00,175.94,176.0,175.7501,2290,175.801,208512,175.91431
2023-05-19 13:39:00+00:00,175.95,176.0,175.8601,1895,175.96,151005,175.926117
2023-05-19 13:40:00+00:00,176.04,176.12,175.9,2995,175.96,272475,176.043469
2023-05-19 13:41:00+00:00,176.0999,176.14,176.03,1994,176.0472,178843,176.099409
2023-05-19 13:42:00+00:00,176.01,176.14,175.99,2141,176.09,212577,176.062952
2023-05-19 13:43:00+00:00,175.78,176.05,175.76,2538,176.01,228195,175.932112
2023-05-19 13:44:00+00:00,175.7574,175.7999,175.695,2006,175.77,203065,175.7555
2023-05-19 13:45:00+00:00,175.6356,175.765,175.53,2819,175.755,251234,175.6365
2023-05-19 13:46:00+00:00,175.6,175.706,175.53,3467,175.64,186633,175.608717
2023-05-19 13:47:00+00:00,175.659,175.73,175.59,3700,175.6,234207,175.676447
2023-05-19 13:48:00+00:00,175.74,175.791,175.655,3616,175.66,124984,175.735282
2023-05-19 13:49:00+00:00,175.67,175.8,175.66,3319,175.73,104460,175.727166
2023-05-19 13:50:00+00:00,175.8,175.88,175.65,3882,175.67,154397,175.794366
2023-05-19 13:51:00+00:00,175.765,175.8,175.715,3328,175.79,89738,175.752315
2023-05-19 13:52:00+00:00,175.81,175.86,175.73,3467,175.77,106683,175.797315
2023-05-19 13:53:00+00:00,175.7,175.85,175.63,3676,175.8,198346,175.765884
2023-05-19 13:54:00+00:00,175.605,175.78,175.59,3663,175.73,128353,175.669394
2023-05-19 13:55:00+00:00,175.667,175.7375,175.61,3758,175.61,127827,175.671096
2023-05-19 13:56:00+00:00,175.77,175.78,175.655,3343,175.66,98903,175.719335
2023-05-19 13:57:00+00:00,175.785,175.79,175.69,3378,175.77,142969,175.786901
2023-05-19 13:58:00+00:00,175.96,175.96,175.74,3814,175.785,156215,175.85666
2023-05-19 13:59:00+00:00,176.0,176.0,175.87,3493,175.9501,120103,175.938037
2023-05-19 14:00:00+00:00,175.93,176.01,175.87,4740,175.995,212895,175.953032
2023-05-19 14:01:00+00:00,175.7998,176.02,175.78,4394,175.95,190478,175.937463
2023-05-19 14:02:00+00:00,175.5802,175.82,175.5701,4627,175.8,210452,175.693653
2023-05-19 14:03:00+00:00,175.5492,175.6,175.42,5461,175.58,272249,175.499202
2023-05-19 14:04:00+00:00,175.5542,175.6467,175.51,3795,175.5488,137475,175.577163
2023-05-19 14:05:00+00:00,175.505,175.6,175.45,3400,175.56,114652,175.523146
2023-05-19 14:06:00+00:00,175.6,175.61,175.5,3579,175.5,111220,175.566926
2023-05-19 14:07:00+00:00,175.53,175.62,175.51,3179,175.6,96617,175.539689
2023-05-19 14:08:00+00:00,175.5922,175.66,175.52,3273,175.52,109272,175.600595
2023-05-19 14:09:00+00:00,175.77,175.79,175.6,3324,175.6,117036,175.725229
2023-05-19 14:10:00+00:00,175.475,175.79,175.46,3358,175.785,110405,175.587977
2023-05-19 14:11:00+00:00,175.615,175.615,175.46,3042,175.48,113053,175.542657
2023-05-19 14:12:00+00:00,175.785,175.8,175.575,3251,175.61,112935,175.684502
2023-05-19 14:13:00+00:00,175.92,175.965,175.77,3662,175.79,148610,175.884624
2023-05-19 14:14:00+00:00,175.85,175.9599,175.83,3347,175.94,98441,175.875527
2023-05-19 14:15:00+00:00,175.869,175.9399,175.79,3160,175.85,95972,175.866088
2023-05-19 14:16:00+00:00,175.85,175.92,175.84,3044,175.8689,111083,175.87662
2023-05-19 14:17:00+00:00,175.92,175.92,175.785,3137,175.85,83368,175.84919
2023-05-19 14:18:00+00:00,175.92,175.97,175.8634,3018,175.93,84859,175.925572
2023-05-19 14:19:00+00:00,175.86,175.98,175.83,3008,175.9194,81515,175.928145
2023-05-19 14:20:00+00:00,175.9602,175.965,175.832,3173,175.87,108501,175.897561
2023-05-19 14:21:00+00:00,175.9699,175.98,175.9,2964,175.965,82914,175.949345
2023-05-19 14:22:00+00:00,175.9808,175.9808,175.865,3139,175.9699,86285,175.925728
2023-05-19 14:23:00+00:00,175.955,175.99,175.93,1832,175.975,84621,175.971826
2023-05-19 14:24:00+00:00,175.95,175.99,175.8467,1160,175.958,111315,175.925999
2023-05-19 14:25:00+00:00,175.9709,175.985,175.875,1039,175.95,76271,175.940506
2023-05-19 14:26:00+00:00,175.975,175.98,175.89,834,175.97,77688,175.924129
2023-05-19 14:27:00+00:00,175.98,175.99,175.93,829,175.975,71323,175.971511
2023-05-19 14:28:00+00:00,175.9701,175.99,175.9,1039,175.98,76905,175.946784
2023-05-19 14:29:00+00:00,175.88,176.02,175.83,2114,175.97,206445,175.94662
2023-05-19 14:30:00+00:00,175.93,175.99,175.86,977,175.875,79353,175.946267
2023-05-19 14:31:00+00:00,175.985,176.015,175.8698,1236,175.9301,102523,175.956712
2023-05-19 14:32:00+00:00,176.09,176.09,175.91,1514,175.985,172065,176.005967
2023-05-19 14:33:00+00:00,176.15,176.17,176.05,1978,176.0899,205880,176.106553
2023-05-19 14:34:00+00:00,176.17,176.19,176.12,1280,176.16,136116,176.161342
2023-05-19 14:35:00+00:00,176.0598,176.205,176.05,2043,176.17,217868,176.157873
2023-05-19 14:36:00+00:00,175.891,176.0599,175.87,1839,176.05,233625,175.944426
2023-05-19 14:37:00+00:00,175.9914,175.995,175.86,1393,175.89,132847,175.915485
2023-05-19 14:38:00+00:00,176.12,176.1413,175.99,1799,175.9921,172662,176.068695
2023-05-19 14:39:00+00:00,176.26,176.265,176.0533,1907,176.14,182517,176.189403
2023-05-19 14:40:00+00:00,176.17,176.29,176.15,1545,176.27,151086,176.215117
2023-05-19 14:41:00+00:00,176.1886,176.25,176.14,1164,176.165,99723,176.202938
2023-05-19 14:42:00+00:00,175.96,176.22,175.9584,1618,176.185,158452,176.076288
2023-05-19 14:43:00+00:00,175.995,176.02,175.9201,1031,175.95,114697,175.976788
2023-05-19 14:44:00+00:00,176.0699,176.09,175.995,1225,175.995,112886,176.048506
2023-05-19 14:45:00+00:00,175.915,176.08,175.9,1072,176.065,111173,175.995534
2023-05-19 14:46:00+00:00,175.915,175.94,175.855,1117,175.91,106310,175.895927
2023-05-19 14:47:00+00:00,175.805,175.945,175.79,1244,175.92,134068,175.880762
2023-05-19 14:48:00+00:00,175.755,175.81,175.71,1237,175.79,95733,175.762515
2023-05-19 14:49:00+00:00,175.62,175.755,175.58,1469,175.75,154674,175.656014
2023-05-19 14:50:00+00:00,175.76,175.77,175.61,1672,175.62,165024,175.686633
2023-05-19 14:51:00+00:00,175.63,175.76,175.6152,1164,175.76,103941,175.666872
2023-05-19 14:52:00+00:00,175.65,175.65,175.56,1155,175.635,115748,175.610434
2023-05-19 14:53:00+00:00,175.675,175.74,175.6,767,175.645,68984,175.679989
2023-05-19 14:54:00+00:00,175.63,175.75,175.62,850,175.68,77105,175.675322
2023-05-19 14:55:00+00:00,175.68,175.75,175.63,829,175.64,69388,175.689691
2023-05-19 14:56:00+00:00,175.565,175.76,175.53,1056,175.68,113782,175.651332
2023-05-19 14:57:00+00:00,175.49,175.5609,175.4623,1065,175.56,98650,175.504027
2023-05-19 14:58:00+00:00,175.5,175.53,175.4,1355,175.4815,125856,175.460483
2023-05-19 14:59:00+00:00,175.7,175.71,175.49,1022,175.49,110494,175.619653
2023-05-19 15:00:00+00:00,175.7102,175.73,175.61,947,175.705,82108,175.690188
2023-05-19 15:01:00+00:00,175.7109,175.77,175.6638,974,175.715,79438,175.719203
2023-05-19 15:02:00+00:00,175.79,175.79,175.65,954,175.715,81304,175.736206
2023-05-19 15:03:00+00:00,175.805,175.85,175.78,1046,175.79,85756,175.815353
2023-05-19 15:04:00+00:00,175.985,175.985,175.7867,1199,175.81,90007,175.884828
2023-05-19 15:05:00+00:00,175.71,175.985,175.71,1752,175.97,159781,175.868496
2023-05-19 15:06:00+00:00,175.77,175.83,175.65,1768,175.71,201240,175.727555
2023-05-19 15:07:00+00:00,175.89,175.91,175.7577,923,175.76,128462,175.819918
2023-05-19 15:08:00+00:00,175.82,175.96,175.82,1079,175.8818,82070,175.907175
2023-05-19 15:09:00+00:00,175.82,175.89,175.755,1079,175.84,83167,175.813766
2023-05-19 15:10:00+00:00,175.91,175.915,175.7849,1163,175.81,134323,175.857618
2023-05-19 15:11:00+00:00,175.8,175.95,175.79,881,175.92,73561,175.883109
2023-05-19 15:12:00+00:00,175.74,175.81,175.602,1643,175.8093,130939,175.695469
2023-05-19 15:13:00+00:00,175.86,175.965,175.73,1592,175.75,155842,175.854388
2023-05-19 15:14:00+00:00,175.76,175.97,175.76,1861,175.864,156500,175.883436
2023-05-19 15:15:00+00:00,175.52,175.7978,175.515,1706,175.75,168450,175.675203
2023-05-19 15:16:00+00:00,175.8,175.81,175.51,1501,175.51,140450,175.666428
2023-05-19 15:17:00+00:00,175.829,175.97,175.79,1431,175.8,169528,175.894076
2023-05-19 15:18:00+00:00,175.9,175.95,175.78,800,175.83,66211,175.86483
2023-05-19 15:19:00+00:00,175.82,175.905,175.66,1502,175.905,143188,175.784129
2023-05-19 15:20:00+00:00,175.865,175.89,175.75,1087,175.81,98518,175.836281
2023-05-19 15:21:00+00:00,175.905,176.02,175.875,2035,175.875,221130,175.960278
2023-05-19 15:22:00+00:00,175.89,175.95,175.8,940,175.91,81950,175.864668
2023-05-19 15:23:00+00:00,175.89,175.99,175.87,1023,175.89,112450,175.940179
2023-05-19 15:24:00+00:00,175.81,175.88,175.76,1063,175.88,108194,175.814377
2023-05-19 15:25:00+00:00,175.928,175.93,175.81,887,175.81,94182,175.886902
2023-05-19 15:26:00+00:00,175.9,175.998,175.9,962,175.925,83933,175.945794
2023-05-19 15:27:00+00:00,175.73,175.99,175.73,1444,175.89,189328,175.826391
2023-05-19 15:28:00+00:00,175.6044,175.8,175.59,1173,175.74,127177,175.717393
2023-05-19 15:29:00+00:00,175.4759,175.68,175.47,1345,175.62,131623,175.55431
2023-05-19 15:30:00+00:00,175.46,175.545,175.41,1640,175.46,150538,175.475998
2023-05-19 15:31:00+00:00,175.535,175.6,175.46,907,175.46,85729,175.540134
2023-05-19 15:32:00+00:00,175.37,175.54,175.36,1364,175.52,149012,175.432392
2023-05-19 15:33:00+00:00,175.48,175.53,175.3539,1352,175.39,133974,175.429728
2023-05-19 15:34:00+00:00,175.5179,175.54,175.34,1796,175.465,170672,175.44007
2023-05-19 15:35:00+00:00,175.51,175.59,175.48,1079,175.54,102821,175.536009
2023-05-19 15:36:00+00:00,175.595,175.61,175.49,905,175.52,80028,175.545428
2023-05-19 15:37:00+00:00,175.45,175.65,175.42,1321,175.5989,125332,175.534944
2023-05-19 15:38:00+00:00,175.2981,175.49,175.28,1626,175.47,160799,175.387905
2023-05-19 15:39:00+00:00,175.37,175.41,175.3,1519,175.3,154611,175.35446
2023-05-19 15:40:00+00:00,175.31,175.4,175.21,1668,175.36,173400,175.290869
2023-05-19 15:41:00+00:00,175.46,175.52,175.27,1936,175.28,175892,175.39092
2023-05-19 15:42:00+00:00,175.3815,175.5,175.34,1523,175.45,140993,175.406538
2023-05-19 15:43:00+00:00,175.53,175.55,175.37,982,175.37,92425,175.460627
2023-05-19 15:44:00+00:00,175.59,175.59,175.45,857,175.51,87029,175.515503
2023-05-19 15:45:00+00:00,175.67,175.7,175.53,1442,175.57,131139,175.630369
2023-05-19 15:46:00+00:00,175.68,175.74,175.6,1025,175.67,100677,175.682084
2023-05-19 15:47:00+00:00,175.73,175.75,175.6,1031,175.6812,103481,175.661735
2023-05-19 15:48:00+00:00,175.69,175.74,175.67,652,175.735,63247,175.69651
2023-05-19 15:49:00+00:00,175.6672,175.72,175.63,751,175.71,67420,175.670768
2023-05-19 15:50:00+00:00,175.615,175.71,175.61,957,175.68,93203,175.647254
2023-05-19 15:51:00+00:00,175.64,175.68,175.59,951,175.61,64470,175.635686
2023-05-19 15:52:00+00:00,175.75,175.75,175.615,1236,175.645,112575,175.693081
2023-05-19 15:53:00+00:00,175.7687,175.79,175.73,1098,175.745,94823,175.765439
2023-05-19 15:54:00+00:00,175.75,175.77,175.68,876,175.7699,87238,175.730759
2023-05-19 15:55:00+00:00,175.7626,175.7882,175.69,937,175.75,85079,175.745237
2023-05-19 15:56:00+00:00,175.7,175.98,175.61,4992,175.76,448039,175.804179
2023-05-19 15:57:00+00:00,175.75,175.78,175.68,976,175.69,79218,175.728804
2023-05-19 15:58:00+00:00,175.63,175.75,175.63,784,175.7499,62129,175.690965
2023-05-19 15:59:00+00:00,175.645,175.66,175.56,839,175.63,70881,175.619088
2023-05-19 16:00:00+00:00,175.73,175.8,175.64,1332,175.64,116077,175.726839
2023-05-19 16:01:00+00:00,175.52,175.735,175.5101,837,175.735,73838,175.631983
2023-05-19 16:02:00+00:00,175.55,175.58,175.46,1192,175.52,394107,175.650838
2023-05-19 16:03:00+00:00,175.4999,175.555,175.48,738,175.5479,129350,175.508955
2023-05-19 16:04:00+00:00,175.54,175.57,175.495,758,175.495,79726,175.534669
2023-05-19 16:05:00+00:00,175.55,175.64,175.52,819,175.53,89019,175.578255
2023-05-19 16:06:00+00:00,175.47,175.57,175.45,641,175.55,58805,175.492388
2023-05-19 16:07:00+00:00,175.55,175.6,175.44,1514,175.47,141686,175.520689
2023-05-19 16:08:00+00:00,175.575,175.58,175.46,798,175.55,66473,175.514144
2023-05-19 16:09:00+00:00,175.555,175.5829,175.51,640,175.56,68735,175.54535
2023-05-19 16:10:00+00:00,175.5,175.565,175.5,611,175.555,49428,175.530095
2023-05-19 16:11:00+00:00,175.55,175.57,175.49,683,175.5,52700,175.523354
2023-05-19 16:12:00+00:00,175.4275,175.555,175.4275,558,175.551,46016,175.494331
2023-05-19 16:13:00+00:00,175.48,175.53,175.39,992,175.42,96369,175.459387
2023-05-19 16:14:00+00:00,175.445,175.5,175.44,694,175.48,59253,175.473025
2023-05-19 16:15:00+00:00,175.42,175.455,175.35,1032,175.445,91261,175.398682
2023-05-19 16:16:00+00:00,175.58,175.61,175.4209,2048,175.43,206114,175.511688
2023-05-19 16:17:00+00:00,175.62,175.6284,175.55,917,175.585,90479,175.583412
2023-05-19 16:18:00+00:00,175.67,175.685,175.55,767,175.6,73018,175.625935
2023-05-19 16:19:00+00:00,175.63,175.69,175.62,765,175.67,64062,175.657688
2023-05-19 16:20:00+00:00,175.8188,175.82,175.62,1226,175.63,112386,175.722839
2023-05-19 16:21:00+00:00,175.74,175.825,175.7223,758,175.8199,67562,175.755541
2023-05-19 16:22:00+00:00,175.6789,175.76,175.67,584,175.74,41874,175.718057
2023-05-19 16:23:00+00:00,175.67,175.69,175.63,637,175.68,62052,175.662084
2023-05-19 16:24:00+00:00,175.715,175.7313,175.65,559,175.675,51160,175.700529
2023-05-19 16:25:00+00:00,175.67,175.7599,175.65,931,175.72,106230,175.708201
2023-05-19 16:26:00+00:00,175.5812,175.6686,175.56,748,175.6686,74383,175.606669
2023-05-19 16:27:00+00:00,175.557,175.6,175.55,424,175.59,30146,175.577038
2023-05-19 16:28:00+00:00,175.485,175.5938,175.48,647,175.56,43880,175.533022
2023-05-19 16:29:00+00:00,175.44,175.5,175.4327,559,175.4841,46643,175.466108
2023-05-19 16:30:00+00:00,175.17,175.43,175.14,1525,175.43,164281,175.279199
2023-05-19 16:31:00+00:00,175.245,175.28,175.12,1214,175.1755,116120,175.198664
2023-05-19 16:32:00+00:00,175.21,175.27,175.16,794,175.25,81102,175.204395
2023-05-19 16:33:00+00:00,175.225,175.26,175.1785,632,175.22,58314,175.213834
2023-05-19 16:34:00+00:00,175.17,175.2399,175.145,610,175.23,57318,175.183522
2023-05-19 16:35:00+00:00,175.21,175.26,175.11,1867,175.15,152927,175.18714
2023-05-19 16:36:00+00:00,175.2235,175.23,175.1603,745,175.21,70457,175.198992
2023-05-19 16:37:00+00:00,175.31,175.31,175.22,764,175.22,76924,175.254619
2023-05-19 16:38:00+00:00,175.38,175.3898,175.27,637,175.2988,55201,175.318875
2023-05-19 16:39:00+00:00,175.34,175.42,175.3301,723,175.3701,70609,175.367723
2023-05-19 16:40:00+00:00,175.31,175.4,175.29,828,175.34,107125,175.352889
2023-05-19 16:41:00+00:00,175.335,175.36,175.2699,624,175.3259,53927,175.313998
2023-05-19 16:42:00+00:00,175.2999,175.35,175.27,501,175.34,42117,175.310577
2023-05-19 16:43:00+00:00,175.3964,175.4,175.29,544,175.3,43791,175.349875
2023-05-19 16:44:00+00:00,175.47,175.47,175.38,894,175.395,79237,175.432638
2023-05-19 16:45:00+00:00,175.5758,175.5758,175.45,772,175.47,74470,175.503215
2023-05-19 16:46:00+00:00,175.5,175.565,175.445,627,175.5604,55195,175.499017
2023-05-19 16:47:00+00:00,175.3905,175.5,175.38,447,175.48,90495,175.429648
2023-05-19 16:48:00+00:00,175.39,175.45,175.3601,663,175.4,309380,175.434113
2023-05-19 16:49:00+00:00,175.38,175.44,175.3,1937,175.385,193165,175.358046
2023-05-19 16:50:00+00:00,175.22,175.39,175.2102,1457,175.3856,141729,175.260886
2023-05-19 16:51:00+00:00,175.18,175.255,175.14,1166,175.22,154494,175.191147
2023-05-19 16:52:00+00:00,175.23,175.23,175.085,1075,175.1805,150102,175.15326
2023-05-19 16:53:00+00:00,175.37,175.3764,175.2399,667,175.24,64060,175.287726
2023-05-19 16:54:00+00:00,175.3307,175.4,175.31,1138,175.375,124582,175.343749
2023-05-19 16:55:00+00:00,175.35,175.41,175.285,599,175.3137,46511,175.346925
2023-05-19 16:56:00+00:00,175.365,175.38,175.285,693,175.36,64011,175.341074
2023-05-19 16:57:00+00:00,175.3762,175.42,175.33,530,175.36,45487,175.385018
2023-05-19 16:58:00+00:00,175.27,175.39,175.245,584,175.38,58056,175.304669
2023-05-19 16:59:00+00:00,175.33,175.33,175.2453,429,175.275,33943,175.285958
2023-05-19 17:00:00+00:00,175.355,175.37,175.31,549,175.32,41302,175.336829
2023-05-19 17:01:00+00:00,175.395,175.45,175.26,1628,175.36,132173,175.378616
2023-05-19 17:02:00+00:00,175.455,175.48,175.34,610,175.3916,64867,175.394396
2023-05-19 17:03:00+00:00,175.475,175.5099,175.44,589,175.46,48148,175.480451
2023-05-19 17:04:00+00:00,175.4718,175.4902,175.41,664,175.47,54993,175.453027
2023-05-19 17:05:00+00:00,175.44,175.485,175.4302,540,175.48,40489,175.461578
2023-05-19 17:06:00+00:00,175.51,175.54,175.45,736,175.455,66088,175.497548
2023-05-19 17:07:00+00:00,175.5612,175.58,175.47,780,175.52,93526,175.535376
2023-05-19 17:08:00+00:00,175.55,175.6199,175.52,643,175.565,75129,175.564051
2023-05-19 17:09:00+00:00,175.475,175.545,175.44,494,175.54,44071,175.481194
2023-05-19 17:10:00+00:00,175.4181,175.48,175.41,627,175.46,850134,175.383748
2023-05-19 17:11:00+00:00,175.3936,175.4299,175.365,568,175.4169,47373,175.389976
2023-05-19 17:12:00+00:00,175.44,175.44,175.34,581,175.38,68176,175.399184
2023-05-19 17:13:00+00:00,175.4801,175.505,175.42,489,175.42,48616,175.476849
2023-05-19 17:14:00+00:00,175.61,175.6216,175.47,644,175.4899,74034,175.563655
2023-05-19 17:15:00+00:00,175.685,175.7,175.58,885,175.615,100340,175.638253
2023-05-19 17:16:00+00:00,175.69,175.7,175.62,624,175.69,80682,175.658926
2023-05-19 17:17:00+00:00,175.75,175.7693,175.68,669,175.7,85336,175.711986
2023-05-19 17:18:00+00:00,175.79,175.79,175.71,588,175.745,55615,175.74972
2023-05-19 17:19:00+00:00,175.745,175.7899,175.71,499,175.78,54211,175.746756
2023-05-19 17:20:00+00:00,175.6801,175.75,175.66,642,175.745,49876,175.697561
2023-05-19 17:21:00+00:00,175.6698,175.68,175.63,431,175.68,42674,175.652705
2023-05-19 17:22:00+00:00,175.735,175.75,175.65,603,175.67,48887,175.705706
2023-05-19 17:23:00+00:00,175.725,175.755,175.68,615,175.73,62942,175.712377
2023-05-19 17:24:00+00:00,175.76,175.78,175.71,607,175.72,46688,175.75259
2023-05-19 17:25:00+00:00,175.75,175.77,175.72,431,175.75,107632,175.709464
2023-05-19 17:26:00+00:00,175.7,175.755,175.69,524,175.755,42561,175.711709
2023-05-19 17:27:00+00:00,175.66,175.695,175.63,522,175.695,52506,175.658618
2023-05-19 17:28:00+00:00,175.7,175.71,175.64,488,175.64,38713,175.677556
2023-05-19 17:29:00+00:00,175.735,175.7501,175.695,447,175.695,32102,175.731888
2023-05-19 17:30:00+00:00,175.715,175.7575,175.66,782,175.74,44771,175.715112
2023-05-19 17:31:00+00:00,175.6201,175.715,175.5801,723,175.71,53980,175.626438
2023-05-19 17:32:00+00:00,175.6822,175.7,175.615,661,175.615,49602,175.656872
2023-05-19 17:33:00+00:00,175.705,175.75,175.68,747,175.7,55136,175.712075
2023-05-19 17:34:00+00:00,175.795,175.795,175.7,683,175.7088,45822,175.747549
2023-05-19 17:35:00+00:00,175.735,175.7999,175.71,410,175.795,36551,175.736049
2023-05-19 17:36:00+00:00,175.755,175.76,175.695,525,175.73,45727,175.719051
2023-05-19 17:37:00+00:00,175.8089,175.8099,175.74,733,175.7549,61587,175.771969
2023-05-19 17:38:00+00:00,175.765,175.835,175.76,747,175.805,60139,175.803827
2023-05-19 17:39:00+00:00,175.815,175.83,175.72,1208,175.765,93188,175.778061
2023-05-19 17:40:00+00:00,175.86,175.89,175.8,736,175.81,64540,175.846434
2023-05-19 17:41:00+00:00,175.6901,175.86,175.65,694,175.855,73894,175.749784
2023-05-19 17:42:00+00:00,175.57,175.7073,175.56,710,175.7,61386,175.629316
2023-05-19 17:43:00+00:00,175.55,175.61,175.5313,584,175.59,46301,175.574615
2023-05-19 17:44:00+00:00,175.5483,175.57,175.48,737,175.541,73198,175.525421
2023-05-19 17:45:00+00:00,175.48,175.54,175.46,876,175.54,87875,175.482795
2023-05-19 17:46:00+00:00,175.49,175.57,175.4702,765,175.4702,61946,175.527961
2023-05-19 17:47:00+00:00,175.5548,175.65,175.5,1427,175.5,114719,175.564817
2023-05-19 17:48:00+00:00,175.4974,175.57,175.47,571,175.57,43839,175.513654
2023-05-19 17:49:00+00:00,175.44,175.49,175.4,718,175.49,70506,175.440039
2023-05-19 17:50:00+00:00,175.37,175.44,175.325,896,175.44,75356,175.376259
2023-05-19 17:51:00+00:00,175.43,175.46,175.345,720,175.36,58321,175.395494
2023-05-19 17:52:00+00:00,175.4399,175.46,175.36,583,175.43,41103,175.406731
2023-05-19 17:53:00+00:00,175.51,175.5157,175.4205,524,175.43,41571,175.4761
2023-05-19 17:54:00+00:00,175.495,175.545,175.4725,619,175.52,52321,175.506392
2023-05-19 17:55:00+00:00,175.52,175.52,175.455,417,175.4971,26559,175.484357
2023-05-19 17:56:00+00:00,175.485,175.53,175.415,466,175.52,35068,175.468061
2023-05-19 17:57:00+00:00,175.45,175.49,175.44,350,175.485,21303,175.454565
2023-05-19 17:58:00+00:00,175.4,175.455,175.4,687,175.45,64044,175.42276
2023-05-19 17:59:00+00:00,175.32,175.4,175.3,739,175.4,62854,175.349148
2023-05-19 18:00:00+00:00,175.24,175.3727,175.24,883,175.32,86567,175.286791
2023-05-19 18:01:00+00:00,175.28,175.32,175.23,631,175.24,63741,175.267919
2023-05-19 18:02:00+00:00,175.305,175.327,175.2699,371,175.28,31972,175.29642
2023-05-19 18:03:00+00:00,175.3687,175.38,175.305,605,175.305,85582,175.357018
2023-05-19 18:04:00+00:00,175.29,175.37,175.235,526,175.36,47295,175.297212
2023-05-19 18:05:00+00:00,175.32,175.32,175.24,495,175.29,35537,175.274267
2023-05-19 18:06:00+00:00,175.31,175.32,175.25,567,175.315,42996,175.28732
2023-05-19 18:07:00+00:00,175.335,175.36,175.25,551,175.3,51965,175.314779
2023-05-19 18:08:00+00:00,175.2555,175.33,175.23,491,175.33,49609,175.272362
2023-05-19 18:09:00+00:00,175.26,175.28,175.21,678,175.25,48121,175.242138
2023-05-19 18:10:00+00:00,175.1679,175.27,175.15,850,175.26,86475,175.184284
2023-05-19 18:11:00+00:00,175.25,175.25,175.16,648,175.17,241666,175.627504
2023-05-19 18:12:00+00:00,175.27,175.3,175.221,572,175.265,68485,175.273507
2023-05-19 18:13:00+00:00,175.27,175.3,175.2,586,175.2699,46030,175.245373
2023-05-19 18:14:00+00:00,175.23,175.2799,175.215,411,175.2799,36762,175.233281
2023-05-19 18:15:00+00:00,175.1658,175.24,175.13,825,175.2299,73136,175.189014
2023-05-19 18:16:00+00:00,175.119,175.22,175.1,699,175.16,68483,175.148009
2023-05-19 18:17:00+00:00,175.22,175.24,175.11,598,175.12,75921,175.171166
2023-05-19 18:18:00+00:00,175.355,175.4,175.195,1353,175.21,128477,175.318565
2023-05-19 18:19:00+00:00,175.48,175.52,175.36,1592,175.365,137803,175.447208
2023-05-19 18:20:00+00:00,175.46,175.54,175.4501,799,175.48,85671,175.491829
2023-05-19 18:21:00+00:00,175.4569,175.48,175.42,594,175.47,54164,175.454213
2023-05-19 18:22:00+00:00,175.48,175.4964,175.42,562,175.4599,45494,175.457903
2023-05-19 18:23:00+00:00,175.46,175.49,175.44,435,175.47,30989,175.464225
2023-05-19 18:24:00+00:00,175.51,175.51,175.455,489,175.455,44489,175.46803
2023-05-19 18:25:00+00:00,175.49,175.517,175.46,504,175.51,56447,175.486864
2023-05-19 18:26:00+00:00,175.465,175.5,175.46,513,175.4884,43968,175.485176
2023-05-19 18:27:00+00:00,175.43,175.465,175.415,591,175.465,44381,175.433554
2023-05-19 18:28:00+00:00,175.27,175.425,175.27,780,175.42,81719,175.35079
2023-05-19 18:29:00+00:00,175.2322,175.32,175.2101,712,175.275,217887,175.311661
2023-05-19 18:30:00+00:00,175.22,175.2412,175.1601,917,175.2412,93536,175.208653
2023-05-19 18:31:00+00:00,175.195,175.23,175.14,679,175.23,71585,175.182831
2023-05-19 18:32:00+00:00,175.15,175.205,175.14,523,175.1978,52266,175.17834
2023-05-19 18:33:00+00:00,175.3,175.3,175.15,684,175.15,72614,175.222672
2023-05-19 18:34:00+00:00,175.24,175.29,175.23,512,175.285,48680,175.254395
2023-05-19 18:35:00+00:00,175.2593,175.2881,175.23,711,175.24,62986,175.261142
2023-05-19 18:36:00+00:00,175.3291,175.34,175.25,631,175.27,70491,175.305411
2023-05-19 18:37:00+00:00,175.335,175.35,175.28,632,175.32,61436,175.309942
2023-05-19 18:38:00+00:00,175.3712,175.4004,175.3209,825,175.3422,100822,175.370948
2023-05-19 18:39:00+00:00,175.365,175.415,175.36,471,175.38,45947,175.389984
2023-05-19 18:40:00+00:00,175.32,175.37,175.28,671,175.37,54886,175.321972
2023-05-19 18:41:00+00:00,175.36,175.36,175.26,545,175.3132,66632,175.311895
2023-05-19 18:42:00+00:00,175.29,175.38,175.285,475,175.355,33903,175.350613
2023-05-19 18:43:00+00:00,175.3,175.32,175.26,406,175.28,27553,175.293411
2023-05-19 18:44:00+00:00,175.375,175.38,175.31,532,175.31,36497,175.361313
2023-05-19 18:45:00+00:00,175.275,175.3799,175.25,654,175.3799,79468,175.294245
2023-05-19 18:46:00+00:00,175.28,175.3239,175.28,443,175.28,28109,175.300642
2023-05-19 18:47:00+00:00,175.22,175.3,175.1943,798,175.2893,75973,175.231935
2023-05-19 18:48:00+00:00,175.24,175.27,175.195,645,175.22,66848,175.223789
2023-05-19 18:49:00+00:00,175.225,175.28,175.17,873,175.25,84854,175.222409
2023-05-19 18:50:00+00:00,175.335,175.3518,175.21,1310,175.225,148308,175.305999
2023-05-19 18:51:00+00:00,175.3856,175.4,175.3,803,175.34,104071,175.340134
2023-05-19 18:52:00+00:00,175.48,175.49,175.3601,929,175.38,106390,175.437086
2023-05-19 18:53:00+00:00,175.4599,175.54,175.445,885,175.48,83937,175.494245
2023-05-19 18:54:00+00:00,175.48,175.49,175.42,583,175.4501,49070,175.459463
2023-05-19 18:55:00+00:00,175.58,175.6,175.4634,951,175.475,93441,175.551022
2023-05-19 18:56:00+00:00,175.53,175.6,175.52,631,175.5775,50752,175.549401
2023-05-19 18:57:00+00:00,175.5655,175.575,175.51,551,175.5246,43350,175.535653
2023-05-19 18:58:00+00:00,175.57,175.59,175.52,542,175.56,73528,175.560482
2023-05-19 18:59:00+00:00,175.53,175.57,175.52,513,175.56,43469,175.545967
2023-05-19 19:00:00+00:00,175.505,175.55,175.4929,595,175.5289,51636,175.516461
2023-05-19 19:01:00+00:00,175.48,175.515,175.46,762,175.495,69283,175.483968
2023-05-19 19:02:00+00:00,175.39,175.49,175.385,738,175.49,64127,175.451615
2023-05-19 19:03:00+00:00,175.38,175.43,175.37,739,175.3999,49175,175.404526
2023-05-19 19:04:00+00:00,175.36,175.39,175.33,914,175.39,85307,175.362357
2023-05-19 19:05:00+00:00,175.2819,175.41,175.27,995,175.3589,102950,175.344201
2023-05-19 19:06:00+00:00,175.3,175.315,175.2599,909,175.29,86122,175.28355
2023-05-19 19:07:00+00:00,175.33,175.36,175.27,682,175.31,57761,175.325468
2023-05-19 19:08:00+00:00,175.3,175.33,175.29,537,175.32,40747,175.312707
2023-05-19 19:09:00+00:00,175.36,175.38,175.29,595,175.3,43772,175.341408
2023-05-19 19:10:00+00:00,175.48,175.485,175.3511,787,175.36,67472,175.416126
2023-05-19 19:11:00+00:00,175.525,175.5329,175.4513,834,175.4899,83797,175.502156
2023-05-19 19:12:00+00:00,175.5226,175.56,175.49,726,175.53,60641,175.529692
2023-05-19 19:13:00+00:00,175.58,175.58,175.525,654,175.53,54417,175.551773
2023-05-19 19:14:00+00:00,175.6,175.6,175.55,746,175.57,54890,175.568888
2023-05-19 19:15:00+00:00,175.55,175.595,175.54,694,175.59,59896,175.566783
2023-05-19 19:16:00+00:00,175.5491,175.56,175.495,824,175.56,82265,175.524383
2023-05-19 19:17:00+00:00,175.54,175.57,175.53,567,175.545,76361,175.533324
2023-05-19 19:18:00+00:00,175.465,175.54,175.46,646,175.54,45041,175.505251
2023-05-19 19:19:00+00:00,175.48,175.48,175.44,579,175.46,46458,175.462371
2023-05-19 19:20:00+00:00,175.3781,175.475,175.35,940,175.47,84876,175.408652
2023-05-19 19:21:00+00:00,175.3501,175.4,175.31,822,175.3709,69996,175.359154
2023-05-19 19:22:00+00:00,175.315,175.35,175.305,614,175.35,48799,175.32596
2023-05-19 19:23:00+00:00,175.32,175.35,175.3,859,175.32,100817,175.349584
2023-05-19 19:24:00+00:00,175.38,175.38,175.3,820,175.31,79615,175.354003
2023-05-19 19:25:00+00:00,175.355,175.4,175.34,772,175.39,75314,175.374393
2023-05-19 19:26:00+00:00,175.2982,175.3591,175.2893,954,175.355,103381,175.312763
2023-05-19 19:27:00+00:00,175.225,175.2979,175.2133,1028,175.29,96479,175.254831
2023-05-19 19:28:00+00:00,175.16,175.235,175.15,1333,175.2214,135685,175.177269
2023-05-19 19:29:00+00:00,175.13,175.2,175.1211,1273,175.16,134947,175.151679
2023-05-19 19:30:00+00:00,175.175,175.2,175.13,1077,175.14,107581,175.170815
2023-05-19 19:31:00+00:00,175.09,175.18,175.07,1314,175.175,128001,175.110857
2023-05-19 19:32:00+00:00,175.13,175.14,175.07,1027,175.09,88310,175.103183
2023-05-19 19:33:00+00:00,175.175,175.19,175.11,945,175.125,90589,175.150647
2023-05-19 19:34:00+00:00,175.11,175.16,175.105,626,175.16,51499,175.135146
2023-05-19 19:35:00+00:00,175.125,175.14,175.09,950,175.1,79208,175.114417
2023-05-19 19:36:00+00:00,175.185,175.21,175.115,1123,175.1299,112881,175.17126
2023-05-19 19:37:00+00:00,175.23,175.23,175.18,888,175.18,80698,175.202244
2023-05-19 19:38:00+00:00,175.2019,175.255,175.2,1146,175.2274,111198,175.229927
2023-05-19 19:39:00+00:00,175.175,175.23,175.17,1137,175.2073,92833,175.193589
2023-05-19 19:40:00+00:00,175.189,175.22,175.16,1070,175.18,107143,175.18678
2023-05-19 19:41:00+00:00,175.11,175.2,175.1,1387,175.19,120972,175.149249
2023-05-19 19:42:00+00:00,175.145,175.15,175.1,1163,175.105,109797,175.123243
2023-05-19 19:43:00+00:00,175.1,175.16,175.1,1450,175.15,141970,175.136516
2023-05-19 19:44:00+00:00,175.1698,175.19,175.095,1427,175.1,116483,175.148925
2023-05-19 19:45:00+00:00,175.13,175.205,175.11,1436,175.17,128712,175.153734
2023-05-19 19:46:00+00:00,175.11,175.17,175.09,2019,175.13,179149,175.119703
2023-05-19 19:47:00+00:00,175.13,175.14,175.08,1374,175.11,124570,175.105974
2023-05-19 19:48:00+00:00,175.1336,175.16,175.09,1445,175.125,146104,175.118665
2023-05-19 19:49:00+00:00,175.12,175.16,175.1,1558,175.13,135387,175.130018
2023-05-19 19:50:00+00:00,175.05,175.125,174.94,4776,175.11,380620,175.032523
2023-05-19 19:51:00+00:00,175.21,175.2399,175.0316,2593,175.045,261875,175.14341
2023-05-19 19:52:00+00:00,175.27,175.28,175.195,1919,175.202,171030,175.240677
2023-05-19 19:53:00+00:00,175.27,175.28,175.21,1786,175.27,168186,175.243857
2023-05-19 19:54:00+00:00,175.215,175.36,175.2,2815,175.26,239660,175.285265
2023-05-19 19:55:00+00:00,175.11,175.23,175.1,3152,175.22,277131,175.154418
2023-05-19 19:56:00+00:00,175.11,175.125,175.02,2663,175.115,257710,175.085929
2023-05-19 19:57:00+00:00,175.21,175.25,175.115,2898,175.12,439825,175.166111
2023-05-19 19:58:00+00:00,175.255,175.29,175.21,3824,175.215,385836,175.255525
2023-05-19 19:59:00+00:00,175.19,175.26,175.13,4947,175.26,615637,175.18437
2023-05-19 20:00:00+00:00,175.14,175.21,175.11,138,175.21,6326687,175.160389
2023-05-19 20:01:00+00:00,175.09,175.12,175.08,79,175.08,73534,175.159279
2023-05-19 20:02:00+00:00,175.1,175.1,175.0677,76,175.1,462091,175.158599
2023-05-19 20:03:00+00:00,175.08,175.08,175.08,27,175.08,486,175.073007
2023-05-19 20:04:00+00:00,175.07,175.1,175.07,67,175.08,6004,175.088439
2023-05-19 20:05:00+00:00,175.09,175.09,175.08,28,175.08,8228,175.150994
2023-05-19 20:06:00+00:00,175.16,175.16,175.06,110,175.0899,23264,175.151301
2023-05-19 20:07:00+00:00,175.03,175.16,175.03,66,175.0501,9002,175.05284
2023-05-19 20:08:00+00:00,175.03,175.05,175.03,36,175.03,1150,175.034279
2023-05-19 20:09:00+00:00,175.02,175.16,175.02,45,175.16,8392,175.139974
2023-05-19 20:10:00+00:00,175.02,175.02,175.02,35,175.02,1343,175.021501
2023-05-19 20:11:00+00:00,175.03,175.03,175.0,56,175.01,5040,175.025329
2023-05-19 20:12:00+00:00,175.05,175.05,175.05,18,175.05,1256,175.050365
2023-05-19 20:13:00+00:00,175.03,175.16,175.03,19,175.16,51766,175.15902
2023-05-19 20:14:00+00:00,175.05,175.05,175.05,19,175.05,554,175.048247
2023-05-19 20:15:00+00:00,175.05,175.05,175.03,28,175.03,606,175.03415
2023-05-19 20:16:00+00:00,175.04,175.04,175.03,21,175.03,1806,175.031974
2023-05-19 20:17:00+00:00,175.03,175.03,175.03,34,175.03,662,175.025579
2023-05-19 20:18:00+00:00,175.0199,175.0199,175.0199,15,175.0199,363,175.012975
2023-05-19 20:19:00+00:00,175.0,175.0,175.0,37,175.0,3398,175.000153
2023-05-19 20:20:00+00:00,174.99,175.0,174.99,24,175.0,1068,174.992168
2023-05-19 20:21:00+00:00,174.97,174.98,174.97,39,174.98,1149,174.979554
2023-05-19 20:22:00+00:00,174.96,174.96,174.96,23,174.96,346,174.963049
2023-05-19 20:23:00+00:00,174.98,175.0,174.98,29,175.0,2871,174.997681
2023-05-19 20:25:00+00:00,175.0,175.0,175.0,16,175.0,450,174.992689
2023-05-19 20:26:00+00:00,175.0,175.0,174.98,16,174.98,508,174.988652
2023-05-19 20:27:00+00:00,174.97,174.98,174.97,26,174.97,1153,174.973721
2023-05-19 20:28:00+00:00,174.98,174.98,174.98,18,174.98,295,174.978788
2023-05-19 20:29:00+00:00,174.98,174.98,174.98,15,174.98,415,174.97588
2023-05-19 20:30:00+00:00,174.97,174.98,174.97,35,174.97,1340,174.974154
2023-05-19 20:31:00+00:00,174.99,174.99,174.96,26,174.96,1574,174.974543
2023-05-19 20:32:00+00:00,174.98,174.98,174.98,14,174.98,238,174.98063
2023-05-19 20:33:00+00:00,175.0,175.0,174.97,21,174.97,1246,174.975286
2023-05-19 20:34:00+00:00,174.98,174.98,174.98,18,174.98,390,174.983646
2023-05-19 20:35:00+00:00,174.98,174.98,174.97,16,174.97,2502411,175.159974
2023-05-19 20:36:00+00:00,175.0,175.0,174.9898,32,174.99,1939,174.991047
2023-05-19 20:38:00+00:00,174.98,174.98,174.98,48,174.98,8907,174.980007
2023-05-19 20:39:00+00:00,175.0,175.0,174.97,20,174.97,3975,174.979445
2023-05-19 20:40:00+00:00,175.0,175.0,175.0,12,175.0,157,174.996693
2023-05-19 20:41:00+00:00,175.16,175.16,175.16,14,175.16,367208,175.159943
2023-05-19 20:42:00+00:00,174.99,175.16,174.99,17,175.16,2620,175.130622
2023-05-19 20:43:00+00:00,175.0,175.0,175.0,16,175.0,506,174.998458
2023-05-19 20:46:00+00:00,175.0,175.0,175.0,37,175.0,7367,174.999995
2023-05-19 20:47:00+00:00,175.02,175.02,175.0,9,175.0,1505,175.011529
2023-05-19 20:48:00+00:00,175.01,175.01,175.01,14,175.01,377,175.00805
2023-05-19 20:50:00+00:00,174.99,174.99,174.99,15,174.99,198,174.993586
2023-05-19 20:51:00+00:00,174.99,175.0,174.98,24,175.0,3578,174.988823
2023-05-19 20:55:00+00:00,174.98,174.98,174.98,11,174.98,914,174.980098
2023-05-19 20:59:00+00:00,174.99,174.99,174.98,18,174.98,620,174.987443
2023-05-19 21:01:00+00:00,174.99,174.99,174.99,19,174.99,735,177.950599
2023-05-19 21:02:00+00:00,175.0,175.0,175.0,17,175.0,2324,174.999966
2023-05-19 21:03:00+00:00,174.99,175.0,174.99,15,175.0,1524,174.99081
2023-05-19 21:04:00+00:00,174.98,174.98,174.98,29,174.98,478,175.031786
2023-05-19 21:05:00+00:00,174.9954,174.9954,174.9954,16,174.9954,181,174.995114
2023-05-19 21:08:00+00:00,174.99,174.99,174.99,7,174.99,175,174.993657
2023-05-19 21:09:00+00:00,174.9999,174.9999,174.9999,14,174.9999,290,174.997657
2023-05-19 21:10:00+00:00,174.99,174.99,174.99,15,174.99,509,174.990648
2023-05-19 21:11:00+00:00,174.9999,174.9999,174.99,7,174.99,233,174.994464
2023-05-19 21:12:00+00:00,174.99,175.0,174.99,17,175.0,749,174.998628
2023-05-19 21:14:00+00:00,175.0,175.0,175.0,10,175.0,140,174.998344
2023-05-19 21:15:00+00:00,175.0,175.0,175.0,16,175.0,328,174.99782
2023-05-19 21:16:00+00:00,174.99,175.0,174.99,13,175.0,517,174.992157
2023-05-19 21:17:00+00:00,174.99,174.99,174.99,10,174.99,216,174.990323
2023-05-19 21:20:00+00:00,174.9995,174.9995,174.9995,14,174.9995,292,174.999224
2023-05-19 21:22:00+00:00,174.97,175.0,174.97,21,175.0,842,174.991455
2023-05-19 21:24:00+00:00,174.99,174.99,174.99,11,174.99,1148,174.989974
2023-05-19 21:29:00+00:00,174.9981,174.9981,174.9981,26,174.9981,140,174.997571
2023-05-19 21:30:00+00:00,174.972,174.972,174.972,25,174.972,315,174.975219
2023-05-19 21:39:00+00:00,174.97,174.97,174.97,17,174.97,318,174.968711
2023-05-19 21:46:00+00:00,174.99,174.99,174.99,11,174.99,213,174.974977
2023-05-19 21:48:00+00:00,175.0,175.0,174.98,14,174.98,1222,174.993842
2023-05-19 21:50:00+00:00,175.0,175.0,175.0,13,175.0,415,174.999024
2023-05-19 21:52:00+00:00,174.96,174.97,174.96,25,174.97,1321,174.962029
2023-05-19 21:53:00+00:00,174.95,174.95,174.95,14,174.95,77439,175.158812
2023-05-19 21:54:00+00:00,174.97,174.97,174.95,16,174.95,718,174.965223
2023-05-19 21:57:00+00:00,174.95,175.0,174.95,57,174.95,1852,174.979727
