timestamp,close,high,low,trade_count,open,volume,vwap
2023-06-12 08:00:00+00:00,181.72,181.72,180.04,97,180.04,3421,181.28081
2023-06-12 08:01:00+00:00,181.62,181.68,181.62,51,181.68,1095,181.665315
2023-06-12 08:04:00+00:00,181.69,181.7,181.68,32,181.69,1583,181.674346
2023-06-12 08:06:00+00:00,181.6,181.6,181.6,34,181.6,721,181.611969
2023-06-12 08:07:00+00:00,181.6,181.6,181.6,43,181.6,673,181.584071
2023-06-12 08:08:00+00:00,181.6,181.6,181.6,19,181.6,676,181.607648
2023-06-12 08:09:00+00:00,181.59,181.59,181.59,16,181.59,472,181.604597
2023-06-12 08:10:00+00:00,181.51,181.6,181.5,81,181.6,6580,181.506915
2023-06-12 08:11:00+00:00,181.41,181.5,181.41,41,181.48,6302,181.497845
2023-06-12 08:12:00+00:00,181.41,181.44,181.37,32,181.41,1115,181.416054
2023-06-12 08:14:00+00:00,181.43,181.43,181.43,27,181.43,1246,181.449791
2023-06-12 08:15:00+00:00,181.28,181.28,181.28,35,181.28,638,181.361223
2023-06-12 08:16:00+00:00,181.38,181.38,181.38,8,181.38,240,181.395833
2023-06-12 08:19:00+00:00,181.42,181.42,181.42,16,181.42,559,181.453936
2023-06-12 08:24:00+00:00,181.6,181.6,181.6,8,181.6,196,181.601327
2023-06-12 08:29:00+00:00,181.62,181.62,181.6,28,181.6,1097,181.600629
2023-06-12 08:30:00+00:00,181.63,181.63,181.63,15,181.63,406,181.620246
2023-06-12 08:31:00+00:00,181.67,181.67,181.67,18,181.67,388,181.664794
2023-06-12 08:32:00+00:00,181.72,181.72,181.69,35,181.69,955,181.701236
2023-06-12 08:36:00+00:00,181.68,181.68,181.68,31,181.68,729,181.66
2023-06-12 08:37:00+00:00,181.6,181.6,181.6,14,181.6,187,181.594759
2023-06-12 08:42:00+00:00,181.66,181.67,181.66,21,181.67,790,181.65462
2023-06-12 08:43:00+00:00,181.67,181.67,181.67,19,181.67,1326,181.662994
2023-06-12 08:55:00+00:00,181.65,181.65,181.65,5,181.65,228,181.650789
2023-06-12 08:56:00+00:00,181.65,181.65,181.65,7,181.65,1102,181.65
2023-06-12 08:58:00+00:00,181.66,181.66,181.66,14,181.66,518,181.66
2023-06-12 08:59:00+00:00,181.66,181.66,181.66,19,181.66,1104,181.659819
2023-06-12 09:01:00+00:00,181.68,181.68,181.68,20,181.68,1041,181.67951
2023-06-12 09:02:00+00:00,181.68,181.68,181.68,3,181.68,160,181.680625
2023-06-12 09:03:00+00:00,181.7,181.7,181.69,32,181.69,1051,181.697916
2023-06-12 09:04:00+00:00,181.74,181.74,181.74,29,181.74,457,181.744311
2023-06-12 09:10:00+00:00,181.73,181.73,181.73,5,181.73,162,181.731235
2023-06-12 09:15:00+00:00,181.73,181.73,181.7,17,181.7,884,181.716086
2023-06-12 09:16:00+00:00,181.73,181.73,181.73,10,181.73,822,181.724063
2023-06-12 09:18:00+00:00,181.71,181.71,181.71,13,181.71,840,181.708119
2023-06-12 09:19:00+00:00,181.74,181.74,181.74,2,181.74,118,181.738475
2023-06-12 09:20:00+00:00,181.74,181.74,181.74,14,181.74,329,181.741581
2023-06-12 09:37:00+00:00,181.75,181.75,181.75,17,181.75,615,181.750748
2023-06-12 09:40:00+00:00,181.75,181.75,181.75,25,181.75,683,181.759458
2023-06-12 09:41:00+00:00,181.7,181.71,181.7,34,181.71,1474,181.707049
2023-06-12 09:43:00+00:00,181.69,181.69,181.69,20,181.69,346,181.700029
2023-06-12 09:47:00+00:00,181.74,181.74,181.6,52,181.6,888,181.675856
2023-06-12 09:49:00+00:00,181.67,181.68,181.61,19,181.61,855,181.657661
2023-06-12 09:54:00+00:00,181.51,181.65,181.51,47,181.65,2128,181.591095
2023-06-12 10:00:00+00:00,181.52,181.6,181.51,30,181.6,1158,181.557556
2023-06-12 10:04:00+00:00,181.6,181.6,181.6,3,181.6,515,181.600194
2023-06-12 10:10:00+00:00,181.54,181.61,181.54,59,181.61,1775,181.594479
2023-06-12 10:12:00+00:00,181.52,181.52,181.52,11,181.52,257,181.542218
2023-06-12 10:17:00+00:00,181.51,181.54,181.5,45,181.52,1618,181.5239
2023-06-12 10:19:00+00:00,181.51,181.51,181.51,28,181.51,844,181.481564
2023-06-12 10:23:00+00:00,181.38,181.41,181.38,44,181.41,1446,181.380443
2023-06-12 10:29:00+00:00,181.32,181.38,181.32,18,181.38,560,181.359429
2023-06-12 10:34:00+00:00,181.55,181.55,181.55,6,181.55,425,181.537906
2023-06-12 10:35:00+00:00,181.49,181.49,181.49,3,181.49,210,181.487714
2023-06-12 10:36:00+00:00,181.48,181.48,181.48,5,181.48,265,181.481132
2023-06-12 10:37:00+00:00,181.43,181.43,181.35,20,181.35,637,181.404757
2023-06-12 10:38:00+00:00,181.36,181.36,181.34,10,181.35,481,181.350873
2023-06-12 10:39:00+00:00,181.34,181.34,181.34,14,181.34,577,181.340971
2023-06-12 10:57:00+00:00,181.6,181.6,181.6,19,181.6,858,181.595758
2023-06-12 10:58:00+00:00,181.6,181.61,181.6,14,181.61,748,181.602941
2023-06-12 10:59:00+00:00,181.6,181.6,181.6,17,181.6,1322,181.600303
2023-06-12 11:00:00+00:00,181.57,181.62,181.54,149,181.55,5013,181.580541
2023-06-12 11:01:00+00:00,181.61,181.61,181.6,28,181.6,1956,181.592055
2023-06-12 11:02:00+00:00,181.64,181.64,181.6,38,181.6,1459,181.622557
2023-06-12 11:03:00+00:00,181.67,181.67,181.67,21,181.67,238,181.658655
2023-06-12 11:04:00+00:00,181.66,181.66,181.66,15,181.66,325,181.658123
2023-06-12 11:05:00+00:00,181.69,181.69,181.67,47,181.67,1240,181.693556
2023-06-12 11:06:00+00:00,181.76,181.76,181.71,35,181.71,2433,181.743896
2023-06-12 11:07:00+00:00,181.8,181.8,181.79,97,181.79,3275,181.801802
2023-06-12 11:08:00+00:00,181.79,181.82,181.79,35,181.82,2105,181.80362
2023-06-12 11:09:00+00:00,181.75,181.75,181.75,35,181.75,2325,181.749329
2023-06-12 11:10:00+00:00,181.73,181.73,181.73,16,181.73,1851,181.731788
2023-06-12 11:11:00+00:00,181.73,181.74,181.73,16,181.73,841,181.748407
2023-06-12 11:14:00+00:00,181.78,181.78,181.77,16,181.77,1345,181.776327
2023-06-12 11:15:00+00:00,181.8,181.8,181.78,20,181.78,1755,181.784011
2023-06-12 11:16:00+00:00,181.77,181.77,181.77,12,181.77,420,181.779714
2023-06-12 11:17:00+00:00,181.75,181.77,181.75,44,181.77,1916,181.756414
2023-06-12 11:19:00+00:00,181.68,181.71,181.68,28,181.71,1397,181.695211
2023-06-12 11:21:00+00:00,181.76,181.77,181.69,52,181.69,4157,181.715935
2023-06-12 11:24:00+00:00,181.74,181.74,181.73,17,181.73,1410,181.73078
2023-06-12 11:26:00+00:00,181.8,181.8,181.77,28,181.77,2890,181.775412
2023-06-12 11:27:00+00:00,181.85,181.85,181.8,32,181.8,2116,181.820846
2023-06-12 11:30:00+00:00,181.82,181.82,181.82,33,181.82,1803,181.812973
2023-06-12 11:32:00+00:00,181.82,181.82,181.82,19,181.82,1941,181.822035
2023-06-12 11:34:00+00:00,181.78,181.82,181.78,51,181.82,1630,181.802294
2023-06-12 11:35:00+00:00,181.69,181.78,181.69,64,181.78,15528,181.774739
2023-06-12 11:36:00+00:00,181.69,181.7,181.69,21,181.7,1298,181.695239
2023-06-12 11:38:00+00:00,181.7,181.7,181.7,27,181.7,381,181.703176
2023-06-12 11:41:00+00:00,181.75,181.75,181.74,29,181.74,1304,181.744686
2023-06-12 11:42:00+00:00,181.79,181.79,181.75,29,181.75,1233,181.767729
2023-06-12 11:46:00+00:00,181.79,181.79,181.79,46,181.79,2810,181.797128
2023-06-12 11:47:00+00:00,181.79,181.79,181.79,33,181.79,3460,181.788682
2023-06-12 11:48:00+00:00,181.74,181.75,181.74,34,181.75,1472,181.750781
2023-06-12 11:51:00+00:00,181.75,181.75,181.72,50,181.72,3650,181.739718
2023-06-12 11:52:00+00:00,181.76,181.76,181.75,10,181.75,593,181.755818
2023-06-12 11:54:00+00:00,181.7,181.77,181.7,39,181.77,2654,181.742867
2023-06-12 11:57:00+00:00,181.71,181.71,181.71,7,181.71,290,181.710207
2023-06-12 12:00:00+00:00,181.75,181.85,181.51,548,181.57,55943,181.741114
2023-06-12 12:01:00+00:00,181.45,181.75,181.4,950,181.75,8498,181.566226
2023-06-12 12:02:00+00:00,181.64,181.7,181.48,307,181.67,3546,181.500824
2023-06-12 12:03:00+00:00,181.67,181.7,181.67,75,181.7,3163,181.69601
2023-06-12 12:04:00+00:00,181.68,181.73,181.68,39,181.73,1766,181.707353
2023-06-12 12:05:00+00:00,181.7,181.7,181.7,26,181.7,390,181.698227
2023-06-12 12:06:00+00:00,181.6901,181.7,181.69,55,181.69,7758,181.691186
2023-06-12 12:07:00+00:00,181.72,181.7299,181.72,43,181.7299,1190,181.729778
2023-06-12 12:08:00+00:00,181.6749,181.7556,181.6749,57,181.72,3049,181.705626
2023-06-12 12:09:00+00:00,181.67,181.67,181.67,30,181.67,788,181.677734
2023-06-12 12:10:00+00:00,181.65,181.67,181.6,90,181.67,4576,181.639166
2023-06-12 12:11:00+00:00,181.69,181.69,181.65,69,181.65,3573,181.668045
2023-06-12 12:12:00+00:00,181.66,181.6602,181.66,32,181.6602,622,181.666977
2023-06-12 12:14:00+00:00,181.6901,181.6902,181.6901,29,181.6902,1721,181.691425
2023-06-12 12:15:00+00:00,181.6906,181.74,181.6906,25,181.7348,915,181.711889
2023-06-12 12:16:00+00:00,181.65,181.6517,181.65,40,181.6517,925,181.674169
2023-06-12 12:17:00+00:00,181.6537,181.6537,181.6537,35,181.6537,307,181.657922
2023-06-12 12:18:00+00:00,181.6,181.68,181.6,59,181.68,2089,181.633449
2023-06-12 12:19:00+00:00,181.6,181.6,181.6,33,181.6,656,181.626128
2023-06-12 12:20:00+00:00,181.7,181.7,181.7,14,181.7,130,181.697762
2023-06-12 12:21:00+00:00,181.6,181.6,181.6,45,181.6,1521,181.606522
2023-06-12 12:22:00+00:00,181.51,181.65,181.51,81,181.65,9208,181.591662
2023-06-12 12:23:00+00:00,181.52,181.61,181.51,29,181.6,3269,181.579351
2023-06-12 12:25:00+00:00,181.61,181.61,181.5437,32,181.5437,969,181.585115
2023-06-12 12:26:00+00:00,181.5995,181.61,181.5995,30,181.6082,574,181.595297
2023-06-12 12:27:00+00:00,181.61,181.61,181.61,43,181.61,1028,181.602954
2023-06-12 12:28:00+00:00,181.61,181.61,181.61,33,181.61,1021,181.613412
2023-06-12 12:29:00+00:00,181.6499,181.6499,181.61,27,181.61,1221,181.62318
2023-06-12 12:30:00+00:00,181.6,181.61,181.6,36,181.61,833,181.615591
2023-06-12 12:31:00+00:00,181.65,181.65,181.65,29,181.65,722,181.643765
2023-06-12 12:32:00+00:00,181.6,181.649,181.6,23,181.6002,596,181.628649
2023-06-12 12:33:00+00:00,181.6,181.6981,181.6,47,181.6981,1577,181.657285
2023-06-12 12:34:00+00:00,181.66,181.66,181.6,32,181.6,742,181.634408
2023-06-12 12:36:00+00:00,181.64,181.68,181.64,48,181.68,1016,181.65816
2023-06-12 12:38:00+00:00,181.67,181.67,181.67,27,181.67,412,181.664769
2023-06-12 12:39:00+00:00,181.72,181.93,181.67,281,181.67,17145,181.776636
2023-06-12 12:40:00+00:00,181.8857,181.8857,181.72,37,181.72,2251,181.79385
2023-06-12 12:41:00+00:00,181.8,181.8014,181.8,73,181.8014,1448,181.824671
2023-06-12 12:42:00+00:00,181.85,181.85,181.85,31,181.85,346,181.819762
2023-06-12 12:43:00+00:00,181.8,181.8,181.76,41,181.76,518,181.793375
2023-06-12 12:44:00+00:00,181.82,181.82,181.82,32,181.82,422,181.81247
2023-06-12 12:45:00+00:00,181.85,181.85,181.8499,18,181.8499,338,181.841393
2023-06-12 12:46:00+00:00,181.83,181.85,181.83,70,181.8496,6203,181.837046
2023-06-12 12:48:00+00:00,181.85,181.85,181.83,136,181.83,2691,181.83914
2023-06-12 12:49:00+00:00,181.82,181.82,181.82,38,181.82,339,181.827714
2023-06-12 12:50:00+00:00,181.81,181.81,181.81,27,181.81,421,181.812726
2023-06-12 12:51:00+00:00,181.8458,181.8458,181.81,35,181.83,1107,181.825636
2023-06-12 12:52:00+00:00,181.9,181.9,181.849,91,181.849,2599,181.87545
2023-06-12 12:53:00+00:00,181.91,181.91,181.88,50,181.88,814,181.899471
2023-06-12 12:54:00+00:00,181.96,181.98,181.91,67,181.91,3709,181.95708
2023-06-12 12:55:00+00:00,181.96,181.96,181.9507,38,181.96,2122,181.960126
2023-06-12 12:56:00+00:00,181.91,181.99,181.91,134,181.98,6428,181.968463
2023-06-12 12:57:00+00:00,181.9737,181.9737,181.91,50,181.91,909,181.936493
2023-06-12 12:58:00+00:00,181.91,181.95,181.91,46,181.95,1582,181.938187
2023-06-12 12:59:00+00:00,181.94,181.94,181.9387,29,181.9387,507,181.93954
2023-06-12 13:00:00+00:00,181.94,181.94,181.94,34,181.94,1198,181.942169
2023-06-12 13:01:00+00:00,181.92,181.92,181.86,102,181.92,3212,181.903349
2023-06-12 13:02:00+00:00,181.88,181.93,181.88,39,181.9298,1988,181.915924
2023-06-12 13:03:00+00:00,181.88,181.92,181.85,91,181.92,3647,181.879313
2023-06-12 13:04:00+00:00,181.93,181.93,181.9295,46,181.9295,844,181.922711
2023-06-12 13:05:00+00:00,181.88,181.88,181.88,52,181.88,647,181.902272
2023-06-12 13:06:00+00:00,181.9487,181.9487,181.88,31,181.94,634,181.914146
2023-06-12 13:07:00+00:00,181.9,181.9,181.9,39,181.9,1388,181.907637
2023-06-12 13:08:00+00:00,181.95,181.96,181.95,52,181.95,891,181.95062
2023-06-12 13:09:00+00:00,181.96,181.96,181.96,69,181.96,3704,181.959716
2023-06-12 13:10:00+00:00,181.96,181.96,181.94,37,181.96,986,181.950837
2023-06-12 13:11:00+00:00,181.9,181.95,181.9,98,181.95,2394,181.92655
2023-06-12 13:13:00+00:00,181.86,181.88,181.86,47,181.88,3421,181.867302
2023-06-12 13:14:00+00:00,181.88,181.9,181.88,46,181.88,1718,181.881772
2023-06-12 13:15:00+00:00,181.849,181.87,181.849,63,181.87,1159,181.872364
2023-06-12 13:17:00+00:00,181.82,181.82,181.82,73,181.82,1170,181.843403
2023-06-12 13:18:00+00:00,181.75,181.88,181.75,167,181.85,7826,181.821725
2023-06-12 13:19:00+00:00,181.78,181.78,181.78,44,181.78,529,181.780319
2023-06-12 13:20:00+00:00,181.79,181.8,181.77,119,181.79,4941,181.788796
2023-06-12 13:21:00+00:00,181.79,181.8,181.79,61,181.8,4324,181.789193
2023-06-12 13:22:00+00:00,181.76,181.8,181.7407,39,181.8,1154,181.776477
2023-06-12 13:23:00+00:00,181.76,181.78,181.76,57,181.76,1115,181.774032
2023-06-12 13:24:00+00:00,181.75,181.8,181.75,46,181.76,1957,181.786566
2023-06-12 13:25:00+00:00,181.75,181.79,181.7,86,181.75,3925,181.750668
2023-06-12 13:26:00+00:00,181.78,181.78,181.75,66,181.76,2087,181.75833
2023-06-12 13:27:00+00:00,181.68,181.78,181.68,148,181.72,11466,181.740158
2023-06-12 13:28:00+00:00,181.25,181.7,181.16,543,181.61,50833,181.377349
2023-06-12 13:29:00+00:00,181.29,181.33,181.19,345,181.27,31177,181.247712
2023-06-12 13:30:00+00:00,181.49,181.75,181.24,12564,181.27,998716,181.362205
2023-06-12 13:31:00+00:00,181.405,181.6465,181.37,2727,181.49,237093,181.494295
2023-06-12 13:32:00+00:00,181.6,181.68,181.28,2412,181.4,185913,181.51946
2023-06-12 13:33:00+00:00,181.86,181.87,181.6,2029,181.6,163576,181.776581
2023-06-12 13:34:00+00:00,181.8149,182.04,181.7901,3013,181.8624,236446,181.932895
2023-06-12 13:35:00+00:00,181.81,181.88,181.7,1796,181.819,137769,181.790885
2023-06-12 13:36:00+00:00,181.54,181.88,181.51,2083,181.8,219720,181.732897
2023-06-12 13:37:00+00:00,181.5699,181.71,181.485,1543,181.54,135211,181.606935
2023-06-12 13:38:00+00:00,181.7601,181.79,181.45,2069,181.57,175338,181.601898
2023-06-12 13:39:00+00:00,181.81,181.83,181.65,1745,181.76,155895,181.750717
2023-06-12 13:40:00+00:00,181.9,181.97,181.74,2551,181.81,236524,181.860211
2023-06-12 13:41:00+00:00,181.72,181.98,181.66,1717,181.909,145135,181.810007
2023-06-12 13:42:00+00:00,181.61,181.7168,181.54,1509,181.7168,130502,181.616865
2023-06-12 13:43:00+00:00,181.56,181.72,181.53,1570,181.595,170713,181.611307
2023-06-12 13:44:00+00:00,181.4475,181.6,181.33,1731,181.56,172300,181.454452
2023-06-12 13:45:00+00:00,181.74,181.7937,181.44,1787,181.45,193615,181.655081
2023-06-12 13:46:00+00:00,181.56,181.78,181.49,2826,181.745,99819,181.617775
2023-06-12 13:47:00+00:00,181.53,181.57,181.43,3227,181.56,94938,181.495189
2023-06-12 13:48:00+00:00,181.51,181.5747,181.42,3253,181.54,85544,181.520588
2023-06-12 13:49:00+00:00,181.54,181.58,181.3701,3409,181.5,94655,181.478396
2023-06-12 13:50:00+00:00,181.5,181.615,181.485,3331,181.53,82517,181.560149
2023-06-12 13:51:00+00:00,181.4599,181.57,181.41,3483,181.52,130431,181.484065
2023-06-12 13:52:00+00:00,181.4,181.4973,181.3703,3427,181.455,121977,181.421717
2023-06-12 13:53:00+00:00,181.285,181.4236,181.2618,3700,181.39,109467,181.33482
2023-06-12 13:54:00+00:00,181.35,181.4,181.285,3385,181.29,110694,181.342124
2023-06-12 13:55:00+00:00,181.49,181.49,181.3147,3360,181.34,105033,181.393017
2023-06-12 13:56:00+00:00,181.4406,181.49,181.312,3177,181.48,89115,181.402369
2023-06-12 13:57:00+00:00,181.5488,181.56,181.38,3584,181.43,133818,181.469363
2023-06-12 13:58:00+00:00,181.47,181.52,181.39,3430,181.515,86041,181.451573
2023-06-12 13:59:00+00:00,181.44,181.51,181.34,3509,181.49,93915,181.400993
2023-06-12 14:00:00+00:00,181.26,181.44,181.26,3768,181.44,181181,181.338097
2023-06-12 14:01:00+00:00,181.318,181.395,181.2,4105,181.2676,172785,181.301668
2023-06-12 14:02:00+00:00,181.25,181.325,181.22,3307,181.319,177127,181.26274
2023-06-12 14:03:00+00:00,181.245,181.31,181.22,3159,181.26,84577,181.260272
2023-06-12 14:04:00+00:00,181.14,181.27,181.13,3317,181.25,111012,181.195643
2023-06-12 14:05:00+00:00,181.01,181.16,180.97,6087,181.145,290787,181.041406
2023-06-12 14:06:00+00:00,181.105,181.11,180.97,4119,181.0,157007,181.029897
2023-06-12 14:07:00+00:00,181.1603,181.2286,181.1065,4223,181.11,130139,181.169926
2023-06-12 14:08:00+00:00,181.25,181.27,181.12,3958,181.165,94471,181.195544
2023-06-12 14:09:00+00:00,181.28,181.29,181.205,3512,181.25,70553,181.240355
2023-06-12 14:10:00+00:00,181.2201,181.2899,181.191,3419,181.2899,60469,181.232873
2023-06-12 14:11:00+00:00,181.21,181.27,181.16,3409,181.24,60149,181.221585
2023-06-12 14:12:00+00:00,181.1602,181.21,181.1214,3652,181.21,70921,181.162297
2023-06-12 14:13:00+00:00,181.26,181.27,181.145,3724,181.18,85498,181.202154
2023-06-12 14:14:00+00:00,181.4,181.41,181.255,3252,181.26,112823,181.324298
2023-06-12 14:15:00+00:00,181.31,181.405,181.255,3418,181.4,112165,181.317098
2023-06-12 14:16:00+00:00,181.335,181.35,181.22,3216,181.305,90227,181.279499
2023-06-12 14:17:00+00:00,181.31,181.35,181.23,3100,181.32,70633,181.28857
2023-06-12 14:18:00+00:00,181.2752,181.32,181.2,3057,181.3001,83620,181.24965
2023-06-12 14:19:00+00:00,181.15,181.275,181.14,3048,181.275,84153,181.20571
2023-06-12 14:20:00+00:00,181.24,181.24,181.0918,3085,181.145,94561,181.159285
2023-06-12 14:21:00+00:00,181.315,181.33,181.22,3062,181.24,101189,181.286715
2023-06-12 14:22:00+00:00,181.29,181.35,181.27,2946,181.31,55936,181.310081
2023-06-12 14:23:00+00:00,181.4337,181.44,181.25,3257,181.295,107803,181.352256
2023-06-12 14:24:00+00:00,181.59,181.6,181.43,3776,181.435,170556,181.509698
2023-06-12 14:25:00+00:00,181.585,181.67,181.54,3501,181.6,124237,181.608313
2023-06-12 14:26:00+00:00,181.61,181.64,181.56,2896,181.6,70392,181.591541
2023-06-12 14:27:00+00:00,181.56,181.63,181.475,3180,181.61,103879,181.54804
2023-06-12 14:28:00+00:00,181.48,181.57,181.44,2997,181.57,89707,181.492759
2023-06-12 14:29:00+00:00,181.6,181.635,181.43,3303,181.47,100185,181.568596
2023-06-12 14:30:00+00:00,181.5371,181.62,181.48,3098,181.6,72582,181.546736
2023-06-12 14:31:00+00:00,181.49,181.57,181.44,3183,181.54,84903,181.500556
2023-06-12 14:32:00+00:00,181.56,181.59,181.49,3231,181.5,67149,181.551225
2023-06-12 14:33:00+00:00,181.6057,181.63,181.5301,3242,181.56,83114,181.593522
2023-06-12 14:34:00+00:00,181.505,181.6976,181.49,3464,181.61,127277,181.59181
2023-06-12 14:35:00+00:00,181.52,181.54,181.4301,3208,181.505,80484,181.486756
2023-06-12 14:36:00+00:00,181.565,181.59,181.46,3391,181.51,251615,181.583022
2023-06-12 14:37:00+00:00,181.49,181.65,181.47,3431,181.565,100885,181.568647
2023-06-12 14:38:00+00:00,181.6199,181.65,181.45,3262,181.4979,76000,181.537719
2023-06-12 14:39:00+00:00,181.57,181.6342,181.56,3145,181.61,73992,181.599529
2023-06-12 14:40:00+00:00,181.59,181.63,181.53,3274,181.57,92583,181.583361
2023-06-12 14:41:00+00:00,181.53,181.61,181.52,873,181.58,68659,181.566203
2023-06-12 14:42:00+00:00,181.5972,181.64,181.5195,847,181.5347,83653,181.585648
2023-06-12 14:43:00+00:00,181.575,181.66,181.55,1044,181.595,94000,181.611967
2023-06-12 14:44:00+00:00,181.56,181.62,181.52,935,181.57,66289,181.563193
2023-06-12 14:45:00+00:00,181.625,181.63,181.5259,1135,181.5576,84107,181.586082
2023-06-12 14:46:00+00:00,181.755,181.76,181.62,1318,181.62,105076,181.699769
2023-06-12 14:47:00+00:00,181.78,181.8299,181.73,1296,181.74,103287,181.784639
2023-06-12 14:48:00+00:00,181.95,181.96,181.76,1236,181.77,103979,181.881344
2023-06-12 14:49:00+00:00,181.8399,181.96,181.79,1097,181.95,112962,181.875877
2023-06-12 14:50:00+00:00,181.88,181.91,181.77,939,181.85,83438,181.842393
2023-06-12 14:51:00+00:00,181.88,181.97,181.8279,959,181.8799,90624,181.898342
2023-06-12 14:52:00+00:00,181.82,181.9,181.82,812,181.87,66427,181.860314
2023-06-12 14:53:00+00:00,181.8082,181.87,181.8082,640,181.83,34617,181.844297
2023-06-12 14:54:00+00:00,181.7366,181.8,181.705,815,181.8,91101,181.690634
2023-06-12 14:55:00+00:00,181.72,181.7378,181.67,745,181.7378,50627,181.702496
2023-06-12 14:56:00+00:00,181.7,181.76,181.67,812,181.73,68505,181.723542
2023-06-12 14:57:00+00:00,181.768,181.7699,181.65,794,181.7,65383,181.708047
2023-06-12 14:58:00+00:00,181.7573,181.86,181.755,980,181.765,82926,181.810327
2023-06-12 14:59:00+00:00,181.765,181.8053,181.73,723,181.7599,81771,181.765448
2023-06-12 15:00:00+00:00,181.75,181.79,181.72,1004,181.7601,92438,181.756376
2023-06-12 15:01:00+00:00,181.83,181.8576,181.74,858,181.74,68361,181.803708
2023-06-12 15:02:00+00:00,181.825,181.92,181.8,806,181.83,76953,181.86918
2023-06-12 15:03:00+00:00,181.87,181.885,181.81,631,181.81,56396,181.83838
2023-06-12 15:04:00+00:00,181.89,181.8951,181.79,827,181.8585,88124,181.845878
2023-06-12 15:05:00+00:00,181.9,181.9099,181.8,811,181.88,87056,181.864911
2023-06-12 15:06:00+00:00,181.85,182.0,181.84,1587,181.895,183223,181.945121
2023-06-12 15:07:00+00:00,181.8801,181.9378,181.8301,750,181.855,59115,181.905701
2023-06-12 15:08:00+00:00,181.87,181.95,181.86,895,181.88,74011,181.905424
2023-06-12 15:09:00+00:00,181.78,181.89,181.7314,1016,181.87,85610,181.813126
2023-06-12 15:10:00+00:00,181.89,181.94,181.77,870,181.78,88283,181.876384
2023-06-12 15:11:00+00:00,181.78,181.925,181.78,1085,181.89,96247,181.858558
2023-06-12 15:12:00+00:00,181.915,181.9176,181.76,701,181.77,63158,181.832211
2023-06-12 15:13:00+00:00,181.88,181.92,181.87,780,181.9102,65184,181.897968
2023-06-12 15:14:00+00:00,181.93,181.95,181.87,928,181.885,73838,181.912005
2023-06-12 15:15:00+00:00,181.855,181.935,181.85,863,181.935,68627,181.892761
2023-06-12 15:16:00+00:00,181.89,181.91,181.8526,747,181.855,47136,181.881754
2023-06-12 15:17:00+00:00,181.91,181.91,181.85,623,181.8981,43871,181.884417
2023-06-12 15:18:00+00:00,181.91,181.94,181.8707,759,181.905,59222,181.911127
2023-06-12 15:19:00+00:00,182.025,182.0299,181.87,2200,181.905,205902,181.988849
2023-06-12 15:20:00+00:00,182.1,182.11,181.98,1630,182.025,162373,182.044534
2023-06-12 15:21:00+00:00,182.064,182.11,182.0429,1136,182.095,133367,182.088831
2023-06-12 15:22:00+00:00,182.0,182.08,181.95,877,182.06,90414,182.019961
2023-06-12 15:23:00+00:00,181.955,182.03,181.925,783,181.99,75437,181.980486
2023-06-12 15:24:00+00:00,182.02,182.04,181.94,824,181.9501,90790,181.949809
2023-06-12 15:25:00+00:00,181.9511,182.01,181.93,862,182.0018,71905,181.969152
2023-06-12 15:26:00+00:00,181.98,182.0,181.93,762,181.96,62159,181.970251
2023-06-12 15:27:00+00:00,181.955,182.01,181.92,748,181.98,56224,181.959103
2023-06-12 15:28:00+00:00,182.035,182.06,181.94,715,181.95,68496,182.00999
2023-06-12 15:29:00+00:00,182.015,182.06,181.98,750,182.03,59340,182.022902
2023-06-12 15:30:00+00:00,182.17,182.18,182.02,1703,182.02,159152,182.118471
2023-06-12 15:31:00+00:00,182.26,182.31,182.16,2201,182.17,305272,182.237101
2023-06-12 15:32:00+00:00,182.215,182.27,182.185,983,182.27,86052,182.213979
2023-06-12 15:33:00+00:00,182.275,182.295,182.198,928,182.2154,79370,182.25493
2023-06-12 15:34:00+00:00,182.22,182.2786,182.19,828,182.2786,68250,182.234323
2023-06-12 15:35:00+00:00,182.295,182.325,182.1906,1333,182.21,124976,182.269697
2023-06-12 15:36:00+00:00,182.36,182.37,182.29,1175,182.3,126076,182.335636
2023-06-12 15:37:00+00:00,182.33,182.37,182.29,1230,182.36,128340,182.335845
2023-06-12 15:38:00+00:00,182.33,182.35,182.3092,839,182.32,69438,182.326795
2023-06-12 15:39:00+00:00,182.29,182.3568,182.27,783,182.323,63366,182.313631
2023-06-12 15:40:00+00:00,182.2999,182.365,182.285,1083,182.2899,130586,182.32603
2023-06-12 15:41:00+00:00,182.35,182.36,182.2801,801,182.2999,62595,182.321299
2023-06-12 15:42:00+00:00,182.31,182.38,182.3,844,182.36,71080,182.341395
2023-06-12 15:43:00+00:00,182.3701,182.385,182.32,701,182.32,50784,182.350778
2023-06-12 15:44:00+00:00,182.4787,182.49,182.3487,1322,182.375,122598,182.430661
2023-06-12 15:45:00+00:00,182.3698,182.53,182.34,2710,182.47,288186,182.453541
2023-06-12 15:46:00+00:00,182.275,182.37,182.275,928,182.3673,101423,182.327705
2023-06-12 15:47:00+00:00,182.2675,182.3,182.225,944,182.2782,75643,182.26215
2023-06-12 15:48:00+00:00,182.3391,182.34,182.2324,781,182.275,64268,182.276086
2023-06-12 15:49:00+00:00,182.345,182.38,182.32,723,182.34,61176,182.35533
2023-06-12 15:50:00+00:00,182.37,182.405,182.3001,827,182.345,67557,182.351666
2023-06-12 15:51:00+00:00,182.4101,182.43,182.3573,841,182.3687,76354,182.405748
2023-06-12 15:52:00+00:00,182.4,182.455,182.39,717,182.43,53046,182.422295
2023-06-12 15:53:00+00:00,182.37,182.41,182.34,743,182.4,77304,182.370257
2023-06-12 15:54:00+00:00,182.3484,182.37,182.29,794,182.3601,60712,182.321027
2023-06-12 15:55:00+00:00,182.28,182.37,182.26,726,182.34,54528,182.321699
2023-06-12 15:56:00+00:00,182.33,182.33,182.27,658,182.275,44695,182.299804
2023-06-12 15:57:00+00:00,182.28,182.3599,182.275,645,182.33,54508,182.318481
2023-06-12 15:58:00+00:00,182.365,182.38,182.27,735,182.2713,70575,182.32506
2023-06-12 15:59:00+00:00,182.3266,182.39,182.32,581,182.3679,45845,182.35748
2023-06-12 16:00:00+00:00,182.285,182.34,182.27,792,182.34,57120,182.30559
2023-06-12 16:01:00+00:00,182.26,182.3143,182.245,747,182.28,45978,182.281435
2023-06-12 16:02:00+00:00,182.23,182.28,182.22,606,182.25,38434,182.257127
2023-06-12 16:03:00+00:00,182.225,182.24,182.18,839,182.23,71101,182.210822
2023-06-12 16:04:00+00:00,182.185,182.27,182.16,1326,182.235,125998,182.219827
2023-06-12 16:05:00+00:00,182.23,182.2699,182.1715,987,182.18,82757,182.221587
2023-06-12 16:06:00+00:00,182.355,182.37,182.205,845,182.23,74882,182.284285
2023-06-12 16:07:00+00:00,182.3099,182.37,182.305,783,182.3693,69053,182.336659
2023-06-12 16:08:00+00:00,182.225,182.325,182.215,684,182.32,60577,182.271622
2023-06-12 16:09:00+00:00,182.3001,182.31,182.22,780,182.23,74117,182.270737
2023-06-12 16:10:00+00:00,182.3289,182.345,182.26,744,182.3,52454,182.304324
2023-06-12 16:11:00+00:00,182.28,182.3699,182.27,607,182.33,51797,182.321353
2023-06-12 16:12:00+00:00,182.315,182.335,182.2649,547,182.285,40184,182.300422
2023-06-12 16:13:00+00:00,182.325,182.38,182.31,603,182.3203,59164,182.349866
2023-06-12 16:14:00+00:00,182.285,182.33,182.28,449,182.33,25607,182.311013
2023-06-12 16:15:00+00:00,182.25,182.305,182.24,735,182.28,57530,182.265797
2023-06-12 16:16:00+00:00,182.22,182.25,182.19,633,182.25,50403,182.219245
2023-06-12 16:17:00+00:00,182.3,182.31,182.23,632,182.23,61827,182.267548
2023-06-12 16:18:00+00:00,182.295,182.3,182.25,615,182.29,40400,182.283135
2023-06-12 16:19:00+00:00,182.31,182.35,182.3,594,182.3,46237,182.323772
2023-06-12 16:20:00+00:00,182.255,182.32,182.255,537,182.31,32941,182.287468
2023-06-12 16:21:00+00:00,182.275,182.29,182.25,490,182.26,30038,182.270142
2023-06-12 16:22:00+00:00,182.3199,182.32,182.25,518,182.27,34016,182.293186
2023-06-12 16:23:00+00:00,182.1581,182.359,182.125,1112,182.325,112731,182.237619
2023-06-12 16:24:00+00:00,182.18,182.2186,182.1515,647,182.16,54496,182.193833
2023-06-12 16:25:00+00:00,182.1416,182.1899,182.12,585,182.185,45164,182.151494
2023-06-12 16:26:00+00:00,182.195,182.225,182.14,594,182.147,43077,182.194451
2023-06-12 16:27:00+00:00,182.27,182.28,182.2,558,182.2,49830,182.242612
2023-06-12 16:28:00+00:00,182.29,182.32,182.2601,653,182.27,52427,182.287714
2023-06-12 16:29:00+00:00,182.275,182.31,182.2609,534,182.285,38223,182.291896
2023-06-12 16:30:00+00:00,182.3224,182.34,182.273,479,182.285,34953,182.309701
2023-06-12 16:31:00+00:00,182.355,182.38,182.3224,670,182.325,56225,182.350386
2023-06-12 16:32:00+00:00,182.355,182.37,182.31,617,182.36,52656,182.338179
2023-06-12 16:33:00+00:00,182.305,182.36,182.305,536,182.35,37399,182.330939
2023-06-12 16:34:00+00:00,182.36,182.365,182.295,628,182.305,64121,182.326996
2023-06-12 16:35:00+00:00,182.43,182.43,182.355,752,182.355,57321,182.389781
2023-06-12 16:36:00+00:00,182.3501,182.43,182.3501,684,182.43,71280,182.397871
2023-06-12 16:37:00+00:00,182.36,182.39,182.34,552,182.35,41999,182.365837
2023-06-12 16:38:00+00:00,182.4146,182.43,182.34,528,182.35,36146,182.389259
2023-06-12 16:39:00+00:00,182.4,182.42,182.3701,527,182.42,30485,182.400172
2023-06-12 16:40:00+00:00,182.4235,182.45,182.3989,808,182.3989,65930,182.427254
2023-06-12 16:41:00+00:00,182.43,182.43,182.38,594,182.42,38351,182.412201
2023-06-12 16:42:00+00:00,182.37,182.43,182.3631,622,182.4207,38806,182.400716
2023-06-12 16:43:00+00:00,182.3991,182.4,182.35,592,182.37,47857,182.383237
2023-06-12 16:44:00+00:00,182.38,182.4,182.36,402,182.4,23191,182.38255
2023-06-12 16:45:00+00:00,182.3501,182.4,182.305,756,182.375,59094,182.350564
2023-06-12 16:46:00+00:00,182.37,182.38,182.33,577,182.35,42885,182.358407
2023-06-12 16:47:00+00:00,182.325,182.377,182.305,512,182.36,32068,182.338247
2023-06-12 16:48:00+00:00,182.36,182.365,182.29,755,182.33,55352,182.324083
2023-06-12 16:49:00+00:00,182.3846,182.39,182.34,555,182.36,40438,182.365834
2023-06-12 16:50:00+00:00,182.4175,182.44,182.385,618,182.385,45811,182.414615
2023-06-12 16:51:00+00:00,182.44,182.46,182.4001,648,182.4193,63946,182.438007
2023-06-12 16:52:00+00:00,182.4667,182.5,182.4301,1087,182.4437,83984,182.468856
2023-06-12 16:53:00+00:00,182.46,182.5,182.435,773,182.469,78684,182.480017
2023-06-12 16:54:00+00:00,182.475,182.5,182.44,650,182.47,61769,182.463371
2023-06-12 16:55:00+00:00,182.42,182.48,182.4103,476,182.475,26338,182.449546
2023-06-12 16:56:00+00:00,182.35,182.415,182.35,566,182.415,33448,182.391171
2023-06-12 16:57:00+00:00,182.38,182.38,182.325,533,182.35,34961,182.354461
2023-06-12 16:58:00+00:00,182.39,182.395,182.365,470,182.3739,35991,182.381608
2023-06-12 16:59:00+00:00,182.3978,182.42,182.35,649,182.39,57355,182.389689
2023-06-12 17:00:00+00:00,182.4401,182.455,182.36,845,182.395,68170,182.40789
2023-06-12 17:01:00+00:00,182.47,182.5,182.44,1069,182.4401,82364,182.469655
2023-06-12 17:02:00+00:00,182.4999,182.5,182.45,1213,182.485,100323,182.482028
2023-06-12 17:03:00+00:00,182.535,182.575,182.49,1295,182.495,128620,182.527987
2023-06-12 17:04:00+00:00,182.6495,182.66,182.5322,1570,182.54,155782,182.601401
2023-06-12 17:05:00+00:00,182.61,182.65,182.5603,998,182.65,83451,182.60442
2023-06-12 17:06:00+00:00,182.4973,182.61,182.475,872,182.61,66419,182.539438
2023-06-12 17:07:00+00:00,182.43,182.5071,182.43,501,182.4997,30091,182.475868
2023-06-12 17:08:00+00:00,182.475,182.48,182.39,701,182.435,62125,182.429861
2023-06-12 17:09:00+00:00,182.475,182.52,182.47,697,182.48,59007,182.497412
2023-06-12 17:10:00+00:00,182.44,182.485,182.42,596,182.48,43182,182.461953
2023-06-12 17:11:00+00:00,182.5403,182.56,182.44,682,182.44,63525,182.512331
2023-06-12 17:12:00+00:00,182.5667,182.58,182.5185,608,182.545,58836,182.553691
2023-06-12 17:13:00+00:00,182.5,182.565,182.46,682,182.5601,55884,182.512615
2023-06-12 17:14:00+00:00,182.4971,182.55,182.4887,541,182.5,59251,182.550503
2023-06-12 17:15:00+00:00,182.47,182.4952,182.45,477,182.495,25586,182.472714
2023-06-12 17:16:00+00:00,182.4799,182.4999,182.45,555,182.46,36488,182.474857
2023-06-12 17:17:00+00:00,182.46,182.47,182.43,500,182.47,27382,182.451729
2023-06-12 17:18:00+00:00,182.53,182.53,182.44,592,182.46,36753,182.47532
2023-06-12 17:19:00+00:00,182.52,182.545,182.485,556,182.5299,43758,182.518306
2023-06-12 17:20:00+00:00,182.505,182.56,182.5,697,182.53,63468,182.538974
2023-06-12 17:21:00+00:00,182.5531,182.56,182.4901,643,182.5033,37396,182.525941
2023-06-12 17:22:00+00:00,182.55,182.6,182.54,682,182.555,59219,182.568164
2023-06-12 17:23:00+00:00,182.5007,182.555,182.46,584,182.545,45274,182.510756
2023-06-12 17:24:00+00:00,182.49,182.57,182.49,711,182.51,315910,182.500713
2023-06-12 17:25:00+00:00,182.51,182.51,182.4619,618,182.48,34102,182.486107
2023-06-12 17:26:00+00:00,182.51,182.55,182.5,450,182.5,26802,182.519483
2023-06-12 17:27:00+00:00,182.485,182.53,182.485,442,182.51,18505,182.50537
2023-06-12 17:28:00+00:00,182.49,182.5,182.47,544,182.49,40222,182.48636
2023-06-12 17:29:00+00:00,182.54,182.545,182.49,773,182.5,60494,182.511883
2023-06-12 17:30:00+00:00,182.59,182.59,182.52,747,182.5399,42088,182.553125
2023-06-12 17:31:00+00:00,182.63,182.64,182.53,866,182.59,54361,182.57761
2023-06-12 17:32:00+00:00,182.63,182.68,182.584,1019,182.62,65447,182.64104
2023-06-12 17:33:00+00:00,182.59,182.63,182.57,669,182.63,45970,182.600552
2023-06-12 17:34:00+00:00,182.58,182.59,182.52,649,182.58,34584,182.552557
2023-06-12 17:35:00+00:00,182.535,182.585,182.53,575,182.58,48929,182.564405
2023-06-12 17:36:00+00:00,182.545,182.56,182.471,901,182.535,83015,182.508843
2023-06-12 17:37:00+00:00,182.565,182.595,182.5339,580,182.55,38723,182.562614
2023-06-12 17:38:00+00:00,182.57,182.5899,182.54,546,182.57,41279,182.567114
2023-06-12 17:39:00+00:00,182.5772,182.58,182.5301,465,182.57,35834,182.555006
2023-06-12 17:40:00+00:00,182.5363,182.575,182.53,418,182.575,20706,182.553405
2023-06-12 17:41:00+00:00,182.45,182.55,182.44,828,182.535,73374,182.49468
2023-06-12 17:42:00+00:00,182.4402,182.48,182.42,696,182.46,76467,182.451027
2023-06-12 17:43:00+00:00,182.58,182.58,182.44,706,182.4416,58590,182.521014
2023-06-12 17:44:00+00:00,182.5592,182.6,182.54,903,182.58,81706,182.571826
2023-06-12 17:45:00+00:00,182.5599,182.65,182.51,1054,182.555,92934,182.57756
2023-06-12 17:46:00+00:00,182.585,182.62,182.55,734,182.56,56419,182.588623
2023-06-12 17:47:00+00:00,182.545,182.59,182.53,539,182.584,49648,182.551883
2023-06-12 17:48:00+00:00,182.595,182.6,182.56,514,182.56,33084,182.580306
2023-06-12 17:49:00+00:00,182.57,182.6,182.56,537,182.5933,27594,182.584543
2023-06-12 17:50:00+00:00,182.565,182.58,182.54,542,182.57,34563,182.561872
2023-06-12 17:51:00+00:00,182.5584,182.57,182.5317,569,182.5699,38499,182.555264
2023-06-12 17:52:00+00:00,182.55,182.57,182.52,523,182.5592,37424,182.543787
2023-06-12 17:53:00+00:00,182.61,182.61,182.54,758,182.5508,73756,182.58971
2023-06-12 17:54:00+00:00,182.6,182.61,182.59,653,182.605,50151,182.603303
2023-06-12 17:55:00+00:00,182.61,182.665,182.6001,826,182.6005,110922,182.595545
2023-06-12 17:56:00+00:00,182.745,182.748,182.61,973,182.62,79071,182.672328
2023-06-12 17:57:00+00:00,182.7384,182.76,182.7103,1040,182.74,112404,182.738779
2023-06-12 17:58:00+00:00,182.752,182.76,182.72,798,182.735,68457,182.741869
2023-06-12 17:59:00+00:00,182.74,182.78,182.71,809,182.75,67570,182.740139
2023-06-12 18:00:00+00:00,182.78,182.8,182.72,853,182.75,66735,182.77354
2023-06-12 18:01:00+00:00,182.77,182.8,182.74,678,182.77,86984,182.765366
2023-06-12 18:02:00+00:00,182.79,182.8,182.741,673,182.765,54209,182.76887
2023-06-12 18:03:00+00:00,182.735,182.81,182.72,680,182.791,49038,182.760349
2023-06-12 18:04:00+00:00,182.77,182.77,182.7,640,182.73,51333,182.73373
2023-06-12 18:05:00+00:00,182.74,182.78,182.715,634,182.78,60683,182.742813
2023-06-12 18:06:00+00:00,182.71,182.74,182.7001,506,182.74,33868,182.719272
2023-06-12 18:07:00+00:00,182.715,182.79,182.71,773,182.71,74854,182.751877
2023-06-12 18:08:00+00:00,182.7,182.73,182.69,669,182.72,52714,182.712045
2023-06-12 18:09:00+00:00,182.745,182.75,182.69,563,182.6939,39907,182.722031
2023-06-12 18:10:00+00:00,182.74,182.76,182.7001,561,182.75,33971,182.736454
2023-06-12 18:11:00+00:00,182.74,182.78,182.73,594,182.73,59403,182.74492
2023-06-12 18:12:00+00:00,182.69,182.76,182.68,692,182.7459,56225,182.716928
2023-06-12 18:13:00+00:00,182.66,182.7,182.63,700,182.69,78417,182.664775
2023-06-12 18:14:00+00:00,182.64,182.69,182.64,499,182.6781,31826,182.669298
2023-06-12 18:15:00+00:00,182.695,182.7,182.621,652,182.64,55421,182.662367
2023-06-12 18:16:00+00:00,182.675,182.73,182.6605,586,182.695,41406,182.700513
2023-06-12 18:17:00+00:00,182.675,182.719,182.6397,584,182.675,49461,182.682147
2023-06-12 18:18:00+00:00,182.675,182.69,182.66,340,182.675,17966,182.678261
2023-06-12 18:19:00+00:00,182.7,182.73,182.66,458,182.675,27378,182.701327
2023-06-12 18:20:00+00:00,182.74,182.74,182.685,512,182.7,30833,182.705596
2023-06-12 18:21:00+00:00,182.7116,182.74,182.7,577,182.74,42975,182.725871
2023-06-12 18:22:00+00:00,182.74,182.75,182.715,547,182.72,47499,182.735035
2023-06-12 18:23:00+00:00,182.7306,182.79,182.7306,802,182.74,64730,182.758878
2023-06-12 18:24:00+00:00,182.7701,182.8,182.73,595,182.7391,40368,182.762178
2023-06-12 18:25:00+00:00,182.805,182.81,182.77,601,182.78,43768,182.790774
2023-06-12 18:26:00+00:00,182.775,182.81,182.735,767,182.81,53184,182.77311
2023-06-12 18:27:00+00:00,182.78,182.79,182.73,720,182.7736,55882,182.754348
2023-06-12 18:28:00+00:00,182.7201,182.8,182.71,673,182.775,49392,182.749401
2023-06-12 18:29:00+00:00,182.71,182.73,182.7,546,182.715,33274,182.715376
2023-06-12 18:30:00+00:00,182.79,182.79,182.7,742,182.715,42691,182.749208
2023-06-12 18:31:00+00:00,182.78,182.79,182.73,584,182.79,30099,182.762548
2023-06-12 18:32:00+00:00,182.8299,182.83,182.775,692,182.79,63610,182.805952
2023-06-12 18:33:00+00:00,182.805,182.85,182.78,798,182.83,65750,182.811451
2023-06-12 18:34:00+00:00,182.7901,182.82,182.7642,729,182.8,63014,182.794629
2023-06-12 18:35:00+00:00,182.82,182.85,182.76,841,182.8,67484,182.809152
2023-06-12 18:36:00+00:00,182.8445,182.845,182.77,601,182.82,49633,182.801747
2023-06-12 18:37:00+00:00,182.83,182.85,182.8105,760,182.845,63379,182.82905
2023-06-12 18:38:00+00:00,182.831,182.84,182.8052,574,182.8368,34103,182.826719
2023-06-12 18:39:00+00:00,182.775,182.84,182.75,660,182.835,56186,182.788817
2023-06-12 18:40:00+00:00,182.815,182.8278,182.75,654,182.775,46244,182.782264
2023-06-12 18:41:00+00:00,182.81,182.8182,182.77,571,182.8182,48030,182.796859
2023-06-12 18:42:00+00:00,182.81,182.815,182.775,585,182.8,44129,182.797895
2023-06-12 18:43:00+00:00,182.81,182.83,182.78,580,182.81,45055,182.810406
2023-06-12 18:44:00+00:00,182.83,182.83,182.79,544,182.81,52113,182.814362
2023-06-12 18:45:00+00:00,182.8126,182.83,182.8,568,182.82,48542,182.816877
2023-06-12 18:46:00+00:00,182.79,182.82,182.761,929,182.815,80323,182.795289
2023-06-12 18:47:00+00:00,182.85,182.86,182.77,783,182.79,72743,182.824809
2023-06-12 18:48:00+00:00,182.8979,182.92,182.835,1225,182.84,122346,182.88595
2023-06-12 18:49:00+00:00,182.9287,182.96,182.9,861,182.9,75403,182.928165
2023-06-12 18:50:00+00:00,182.975,182.98,182.92,834,182.925,50136,182.959818
2023-06-12 18:51:00+00:00,182.99,182.99,182.96,1072,182.98,123688,182.98449
2023-06-12 18:52:00+00:00,182.9416,183.05,182.9228,3910,182.99,352368,182.995716
2023-06-12 18:53:00+00:00,182.9576,182.975,182.92,648,182.94,61569,182.948692
2023-06-12 18:54:00+00:00,182.93,182.96,182.91,690,182.955,69605,182.938573
2023-06-12 18:55:00+00:00,182.96,182.98,182.93,776,182.94,72360,182.95155
2023-06-12 18:56:00+00:00,182.945,182.97,182.935,868,182.955,65535,182.954309
2023-06-12 18:57:00+00:00,183.015,183.015,182.94,1057,182.94,59735,182.971214
2023-06-12 18:58:00+00:00,183.0401,183.06,183.0,878,183.02,66110,183.0344
2023-06-12 18:59:00+00:00,183.11,183.12,183.05,1258,183.05,100451,183.090096
2023-06-12 19:00:00+00:00,183.0626,183.13,183.06,1167,183.11,89347,183.101406
2023-06-12 19:01:00+00:00,183.1,183.1,183.02,1018,183.06,75786,183.048898
2023-06-12 19:02:00+00:00,183.1501,183.16,183.09,1427,183.09,142550,183.127348
2023-06-12 19:03:00+00:00,183.0858,183.16,183.05,1141,183.155,104536,183.096955
2023-06-12 19:04:00+00:00,183.0677,183.14,183.06,975,183.085,78264,183.092172
2023-06-12 19:05:00+00:00,183.055,183.11,183.05,809,183.07,54453,183.086273
2023-06-12 19:06:00+00:00,183.06,183.1,183.01,1249,183.0581,96699,183.052255
2023-06-12 19:07:00+00:00,183.09,183.095,183.035,904,183.065,70319,183.064771
2023-06-12 19:08:00+00:00,183.14,183.15,183.0832,772,183.095,59735,183.116034
2023-06-12 19:09:00+00:00,183.155,183.189,183.14,980,183.145,90373,183.161274
2023-06-12 19:10:00+00:00,183.175,183.2,183.125,1123,183.155,99123,183.165196
2023-06-12 19:11:00+00:00,183.16,183.18,183.13,803,183.1783,67737,183.154583
2023-06-12 19:12:00+00:00,183.155,183.175,183.12,798,183.155,55162,183.147853
2023-06-12 19:13:00+00:00,183.3061,183.31,183.16,1863,183.16,144710,183.22774
2023-06-12 19:14:00+00:00,183.3174,183.36,183.2808,1537,183.31,146279,183.326139
2023-06-12 19:15:00+00:00,183.4422,183.47,183.32,1459,183.32,118098,183.405867
2023-06-12 19:16:00+00:00,183.388,183.48,183.36,1324,183.445,618649,183.233212
2023-06-12 19:17:00+00:00,183.4201,183.45,183.39,1060,183.39,91409,183.421566
2023-06-12 19:18:00+00:00,183.33,183.4282,183.3223,1074,183.425,116160,183.383627
2023-06-12 19:19:00+00:00,183.2158,183.33,183.19,1545,183.33,147534,183.245174
2023-06-12 19:20:00+00:00,183.22,183.245,183.1825,965,183.22,178295,183.210404
2023-06-12 19:21:00+00:00,183.095,183.23,183.09,1207,183.22,103635,183.148722
2023-06-12 19:22:00+00:00,183.1,183.17,183.08,964,183.09,89625,183.121575
2023-06-12 19:23:00+00:00,183.1073,183.12,183.01,1500,183.1,131724,183.082118
2023-06-12 19:24:00+00:00,183.2,183.21,183.0801,1013,183.105,86842,183.155176
2023-06-12 19:25:00+00:00,183.155,183.225,183.14,961,183.21,85124,183.171672
2023-06-12 19:26:00+00:00,183.19,183.2,183.13,998,183.155,69273,183.167207
2023-06-12 19:27:00+00:00,183.2167,183.2203,183.18,978,183.19,72174,183.195251
2023-06-12 19:28:00+00:00,183.3,183.305,183.2,872,183.205,71340,183.260877
2023-06-12 19:29:00+00:00,183.309,183.32,183.27,935,183.31,66087,183.294501
2023-06-12 19:30:00+00:00,183.265,183.32,183.26,1081,183.3,74617,183.280699
2023-06-12 19:31:00+00:00,183.26,183.29,183.22,1158,183.26,62142,183.250092
2023-06-12 19:32:00+00:00,183.2369,183.2583,183.19,1234,183.25,76676,183.220587
2023-06-12 19:33:00+00:00,183.2683,183.2717,183.21,974,183.23,152750,183.219241
2023-06-12 19:34:00+00:00,183.25,183.265,183.23,928,183.26,46380,183.249312
2023-06-12 19:35:00+00:00,183.245,183.26,183.215,995,183.25,58146,183.23747
2023-06-12 19:36:00+00:00,183.255,183.3,183.235,1090,183.25,76565,183.264507
2023-06-12 19:37:00+00:00,183.245,183.255,183.215,1039,183.245,67295,183.234339
2023-06-12 19:38:00+00:00,183.39,183.3999,183.23,1532,183.245,138107,183.31483
2023-06-12 19:39:00+00:00,183.395,183.4,183.29,1377,183.385,107387,183.340375
2023-06-12 19:40:00+00:00,183.3919,183.42,183.31,1452,183.395,110821,183.360997
2023-06-12 19:41:00+00:00,183.4712,183.49,183.38,1622,183.381,143519,183.43997
2023-06-12 19:42:00+00:00,183.4,183.515,183.3901,2213,183.4751,211477,183.462469
2023-06-12 19:43:00+00:00,183.28,183.42,183.28,1676,183.4,152505,183.33723
2023-06-12 19:44:00+00:00,183.23,183.29,183.21,1517,183.29,121058,183.2457
2023-06-12 19:45:00+00:00,183.2901,183.3,183.19,1717,183.22,173373,183.243894
2023-06-12 19:46:00+00:00,183.41,183.44,183.29,1648,183.3,149224,183.36829
2023-06-12 19:47:00+00:00,183.435,183.45,183.34,1361,183.405,111675,183.382506
2023-06-12 19:48:00+00:00,183.4,183.47,183.351,1559,183.44,120430,183.419089
2023-06-12 19:49:00+00:00,183.41,183.4373,183.365,1382,183.3984,112923,183.399502
2023-06-12 19:50:00+00:00,183.6,183.63,183.41,5523,183.41,521583,183.522872
2023-06-12 19:51:00+00:00,183.57,183.62,183.53,1926,183.6,183174,183.569252
2023-06-12 19:52:00+00:00,183.59,183.66,183.56,2486,183.58,259861,183.602315
2023-06-12 19:53:00+00:00,183.619,183.66,183.57,2503,183.585,234033,183.61758
2023-06-12 19:54:00+00:00,183.6,183.76,183.565,4051,183.6146,381773,183.616742
2023-06-12 19:55:00+00:00,183.59,183.595,183.4529,3755,183.59,368814,183.519388
2023-06-12 19:56:00+00:00,183.56,183.6,183.51,2344,183.59,200238,183.538668
2023-06-12 19:57:00+00:00,183.61,183.62,183.535,2727,183.56,234382,183.577135
2023-06-12 19:58:00+00:00,183.65,183.66,183.5615,3794,183.605,439734,183.619896
2023-06-12 19:59:00+00:00,183.84,183.89,183.655,12914,183.655,2041606,183.79672
2023-06-12 20:00:00+00:00,183.8,183.83,183.74,379,183.79,11821207,183.790014
2023-06-12 20:01:00+00:00,183.84,183.89,183.79,265,183.83,1814990,183.790345
2023-06-12 20:02:00+00:00,183.81,183.88,183.8,124,183.82,1255123,183.790252
2023-06-12 20:03:00+00:00,183.85,183.88,183.81,163,183.84,12381,183.857213
2023-06-12 20:04:00+00:00,183.83,183.89,183.83,149,183.83,9300,183.866375
2023-06-12 20:05:00+00:00,183.84,183.88,183.8,122,183.84,16488,183.847838
2023-06-12 20:06:00+00:00,183.78,183.829,183.77,107,183.82,303611,183.790065
2023-06-12 20:07:00+00:00,183.78,183.8,183.74,132,183.79,21845,183.773309
2023-06-12 20:08:00+00:00,183.8,183.81,183.74,94,183.78,24148,183.777197
2023-06-12 20:09:00+00:00,183.8,183.84,183.8,91,183.83,5718,183.816246
2023-06-12 20:10:00+00:00,183.78,183.81,183.78,144,183.81,7959,183.796183
2023-06-12 20:11:00+00:00,183.81,183.85,183.79,55,183.82,17566,183.794699
2023-06-12 20:12:00+00:00,183.8,183.8,183.77,107,183.799,106350,183.790067
2023-06-12 20:13:00+00:00,183.84,183.85,183.8,125,183.81,4270,183.824009
2023-06-12 20:14:00+00:00,183.81,183.83,183.81,136,183.83,1493,183.819015
2023-06-12 20:15:00+00:00,183.83,183.83,183.81,74,183.83,3277,183.823888
2023-06-12 20:16:00+00:00,183.82,183.83,183.82,67,183.83,7475,183.823886
2023-06-12 20:17:00+00:00,183.86,183.86,183.8208,65,183.83,6664,183.845192
2023-06-12 20:18:00+00:00,183.86,183.89,183.86,96,183.88,7106,183.871774
2023-06-12 20:19:00+00:00,183.92,183.93,183.86,104,183.86,11726,183.89661
2023-06-12 20:20:00+00:00,183.97,183.98,183.93,123,183.94,7346,183.959983
2023-06-12 20:21:00+00:00,183.92,183.95,183.79,57,183.95,9060,183.914146
2023-06-12 20:22:00+00:00,183.91,183.91,183.91,38,183.91,1029,183.912498
2023-06-12 20:23:00+00:00,183.9,183.93,183.9,67,183.9,2236,183.91129
2023-06-12 20:24:00+00:00,183.89,183.93,183.85,67,183.85,2017,183.888094
2023-06-12 20:25:00+00:00,183.91,183.91,183.9,54,183.91,2070,183.90454
2023-06-12 20:26:00+00:00,183.94,183.94,183.9,60,183.9,3080,183.913394
2023-06-12 20:27:00+00:00,183.92,183.96,183.9,49,183.95,3573,183.929191
2023-06-12 20:28:00+00:00,183.95,183.95,183.95,42,183.95,1763,183.94897
2023-06-12 20:29:00+00:00,183.95,183.97,183.95,51,183.95,2073,183.953591
2023-06-12 20:30:00+00:00,183.95,183.9705,183.95,44,183.97,2309,183.965178
2023-06-12 20:31:00+00:00,183.95,183.99,183.95,80,183.95,7408,183.968121
2023-06-12 20:32:00+00:00,183.95,183.95,183.95,40,183.95,1013,183.952042
2023-06-12 20:33:00+00:00,183.97,183.97,183.96,34,183.96,655,183.966137
2023-06-12 20:34:00+00:00,183.9,183.95,183.9,50,183.95,4549,183.93718
2023-06-12 20:35:00+00:00,183.91,183.92,183.91,41,183.92,956,183.91454
2023-06-12 20:36:00+00:00,183.95,183.96,183.93,64,183.94,3265,183.943175
2023-06-12 20:37:00+00:00,183.9584,183.96,183.94,39,183.96,928,183.951913
2023-06-12 20:38:00+00:00,183.94,183.96,183.94,51,183.9415,2007,183.951659
2023-06-12 20:39:00+00:00,183.96,183.97,183.96,25,183.97,404,183.965891
2023-06-12 20:40:00+00:00,183.93,183.95,183.93,33,183.95,701,183.942668
2023-06-12 20:41:00+00:00,183.95,183.95,183.93,35,183.93,3032,183.944295
2023-06-12 20:42:00+00:00,183.93,183.95,183.92,31,183.92,2615,183.941163
2023-06-12 20:43:00+00:00,183.96,183.99,183.93,149,183.93,12965,183.952663
2023-06-12 20:44:00+00:00,183.9515,183.97,183.9515,20,183.97,469,183.962484
2023-06-12 20:45:00+00:00,183.93,183.97,183.93,66,183.97,2936,183.946604
2023-06-12 20:47:00+00:00,183.94,183.94,183.94,41,183.94,2810,183.939685
2023-06-12 20:48:00+00:00,183.94,183.95,183.9303,60,183.94,2580,183.94262
2023-06-12 20:50:00+00:00,183.93,183.93,183.92,56,183.92,2801,183.924902
2023-06-12 20:51:00+00:00,183.93,183.93,183.79,47,183.79,533384,183.790182
2023-06-12 20:52:00+00:00,183.91,183.91,183.91,27,183.91,363,183.914058
2023-06-12 20:53:00+00:00,183.91,183.94,183.91,27,183.94,366,183.930273
2023-06-12 20:54:00+00:00,183.92,183.92,183.91,26,183.9102,1700,183.91267
2023-06-12 20:55:00+00:00,183.94,183.94,183.91,27,183.91,1528,183.931358
2023-06-12 20:56:00+00:00,183.9,183.91,183.9,36,183.91,871,183.905878
2023-06-12 20:57:00+00:00,183.92,183.92,183.91,54,183.92,841,183.917562
2023-06-12 20:58:00+00:00,183.91,183.94,183.9,64,183.91,1932,183.913624
2023-06-12 20:59:00+00:00,183.97,183.97,183.91,73,183.9102,4534,183.935899
2023-06-12 21:01:00+00:00,183.96,183.96,183.96,22,183.96,223,183.950756
2023-06-12 21:02:00+00:00,183.99,183.99,183.97,56,183.97,2451,183.979384
2023-06-12 21:03:00+00:00,183.94,183.99,183.94,35,183.97,1997,183.956054
2023-06-12 21:04:00+00:00,183.92,183.94,183.91,29,183.94,1603,183.930081
2023-06-12 21:05:00+00:00,183.93,183.93,183.9,47,183.91,1814,183.912395
2023-06-12 21:06:00+00:00,183.9,183.9,183.9,16,183.9,348,183.900474
2023-06-12 21:08:00+00:00,183.91,183.91,183.91,21,183.91,270,183.90438
2023-06-12 21:09:00+00:00,183.9,183.9,183.9,28,183.9,671,183.899158
2023-06-12 21:10:00+00:00,183.91,183.91,183.9006,32,183.91,1244,183.906451
2023-06-12 21:11:00+00:00,183.89,183.92,183.89,39,183.92,1944,183.908089
2023-06-12 21:12:00+00:00,183.9,183.97,183.79,58,183.79,38666,183.805698
2023-06-12 21:13:00+00:00,183.92,183.92,183.9,31,183.9,1443,183.91605
2023-06-12 21:16:00+00:00,183.89,183.9,183.89,10,183.9,279,183.895842
2023-06-12 21:18:00+00:00,183.9009,183.9009,183.9009,31,183.9009,341,183.911217
2023-06-12 21:19:00+00:00,183.8926,183.8926,183.8926,14,183.8926,333,183.906113
2023-06-12 21:20:00+00:00,183.8931,183.8931,183.8931,19,183.8931,181,183.897376
2023-06-12 21:22:00+00:00,183.96,183.97,183.958,22,183.9683,1205,183.959017
2023-06-12 21:25:00+00:00,183.97,183.97,183.9017,24,183.9017,753,183.914568
2023-06-12 21:31:00+00:00,183.9,183.92,183.9,31,183.9074,5289,183.908168
2023-06-12 21:34:00+00:00,183.93,183.93,183.92,32,183.92,838,184.112387
2023-06-12 21:35:00+00:00,183.9399,183.9399,183.9399,30,183.9399,258,183.93374
2023-06-12 21:36:00+00:00,183.9201,183.9201,183.9201,32,183.9201,321,183.920732
2023-06-12 21:37:00+00:00,183.93,183.93,183.93,24,183.93,365,183.928425
2023-06-12 21:39:00+00:00,183.93,183.93,183.93,20,183.93,254,183.929685
2023-06-12 21:40:00+00:00,183.93,183.93,183.93,22,183.93,523,183.929417
2023-06-12 21:44:00+00:00,183.95,183.97,183.94,42,183.94,2082,183.960566
2023-06-12 21:45:00+00:00,183.95,183.97,183.95,69,183.9686,2998,183.954883
2023-06-12 21:46:00+00:00,183.96,183.99,183.96,33,183.99,924,183.972273
2023-06-12 21:47:00+00:00,183.93,183.95,183.92,28,183.95,1764,183.934819
2023-06-12 21:48:00+00:00,183.9201,183.9201,183.9201,16,183.9201,181,183.935635
2023-06-12 21:49:00+00:00,183.93,183.98,183.93,42,183.97,1671,183.953339
2023-06-12 21:50:00+00:00,183.92,183.92,183.92,15,183.92,228,183.923399
2023-06-12 21:52:00+00:00,183.93,183.95,183.93,24,183.95,337,183.936973
2023-06-12 21:53:00+00:00,183.9499,183.95,183.9499,27,183.95,1003,183.950427
2023-06-12 21:54:00+00:00,184.0,184.0,183.98,480,183.98,19847,183.997906
2023-06-12 21:56:00+00:00,183.99,184.03,183.99,28,184.03,1467,183.997447
2023-06-12 21:57:00+00:00,184.0201,184.0201,184.02,39,184.02,1120,184.019679
2023-06-12 21:59:00+00:00,184.06,184.06,184.0,63,184.0,1485,184.037121
2023-06-12 22:02:00+00:00,184.0,184.03,184.0,32,184.01,2113,184.020982
2023-06-12 22:05:00+00:00,184.0,184.0104,184.0,25,184.0104,1671,184.006301
2023-06-12 22:06:00+00:00,184.0,184.0,184.0,29,184.0,249,184.003096
2023-06-12 22:07:00+00:00,184.04,184.04,184.04,24,184.04,326,184.017883
2023-06-12 22:08:00+00:00,184.0,184.0,184.0,24,184.0,767,184.001069
2023-06-12 22:09:00+00:00,184.0,184.0,184.0,29,184.0,2482,183.998789
2023-06-12 22:12:00+00:00,184.01,184.01,184.01,31,184.01,1340,184.007112
2023-06-12 22:14:00+00:00,183.9905,183.9905,183.9905,12,183.9905,918,183.990584
2023-06-12 22:15:00+00:00,184.0,184.0,184.0,25,184.0,769,183.998479
2023-06-12 22:18:00+00:00,184.0,184.0,184.0,22,184.0,466,183.999549
2023-06-12 22:22:00+00:00,184.02,184.02,184.0,35,184.0,2022,184.016355
2023-06-12 22:23:00+00:00,184.02,184.02,184.02,22,184.02,754,183.998229
2023-06-12 22:24:00+00:00,183.98,184.0064,183.98,21,184.0064,280,183.995193
2023-06-12 22:25:00+00:00,184.04,184.04,184.02,35,184.02,1987,184.033437
2023-06-12 22:29:00+00:00,184.0,184.0,184.0,20,184.0,385,184.005325
2023-06-12 22:30:00+00:00,184.05,184.05,184.05,23,184.05,1349,184.048981
2023-06-12 22:31:00+00:00,184.05,184.05,184.05,11,184.05,180,184.04825
2023-06-12 22:33:00+00:00,184.0,184.0,184.0,17,184.0,359,184.003969
2023-06-12 22:34:00+00:00,184.0388,184.0388,184.0388,14,184.0388,393,184.036361
2023-06-12 22:36:00+00:00,184.0,184.0,184.0,30,184.0,752,183.998743
2023-06-12 22:37:00+00:00,184.0,184.0,184.0,14,184.0,2950,184.00001
2023-06-12 22:40:00+00:00,184.0,184.05,184.0,19,184.05,2473,184.008352
2023-06-12 22:41:00+00:00,184.05,184.05,184.05,31,184.05,599,184.040551
2023-06-12 22:43:00+00:00,184.0219,184.05,184.0219,32,184.05,1425,184.038212
2023-06-12 22:44:00+00:00,184.0112,184.0112,184.0112,24,184.0112,545,184.027781
2023-06-12 22:45:00+00:00,184.15,184.15,184.07,89,184.07,2652,184.1024
2023-06-12 22:46:00+00:00,184.25,184.25,184.15,150,184.15,5834,184.192736
2023-06-12 22:47:00+00:00,184.25,184.28,184.25,38,184.28,1577,184.264781
2023-06-12 22:48:00+00:00,184.26,184.26,184.1502,36,184.24,3190,184.218174
2023-06-12 22:49:00+00:00,184.21,184.21,184.21,14,184.21,126,184.208452
2023-06-12 22:50:00+00:00,184.2336,184.2336,184.15,24,184.15,1038,184.18513
2023-06-12 22:53:00+00:00,184.17,184.17,184.17,17,184.17,595,184.172134
2023-06-12 22:56:00+00:00,184.25,184.25,184.21,71,184.21,1778,184.240551
2023-06-12 22:57:00+00:00,184.17,184.28,184.17,21,184.28,442,184.223771
2023-06-12 22:58:00+00:00,184.191,184.191,184.191,17,184.191,579,184.197522
2023-06-12 22:59:00+00:00,184.28,184.28,184.19,31,184.19,546,184.214799
2023-06-12 23:00:00+00:00,184.28,184.29,184.28,70,184.29,1981,184.280131
2023-06-12 23:01:00+00:00,184.25,184.25,184.2,21,184.2,667,184.213186
2023-06-12 23:04:00+00:00,184.23,184.23,184.23,25,184.23,346,184.234191
2023-06-12 23:05:00+00:00,184.25,184.25,184.25,32,184.25,729,184.24821
2023-06-12 23:06:00+00:00,184.27,184.27,184.27,26,184.27,609,184.265961
2023-06-12 23:07:00+00:00,184.27,184.29,184.27,21,184.29,384,184.282617
2023-06-12 23:09:00+00:00,184.25,184.27,184.25,55,184.27,2958,184.258587
2023-06-12 23:12:00+00:00,184.25,184.25,184.25,11,184.25,213,184.247836
2023-06-12 23:13:00+00:00,184.22,184.24,184.22,32,184.24,780,184.208256
2023-06-12 23:14:00+00:00,184.17,184.2,184.17,45,184.2,1518,184.195771
2023-06-12 23:15:00+00:00,184.17,184.2,184.17,17,184.2,807,184.180651
2023-06-12 23:16:00+00:00,184.23,184.23,184.23,27,184.23,399,184.234311
2023-06-12 23:17:00+00:00,184.29,184.29,184.27,20,184.27,1012,184.279348
2023-06-12 23:18:00+00:00,184.26,184.26,184.26,27,184.26,232,184.267371
2023-06-12 23:20:00+00:00,184.33,184.33,184.29,51,184.29,2726,184.296483
2023-06-12 23:21:00+00:00,184.3,184.35,184.3,60,184.34,4698,184.34177
2023-06-12 23:22:00+00:00,184.35,184.35,184.35,23,184.35,650,184.349908
2023-06-12 23:23:00+00:00,184.35,184.35,184.31,22,184.35,679,184.329705
2023-06-12 23:24:00+00:00,184.34,184.34,184.3,26,184.3,549,184.314135
2023-06-12 23:25:00+00:00,184.33,184.34,184.33,18,184.34,427,184.332178
2023-06-12 23:26:00+00:00,184.12,184.35,184.12,275,184.35,11402,184.225368
2023-06-12 23:27:00+00:00,184.05,184.28,184.05,81,184.28,10808,184.06961
2023-06-12 23:28:00+00:00,183.99,184.11,183.99,115,184.11,9118,184.029402
2023-06-12 23:29:00+00:00,183.79,184.03,183.79,288,184.0,38886,183.881657
2023-06-12 23:30:00+00:00,183.7,183.99,183.62,362,183.88,16903,183.772517
2023-06-12 23:31:00+00:00,183.5,183.89,183.36,208,183.7,13634,183.565945
2023-06-12 23:32:00+00:00,183.5001,183.5001,183.37,73,183.45,5516,183.446891
2023-06-12 23:33:00+00:00,182.8,183.7,182.8,286,183.37,33209,183.228763
2023-06-12 23:34:00+00:00,182.5,182.8,182.3,279,182.79,29979,182.50948
2023-06-12 23:35:00+00:00,181.92,182.5,181.92,356,182.38,36702,182.198515
2023-06-12 23:36:00+00:00,182.0,182.0,181.67,221,181.9,13531,181.881209
2023-06-12 23:37:00+00:00,182.0,182.0,181.94,113,182.0,9667,181.998803
2023-06-12 23:38:00+00:00,182.0,182.0,181.98,109,182.0,5976,181.999425
2023-06-12 23:39:00+00:00,181.9,182.0,181.8,132,182.0,12925,181.97845
2023-06-12 23:40:00+00:00,181.9,181.9,181.75,115,181.88,8301,181.866598
2023-06-12 23:41:00+00:00,181.9,181.9,181.85,95,181.9,6259,181.897951
2023-06-12 23:42:00+00:00,181.9,182.25,181.9,109,181.9,16823,181.990411
2023-06-12 23:43:00+00:00,181.9,182.0,181.81,118,181.99,13590,181.900315
2023-06-12 23:44:00+00:00,181.77,181.94,181.63,144,181.9,7505,181.824264
2023-06-12 23:45:00+00:00,181.61,181.88,181.52,203,181.85,13283,181.703053
2023-06-12 23:46:00+00:00,181.7,181.77,181.5,178,181.51,12328,181.563203
2023-06-12 23:47:00+00:00,181.79,181.8,181.69,94,181.69,5044,181.768123
2023-06-12 23:48:00+00:00,181.8,181.8,181.78,78,181.8,7866,181.791907
2023-06-12 23:49:00+00:00,181.8,181.8,181.78,83,181.8,12968,181.795358
2023-06-12 23:50:00+00:00,181.71,181.8,181.71,101,181.8,5710,181.771552
2023-06-12 23:51:00+00:00,181.8,181.8,181.6,116,181.7,9896,181.67578
2023-06-12 23:52:00+00:00,181.85,181.85,181.7,68,181.7,5864,181.793407
2023-06-12 23:53:00+00:00,182.2,182.2,181.88,123,181.9,10117,182.069487
2023-06-12 23:54:00+00:00,182.34,182.35,182.23,119,182.23,9265,182.2907
2023-06-12 23:55:00+00:00,182.69,182.7,182.2,137,182.3,16447,182.468436
2023-06-12 23:56:00+00:00,182.58,182.58,182.48,90,182.5,6995,182.514433
2023-06-12 23:57:00+00:00,182.55,182.59,182.52,96,182.52,10406,182.536687
2023-06-12 23:58:00+00:00,182.54,182.5496,182.1,162,182.54,23061,182.462528
2023-06-12 23:59:00+00:00,182.5099,182.55,182.4401,105,182.46,10876,182.484616
