timestamp,close,high,low,trade_count,open,volume,vwap
2023-08-07 08:00:00+00:00,183.3,183.49,182.54,199,183.04,8805,183.242837
2023-08-07 08:01:00+00:00,183.25,183.37,183.25,102,183.27,3097,183.261757
2023-08-07 08:02:00+00:00,183.28,183.28,183.24,64,183.24,2386,183.267242
2023-08-07 08:03:00+00:00,183.25,183.37,183.25,76,183.32,4529,183.296412
2023-08-07 08:04:00+00:00,183.35,183.35,183.25,77,183.33,3666,183.300079
2023-08-07 08:05:00+00:00,183.28,183.35,183.25,43,183.25,2493,183.325475
2023-08-07 08:06:00+00:00,183.2,183.28,183.2,70,183.28,5301,183.213809
2023-08-07 08:08:00+00:00,183.15,183.24,183.15,78,183.24,1882,183.198603
2023-08-07 08:09:00+00:00,183.01,183.2,183.0,166,183.12,6969,183.095239
2023-08-07 08:10:00+00:00,182.8,182.89,182.8,101,182.89,2016,182.856533
2023-08-07 08:11:00+00:00,182.85,182.89,182.83,57,182.83,5839,182.860457
2023-08-07 08:12:00+00:00,182.82,182.82,182.77,78,182.82,2054,182.799878
2023-08-07 08:13:00+00:00,183.0,183.0,182.75,74,182.75,4960,182.914722
2023-08-07 08:14:00+00:00,182.93,182.95,182.93,28,182.95,1410,182.939021
2023-08-07 08:15:00+00:00,182.95,182.95,182.9,35,182.95,1742,182.930775
2023-08-07 08:16:00+00:00,182.93,182.93,182.93,21,182.93,479,182.944572
2023-08-07 08:18:00+00:00,182.93,182.93,182.93,45,182.93,467,182.943255
2023-08-07 08:19:00+00:00,182.97,182.97,182.97,32,182.97,1030,182.963544
2023-08-07 08:20:00+00:00,183.0,183.0,183.0,24,183.0,907,183.000573
2023-08-07 08:21:00+00:00,183.0,183.0,183.0,54,183.0,1612,183.000571
2023-08-07 08:22:00+00:00,183.0,183.0,183.0,43,183.0,954,182.998857
2023-08-07 08:23:00+00:00,183.0,183.0,182.98,21,182.98,850,182.986941
2023-08-07 08:24:00+00:00,183.0,183.0,183.0,33,183.0,596,182.998758
2023-08-07 08:25:00+00:00,182.93,182.93,182.93,67,182.93,708,182.928658
2023-08-07 08:26:00+00:00,182.89,182.89,182.89,31,182.89,337,182.900742
2023-08-07 08:29:00+00:00,182.97,182.97,182.97,33,182.97,786,182.931641
2023-08-07 08:31:00+00:00,183.0,183.0,182.98,43,183.0,1987,182.99615
2023-08-07 08:32:00+00:00,183.02,183.02,183.02,14,183.02,350,183.014914
2023-08-07 08:33:00+00:00,182.89,183.0,182.89,88,183.0,3479,182.963533
2023-08-07 08:34:00+00:00,182.99,182.99,182.81,86,182.87,6406,182.959043
2023-08-07 08:35:00+00:00,182.84,182.87,182.84,30,182.87,3954,182.845379
2023-08-07 08:36:00+00:00,182.9,182.9,182.9,31,182.9,831,182.920072
2023-08-07 08:38:00+00:00,182.9,182.9,182.9,11,182.9,234,182.907436
2023-08-07 08:40:00+00:00,182.98,182.98,182.98,23,182.98,681,182.984581
2023-08-07 08:41:00+00:00,182.91,182.98,182.91,89,182.98,1989,182.941026
2023-08-07 08:43:00+00:00,182.91,182.91,182.91,49,182.91,382,182.902173
2023-08-07 08:44:00+00:00,182.99,182.99,182.8,88,182.84,5023,182.910261
2023-08-07 08:45:00+00:00,182.86,182.88,182.8,70,182.88,2690,182.83913
2023-08-07 08:46:00+00:00,182.76,182.81,182.76,72,182.81,3992,182.800962
2023-08-07 08:48:00+00:00,182.78,182.78,182.77,47,182.77,1065,182.781953
2023-08-07 08:49:00+00:00,182.75,182.75,182.75,20,182.75,394,182.762893
2023-08-07 08:52:00+00:00,182.88,182.88,182.85,40,182.85,1232,182.874399
2023-08-07 08:53:00+00:00,182.98,182.98,182.95,22,182.95,783,182.961699
2023-08-07 08:54:00+00:00,182.98,182.99,182.98,23,182.99,1470,182.988034
2023-08-07 08:55:00+00:00,182.99,183.04,182.98,38,182.98,1640,182.994152
2023-08-07 08:56:00+00:00,183.02,183.02,183.0,52,183.02,2170,183.013783
2023-08-07 08:57:00+00:00,183.0,183.01,183.0,55,183.0,1602,183.011311
2023-08-07 08:58:00+00:00,183.0,183.0,183.0,30,183.0,1032,183.001114
2023-08-07 08:59:00+00:00,182.91,182.94,182.91,53,182.94,1866,182.928076
2023-08-07 09:00:00+00:00,182.82,182.82,182.82,30,182.82,476,182.834853
2023-08-07 09:01:00+00:00,182.86,182.86,182.86,17,182.86,386,182.855104
2023-08-07 09:02:00+00:00,182.8,182.8,182.8,29,182.8,837,182.809785
2023-08-07 09:03:00+00:00,182.77,182.81,182.77,25,182.81,1060,182.794113
2023-08-07 09:04:00+00:00,182.77,182.8,182.77,13,182.8,751,182.78518
2023-08-07 09:06:00+00:00,182.9,182.9,182.9,43,182.9,1783,182.888626
2023-08-07 09:09:00+00:00,182.9,182.9,182.9,31,182.9,717,182.89477
2023-08-07 09:10:00+00:00,182.83,182.85,182.83,47,182.85,2245,182.845029
2023-08-07 09:12:00+00:00,182.82,182.82,182.82,63,182.82,1903,182.816122
2023-08-07 09:18:00+00:00,182.9,182.9,182.88,25,182.88,971,182.886004
2023-08-07 09:24:00+00:00,182.89,182.89,182.89,15,182.89,419,182.8942
2023-08-07 09:25:00+00:00,182.94,182.94,182.9,31,182.9,1059,182.914023
2023-08-07 09:26:00+00:00,182.94,182.94,182.94,16,182.94,437,182.940824
2023-08-07 09:29:00+00:00,183.0,183.0,182.99,33,182.99,628,182.997994
2023-08-07 09:34:00+00:00,183.05,183.08,183.05,39,183.08,670,183.052821
2023-08-07 09:35:00+00:00,183.09,183.09,183.09,21,183.09,630,183.069952
2023-08-07 09:36:00+00:00,183.1,183.1,183.1,41,183.1,1227,183.097229
2023-08-07 09:37:00+00:00,183.11,183.11,183.11,16,183.11,660,183.117121
2023-08-07 09:38:00+00:00,183.17,183.17,183.17,21,183.17,254,183.158583
2023-08-07 09:40:00+00:00,183.19,183.19,183.19,32,183.19,1009,183.187641
2023-08-07 09:41:00+00:00,183.2,183.2,183.18,36,183.18,1198,183.190618
2023-08-07 09:42:00+00:00,183.17,183.17,183.16,20,183.16,1275,183.167796
2023-08-07 09:43:00+00:00,183.17,183.18,183.17,40,183.18,1397,183.174989
2023-08-07 09:44:00+00:00,183.12,183.17,183.1,52,183.17,2156,183.142519
2023-08-07 09:46:00+00:00,183.07,183.1,183.07,46,183.1,733,183.074093
2023-08-07 09:47:00+00:00,183.07,183.08,183.07,18,183.08,385,183.074494
2023-08-07 09:48:00+00:00,183.1,183.1,183.07,25,183.07,714,183.080028
2023-08-07 09:52:00+00:00,183.09,183.09,183.03,13,183.03,343,183.053586
2023-08-07 09:53:00+00:00,183.05,183.1,183.05,30,183.1,720,183.064514
2023-08-07 09:54:00+00:00,183.02,183.06,183.02,56,183.05,3536,183.023747
2023-08-07 09:55:00+00:00,183.0,183.04,183.0,82,183.0,2054,183.01054
2023-08-07 09:58:00+00:00,182.97,182.97,182.97,40,182.97,484,182.97907
2023-08-07 09:59:00+00:00,182.86,182.96,182.85,78,182.96,1658,182.913993
2023-08-07 10:00:00+00:00,182.85,182.86,182.82,37,182.82,1801,182.843237
2023-08-07 10:03:00+00:00,182.87,182.87,182.87,26,182.87,660,182.862939
2023-08-07 10:04:00+00:00,182.88,182.88,182.88,4,182.88,326,182.880092
2023-08-07 10:05:00+00:00,182.86,182.86,182.86,34,182.86,848,182.860743
2023-08-07 10:07:00+00:00,182.85,182.85,182.85,32,182.85,1611,182.849659
2023-08-07 10:08:00+00:00,182.8,182.84,182.8,108,182.84,2838,182.815835
2023-08-07 10:09:00+00:00,182.84,182.84,182.75,71,182.77,1248,182.796218
2023-08-07 10:12:00+00:00,182.71,182.72,182.71,15,182.72,307,182.717362
2023-08-07 10:13:00+00:00,182.68,182.71,182.68,57,182.71,1133,182.699338
2023-08-07 10:14:00+00:00,182.65,182.67,182.65,60,182.67,1073,182.669702
2023-08-07 10:16:00+00:00,182.74,182.74,182.72,19,182.74,1067,182.734311
2023-08-07 10:17:00+00:00,182.74,182.74,182.74,12,182.74,262,182.731718
2023-08-07 10:18:00+00:00,182.74,182.74,182.74,29,182.74,2172,182.739392
2023-08-07 10:19:00+00:00,182.74,182.74,182.72,24,182.74,1648,182.737488
2023-08-07 10:20:00+00:00,182.71,182.74,182.71,49,182.74,990,182.725242
2023-08-07 10:21:00+00:00,182.71,182.71,182.71,22,182.71,2186,182.710142
2023-08-07 10:23:00+00:00,182.61,182.65,182.61,90,182.65,1693,182.63834
2023-08-07 10:24:00+00:00,182.6,182.6,182.6,14,182.6,275,182.600545
2023-08-07 10:25:00+00:00,182.6,182.6,182.59,41,182.59,1145,182.595459
2023-08-07 10:26:00+00:00,182.54,182.6,182.54,139,182.6,6326,182.578365
2023-08-07 10:27:00+00:00,182.51,182.52,182.47,148,182.52,3516,182.495412
2023-08-07 10:28:00+00:00,182.43,182.5,182.43,49,182.48,1230,182.479098
2023-08-07 10:29:00+00:00,182.52,182.55,182.52,28,182.55,1012,182.536383
2023-08-07 10:30:00+00:00,182.38,182.52,182.38,65,182.52,1530,182.426922
2023-08-07 10:32:00+00:00,182.59,182.59,182.59,23,182.59,593,182.56688
2023-08-07 10:33:00+00:00,182.63,182.63,182.63,29,182.63,604,182.620116
2023-08-07 10:35:00+00:00,182.5,182.5,182.5,18,182.5,218,182.484174
2023-08-07 10:37:00+00:00,182.5,182.5,182.43,39,182.46,3231,182.473188
2023-08-07 10:40:00+00:00,182.59,182.59,182.59,31,182.59,1162,182.592814
2023-08-07 10:41:00+00:00,182.59,182.59,182.59,50,182.59,1458,182.591701
2023-08-07 10:42:00+00:00,182.64,182.64,182.61,49,182.61,1454,182.609058
2023-08-07 10:43:00+00:00,182.64,182.64,182.64,24,182.64,388,182.65067
2023-08-07 10:44:00+00:00,182.69,182.7,182.68,38,182.68,2640,182.693477
2023-08-07 10:45:00+00:00,182.75,182.75,182.75,16,182.75,345,182.745768
2023-08-07 10:48:00+00:00,182.55,182.68,182.55,70,182.68,1941,182.635822
2023-08-07 10:49:00+00:00,182.6,182.6,182.6,23,182.6,332,182.592289
2023-08-07 10:50:00+00:00,182.6,182.6,182.6,15,182.6,399,182.602231
2023-08-07 10:51:00+00:00,182.6,182.6,182.59,25,182.59,583,182.595557
2023-08-07 10:54:00+00:00,182.6,182.6,182.6,39,182.6,873,182.59543
2023-08-07 10:55:00+00:00,182.62,182.62,182.6,32,182.6,1815,182.619229
2023-08-07 10:56:00+00:00,182.62,182.62,182.62,15,182.62,341,182.640176
2023-08-07 10:58:00+00:00,182.66,182.66,182.66,15,182.66,348,182.661667
2023-08-07 11:00:00+00:00,182.57,182.97,182.56,314,182.69,17635,182.724422
2023-08-07 11:01:00+00:00,182.5,182.63,182.5,162,182.63,7554,182.572918
2023-08-07 11:02:00+00:00,182.5,182.5,182.43,106,182.46,7082,182.48039
2023-08-07 11:03:00+00:00,182.45,182.47,182.45,49,182.47,2244,182.454149
2023-08-07 11:04:00+00:00,182.45,182.45,182.45,63,182.45,2596,182.448968
2023-08-07 11:05:00+00:00,182.41,182.45,182.4,129,182.43,5709,182.417197
2023-08-07 11:06:00+00:00,182.3,182.39,182.3,85,182.39,1896,182.350211
2023-08-07 11:07:00+00:00,182.26,182.37,182.26,85,182.31,4365,182.311796
2023-08-07 11:08:00+00:00,182.37,182.37,182.37,45,182.37,1640,182.366128
2023-08-07 11:09:00+00:00,182.33,182.37,182.33,47,182.35,1576,182.350241
2023-08-07 11:11:00+00:00,182.35,182.35,182.35,49,182.35,1270,182.349433
2023-08-07 11:12:00+00:00,182.4,182.4,182.35,68,182.35,2648,182.385298
2023-08-07 11:14:00+00:00,182.5,182.5,182.4,75,182.4,6579,182.465806
2023-08-07 11:15:00+00:00,182.5,182.51,182.5,49,182.5,2281,182.510758
2023-08-07 11:16:00+00:00,182.48,182.5,182.48,56,182.5,1650,182.495909
2023-08-07 11:17:00+00:00,182.42,182.45,182.42,72,182.45,2752,182.424019
2023-08-07 11:18:00+00:00,182.4,182.4,182.4,27,182.4,1020,182.403775
2023-08-07 11:19:00+00:00,182.47,182.47,182.46,38,182.46,1290,182.461333
2023-08-07 11:20:00+00:00,182.35,182.44,182.35,63,182.44,1069,182.379579
2023-08-07 11:21:00+00:00,182.41,182.41,182.35,44,182.35,1795,182.373877
2023-08-07 11:23:00+00:00,182.38,182.4,182.38,60,182.4,2412,182.393553
2023-08-07 11:26:00+00:00,182.3,182.35,182.3,55,182.35,1248,182.313862
2023-08-07 11:27:00+00:00,182.29,182.31,182.29,65,182.31,1513,182.305724
2023-08-07 11:28:00+00:00,182.33,182.33,182.33,17,182.33,1048,182.329895
2023-08-07 11:29:00+00:00,182.39,182.39,182.34,40,182.34,1904,182.36355
2023-08-07 11:30:00+00:00,182.4,182.4,182.37,33,182.37,2179,182.39084
2023-08-07 11:31:00+00:00,182.4,182.41,182.39,102,182.39,4167,182.401529
2023-08-07 11:32:00+00:00,182.38,182.39,182.38,34,182.39,797,182.386876
2023-08-07 11:35:00+00:00,182.42,182.42,182.42,51,182.42,1065,182.429286
2023-08-07 11:36:00+00:00,182.46,182.46,182.46,22,182.46,481,182.467817
2023-08-07 11:37:00+00:00,182.44,182.45,182.44,51,182.45,1314,182.449795
2023-08-07 11:38:00+00:00,182.45,182.45,182.45,28,182.45,1868,182.449764
2023-08-07 11:39:00+00:00,182.47,182.49,182.47,36,182.49,2972,182.475515
2023-08-07 11:40:00+00:00,182.45,182.49,182.45,84,182.49,4700,182.47283
2023-08-07 11:41:00+00:00,182.45,182.45,182.44,34,182.44,1292,182.444071
2023-08-07 11:42:00+00:00,182.46,182.46,182.46,27,182.46,2003,182.460714
2023-08-07 11:43:00+00:00,182.46,182.46,182.46,59,182.46,7034,182.459407
2023-08-07 11:44:00+00:00,182.4,182.4,182.4,96,182.4,1656,182.407506
2023-08-07 11:45:00+00:00,182.4,182.41,182.4,25,182.41,956,182.401967
2023-08-07 11:46:00+00:00,182.41,182.41,182.41,20,182.41,685,182.406117
2023-08-07 11:47:00+00:00,182.5,182.51,182.43,100,182.43,6081,182.480765
2023-08-07 11:48:00+00:00,182.55,182.58,182.53,48,182.53,1775,182.552434
2023-08-07 11:49:00+00:00,182.59,182.59,182.58,31,182.58,1018,182.581768
2023-08-07 11:50:00+00:00,182.57,182.57,182.57,22,182.57,760,182.573395
2023-08-07 11:51:00+00:00,182.55,182.59,182.55,38,182.59,1779,182.563682
2023-08-07 11:52:00+00:00,182.58,182.58,182.57,14,182.57,814,182.57129
2023-08-07 11:53:00+00:00,182.58,182.58,182.58,33,182.58,544,182.575662
2023-08-07 11:56:00+00:00,182.5,182.56,182.5,89,182.56,5714,182.527772
2023-08-07 11:57:00+00:00,182.51,182.53,182.51,34,182.53,3415,182.512635
2023-08-07 11:59:00+00:00,182.54,182.54,182.54,34,182.54,774,182.524276
2023-08-07 12:00:00+00:00,182.54,182.7,182.26,883,182.62,94320,182.455967
2023-08-07 12:01:00+00:00,182.51,183.6,182.5,1543,182.55,8064,182.976803
2023-08-07 12:02:00+00:00,182.55,183.43,182.504,499,182.504,7633,182.81926
2023-08-07 12:03:00+00:00,182.59,183.88,182.57,665,182.58,6675,183.168788
2023-08-07 12:04:00+00:00,182.64,182.65,182.59,128,182.59,6080,182.604554
2023-08-07 12:05:00+00:00,182.62,182.62,182.6,64,182.6,1767,182.609047
2023-08-07 12:06:00+00:00,182.7,182.7,182.63,108,182.63,4055,182.659978
2023-08-07 12:07:00+00:00,182.65,182.7,182.65,89,182.67,2839,182.671166
2023-08-07 12:08:00+00:00,182.67,182.67,182.65,55,182.65,696,182.661367
2023-08-07 12:09:00+00:00,182.63,182.7,182.62,154,182.67,6672,182.665664
2023-08-07 12:10:00+00:00,182.68,182.68,182.63,63,182.64,3705,182.642007
2023-08-07 12:11:00+00:00,182.68,182.68,182.62,103,182.66,3551,182.651245
2023-08-07 12:12:00+00:00,182.72,182.72,182.6997,100,182.7,4017,182.706292
2023-08-07 12:13:00+00:00,182.73,182.79,182.71,124,182.71,7037,182.749658
2023-08-07 12:14:00+00:00,182.74,182.8,182.74,95,182.75,3048,182.760819
2023-08-07 12:15:00+00:00,182.69,182.8,182.69,177,182.8,6183,182.731334
2023-08-07 12:16:00+00:00,182.74,182.78,182.74,92,182.76,4838,182.75491
2023-08-07 12:17:00+00:00,182.61,182.75,182.61,151,182.75,7543,182.663538
2023-08-07 12:18:00+00:00,182.54,182.6,182.5,182,182.6,6356,182.574327
2023-08-07 12:19:00+00:00,182.45,182.57,182.45,171,182.51,5624,182.505527
2023-08-07 12:20:00+00:00,182.47,182.5,182.45,145,182.45,5475,182.474812
2023-08-07 12:21:00+00:00,182.56,182.56,182.5,74,182.5,2790,182.509325
2023-08-07 12:22:00+00:00,182.45,182.56,182.45,154,182.55,4826,182.488786
2023-08-07 12:23:00+00:00,182.3,182.45,182.3,260,182.45,7677,182.369159
2023-08-07 12:24:00+00:00,182.43,182.43,182.29,118,182.3,7602,182.321026
2023-08-07 12:25:00+00:00,182.4,182.4,182.3,161,182.33,14062,182.323385
2023-08-07 12:26:00+00:00,182.3,182.43,182.3,207,182.43,12020,182.371919
2023-08-07 12:27:00+00:00,182.2,182.31,182.2,224,182.31,11647,182.263901
2023-08-07 12:28:00+00:00,182.2,182.25,182.1,239,182.2,9913,182.195086
2023-08-07 12:29:00+00:00,182.18,182.2,182.13,104,182.13,4509,182.180558
2023-08-07 12:30:00+00:00,182.2,182.21,182.15,114,182.21,5759,182.189023
2023-08-07 12:31:00+00:00,182.27,182.27,182.2,144,182.23,5951,182.240895
2023-08-07 12:32:00+00:00,182.35,182.35,182.27,129,182.27,3912,182.323053
2023-08-07 12:33:00+00:00,182.38,182.38,182.35,79,182.35,2010,182.362871
2023-08-07 12:34:00+00:00,182.4,182.42,182.35,136,182.35,4337,182.394147
2023-08-07 12:35:00+00:00,182.45,182.45,182.45,75,182.45,2315,182.447188
2023-08-07 12:36:00+00:00,182.47,182.47,182.41,116,182.42,7382,182.452226
2023-08-07 12:37:00+00:00,182.51,182.52,182.45,196,182.46,9647,182.481093
2023-08-07 12:38:00+00:00,182.5,182.51,182.49,125,182.51,2860,182.484267
2023-08-07 12:39:00+00:00,182.52,182.52,182.5,62,182.5,6786,182.509651
2023-08-07 12:40:00+00:00,182.45,182.52,182.45,113,182.52,2642,182.505501
2023-08-07 12:41:00+00:00,182.4626,182.5,182.4626,97,182.5,3060,182.487275
2023-08-07 12:42:00+00:00,182.52,182.52,182.52,61,182.52,1807,182.509942
2023-08-07 12:43:00+00:00,182.52,182.54,182.52,70,182.52,1766,182.524617
2023-08-07 12:44:00+00:00,182.5,182.5384,182.5,92,182.5384,2527,182.517737
2023-08-07 12:45:00+00:00,182.48,182.5,182.48,124,182.5,6625,182.499243
2023-08-07 12:46:00+00:00,182.53,182.53,182.45,112,182.46,4603,182.493654
2023-08-07 12:47:00+00:00,182.5299,182.53,182.5,116,182.51,7456,182.525371
2023-08-07 12:48:00+00:00,182.55,182.55,182.52,132,182.53,10129,182.544637
2023-08-07 12:49:00+00:00,182.45,182.54,182.45,175,182.54,8136,182.491003
2023-08-07 12:50:00+00:00,182.46,182.47,182.37,261,182.37,11627,182.434918
2023-08-07 12:51:00+00:00,182.48,182.55,182.46,138,182.46,2492246,181.990858
2023-08-07 12:52:00+00:00,182.535,182.535,182.5,110,182.5,5045,182.515499
2023-08-07 12:53:00+00:00,182.54,182.55,182.52,106,182.55,3115,182.526587
2023-08-07 12:54:00+00:00,182.66,182.66,182.55,187,182.55,8105,182.614609
2023-08-07 12:55:00+00:00,182.58,182.66,182.58,159,182.65,10221,182.648191
2023-08-07 12:56:00+00:00,182.69,182.7,182.6,166,182.6,10951,182.642756
2023-08-07 12:57:00+00:00,182.63,182.69,182.6,147,182.66,6849,182.641721
2023-08-07 12:58:00+00:00,182.63,182.63,182.59,71,182.6,2583,182.602431
2023-08-07 12:59:00+00:00,182.61,182.61,182.61,59,182.61,2278,182.611515
2023-08-07 13:00:00+00:00,182.64,182.65,182.62,79,182.63,4251,182.636615
2023-08-07 13:01:00+00:00,182.7,182.7,182.64,138,182.64,8198,182.679418
2023-08-07 13:02:00+00:00,182.61,182.7,182.6,292,182.6999,13067,182.656479
2023-08-07 13:03:00+00:00,182.56,182.7,182.53,355,182.67,18776,182.637087
2023-08-07 13:04:00+00:00,182.53,182.57,182.5,282,182.56,16223,182.535766
2023-08-07 13:05:00+00:00,182.56,182.56,182.53,108,182.53,3002,182.544937
2023-08-07 13:06:00+00:00,182.54,182.6,182.53,113,182.6,4859,182.554058
2023-08-07 13:07:00+00:00,182.45,182.53,182.45,240,182.53,7397,182.490057
2023-08-07 13:08:00+00:00,182.53,182.53,182.42,227,182.47,12487,182.479878
2023-08-07 13:09:00+00:00,182.6401,182.65,182.56,130,182.56,4383,182.597186
2023-08-07 13:10:00+00:00,182.73,182.75,182.68,239,182.69,13584,182.71748
2023-08-07 13:11:00+00:00,182.77,182.79,182.71,147,182.71,7180,182.749148
2023-08-07 13:12:00+00:00,182.85,182.86,182.77,253,182.77,11727,182.815214
2023-08-07 13:13:00+00:00,182.88,182.9,182.84,177,182.84,11776,182.876096
2023-08-07 13:14:00+00:00,182.85,182.9,182.79,242,182.9,11786,182.848501
2023-08-07 13:15:00+00:00,182.67,182.82,182.66,266,182.82,13107,182.749977
2023-08-07 13:16:00+00:00,182.74,182.78,182.73,136,182.73,5861,182.745648
2023-08-07 13:17:00+00:00,182.74,182.75,182.72,157,182.75,6731,182.73935
2023-08-07 13:18:00+00:00,182.72,182.74,182.71,124,182.74,4833,182.726005
2023-08-07 13:19:00+00:00,182.49,182.72,182.49,392,182.72,12317,182.591682
2023-08-07 13:20:00+00:00,182.52,182.55,182.43,171,182.45,8498,182.498012
2023-08-07 13:21:00+00:00,182.5,182.53,182.5,142,182.51,4510,182.51509
2023-08-07 13:22:00+00:00,182.5,182.53,182.4801,132,182.53,3195,182.500915
2023-08-07 13:23:00+00:00,182.49,182.5,182.47,147,182.47,2534,182.493678
2023-08-07 13:24:00+00:00,182.54,182.55,182.5,107,182.53,8759,182.524586
2023-08-07 13:25:00+00:00,182.3,182.53,182.2,728,182.53,40440,182.30871
2023-08-07 13:26:00+00:00,182.42,182.42,182.27,183,182.27,14961,182.321921
2023-08-07 13:27:00+00:00,182.39,182.54,182.3,322,182.4,25301,182.448735
2023-08-07 13:28:00+00:00,182.23,182.3,182.15,386,182.3,32595,182.222469
2023-08-07 13:29:00+00:00,182.1,182.31,182.07,502,182.23,39013,182.177849
2023-08-07 13:30:00+00:00,182.58,183.13,181.7,30699,182.17,2685236,182.251269
2023-08-07 13:31:00+00:00,181.04,182.75,180.66,15897,182.58,1281432,181.445997
2023-08-07 13:32:00+00:00,180.77,181.28,180.6304,7105,181.03,657027,180.924758
2023-08-07 13:33:00+00:00,180.16,180.78,180.13,8988,180.74,799951,180.428014
2023-08-07 13:34:00+00:00,180.56,180.72,180.13,6496,180.17,617550,180.489275
2023-08-07 13:35:00+00:00,180.5,180.6,180.25,7364,180.55,621450,180.420559
2023-08-07 13:36:00+00:00,180.62,180.63,180.25,5688,180.49,784577,180.366092
2023-08-07 13:37:00+00:00,180.95,181.22,180.57,6527,180.62,612393,180.981761
2023-08-07 13:38:00+00:00,180.42,180.94,180.27,5777,180.92,499088,180.530393
2023-08-07 13:39:00+00:00,180.32,180.475,180.25,4986,180.439,429243,180.366426
2023-08-07 13:40:00+00:00,179.5701,180.4,179.51,21063,180.3322,1356782,179.957911
2023-08-07 13:41:00+00:00,179.46,179.84,179.42,7730,179.58,779030,179.594609
2023-08-07 13:42:00+00:00,179.3501,179.57,179.3,5626,179.4512,496979,179.450584
2023-08-07 13:43:00+00:00,179.585,179.67,179.32,5426,179.37,681034,179.464715
2023-08-07 13:44:00+00:00,179.4101,179.63,179.34,5494,179.585,466394,179.480157
2023-08-07 13:45:00+00:00,179.36,179.51,179.22,6633,179.41,552232,179.364391
2023-08-07 13:46:00+00:00,179.25,179.38,179.06,7607,179.36,487218,179.171257
2023-08-07 13:47:00+00:00,179.0505,179.28,179.01,6547,179.27,426935,179.116146
2023-08-07 13:48:00+00:00,178.83,179.14,178.81,11624,179.06,752452,179.000306
2023-08-07 13:49:00+00:00,178.86,179.08,178.8,7616,178.8201,570828,178.89723
2023-08-07 13:50:00+00:00,178.79,179.07,178.76,7884,178.86,475271,178.921415
2023-08-07 13:51:00+00:00,178.9761,178.99,178.74,7378,178.79,531882,178.822878
2023-08-07 13:52:00+00:00,179.16,179.16,178.9,7120,178.99,447299,179.03012
2023-08-07 13:53:00+00:00,179.13,179.399,179.07,7620,179.1582,703632,179.244653
2023-08-07 13:54:00+00:00,179.015,179.21,178.96,6118,179.125,303243,179.092676
2023-08-07 13:55:00+00:00,179.02,179.205,178.96,5831,179.01,318952,179.096642
2023-08-07 13:56:00+00:00,178.62,179.03,178.58,9118,179.025,611655,178.746089
2023-08-07 13:57:00+00:00,178.515,178.67,178.5,7741,178.6281,445571,178.563636
2023-08-07 13:58:00+00:00,178.385,178.52,178.23,10248,178.51,759010,178.373475
2023-08-07 13:59:00+00:00,178.39,178.52,178.2101,7049,178.39,459155,178.361074
2023-08-07 14:00:00+00:00,178.4501,178.55,178.33,6889,178.395,450031,178.458564
2023-08-07 14:01:00+00:00,178.6,178.69,178.37,7447,178.4676,424101,178.547525
2023-08-07 14:02:00+00:00,178.385,178.61,178.31,6997,178.6,387683,178.429435
2023-08-07 14:03:00+00:00,178.7,178.79,178.38,6625,178.3923,365956,178.647885
2023-08-07 14:04:00+00:00,178.8644,178.88,178.675,6483,178.71,378624,178.780994
2023-08-07 14:05:00+00:00,178.76,178.88,178.71,6199,178.8775,276456,178.787655
2023-08-07 14:06:00+00:00,178.695,178.9099,178.66,6176,178.76,286467,178.781836
2023-08-07 14:07:00+00:00,179.055,179.09,178.685,6183,178.71,309193,178.930833
2023-08-07 14:08:00+00:00,179.215,179.22,179.02,6279,179.0501,344846,179.080457
2023-08-07 14:09:00+00:00,179.32,179.34,179.2,5770,179.215,304416,179.271439
2023-08-07 14:10:00+00:00,179.3141,179.39,179.28,5260,179.3176,262230,179.333729
2023-08-07 14:11:00+00:00,179.415,179.42,179.27,5229,179.3,248302,179.345173
2023-08-07 14:12:00+00:00,179.565,179.58,179.3605,6856,179.414,455638,179.499252
2023-08-07 14:13:00+00:00,179.53,179.59,179.39,6512,179.565,349666,179.507786
2023-08-07 14:14:00+00:00,179.5316,179.67,179.44,6124,179.535,349965,179.533523
2023-08-07 14:15:00+00:00,179.44,179.54,179.39,5575,179.53,240992,179.47999
2023-08-07 14:16:00+00:00,179.685,179.79,179.44,6500,179.445,474053,179.65456
2023-08-07 14:17:00+00:00,179.6898,179.71,179.61,4834,179.68,180572,179.667698
2023-08-07 14:18:00+00:00,179.46,179.7312,179.4,6324,179.69,318864,179.556536
2023-08-07 14:19:00+00:00,179.46,179.51,179.32,5822,179.46,317636,179.420782
2023-08-07 14:20:00+00:00,179.4124,179.65,179.38,5372,179.46,246868,179.501264
2023-08-07 14:21:00+00:00,179.54,179.55,179.3801,4925,179.42,247034,179.453267
2023-08-07 14:22:00+00:00,179.6,179.635,179.45,4837,179.55,184048,179.545273
2023-08-07 14:23:00+00:00,179.609,179.68,179.5,5240,179.5801,311237,179.610387
2023-08-07 14:24:00+00:00,179.4799,179.61,179.43,6252,179.6,347840,179.513706
2023-08-07 14:25:00+00:00,179.4718,179.56,179.43,5284,179.47,285599,179.497809
2023-08-07 14:26:00+00:00,179.21,179.48,179.205,6180,179.47,314358,179.325083
2023-08-07 14:27:00+00:00,179.18,179.33,179.11,5779,179.21,351039,179.197394
2023-08-07 14:28:00+00:00,179.18,179.23,179.07,5336,179.185,212826,179.146471
2023-08-07 14:29:00+00:00,179.035,179.21,179.02,5520,179.175,262987,179.084996
2023-08-07 14:30:00+00:00,178.855,179.04,178.8188,8495,179.03,440261,178.943139
2023-08-07 14:31:00+00:00,178.86,178.96,178.82,4879,178.86,161818,178.891402
2023-08-07 14:32:00+00:00,178.89,178.89,178.71,5905,178.85,273444,178.802489
2023-08-07 14:33:00+00:00,178.61,178.89,178.61,5626,178.89,285720,178.734015
2023-08-07 14:34:00+00:00,178.675,178.69,178.52,5571,178.61,285137,178.596294
2023-08-07 14:35:00+00:00,179.022,179.04,178.65,5587,178.68,288027,178.879581
2023-08-07 14:36:00+00:00,179.025,179.0561,178.9399,5165,179.02,214645,179.009648
2023-08-07 14:37:00+00:00,178.99,179.07,178.945,4850,179.028,186816,179.001787
2023-08-07 14:38:00+00:00,179.115,179.1393,178.91,5232,178.98,229995,179.029788
2023-08-07 14:39:00+00:00,179.19,179.191,179.1,4458,179.115,197576,179.141707
2023-08-07 14:40:00+00:00,179.198,179.2,179.09,4681,179.185,229291,179.139469
2023-08-07 14:41:00+00:00,179.265,179.31,179.16,4777,179.195,231340,179.246658
2023-08-07 14:42:00+00:00,178.9782,179.27,178.96,4893,179.255,202981,179.120942
2023-08-07 14:43:00+00:00,178.9115,178.98,178.79,4604,178.98,190294,178.890462
2023-08-07 14:44:00+00:00,178.77,178.99,178.7501,4485,178.91,178764,178.86941
2023-08-07 14:45:00+00:00,178.925,178.94,178.72,4162,178.76,166885,178.800005
2023-08-07 14:46:00+00:00,178.925,178.955,178.84,3923,178.92,157545,178.900783
2023-08-07 14:47:00+00:00,178.75,178.9275,178.725,4189,178.92,178432,178.812838
2023-08-07 14:48:00+00:00,178.765,178.78,178.63,4440,178.74,190412,178.716026
2023-08-07 14:49:00+00:00,178.9262,178.9262,178.73,4284,178.7639,169654,178.808678
2023-08-07 14:50:00+00:00,178.62,178.94,178.6,4874,178.93,206129,178.748998
2023-08-07 14:51:00+00:00,178.53,178.685,178.52,4920,178.615,211589,178.59612
2023-08-07 14:52:00+00:00,178.72,178.72,178.51,2431,178.5201,221275,178.63629
2023-08-07 14:53:00+00:00,178.558,178.785,178.558,1871,178.73,137106,178.663279
2023-08-07 14:54:00+00:00,178.59,178.6599,178.54,1789,178.56,126814,178.591205
2023-08-07 14:55:00+00:00,178.5367,178.595,178.47,3828,178.58,257128,178.516502
2023-08-07 14:56:00+00:00,178.511,178.71,178.5023,2238,178.535,188624,178.596911
2023-08-07 14:57:00+00:00,178.365,178.54,178.33,3174,178.516,268095,178.44802
2023-08-07 14:58:00+00:00,178.265,178.4,178.2603,3220,178.37,271127,178.316574
2023-08-07 14:59:00+00:00,178.11,178.31,178.065,5670,178.27,479674,178.183745
2023-08-07 15:00:00+00:00,178.025,178.18,178.01,3072,178.1,296028,178.064063
2023-08-07 15:01:00+00:00,177.965,178.07,177.75,13882,178.03,837013,177.928493
2023-08-07 15:02:00+00:00,178.065,178.07,177.86,3361,177.96,356889,177.970454
2023-08-07 15:03:00+00:00,177.935,178.1179,177.86,3092,178.06,281963,177.99443
2023-08-07 15:04:00+00:00,178.0518,178.07,177.88,2289,177.931,206943,177.988314
2023-08-07 15:05:00+00:00,177.8599,178.05,177.8009,3142,178.05,263999,177.891492
2023-08-07 15:06:00+00:00,177.68,177.9012,177.671,3714,177.86,295904,177.782421
2023-08-07 15:07:00+00:00,177.6235,177.8,177.6148,3027,177.68,283671,177.692361
2023-08-07 15:08:00+00:00,177.855,177.86,177.56,3252,177.63,306601,177.690762
2023-08-07 15:09:00+00:00,177.985,178.0,177.82,2858,177.8599,269183,177.90022
2023-08-07 15:10:00+00:00,178.09,178.09,177.87,2837,177.99,295023,177.976422
2023-08-07 15:11:00+00:00,177.97,178.13,177.95,2593,178.085,248015,178.039461
2023-08-07 15:12:00+00:00,178.1,178.12,177.96,2334,177.98,217165,178.075233
2023-08-07 15:13:00+00:00,178.0975,178.11,178.06,1690,178.1,130091,178.082488
2023-08-07 15:14:00+00:00,177.9801,178.09,177.87,2576,178.09,213775,177.958705
2023-08-07 15:15:00+00:00,178.035,178.0399,177.91,2103,177.99,156948,177.954379
2023-08-07 15:16:00+00:00,178.03,178.05,177.99,2432,178.03,215405,178.018979
2023-08-07 15:17:00+00:00,177.73,178.03,177.6892,3724,178.025,323553,177.809097
2023-08-07 15:18:00+00:00,177.66,177.745,177.64,2612,177.73,231856,177.694239
2023-08-07 15:19:00+00:00,177.6575,177.725,177.58,3053,177.66,293971,177.666118
2023-08-07 15:20:00+00:00,177.8313,177.87,177.65,2864,177.655,250696,177.766794
2023-08-07 15:21:00+00:00,177.86,177.86,177.75,2340,177.835,184604,177.807394
2023-08-07 15:22:00+00:00,178.0,178.02,177.82,2495,177.85,198238,177.945139
2023-08-07 15:23:00+00:00,177.891,178.01,177.86,2218,178.0,142114,177.945446
2023-08-07 15:24:00+00:00,177.799,177.9223,177.72,2787,177.89,206330,177.827484
2023-08-07 15:25:00+00:00,177.74,177.88,177.72,2289,177.795,208679,177.790394
2023-08-07 15:26:00+00:00,177.59,177.745,177.57,3036,177.745,272861,177.651716
2023-08-07 15:27:00+00:00,177.925,177.955,177.59,2642,177.59,260634,177.798369
2023-08-07 15:28:00+00:00,177.81,177.94,177.7516,2402,177.92,161250,177.835771
2023-08-07 15:29:00+00:00,177.77,177.86,177.75,1951,177.81,129191,177.791747
2023-08-07 15:30:00+00:00,177.595,177.77,177.585,2363,177.765,224904,177.724642
2023-08-07 15:31:00+00:00,177.5265,177.62,177.51,2941,177.5996,248980,177.575048
2023-08-07 15:32:00+00:00,177.4,177.588,177.37,5364,177.525,342677,177.498232
2023-08-07 15:33:00+00:00,177.4626,177.5,177.35,2676,177.4014,215237,177.436632
2023-08-07 15:34:00+00:00,177.67,177.6901,177.45,2465,177.46,235920,177.583036
2023-08-07 15:35:00+00:00,177.805,177.865,177.64,3103,177.665,247659,177.753866
2023-08-07 15:36:00+00:00,177.93,177.94,177.805,2063,177.805,189373,177.870944
2023-08-07 15:37:00+00:00,177.95,178.01,177.92,2519,177.93,234207,177.97495
2023-08-07 15:38:00+00:00,177.84,177.98,177.74,2996,177.98,279544,177.843176
2023-08-07 15:39:00+00:00,177.78,177.9,177.77,1636,177.8301,98778,177.846047
2023-08-07 15:40:00+00:00,177.95,177.955,177.76,2039,177.78,146355,177.859707
2023-08-07 15:41:00+00:00,177.98,178.05,177.87,2629,177.9574,245314,177.977858
2023-08-07 15:42:00+00:00,177.965,178.035,177.93,1941,177.99,182183,177.992612
2023-08-07 15:43:00+00:00,178.02,178.045,177.915,1725,177.9625,135273,177.995454
2023-08-07 15:44:00+00:00,178.135,178.175,177.99,2293,178.02,187272,178.080636
2023-08-07 15:45:00+00:00,178.15,178.25,178.13,2101,178.13,174466,178.189248
2023-08-07 15:46:00+00:00,178.185,178.2748,178.11,2265,178.15,196129,178.19373
2023-08-07 15:47:00+00:00,178.3301,178.39,178.185,2277,178.19,221636,178.305942
2023-08-07 15:48:00+00:00,178.3403,178.41,178.25,2033,178.336,161146,178.328569
2023-08-07 15:49:00+00:00,178.41,178.432,178.323,1963,178.34,152410,178.377948
2023-08-07 15:50:00+00:00,178.31,178.44,178.27,2450,178.415,198490,178.343425
2023-08-07 15:51:00+00:00,178.485,178.49,178.31,1904,178.315,155126,178.410745
2023-08-07 15:52:00+00:00,178.5315,178.535,178.41,2063,178.49,153447,178.475525
2023-08-07 15:53:00+00:00,178.48,178.5599,178.48,1604,178.5351,117720,178.51489
2023-08-07 15:54:00+00:00,178.585,178.59,178.4299,1701,178.48,125898,178.504802
2023-08-07 15:55:00+00:00,178.773,178.785,178.585,2420,178.59,228764,178.685645
2023-08-07 15:56:00+00:00,178.685,178.7799,178.67,1774,178.77,165281,178.71286
2023-08-07 15:57:00+00:00,178.745,178.755,178.69,1748,178.69,142174,178.721133
2023-08-07 15:58:00+00:00,178.645,178.76,178.63,1699,178.74,151138,178.688711
2023-08-07 15:59:00+00:00,178.65,178.7,178.541,1918,178.645,159296,178.616888
2023-08-07 16:00:00+00:00,178.46,178.7,178.46,2155,178.66,154850,178.553234
2023-08-07 16:01:00+00:00,178.72,178.72,178.47,1672,178.47,204141,178.6194
2023-08-07 16:02:00+00:00,178.7414,178.77,178.64,1606,178.72,138023,178.709626
2023-08-07 16:03:00+00:00,178.73,178.79,178.67,1549,178.7423,132798,178.729472
2023-08-07 16:04:00+00:00,178.76,178.77,178.71,1253,178.73,87652,178.747108
2023-08-07 16:05:00+00:00,178.7597,178.83,178.7228,1914,178.77,208546,178.769016
2023-08-07 16:06:00+00:00,178.77,178.79,178.66,1493,178.75,108544,178.726556
2023-08-07 16:07:00+00:00,178.6995,178.8,178.67,1754,178.765,157363,178.754984
2023-08-07 16:08:00+00:00,178.72,178.76,178.675,1429,178.695,127711,178.71495
2023-08-07 16:09:00+00:00,178.685,178.75,178.675,1243,178.72,74520,178.715822
2023-08-07 16:10:00+00:00,178.795,178.8,178.65,1613,178.69,126909,178.714933
2023-08-07 16:11:00+00:00,178.675,178.8,178.65,1628,178.79,125351,178.702893
2023-08-07 16:12:00+00:00,178.63,178.6842,178.6,2021,178.675,173180,178.633061
2023-08-07 16:13:00+00:00,178.61,178.64,178.56,1575,178.63,115916,178.589102
2023-08-07 16:14:00+00:00,178.6,178.625,178.56,1411,178.615,129645,178.594541
2023-08-07 16:15:00+00:00,178.645,178.7,178.5995,1588,178.605,132046,178.657719
2023-08-07 16:16:00+00:00,178.61,178.665,178.5618,1343,178.65,108715,178.602786
2023-08-07 16:17:00+00:00,178.675,178.6796,178.56,1326,178.61,100687,178.603865
2023-08-07 16:18:00+00:00,178.6777,178.71,178.61,1529,178.67,158847,178.660136
2023-08-07 16:19:00+00:00,178.57,178.685,178.57,1313,178.68,98526,178.623909
2023-08-07 16:20:00+00:00,178.49,178.5642,178.455,2278,178.56,161107,178.514012
2023-08-07 16:21:00+00:00,178.4799,178.49,178.35,1686,178.49,139283,178.4313
2023-08-07 16:22:00+00:00,178.4309,178.51,178.425,1314,178.48,115822,178.472746
2023-08-07 16:23:00+00:00,178.35,178.48,178.35,1730,178.44,132789,178.406127
2023-08-07 16:24:00+00:00,178.3909,178.42,178.32,2003,178.35,204241,178.36446
2023-08-07 16:25:00+00:00,178.45,178.47,178.385,1379,178.4,133424,178.418092
2023-08-07 16:26:00+00:00,178.5223,178.5699,178.4317,1245,178.44,120163,178.513441
2023-08-07 16:27:00+00:00,178.565,178.59,178.515,1534,178.53,159203,178.553617
2023-08-07 16:28:00+00:00,178.3901,178.56,178.3901,1456,178.56,111749,178.473914
2023-08-07 16:29:00+00:00,178.365,178.41,178.34,1580,178.4,137692,178.371675
2023-08-07 16:30:00+00:00,178.275,178.4,178.25,1646,178.365,119084,178.335597
2023-08-07 16:31:00+00:00,178.199,178.3,178.18,1971,178.27,150486,178.242488
2023-08-07 16:32:00+00:00,178.1899,178.23,178.145,1765,178.19,134297,178.185445
2023-08-07 16:33:00+00:00,178.12,178.195,178.11,1506,178.19,95708,178.161692
2023-08-07 16:34:00+00:00,178.04,178.13,178.02,2080,178.12,159789,178.057274
2023-08-07 16:35:00+00:00,177.93,178.0499,177.89,4193,178.035,298290,177.973993
2023-08-07 16:36:00+00:00,178.01,178.03,177.9346,1613,177.935,129955,177.981234
2023-08-07 16:37:00+00:00,178.18,178.19,177.99,1889,178.005,172360,178.07169
2023-08-07 16:38:00+00:00,178.035,178.2099,178.025,1648,178.1826,131400,178.119299
2023-08-07 16:39:00+00:00,177.9401,178.08,177.89,2255,178.035,199792,177.989163
2023-08-07 16:40:00+00:00,177.995,178.009,177.85,1778,177.945,140839,177.899431
2023-08-07 16:41:00+00:00,178.075,178.075,177.99,1225,177.9901,90618,178.023662
2023-08-07 16:42:00+00:00,177.98,178.0799,177.9001,1363,178.07,106364,177.957601
2023-08-07 16:43:00+00:00,178.035,178.035,177.94,1210,177.9801,90817,177.986336
2023-08-07 16:44:00+00:00,177.96,178.07,177.9201,1581,178.035,131740,177.988089
2023-08-07 16:45:00+00:00,177.885,177.96,177.865,1711,177.95,114584,177.900324
2023-08-07 16:46:00+00:00,177.768,177.9,177.74,2667,177.89,310687,177.852612
2023-08-07 16:47:00+00:00,177.985,178.01,177.7501,1525,177.7608,117704,177.867995
2023-08-07 16:48:00+00:00,177.99,178.07,177.973,1308,177.9876,116702,178.021099
2023-08-07 16:49:00+00:00,178.225,178.23,177.965,1572,177.97,131085,178.122351
2023-08-07 16:50:00+00:00,178.34,178.36,178.19,1248,178.23,120687,178.273261
2023-08-07 16:51:00+00:00,178.3054,178.35,178.285,1143,178.34,118567,178.316731
2023-08-07 16:52:00+00:00,178.22,178.33,178.175,1546,178.3,131338,178.253831
2023-08-07 16:53:00+00:00,178.335,178.335,178.215,880,178.225,62278,178.276065
2023-08-07 16:54:00+00:00,178.44,178.47,178.315,1340,178.33,112272,178.398601
2023-08-07 16:55:00+00:00,178.35,178.46,178.3,1411,178.4408,128456,178.358633
2023-08-07 16:56:00+00:00,178.38,178.4141,178.31,1166,178.34,85078,178.378634
2023-08-07 16:57:00+00:00,178.38,178.41,178.36,975,178.39,62961,178.382335
2023-08-07 16:58:00+00:00,178.3399,178.44,178.32,1258,178.375,106494,178.389826
2023-08-07 16:59:00+00:00,178.23,178.3499,178.215,1695,178.335,126558,178.299089
2023-08-07 17:00:00+00:00,178.31,178.38,178.23,1544,178.235,140208,178.331132
2023-08-07 17:01:00+00:00,178.339,178.41,178.31,1176,178.31,99237,178.350799
2023-08-07 17:02:00+00:00,178.31,178.3809,178.245,1162,178.3331,80047,178.308947
2023-08-07 17:03:00+00:00,178.19,178.315,178.18,1159,178.315,84695,178.233255
2023-08-07 17:04:00+00:00,178.115,178.2009,178.08,1642,178.19,143270,178.128062
2023-08-07 17:05:00+00:00,178.0775,178.139,178.05,1602,178.11,135290,178.090347
2023-08-07 17:06:00+00:00,178.13,178.16,178.08,907,178.08,70373,178.112336
2023-08-07 17:07:00+00:00,178.07,178.13,178.015,1265,178.125,89842,178.068506
2023-08-07 17:08:00+00:00,178.11,178.1169,178.04,892,178.07,57837,178.062791
2023-08-07 17:09:00+00:00,178.12,178.1212,178.05,1055,178.1,65922,178.085142
2023-08-07 17:10:00+00:00,178.175,178.18,178.12,1019,178.125,77012,178.157694
2023-08-07 17:11:00+00:00,178.1739,178.22,178.15,928,178.1768,71713,178.175693
2023-08-07 17:12:00+00:00,178.31,178.32,178.175,1200,178.175,106591,178.242907
2023-08-07 17:13:00+00:00,178.07,178.315,178.07,1783,178.3,156515,178.195066
2023-08-07 17:14:00+00:00,178.04,178.155,177.97,2558,178.07,189748,178.043054
2023-08-07 17:15:00+00:00,178.03,178.095,178.015,1132,178.05,105847,178.058246
2023-08-07 17:16:00+00:00,178.155,178.17,178.03,1057,178.03,81495,178.102124
2023-08-07 17:17:00+00:00,178.249,178.25,178.1181,935,178.15,83776,178.180874
2023-08-07 17:18:00+00:00,178.265,178.27,178.21,1042,178.2329,77962,178.239345
2023-08-07 17:19:00+00:00,178.275,178.29,178.21,1165,178.27,94937,178.269126
2023-08-07 17:20:00+00:00,178.31,178.32,178.21,1459,178.28,137941,178.271784
2023-08-07 17:21:00+00:00,178.235,178.38,178.23,1274,178.31,96902,178.292611
2023-08-07 17:22:00+00:00,178.195,178.29,178.15,1112,178.23,98199,178.22241
2023-08-07 17:23:00+00:00,178.2,178.22,178.17,1479,178.1901,115738,178.192627
2023-08-07 17:24:00+00:00,178.1898,178.2307,178.17,1044,178.21,69189,178.199931
2023-08-07 17:25:00+00:00,178.19,178.24,178.18,1003,178.2,75355,178.210269
2023-08-07 17:26:00+00:00,178.175,178.2199,178.13,1460,178.19,108823,178.166204
2023-08-07 17:27:00+00:00,178.23,178.23,178.075,1151,178.1783,96181,178.146329
2023-08-07 17:28:00+00:00,178.3701,178.375,178.22,1796,178.225,225675,178.317988
2023-08-07 17:29:00+00:00,178.335,178.3899,178.32,1137,178.3724,124624,178.309993
2023-08-07 17:30:00+00:00,178.2606,178.345,178.22,1285,178.34,101144,178.28772
2023-08-07 17:31:00+00:00,178.175,178.27,178.15,1639,178.26,110153,178.219637
2023-08-07 17:32:00+00:00,178.1313,178.2,178.12,1103,178.17,57203,178.166838
2023-08-07 17:33:00+00:00,178.18,178.21,178.1011,1148,178.1398,65767,178.172473
2023-08-07 17:34:00+00:00,178.2,178.219,178.16,1071,178.185,60535,178.192009
2023-08-07 17:35:00+00:00,178.25,178.29,178.19,1306,178.2,113032,178.214985
2023-08-07 17:36:00+00:00,178.21,178.28,178.195,1044,178.245,72304,178.250874
2023-08-07 17:37:00+00:00,178.255,178.28,178.2031,936,178.21,66818,178.260052
2023-08-07 17:38:00+00:00,178.161,178.25,178.15,1170,178.25,87631,178.199628
2023-08-07 17:39:00+00:00,178.185,178.2,178.165,965,178.17,70259,178.185868
2023-08-07 17:40:00+00:00,178.2,178.21,178.18,1286,178.19,90457,178.195383
2023-08-07 17:41:00+00:00,178.2519,178.266,178.19,1511,178.199,135728,178.240265
2023-08-07 17:42:00+00:00,178.26,178.265,178.21,1251,178.25,107182,178.241899
2023-08-07 17:43:00+00:00,178.325,178.375,178.245,1383,178.245,117271,178.332024
2023-08-07 17:44:00+00:00,178.19,178.33,178.17,1374,178.325,117058,178.238168
2023-08-07 17:45:00+00:00,178.14,178.19,178.05,1693,178.19,136099,178.118493
2023-08-07 17:46:00+00:00,178.105,178.175,178.06,1532,178.1495,122247,178.117301
2023-08-07 17:47:00+00:00,178.17,178.21,178.08,1561,178.105,139593,178.133417
2023-08-07 17:48:00+00:00,178.19,178.19,178.1001,1526,178.165,122883,178.142866
2023-08-07 17:49:00+00:00,178.57,178.64,178.19,3334,178.195,308457,178.435991
2023-08-07 17:50:00+00:00,178.6583,178.82,178.545,3535,178.57,328798,178.664656
2023-08-07 17:51:00+00:00,178.625,178.82,178.61,2317,178.66,197980,178.704507
2023-08-07 17:52:00+00:00,178.56,178.725,178.555,1631,178.6213,142559,178.630597
2023-08-07 17:53:00+00:00,178.685,178.7099,178.555,1610,178.5612,149637,178.61333
2023-08-07 17:54:00+00:00,178.75,178.76,178.66,1473,178.68,156199,178.728911
2023-08-07 17:55:00+00:00,178.7801,178.8,178.7,1242,178.75,121400,178.760324
2023-08-07 17:56:00+00:00,178.7,178.86,178.69,1436,178.79,132657,178.788276
2023-08-07 17:57:00+00:00,178.7999,178.845,178.7,1390,178.7,128688,178.789832
2023-08-07 17:58:00+00:00,178.77,178.81,178.73,1186,178.8,98346,178.775991
2023-08-07 17:59:00+00:00,178.8384,178.86,178.77,1516,178.77,118450,178.811709
2023-08-07 18:00:00+00:00,178.91,178.91,178.82,1248,178.84,111605,178.86244
2023-08-07 18:01:00+00:00,178.9216,178.97,178.86,1539,178.9,146200,178.920503
2023-08-07 18:02:00+00:00,178.98,178.99,178.9101,1302,178.92,96961,178.968882
2023-08-07 18:03:00+00:00,179.0,179.04,178.97,2121,178.98,190734,178.998386
2023-08-07 18:04:00+00:00,178.86,179.0,178.86,1469,179.0,139849,178.940114
2023-08-07 18:05:00+00:00,178.87,178.9098,178.84,1525,178.86,151116,178.880786
2023-08-07 18:06:00+00:00,178.79,178.87,178.76,1453,178.865,141028,178.80445
2023-08-07 18:07:00+00:00,178.7301,178.79,178.66,1330,178.79,165229,178.714066
2023-08-07 18:08:00+00:00,178.68,178.75,178.665,1184,178.7306,96141,178.711964
2023-08-07 18:09:00+00:00,178.71,178.73,178.64,1205,178.68,101668,178.682198
2023-08-07 18:10:00+00:00,178.57,178.7099,178.57,1300,178.705,107677,178.633174
2023-08-07 18:11:00+00:00,178.6,178.6199,178.545,1025,178.5799,83213,178.591382
2023-08-07 18:12:00+00:00,178.5784,178.66,178.57,1061,178.5977,102661,178.630773
2023-08-07 18:13:00+00:00,178.475,178.58,178.42,1890,178.5701,190551,178.472169
2023-08-07 18:14:00+00:00,178.335,178.4845,178.33,1918,178.47,176381,178.387671
2023-08-07 18:15:00+00:00,178.385,178.42,178.31,1997,178.33,191293,178.380376
2023-08-07 18:16:00+00:00,178.535,178.54,178.39,1205,178.39,99818,178.474524
2023-08-07 18:17:00+00:00,178.53,178.6199,178.51,1122,178.54,135054,178.561516
2023-08-07 18:18:00+00:00,178.62,178.63,178.5301,951,178.5382,103533,178.5941
2023-08-07 18:19:00+00:00,178.61,178.65,178.59,1024,178.616,80821,178.618564
2023-08-07 18:20:00+00:00,178.62,178.64,178.551,1087,178.615,79795,178.605816
2023-08-07 18:21:00+00:00,178.625,178.69,178.605,1037,178.61,76339,178.651938
2023-08-07 18:22:00+00:00,178.6117,178.6612,178.6117,894,178.63,74625,178.642148
2023-08-07 18:23:00+00:00,178.605,178.66,178.565,958,178.62,71622,178.623141
2023-08-07 18:24:00+00:00,178.545,178.6,178.52,919,178.6,83264,178.554912
2023-08-07 18:25:00+00:00,178.465,178.5586,178.41,1556,178.545,135079,178.498998
2023-08-07 18:26:00+00:00,178.514,178.544,178.43,1023,178.46,93331,178.484963
2023-08-07 18:27:00+00:00,178.46,178.53,178.45,899,178.51,77640,178.476219
2023-08-07 18:28:00+00:00,178.42,178.48,178.38,1047,178.46,100554,178.423785
2023-08-07 18:29:00+00:00,178.45,178.45,178.33,1076,178.43,91346,178.402983
2023-08-07 18:30:00+00:00,178.67,178.68,178.47,1016,178.47,88856,178.555176
2023-08-07 18:31:00+00:00,178.65,178.689,178.59,1004,178.675,97096,178.647789
2023-08-07 18:32:00+00:00,178.6507,178.7,178.64,782,178.65,79242,178.669554
2023-08-07 18:33:00+00:00,178.675,178.68,178.605,1394,178.6533,125953,178.6515
2023-08-07 18:34:00+00:00,178.605,178.7,178.605,1123,178.68,101310,178.658096
2023-08-07 18:35:00+00:00,178.6708,178.675,178.605,1130,178.6184,111152,178.646626
2023-08-07 18:36:00+00:00,178.7,178.71,178.64,1072,178.675,115209,178.68453
2023-08-07 18:37:00+00:00,178.62,178.71,178.575,985,178.7028,71375,178.643822
2023-08-07 18:38:00+00:00,178.57,178.61,178.54,891,178.61,66245,178.571716
2023-08-07 18:39:00+00:00,178.695,178.7,178.58,828,178.58,72192,178.659766
2023-08-07 18:40:00+00:00,178.6573,178.695,178.6001,874,178.6901,67496,178.648165
2023-08-07 18:41:00+00:00,178.64,178.68,178.62,878,178.65,74923,178.647077
2023-08-07 18:42:00+00:00,178.5434,178.6363,178.535,1157,178.63,108230,178.595955
2023-08-07 18:43:00+00:00,178.52,178.61,178.52,1002,178.54,79295,178.56465
2023-08-07 18:44:00+00:00,178.61,178.6298,178.5,1410,178.52,122300,178.569992
2023-08-07 18:45:00+00:00,178.59,178.62,178.54,938,178.61,67656,178.587673
2023-08-07 18:46:00+00:00,178.645,178.66,178.59,940,178.59,70623,178.634147
2023-08-07 18:47:00+00:00,178.58,178.66,178.56,1000,178.645,79422,178.614344
2023-08-07 18:48:00+00:00,178.5699,178.5801,178.5,1137,178.58,110053,178.542116
2023-08-07 18:49:00+00:00,178.59,178.61,178.55,991,178.57,73371,178.582361
2023-08-07 18:50:00+00:00,178.5465,178.595,178.54,1040,178.59,78791,178.572385
2023-08-07 18:51:00+00:00,178.56,178.63,178.542,1259,178.542,94686,178.59253
2023-08-07 18:52:00+00:00,178.59,178.59,178.5,1199,178.561,76599,178.537542
2023-08-07 18:53:00+00:00,178.56,178.6,178.53,825,178.595,60569,178.561189
2023-08-07 18:54:00+00:00,178.59,178.608,178.55,855,178.56,52811,178.582239
2023-08-07 18:55:00+00:00,178.585,178.6112,178.5601,895,178.585,62449,178.582427
2023-08-07 18:56:00+00:00,178.5973,178.62,178.56,978,178.58,66907,178.591616
2023-08-07 18:57:00+00:00,178.58,178.63,178.56,1011,178.59,101100,178.586696
2023-08-07 18:58:00+00:00,178.505,178.585,178.495,1351,178.58,110731,178.519203
2023-08-07 18:59:00+00:00,178.475,178.53,178.46,1216,178.5006,108292,178.489405
2023-08-07 19:00:00+00:00,178.5622,178.5724,178.4775,997,178.48,83828,178.512173
2023-08-07 19:01:00+00:00,178.58,178.62,178.57,1396,178.57,121293,178.598444
2023-08-07 19:02:00+00:00,178.52,178.61,178.48,1477,178.5962,115783,178.557207
2023-08-07 19:03:00+00:00,178.475,178.5399,178.455,1217,178.52,95537,178.49311
2023-08-07 19:04:00+00:00,178.57,178.5909,178.46,1127,178.4723,149683,178.532369
2023-08-07 19:05:00+00:00,178.505,178.6,178.45,1476,178.58,139998,178.540401
2023-08-07 19:06:00+00:00,178.46,178.56,178.46,1145,178.51,91146,178.510801
2023-08-07 19:07:00+00:00,178.425,178.489,178.38,1538,178.47,137871,178.435426
2023-08-07 19:08:00+00:00,178.38,178.44,178.37,1223,178.425,109082,178.40982
2023-08-07 19:09:00+00:00,178.344,178.4,178.3101,1407,178.37,131092,178.355962
2023-08-07 19:10:00+00:00,178.36,178.3912,178.3101,1233,178.345,114898,178.359038
2023-08-07 19:11:00+00:00,178.33,178.375,178.3,1378,178.365,106058,178.32656
2023-08-07 19:12:00+00:00,178.24,178.32,178.23,1717,178.32,138414,178.281094
2023-08-07 19:13:00+00:00,178.31,178.31,178.22,1590,178.24,138473,178.2981
2023-08-07 19:14:00+00:00,178.26,178.34,178.25,1173,178.32,82141,178.290632
2023-08-07 19:15:00+00:00,178.3,178.31,178.22,1157,178.25,92526,178.273329
2023-08-07 19:16:00+00:00,178.39,178.4,178.3,1155,178.305,96925,178.349514
2023-08-07 19:17:00+00:00,178.4,178.43,178.35,1327,178.385,99638,178.391707
2023-08-07 19:18:00+00:00,178.355,178.4007,178.345,1001,178.4007,78478,178.369105
2023-08-07 19:19:00+00:00,178.32,178.375,178.2601,1616,178.355,126513,178.324191
2023-08-07 19:20:00+00:00,178.331,178.35,178.31,1036,178.3201,70998,178.332431
2023-08-07 19:21:00+00:00,178.375,178.38,178.3,1068,178.33,77230,178.357313
2023-08-07 19:22:00+00:00,178.3285,178.4,178.29,1295,178.375,78829,178.351945
2023-08-07 19:23:00+00:00,178.315,178.35,178.28,1098,178.33,73834,178.313878
2023-08-07 19:24:00+00:00,178.2872,178.32,178.25,1332,178.31,115155,178.276665
2023-08-07 19:25:00+00:00,178.335,178.3595,178.28,1263,178.29,96614,178.318193
2023-08-07 19:26:00+00:00,178.47,178.47,178.315,1093,178.335,102724,178.383528
2023-08-07 19:27:00+00:00,178.415,178.4886,178.3916,1167,178.46,96394,178.439611
2023-08-07 19:28:00+00:00,178.395,178.46,178.38,1375,178.4112,121282,178.42637
2023-08-07 19:29:00+00:00,178.4801,178.5,178.38,1386,178.39,147056,178.46328
2023-08-07 19:30:00+00:00,178.515,178.53,178.39,1806,178.485,148250,178.451264
2023-08-07 19:31:00+00:00,178.46,178.62,178.4501,2231,178.51,211384,178.566363
2023-08-07 19:32:00+00:00,178.585,178.61,178.43,1766,178.455,152992,178.524628
2023-08-07 19:33:00+00:00,178.565,178.66,178.545,1777,178.595,177977,178.607744
2023-08-07 19:34:00+00:00,178.6206,178.65,178.56,1238,178.5659,107592,178.603025
2023-08-07 19:35:00+00:00,178.725,178.73,178.61,1664,178.62,164070,178.648758
2023-08-07 19:36:00+00:00,178.815,178.815,178.705,1665,178.72,170897,178.755936
2023-08-07 19:37:00+00:00,178.785,178.83,178.75,1384,178.82,156749,178.786698
2023-08-07 19:38:00+00:00,178.795,178.805,178.7301,1449,178.785,118300,178.770356
2023-08-07 19:39:00+00:00,178.8,178.81,178.7322,1539,178.8,141192,178.773005
2023-08-07 19:40:00+00:00,178.755,178.81,178.735,2102,178.7966,318897,178.772868
2023-08-07 19:41:00+00:00,178.5301,178.77,178.53,3280,178.75,342415,178.634767
2023-08-07 19:42:00+00:00,178.585,178.59,178.5,2128,178.54,195326,178.53889
2023-08-07 19:43:00+00:00,178.59,178.605,178.54,1727,178.585,169621,178.574267
2023-08-07 19:44:00+00:00,178.63,178.64,178.473,1980,178.58,204897,178.569088
2023-08-07 19:45:00+00:00,178.6623,178.68,178.56,2201,178.64,173384,178.637155
2023-08-07 19:46:00+00:00,178.5352,178.675,178.52,2059,178.665,176256,178.569406
2023-08-07 19:47:00+00:00,178.5188,178.58,178.49,1953,178.53,167543,178.548165
2023-08-07 19:48:00+00:00,178.49,178.54,178.44,2422,178.515,188237,178.490419
2023-08-07 19:49:00+00:00,178.495,178.5,178.44,2178,178.4802,199290,178.471243
2023-08-07 19:50:00+00:00,178.675,178.74,178.48,4424,178.49,382565,178.663728
2023-08-07 19:51:00+00:00,178.705,178.71,178.63,2977,178.68,269817,178.671927
2023-08-07 19:52:00+00:00,179.0,179.0,178.705,4279,178.705,406920,178.86579
2023-08-07 19:53:00+00:00,178.931,178.995,178.88,3153,178.99,284334,178.944447
2023-08-07 19:54:00+00:00,178.9901,179.22,178.85,5729,178.93,694622,178.96391
2023-08-07 19:55:00+00:00,179.0,179.01,178.92,4384,178.995,473431,178.988927
2023-08-07 19:56:00+00:00,178.955,179.01,178.95,4419,179.005,569707,178.996158
2023-08-07 19:57:00+00:00,178.97,178.98,178.91,3712,178.96,438173,178.952823
2023-08-07 19:58:00+00:00,178.82,179.0,178.82,6668,178.975,755375,178.916001
2023-08-07 19:59:00+00:00,178.809,178.88,178.53,14121,178.825,2219616,178.685774
2023-08-07 20:00:00+00:00,178.78,178.86,178.71,394,178.79,6968936,178.849669
2023-08-07 20:01:00+00:00,178.75,178.78,178.72,141,178.78,1043837,178.849467
2023-08-07 20:02:00+00:00,178.75,178.79,178.75,143,178.79,6173,178.763824
2023-08-07 20:03:00+00:00,178.74,178.75,178.72,96,178.72,3274,178.737247
2023-08-07 20:04:00+00:00,178.73,178.75,178.71,139,178.75,12087,178.724247
2023-08-07 20:05:00+00:00,178.71,178.7201,178.7,91,178.72,5312,178.791283
2023-08-07 20:06:00+00:00,178.7,178.85,178.7,92,178.7,221170,178.8481
2023-08-07 20:07:00+00:00,178.71,178.72,178.7,135,178.7001,5049,178.710002
2023-08-07 20:08:00+00:00,178.69,178.72,178.69,158,178.7104,9308,178.711361
2023-08-07 20:09:00+00:00,178.77,178.78,178.71,106,178.71,14304,178.790733
2023-08-07 20:10:00+00:00,178.7801,178.85,178.77,102,178.85,3813,178.78535
2023-08-07 20:11:00+00:00,178.85,178.85,178.79,62,178.79,44234,178.848523
2023-08-07 20:12:00+00:00,178.79,178.79,178.7878,81,178.7878,1562,178.784856
2023-08-07 20:13:00+00:00,178.78,178.78,178.77,100,178.77,3543,178.777105
2023-08-07 20:14:00+00:00,178.77,178.79,178.77,100,178.79,3218,178.780001
2023-08-07 20:15:00+00:00,178.78,178.78,178.76,128,178.77,4179,178.771486
2023-08-07 20:16:00+00:00,178.81,178.83,178.79,113,178.8,9871,178.811302
2023-08-07 20:17:00+00:00,178.78,178.82,178.75,198,178.82,9900,178.787101
2023-08-07 20:18:00+00:00,178.78,178.78,178.7501,83,178.7501,2204,178.764183
2023-08-07 20:19:00+00:00,178.77,178.79,178.75,85,178.75,2922,178.776162
2023-08-07 20:20:00+00:00,178.79,178.79,178.76,88,178.76,3354,178.773441
2023-08-07 20:21:00+00:00,178.78,178.78,178.77,89,178.77,2542,178.864701
2023-08-07 20:22:00+00:00,178.79,178.8,178.77,93,178.77,1830,178.78283
2023-08-07 20:23:00+00:00,178.81,178.81,178.79,73,178.79,891,178.800237
2023-08-07 20:24:00+00:00,178.8,178.82,178.8,73,178.81,2140,178.810661
2023-08-07 20:25:00+00:00,178.8,178.8,178.79,96,178.8,7295,178.800369
2023-08-07 20:26:00+00:00,178.8,178.8,178.78,77,178.8,2106,178.794392
2023-08-07 20:27:00+00:00,178.8,178.8,178.79,83,178.79,1913,178.792469
2023-08-07 20:28:00+00:00,178.7995,178.8,178.79,77,178.8,2873,178.798877
2023-08-07 20:29:00+00:00,178.79,178.8,178.79,120,178.8,6167,178.793006
2023-08-07 20:30:00+00:00,178.76,178.79,178.76,90,178.78,1889,178.779921
2023-08-07 20:31:00+00:00,178.77,178.78,178.77,62,178.78,1358,178.773432
2023-08-07 20:32:00+00:00,178.77,178.7701,178.77,48,178.7701,457,178.777132
2023-08-07 20:33:00+00:00,178.78,178.78,178.76,84,178.77,2419,178.769324
2023-08-07 20:34:00+00:00,178.75,178.75,178.75,66,178.75,1415,178.754688
2023-08-07 20:35:00+00:00,178.75,178.75,178.75,70,178.75,1257,178.755553
2023-08-07 20:36:00+00:00,178.76,178.77,178.75,135,178.75,4345,178.752946
2023-08-07 20:37:00+00:00,178.75,178.85,178.75,91,178.76,91181,178.847088
2023-08-07 20:38:00+00:00,178.77,178.77,178.75,88,178.76,5029,178.753931
2023-08-07 20:39:00+00:00,178.73,178.76,178.71,146,178.76,5647,178.727964
2023-08-07 20:40:00+00:00,178.75,178.75,178.73,66,178.73,1563,178.745758
2023-08-07 20:41:00+00:00,178.76,178.76,178.75,61,178.75,1482,178.75539
2023-08-07 20:42:00+00:00,178.77,178.77,178.76,74,178.77,2828,178.768458
2023-08-07 20:43:00+00:00,178.81,178.82,178.78,90,178.78,8798,178.801065
2023-08-07 20:44:00+00:00,178.84,178.85,178.82,130,178.83,9987,178.837255
2023-08-07 20:45:00+00:00,178.87,178.96,178.8495,174,178.8495,39268,178.858904
2023-08-07 20:46:00+00:00,178.94,178.98,178.89,156,178.9,9830,178.926259
2023-08-07 20:47:00+00:00,178.96,178.97,178.92,91,178.95,5234,178.938861
2023-08-07 20:48:00+00:00,178.98,178.98,178.93,121,178.95,8238,178.948985
2023-08-07 20:49:00+00:00,178.93,178.98,178.93,125,178.98,6857,178.952403
2023-08-07 20:50:00+00:00,178.98,178.99,178.93,73,178.93,3508,178.973763
2023-08-07 20:51:00+00:00,179.03,179.03,178.98,101,178.98,8895,179.001659
2023-08-07 20:52:00+00:00,179.05,179.05,178.99,117,179.01,5462,179.01805
2023-08-07 20:53:00+00:00,179.04,179.09,179.0,189,179.02,12370,179.036035
2023-08-07 20:54:00+00:00,179.03,179.08,179.02,133,179.06,9122,179.043944
2023-08-07 20:55:00+00:00,179.02,179.05,179.02,141,179.03,11948,179.033828
2023-08-07 20:56:00+00:00,179.02,179.08,179.02,130,179.02,28228,179.048392
2023-08-07 20:57:00+00:00,179.09,179.09,179.02,110,179.02,7159,179.057996
2023-08-07 20:58:00+00:00,179.03,179.09,179.03,120,179.06,7494,179.055441
2023-08-07 20:59:00+00:00,179.03,179.08,179.03,109,179.06,6030,179.060643
2023-08-07 21:00:00+00:00,179.08,179.08,179.04,70,179.04,2635,179.070274
2023-08-07 21:01:00+00:00,179.03,179.07,179.03,162,179.06,10987,179.038129
2023-08-07 21:02:00+00:00,179.04,179.08,179.04,84,179.04,4142,179.05648
2023-08-07 21:03:00+00:00,179.09,179.13,179.03,167,179.03,15518,179.087324
2023-08-07 21:04:00+00:00,179.04,179.1199,179.04,134,179.1,9449,179.058051
2023-08-07 21:05:00+00:00,179.05,179.07,179.04,95,179.05,4814,179.047413
2023-08-07 21:06:00+00:00,179.06,179.07,179.04,79,179.05,5950,179.055286
2023-08-07 21:07:00+00:00,179.05,179.1,179.05,100,179.06,5718,179.065914
2023-08-07 21:08:00+00:00,179.09,179.1,179.06,108,179.08,5625,179.086185
2023-08-07 21:09:00+00:00,179.08,179.1,179.07,82,179.09,2602,179.082759
2023-08-07 21:10:00+00:00,179.05,179.1,179.05,82,179.1,2218,179.066871
2023-08-07 21:11:00+00:00,179.09,179.09,179.05,106,179.08,6867,179.034854
2023-08-07 21:12:00+00:00,179.09,179.09,179.09,57,179.09,772,179.08826
2023-08-07 21:13:00+00:00,179.1,179.1,179.05,121,179.08,7701,179.634076
2023-08-07 21:14:00+00:00,179.09,179.09,179.05,123,179.06,6167,178.771532
2023-08-07 21:15:00+00:00,179.06,179.1,179.05,110,179.1,4283,179.066536
2023-08-07 21:16:00+00:00,179.05,179.1,179.05,71,179.05,3640,179.070788
2023-08-07 21:17:00+00:00,179.08,179.1,179.06,70,179.06,4595,176.798905
2023-08-07 21:18:00+00:00,179.09,179.09,179.09,61,179.09,804,179.09103
2023-08-07 21:19:00+00:00,179.1,179.1,179.1,60,179.1,1030,179.097158
2023-08-07 21:20:00+00:00,179.1,179.1,179.09,69,179.1,3156,179.094864
2023-08-07 21:21:00+00:00,179.1,179.1,179.09,55,179.09,1599,175.09832
2023-08-07 21:22:00+00:00,179.1,179.1,179.09,64,179.09,1023,179.094191
2023-08-07 21:23:00+00:00,179.09,179.1,179.09,65,179.09,939,179.095051
2023-08-07 21:24:00+00:00,179.1,179.1,179.09,126,179.09,3334,179.098665
2023-08-07 21:25:00+00:00,179.12,179.12,179.09,102,179.09,1516,179.111191
2023-08-07 21:26:00+00:00,179.13,179.13,179.12,57,179.13,1941,179.127262
2023-08-07 21:27:00+00:00,179.15,179.15,179.13,68,179.13,1392,179.141029
2023-08-07 21:28:00+00:00,179.13,179.15,179.13,64,179.15,1018,179.14298
2023-08-07 21:29:00+00:00,179.13,179.15,179.13,58,179.13,752,179.139588
2023-08-07 21:30:00+00:00,179.14,179.14,179.09,90,179.12,3845,179.10962
2023-08-07 21:31:00+00:00,179.1,179.13,179.1,51,179.13,825,179.122061
2023-08-07 21:32:00+00:00,179.1,179.1,179.1,66,179.1,1645,179.108699
2023-08-07 21:33:00+00:00,179.13,179.13,179.13,47,179.13,364,179.131086
2023-08-07 21:34:00+00:00,179.15,179.15,179.14,47,179.14,693,179.140313
2023-08-07 21:35:00+00:00,179.1489,179.15,179.1489,64,179.15,1027,179.147611
2023-08-07 21:36:00+00:00,179.14,179.14,179.14,51,179.14,533,179.145846
2023-08-07 21:37:00+00:00,179.14,179.14,179.14,50,179.14,473,179.13753
2023-08-07 21:38:00+00:00,179.1,179.14,179.1,134,179.13,8612,179.115009
2023-08-07 21:39:00+00:00,179.14,179.15,179.14,54,179.14,2197,179.141172
2023-08-07 21:40:00+00:00,179.1399,179.14,179.1399,32,179.14,553,179.139599
2023-08-07 21:42:00+00:00,179.14,179.15,179.1,98,179.15,4740,179.111537
2023-08-07 21:43:00+00:00,179.1,179.11,179.1,67,179.11,1740,179.107319
2023-08-07 21:44:00+00:00,179.1,179.13,179.1,53,179.1,2691,179.111321
2023-08-07 21:45:00+00:00,179.1,179.1,179.1,39,179.1,518,179.103091
2023-08-07 21:46:00+00:00,179.12,179.13,179.12,43,179.12,2322,179.119313
2023-08-07 21:47:00+00:00,179.12,179.12,179.12,47,179.12,613,179.118959
2023-08-07 21:48:00+00:00,179.1,179.13,179.1,78,179.13,2445,179.11298
2023-08-07 21:49:00+00:00,179.13,179.14,179.1,74,179.13,4781,179.126868
2023-08-07 21:50:00+00:00,179.11,179.11,179.11,46,179.11,1180,179.110411
2023-08-07 21:51:00+00:00,179.07,179.14,179.06,115,179.1,6013,179.100862
2023-08-07 21:52:00+00:00,179.14,179.14,179.0599,66,179.06,4368,179.085794
2023-08-07 21:53:00+00:00,179.06,179.14,179.06,65,179.14,3705,179.108824
2023-08-07 21:54:00+00:00,179.06,179.07,179.06,58,179.06,1345,179.068208
2023-08-07 21:55:00+00:00,179.08,179.08,179.08,30,179.08,190,179.083474
2023-08-07 21:57:00+00:00,179.1,179.1,179.09,50,179.09,1170,179.094662
2023-08-07 21:58:00+00:00,179.14,179.14,179.1,50,179.1,3010,179.12563
2023-08-07 21:59:00+00:00,179.11,179.11,179.1,58,179.1,743,179.11138
2023-08-07 22:00:00+00:00,179.1,179.11,179.1,64,179.11,2523,179.108753
2023-08-07 22:04:00+00:00,179.12,179.12,179.12,46,179.12,430,179.111
2023-08-07 22:05:00+00:00,179.11,179.11,179.11,55,179.11,368,179.10913
2023-08-07 22:06:00+00:00,179.12,179.12,179.12,52,179.12,488,179.100502
2023-08-07 22:08:00+00:00,179.08,179.08,179.08,39,179.08,532,179.08337
2023-08-07 22:09:00+00:00,179.08,179.08,179.08,62,179.08,663,179.077353
2023-08-07 22:10:00+00:00,179.08,179.08,179.08,38,179.08,880,179.07921
2023-08-07 22:12:00+00:00,179.07,179.07,179.07,35,179.07,413,179.07226
2023-08-07 22:13:00+00:00,179.08,179.08,179.08,43,179.08,372,179.079435
2023-08-07 22:14:00+00:00,179.07,179.07,179.07,41,179.07,599,179.071436
2023-08-07 22:15:00+00:00,179.05,179.06,179.05,62,179.05,2558,179.052263
2023-08-07 22:16:00+00:00,179.02,179.03,179.02,42,179.03,373,179.030724
2023-08-07 22:17:00+00:00,179.02,179.03,179.02,37,179.03,712,179.026938
2023-08-07 22:18:00+00:00,179.02,179.02,179.02,70,179.02,6975,179.020331
2023-08-07 22:19:00+00:00,179.01,179.03,179.0,259,179.01,5905,179.006227
2023-08-07 22:20:00+00:00,179.03,179.03,179.0,43,179.03,2142,179.016254
2023-08-07 22:21:00+00:00,179.03,179.03,179.02,34,179.02,922,179.028487
2023-08-07 22:22:00+00:00,179.01,179.01,179.01,108,179.01,934,179.033726
2023-08-07 22:25:00+00:00,179.02,179.02,179.02,34,179.02,560,179.021214
2023-08-07 22:27:00+00:00,179.02,179.02,179.01,60,179.02,1692,179.015954
2023-08-07 22:28:00+00:00,179.0399,179.04,179.03,50,179.04,1917,179.033959
2023-08-07 22:29:00+00:00,179.02,179.0397,179.01,43,179.01,2391,179.02101
2023-08-07 22:30:00+00:00,179.05,179.05,179.05,31,179.05,2207,179.047098
2023-08-07 22:31:00+00:00,179.05,179.05,179.05,32,179.05,706,179.043693
2023-08-07 22:34:00+00:00,179.05,179.05,179.05,27,179.05,273,179.049377
2023-08-07 22:35:00+00:00,179.05,179.05,179.04,31,179.05,2325,179.04949
2023-08-07 22:37:00+00:00,179.07,179.07,179.07,29,179.07,243,179.066173
2023-08-07 22:38:00+00:00,179.0686,179.0686,179.0686,29,179.0686,296,179.067111
2023-08-07 22:39:00+00:00,179.07,179.07,179.07,34,179.07,280,179.073107
2023-08-07 22:41:00+00:00,179.07,179.07,179.07,35,179.07,661,179.069856
2023-08-07 22:42:00+00:00,179.05,179.05,179.05,40,179.05,315,179.060127
2023-08-07 22:44:00+00:00,179.06,179.06,179.06,24,179.06,633,179.061548
2023-08-07 22:45:00+00:00,179.06,179.06,179.06,28,179.06,544,179.072849
2023-08-07 22:46:00+00:00,179.11,179.11,179.11,37,179.11,619,179.100961
2023-08-07 22:47:00+00:00,179.11,179.11,179.11,36,179.11,576,179.108707
2023-08-07 22:48:00+00:00,179.1,179.11,179.09,31,179.11,890,179.096522
2023-08-07 22:49:00+00:00,179.09,179.09,179.09,47,179.09,1008,179.094112
2023-08-07 22:50:00+00:00,179.1,179.1,179.1,24,179.1,449,179.100111
2023-08-07 22:51:00+00:00,179.11,179.11,179.11,31,179.11,2006,179.109354
2023-08-07 22:52:00+00:00,179.13,179.13,179.1,61,179.11,1925,179.113673
2023-08-07 22:53:00+00:00,179.12,179.12,179.12,19,179.12,328,179.118165
2023-08-07 22:54:00+00:00,179.12,179.15,179.12,52,179.12,2959,179.132633
2023-08-07 22:55:00+00:00,179.14,179.14,179.12,42,179.12,2121,179.130395
2023-08-07 22:59:00+00:00,179.12,179.12,179.12,43,179.12,2267,179.120929
2023-08-07 23:02:00+00:00,179.12,179.14,179.11,34,179.11,3083,179.123354
2023-08-07 23:03:00+00:00,179.11,179.11,179.11,27,179.11,556,179.11768
2023-08-07 23:06:00+00:00,179.14,179.14,179.14,36,179.14,802,179.13659
2023-08-07 23:07:00+00:00,179.14,179.14,179.11,42,179.11,2087,179.129554
2023-08-07 23:08:00+00:00,179.09,179.14,179.09,57,179.14,1860,179.111559
2023-08-07 23:09:00+00:00,179.08,179.1,179.08,41,179.08,1223,179.085057
2023-08-07 23:11:00+00:00,179.1,179.1,179.1,26,179.1,377,179.097226
2023-08-07 23:12:00+00:00,179.1,179.1,179.09,34,179.09,1177,179.09497
2023-08-07 23:13:00+00:00,179.09,179.09,179.09,22,179.09,251,179.092112
2023-08-07 23:14:00+00:00,179.09,179.09,179.08,28,179.08,581,179.08179
2023-08-07 23:17:00+00:00,179.1,179.13,179.1,25,179.13,366,179.105915
2023-08-07 23:18:00+00:00,179.14,179.14,179.13,36,179.13,1431,179.135524
2023-08-07 23:19:00+00:00,179.15,179.15,179.15,24,179.15,907,179.148049
2023-08-07 23:20:00+00:00,179.14,179.14,179.14,24,179.14,150,179.139333
2023-08-07 23:21:00+00:00,179.12,179.14,179.12,30,179.14,1021,179.129177
2023-08-07 23:22:00+00:00,179.15,179.15,179.12,22,179.12,995,179.137467
2023-08-07 23:23:00+00:00,179.1497,179.1497,179.12,28,179.14,850,179.136776
2023-08-07 23:24:00+00:00,179.15,179.15,179.12,39,179.15,2906,179.145265
2023-08-07 23:25:00+00:00,179.12,179.15,179.12,26,179.12,654,179.137668
2023-08-07 23:26:00+00:00,179.12,179.12,179.12,11,179.12,216,179.123102
2023-08-07 23:27:00+00:00,179.1,179.12,179.1,61,179.12,2060,179.10909
2023-08-07 23:28:00+00:00,179.03,179.1,179.03,83,179.1,6005,179.045045
2023-08-07 23:29:00+00:00,179.1,179.1,179.1,26,179.1,672,179.097009
2023-08-07 23:32:00+00:00,179.1,179.1,179.1,42,179.1,711,179.11308
2023-08-07 23:33:00+00:00,179.13,179.13,179.13,32,179.13,1251,179.129883
2023-08-07 23:34:00+00:00,179.14,179.14,179.14,34,179.14,904,179.140564
2023-08-07 23:36:00+00:00,179.13,179.13,179.13,50,179.13,717,179.13708
2023-08-07 23:37:00+00:00,179.13,179.13,179.13,21,179.13,354,179.129459
2023-08-07 23:38:00+00:00,179.11,179.13,179.11,30,179.13,1927,179.126588
2023-08-07 23:39:00+00:00,179.13,179.13,179.13,26,179.13,1222,179.13171
2023-08-07 23:40:00+00:00,179.14,179.14,179.13,32,179.14,1510,179.139232
2023-08-07 23:41:00+00:00,179.14,179.15,179.13,53,179.15,7364,179.139086
2023-08-07 23:42:00+00:00,179.12,179.12,179.12,32,179.12,1006,179.12002
2023-08-07 23:45:00+00:00,179.15,179.15,179.15,29,179.15,288,179.145628
2023-08-07 23:46:00+00:00,179.12,179.12,179.12,36,179.12,945,179.130278
2023-08-07 23:47:00+00:00,179.14,179.14,179.12,39,179.12,516,179.137917
2023-08-07 23:48:00+00:00,179.14,179.14,179.12,42,179.14,2655,179.134185
2023-08-07 23:49:00+00:00,179.1382,179.14,179.12,43,179.13,1655,179.126882
2023-08-07 23:50:00+00:00,179.14,179.14,179.14,31,179.14,714,179.135728
2023-08-07 23:51:00+00:00,179.13,179.15,179.13,49,179.15,1245,179.138398
2023-08-07 23:52:00+00:00,179.13,179.15,179.12,44,179.15,2112,179.136734
2023-08-07 23:53:00+00:00,179.12,179.13,179.12,28,179.13,1097,179.124348
2023-08-07 23:54:00+00:00,179.13,179.13,179.11,37,179.12,1941,179.12205
2023-08-07 23:55:00+00:00,179.14,179.14,179.13,35,179.13,1286,179.130467
2023-08-07 23:57:00+00:00,179.15,179.15,179.14,48,179.14,4425,179.148267
2023-08-07 23:58:00+00:00,179.15,179.15,179.13,44,179.15,3280,179.143374
2023-08-07 23:59:00+00:00,179.16,179.16,179.1499,59,179.15,4652,179.152465
