timestamp,close,high,low,trade_count,open,volume,vwap
2023-06-16 08:01:00+00:00,185.99,185.99,185.99,57,185.99,1259,185.990882
2023-06-16 08:03:00+00:00,185.99,185.99,185.99,23,185.99,1486,185.985935
2023-06-16 08:06:00+00:00,185.88,185.88,185.88,21,185.88,363,185.877273
2023-06-16 08:08:00+00:00,185.77,185.77,185.7,16,185.7,399,185.746516
2023-06-16 08:09:00+00:00,185.82,185.82,185.82,35,185.82,699,185.813104
2023-06-16 08:11:00+00:00,185.8,185.8,185.66,40,185.66,1400,185.771329
2023-06-16 08:12:00+00:00,185.83,185.83,185.83,21,185.83,585,185.826462
2023-06-16 08:13:00+00:00,185.88,185.88,185.88,26,185.88,767,185.864159
2023-06-16 08:14:00+00:00,185.92,185.92,185.92,36,185.92,940,185.872702
2023-06-16 08:15:00+00:00,185.8,185.8,185.8,16,185.8,523,185.774857
2023-06-16 08:16:00+00:00,185.69,185.81,185.69,32,185.8,862,185.769965
2023-06-16 08:17:00+00:00,185.71,185.71,185.68,65,185.68,1774,185.709448
2023-06-16 08:19:00+00:00,185.89,185.89,185.89,11,185.89,255,185.879961
2023-06-16 08:20:00+00:00,185.9,185.9,185.9,22,185.9,693,185.894372
2023-06-16 08:22:00+00:00,185.9,185.9,185.9,34,185.9,856,185.839498
2023-06-16 08:25:00+00:00,185.82,185.82,185.82,16,185.82,644,185.80382
2023-06-16 08:26:00+00:00,185.92,185.92,185.82,15,185.82,1763,185.894317
2023-06-16 08:27:00+00:00,185.83,185.92,185.83,28,185.92,766,185.886593
2023-06-16 08:28:00+00:00,185.83,185.83,185.83,10,185.83,260,185.836885
2023-06-16 08:31:00+00:00,185.95,185.95,185.95,23,185.95,902,185.941552
2023-06-16 08:32:00+00:00,185.96,185.96,185.95,13,185.95,1165,185.954249
2023-06-16 08:33:00+00:00,185.88,185.88,185.88,9,185.88,295,185.887797
2023-06-16 08:34:00+00:00,185.85,185.92,185.85,35,185.92,1848,185.880601
2023-06-16 08:35:00+00:00,185.71,185.82,185.71,35,185.82,1052,185.792471
2023-06-16 08:38:00+00:00,185.88,185.88,185.88,17,185.88,601,185.872795
2023-06-16 08:41:00+00:00,185.9,185.9,185.9,11,185.9,249,185.903213
2023-06-16 08:45:00+00:00,185.89,185.89,185.89,19,185.89,514,185.877646
2023-06-16 08:46:00+00:00,185.77,185.83,185.77,47,185.83,871,185.790918
2023-06-16 08:47:00+00:00,185.73,185.73,185.73,7,185.73,218,185.742569
2023-06-16 08:50:00+00:00,185.7,185.71,185.69,51,185.69,1400,185.677457
2023-06-16 08:51:00+00:00,185.68,185.68,185.6,27,185.6,1028,185.661411
2023-06-16 08:57:00+00:00,185.7,185.7,185.7,7,185.7,270,185.70163
2023-06-16 08:58:00+00:00,185.69,185.69,185.69,20,185.69,493,185.68789
2023-06-16 08:59:00+00:00,185.69,185.7,185.69,23,185.69,938,185.703881
2023-06-16 09:01:00+00:00,185.69,185.76,185.62,22,185.76,708,185.712246
2023-06-16 09:02:00+00:00,185.63,185.63,185.63,19,185.63,517,185.668317
2023-06-16 09:05:00+00:00,185.62,185.62,185.62,17,185.62,407,185.678477
2023-06-16 09:06:00+00:00,185.66,185.66,185.62,40,185.62,740,185.66423
2023-06-16 09:07:00+00:00,185.65,185.65,185.65,15,185.65,271,185.664428
2023-06-16 09:08:00+00:00,185.66,185.66,185.66,35,185.66,455,185.663099
2023-06-16 09:09:00+00:00,185.65,185.65,185.65,6,185.65,200,185.6543
2023-06-16 09:13:00+00:00,185.79,185.8,185.79,28,185.8,2207,185.789619
2023-06-16 09:14:00+00:00,185.79,185.79,185.79,20,185.79,491,185.781385
2023-06-16 09:15:00+00:00,185.55,185.78,185.55,88,185.78,1461,185.658953
2023-06-16 09:16:00+00:00,185.56,185.56,185.56,50,185.56,638,185.571144
2023-06-16 09:17:00+00:00,185.5,185.52,185.5,53,185.52,1961,185.511943
2023-06-16 09:18:00+00:00,185.5,185.5,185.5,54,185.5,772,185.428769
2023-06-16 09:19:00+00:00,185.41,185.5,185.36,78,185.5,10672,185.44389
2023-06-16 09:20:00+00:00,185.48,185.48,185.48,16,185.48,508,185.480591
2023-06-16 09:22:00+00:00,185.55,185.55,185.55,10,185.55,679,185.53944
2023-06-16 09:24:00+00:00,185.51,185.51,185.48,10,185.48,607,185.498699
2023-06-16 09:27:00+00:00,185.51,185.51,185.43,61,185.43,1940,185.443943
2023-06-16 09:28:00+00:00,185.35,185.35,185.35,13,185.35,209,185.354785
2023-06-16 09:29:00+00:00,185.37,185.37,185.37,5,185.37,212,185.382642
2023-06-16 09:30:00+00:00,185.38,185.38,185.38,10,185.38,259,185.383205
2023-06-16 09:32:00+00:00,185.5,185.5,185.5,16,185.5,275,185.5012
2023-06-16 09:37:00+00:00,185.42,185.42,185.42,12,185.42,274,185.470876
2023-06-16 09:44:00+00:00,185.6,185.6,185.6,5,185.6,800,185.6
2023-06-16 09:48:00+00:00,185.54,185.54,185.54,10,185.54,803,185.540224
2023-06-16 10:00:00+00:00,185.59,185.6,185.59,21,185.6,844,185.598472
2023-06-16 10:02:00+00:00,185.6,185.6,185.6,24,185.6,575,185.591826
2023-06-16 10:03:00+00:00,185.58,185.58,185.58,8,185.58,242,185.584917
2023-06-16 10:06:00+00:00,185.6,185.6,185.6,8,185.6,256,185.595938
2023-06-16 10:11:00+00:00,185.5,185.5,185.5,46,185.5,848,185.527488
2023-06-16 10:13:00+00:00,185.42,185.46,185.42,27,185.46,532,185.444492
2023-06-16 10:15:00+00:00,185.4,185.4,185.4,33,185.4,796,185.404121
2023-06-16 10:16:00+00:00,185.3,185.38,185.3,51,185.35,1126,185.322034
2023-06-16 10:19:00+00:00,185.31,185.31,185.31,23,185.31,507,185.311637
2023-06-16 10:20:00+00:00,185.3,185.36,185.3,80,185.36,2197,185.325535
2023-06-16 10:21:00+00:00,185.3,185.3,185.3,32,185.3,1575,185.305581
2023-06-16 10:23:00+00:00,185.34,185.34,185.34,10,185.34,424,185.340354
2023-06-16 10:28:00+00:00,185.34,185.34,185.34,16,185.34,604,185.344901
2023-06-16 10:29:00+00:00,185.39,185.39,185.39,3,185.39,103,185.389709
2023-06-16 10:32:00+00:00,185.4,185.4,185.4,21,185.4,1992,185.3999
2023-06-16 10:33:00+00:00,185.4,185.4,185.4,35,185.4,5898,185.400487
2023-06-16 10:41:00+00:00,185.42,185.42,185.42,10,185.42,259,185.420502
2023-06-16 10:46:00+00:00,185.4,185.4,185.4,26,185.4,390,185.391615
2023-06-16 10:47:00+00:00,185.4,185.4,185.4,28,185.4,634,185.392429
2023-06-16 10:48:00+00:00,185.45,185.45,185.31,91,185.31,13024,185.435378
2023-06-16 10:50:00+00:00,185.45,185.45,185.45,21,185.45,1069,185.455267
2023-06-16 10:51:00+00:00,185.11,185.45,185.11,106,185.45,5755,185.397672
2023-06-16 10:53:00+00:00,185.53,185.53,185.53,30,185.53,1241,185.501201
2023-06-16 10:57:00+00:00,185.52,185.52,185.52,8,185.52,388,185.519871
2023-06-16 11:00:00+00:00,185.69,185.69,185.47,131,185.53,4500,185.633638
2023-06-16 11:01:00+00:00,185.7,185.75,185.69,133,185.69,8292,185.716729
2023-06-16 11:02:00+00:00,185.72,185.72,185.66,150,185.7,5608,185.711332
2023-06-16 11:03:00+00:00,185.72,185.72,185.72,37,185.72,1466,185.733315
2023-06-16 11:04:00+00:00,185.66,185.66,185.66,61,185.66,1621,185.697261
2023-06-16 11:05:00+00:00,185.69,185.7,185.69,66,185.7,1702,185.691199
2023-06-16 11:06:00+00:00,185.71,185.71,185.65,46,185.65,2115,185.686643
2023-06-16 11:09:00+00:00,185.68,185.68,185.68,12,185.68,241,185.67
2023-06-16 11:10:00+00:00,185.62,185.67,185.62,26,185.67,657,185.643973
2023-06-16 11:11:00+00:00,185.65,185.65,185.65,50,185.65,1490,185.674201
2023-06-16 11:12:00+00:00,185.71,185.71,185.69,26,185.69,1166,185.703696
2023-06-16 11:13:00+00:00,185.75,185.75,185.75,33,185.75,556,185.756529
2023-06-16 11:14:00+00:00,185.85,185.85,185.79,49,185.79,3566,185.810064
2023-06-16 11:15:00+00:00,185.9,185.9,185.9,42,185.9,1219,185.882551
2023-06-16 11:17:00+00:00,185.95,185.96,185.93,43,185.95,2428,185.945342
2023-06-16 11:18:00+00:00,185.9,185.9,185.9,30,185.9,1088,185.909191
2023-06-16 11:19:00+00:00,185.88,185.88,185.88,29,185.88,1862,185.885569
2023-06-16 11:20:00+00:00,185.85,185.9,185.85,37,185.9,1069,185.859317
2023-06-16 11:21:00+00:00,185.68,185.82,185.68,84,185.82,6734,185.783904
2023-06-16 11:22:00+00:00,185.69,185.69,185.69,19,185.69,208,185.695529
2023-06-16 11:23:00+00:00,185.7,185.7,185.7,45,185.7,8364,185.699669
2023-06-16 11:25:00+00:00,185.75,185.75,185.75,4,185.75,280,185.752107
2023-06-16 11:27:00+00:00,185.75,185.8,185.75,36,185.8,1185,185.779975
2023-06-16 11:28:00+00:00,185.8,185.8,185.8,32,185.8,1007,185.79578
2023-06-16 11:29:00+00:00,185.8,185.8,185.8,45,185.8,2397,185.807322
2023-06-16 11:30:00+00:00,185.87,185.87,185.87,29,185.87,1986,185.867573
2023-06-16 11:31:00+00:00,185.87,185.87,185.87,24,185.87,995,185.843859
2023-06-16 11:33:00+00:00,185.81,185.81,185.81,42,185.81,819,185.827436
2023-06-16 11:34:00+00:00,185.82,185.82,185.82,33,185.82,766,185.841854
2023-06-16 11:35:00+00:00,185.9,185.9,185.86,48,185.86,2861,185.887081
2023-06-16 11:37:00+00:00,185.85,185.85,185.85,12,185.85,1556,185.85036
2023-06-16 11:38:00+00:00,185.89,185.89,185.89,22,185.89,537,185.889367
2023-06-16 11:39:00+00:00,185.85,185.89,185.85,70,185.89,1873,185.851442
2023-06-16 11:40:00+00:00,185.92,185.92,185.92,52,185.92,1482,185.90054
2023-06-16 11:41:00+00:00,185.88,185.88,185.88,30,185.88,1068,185.876077
2023-06-16 11:42:00+00:00,185.83,185.86,185.83,17,185.86,600,185.844683
2023-06-16 11:44:00+00:00,185.84,185.84,185.76,56,185.76,2775,185.791402
2023-06-16 11:45:00+00:00,185.91,185.96,185.86,142,185.86,7124,185.9353
2023-06-16 11:47:00+00:00,185.87,185.92,185.87,42,185.92,1091,185.920852
2023-06-16 11:48:00+00:00,185.84,185.84,185.84,81,185.84,2614,185.847934
2023-06-16 11:50:00+00:00,185.81,185.9,185.8,45,185.9,1817,185.827617
2023-06-16 11:52:00+00:00,185.8,185.8,185.8,18,185.8,793,185.805435
2023-06-16 11:53:00+00:00,185.84,185.85,185.82,24,185.85,2104,185.843631
2023-06-16 11:54:00+00:00,185.8,185.8,185.8,35,185.8,1029,185.786482
2023-06-16 11:55:00+00:00,185.75,185.8,185.75,19,185.8,764,185.769856
2023-06-16 11:56:00+00:00,185.75,185.75,185.75,18,185.75,259,185.759846
2023-06-16 11:57:00+00:00,185.75,185.8,185.75,21,185.8,1022,185.790489
2023-06-16 11:58:00+00:00,185.72,185.73,185.72,47,185.73,1364,185.731913
2023-06-16 11:59:00+00:00,185.66,185.72,185.65,43,185.72,2491,185.693786
2023-06-16 12:00:00+00:00,185.78,185.97,185.56,470,185.68,95796,185.803206
2023-06-16 12:01:00+00:00,185.7,185.85,185.43,693,185.8,4080,185.652202
2023-06-16 12:02:00+00:00,185.43,185.8,185.43,419,185.49,3250,185.594097
2023-06-16 12:03:00+00:00,185.8,185.8,185.46,250,185.46,3045,185.590555
2023-06-16 12:05:00+00:00,185.82,185.82,185.82,29,185.82,1223,185.81834
2023-06-16 12:06:00+00:00,185.8007,185.82,185.8007,25,185.81,1540,185.808223
2023-06-16 12:08:00+00:00,185.85,185.85,185.85,34,185.85,1366,185.849375
2023-06-16 12:09:00+00:00,185.8366,185.87,185.8366,27,185.87,637,185.864001
2023-06-16 12:10:00+00:00,185.9,185.9,185.896,35,185.896,789,185.891138
2023-06-16 12:11:00+00:00,185.95,185.95,185.896,39,185.896,2040,185.931226
2023-06-16 12:12:00+00:00,186.0603,186.0603,185.98,184,185.98,5122,186.007503
2023-06-16 12:13:00+00:00,186.08,186.08,185.9312,64,186.08,5975,186.015354
2023-06-16 12:14:00+00:00,186.1072,186.1072,186.0,62,186.0,2612,186.043735
2023-06-16 12:15:00+00:00,186.05,186.1,186.02,45,186.1,6776,186.051972
2023-06-16 12:16:00+00:00,186.01,186.01,186.01,21,186.01,1307,186.014212
2023-06-16 12:17:00+00:00,186.1,186.1,186.02,58,186.02,1196,186.042488
2023-06-16 12:18:00+00:00,186.02,186.04,186.02,48,186.04,1381,186.038404
2023-06-16 12:19:00+00:00,186.1,186.1,186.05,40,186.05,607,186.058127
2023-06-16 12:20:00+00:00,186.05,186.0887,186.05,47,186.0774,1646,186.058857
2023-06-16 12:21:00+00:00,186.05,186.05,186.01,25,186.05,2286,186.043075
2023-06-16 12:22:00+00:00,186.1,186.1,186.05,75,186.05,3018,186.064676
2023-06-16 12:23:00+00:00,186.07,186.07,186.02,54,186.04,1893,186.049171
2023-06-16 12:25:00+00:00,186.02,186.05,186.01,42,186.01,433364,186.010071
2023-06-16 12:26:00+00:00,186.0899,186.09,186.01,86,186.01,3015,186.071449
2023-06-16 12:27:00+00:00,186.11,186.12,186.1,101,186.1,4659,186.113111
2023-06-16 12:28:00+00:00,186.15,186.15,186.09,64,186.11,6360,186.120787
2023-06-16 12:29:00+00:00,186.16,186.16,186.15,41,186.15,1943,186.152149
2023-06-16 12:31:00+00:00,186.17,186.17,186.13,25,186.13,1218,186.150123
2023-06-16 12:32:00+00:00,186.19,186.19,186.16,50,186.16,1612,186.181211
2023-06-16 12:33:00+00:00,186.21,186.24,186.16,86,186.17,4385,186.201724
2023-06-16 12:34:00+00:00,186.22,186.22,186.22,40,186.22,932,186.222155
2023-06-16 12:35:00+00:00,186.23,186.23,186.12,111,186.2,6451,186.172703
2023-06-16 12:36:00+00:00,186.05,186.18,186.05,160,186.12,6812,186.111704
2023-06-16 12:37:00+00:00,186.17,186.17,186.13,62,186.13,2363,186.121086
2023-06-16 12:38:00+00:00,186.16,186.16,186.05,116,186.11,5052,186.082869
2023-06-16 12:40:00+00:00,186.04,186.08,186.04,40,186.08,943,186.065838
2023-06-16 12:41:00+00:00,186.09,186.09,186.08,46,186.08,5682,186.089361
2023-06-16 12:42:00+00:00,186.11,186.11,186.11,34,186.11,1267,186.110335
2023-06-16 12:43:00+00:00,186.0242,186.08,186.0242,94,186.08,2415,186.06191
2023-06-16 12:44:00+00:00,186.22,186.22,186.0441,132,186.0441,11859,186.153395
2023-06-16 12:45:00+00:00,186.2389,186.25,186.2,56,186.23,10415,186.207866
2023-06-16 12:46:00+00:00,186.3,186.3,186.2399,129,186.2399,7147,186.265787
2023-06-16 12:47:00+00:00,186.29,186.29,186.25,108,186.29,7067,186.267438
2023-06-16 12:48:00+00:00,186.3,186.3,186.25,57,186.26,1800,186.270633
2023-06-16 12:49:00+00:00,186.25,186.28,186.25,107,186.25,10083,186.253758
2023-06-16 12:50:00+00:00,186.25,186.3,186.25,135,186.25,15930,186.262443
2023-06-16 12:51:00+00:00,186.25,186.25,186.25,109,186.25,4871,186.251455
2023-06-16 12:52:00+00:00,186.18,186.27,186.18,90,186.27,3467,186.231422
2023-06-16 12:53:00+00:00,186.2,186.2,186.1717,67,186.1717,9292,186.195623
2023-06-16 12:54:00+00:00,186.25,186.25,186.23,75,186.23,7290,186.239484
2023-06-16 12:55:00+00:00,186.2718,186.2718,186.25,49,186.2699,5397,186.257826
2023-06-16 12:56:00+00:00,186.28,186.29,186.28,57,186.28,2148,186.282845
2023-06-16 12:57:00+00:00,186.3,186.3,186.25,77,186.26,6459,186.26049
2023-06-16 12:58:00+00:00,186.3,186.3,186.3,64,186.3,3124,186.300867
2023-06-16 12:59:00+00:00,186.3,186.31,186.25,81,186.3,1694,186.29467
2023-06-16 13:00:00+00:00,186.25,186.32,186.25,79,186.32,5396,186.304101
2023-06-16 13:01:00+00:00,186.28,186.28,186.25,44,186.2518,7442,186.258951
2023-06-16 13:02:00+00:00,186.2987,186.3,186.2793,58,186.28,4821,186.285475
2023-06-16 13:03:00+00:00,186.28,186.29,186.27,94,186.2801,4418,186.281967
2023-06-16 13:04:00+00:00,186.28,186.28,186.24,88,186.25,5019,186.263577
2023-06-16 13:05:00+00:00,186.2509,186.3,186.2509,75,186.29,2677,186.287496
2023-06-16 13:06:00+00:00,186.25,186.27,186.25,38,186.27,1577,186.263341
2023-06-16 13:07:00+00:00,186.17,186.27,186.17,132,186.2699,6327,186.212461
2023-06-16 13:08:00+00:00,186.0214,186.16,186.0214,147,186.16,5196,186.112028
2023-06-16 13:09:00+00:00,186.05,186.09,186.05,86,186.09,4937,186.061303
2023-06-16 13:10:00+00:00,185.96,186.06,185.9,262,186.06,11776,185.993481
2023-06-16 13:11:00+00:00,186.04,186.04,185.96,79,185.96,7069,186.011494
2023-06-16 13:12:00+00:00,186.1,186.1,186.03,231,186.03,14314,186.063822
2023-06-16 13:13:00+00:00,186.19,186.19,186.07,131,186.115,8331,186.131538
2023-06-16 13:14:00+00:00,186.16,186.23,186.16,84,186.2,28086,186.226344
2023-06-16 13:15:00+00:00,186.2,186.23,186.145,94,186.16,4614,186.175024
2023-06-16 13:16:00+00:00,186.16,186.17,186.16,57,186.17,2840,186.166946
2023-06-16 13:17:00+00:00,186.17,186.17,186.125,98,186.125,6077,186.141968
2023-06-16 13:18:00+00:00,186.195,186.22,186.195,94,186.22,5107,186.209266
2023-06-16 13:19:00+00:00,186.23,186.245,186.23,42,186.23,968,186.238478
2023-06-16 13:20:00+00:00,186.41,186.41,186.21,182,186.23,9005,186.326579
2023-06-16 13:21:00+00:00,186.49,186.5,186.4,313,186.41,21678,186.476429
2023-06-16 13:22:00+00:00,186.63,186.63,186.42,241,186.45,15157,186.508225
2023-06-16 13:23:00+00:00,186.7,186.75,186.64,279,186.6898,16161,186.687805
2023-06-16 13:24:00+00:00,186.67,186.68,186.48,259,186.67,14428,186.576772
2023-06-16 13:25:00+00:00,186.53,186.82,186.5,466,186.61,36323,186.694791
2023-06-16 13:26:00+00:00,186.59,186.67,186.29,267,186.62,18720,186.519631
2023-06-16 13:27:00+00:00,186.89,186.95,186.52,667,186.59,61097,186.794255
2023-06-16 13:28:00+00:00,186.94,187.5,186.44,1625,186.89,169659,186.962972
2023-06-16 13:29:00+00:00,186.66,187.17,186.6,1000,186.86,307428,186.724027
2023-06-16 13:30:00+00:00,186.42,186.99,186.29,9926,186.61,16379431,186.970339
2023-06-16 13:31:00+00:00,185.9,186.49,185.9,6538,186.38,993945,186.57167
2023-06-16 13:32:00+00:00,185.75,186.03,185.74,5323,185.89,437551,185.878598
2023-06-16 13:33:00+00:00,185.56,185.85,185.52,3923,185.76,331328,185.670218
2023-06-16 13:34:00+00:00,185.28,185.69,185.16,4919,185.57,404306,185.465684
2023-06-16 13:35:00+00:00,185.47,185.48,185.19,3756,185.3,292990,185.313839
2023-06-16 13:36:00+00:00,185.59,185.72,185.3501,3012,185.49,248771,185.543245
2023-06-16 13:37:00+00:00,185.345,185.64,185.29,3247,185.6,252128,185.49851
2023-06-16 13:38:00+00:00,185.57,185.6201,185.27,2563,185.34,198500,185.480118
2023-06-16 13:39:00+00:00,185.38,185.59,185.35,1963,185.57,146460,185.444948
2023-06-16 13:40:00+00:00,185.1078,185.405,184.96,4788,185.4,372285,185.143168
2023-06-16 13:41:00+00:00,185.28,185.49,185.07,2780,185.1067,229475,185.285874
2023-06-16 13:42:00+00:00,185.17,185.48,185.1601,2286,185.3121,193242,185.324607
2023-06-16 13:43:00+00:00,185.3089,185.4,185.14,2472,185.17,209792,185.268907
2023-06-16 13:44:00+00:00,185.24,185.39,185.16,1847,185.31,149010,185.260412
2023-06-16 13:45:00+00:00,185.2501,185.3498,185.11,2309,185.24,165337,185.213383
2023-06-16 13:46:00+00:00,185.17,185.34,185.15,3086,185.26,158394,185.252034
2023-06-16 13:47:00+00:00,185.14,185.22,185.1,3854,185.1699,143372,185.154827
2023-06-16 13:48:00+00:00,185.13,185.22,185.1188,3647,185.14,109905,185.167654
2023-06-16 13:49:00+00:00,185.15,185.19,185.11,3651,185.135,110692,185.152934
2023-06-16 13:50:00+00:00,185.1,185.21,185.04,4719,185.1599,214456,185.12054
2023-06-16 13:51:00+00:00,185.19,185.22,185.1,3854,185.105,146537,185.158348
2023-06-16 13:52:00+00:00,185.22,185.29,185.11,3953,185.18,169613,185.191302
2023-06-16 13:53:00+00:00,185.1666,185.23,185.06,3823,185.225,143319,185.131978
2023-06-16 13:54:00+00:00,185.0401,185.17,184.97,4504,185.16,166280,185.060062
2023-06-16 13:55:00+00:00,185.2,185.2,185.02,3958,185.06,125546,185.114994
2023-06-16 13:56:00+00:00,185.265,185.33,185.15,4000,185.2,172006,185.262866
2023-06-16 13:57:00+00:00,185.105,185.275,185.0995,3594,185.265,129582,185.196037
2023-06-16 13:58:00+00:00,185.22,185.25,185.105,3316,185.105,83650,185.18245
2023-06-16 13:59:00+00:00,185.22,185.26,185.17,3291,185.22,95839,185.218258
2023-06-16 14:00:00+00:00,185.5333,185.5682,185.23,5642,185.23,287722,185.43034
2023-06-16 14:01:00+00:00,185.37,185.54,185.28,4124,185.54,137187,185.403689
2023-06-16 14:02:00+00:00,185.36,185.475,185.3,4175,185.36,142039,185.392136
2023-06-16 14:03:00+00:00,185.44,185.55,185.345,4271,185.3601,171624,185.471163
2023-06-16 14:04:00+00:00,185.335,185.51,185.29,3883,185.45,102911,185.373282
2023-06-16 14:05:00+00:00,185.24,185.38,185.2,4086,185.34,143541,185.263406
2023-06-16 14:06:00+00:00,185.31,185.39,185.15,3860,185.245,141275,185.250038
2023-06-16 14:07:00+00:00,185.262,185.34,185.21,3644,185.305,135408,185.276439
2023-06-16 14:08:00+00:00,185.3593,185.37,185.245,3668,185.27,123240,185.310936
2023-06-16 14:09:00+00:00,185.39,185.46,185.32,3379,185.36,108445,185.381801
2023-06-16 14:10:00+00:00,185.4401,185.48,185.345,3728,185.38,144460,185.421781
2023-06-16 14:11:00+00:00,185.51,185.56,185.43,3744,185.445,152051,185.503395
2023-06-16 14:12:00+00:00,185.47,185.565,185.44,3792,185.52,146589,185.499815
2023-06-16 14:13:00+00:00,185.335,185.485,185.21,3917,185.48,157871,185.310465
2023-06-16 14:14:00+00:00,185.22,185.38,185.18,3450,185.34,107032,185.288841
2023-06-16 14:15:00+00:00,185.2513,185.3,185.13,3833,185.22,128693,185.219716
2023-06-16 14:16:00+00:00,185.38,185.44,185.18,3394,185.2601,116838,185.3522
2023-06-16 14:17:00+00:00,185.42,185.42,185.28,3292,185.385,72026,185.345596
2023-06-16 14:18:00+00:00,185.53,185.5499,185.38,3447,185.41,102438,185.467858
2023-06-16 14:19:00+00:00,185.482,185.595,185.44,3435,185.5108,127577,185.513771
2023-06-16 14:20:00+00:00,185.56,185.57,185.44,3660,185.49,112812,185.509236
2023-06-16 14:21:00+00:00,185.55,185.5981,185.5,3302,185.57,94036,185.556252
2023-06-16 14:22:00+00:00,185.725,185.73,185.53,3843,185.55,194523,185.624652
2023-06-16 14:23:00+00:00,185.731,185.76,185.69,3487,185.73,115188,185.727596
2023-06-16 14:24:00+00:00,185.79,185.8281,185.68,3620,185.735,134360,185.763623
2023-06-16 14:25:00+00:00,185.65,185.805,185.615,3588,185.78,115202,185.716766
2023-06-16 14:26:00+00:00,185.6701,185.73,185.61,3027,185.65,85380,185.657483
2023-06-16 14:27:00+00:00,185.714,185.7499,185.65,3082,185.69,73693,185.708712
2023-06-16 14:28:00+00:00,185.75,185.785,185.645,3329,185.72,118518,185.702958
2023-06-16 14:29:00+00:00,185.9082,185.92,185.735,3538,185.745,108811,185.858862
2023-06-16 14:30:00+00:00,185.825,185.92,185.76,3898,185.9001,136977,185.843001
2023-06-16 14:31:00+00:00,185.82,185.855,185.7682,1902,185.82,106029,185.811282
2023-06-16 14:32:00+00:00,185.75,185.83,185.72,1086,185.81,86087,185.7649
2023-06-16 14:33:00+00:00,185.82,185.8342,185.74,959,185.75,70883,185.795859
2023-06-16 14:34:00+00:00,185.915,185.92,185.7701,1153,185.81,102244,185.842966
2023-06-16 14:35:00+00:00,185.9143,185.95,185.86,1255,185.915,104038,185.914939
2023-06-16 14:36:00+00:00,185.8119,185.96,185.782,1123,185.91,78726,185.876415
2023-06-16 14:37:00+00:00,185.85,185.85,185.75,1094,185.815,115565,185.812234
2023-06-16 14:38:00+00:00,185.83,185.94,185.82,1037,185.855,82222,185.869794
2023-06-16 14:39:00+00:00,185.79,185.84,185.68,1408,185.83,123443,185.748371
2023-06-16 14:40:00+00:00,185.62,185.82,185.615,1192,185.8,91459,185.71974
2023-06-16 14:41:00+00:00,185.49,185.62,185.42,2725,185.615,251397,185.502652
2023-06-16 14:42:00+00:00,185.475,185.617,185.44,1465,185.49,110572,185.537125
2023-06-16 14:43:00+00:00,185.625,185.67,185.4301,1586,185.46,151724,185.577919
2023-06-16 14:44:00+00:00,185.56,185.66,185.53,1123,185.62,76197,185.616358
2023-06-16 14:45:00+00:00,185.495,185.61,185.48,1272,185.56,141100,185.522544
2023-06-16 14:46:00+00:00,185.45,185.5523,185.44,1151,185.495,92909,185.505879
2023-06-16 14:47:00+00:00,185.51,185.55,185.37,1287,185.44,152260,185.433288
2023-06-16 14:48:00+00:00,185.43,185.5274,185.41,946,185.52,64130,185.463822
2023-06-16 14:49:00+00:00,185.435,185.48,185.38,856,185.425,67410,185.42603
2023-06-16 14:50:00+00:00,185.48,185.485,185.375,851,185.445,63389,185.430549
2023-06-16 14:51:00+00:00,185.52,185.63,185.48,1370,185.48,102979,185.539792
2023-06-16 14:52:00+00:00,185.5501,185.6,185.45,1065,185.5269,134309,185.520393
2023-06-16 14:53:00+00:00,185.58,185.64,185.55,884,185.565,73918,185.596752
2023-06-16 14:54:00+00:00,185.66,185.68,185.54,854,185.57,52115,185.607525
2023-06-16 14:55:00+00:00,185.74,185.74,185.621,879,185.675,63216,185.67492
2023-06-16 14:56:00+00:00,185.7801,185.785,185.69,1132,185.74,113233,185.746474
2023-06-16 14:57:00+00:00,185.77,185.83,185.7301,1185,185.79,113974,185.775523
2023-06-16 14:58:00+00:00,185.73,185.81,185.72,865,185.78,62489,185.762396
2023-06-16 14:59:00+00:00,185.7301,185.791,185.665,1209,185.72,106798,185.743447
2023-06-16 15:00:00+00:00,185.675,185.775,185.64,1398,185.74,118977,185.702538
2023-06-16 15:01:00+00:00,185.68,185.765,185.6,1099,185.675,89014,185.700377
2023-06-16 15:02:00+00:00,185.635,185.745,185.58,989,185.675,167212,185.809389
2023-06-16 15:03:00+00:00,185.7587,185.76,185.6,901,185.64,62525,185.677257
2023-06-16 15:04:00+00:00,185.7399,185.8199,185.725,961,185.76,85671,185.773557
2023-06-16 15:05:00+00:00,185.69,185.77,185.67,768,185.74,55069,185.731109
2023-06-16 15:06:00+00:00,185.6,185.7,185.57,927,185.685,64266,185.616636
2023-06-16 15:07:00+00:00,185.73,185.76,185.5901,841,185.5901,64801,185.70206
2023-06-16 15:08:00+00:00,185.9339,185.95,185.715,1256,185.7349,126661,185.847917
2023-06-16 15:09:00+00:00,185.95,185.99,185.91,1243,185.935,121300,185.950167
2023-06-16 15:10:00+00:00,185.93,185.97,185.87,1044,185.9411,83868,185.923798
2023-06-16 15:11:00+00:00,185.99,186.01,185.925,1661,185.93,144232,185.984439
2023-06-16 15:12:00+00:00,186.065,186.065,185.98,1180,186.0,125305,186.034157
2023-06-16 15:13:00+00:00,186.0391,186.13,185.98,1666,186.065,194119,186.002123
2023-06-16 15:14:00+00:00,186.055,186.1,186.02,965,186.035,74564,186.053559
2023-06-16 15:15:00+00:00,185.99,186.05,185.94,940,186.05,74928,185.998305
2023-06-16 15:16:00+00:00,186.02,186.03,185.93,848,185.99,70466,185.978714
2023-06-16 15:17:00+00:00,186.02,186.05,185.98,910,186.03,77375,186.011704
2023-06-16 15:18:00+00:00,186.02,186.06,185.97,941,186.025,68120,186.013965
2023-06-16 15:19:00+00:00,185.87,186.03,185.8699,1112,186.0258,99619,185.951204
2023-06-16 15:20:00+00:00,185.91,185.92,185.8101,1084,185.865,95510,185.858051
2023-06-16 15:21:00+00:00,185.89,185.91,185.815,937,185.9044,64746,185.86272
2023-06-16 15:22:00+00:00,185.665,185.9,185.66,1445,185.89,121565,185.768032
2023-06-16 15:23:00+00:00,185.55,185.67,185.54,1289,185.66,104633,185.591159
2023-06-16 15:24:00+00:00,185.68,185.7,185.55,912,185.56,79995,185.640594
2023-06-16 15:25:00+00:00,185.6,185.78,185.6,1075,185.69,73693,185.720875
2023-06-16 15:26:00+00:00,185.52,185.62,185.47,1277,185.609,100511,185.549947
2023-06-16 15:27:00+00:00,185.44,185.515,185.39,1463,185.5107,130537,185.447526
2023-06-16 15:28:00+00:00,185.3999,185.5,185.3921,1018,185.43,86003,185.455013
2023-06-16 15:29:00+00:00,185.48,185.51,185.34,1201,185.395,104074,185.408879
2023-06-16 15:30:00+00:00,185.53,185.565,185.45,1078,185.48,117473,185.518782
2023-06-16 15:31:00+00:00,185.4701,185.56,185.44,852,185.54,78108,185.507319
2023-06-16 15:32:00+00:00,185.56,185.605,185.45,911,185.47,84720,185.544138
2023-06-16 15:33:00+00:00,185.4566,185.6,185.44,1130,185.57,106485,185.503308
2023-06-16 15:34:00+00:00,185.42,185.51,185.38,1112,185.46,94822,185.442425
2023-06-16 15:35:00+00:00,185.42,185.44,185.3,1213,185.415,117071,185.35939
2023-06-16 15:36:00+00:00,185.46,185.46,185.32,1001,185.4262,118443,185.3941
2023-06-16 15:37:00+00:00,185.45,185.475,185.36,845,185.45,59598,185.424663
2023-06-16 15:38:00+00:00,185.53,185.53,185.43,846,185.4552,53922,185.482911
2023-06-16 15:39:00+00:00,185.52,185.565,185.48,798,185.53,66342,185.518813
2023-06-16 15:40:00+00:00,185.7,185.7,185.519,1114,185.519,106622,185.631158
2023-06-16 15:41:00+00:00,185.58,185.72,185.53,997,185.7,81683,185.598964
2023-06-16 15:42:00+00:00,185.565,185.645,185.55,791,185.58,56557,185.601531
2023-06-16 15:43:00+00:00,185.64,185.65,185.53,865,185.55,73274,185.60004
2023-06-16 15:44:00+00:00,185.69,185.76,185.63,919,185.65,71850,185.699878
2023-06-16 15:45:00+00:00,185.735,185.79,185.68,1091,185.7,93540,185.747526
2023-06-16 15:46:00+00:00,185.575,185.73,185.56,929,185.73,68072,185.638814
2023-06-16 15:47:00+00:00,185.5505,185.6,185.51,776,185.57,57617,185.559053
2023-06-16 15:48:00+00:00,185.445,185.58,185.425,870,185.555,80465,185.504483
2023-06-16 15:49:00+00:00,185.46,185.515,185.4,671,185.44,42664,185.47319
2023-06-16 15:50:00+00:00,185.5,185.52,185.38,1033,185.46,91310,185.459609
2023-06-16 15:51:00+00:00,185.48,185.5155,185.43,786,185.495,55298,185.468679
2023-06-16 15:52:00+00:00,185.486,185.55,185.46,699,185.48,58104,185.489323
2023-06-16 15:53:00+00:00,185.6,185.62,185.47,843,185.49,73428,185.563168
2023-06-16 15:54:00+00:00,185.66,185.6801,185.5801,952,185.61,77270,185.630196
2023-06-16 15:55:00+00:00,185.74,185.74,185.63,1206,185.65,88573,185.686098
2023-06-16 15:56:00+00:00,185.69,185.75,185.685,770,185.74,60169,185.712138
2023-06-16 15:57:00+00:00,185.7399,185.7409,185.67,772,185.7,54050,185.704319
2023-06-16 15:58:00+00:00,185.745,185.75,185.69,745,185.7304,55006,185.726432
2023-06-16 15:59:00+00:00,185.77,185.8,185.745,869,185.745,76542,185.781231
2023-06-16 16:00:00+00:00,185.785,185.8,185.75,852,185.77,58980,185.779018
2023-06-16 16:01:00+00:00,185.7631,185.83,185.76,793,185.7876,70428,185.790429
2023-06-16 16:02:00+00:00,185.74,185.81,185.72,1020,185.765,101093,185.759333
2023-06-16 16:03:00+00:00,185.755,185.81,185.72,966,185.735,76780,185.75256
2023-06-16 16:04:00+00:00,185.76,185.77,185.68,719,185.75,52189,185.73016
2023-06-16 16:05:00+00:00,185.715,185.81,185.715,783,185.76,55873,185.770123
2023-06-16 16:06:00+00:00,185.72,185.78,185.7,605,185.72,38674,185.734404
2023-06-16 16:07:00+00:00,185.66,185.71,185.61,787,185.71,60582,185.655119
2023-06-16 16:08:00+00:00,185.665,185.675,185.61,717,185.66,55915,185.637713
2023-06-16 16:09:00+00:00,185.615,185.67,185.61,701,185.67,48843,185.631069
2023-06-16 16:10:00+00:00,185.62,185.69,185.605,709,185.62,49551,185.640376
2023-06-16 16:11:00+00:00,185.56,185.64,185.54,904,185.625,68970,185.578715
2023-06-16 16:12:00+00:00,185.61,185.625,185.52,737,185.56,56510,185.580198
2023-06-16 16:13:00+00:00,185.575,185.69,185.5642,832,185.615,69674,185.618596
2023-06-16 16:14:00+00:00,185.52,185.6191,185.51,1146,185.58,87270,185.574986
2023-06-16 16:15:00+00:00,185.56,185.585,185.5104,780,185.53,48464,185.549258
2023-06-16 16:16:00+00:00,185.63,185.63,185.56,644,185.56,40625,185.601264
2023-06-16 16:17:00+00:00,185.64,185.655,185.59,722,185.615,46117,185.61999
2023-06-16 16:18:00+00:00,185.63,185.65,185.57,626,185.645,37848,185.605558
2023-06-16 16:19:00+00:00,185.68,185.71,185.61,794,185.6228,69696,185.668867
2023-06-16 16:20:00+00:00,185.71,185.74,185.67,758,185.69,54338,185.702142
2023-06-16 16:21:00+00:00,185.6801,185.71,185.63,620,185.71,42226,185.667004
2023-06-16 16:22:00+00:00,185.68,185.72,185.665,647,185.69,44335,185.694114
2023-06-16 16:23:00+00:00,185.68,185.72,185.6499,693,185.67,47858,185.68124
2023-06-16 16:24:00+00:00,185.72,185.72,185.67,657,185.68,53907,185.698338
2023-06-16 16:25:00+00:00,185.76,185.76,185.665,920,185.705,75474,185.716806
2023-06-16 16:26:00+00:00,185.7574,185.76,185.7,797,185.75,71032,185.730595
2023-06-16 16:27:00+00:00,185.74,185.76,185.69,702,185.76,52489,185.726719
2023-06-16 16:28:00+00:00,185.6847,185.75,185.68,810,185.735,61721,185.709475
2023-06-16 16:29:00+00:00,185.7301,185.74,185.675,626,185.68,44361,185.718198
2023-06-16 16:30:00+00:00,185.74,185.7501,185.7,733,185.74,54486,185.730052
2023-06-16 16:31:00+00:00,185.755,185.76,185.72,566,185.74,35989,185.745843
2023-06-16 16:32:00+00:00,185.81,185.82,185.73,740,185.755,58590,185.770697
2023-06-16 16:33:00+00:00,185.81,185.82,185.8,633,185.805,35941,185.811621
2023-06-16 16:34:00+00:00,185.8701,185.88,185.81,1011,185.82,78235,185.837706
2023-06-16 16:35:00+00:00,185.81,185.88,185.8018,730,185.88,54786,185.829724
2023-06-16 16:36:00+00:00,185.695,185.8,185.6625,929,185.8,67351,185.709566
2023-06-16 16:37:00+00:00,185.625,185.695,185.6201,728,185.695,50444,185.653475
2023-06-16 16:38:00+00:00,185.59,185.6388,185.5666,814,185.63,54423,185.604081
2023-06-16 16:39:00+00:00,185.63,185.66,185.5846,711,185.6,67462,185.631882
2023-06-16 16:40:00+00:00,185.67,185.675,185.605,619,185.63,45056,185.627765
2023-06-16 16:41:00+00:00,185.68,185.69,185.64,672,185.6609,57145,185.661278
2023-06-16 16:42:00+00:00,185.72,185.72,185.64,763,185.68,54269,185.675138
2023-06-16 16:43:00+00:00,185.78,185.81,185.71,725,185.71,58847,185.757338
2023-06-16 16:44:00+00:00,185.695,185.785,185.695,647,185.78,57950,185.736694
2023-06-16 16:45:00+00:00,185.705,185.76,185.675,741,185.695,58497,185.702709
2023-06-16 16:46:00+00:00,185.775,185.78,185.7,603,185.705,47295,185.731914
2023-06-16 16:47:00+00:00,185.71,185.82,185.71,648,185.78,50010,185.781228
2023-06-16 16:48:00+00:00,185.725,185.75,185.69,806,185.705,58796,185.715295
2023-06-16 16:49:00+00:00,185.81,185.83,185.71,1021,185.73,93012,185.775082
2023-06-16 16:50:00+00:00,185.9033,185.91,185.8,936,185.81,76684,185.865196
2023-06-16 16:51:00+00:00,185.91,185.93,185.88,1006,185.9,73777,185.90787
2023-06-16 16:52:00+00:00,185.9001,185.94,185.89,1056,185.905,96180,185.91319
2023-06-16 16:53:00+00:00,185.9425,185.96,185.9,1131,185.91,115956,185.931223
2023-06-16 16:54:00+00:00,185.93,185.98,185.925,711,185.95,54960,185.948659
2023-06-16 16:55:00+00:00,185.94,185.9599,185.92,609,185.93,44451,185.93456
2023-06-16 16:56:00+00:00,185.925,185.94,185.9,580,185.93,45933,185.916727
2023-06-16 16:57:00+00:00,185.9104,185.94,185.8971,665,185.93,42491,185.921305
2023-06-16 16:58:00+00:00,185.955,185.98,185.92,856,185.92,63527,185.953591
2023-06-16 16:59:00+00:00,185.93,185.98,185.92,662,185.9564,37402,185.954827
2023-06-16 17:00:00+00:00,185.9,185.96,185.87,632,185.94,49102,185.910485
2023-06-16 17:01:00+00:00,185.9,185.91,185.8371,642,185.905,51927,185.871151
2023-06-16 17:02:00+00:00,185.88,185.91,185.865,478,185.9,29986,185.883919
2023-06-16 17:03:00+00:00,185.925,185.93,185.84,634,185.875,56835,185.883608
2023-06-16 17:04:00+00:00,185.9801,185.99,185.92,621,185.925,60269,185.952445
2023-06-16 17:05:00+00:00,186.0,186.02,185.97,1809,185.98,135923,185.992858
2023-06-16 17:06:00+00:00,185.9032,186.0299,185.9,677,185.9993,52989,185.957977
2023-06-16 17:07:00+00:00,185.77,185.9,185.77,828,185.9,71728,185.835087
2023-06-16 17:08:00+00:00,185.77,185.85,185.755,721,185.76,55213,185.797147
2023-06-16 17:09:00+00:00,185.77,185.83,185.76,599,185.775,36445,185.796693
2023-06-16 17:10:00+00:00,185.655,185.775,185.6,1071,185.775,74630,185.688916
2023-06-16 17:11:00+00:00,185.74,185.75,185.65,540,185.65,39995,185.703827
2023-06-16 17:12:00+00:00,185.745,185.75,185.69,584,185.74,33400,185.722613
2023-06-16 17:13:00+00:00,185.75,185.77,185.72,541,185.75,43373,185.74108
2023-06-16 17:14:00+00:00,185.725,185.745,185.7028,524,185.7434,32446,185.721651
2023-06-16 17:15:00+00:00,185.73,185.78,185.705,606,185.73,39325,185.737619
2023-06-16 17:16:00+00:00,185.7572,185.7788,185.7,598,185.73,37242,185.741259
2023-06-16 17:17:00+00:00,185.745,185.77,185.7,579,185.75,33999,185.727353
2023-06-16 17:18:00+00:00,185.7269,185.79,185.7193,714,185.745,40503,185.762326
2023-06-16 17:19:00+00:00,185.72,185.77,185.72,587,185.74,35787,185.743524
2023-06-16 17:20:00+00:00,185.74,185.76,185.7,562,185.73,29391,185.732204
2023-06-16 17:21:00+00:00,185.715,185.75,185.69,574,185.7479,34211,185.718131
2023-06-16 17:22:00+00:00,185.79,185.8,185.64,754,185.71,52829,185.722269
2023-06-16 17:23:00+00:00,185.835,185.84,185.79,757,185.795,53073,185.818438
2023-06-16 17:24:00+00:00,185.85,185.88,185.8227,684,185.8301,46647,185.849183
2023-06-16 17:25:00+00:00,185.9037,185.91,185.82,783,185.85,55821,185.873324
2023-06-16 17:26:00+00:00,185.9,185.96,185.9,768,185.91,60386,185.929574
2023-06-16 17:27:00+00:00,185.8977,185.91,185.83,632,185.9,41930,185.879528
2023-06-16 17:28:00+00:00,185.81,185.89,185.7946,800,185.89,67669,185.843252
2023-06-16 17:29:00+00:00,185.8,185.83,185.75,708,185.82,56244,185.779792
2023-06-16 17:30:00+00:00,185.8485,185.89,185.775,1131,185.81,66675,185.82022
2023-06-16 17:31:00+00:00,185.88,185.9,185.82,701,185.84,37666,185.867448
2023-06-16 17:32:00+00:00,185.865,185.89,185.85,620,185.89,31737,185.870523
2023-06-16 17:33:00+00:00,185.8555,185.9,185.83,598,185.865,42090,185.858231
2023-06-16 17:34:00+00:00,185.785,185.89,185.72,759,185.86,53515,185.811228
2023-06-16 17:35:00+00:00,185.7586,185.7899,185.74,578,185.78,41214,185.758781
2023-06-16 17:36:00+00:00,185.7999,185.81,185.77,519,185.77,38873,185.795949
2023-06-16 17:37:00+00:00,185.75,185.81,185.75,569,185.8,37369,185.775863
2023-06-16 17:38:00+00:00,185.795,185.8,185.66,778,185.745,59694,185.736557
2023-06-16 17:39:00+00:00,185.82,185.82,185.77,512,185.8,30868,185.799993
2023-06-16 17:40:00+00:00,185.795,185.83,185.77,690,185.81,46846,185.796939
2023-06-16 17:41:00+00:00,185.69,185.795,185.685,784,185.79,54923,185.748397
2023-06-16 17:42:00+00:00,185.68,185.7101,185.65,598,185.6825,42106,185.683623
2023-06-16 17:43:00+00:00,185.675,185.69,185.64,710,185.665,56603,185.66437
2023-06-16 17:44:00+00:00,185.695,185.715,185.65,644,185.67,57252,185.682299
2023-06-16 17:45:00+00:00,185.715,185.75,185.67,740,185.695,59781,185.710557
2023-06-16 17:46:00+00:00,185.665,185.725,185.655,635,185.71,41107,185.684833
2023-06-16 17:47:00+00:00,185.64,185.685,185.625,732,185.67,60266,185.654113
2023-06-16 17:48:00+00:00,185.59,185.64,185.55,829,185.64,68396,185.598193
2023-06-16 17:49:00+00:00,185.54,185.59,185.46,1582,185.58,124771,185.53134
2023-06-16 17:50:00+00:00,185.62,185.62,185.49,584,185.54,56845,185.576362
2023-06-16 17:51:00+00:00,185.6667,185.67,185.56,559,185.615,44403,185.620115
2023-06-16 17:52:00+00:00,185.615,185.675,185.61,510,185.6694,44526,185.648273
2023-06-16 17:53:00+00:00,185.6201,185.655,185.6,670,185.62,51273,185.629035
2023-06-16 17:54:00+00:00,185.66,185.68,185.62,701,185.625,66544,185.65401
2023-06-16 17:55:00+00:00,185.625,185.67,185.6075,648,185.66,51378,185.633755
2023-06-16 17:56:00+00:00,185.59,185.64,185.55,682,185.625,55874,185.586332
2023-06-16 17:57:00+00:00,185.57,185.595,185.53,693,185.59,57127,185.559167
2023-06-16 17:58:00+00:00,185.605,185.62,185.5759,509,185.58,37561,185.598096
2023-06-16 17:59:00+00:00,185.58,185.63,185.57,731,185.61,59142,185.60426
2023-06-16 18:00:00+00:00,185.6015,185.62,185.53,879,185.57,66975,185.574728
2023-06-16 18:01:00+00:00,185.505,185.62,185.49,781,185.6089,60856,185.569241
2023-06-16 18:02:00+00:00,185.4497,185.5,185.41,962,185.5,84760,185.447424
2023-06-16 18:03:00+00:00,185.455,185.478,185.4,804,185.44,76124,185.439392
2023-06-16 18:04:00+00:00,185.38,185.46,185.35,1009,185.455,87226,185.390159
2023-06-16 18:05:00+00:00,185.39,185.42,185.36,716,185.37,48446,185.385087
2023-06-16 18:06:00+00:00,185.3932,185.42,185.34,850,185.3995,60545,185.3842
2023-06-16 18:07:00+00:00,185.38,185.42,185.38,691,185.395,46150,185.393933
2023-06-16 18:08:00+00:00,185.43,185.46,185.4,713,185.4,63859,185.436251
2023-06-16 18:09:00+00:00,185.435,185.46,185.405,661,185.43,52920,185.441627
2023-06-16 18:10:00+00:00,185.464,185.48,185.42,813,185.435,71755,185.455751
2023-06-16 18:11:00+00:00,185.47,185.48,185.42,651,185.465,55154,185.450112
2023-06-16 18:12:00+00:00,185.385,185.46,185.37,803,185.46,63590,185.422721
2023-06-16 18:13:00+00:00,185.39,185.4,185.35,632,185.385,47813,185.376632
2023-06-16 18:14:00+00:00,185.35,185.39,185.3181,790,185.39,72131,185.34715
2023-06-16 18:15:00+00:00,185.33,185.365,185.32,1085,185.35,98680,185.333974
2023-06-16 18:16:00+00:00,185.325,185.36,185.32,907,185.33,81085,185.345485
2023-06-16 18:17:00+00:00,185.31,185.36,185.3,762,185.325,60165,185.331471
2023-06-16 18:18:00+00:00,185.3,185.3388,185.28,740,185.3,53355,185.30358
2023-06-16 18:19:00+00:00,185.37,185.4099,185.28,746,185.3,81121,185.35039
2023-06-16 18:20:00+00:00,185.2242,185.3782,185.22,880,185.36,78136,185.291442
2023-06-16 18:21:00+00:00,185.3216,185.3375,185.2,930,185.225,91939,185.242877
2023-06-16 18:22:00+00:00,185.285,185.34,185.28,700,185.33,53010,185.316607
2023-06-16 18:23:00+00:00,185.28,185.31,185.25,623,185.285,56237,185.281241
2023-06-16 18:24:00+00:00,185.295,185.31,185.26,695,185.28,70361,185.340565
2023-06-16 18:25:00+00:00,185.2825,185.32,185.26,690,185.29,64575,185.292568
2023-06-16 18:26:00+00:00,185.35,185.36,185.24,723,185.285,53074,185.298348
2023-06-16 18:27:00+00:00,185.245,185.35,185.235,665,185.35,53099,185.289622
2023-06-16 18:28:00+00:00,185.31,185.32,185.23,693,185.25,59902,185.271775
2023-06-16 18:29:00+00:00,185.31,185.33,185.3001,629,185.32,44334,185.337142
2023-06-16 18:30:00+00:00,185.21,185.3,185.2,1000,185.3,76187,185.254277
2023-06-16 18:31:00+00:00,185.01,185.21,185.01,2047,185.208,186926,185.098373
2023-06-16 18:32:00+00:00,185.03,185.07,185.01,1501,185.01,147313,185.037046
2023-06-16 18:33:00+00:00,185.03,185.14,185.01,1305,185.04,95988,185.063322
2023-06-16 18:34:00+00:00,185.065,185.07,185.02,820,185.02,462007,184.617103
2023-06-16 18:35:00+00:00,185.04,185.095,185.035,962,185.06,79124,185.061872
2023-06-16 18:36:00+00:00,185.085,185.085,185.025,885,185.035,76422,185.047476
2023-06-16 18:37:00+00:00,185.09,185.09,185.041,769,185.075,68925,185.067048
2023-06-16 18:38:00+00:00,185.075,185.1,185.045,960,185.09,71233,185.07386
2023-06-16 18:39:00+00:00,185.2099,185.22,185.06,1474,185.075,154225,185.143371
2023-06-16 18:40:00+00:00,185.095,185.22,185.08,1027,185.21,81881,185.133994
2023-06-16 18:41:00+00:00,185.055,185.12,185.03,938,185.09,70968,185.079354
2023-06-16 18:42:00+00:00,185.065,185.1,185.011,807,185.05,62610,185.051699
2023-06-16 18:43:00+00:00,185.17,185.1791,185.02,812,185.06,57214,185.087002
2023-06-16 18:44:00+00:00,185.125,185.17,185.1,719,185.17,47018,185.129365
2023-06-16 18:45:00+00:00,185.1164,185.1579,185.08,832,185.13,52643,185.124017
2023-06-16 18:46:00+00:00,185.155,185.16,185.11,758,185.115,55369,185.142006
2023-06-16 18:47:00+00:00,185.06,185.175,185.06,785,185.15,62217,185.112539
2023-06-16 18:48:00+00:00,185.075,185.08,185.01,1177,185.06,92611,185.039555
2023-06-16 18:49:00+00:00,185.0269,185.1,185.02,1035,185.06,90238,185.071286
2023-06-16 18:50:00+00:00,185.02,185.05,185.01,889,185.03,71594,185.020188
2023-06-16 18:51:00+00:00,185.105,185.13,185.025,948,185.025,82368,185.093838
2023-06-16 18:52:00+00:00,185.085,185.12,185.07,692,185.11,53592,185.09125
2023-06-16 18:53:00+00:00,185.01,185.1,185.01,879,185.085,72960,185.056314
2023-06-16 18:54:00+00:00,185.0405,185.06,185.01,840,185.0126,84663,185.024167
2023-06-16 18:55:00+00:00,185.0424,185.09,185.02,955,185.042,79317,185.049787
2023-06-16 18:56:00+00:00,185.08,185.09,185.02,738,185.04,58134,185.042868
2023-06-16 18:57:00+00:00,184.995,185.085,184.98,2879,185.085,236823,185.013195
2023-06-16 18:58:00+00:00,184.9712,185.04,184.97,996,184.99,77910,185.003478
2023-06-16 18:59:00+00:00,184.9,184.97,184.8618,1820,184.97,983398,185.036152
2023-06-16 19:00:00+00:00,184.83,184.96,184.82,1609,184.9,147725,184.880977
2023-06-16 19:01:00+00:00,184.77,184.845,184.72,2376,184.83,208413,184.77864
2023-06-16 19:02:00+00:00,184.86,184.88,184.75,1241,184.76,111167,184.823402
2023-06-16 19:03:00+00:00,184.81,184.88,184.795,924,184.86,76992,184.847251
2023-06-16 19:04:00+00:00,184.8599,184.9,184.7904,1074,184.805,89675,184.853421
2023-06-16 19:05:00+00:00,184.855,184.9,184.82,1165,184.855,78213,184.856199
2023-06-16 19:06:00+00:00,184.785,184.8712,184.78,1064,184.855,101829,184.816652
2023-06-16 19:07:00+00:00,184.815,184.82,184.71,1346,184.785,139547,184.754261
2023-06-16 19:08:00+00:00,184.82,184.84,184.79,973,184.815,74142,184.819254
2023-06-16 19:09:00+00:00,184.89,184.89,184.8,993,184.825,66800,184.83442
2023-06-16 19:10:00+00:00,184.9,184.91,184.85,1002,184.89,75323,184.881876
2023-06-16 19:11:00+00:00,184.8986,184.91,184.82,1185,184.895,195540,184.866227
2023-06-16 19:12:00+00:00,184.915,184.93,184.85,1243,184.89,103349,184.891585
2023-06-16 19:13:00+00:00,184.875,184.91,184.82,1098,184.91,82210,184.861484
2023-06-16 19:14:00+00:00,184.78,184.88,184.77,1132,184.875,82264,184.825078
2023-06-16 19:15:00+00:00,184.89,184.915,184.77,1213,184.78,96736,184.844049
2023-06-16 19:16:00+00:00,184.9186,184.935,184.81,1373,184.89,123817,184.876414
2023-06-16 19:17:00+00:00,184.89,184.97,184.89,1171,184.92,100225,184.929379
2023-06-16 19:18:00+00:00,184.8083,184.88,184.775,1204,184.88,83012,184.819119
2023-06-16 19:19:00+00:00,184.84,184.87,184.79,1013,184.805,85250,184.829503
2023-06-16 19:20:00+00:00,184.955,185.0,184.83,1388,184.84,182129,184.911365
2023-06-16 19:21:00+00:00,184.92,185.0,184.9,1558,184.96,579640,184.9095
2023-06-16 19:22:00+00:00,184.92,184.94,184.88,816,184.92,72758,184.908678
2023-06-16 19:23:00+00:00,184.875,184.945,184.845,1076,184.92,76153,184.880923
2023-06-16 19:24:00+00:00,184.91,184.94,184.875,897,184.8818,66066,184.911613
2023-06-16 19:25:00+00:00,184.8499,184.95,184.84,1028,184.905,125373,184.884982
2023-06-16 19:26:00+00:00,184.87,184.92,184.82,1552,184.84,143894,184.861386
2023-06-16 19:27:00+00:00,185.01,185.025,184.87,1478,184.87,147077,184.973942
2023-06-16 19:28:00+00:00,184.9,185.02,184.9,1117,185.0006,94568,184.972034
2023-06-16 19:29:00+00:00,184.915,184.96,184.85,1307,184.9,99466,184.904068
2023-06-16 19:30:00+00:00,184.97,185.02,184.905,1293,184.92,116713,184.964489
2023-06-16 19:31:00+00:00,185.07,185.07,184.965,1446,184.9725,139550,185.027341
2023-06-16 19:32:00+00:00,185.0506,185.09,185.02,1395,185.065,125718,185.049767
2023-06-16 19:33:00+00:00,185.0622,185.1,185.0023,1329,185.05,102404,185.04805
2023-06-16 19:34:00+00:00,184.94,185.1,184.93,2359,185.06,188886,185.024226
2023-06-16 19:35:00+00:00,184.96,185.0063,184.88,1681,184.93,145411,184.937081
2023-06-16 19:36:00+00:00,184.83,184.96,184.82,1753,184.96,158503,184.87698
2023-06-16 19:37:00+00:00,184.955,184.97,184.82,1518,184.825,119213,184.880193
2023-06-16 19:38:00+00:00,184.9475,184.96,184.9,1420,184.955,422840,184.917609
2023-06-16 19:39:00+00:00,184.925,184.96,184.9,1368,184.955,107736,184.925171
2023-06-16 19:40:00+00:00,184.885,184.97,184.815,1771,184.925,126110,184.87601
2023-06-16 19:41:00+00:00,184.845,184.92,184.845,1610,184.883,138005,184.881696
2023-06-16 19:42:00+00:00,184.885,184.9,184.82,1528,184.845,118471,184.856797
2023-06-16 19:43:00+00:00,184.865,184.95,184.845,1608,184.88,128189,184.90014
2023-06-16 19:44:00+00:00,184.7379,184.865,184.7101,2172,184.865,220122,184.774514
2023-06-16 19:45:00+00:00,184.915,184.94,184.734,1927,184.735,182085,184.817357
2023-06-16 19:46:00+00:00,184.85,184.93,184.84,1607,184.925,131484,184.882237
2023-06-16 19:47:00+00:00,184.945,184.97,184.783,2076,184.85,173434,184.873256
2023-06-16 19:48:00+00:00,184.785,184.935,184.785,1610,184.935,146215,184.854595
2023-06-16 19:49:00+00:00,184.84,184.87,184.78,1791,184.785,157572,184.8256
2023-06-16 19:50:00+00:00,184.99,185.35,184.79,5917,184.85,560209,185.006654
2023-06-16 19:51:00+00:00,184.93,185.07,184.89,3975,184.98,335937,184.997246
2023-06-16 19:52:00+00:00,184.77,184.96,184.76,3205,184.92,238408,184.860208
2023-06-16 19:53:00+00:00,184.71,184.84,184.66,4279,184.77,337870,184.747021
2023-06-16 19:54:00+00:00,184.81,184.84,184.68,3986,184.72,322232,184.754783
2023-06-16 19:55:00+00:00,184.9,184.91,184.27,5356,184.82,467417,184.817872
2023-06-16 19:56:00+00:00,184.9909,185.02,184.89,4375,184.9,380749,184.971342
2023-06-16 19:57:00+00:00,185.02,185.05,184.96,4987,184.99,501614,185.002153
2023-06-16 19:58:00+00:00,184.99,185.04,184.96,5233,185.02,490731,184.999171
2023-06-16 19:59:00+00:00,185.01,185.04,184.78,10669,184.995,1440426,184.918982
2023-06-16 20:00:00+00:00,185.07,185.09,184.92,253,185.02,26613844,184.920117
2023-06-16 20:01:00+00:00,185.04,185.2,185.02,178,185.07,366911,184.936276
2023-06-16 20:02:00+00:00,185.1,185.12,185.03,190,185.04,111177,184.968834
2023-06-16 20:03:00+00:00,185.07,185.09,185.03,103,185.08,119576,184.946463
2023-06-16 20:04:00+00:00,185.03,185.07,184.92,134,185.07,1096991,184.923734
2023-06-16 20:05:00+00:00,185.06,185.08,185.02,203,185.05,355805,184.932362
2023-06-16 20:06:00+00:00,185.05,185.07,185.04,84,185.06,11290,185.049009
2023-06-16 20:07:00+00:00,184.92,185.06,184.92,55,185.03,781413,184.92114
2023-06-16 20:08:00+00:00,185.05,185.07,184.92,122,185.02,1277430,184.930299
2023-06-16 20:09:00+00:00,185.06,185.08,184.92,72,184.92,102217,184.933088
2023-06-16 20:10:00+00:00,185.04,185.07,185.04,63,185.07,3919,185.058529
2023-06-16 20:11:00+00:00,185.02,185.06,184.99,53,185.04,38477,184.939601
2023-06-16 20:12:00+00:00,185.05,185.05,184.92,74,185.03,45279,184.97093
2023-06-16 20:13:00+00:00,185.05,185.05,185.05,33,185.05,343387,184.919813
2023-06-16 20:14:00+00:00,185.02,185.05,184.92,53,185.04,7839,185.020748
2023-06-16 20:15:00+00:00,185.05,185.05,185.0,62,185.05,8018,185.034259
2023-06-16 20:16:00+00:00,185.03,185.06,185.03,49,185.04,692452,184.921155
2023-06-16 20:17:00+00:00,185.01,185.03,184.92,51,185.03,286671,184.92282
2023-06-16 20:18:00+00:00,185.0,185.01,185.0,39,185.01,1424,185.001694
2023-06-16 20:19:00+00:00,185.01,185.01,185.0,30,185.01,2439,185.005012
2023-06-16 20:20:00+00:00,185.015,185.015,185.01,20,185.01,3036,185.010028
2023-06-16 20:21:00+00:00,184.99,185.0,184.99,52,185.0,6777,184.999919
2023-06-16 20:22:00+00:00,185.02,185.02,184.99,73,185.0,9987,185.006053
2023-06-16 20:24:00+00:00,185.01,185.01,184.98,67,185.0,89446,184.923353
2023-06-16 20:25:00+00:00,185.0101,185.0101,185.0,27,185.0,4998,185.00572
2023-06-16 20:26:00+00:00,185.01,185.02,185.0,38,185.02,5154,185.017313
2023-06-16 20:27:00+00:00,185.01,185.01,185.0,34,185.0,3943,185.008073
2023-06-16 20:28:00+00:00,185.0,185.02,185.0,57,185.02,5505,185.01304
2023-06-16 20:29:00+00:00,184.98,185.0,184.98,43,185.0,2428,184.987516
2023-06-16 20:30:00+00:00,185.01,185.01,184.92,27,184.92,12843,184.922449
2023-06-16 20:31:00+00:00,184.99,185.04,184.99,88,185.01,16424,185.023166
2023-06-16 20:32:00+00:00,184.99,185.02,184.98,44,184.99,5233,184.996087
2023-06-16 20:33:00+00:00,184.92,185.01,184.92,27,184.98,22511,184.925249
2023-06-16 20:34:00+00:00,185.0,185.03,184.92,73,184.98,1432314,184.92043
2023-06-16 20:35:00+00:00,184.99,185.0,184.99,17,185.0,1356,184.991881
2023-06-16 20:36:00+00:00,184.99,184.99,184.99,20,184.99,242,184.989888
2023-06-16 20:37:00+00:00,185.0,185.01,185.0,29,185.0,2083,185.00178
2023-06-16 20:38:00+00:00,185.0,185.01,185.0,32,185.01,2067,185.00694
2023-06-16 20:39:00+00:00,185.0,185.01,185.0,21,185.01,811,185.00502
2023-06-16 20:40:00+00:00,185.0,185.01,185.0,28,185.01,1360,185.003298
2023-06-16 20:41:00+00:00,185.0,185.03,185.0,51,185.02,5915,185.012377
2023-06-16 20:42:00+00:00,185.0,185.0,185.0,25,185.0,1274,185.000626
2023-06-16 20:43:00+00:00,185.0,185.0,185.0,18,185.0,573,184.999256
2023-06-16 20:44:00+00:00,185.02,185.03,184.99,33,185.0,2541,185.017652
2023-06-16 20:45:00+00:00,184.99,185.03,184.98,65,185.02,5609,184.999642
2023-06-16 20:46:00+00:00,185.03,185.03,184.98,51,185.0,8379,185.001902
2023-06-16 20:47:00+00:00,185.02,185.02,185.0,19,185.0,1700,185.008115
2023-06-16 20:48:00+00:00,185.03,185.03,184.98,50,185.0,9005,184.989173
2023-06-16 20:49:00+00:00,184.99,185.0,184.92,42,185.0,391631,184.920531
2023-06-16 20:50:00+00:00,184.99,185.03,184.99,39,185.01,3559,185.008553
2023-06-16 20:51:00+00:00,184.99,185.03,184.98,64,184.99,5987,185.001028
2023-06-16 20:52:00+00:00,185.01,185.01,184.98,28,184.99,1307,184.995692
2023-06-16 20:53:00+00:00,185.01,185.02,184.99,24,185.01,1053,185.0068
2023-06-16 20:54:00+00:00,185.01,185.03,185.01,35,185.01,3897,185.015616
2023-06-16 20:55:00+00:00,185.01,185.04,185.01,68,185.03,6749,185.02084
2023-06-16 20:56:00+00:00,185.03,185.03,185.0101,29,185.0101,3629,185.028841
2023-06-16 20:57:00+00:00,184.98,185.02,184.98,38,185.02,2600,185.003746
2023-06-16 20:58:00+00:00,185.01,185.01,184.99,30,185.0,1549,185.001705
2023-06-16 20:59:00+00:00,185.01,185.01,184.98,29,184.98,5348680,184.920025
2023-06-16 21:00:00+00:00,184.98,185.03,184.98,27,185.02,68354,186.915901
2023-06-16 21:01:00+00:00,185.0,185.0,185.0,19,185.0,350,185.000954
2023-06-16 21:08:00+00:00,185.0,185.0,185.0,19,185.0,271,184.999926
2023-06-16 21:11:00+00:00,185.0,185.0,185.0,13,185.0,141,184.999199
2023-06-16 21:12:00+00:00,184.99,184.99,184.99,12,184.99,1037,184.989932
2023-06-16 21:13:00+00:00,185.0,185.0,185.0,17,185.0,1984,184.99996
2023-06-16 21:14:00+00:00,185.02,185.02,184.97,38,184.99,3283,184.98316
2023-06-16 21:15:00+00:00,184.99,185.04,184.99,31,185.03,1935,185.016744
2023-06-16 21:16:00+00:00,184.97,184.9901,184.97,27,184.9901,1669,184.05136
2023-06-16 21:17:00+00:00,184.98,184.98,184.98,10,184.98,463,184.982505
2023-06-16 21:18:00+00:00,184.98,184.98,184.98,16,184.98,1060,184.981084
2023-06-16 21:19:00+00:00,184.97,184.98,184.97,21,184.98,953,184.976464
2023-06-16 21:20:00+00:00,185.03,185.04,184.99,43,185.0,3926,185.01486
2023-06-16 21:21:00+00:00,184.98,184.98,184.96,29,184.98,3407,184.976284
2023-06-16 21:22:00+00:00,184.98,185.0,184.96,27,184.98,2954,184.973136
2023-06-16 21:23:00+00:00,185.04,185.04,184.99,30,185.0,1987,185.009736
2023-06-16 21:24:00+00:00,185.04,185.04,185.03,22,185.03,1399,185.032598
2023-06-16 21:25:00+00:00,184.98,185.0,184.98,22,185.0,2406,184.991687
2023-06-16 21:26:00+00:00,184.96,185.0,184.96,35,185.0,2146,184.994341
2023-06-16 21:27:00+00:00,184.99,185.01,184.95,25,184.96,1628,184.975967
2023-06-16 21:28:00+00:00,185.0,185.03,184.95,40,185.03,3854,184.993255
2023-06-16 21:29:00+00:00,185.03,185.04,185.0,35,185.0,2547,185.024927
2023-06-16 21:31:00+00:00,184.95,184.95,184.95,30,184.95,1259,184.963213
2023-06-16 21:32:00+00:00,184.95,184.95,184.94,23,184.94,986,184.950644
2023-06-16 21:33:00+00:00,184.95,185.02,184.95,21,185.0,1008,184.990685
2023-06-16 21:35:00+00:00,185.03,185.03,185.02,27,185.02,1934,185.025998
2023-06-16 21:36:00+00:00,184.95,184.98,184.95,37,184.98,2073,184.968509
2023-06-16 21:39:00+00:00,185.0,185.0,185.0,12,185.0,111,184.997432
2023-06-16 21:40:00+00:00,184.93,184.93,184.93,13,184.93,199,184.93201
2023-06-16 21:42:00+00:00,184.96,184.96,184.96,13,184.96,119,184.957479
2023-06-16 21:43:00+00:00,184.95,185.03,184.93,52,184.93,4036,184.988544
2023-06-16 21:44:00+00:00,184.99,184.99,184.95,37,184.95,1272,184.95458
2023-06-16 21:46:00+00:00,184.94,184.94,184.94,17,184.94,315,184.941635
2023-06-16 21:48:00+00:00,184.98,184.98,184.98,15,184.98,1025,184.979688
2023-06-16 21:55:00+00:00,184.94,184.95,184.94,23,184.95,755,184.946901
2023-06-16 21:56:00+00:00,184.94,184.94,184.94,18,184.94,250,184.94394
2023-06-16 21:58:00+00:00,184.93,184.93,184.92,33,184.92,349,184.929026
2023-06-16 22:02:00+00:00,184.93,184.93,184.93,11,184.93,128,184.937578
2023-06-16 22:03:00+00:00,184.93,184.93,184.93,16,184.93,142,184.934437
2023-06-16 22:05:00+00:00,184.94,184.94,184.94,16,184.94,230,184.937848
2023-06-16 22:10:00+00:00,184.94,184.94,184.94,14,184.94,339,184.936342
2023-06-16 22:17:00+00:00,184.93,184.93,184.93,16,184.93,668,184.930771
2023-06-16 22:19:00+00:00,184.96,184.96,184.96,9,184.96,403,184.957481
2023-06-16 22:27:00+00:00,184.96,184.96,184.96,10,184.96,161,184.960217
2023-06-16 22:28:00+00:00,184.93,184.93,184.93,12,184.93,219,184.930982
2023-06-16 22:31:00+00:00,184.96,184.96,184.96,15,184.96,227,184.959846
2023-06-16 22:35:00+00:00,184.95,184.95,184.95,17,184.95,141,184.956596
2023-06-16 22:41:00+00:00,184.95,184.96,184.95,14,184.96,576,184.952083
2023-06-16 22:43:00+00:00,184.98,184.98,184.98,12,184.98,114,184.978158
2023-06-16 22:45:00+00:00,184.95,184.95,184.95,11,184.95,522,184.951073
2023-06-16 22:48:00+00:00,184.95,184.95,184.95,3,184.95,124,184.950121
2023-06-16 22:59:00+00:00,184.92,184.92,184.92,10,184.92,1013,184.920276
2023-06-16 23:00:00+00:00,184.92,184.9202,184.92,22,184.92,1770,184.920233
2023-06-16 23:02:00+00:00,184.92,184.92,184.92,14,184.92,843,184.930735
2023-06-16 23:12:00+00:00,184.95,184.95,184.95,13,184.95,319,184.949577
2023-06-16 23:16:00+00:00,184.95,184.95,184.95,17,184.95,199,184.950126
2023-06-16 23:18:00+00:00,184.92,184.92,184.92,19,184.92,322,184.935186
2023-06-16 23:20:00+00:00,184.98,184.98,184.97,27,184.97,1113,184.976846
2023-06-16 23:25:00+00:00,184.96,184.96,184.96,14,184.96,119,184.961176
2023-06-16 23:37:00+00:00,185.0,185.0,185.0,10,185.0,822,184.999915
2023-06-16 23:41:00+00:00,184.98,184.98,184.98,11,184.98,361,184.980097
2023-06-16 23:42:00+00:00,185.0,185.0,184.99,13,184.99,569,184.996714
2023-06-16 23:44:00+00:00,184.99,184.99,184.99,15,184.99,191,184.988874
2023-06-16 23:47:00+00:00,185.0,185.0,185.0,28,185.0,801,184.999576
2023-06-16 23:48:00+00:00,185.0,185.0,185.0,21,185.0,487,184.998901
2023-06-16 23:49:00+00:00,184.99,185.0,184.99,25,184.99,757,184.992358
2023-06-16 23:51:00+00:00,184.99,184.99,184.99,22,184.99,333,184.989219
2023-06-16 23:58:00+00:00,184.95,184.95,184.95,25,184.95,273,184.953608
2023-06-16 23:59:00+00:00,184.94,184.95,184.94,20,184.95,336,184.945298
