timestamp,close,high,low,trade_count,open,volume,vwap
2023-10-23 08:00:00+00:00,172.01,172.6,172.01,115,172.6,3361,172.19249
2023-10-23 08:01:00+00:00,171.8,172.0,171.8,175,172.0,3355,171.944289
2023-10-23 08:02:00+00:00,171.68,171.79,171.68,27,171.79,965,171.731275
2023-10-23 08:03:00+00:00,171.7,171.7,171.7,33,171.7,1047,171.674489
2023-10-23 08:05:00+00:00,171.68,171.68,171.68,36,171.68,446,171.633879
2023-10-23 08:06:00+00:00,171.8,171.8,171.7,69,171.7,4342,171.770164
2023-10-23 08:08:00+00:00,171.8,171.8,171.79,44,171.79,4368,171.797898
2023-10-23 08:09:00+00:00,171.98,171.98,171.74,47,171.74,2738,171.865281
2023-10-23 08:11:00+00:00,171.95,171.98,171.95,30,171.96,2023,171.955551
2023-10-23 08:12:00+00:00,172.0,172.0,171.96,105,171.96,6360,171.995818
2023-10-23 08:13:00+00:00,172.04,172.04,172.0,38,172.01,2379,172.016507
2023-10-23 08:14:00+00:00,172.05,172.06,172.05,17,172.06,814,172.058575
2023-10-23 08:15:00+00:00,172.0,172.01,172.0,51,172.01,4471,171.998783
2023-10-23 08:16:00+00:00,171.98,171.98,171.98,17,171.98,758,171.986544
2023-10-23 08:17:00+00:00,171.99,172.0,171.99,27,172.0,1568,171.995108
2023-10-23 08:20:00+00:00,172.0,172.0,171.97,26,171.97,2160,171.988991
2023-10-23 08:21:00+00:00,171.94,172.0,171.94,55,171.99,4610,171.977783
2023-10-23 08:22:00+00:00,172.0,172.0,171.99,6,171.99,825,171.998182
2023-10-23 08:23:00+00:00,171.97,172.0,171.97,32,171.98,1822,171.981262
2023-10-23 08:25:00+00:00,171.94,171.95,171.94,12,171.95,529,171.942892
2023-10-23 08:26:00+00:00,171.89,171.94,171.89,17,171.94,2900,171.894038
2023-10-23 08:28:00+00:00,171.75,171.83,171.75,48,171.83,1718,171.783987
2023-10-23 08:29:00+00:00,171.75,171.77,171.75,19,171.77,1410,171.755454
2023-10-23 08:30:00+00:00,171.73,171.76,171.73,21,171.76,2677,171.753425
2023-10-23 08:33:00+00:00,171.7,171.73,171.7,36,171.73,2072,171.725222
2023-10-23 08:34:00+00:00,171.7,171.7,171.7,13,171.7,832,171.707788
2023-10-23 08:36:00+00:00,171.86,171.86,171.86,15,171.86,1049,171.844032
2023-10-23 08:38:00+00:00,171.85,171.85,171.83,22,171.83,1112,171.834766
2023-10-23 08:39:00+00:00,171.84,171.84,171.84,15,171.84,441,171.837732
2023-10-23 08:42:00+00:00,171.86,171.86,171.84,19,171.84,1537,171.851984
2023-10-23 08:47:00+00:00,171.82,171.82,171.82,11,171.82,578,171.821384
2023-10-23 08:53:00+00:00,171.7,171.71,171.7,27,171.7,1918,171.702857
2023-10-23 08:55:00+00:00,171.7,171.7,171.7,24,171.7,775,171.697123
2023-10-23 09:00:00+00:00,171.43,171.67,171.43,129,171.67,4117,171.551931
2023-10-23 09:02:00+00:00,171.3,171.3,171.3,15,171.3,193,171.304352
2023-10-23 09:04:00+00:00,171.12,171.27,171.11,86,171.27,5552,171.168872
2023-10-23 09:05:00+00:00,171.11,171.15,171.1,46,171.15,1825,171.107392
2023-10-23 09:06:00+00:00,171.18,171.18,171.14,28,171.16,1961,171.161576
2023-10-23 09:07:00+00:00,171.1,171.15,171.1,41,171.15,1887,171.140689
2023-10-23 09:08:00+00:00,170.98,171.09,170.98,156,171.09,4713,171.036486
2023-10-23 09:09:00+00:00,170.29,170.98,170.0,441,170.98,18266,170.536524
2023-10-23 09:10:00+00:00,170.25,170.55,170.2,52,170.5,5148,170.320404
2023-10-23 09:11:00+00:00,170.36,170.48,170.36,15,170.48,1018,170.463497
2023-10-23 09:12:00+00:00,170.45,170.48,170.45,30,170.48,1019,170.47261
2023-10-23 09:13:00+00:00,170.46,170.46,170.45,26,170.45,4673,170.450552
2023-10-23 09:15:00+00:00,170.39,170.4,170.39,44,170.4,3030,170.404898
2023-10-23 09:16:00+00:00,170.51,170.56,170.48,78,170.48,3148,170.513574
2023-10-23 09:17:00+00:00,170.8,170.8,170.75,44,170.75,2098,170.756192
2023-10-23 09:18:00+00:00,170.85,170.85,170.85,10,170.85,372,170.838602
2023-10-23 09:20:00+00:00,170.8,170.89,170.75,58,170.89,1672,170.810628
2023-10-23 09:21:00+00:00,170.76,170.76,170.76,14,170.76,346,170.75922
2023-10-23 09:22:00+00:00,170.85,170.85,170.85,14,170.85,234,170.839701
2023-10-23 09:23:00+00:00,170.85,170.85,170.85,17,170.85,668,170.832545
2023-10-23 09:24:00+00:00,170.71,170.76,170.7,51,170.75,3748,170.739896
2023-10-23 09:25:00+00:00,170.8,170.8,170.8,23,170.8,1106,170.79991
2023-10-23 09:27:00+00:00,170.78,170.78,170.76,24,170.76,956,170.749446
2023-10-23 09:28:00+00:00,170.63,170.66,170.63,17,170.66,934,170.639807
2023-10-23 09:29:00+00:00,170.6,170.63,170.6,21,170.63,707,170.623423
2023-10-23 09:31:00+00:00,170.59,170.61,170.57,45,170.61,2523,170.589988
2023-10-23 09:32:00+00:00,170.56,170.56,170.56,28,170.56,568,170.566268
2023-10-23 09:33:00+00:00,170.5,170.51,170.5,59,170.51,4124,170.506882
2023-10-23 09:34:00+00:00,170.39,170.41,170.35,49,170.35,1368,170.379313
2023-10-23 09:35:00+00:00,170.51,170.51,170.5,28,170.5,1413,170.495577
2023-10-23 09:36:00+00:00,170.41,170.41,170.4,28,170.4,647,170.404838
2023-10-23 09:38:00+00:00,170.4,170.4,170.4,13,170.4,206,170.380583
2023-10-23 09:39:00+00:00,170.4,170.4,170.35,38,170.36,1471,170.366873
2023-10-23 09:40:00+00:00,170.4,170.4,170.33,39,170.36,1558,170.356958
2023-10-23 09:41:00+00:00,170.42,170.42,170.4,25,170.4,1052,170.413327
2023-10-23 09:42:00+00:00,170.37,170.51,170.3,147,170.51,7130,170.400457
2023-10-23 09:43:00+00:00,170.34,170.34,170.34,15,170.34,790,170.340051
2023-10-23 09:44:00+00:00,170.39,170.39,170.35,31,170.35,1023,170.374223
2023-10-23 09:46:00+00:00,170.31,170.33,170.31,28,170.33,1997,170.324617
2023-10-23 09:47:00+00:00,170.25,170.31,170.25,39,170.31,1369,170.27328
2023-10-23 09:48:00+00:00,170.24,170.25,170.23,47,170.24,3250,170.244874
2023-10-23 09:50:00+00:00,170.3,170.3,170.3,37,170.3,2327,170.297559
2023-10-23 09:51:00+00:00,170.3,170.3,170.3,19,170.3,355,170.291239
2023-10-23 09:53:00+00:00,170.33,170.37,170.29,41,170.29,1409,170.319901
2023-10-23 09:55:00+00:00,170.4,170.49,170.4,51,170.49,1486,170.44288
2023-10-23 09:57:00+00:00,170.35,170.45,170.35,30,170.45,1497,170.400661
2023-10-23 09:58:00+00:00,170.25,170.33,170.25,34,170.33,2091,170.302956
2023-10-23 09:59:00+00:00,170.2,170.22,170.2,46,170.22,2023,170.214301
2023-10-23 10:00:00+00:00,170.2,170.22,170.2,13,170.22,537,170.210149
2023-10-23 10:03:00+00:00,170.36,170.36,170.36,40,170.36,1248,170.351146
2023-10-23 10:04:00+00:00,170.36,170.36,170.34,29,170.34,1557,170.357129
2023-10-23 10:06:00+00:00,170.33,170.33,170.33,15,170.33,641,170.327644
2023-10-23 10:07:00+00:00,170.38,170.39,170.38,46,170.39,1343,170.381727
2023-10-23 10:08:00+00:00,170.3,170.38,170.3,25,170.38,1522,170.334757
2023-10-23 10:11:00+00:00,170.35,170.42,170.35,45,170.42,2053,170.369342
2023-10-23 10:12:00+00:00,170.34,170.35,170.3,19,170.3,1145,170.320524
2023-10-23 10:13:00+00:00,170.33,170.33,170.3,44,170.31,6207,170.306452
2023-10-23 10:14:00+00:00,170.27,170.3,170.27,37,170.3,705,170.282922
2023-10-23 10:15:00+00:00,170.34,170.34,170.34,24,170.34,671,170.312131
2023-10-23 10:16:00+00:00,170.34,170.34,170.34,22,170.34,826,170.340375
2023-10-23 10:17:00+00:00,170.4,170.4,170.4,30,170.4,665,170.413444
2023-10-23 10:18:00+00:00,170.49,170.49,170.48,23,170.48,875,170.472469
2023-10-23 10:20:00+00:00,170.44,170.44,170.44,15,170.44,523,170.435258
2023-10-23 10:22:00+00:00,170.38,170.38,170.38,31,170.38,429,170.407016
2023-10-23 10:23:00+00:00,170.38,170.38,170.38,7,170.38,778,170.380656
2023-10-23 10:24:00+00:00,170.3,170.35,170.3,40,170.35,1048,170.34021
2023-10-23 10:26:00+00:00,170.36,170.36,170.36,12,170.36,311,170.381608
2023-10-23 10:27:00+00:00,170.42,170.49,170.42,58,170.49,1438,170.458526
2023-10-23 10:28:00+00:00,170.39,170.39,170.39,15,170.39,793,170.39285
2023-10-23 10:29:00+00:00,170.36,170.36,170.36,13,170.36,282,170.361986
2023-10-23 10:30:00+00:00,170.39,170.39,170.39,7,170.39,225,170.384267
2023-10-23 10:34:00+00:00,170.42,170.42,170.42,18,170.42,593,170.419949
2023-10-23 10:36:00+00:00,170.48,170.48,170.48,22,170.48,667,170.473223
2023-10-23 10:37:00+00:00,170.48,170.48,170.48,5,170.48,328,170.479177
2023-10-23 10:38:00+00:00,170.5,170.5,170.48,60,170.48,3082,170.489523
2023-10-23 10:39:00+00:00,170.58,170.58,170.58,35,170.58,717,170.563501
2023-10-23 10:43:00+00:00,170.65,170.65,170.65,27,170.65,765,170.645961
2023-10-23 10:45:00+00:00,170.69,170.69,170.57,21,170.57,650,170.638646
2023-10-23 10:47:00+00:00,170.68,170.7,170.67,31,170.67,2448,170.680127
2023-10-23 10:48:00+00:00,170.68,170.68,170.68,18,170.68,772,170.678368
2023-10-23 10:49:00+00:00,170.64,170.64,170.64,12,170.64,354,170.640847
2023-10-23 10:54:00+00:00,170.69,170.69,170.51,38,170.56,1987,170.572587
2023-10-23 10:56:00+00:00,170.65,170.65,170.65,6,170.65,116,170.639483
2023-10-23 10:59:00+00:00,170.66,170.66,170.66,53,170.66,1496,170.584626
2023-10-23 11:00:00+00:00,170.91,171.17,170.6,501,170.6,16670,170.872571
2023-10-23 11:01:00+00:00,170.77,170.77,170.77,38,170.77,1525,170.771298
2023-10-23 11:02:00+00:00,170.76,170.8,170.76,57,170.8,2284,170.772793
2023-10-23 11:04:00+00:00,170.7,170.73,170.7,33,170.73,543,170.71186
2023-10-23 11:06:00+00:00,170.77,170.77,170.73,61,170.73,4022,170.763424
2023-10-23 11:07:00+00:00,170.74,170.74,170.74,77,170.74,1303,170.698803
2023-10-23 11:09:00+00:00,170.72,170.72,170.63,39,170.63,972,170.679074
2023-10-23 11:10:00+00:00,170.67,170.67,170.64,17,170.64,1199,170.65352
2023-10-23 11:11:00+00:00,170.65,170.65,170.65,25,170.65,612,170.649837
2023-10-23 11:12:00+00:00,170.65,170.65,170.65,18,170.65,928,170.651606
2023-10-23 11:13:00+00:00,170.68,170.68,170.68,54,170.68,1433,170.657851
2023-10-23 11:14:00+00:00,170.76,170.76,170.76,102,170.76,3172,170.75145
2023-10-23 11:16:00+00:00,170.9,170.9,170.77,96,170.77,3462,170.847117
2023-10-23 11:17:00+00:00,170.75,170.75,170.75,12,170.75,323,170.766563
2023-10-23 11:18:00+00:00,170.89,170.89,170.78,39,170.78,1122,170.846016
2023-10-23 11:23:00+00:00,170.84,170.87,170.84,33,170.87,772,170.849676
2023-10-23 11:24:00+00:00,170.8,170.83,170.8,37,170.83,1142,170.819186
2023-10-23 11:25:00+00:00,170.8,170.8,170.78,19,170.78,934,170.787077
2023-10-23 11:26:00+00:00,170.88,170.88,170.8,35,170.8,849,170.857786
2023-10-23 11:27:00+00:00,170.91,170.91,170.91,21,170.91,357,170.910196
2023-10-23 11:28:00+00:00,170.92,170.92,170.92,31,170.92,569,170.904183
2023-10-23 11:29:00+00:00,170.92,170.92,170.86,58,170.86,3607,170.907236
2023-10-23 11:30:00+00:00,171.04,171.04,170.98,81,170.98,4534,170.994446
2023-10-23 11:32:00+00:00,170.92,170.97,170.92,24,170.97,2575,170.951052
2023-10-23 11:33:00+00:00,170.99,170.99,170.98,31,170.98,1114,170.979569
2023-10-23 11:34:00+00:00,171.0,171.0,171.0,14,171.0,1578,170.998809
2023-10-23 11:37:00+00:00,171.0,171.0,171.0,29,171.0,1142,171.007513
2023-10-23 11:38:00+00:00,171.09,171.1,171.09,40,171.09,1859,171.074228
2023-10-23 11:39:00+00:00,171.22,171.22,171.09,85,171.09,4227,171.16925
2023-10-23 11:40:00+00:00,171.19,171.23,171.16,52,171.23,2043,171.193926
2023-10-23 11:41:00+00:00,171.18,171.18,171.18,13,171.18,344,171.176279
2023-10-23 11:42:00+00:00,171.12,171.13,171.12,30,171.13,942,171.108408
2023-10-23 11:43:00+00:00,171.24,171.24,171.18,42,171.19,1722,171.20313
2023-10-23 11:44:00+00:00,171.32,171.32,171.15,124,171.15,4640,171.257679
2023-10-23 11:45:00+00:00,171.11,171.15,171.11,60,171.15,1746,171.140372
2023-10-23 11:46:00+00:00,171.25,171.28,171.25,115,171.28,4125,171.250756
2023-10-23 11:47:00+00:00,171.31,171.31,171.25,59,171.26,3409,171.255568
2023-10-23 11:48:00+00:00,171.21,171.21,171.21,18,171.21,394,171.236574
2023-10-23 11:49:00+00:00,171.21,171.21,171.2,14,171.2,901,171.206004
2023-10-23 11:50:00+00:00,171.2,171.27,171.2,89,171.2,6808,171.213964
2023-10-23 11:51:00+00:00,171.2,171.25,171.2,30,171.25,1240,171.220177
2023-10-23 11:52:00+00:00,171.22,171.22,171.22,17,171.22,480,171.218521
2023-10-23 11:54:00+00:00,171.21,171.23,171.21,15,171.23,745,171.224805
2023-10-23 11:55:00+00:00,171.1,171.2,171.1,94,171.2,2879,171.163032
2023-10-23 11:56:00+00:00,171.09,171.09,171.09,35,171.09,834,171.112398
2023-10-23 11:57:00+00:00,170.92,171.04,170.92,146,171.04,5943,171.000757
2023-10-23 11:58:00+00:00,170.7,170.99,170.7,206,170.94,27694,170.898951
2023-10-23 11:59:00+00:00,170.81,170.81,170.81,12,170.81,292,170.826781
2023-10-23 12:00:00+00:00,170.8,171.25,170.6,697,171.04,62048,170.867084
2023-10-23 12:01:00+00:00,170.81,173.02,170.7545,755,173.02,47424,172.810583
2023-10-23 12:02:00+00:00,170.8453,173.08,170.8,383,173.08,5107,171.867021
2023-10-23 12:03:00+00:00,170.76,173.03,170.76,424,170.8649,3910,172.123654
2023-10-23 12:04:00+00:00,170.83,172.88,170.76,46,170.82,11346,172.550316
2023-10-23 12:05:00+00:00,170.8999,170.8999,170.8999,31,170.8999,1210,170.893108
2023-10-23 12:06:00+00:00,170.96,170.99,170.89,117,170.89,4276,170.923585
2023-10-23 12:07:00+00:00,170.87,170.98,170.85,87,170.97,3312,170.92882
2023-10-23 12:08:00+00:00,170.85,170.9495,170.85,38,170.9495,1681,170.898861
2023-10-23 12:09:00+00:00,170.9,170.91,170.85,51,170.91,2773,170.881342
2023-10-23 12:10:00+00:00,170.95,170.95,170.9,47,170.9,969,170.929949
2023-10-23 12:11:00+00:00,170.9592,170.9592,170.912,57,170.912,860,170.92864
2023-10-23 12:12:00+00:00,170.9,170.9001,170.9,33,170.9001,1027,170.904662
2023-10-23 12:13:00+00:00,170.96,170.97,170.9,111,170.9,6067,170.932241
2023-10-23 12:14:00+00:00,171.0,171.0,170.96,59,170.96,5705,170.988033
2023-10-23 12:15:00+00:00,171.0,171.0,171.0,90,171.0,2918,170.998046
2023-10-23 12:16:00+00:00,171.14,171.14,171.01,121,171.05,3549,171.064505
2023-10-23 12:17:00+00:00,171.0117,171.0117,171.0117,35,171.0117,859,171.060226
2023-10-23 12:18:00+00:00,171.04,171.15,171.04,86,171.1,2823,171.100237
2023-10-23 12:19:00+00:00,171.04,171.04,171.04,29,171.04,425,171.068741
2023-10-23 12:20:00+00:00,171.2,171.2,171.1,56,171.1,2190,171.134373
2023-10-23 12:21:00+00:00,171.16,171.2,171.13,63,171.13,3181,171.148298
2023-10-23 12:22:00+00:00,171.2,171.2001,171.18,37,171.18,2121,171.194517
2023-10-23 12:23:00+00:00,171.3,171.3,171.2,137,171.3,4814,171.288601
2023-10-23 12:24:00+00:00,171.13,171.2,171.13,28,171.2,4281,171.19588
2023-10-23 12:25:00+00:00,171.2,171.2,171.2,28,171.2,408,171.210074
2023-10-23 12:26:00+00:00,171.35,171.35,171.3,95,171.3,5692,171.316311
2023-10-23 12:27:00+00:00,171.39,171.39,171.33,57,171.35,5100,171.342019
2023-10-23 12:28:00+00:00,171.27,171.46,171.27,135,171.35,3850,171.371375
2023-10-23 12:29:00+00:00,171.4,171.4,171.25,75,171.3,3423,171.294325
2023-10-23 12:30:00+00:00,171.25,171.25,171.23,73,171.25,2548,171.242155
2023-10-23 12:31:00+00:00,171.25,171.29,171.25,50,171.29,1954,171.265228
2023-10-23 12:32:00+00:00,171.33,171.33,171.33,16,171.33,387,171.326783
2023-10-23 12:33:00+00:00,171.25,171.33,171.25,59,171.25,2144,171.290891
2023-10-23 12:34:00+00:00,171.3,171.3,171.25,57,171.29,1592,171.271008
2023-10-23 12:35:00+00:00,171.3,171.3,171.3,31,171.3,274,171.298522
2023-10-23 12:37:00+00:00,171.33,171.33,171.25,62,171.25,1797,171.300349
2023-10-23 12:38:00+00:00,171.32,171.33,171.32,41,171.33,4076,171.314668
2023-10-23 12:39:00+00:00,171.3105,171.4172,171.3105,40,171.33,1205,171.33911
2023-10-23 12:40:00+00:00,171.3,171.4,171.3,58,171.4,1391,171.355093
2023-10-23 12:41:00+00:00,171.37,171.37,171.32,22,171.32,502,171.356484
2023-10-23 12:42:00+00:00,171.37,171.37,171.37,70,171.37,2800,171.367877
2023-10-23 12:43:00+00:00,171.33,171.38,171.33,65,171.34,2021,171.359171
2023-10-23 12:44:00+00:00,171.28,171.35,171.28,82,171.35,1981,171.315305
2023-10-23 12:45:00+00:00,171.32,171.32,171.32,20,171.32,273,171.324267
2023-10-23 12:46:00+00:00,171.29,171.29,171.27,48,171.27,1078,171.273409
2023-10-23 12:47:00+00:00,171.14,171.21,171.1,110,171.2,3461,171.168318
2023-10-23 12:48:00+00:00,170.95,171.1,170.95,218,171.04,5916,171.02671
2023-10-23 12:49:00+00:00,170.95,170.95,170.63,439,170.88,19611,170.779639
2023-10-23 12:50:00+00:00,170.61,170.9,170.61,150,170.9,5341,170.801069
2023-10-23 12:51:00+00:00,170.82,170.94,170.79,105,170.79,5728,170.864876
2023-10-23 12:52:00+00:00,170.88,170.9799,170.88,47,170.9799,751,170.902696
2023-10-23 12:54:00+00:00,170.83,170.9223,170.8,83,170.9068,4207,170.836394
2023-10-23 12:55:00+00:00,170.77,170.77,170.77,33,170.77,528,170.80982
2023-10-23 12:56:00+00:00,170.81,170.8977,170.74,107,170.8977,5121,170.781732
2023-10-23 12:57:00+00:00,170.8,170.8799,170.8,51,170.8799,3010,170.809911
2023-10-23 12:58:00+00:00,170.8,170.82,170.76,78,170.82,2565,170.800285
2023-10-23 12:59:00+00:00,170.8709,170.8709,170.75,60,170.84,1992,170.808466
2023-10-23 13:00:00+00:00,170.85,170.85,170.85,33,170.85,541,170.831532
2023-10-23 13:01:00+00:00,170.86,170.88,170.81,58,170.88,2534,170.831022
2023-10-23 13:02:00+00:00,170.9154,170.9154,170.82,65,170.82,1097,170.872469
2023-10-23 13:03:00+00:00,170.88,170.9816,170.88,79,170.9,4070,170.913916
2023-10-23 13:04:00+00:00,170.97,170.9929,170.97,53,170.9929,804,170.968536
2023-10-23 13:05:00+00:00,171.03,171.03,170.95,156,170.97,7817,170.982517
2023-10-23 13:06:00+00:00,171.09,171.13,170.9377,121,171.09,3953,171.104294
2023-10-23 13:07:00+00:00,170.99,170.99,170.99,40,170.99,1469,170.99677
2023-10-23 13:08:00+00:00,170.9,171.0,170.88,182,170.99,9016,170.945186
2023-10-23 13:09:00+00:00,170.89,170.9,170.84,140,170.9,7587,170.884505
2023-10-23 13:10:00+00:00,170.899,170.899,170.86,49,170.88,1530,170.877573
2023-10-23 13:11:00+00:00,170.9,170.9,170.86,100,170.88,3911,170.887482
2023-10-23 13:12:00+00:00,170.8,170.9,170.8,106,170.87,6448,170.842505
2023-10-23 13:13:00+00:00,170.8,170.8001,170.8,39,170.8,1568,170.811537
2023-10-23 13:14:00+00:00,170.83,170.83,170.8,43,170.8,1387,170.812019
2023-10-23 13:15:00+00:00,170.77,170.8462,170.77,88,170.8462,4008,170.781436
2023-10-23 13:16:00+00:00,170.61,170.84,170.6,242,170.84,9379,170.686161
2023-10-23 13:17:00+00:00,170.65,170.6995,170.6,118,170.6,4030,170.64435
2023-10-23 13:18:00+00:00,170.59,170.65,170.59,122,170.6499,7593,170.603832
2023-10-23 13:19:00+00:00,170.56,170.6,170.56,117,170.6,3990,170.590509
2023-10-23 13:20:00+00:00,170.54,170.6,170.51,171,170.56,10301,170.551474
2023-10-23 13:21:00+00:00,170.67,170.67,170.51,221,170.55,18212,170.577396
2023-10-23 13:22:00+00:00,170.709,170.74,170.67,112,170.67,3611,170.716681
2023-10-23 13:23:00+00:00,170.72,170.76,170.7,88,170.71,3401,170.722657
2023-10-23 13:24:00+00:00,170.72,170.74,170.72,61,170.74,1261,170.73428
2023-10-23 13:25:00+00:00,170.42,170.7,170.26,740,170.7,43197,170.486811
2023-10-23 13:26:00+00:00,170.38,170.55,170.31,267,170.36,8173,170.44856
2023-10-23 13:27:00+00:00,170.72,170.72,170.31,499,170.35,23108,170.519347
2023-10-23 13:28:00+00:00,170.85,171.0,170.69,159,170.69,8850,170.915863
2023-10-23 13:29:00+00:00,171.01,171.15,170.84,287,170.97,23071,170.997006
2023-10-23 13:30:00+00:00,171.57,171.68,170.52,10848,170.91,1471817,171.105797
2023-10-23 13:31:00+00:00,170.88,171.55,170.71,4648,171.55,449195,171.105117
2023-10-23 13:32:00+00:00,171.07,171.32,170.65,3216,170.88,320452,171.008847
2023-10-23 13:33:00+00:00,170.845,171.0879,170.83,2531,171.0724,252373,170.927026
2023-10-23 13:34:00+00:00,171.0,171.05,170.83,2330,170.84,254443,170.949425
2023-10-23 13:35:00+00:00,170.96,171.05,170.79,2589,171.0,267017,170.915232
2023-10-23 13:36:00+00:00,170.72,171.055,170.6691,2934,170.97,279846,170.84366
2023-10-23 13:37:00+00:00,170.59,170.77,170.52,4254,170.73,472531,170.629532
2023-10-23 13:38:00+00:00,170.75,170.87,170.56,2547,170.59,251076,170.692914
2023-10-23 13:39:00+00:00,170.3,170.76,170.26,3762,170.76,384202,170.436545
2023-10-23 13:40:00+00:00,170.495,170.5,170.25,2414,170.34,247802,170.375682
2023-10-23 13:41:00+00:00,170.3448,170.57,170.2799,1964,170.47,170748,170.449317
2023-10-23 13:42:00+00:00,170.185,170.35,170.1,3766,170.3465,390876,170.222493
2023-10-23 13:43:00+00:00,170.14,170.3,170.07,2418,170.19,251441,170.168871
2023-10-23 13:44:00+00:00,170.1775,170.31,170.01,2850,170.13,293362,170.158053
2023-10-23 13:45:00+00:00,170.15,170.295,170.0702,3504,170.17,313029,170.18819
2023-10-23 13:46:00+00:00,170.11,170.23,170.03,4538,170.135,312826,170.121922
2023-10-23 13:47:00+00:00,170.47,170.48,169.93,10202,170.12,492169,170.102043
2023-10-23 13:48:00+00:00,170.705,170.71,170.4583,5716,170.4583,322634,170.533905
2023-10-23 13:49:00+00:00,171.01,171.1,170.695,7093,170.71,463677,170.94127
2023-10-23 13:50:00+00:00,170.88,171.08,170.78,5751,170.99,294518,170.967687
2023-10-23 13:51:00+00:00,170.88,170.92,170.825,5403,170.89,259109,170.875038
2023-10-23 13:52:00+00:00,171.0764,171.35,170.83,6736,170.89,361996,171.134661
2023-10-23 13:53:00+00:00,170.81,171.08,170.8,5495,171.08,233188,170.951041
2023-10-23 13:54:00+00:00,170.9372,170.95,170.7,5065,170.81,203793,170.807623
2023-10-23 13:55:00+00:00,171.3974,171.3974,170.93,5262,170.935,294787,171.184878
2023-10-23 13:56:00+00:00,171.23,171.4799,171.185,4834,171.39,262021,171.336448
2023-10-23 13:57:00+00:00,171.345,171.43,171.1815,4387,171.23,166042,171.318397
2023-10-23 13:58:00+00:00,171.341,171.44,171.16,4238,171.34,147751,171.309471
2023-10-23 13:59:00+00:00,171.3799,171.43,171.29,4293,171.35,178548,171.355834
2023-10-23 14:00:00+00:00,171.33,171.51,171.27,4769,171.37,241653,171.397928
2023-10-23 14:01:00+00:00,171.2801,171.43,171.16,5003,171.32,204934,171.264416
2023-10-23 14:02:00+00:00,171.455,171.4818,171.24,4351,171.28,188150,171.336983
2023-10-23 14:03:00+00:00,171.665,171.75,171.29,5013,171.4613,267390,171.4933
2023-10-23 14:04:00+00:00,171.785,171.905,171.64,4872,171.665,281867,171.802605
2023-10-23 14:05:00+00:00,171.69,171.91,171.69,3855,171.79,224823,171.794865
2023-10-23 14:06:00+00:00,171.515,171.7,171.485,4246,171.68,191151,171.608642
2023-10-23 14:07:00+00:00,171.6405,171.675,171.47,3672,171.515,127922,171.582232
2023-10-23 14:08:00+00:00,171.42,171.7206,171.42,3649,171.64,127370,171.586509
2023-10-23 14:09:00+00:00,171.21,171.4707,171.2,3762,171.42,148226,171.324636
2023-10-23 14:10:00+00:00,171.335,171.36,171.2,4029,171.2198,189317,171.271296
2023-10-23 14:11:00+00:00,171.17,171.42,171.15,4092,171.33,197411,171.303803
2023-10-23 14:12:00+00:00,171.33,171.35,171.09,4695,171.161,260902,171.182859
2023-10-23 14:13:00+00:00,171.48,171.53,171.21,4699,171.32,250535,171.356549
2023-10-23 14:14:00+00:00,171.49,171.51,171.3731,3546,171.47,130813,171.447625
2023-10-23 14:15:00+00:00,171.38,171.53,171.345,3468,171.485,116218,171.442992
2023-10-23 14:16:00+00:00,171.27,171.45,171.22,3125,171.39,119241,171.324225
2023-10-23 14:17:00+00:00,171.41,171.43,171.1704,2810,171.26,119934,171.28609
2023-10-23 14:18:00+00:00,171.525,171.55,171.34,3132,171.4013,142705,171.434672
2023-10-23 14:19:00+00:00,171.646,171.6699,171.5,3421,171.51,152974,171.593535
2023-10-23 14:20:00+00:00,171.4,171.6461,171.3402,3965,171.64,144061,171.464023
2023-10-23 14:21:00+00:00,171.38,171.41,171.325,3680,171.395,124482,171.366128
2023-10-23 14:22:00+00:00,171.5,171.52,171.35,3750,171.37,144844,171.460908
2023-10-23 14:23:00+00:00,171.6491,171.71,171.49,3664,171.5,129255,171.607593
2023-10-23 14:24:00+00:00,171.7,171.77,171.6228,3759,171.63,143622,171.724352
2023-10-23 14:25:00+00:00,171.8,171.815,171.66,3323,171.695,108569,171.721694
2023-10-23 14:26:00+00:00,171.75,171.8699,171.715,3484,171.8,142626,171.77915
2023-10-23 14:27:00+00:00,171.715,171.79,171.64,3284,171.7799,125279,171.705369
2023-10-23 14:28:00+00:00,171.69,171.74,171.62,3011,171.72,122860,171.675647
2023-10-23 14:29:00+00:00,171.59,171.7157,171.52,2969,171.6911,127911,171.601987
2023-10-23 14:30:00+00:00,171.5976,171.71,171.54,2425,171.59,104048,171.628335
2023-10-23 14:31:00+00:00,171.65,171.7,171.49,2797,171.59,117748,171.575288
2023-10-23 14:32:00+00:00,171.455,171.655,171.415,3406,171.65,119796,171.551514
2023-10-23 14:33:00+00:00,171.42,171.5,171.3002,4066,171.455,190672,171.406507
2023-10-23 14:34:00+00:00,171.3174,171.445,171.3,3565,171.42,129127,171.352659
2023-10-23 14:35:00+00:00,171.26,171.4,171.17,3843,171.315,150363,171.276062
2023-10-23 14:36:00+00:00,171.36,171.41,171.2527,3534,171.2599,117817,171.334337
2023-10-23 14:37:00+00:00,171.58,171.595,171.34,3368,171.35,124522,171.503949
2023-10-23 14:38:00+00:00,171.74,171.76,171.57,3052,171.57,85434,171.685982
2023-10-23 14:39:00+00:00,171.87,171.89,171.735,3144,171.75,108598,171.767313
2023-10-23 14:40:00+00:00,171.7299,171.89,171.702,3018,171.865,135414,171.781528
2023-10-23 14:41:00+00:00,171.765,171.805,171.71,3265,171.74,105800,171.758934
2023-10-23 14:42:00+00:00,171.825,171.85,171.71,3612,171.7663,147178,171.790136
2023-10-23 14:43:00+00:00,171.885,171.89,171.7701,3863,171.8301,164565,171.836201
2023-10-23 14:44:00+00:00,171.92,171.97,171.831,3383,171.85,114515,171.912728
2023-10-23 14:45:00+00:00,171.76,171.93,171.74,3274,171.925,109906,171.806151
2023-10-23 14:46:00+00:00,171.7,171.855,171.69,3029,171.7755,84374,171.795021
2023-10-23 14:47:00+00:00,171.515,171.7199,171.5,3513,171.7,171399,171.586514
2023-10-23 14:48:00+00:00,171.63,171.66,171.5,2902,171.51,114343,171.594358
2023-10-23 14:49:00+00:00,171.725,171.74,171.64,2583,171.65,79161,171.695641
2023-10-23 14:50:00+00:00,171.83,171.845,171.7201,2620,171.74,86928,171.796633
2023-10-23 14:51:00+00:00,171.94,171.96,171.829,2268,171.829,78877,171.871465
2023-10-23 14:52:00+00:00,171.91,171.95,171.86,1257,171.94,165783,171.891859
2023-10-23 14:53:00+00:00,171.95,171.969,171.8233,929,171.915,75028,171.900775
2023-10-23 14:54:00+00:00,171.83,171.95,171.815,913,171.95,98100,171.88298
2023-10-23 14:55:00+00:00,171.945,171.96,171.81,888,171.835,133759,171.898148
2023-10-23 14:56:00+00:00,171.965,171.97,171.865,912,171.9401,89981,171.918475
2023-10-23 14:57:00+00:00,172.13,172.17,171.925,2255,171.97,252641,172.0522
2023-10-23 14:58:00+00:00,172.1056,172.23,172.08,1222,172.145,148319,172.148685
2023-10-23 14:59:00+00:00,172.21,172.21,172.085,761,172.1,77690,172.122222
2023-10-23 15:00:00+00:00,172.175,172.2499,172.085,1305,172.22,121612,172.176132
2023-10-23 15:01:00+00:00,172.31,172.32,172.135,1449,172.18,154160,172.254287
2023-10-23 15:02:00+00:00,172.3124,172.41,172.29,1705,172.31,154421,172.345096
2023-10-23 15:03:00+00:00,172.29,172.378,172.23,826,172.32,70200,172.309889
2023-10-23 15:04:00+00:00,172.235,172.3,172.1899,740,172.3,70506,172.238555
2023-10-23 15:05:00+00:00,172.19,172.2599,172.13,1034,172.24,98013,172.204854
2023-10-23 15:06:00+00:00,172.19,172.25,172.165,703,172.1859,71805,172.205903
2023-10-23 15:07:00+00:00,172.18,172.205,172.0701,940,172.19,99471,172.124518
2023-10-23 15:08:00+00:00,172.09,172.28,172.09,1198,172.1909,134037,172.220587
2023-10-23 15:09:00+00:00,172.115,172.12,172.02,1102,172.07,103808,172.06831
2023-10-23 15:10:00+00:00,172.13,172.16,172.07,957,172.12,81742,172.122902
2023-10-23 15:11:00+00:00,172.27,172.27,172.105,733,172.13,84747,172.196693
2023-10-23 15:12:00+00:00,172.3,172.38,172.264,846,172.264,117945,172.322565
2023-10-23 15:13:00+00:00,172.45,172.465,172.29,994,172.305,105825,172.374664
2023-10-23 15:14:00+00:00,172.46,172.51,172.3513,942,172.4414,98798,172.442932
2023-10-23 15:15:00+00:00,172.6201,172.66,172.45,1199,172.47,134921,172.555104
2023-10-23 15:16:00+00:00,172.51,172.63,172.49,1220,172.62,128022,172.572594
2023-10-23 15:17:00+00:00,172.56,172.5963,172.485,857,172.52,85174,172.539203
2023-10-23 15:18:00+00:00,172.642,172.66,172.56,846,172.56,84908,172.613723
2023-10-23 15:19:00+00:00,172.58,172.66,172.5409,732,172.645,92761,172.587798
2023-10-23 15:20:00+00:00,172.695,172.7,172.58,706,172.5813,69680,172.660731
2023-10-23 15:21:00+00:00,172.71,172.75,172.67,1316,172.7,136947,172.708176
2023-10-23 15:22:00+00:00,172.7099,172.84,172.65,1541,172.71,137942,172.74689
2023-10-23 15:23:00+00:00,172.7875,172.79,172.61,1330,172.7083,122120,172.707959
2023-10-23 15:24:00+00:00,172.8629,172.88,172.71,1742,172.79,155401,172.812994
2023-10-23 15:25:00+00:00,172.83,172.905,172.8,1539,172.865,138645,172.86099
2023-10-23 15:26:00+00:00,172.855,172.89,172.81,652,172.83,53225,172.853711
2023-10-23 15:27:00+00:00,172.895,172.905,172.81,1113,172.86,86405,172.844282
2023-10-23 15:28:00+00:00,172.8623,172.9103,172.81,958,172.89,96236,172.859759
2023-10-23 15:29:00+00:00,172.81,172.895,172.79,709,172.875,57270,172.834457
2023-10-23 15:30:00+00:00,172.77,172.84,172.73,780,172.81,65381,172.787797
2023-10-23 15:31:00+00:00,172.6899,172.8,172.66,854,172.775,82714,172.713551
2023-10-23 15:32:00+00:00,172.65,172.74,172.64,703,172.69,72292,172.697324
2023-10-23 15:33:00+00:00,172.7,172.71,172.61,715,172.66,57458,172.651262
2023-10-23 15:34:00+00:00,172.7001,172.75,172.67,802,172.69,96028,172.709475
2023-10-23 15:35:00+00:00,172.71,172.74,172.62,658,172.7049,70403,172.674685
2023-10-23 15:36:00+00:00,172.81,172.88,172.71,1004,172.715,114465,172.814283
2023-10-23 15:37:00+00:00,172.9,172.9047,172.82,918,172.83,104877,172.865512
2023-10-23 15:38:00+00:00,172.91,172.9699,172.83,843,172.8903,98992,172.902125
2023-10-23 15:39:00+00:00,172.9599,172.985,172.88,755,172.9105,73012,172.945579
2023-10-23 15:40:00+00:00,172.87,172.96,172.86,821,172.95,81848,172.90061
2023-10-23 15:41:00+00:00,172.85,172.8899,172.81,672,172.87,64037,172.84369
2023-10-23 15:42:00+00:00,172.78,172.855,172.7651,674,172.85,72286,172.800086
2023-10-23 15:43:00+00:00,172.64,172.7999,172.63,919,172.78,91990,172.728965
2023-10-23 15:44:00+00:00,172.54,172.6599,172.52,1238,172.64,120869,172.589033
2023-10-23 15:45:00+00:00,172.59,172.59,172.45,1256,172.54,122678,172.516348
2023-10-23 15:46:00+00:00,172.67,172.685,172.585,766,172.585,80419,172.642998
2023-10-23 15:47:00+00:00,172.45,172.68,172.41,1139,172.6601,117502,172.525517
2023-10-23 15:48:00+00:00,172.57,172.59,172.43,750,172.45,82463,172.526376
2023-10-23 15:49:00+00:00,172.5028,172.58,172.45,888,172.57,76205,172.503404
2023-10-23 15:50:00+00:00,172.49,172.51,172.42,781,172.5,72466,172.474269
2023-10-23 15:51:00+00:00,172.535,172.58,172.48,851,172.4801,71724,172.541695
2023-10-23 15:52:00+00:00,172.45,172.59,172.4327,836,172.535,82174,172.506555
2023-10-23 15:53:00+00:00,172.49,172.55,172.45,731,172.46,59889,172.502712
2023-10-23 15:54:00+00:00,172.45,172.51,172.41,824,172.48,73369,172.452781
2023-10-23 15:55:00+00:00,172.45,172.49,172.42,749,172.45,68928,172.448149
2023-10-23 15:56:00+00:00,172.54,172.61,172.43,939,172.44,99432,172.521585
2023-10-23 15:57:00+00:00,172.5286,172.5692,172.47,791,172.56,120503,172.505504
2023-10-23 15:58:00+00:00,172.535,172.54,172.45,754,172.525,113693,172.486947
2023-10-23 15:59:00+00:00,172.58,172.63,172.52,800,172.5389,75785,172.582722
2023-10-23 16:00:00+00:00,172.58,172.61,172.48,851,172.6,82239,172.558998
2023-10-23 16:01:00+00:00,172.57,172.62,172.56,579,172.57,51997,172.590778
2023-10-23 16:02:00+00:00,172.52,172.625,172.51,590,172.57,81551,172.567828
2023-10-23 16:03:00+00:00,172.43,172.5101,172.37,1070,172.5101,92827,172.431404
2023-10-23 16:04:00+00:00,172.365,172.4899,172.34,1065,172.43,99478,172.395681
2023-10-23 16:05:00+00:00,172.4,172.445,172.3301,900,172.36,83116,172.382813
2023-10-23 16:06:00+00:00,172.6471,172.65,172.4,972,172.4,123813,172.564134
2023-10-23 16:07:00+00:00,172.69,172.73,172.62,876,172.65,108548,172.682794
2023-10-23 16:08:00+00:00,172.67,172.72,172.62,632,172.68,80163,172.682313
2023-10-23 16:09:00+00:00,172.63,172.7112,172.61,873,172.664,76141,172.655186
2023-10-23 16:10:00+00:00,172.72,172.73,172.5651,826,172.6202,74657,172.637676
2023-10-23 16:11:00+00:00,172.5701,172.73,172.525,638,172.71,62532,172.629427
2023-10-23 16:12:00+00:00,172.56,172.6146,172.5578,520,172.57,44767,172.584649
2023-10-23 16:13:00+00:00,172.49,172.57,172.44,880,172.57,100505,172.501418
2023-10-23 16:14:00+00:00,172.5899,172.605,172.48,539,172.51,52305,172.547695
2023-10-23 16:15:00+00:00,172.6868,172.6868,172.53,589,172.5708,71899,172.586887
2023-10-23 16:16:00+00:00,172.72,172.74,172.674,635,172.69,571593,172.691965
2023-10-23 16:17:00+00:00,172.69,172.73,172.61,730,172.7201,67951,172.680255
2023-10-23 16:18:00+00:00,172.66,172.7464,172.64,575,172.6945,49882,172.701326
2023-10-23 16:19:00+00:00,172.4009,172.66,172.4009,1102,172.66,87767,172.543456
2023-10-23 16:20:00+00:00,172.31,172.42,172.28,1184,172.41,120780,172.343647
2023-10-23 16:21:00+00:00,172.3289,172.4,172.32,779,172.32,73918,172.362584
2023-10-23 16:22:00+00:00,172.47,172.48,172.31,1301,172.33,123341,172.403117
2023-10-23 16:23:00+00:00,172.57,172.58,172.4302,744,172.47,83097,172.509792
2023-10-23 16:24:00+00:00,172.66,172.68,172.54,663,172.57,74716,172.618974
2023-10-23 16:25:00+00:00,172.66,172.68,172.63,606,172.66,50898,172.656936
2023-10-23 16:26:00+00:00,172.74,172.74,172.64,500,172.655,45002,172.698498
2023-10-23 16:27:00+00:00,172.8,172.8399,172.7,918,172.74,94418,172.755928
2023-10-23 16:28:00+00:00,172.84,172.85,172.78,949,172.79,143454,172.820436
2023-10-23 16:29:00+00:00,172.84,172.9,172.8,759,172.8395,110146,172.854614
2023-10-23 16:30:00+00:00,172.76,172.9,172.75,978,172.86,113541,172.81713
2023-10-23 16:31:00+00:00,172.84,172.85,172.7408,702,172.765,111099,172.788658
2023-10-23 16:32:00+00:00,172.74,172.835,172.7,955,172.835,94451,172.751372
2023-10-23 16:33:00+00:00,172.8799,172.8799,172.7,768,172.7499,71337,172.772982
2023-10-23 16:34:00+00:00,172.7,172.8799,172.65,655,172.8799,60300,172.74921
2023-10-23 16:35:00+00:00,172.705,172.72,172.64,683,172.7,77717,172.681793
2023-10-23 16:36:00+00:00,172.8,172.8,172.71,516,172.71,57178,172.761399
2023-10-23 16:37:00+00:00,172.8,172.845,172.7701,627,172.8,56983,172.803021
2023-10-23 16:38:00+00:00,172.865,172.88,172.79,898,172.8,94172,172.817154
2023-10-23 16:39:00+00:00,172.875,172.9,172.83,607,172.85,49568,172.868482
2023-10-23 16:40:00+00:00,172.7801,172.88,172.77,810,172.87,81760,172.834146
2023-10-23 16:41:00+00:00,172.76,172.81,172.75,566,172.78,41747,172.779504
2023-10-23 16:42:00+00:00,172.78,172.8,172.7,618,172.75,47445,172.756391
2023-10-23 16:43:00+00:00,172.75,172.79,172.74,461,172.78,32352,172.769059
2023-10-23 16:44:00+00:00,172.739,172.77,172.69,632,172.74,54708,172.726109
2023-10-23 16:45:00+00:00,172.8,172.84,172.73,733,172.73,66412,172.79587
2023-10-23 16:46:00+00:00,172.85,172.85,172.795,447,172.8,25287,172.820637
2023-10-23 16:47:00+00:00,172.83,172.87,172.81,550,172.85,49646,172.830653
2023-10-23 16:48:00+00:00,172.8601,172.87,172.815,632,172.83,40468,172.846838
2023-10-23 16:49:00+00:00,172.825,172.855,172.8,464,172.855,29611,172.823797
2023-10-23 16:50:00+00:00,172.8999,172.9,172.825,767,172.83,62087,172.860926
2023-10-23 16:51:00+00:00,172.9104,172.9399,172.875,646,172.897,50381,172.909723
2023-10-23 16:52:00+00:00,172.92,172.95,172.9,852,172.92,73890,172.934165
2023-10-23 16:53:00+00:00,172.925,172.95,172.87,630,172.91,47233,172.912498
2023-10-23 16:54:00+00:00,173.02,173.06,172.92,1833,172.9201,181577,172.995135
2023-10-23 16:55:00+00:00,173.135,173.21,173.025,1541,173.035,193964,173.125776
2023-10-23 16:56:00+00:00,173.22,173.23,173.1,967,173.14,117003,173.154516
2023-10-23 16:57:00+00:00,173.3301,173.35,173.21,1444,173.21,176750,173.292679
2023-10-23 16:58:00+00:00,173.39,173.415,173.33,991,173.34,108398,173.365259
2023-10-23 16:59:00+00:00,173.6,173.62,173.38,1186,173.39,110557,173.475558
2023-10-23 17:00:00+00:00,173.5599,173.64,173.48,1171,173.61,132491,173.552448
2023-10-23 17:01:00+00:00,173.465,173.56,173.44,672,173.56,65241,173.489179
2023-10-23 17:02:00+00:00,173.44,173.5203,173.44,745,173.46,79312,173.481248
2023-10-23 17:03:00+00:00,173.35,173.46,173.33,785,173.4549,76258,173.395229
2023-10-23 17:04:00+00:00,173.42,173.42,173.3,630,173.35,52017,173.355011
2023-10-23 17:05:00+00:00,173.47,173.485,173.39,700,173.415,74665,173.448237
2023-10-23 17:06:00+00:00,173.45,173.49,173.4401,610,173.475,42212,173.462147
2023-10-23 17:07:00+00:00,173.5201,173.54,173.45,793,173.46,65359,173.491504
2023-10-23 17:08:00+00:00,173.58,173.599,173.515,668,173.52,81849,173.561687
2023-10-23 17:09:00+00:00,173.515,173.595,173.5,681,173.5775,62243,173.534624
2023-10-23 17:10:00+00:00,173.48,173.54,173.4515,602,173.5,71225,173.502655
2023-10-23 17:11:00+00:00,173.31,173.48,173.22,1313,173.48,157463,173.302896
2023-10-23 17:12:00+00:00,173.34,173.4,173.31,806,173.31,103970,173.353377
2023-10-23 17:13:00+00:00,173.36,173.39,173.27,599,173.3399,100243,173.328318
2023-10-23 17:14:00+00:00,173.37,173.38,173.32,529,173.355,50111,173.34697
2023-10-23 17:15:00+00:00,173.365,173.365,173.3002,512,173.365,41721,173.338027
2023-10-23 17:16:00+00:00,173.32,173.3999,173.29,680,173.3699,81174,173.342203
2023-10-23 17:17:00+00:00,173.2602,173.315,173.19,796,173.315,58467,173.258502
2023-10-23 17:18:00+00:00,173.246,173.3255,173.22,746,173.265,57689,173.279384
2023-10-23 17:19:00+00:00,173.1689,173.26,173.12,931,173.24,126441,173.193204
2023-10-23 17:20:00+00:00,173.36,173.405,173.1131,976,173.17,94027,173.291112
2023-10-23 17:21:00+00:00,173.37,173.39,173.28,853,173.38,75560,173.336095
2023-10-23 17:22:00+00:00,173.29,173.385,173.29,576,173.37,40647,173.329236
2023-10-23 17:23:00+00:00,173.28,173.32,173.26,658,173.28,57298,173.288018
2023-10-23 17:24:00+00:00,173.34,173.35,173.235,538,173.28,48899,173.302815
2023-10-23 17:25:00+00:00,173.25,173.36,173.2101,519,173.34,41531,173.293863
2023-10-23 17:26:00+00:00,173.285,173.3109,173.22,574,173.27,42010,173.280198
2023-10-23 17:27:00+00:00,173.29,173.3,173.19,631,173.29,44494,173.24432
2023-10-23 17:28:00+00:00,173.26,173.31,173.2,806,173.305,71188,173.246712
2023-10-23 17:29:00+00:00,173.31,173.42,173.265,1205,173.265,124341,173.36434
2023-10-23 17:30:00+00:00,173.235,173.36,173.21,1698,173.31,125180,173.293102
2023-10-23 17:31:00+00:00,173.375,173.41,173.24,870,173.24,56078,173.328588
2023-10-23 17:32:00+00:00,173.42,173.43,173.33,986,173.38,73012,173.376538
2023-10-23 17:33:00+00:00,173.45,173.505,173.42,996,173.43,74686,173.459223
2023-10-23 17:34:00+00:00,173.475,173.55,173.42,831,173.45,58306,173.494994
2023-10-23 17:35:00+00:00,173.52,173.58,173.4601,767,173.48,66673,173.511167
2023-10-23 17:36:00+00:00,173.49,173.52,173.46,659,173.5,51351,173.482512
2023-10-23 17:37:00+00:00,173.44,173.5199,173.4,569,173.51,49296,173.451453
2023-10-23 17:38:00+00:00,173.49,173.5002,173.42,619,173.45,53728,173.478515
2023-10-23 17:39:00+00:00,173.5,173.52,173.44,664,173.48,52317,173.482685
2023-10-23 17:40:00+00:00,173.55,173.6,173.495,1603,173.5,164986,173.546071
2023-10-23 17:41:00+00:00,173.665,173.675,173.54,769,173.54,65269,173.610378
2023-10-23 17:42:00+00:00,173.73,173.74,173.601,756,173.67,70127,173.678564
2023-10-23 17:43:00+00:00,173.8,173.84,173.69,1161,173.75,128063,173.757815
2023-10-23 17:44:00+00:00,173.75,173.84,173.7201,861,173.81,88760,173.779541
2023-10-23 17:45:00+00:00,173.68,173.78,173.65,739,173.755,71956,173.704496
2023-10-23 17:46:00+00:00,173.785,173.79,173.684,1021,173.684,91164,173.750097
2023-10-23 17:47:00+00:00,173.88,173.88,173.74,1011,173.785,105890,173.814916
2023-10-23 17:48:00+00:00,174.0,174.0,173.86,1549,173.88,187864,173.91956
2023-10-23 17:49:00+00:00,173.91,174.01,173.88,1200,173.991,173335,173.965941
2023-10-23 17:50:00+00:00,173.81,173.97,173.78,757,173.92,89001,173.878457
2023-10-23 17:51:00+00:00,173.8101,173.88,173.8,580,173.8131,61854,173.847145
2023-10-23 17:52:00+00:00,173.9115,173.9115,173.8,630,173.82,58452,173.85192
2023-10-23 17:53:00+00:00,173.88,173.91,173.81,608,173.91,46232,173.863776
2023-10-23 17:54:00+00:00,173.81,173.9,173.81,585,173.9,53334,173.854885
2023-10-23 17:55:00+00:00,173.715,173.8,173.69,1230,173.8,117306,173.704357
2023-10-23 17:56:00+00:00,173.665,173.74,173.63,1186,173.715,117146,173.694876
2023-10-23 17:57:00+00:00,173.525,173.69,173.52,929,173.665,96700,173.601503
2023-10-23 17:58:00+00:00,173.454,173.535,173.375,1173,173.525,124070,173.463109
2023-10-23 17:59:00+00:00,173.521,173.54,173.45,581,173.4509,70220,173.505729
2023-10-23 18:00:00+00:00,173.43,173.52,173.35,1184,173.52,106659,173.407004
2023-10-23 18:01:00+00:00,173.395,173.5,173.33,1165,173.43,107755,173.389135
2023-10-23 18:02:00+00:00,173.4,173.475,173.4,591,173.4,58964,173.442262
2023-10-23 18:03:00+00:00,173.54,173.5699,173.39,733,173.39,92189,173.491187
2023-10-23 18:04:00+00:00,173.605,173.61,173.52,601,173.55,39492,173.559458
2023-10-23 18:05:00+00:00,173.63,173.68,173.59,708,173.61,59586,173.621664
2023-10-23 18:06:00+00:00,173.8003,173.81,173.62,796,173.65,94783,173.7203
2023-10-23 18:07:00+00:00,173.75,173.8129,173.7161,595,173.8,81789,173.761625
2023-10-23 18:08:00+00:00,173.69,173.7822,173.69,537,173.745,46201,173.737043
2023-10-23 18:09:00+00:00,173.76,173.8,173.69,507,173.6901,42679,173.755464
2023-10-23 18:10:00+00:00,173.6,173.78,173.6,804,173.75,79711,173.690538
2023-10-23 18:11:00+00:00,173.4702,173.62,173.45,1119,173.5999,104909,173.511459
2023-10-23 18:12:00+00:00,173.46,173.51,173.39,904,173.47,100546,173.454862
2023-10-23 18:13:00+00:00,173.5299,173.53,173.42,545,173.455,57833,173.485624
2023-10-23 18:14:00+00:00,173.5,173.53,173.4601,510,173.53,51927,173.501102
2023-10-23 18:15:00+00:00,173.45,173.56,173.42,725,173.5,63123,173.472145
2023-10-23 18:16:00+00:00,173.42,173.55,173.38,640,173.46,67501,173.457505
2023-10-23 18:17:00+00:00,173.43,173.47,173.41,600,173.43,47122,173.435978
2023-10-23 18:18:00+00:00,173.322,173.4269,173.32,908,173.425,76168,173.368045
2023-10-23 18:19:00+00:00,173.29,173.36,173.21,1062,173.33,102156,173.286232
2023-10-23 18:20:00+00:00,173.31,173.32,173.139,1181,173.31,117146,173.235237
2023-10-23 18:21:00+00:00,173.4,173.47,173.3082,1095,173.32,100858,173.37908
2023-10-23 18:22:00+00:00,173.4212,173.43,173.37,543,173.4,59421,173.404416
2023-10-23 18:23:00+00:00,173.38,173.45,173.36,501,173.4277,56537,173.402694
2023-10-23 18:24:00+00:00,173.4202,173.455,173.375,698,173.385,63291,173.418475
2023-10-23 18:25:00+00:00,173.4999,173.5,173.37,700,173.42,68810,173.435081
2023-10-23 18:26:00+00:00,173.54,173.56,173.49,658,173.4977,76339,173.521929
2023-10-23 18:27:00+00:00,173.45,173.545,173.415,701,173.53,71212,173.481132
2023-10-23 18:28:00+00:00,173.38,173.44,173.36,591,173.44,57990,173.39253
2023-10-23 18:29:00+00:00,173.38,173.45,173.37,609,173.385,54484,173.401133
2023-10-23 18:30:00+00:00,173.49,173.4953,173.34,776,173.39,66955,173.408646
2023-10-23 18:31:00+00:00,173.36,173.48,173.26,908,173.48,83185,173.32401
2023-10-23 18:32:00+00:00,173.36,173.385,173.315,630,173.36,41222,173.350958
2023-10-23 18:33:00+00:00,173.31,173.39,173.3,521,173.37,35864,173.331742
2023-10-23 18:34:00+00:00,173.24,173.33,173.22,796,173.32,80176,173.282419
2023-10-23 18:35:00+00:00,173.34,173.34,173.21,780,173.245,69848,173.261181
2023-10-23 18:36:00+00:00,173.42,173.4306,173.305,929,173.34,72929,173.365395
2023-10-23 18:37:00+00:00,173.4602,173.4777,173.37,678,173.42,71336,173.429818
2023-10-23 18:38:00+00:00,173.43,173.4693,173.37,609,173.46,57268,173.425406
2023-10-23 18:39:00+00:00,173.4275,173.43,173.36,549,173.43,57907,173.399952
2023-10-23 18:40:00+00:00,173.565,173.57,173.43,1124,173.43,127991,173.508163
2023-10-23 18:41:00+00:00,173.51,173.58,173.485,1269,173.56,124323,173.532112
2023-10-23 18:42:00+00:00,173.49,173.52,173.44,585,173.515,45957,173.483829
2023-10-23 18:43:00+00:00,173.28,173.51,173.25,1076,173.49,118635,173.325127
2023-10-23 18:44:00+00:00,173.33,173.35,173.2319,870,173.29,98143,173.296236
2023-10-23 18:45:00+00:00,173.45,173.5,173.24,800,173.33,84170,173.383421
2023-10-23 18:46:00+00:00,173.505,173.52,173.44,612,173.46,63930,173.482529
2023-10-23 18:47:00+00:00,173.565,173.5699,173.505,705,173.505,76685,173.5438
2023-10-23 18:48:00+00:00,173.56,173.62,173.54,758,173.57,75190,173.57523
2023-10-23 18:49:00+00:00,173.49,173.57,173.46,583,173.55,52568,173.513993
2023-10-23 18:50:00+00:00,173.4674,173.52,173.405,680,173.49,49502,173.465481
2023-10-23 18:51:00+00:00,173.45,173.47,173.37,688,173.46,57522,173.414571
2023-10-23 18:52:00+00:00,173.2947,173.49,173.2601,830,173.45,78919,173.392029
2023-10-23 18:53:00+00:00,173.385,173.385,173.275,806,173.28,63398,173.31164
2023-10-23 18:54:00+00:00,173.45,173.45,173.35,773,173.39,56869,173.401522
2023-10-23 18:55:00+00:00,173.31,173.51,173.3,939,173.45,90279,173.439254
2023-10-23 18:56:00+00:00,173.335,173.36,173.27,913,173.32,85107,173.32531
2023-10-23 18:57:00+00:00,173.35,173.4027,173.33,638,173.335,43383,173.364363
2023-10-23 18:58:00+00:00,173.36,173.4,173.275,761,173.38,60267,173.353782
2023-10-23 18:59:00+00:00,173.5,173.515,173.36,783,173.36,71189,173.456779
2023-10-23 19:00:00+00:00,173.58,173.61,173.46,1005,173.5,80734,173.543818
2023-10-23 19:01:00+00:00,173.57,173.65,173.51,981,173.575,106524,173.574974
2023-10-23 19:02:00+00:00,173.63,173.63,173.4279,944,173.575,89682,173.528332
2023-10-23 19:03:00+00:00,173.58,173.69,173.57,803,173.62,108467,173.640558
2023-10-23 19:04:00+00:00,173.6799,173.69,173.6,556,173.61,45291,173.651606
2023-10-23 19:05:00+00:00,173.6582,173.725,173.64,777,173.68,61172,173.677605
2023-10-23 19:06:00+00:00,173.615,173.65,173.54,880,173.6401,88462,173.609084
2023-10-23 19:07:00+00:00,173.6286,173.71,173.6,805,173.615,73046,173.648084
2023-10-23 19:08:00+00:00,173.54,173.635,173.52,766,173.63,71374,173.573041
2023-10-23 19:09:00+00:00,173.6323,173.6601,173.54,674,173.545,55892,173.601241
2023-10-23 19:10:00+00:00,173.62,173.65,173.55,662,173.64,54810,173.586
2023-10-23 19:11:00+00:00,173.5,173.64,173.485,966,173.6126,106467,173.550526
2023-10-23 19:12:00+00:00,173.26,173.51,173.21,2344,173.5,212485,173.363979
2023-10-23 19:13:00+00:00,173.31,173.35,173.12,2386,173.27,235513,173.259384
2023-10-23 19:14:00+00:00,173.44,173.48,173.28,1123,173.31,121223,173.41649
2023-10-23 19:15:00+00:00,173.37,173.5,173.34,948,173.45,89843,173.417534
2023-10-23 19:16:00+00:00,173.41,173.47,173.36,996,173.38,89657,173.417873
2023-10-23 19:17:00+00:00,173.46,173.49,173.365,748,173.4,71122,173.411463
2023-10-23 19:18:00+00:00,173.415,173.505,173.3932,914,173.46,128859,173.44068
2023-10-23 19:19:00+00:00,173.511,173.57,173.41,838,173.42,76850,173.4959
2023-10-23 19:20:00+00:00,173.46,173.53,173.37,785,173.52,77220,173.439272
2023-10-23 19:21:00+00:00,173.4602,173.5,173.43,678,173.44,55563,173.465929
2023-10-23 19:22:00+00:00,173.27,173.47,173.24,1185,173.47,160352,173.3579
2023-10-23 19:23:00+00:00,173.19,173.27,173.09,1394,173.27,160870,173.171638
2023-10-23 19:24:00+00:00,173.235,173.299,173.13,886,173.205,107601,173.201239
2023-10-23 19:25:00+00:00,173.28,173.31,173.14,884,173.235,91714,173.229152
2023-10-23 19:26:00+00:00,173.215,173.39,173.2,961,173.27,97288,173.313522
2023-10-23 19:27:00+00:00,173.1301,173.2298,173.085,922,173.205,97235,173.153109
2023-10-23 19:28:00+00:00,173.15,173.17,173.085,897,173.14,88540,173.128326
2023-10-23 19:29:00+00:00,173.133,173.17,173.1,700,173.16,66842,173.138862
2023-10-23 19:30:00+00:00,173.1,173.18,172.96,1775,173.145,166688,173.081021
2023-10-23 19:31:00+00:00,173.11,173.15,172.971,1276,173.095,124820,173.061352
2023-10-23 19:32:00+00:00,173.069,173.13,173.0,971,173.1,88740,173.052685
2023-10-23 19:33:00+00:00,173.09,173.135,173.05,848,173.08,77654,173.093707
2023-10-23 19:34:00+00:00,173.09,173.11,173.015,822,173.081,89274,173.06241
2023-10-23 19:35:00+00:00,173.04,173.115,173.0,1040,173.0979,108221,173.062275
2023-10-23 19:36:00+00:00,172.94,173.05,172.93,984,173.03,85482,172.987296
2023-10-23 19:37:00+00:00,172.97,173.0,172.815,1829,172.93,165970,172.922229
2023-10-23 19:38:00+00:00,172.9,172.96,172.89,822,172.96,72968,172.922298
2023-10-23 19:39:00+00:00,172.94,172.98,172.875,948,172.9,91341,172.939762
2023-10-23 19:40:00+00:00,173.055,173.21,172.92,2585,172.94,227612,173.083385
2023-10-23 19:41:00+00:00,173.0599,173.105,172.97,1065,173.06,82745,173.041753
2023-10-23 19:42:00+00:00,172.9603,173.09,172.9603,1013,173.04,76990,173.048079
2023-10-23 19:43:00+00:00,173.03,173.11,172.96,1344,172.97,116886,173.038306
2023-10-23 19:44:00+00:00,172.98,173.055,172.975,1271,173.03,99133,173.006127
2023-10-23 19:45:00+00:00,173.15,173.16,172.91,1693,172.98,144616,173.03523
2023-10-23 19:46:00+00:00,173.055,173.16,173.04,1201,173.145,101404,173.117057
2023-10-23 19:47:00+00:00,173.15,173.26,172.89,2396,173.0599,203161,173.097408
2023-10-23 19:48:00+00:00,173.17,173.195,172.94,1987,173.15,177778,173.107649
2023-10-23 19:49:00+00:00,173.19,173.19,173.05,1117,173.17,86860,173.102424
2023-10-23 19:50:00+00:00,173.0,173.19,172.95,2948,173.19,249531,173.059173
2023-10-23 19:51:00+00:00,172.95,173.01,172.91,1516,172.995,112898,172.951707
2023-10-23 19:52:00+00:00,172.94,173.02,172.915,1499,172.945,114482,172.960921
2023-10-23 19:53:00+00:00,172.86,172.97,172.84,1895,172.9301,186401,172.904657
2023-10-23 19:54:00+00:00,172.92,172.98,172.85,2061,172.87,202371,172.916777
2023-10-23 19:55:00+00:00,172.855,173.15,172.85,3129,172.92,327349,172.973735
2023-10-23 19:56:00+00:00,172.78,172.93,172.72,2440,172.86,206969,172.827811
2023-10-23 19:57:00+00:00,172.8185,172.86,172.76,2543,172.775,237080,172.80799
2023-10-23 19:58:00+00:00,172.825,172.92,172.79,3233,172.815,363079,172.859327
2023-10-23 19:59:00+00:00,172.96,173.14,172.82,5802,172.82,848500,173.012884
2023-10-23 20:00:00+00:00,172.81,173.12,172.78,332,173.12,5575346,172.999089
2023-10-23 20:01:00+00:00,172.87,172.9543,172.8,223,172.84,1370428,172.998051
2023-10-23 20:02:00+00:00,172.94,172.98,172.86,70,172.88,9915,172.915899
2023-10-23 20:03:00+00:00,172.89,172.98,172.88,43,172.95,10639,172.982581
2023-10-23 20:04:00+00:00,173.0,173.0,172.93,79,172.93,5538,172.973971
2023-10-23 20:05:00+00:00,173.0,173.01,172.96,46,173.0,25300,172.998558
2023-10-23 20:06:00+00:00,173.0,173.01,172.96,70,173.01,23773,172.998972
2023-10-23 20:07:00+00:00,172.97,173.01,172.96,87,172.96,5595,172.99311
2023-10-23 20:08:00+00:00,172.93,173.05,172.91,161,173.0,16475,172.994946
2023-10-23 20:09:00+00:00,173.01,173.02,172.96,72,172.96,6038,172.996315
2023-10-23 20:10:00+00:00,173.0,173.01,172.96,29,173.01,3396,172.991639
2023-10-23 20:11:00+00:00,172.96,173.01,172.96,55,172.97,3666,172.987615
2023-10-23 20:12:00+00:00,173.0,173.0,172.97,26,172.98,1584,172.986484
2023-10-23 20:13:00+00:00,172.99,173.0,172.98,23,173.0,2261,172.989819
2023-10-23 20:14:00+00:00,172.96,173.005,172.96,37,173.005,2519,172.989198
2023-10-23 20:15:00+00:00,172.96,172.9602,172.96,19,172.9602,1775,172.960983
2023-10-23 20:16:00+00:00,173.0,173.01,172.98,43,172.98,4803,172.993751
2023-10-23 20:17:00+00:00,173.005,173.01,173.0,53,173.0,5389,173.00179
2023-10-23 20:18:00+00:00,172.99,173.01,172.99,69,173.005,4863,173.000947
2023-10-23 20:19:00+00:00,172.98,172.98,172.98,23,172.98,606,172.988894
2023-10-23 20:20:00+00:00,172.97,172.9993,172.97,18,172.9993,670,172.985097
2023-10-23 20:22:00+00:00,172.96,172.99,172.96,22,172.99,1575,172.987114
2023-10-23 20:24:00+00:00,172.94,172.97,172.94,38,172.97,1819,172.954244
2023-10-23 20:25:00+00:00,172.95,172.95,172.95,8,172.95,387,172.955749
2023-10-23 20:26:00+00:00,172.95,172.95,172.95,14,172.95,192,172.954542
2023-10-23 20:27:00+00:00,172.96,172.96,172.96,25,172.96,1358,172.957658
2023-10-23 20:29:00+00:00,172.96,172.96,172.94,17,172.94,713,172.952146
2023-10-23 20:31:00+00:00,172.96,172.98,172.95,38,172.95,2292,172.957165
2023-10-23 20:32:00+00:00,172.96,172.96,172.96,27,172.96,896,172.957744
2023-10-23 20:33:00+00:00,173.02,173.02,172.96,75,172.96,9298,172.994303
2023-10-23 20:34:00+00:00,173.08,173.09,173.04,33,173.04,1396,173.065934
2023-10-23 20:35:00+00:00,173.06,173.06,173.06,9,173.06,922,173.059718
2023-10-23 20:36:00+00:00,173.11,173.11,173.11,5,173.11,228,173.104079
2023-10-23 20:38:00+00:00,173.12,173.12,173.09,9,173.09,733,173.102524
2023-10-23 20:39:00+00:00,173.14,173.14,173.12,9,173.12,1069,173.122909
2023-10-23 20:40:00+00:00,173.06,173.12,173.06,49,173.12,2112,173.111906
2023-10-23 20:41:00+00:00,173.1676,173.1676,173.12,23,173.12,1479,173.144414
2023-10-23 20:42:00+00:00,173.17,173.17,173.17,25,173.17,42439,173.002322
2023-10-23 20:43:00+00:00,173.2,173.2,173.18,24,173.18,1870,173.18677
2023-10-23 20:44:00+00:00,173.19,173.2,173.19,25,173.19,742,173.197095
2023-10-23 20:45:00+00:00,173.09,173.2,173.09,45,173.2,1907,173.155456
2023-10-23 20:46:00+00:00,173.18,173.18,173.18,11,173.18,229,173.173231
2023-10-23 20:47:00+00:00,173.13,173.23,173.12,78,173.19,6726,173.187346
2023-10-23 20:48:00+00:00,173.12,173.12,173.12,22,173.12,540,173.122787
2023-10-23 20:50:00+00:00,173.19,173.2,173.0,51,173.0,7029,173.074385
2023-10-23 20:51:00+00:00,173.17,173.17,173.17,20,173.17,271,173.171015
2023-10-23 20:52:00+00:00,173.2185,173.2185,173.1615,12,173.1615,467454,173.000142
2023-10-23 20:54:00+00:00,173.02,173.16,172.86,108,173.16,7639,173.041206
2023-10-23 20:55:00+00:00,173.02,173.03,173.02,19,173.02,58090,173.00015
2023-10-23 20:56:00+00:00,173.03,173.03,173.02,22,173.02,1024,173.025547
2023-10-23 20:58:00+00:00,173.02,173.03,173.02,11,173.03,516,173.024593
2023-10-23 20:59:00+00:00,173.01,173.01,173.01,13,173.01,588,173.017058
2023-10-23 21:00:00+00:00,173.02,173.02,173.02,17,173.02,700,173.025194
2023-10-23 21:01:00+00:00,173.02,173.04,173.01,28,173.04,1471,173.022091
2023-10-23 21:02:00+00:00,173.0264,173.0264,173.0264,21,173.0264,204,173.021267
2023-10-23 21:03:00+00:00,173.02,173.02,173.02,30,173.02,526,173.014591
2023-10-23 21:04:00+00:00,173.01,173.01,173.0,30,173.0,1213,173.001962
2023-10-23 21:07:00+00:00,172.97,173.0,172.9,105,173.0,21754,172.931977
2023-10-23 21:08:00+00:00,172.94,172.94,172.9,20,172.91,860,172.912855
2023-10-23 21:09:00+00:00,172.97,172.97,172.88,43,172.89,2092,172.907794
2023-10-23 21:10:00+00:00,173.0,173.01,172.99,26,172.99,1132,172.997239
2023-10-23 21:12:00+00:00,172.9308,172.9308,172.9308,13,172.9308,127,172.934488
2023-10-23 21:13:00+00:00,172.93,172.97,172.93,49,172.93,3081,172.939869
2023-10-23 21:14:00+00:00,172.85,172.93,172.85,113,172.92,8267,172.858346
2023-10-23 21:15:00+00:00,172.85,172.85,172.85,24,172.85,622,172.852669
2023-10-23 21:16:00+00:00,172.85,172.85,172.85,20,172.85,318,172.850236
2023-10-23 21:17:00+00:00,172.84,172.85,172.84,20,172.85,848,172.852264
2023-10-23 21:18:00+00:00,172.84,172.84,172.84,24,172.84,436,172.84305
2023-10-23 21:19:00+00:00,172.85,172.85,172.85,16,172.85,247,172.85286
2023-10-23 21:21:00+00:00,172.8,172.82,172.8,51,172.82,1270,172.807559
2023-10-23 21:22:00+00:00,172.78,172.79,172.78,15,172.78,820,172.780091
2023-10-23 21:23:00+00:00,172.8,172.8,172.8,14,172.8,347,172.793646
2023-10-23 21:24:00+00:00,172.83,172.83,172.79,22,172.8,1323,172.810802
2023-10-23 21:25:00+00:00,172.8,172.83,172.76,13,172.83,319,172.796249
2023-10-23 21:26:00+00:00,172.8,172.8,172.8,29,172.8,705,172.820936
2023-10-23 21:28:00+00:00,172.85,172.85,172.85,14,172.85,1907,172.849685
2023-10-23 21:29:00+00:00,172.85,172.85,172.85,13,172.85,887,172.850857
2023-10-23 21:30:00+00:00,172.8011,172.8011,172.8011,10,172.8011,117,172.809358
2023-10-23 21:32:00+00:00,172.85,172.85,172.85,6,172.85,309,172.849935
2023-10-23 21:33:00+00:00,172.86,172.86,172.86,15,172.86,226,172.858208
2023-10-23 21:38:00+00:00,172.85,172.99,172.85,18,172.99,651,172.948464
2023-10-23 21:40:00+00:00,172.85,172.85,172.85,17,172.85,249,172.840984
2023-10-23 21:46:00+00:00,172.86,172.86,172.86,10,172.86,207,172.857101
2023-10-23 21:47:00+00:00,172.95,172.95,172.85,9,172.85,10243,172.948549
2023-10-23 21:48:00+00:00,172.85,172.85,172.85,15,172.85,255,172.849902
2023-10-23 21:49:00+00:00,172.8205,172.8205,172.8205,14,172.8205,535,172.822187
2023-10-23 21:50:00+00:00,172.85,172.85,172.85,16,172.85,1233,172.849582
2023-10-23 21:53:00+00:00,172.85,172.85,172.85,14,172.85,520,172.850663
2023-10-23 21:54:00+00:00,172.82,172.85,172.82,29,172.85,904,172.830725
2023-10-23 21:55:00+00:00,172.85,172.85,172.85,21,172.85,358,172.848366
2023-10-23 21:56:00+00:00,172.9349,172.9349,172.9349,10,172.9349,518,172.932635
2023-10-23 21:59:00+00:00,172.95,172.95,172.85,26,172.85,745,172.867477
2023-10-23 22:00:00+00:00,172.85,172.96,172.85,34,172.95,1541,172.908034
2023-10-23 22:01:00+00:00,172.83,172.83,172.83,15,172.83,529,172.837826
2023-10-23 22:02:00+00:00,172.85,172.85,172.85,15,172.85,610,172.84441
2023-10-23 22:03:00+00:00,172.84,172.84,172.8,57,172.82,1663,172.820776
2023-10-23 22:05:00+00:00,172.71,172.7137,172.71,6,172.7137,1125,172.713618
2023-10-23 22:07:00+00:00,172.8,172.8,172.8,14,172.8,591,172.765144
2023-10-23 22:09:00+00:00,172.73,172.73,172.73,13,172.73,1060,172.731542
2023-10-23 22:14:00+00:00,172.75,172.75,172.75,14,172.75,3017,172.750098
2023-10-23 22:16:00+00:00,172.8,172.8,172.8,11,172.8,2029,172.798926
2023-10-23 22:17:00+00:00,172.8,172.8,172.8,8,172.8,605,172.799893
2023-10-23 22:19:00+00:00,172.8193,172.8193,172.8193,11,172.8193,1262,172.818489
2023-10-23 22:21:00+00:00,172.82,172.82,172.82,14,172.82,666,172.820781
2023-10-23 22:22:00+00:00,172.82,172.82,172.82,15,172.82,248,172.811109
2023-10-23 22:23:00+00:00,172.82,172.82,172.82,9,172.82,171,172.814737
2023-10-23 22:25:00+00:00,172.82,172.83,172.82,10,172.83,615,172.824707
2023-10-23 22:28:00+00:00,172.77,172.77,172.77,10,172.77,197,172.780482
2023-10-23 22:30:00+00:00,172.83,172.83,172.83,7,172.83,224,172.829531
2023-10-23 22:32:00+00:00,172.84,172.84,172.84,14,172.84,549,172.847887
2023-10-23 22:36:00+00:00,172.85,172.85,172.85,12,172.85,529,172.849187
2023-10-23 22:41:00+00:00,172.84,172.84,172.84,22,172.84,430,172.841337
2023-10-23 22:45:00+00:00,172.85,172.85,172.85,39,172.85,2259,172.84994
2023-10-23 22:48:00+00:00,172.85,172.85,172.85,30,172.85,756,172.849008
2023-10-23 22:52:00+00:00,172.8,172.8033,172.8,28,172.8,456,172.804496
2023-10-23 22:53:00+00:00,172.8,172.8013,172.8,27,172.8013,489,172.810501
2023-10-23 22:54:00+00:00,172.94,172.94,172.85,15,172.85,1541,172.916804
2023-10-23 22:56:00+00:00,172.94,172.94,172.94,11,172.94,1820,172.938835
2023-10-23 23:04:00+00:00,172.9,172.9,172.8,35,172.85,1148,172.852166
2023-10-23 23:08:00+00:00,172.7,172.97,172.7,44,172.97,4036,172.751142
2023-10-23 23:15:00+00:00,172.78,172.78,172.66,17,172.66,531,172.686761
2023-10-23 23:18:00+00:00,172.72,172.75,172.72,22,172.72,2286,172.736885
2023-10-23 23:30:00+00:00,172.75,172.76,172.75,33,172.76,840,172.753167
2023-10-23 23:31:00+00:00,172.79,172.79,172.75,24,172.75,2442,172.764058
2023-10-23 23:34:00+00:00,172.83,172.83,172.83,11,172.83,356,172.827949
2023-10-23 23:35:00+00:00,172.9,172.9,172.85,18,172.85,1293,172.894246
2023-10-23 23:36:00+00:00,172.93,172.93,172.79,11,172.79,2798,172.803317
2023-10-23 23:42:00+00:00,172.84,172.86,172.84,18,172.86,578,172.859152
2023-10-23 23:43:00+00:00,172.89,172.89,172.89,9,172.89,108,172.890463
2023-10-23 23:46:00+00:00,172.98,172.98,172.98,50,172.98,1749,172.957925
2023-10-23 23:48:00+00:00,172.99,172.99,172.99,20,172.99,342,172.983933
2023-10-23 23:49:00+00:00,173.0,173.0,173.0,35,173.0,1007,172.999831
2023-10-23 23:52:00+00:00,173.1,173.1,173.07,27,173.07,992,173.075569
2023-10-23 23:55:00+00:00,173.1,173.14,173.1,11,173.14,412,173.119733
2023-10-23 23:56:00+00:00,173.17,173.17,173.1,14,173.14,3066,173.144974
2023-10-23 23:57:00+00:00,173.2,173.2,173.2,23,173.2,643,173.194565
2023-10-23 23:58:00+00:00,173.21,173.21,173.21,21,173.21,230,173.187935
2023-10-23 23:59:00+00:00,173.23,173.23,173.18,22,173.18,1547,173.194599
