timestamp,close,high,low,trade_count,open,volume,vwap
2023-07-18 08:00:00+00:00,193.8,193.82,193.8,91,193.82,3550,193.8274
2023-07-18 08:01:00+00:00,193.85,193.85,193.85,23,193.85,384,193.858906
2023-07-18 08:02:00+00:00,193.8,193.8,193.8,22,193.8,642,193.811869
2023-07-18 08:03:00+00:00,193.8,193.8,193.8,12,193.8,1090,193.805156
2023-07-18 08:05:00+00:00,193.85,193.85,193.85,10,193.85,230,193.849261
2023-07-18 08:08:00+00:00,193.9,193.9,193.9,4,193.9,121,193.899339
2023-07-18 08:11:00+00:00,193.9,193.9,193.9,20,193.9,1043,193.899981
2023-07-18 08:12:00+00:00,193.9,193.9,193.9,10,193.9,541,193.898909
2023-07-18 08:13:00+00:00,193.9,193.91,193.9,26,193.91,818,193.902971
2023-07-18 08:16:00+00:00,193.9,193.9,193.9,13,193.9,413,193.906877
2023-07-18 08:17:00+00:00,193.9,193.9,193.9,47,193.9,1246,193.885161
2023-07-18 08:22:00+00:00,193.9,193.9,193.9,12,193.9,455,193.90233
2023-07-18 08:27:00+00:00,193.9,193.9,193.9,21,193.9,450,193.887044
2023-07-18 08:32:00+00:00,193.94,193.94,193.91,31,193.91,1935,193.928615
2023-07-18 08:36:00+00:00,193.89,193.89,193.89,21,193.89,657,193.884901
2023-07-18 08:37:00+00:00,193.9,193.9,193.9,11,193.9,855,193.903041
2023-07-18 08:41:00+00:00,193.85,193.87,193.85,11,193.87,455,193.860462
2023-07-18 08:42:00+00:00,193.85,193.85,193.85,7,193.85,263,193.862281
2023-07-18 08:45:00+00:00,193.9,193.9,193.9,4,193.9,501,193.898962
2023-07-18 08:52:00+00:00,193.77,193.77,193.77,50,193.77,1278,193.780595
2023-07-18 08:53:00+00:00,193.77,193.77,193.77,13,193.77,395,193.767139
2023-07-18 08:54:00+00:00,193.73,193.73,193.71,22,193.71,925,193.723124
2023-07-18 09:09:00+00:00,193.77,193.77,193.77,2,193.77,101,193.77
2023-07-18 09:10:00+00:00,193.77,193.77,193.77,16,193.77,320,193.77
2023-07-18 09:11:00+00:00,193.77,193.77,193.77,16,193.77,366,193.77153
2023-07-18 09:17:00+00:00,193.79,193.79,193.79,6,193.79,120,193.79
2023-07-18 09:21:00+00:00,193.81,193.81,193.81,8,193.81,337,193.813591
2023-07-18 09:33:00+00:00,193.74,193.74,193.74,37,193.74,2509,193.741833
2023-07-18 09:34:00+00:00,193.79,193.79,193.74,17,193.74,1531,193.750542
2023-07-18 09:37:00+00:00,193.74,193.75,193.74,14,193.75,507,193.744655
2023-07-18 09:53:00+00:00,193.74,193.75,193.74,26,193.75,500,193.7493
2023-07-18 09:58:00+00:00,193.78,193.78,193.78,6,193.78,173,193.787457
2023-07-18 10:08:00+00:00,193.81,193.81,193.81,15,193.81,622,193.820289
2023-07-18 10:12:00+00:00,193.81,193.81,193.81,6,193.81,509,193.810157
2023-07-18 10:19:00+00:00,193.71,193.71,193.71,4,193.71,200,193.71
2023-07-18 10:38:00+00:00,193.67,193.67,193.67,62,193.67,514,193.685545
2023-07-18 10:39:00+00:00,193.7,193.7,193.67,15,193.67,1700,193.684053
2023-07-18 10:43:00+00:00,193.71,193.71,193.71,12,193.71,466,193.749528
2023-07-18 10:49:00+00:00,193.71,193.71,193.71,29,193.71,1297,193.710401
2023-07-18 10:50:00+00:00,193.71,193.71,193.71,7,193.71,346,193.707659
2023-07-18 10:55:00+00:00,193.76,193.76,193.76,13,193.76,306,193.78281
2023-07-18 10:58:00+00:00,193.81,193.81,193.81,22,193.81,645,193.806248
2023-07-18 11:00:00+00:00,193.85,193.89,193.85,77,193.89,2091,193.880301
2023-07-18 11:01:00+00:00,193.89,193.89,193.87,24,193.87,1290,193.879078
2023-07-18 11:02:00+00:00,193.86,193.92,193.86,30,193.92,766,193.888433
2023-07-18 11:03:00+00:00,193.82,193.84,193.82,17,193.84,1077,193.838347
2023-07-18 11:05:00+00:00,193.82,193.82,193.82,24,193.82,862,193.830441
2023-07-18 11:06:00+00:00,193.82,193.85,193.82,37,193.82,2872,193.828499
2023-07-18 11:07:00+00:00,193.82,193.83,193.82,35,193.83,4389,193.822128
2023-07-18 11:08:00+00:00,193.82,193.82,193.8,25,193.8,1822,193.801899
2023-07-18 11:09:00+00:00,193.77,193.8,193.77,35,193.8,863,193.779884
2023-07-18 11:15:00+00:00,193.75,193.75,193.75,24,193.75,764,193.751623
2023-07-18 11:16:00+00:00,193.78,193.78,193.75,15,193.75,700,193.758814
2023-07-18 11:17:00+00:00,193.85,193.85,193.82,17,193.82,967,193.832771
2023-07-18 11:18:00+00:00,193.81,193.85,193.81,37,193.82,1891,193.830074
2023-07-18 11:19:00+00:00,193.8,193.8,193.8,14,193.8,1117,193.800125
2023-07-18 11:20:00+00:00,193.79,193.8,193.79,17,193.8,1417,193.796295
2023-07-18 11:21:00+00:00,193.75,193.75,193.75,15,193.75,195,193.754103
2023-07-18 11:22:00+00:00,193.75,193.75,193.75,38,193.75,2138,193.747273
2023-07-18 11:23:00+00:00,193.75,193.75,193.75,16,193.75,786,193.75
2023-07-18 11:25:00+00:00,193.75,193.75,193.74,17,193.74,1179,193.741874
2023-07-18 11:26:00+00:00,193.75,193.75,193.75,14,193.75,563,193.752931
2023-07-18 11:27:00+00:00,193.75,193.76,193.75,17,193.75,1296,193.758673
2023-07-18 11:28:00+00:00,193.75,193.75,193.75,2,193.75,209,193.75
2023-07-18 11:30:00+00:00,193.75,193.75,193.75,37,193.75,1890,193.750746
2023-07-18 11:33:00+00:00,193.75,193.75,193.75,14,193.75,480,193.751208
2023-07-18 11:34:00+00:00,193.75,193.75,193.75,11,193.75,828,193.750048
2023-07-18 11:35:00+00:00,193.75,193.75,193.75,17,193.75,2348,193.750779
2023-07-18 11:36:00+00:00,193.72,193.75,193.72,37,193.75,4663,193.73739
2023-07-18 11:37:00+00:00,193.78,193.8,193.78,74,193.78,3324,193.780196
2023-07-18 11:45:00+00:00,193.78,193.78,193.78,27,193.78,922,193.772842
2023-07-18 11:47:00+00:00,193.79,193.79,193.79,11,193.79,690,193.789304
2023-07-18 11:53:00+00:00,193.79,193.79,193.79,7,193.79,207,193.79
2023-07-18 11:54:00+00:00,193.79,193.79,193.79,4,193.79,138,193.788986
2023-07-18 11:58:00+00:00,193.8,193.81,193.8,44,193.81,1196,193.80903
2023-07-18 11:59:00+00:00,193.75,193.78,193.75,48,193.78,1309,193.76984
2023-07-18 12:00:00+00:00,193.82,193.95,193.7103,407,193.82,34991,193.849752
2023-07-18 12:01:00+00:00,194.16,194.35,193.84,1115,193.84,10507,194.028042
2023-07-18 12:02:00+00:00,193.9,194.24,193.82,359,194.11,3863,194.028194
2023-07-18 12:03:00+00:00,193.8215,193.87,193.8215,57,193.8695,859,193.86471
2023-07-18 12:05:00+00:00,193.82,193.85,193.82,25,193.85,665,193.837399
2023-07-18 12:06:00+00:00,193.82,193.83,193.82,37,193.83,1417,193.823529
2023-07-18 12:07:00+00:00,193.82,193.82,193.82,30,193.82,679,193.823748
2023-07-18 12:08:00+00:00,193.87,193.87,193.8685,31,193.8685,578,193.842828
2023-07-18 12:09:00+00:00,193.87,193.87,193.87,24,193.87,615,193.859837
2023-07-18 12:10:00+00:00,193.8499,193.85,193.8499,21,193.85,411,193.847908
2023-07-18 12:12:00+00:00,193.82,193.82,193.82,54,193.82,2062,193.821613
2023-07-18 12:13:00+00:00,193.8,193.82,193.8,33,193.82,1137,193.808607
2023-07-18 12:14:00+00:00,193.7901,193.7901,193.7901,16,193.7901,712,193.792001
2023-07-18 12:15:00+00:00,193.79,193.79,193.79,40,193.79,1527,193.790655
2023-07-18 12:16:00+00:00,193.81,193.81,193.79,48,193.79,1867,193.804127
2023-07-18 12:17:00+00:00,193.83,193.83,193.82,29,193.82,652,193.819793
2023-07-18 12:18:00+00:00,193.84,193.84,193.82,23,193.82,681,193.834107
2023-07-18 12:19:00+00:00,194.01,194.02,193.8,393,193.85,38460,193.955974
2023-07-18 12:20:00+00:00,193.9,193.9,193.83,103,193.83,3600,193.883335
2023-07-18 12:21:00+00:00,193.94,193.94,193.94,22,193.94,367,193.944387
2023-07-18 12:22:00+00:00,193.93,193.94,193.92,34,193.92,2408,193.924169
2023-07-18 12:23:00+00:00,193.92,193.95,193.92,46,193.94,4064,193.938298
2023-07-18 12:24:00+00:00,193.84,193.86,193.81,81,193.84,2435,193.840364
2023-07-18 12:26:00+00:00,193.91,193.93,193.89,38,193.92,1967,193.914565
2023-07-18 12:27:00+00:00,193.89,193.89,193.89,47,193.89,848,193.892416
2023-07-18 12:28:00+00:00,193.91,193.91,193.8434,18,193.8434,508,193.886516
2023-07-18 12:29:00+00:00,193.8,193.84,193.7994,65,193.84,2283,193.831464
2023-07-18 12:30:00+00:00,193.94,193.94,193.78,56,193.82,3334,193.842109
2023-07-18 12:31:00+00:00,193.86,193.9,193.86,89,193.88,8239,193.893739
2023-07-18 12:32:00+00:00,193.74,193.86,193.7,172,193.86,9516,193.765865
2023-07-18 12:33:00+00:00,193.69,193.79,193.69,92,193.75,7314,193.712041
2023-07-18 12:34:00+00:00,193.78,193.78,193.69,131,193.7,8269,193.719643
2023-07-18 12:35:00+00:00,193.6,193.73,193.5701,218,193.73,14021,193.636844
2023-07-18 12:36:00+00:00,193.65,193.65,193.57,131,193.6,14697,193.629887
2023-07-18 12:37:00+00:00,193.6796,193.7,193.6796,50,193.7,1543,193.668803
2023-07-18 12:38:00+00:00,193.75,193.75,193.68,97,193.68,7052,193.694304
2023-07-18 12:39:00+00:00,193.61,193.72,193.61,78,193.72,6932,193.703412
2023-07-18 12:42:00+00:00,193.6,193.6499,193.57,60,193.6499,1426,193.590398
2023-07-18 12:43:00+00:00,193.55,193.6,193.55,75,193.6,6441,193.570731
2023-07-18 12:44:00+00:00,193.45,193.52,193.45,154,193.52,9058,193.493768
2023-07-18 12:45:00+00:00,193.42,193.5,193.42,121,193.47,11536,193.478214
2023-07-18 12:46:00+00:00,193.5,193.5,193.4208,122,193.45,14600,193.483124
2023-07-18 12:47:00+00:00,193.59,193.59,193.56,35,193.56,1153,193.573065
2023-07-18 12:48:00+00:00,193.6,193.63,193.56,80,193.5603,5363,193.587766
2023-07-18 12:49:00+00:00,193.57,193.58,193.53,40,193.53,7031,193.569678
2023-07-18 12:50:00+00:00,193.62,193.62,193.59,58,193.59,1240,193.588475
2023-07-18 12:51:00+00:00,193.71,193.83,193.64,80,193.64,2222,193.700446
2023-07-18 12:52:00+00:00,193.69,193.69,193.68,30,193.68,635,193.687714
2023-07-18 12:53:00+00:00,193.71,193.72,193.65,58,193.71,4357,193.67633
2023-07-18 12:54:00+00:00,193.5618,193.71,193.5618,22,193.71,795,193.647899
2023-07-18 12:55:00+00:00,193.64,193.65,193.64,31,193.65,895,193.645397
2023-07-18 12:56:00+00:00,193.5801,193.64,193.5801,30,193.63,937,193.605098
2023-07-18 12:57:00+00:00,193.5816,193.5816,193.5816,55,193.5816,1090,193.62805
2023-07-18 12:58:00+00:00,193.6793,193.6793,193.59,41,193.59,2723,193.640072
2023-07-18 12:59:00+00:00,193.68,193.68,193.68,28,193.68,226,193.703164
2023-07-18 13:00:00+00:00,193.75,193.75,193.74,49,193.74,2279,193.7412
2023-07-18 13:01:00+00:00,193.71,193.72,193.71,45,193.72,750,193.712864
2023-07-18 13:02:00+00:00,193.61,193.66,193.59,99,193.66,4460,193.620311
2023-07-18 13:03:00+00:00,193.65,193.65,193.65,35,193.65,819,193.670853
2023-07-18 13:04:00+00:00,193.68,193.68,193.68,36,193.68,1366,193.685049
2023-07-18 13:05:00+00:00,193.75,193.75,193.73,37,193.73,1200,193.743734
2023-07-18 13:06:00+00:00,193.75,193.7792,193.75,40,193.76,1788,193.760979
2023-07-18 13:07:00+00:00,193.69,193.74,193.67,91,193.74,3849,193.707016
2023-07-18 13:08:00+00:00,193.74,193.74,193.71,53,193.71,843,193.712175
2023-07-18 13:09:00+00:00,193.7,193.7,193.69,48,193.69,1131,193.700411
2023-07-18 13:10:00+00:00,193.74,193.74,193.71,57,193.73,2279,193.714134
2023-07-18 13:11:00+00:00,193.74,193.74,193.74,33,193.74,683,193.736902
2023-07-18 13:12:00+00:00,193.7,193.74,193.7,46,193.74,1501,193.709515
2023-07-18 13:13:00+00:00,193.7,193.7,193.7,41,193.7,339,193.681442
2023-07-18 13:14:00+00:00,193.65,193.6501,193.65,41,193.65,1018,193.652616
2023-07-18 13:15:00+00:00,193.6987,193.6987,193.65,55,193.65,2536,193.684539
2023-07-18 13:16:00+00:00,193.66,193.7,193.66,32,193.7,2915,193.696405
2023-07-18 13:17:00+00:00,193.63,193.6503,193.63,105,193.6503,2593,193.637588
2023-07-18 13:18:00+00:00,193.65,193.65,193.61,37,193.61,2581,193.646071
2023-07-18 13:19:00+00:00,193.69,193.69,193.66,64,193.67,3541,193.678086
2023-07-18 13:20:00+00:00,193.65,193.7,193.65,70,193.69,4701,193.675259
2023-07-18 13:21:00+00:00,193.64,193.65,193.61,76,193.65,5746,193.632901
2023-07-18 13:22:00+00:00,193.7799,193.78,193.69,95,193.69,7315,193.731016
2023-07-18 13:23:00+00:00,193.79,193.8,193.76,71,193.8,3761,193.775231
2023-07-18 13:24:00+00:00,193.73,193.8,193.73,89,193.8,5331,193.772676
2023-07-18 13:25:00+00:00,193.65,193.74,193.65,86,193.66,10445,193.684028
2023-07-18 13:26:00+00:00,193.6525,193.6525,193.59,113,193.63,11905,193.613862
2023-07-18 13:27:00+00:00,193.51,193.6599,193.14,416,193.61,40388,193.36205
2023-07-18 13:28:00+00:00,193.24,193.25,193.04,436,193.2,41762,193.157946
2023-07-18 13:29:00+00:00,193.28,193.48,193.15,453,193.25,37111,193.237943
2023-07-18 13:30:00+00:00,193.02,193.58,192.86,10780,193.4,1110840,193.225358
2023-07-18 13:31:00+00:00,193.15,193.27,192.98,1966,193.0214,179591,193.101761
2023-07-18 13:32:00+00:00,192.94,193.21,192.92,2486,193.13,224849,193.048864
2023-07-18 13:33:00+00:00,193.22,193.37,192.89,2600,192.945,258463,193.119992
2023-07-18 13:34:00+00:00,193.0,193.37,192.89,2136,193.22,300846,193.072007
2023-07-18 13:35:00+00:00,193.17,193.17,192.795,2609,192.985,257939,192.9372
2023-07-18 13:36:00+00:00,192.905,193.22,192.82,2150,193.13,167861,192.956541
2023-07-18 13:37:00+00:00,192.87,192.98,192.85,1553,192.9,127384,192.915043
2023-07-18 13:38:00+00:00,192.9255,193.0,192.82,2173,192.86,240879,192.906936
2023-07-18 13:39:00+00:00,192.8938,193.18,192.8521,2037,192.925,164196,193.037923
2023-07-18 13:40:00+00:00,193.04,193.0491,192.85,1913,192.895,153892,192.926069
2023-07-18 13:41:00+00:00,193.1,193.2199,193.0498,2025,193.05,193053,193.151907
2023-07-18 13:42:00+00:00,193.05,193.18,193.01,1577,193.09,114566,193.083468
2023-07-18 13:43:00+00:00,193.09,193.13,192.87,2569,193.05,211622,193.017862
2023-07-18 13:44:00+00:00,193.116,193.17,193.04,1606,193.09,154130,193.099127
2023-07-18 13:45:00+00:00,193.3,193.34,193.1,2775,193.11,313304,193.253443
2023-07-18 13:46:00+00:00,193.375,193.4253,193.28,3676,193.3191,162448,193.357443
2023-07-18 13:47:00+00:00,193.43,193.43,193.34,3568,193.375,153855,193.387794
2023-07-18 13:48:00+00:00,193.3895,193.445,193.33,3355,193.42,132699,193.379703
2023-07-18 13:49:00+00:00,193.39,193.95,193.335,3316,193.385,155237,193.468303
2023-07-18 13:50:00+00:00,193.174,193.4,193.1389,3553,193.38,135121,193.221623
2023-07-18 13:51:00+00:00,193.0684,193.215,192.97,4340,193.17,227804,193.056059
2023-07-18 13:52:00+00:00,193.025,193.14,192.98,3770,193.07,145106,193.051092
2023-07-18 13:53:00+00:00,193.055,193.06,192.9827,3069,193.025,81484,193.025533
2023-07-18 13:54:00+00:00,193.12,193.15,193.04,3431,193.055,120501,193.086088
2023-07-18 13:55:00+00:00,193.1588,193.24,193.13,3403,193.13,132742,193.191887
2023-07-18 13:56:00+00:00,193.3,193.31,193.1573,3128,193.1573,105606,193.242375
2023-07-18 13:57:00+00:00,193.24,193.325,193.21,3007,193.2928,84700,193.268428
2023-07-18 13:58:00+00:00,193.17,193.2699,193.17,2930,193.23,72694,193.228687
2023-07-18 13:59:00+00:00,193.3201,193.37,193.09,3710,193.17,140022,193.222909
2023-07-18 14:00:00+00:00,193.3899,193.45,193.31,3936,193.325,188397,193.384396
2023-07-18 14:01:00+00:00,193.3482,193.4,193.29,3586,193.39,105022,193.346137
2023-07-18 14:02:00+00:00,193.2774,193.35,193.23,3295,193.345,80393,193.29605
2023-07-18 14:03:00+00:00,193.14,193.29,193.094,3713,193.28,190921,193.165239
2023-07-18 14:04:00+00:00,193.14,193.2,193.11,3405,193.145,98066,193.145686
2023-07-18 14:05:00+00:00,193.15,193.21,193.11,3381,193.14,117654,193.160927
2023-07-18 14:06:00+00:00,193.23,193.255,193.15,3242,193.15,89187,193.217748
2023-07-18 14:07:00+00:00,193.3474,193.35,193.24,3148,193.24,89703,193.266408
2023-07-18 14:08:00+00:00,193.41,193.425,193.3101,3122,193.345,107916,193.378585
2023-07-18 14:09:00+00:00,193.32,193.42,193.27,3281,193.415,130022,193.335026
2023-07-18 14:10:00+00:00,193.2,193.305,193.19,3419,193.3001,142149,193.241495
2023-07-18 14:11:00+00:00,193.235,193.28,193.15,3242,193.195,102500,193.217362
2023-07-18 14:12:00+00:00,193.24,193.24,193.14,3199,193.235,127679,193.191203
2023-07-18 14:13:00+00:00,193.1817,193.27,193.13,2899,193.235,82135,193.199538
2023-07-18 14:14:00+00:00,193.13,193.19,193.101,2937,193.185,74064,193.158012
2023-07-18 14:15:00+00:00,193.195,193.24,193.13,3240,193.135,105552,193.182134
2023-07-18 14:16:00+00:00,193.22,193.225,193.15,2660,193.2,69133,193.197323
2023-07-18 14:17:00+00:00,193.31,193.32,193.2,2964,193.22,84828,193.260083
2023-07-18 14:18:00+00:00,193.09,193.37,193.09,3415,193.31,132638,193.237366
2023-07-18 14:19:00+00:00,193.085,193.18,193.0238,3315,193.09,127229,193.089344
2023-07-18 14:20:00+00:00,193.0725,193.13,193.07,2861,193.09,64253,193.095989
2023-07-18 14:21:00+00:00,193.045,193.15,193.0201,3024,193.08,70868,193.06842
2023-07-18 14:22:00+00:00,193.02,193.0899,192.96,3839,193.05,142318,193.008895
2023-07-18 14:23:00+00:00,193.1,193.1,192.9901,2849,193.03,60837,193.0565
2023-07-18 14:24:00+00:00,193.042,193.11,192.98,3202,193.1,117012,193.04753
2023-07-18 14:25:00+00:00,193.01,193.09,193.01,2994,193.055,77948,193.045851
2023-07-18 14:26:00+00:00,192.87,193.02,192.8,4404,193.01,251935,192.907832
2023-07-18 14:27:00+00:00,192.8423,192.89,192.81,3080,192.87,79588,192.857558
2023-07-18 14:28:00+00:00,193.0,193.0,192.84,3204,192.84,95947,192.904101
2023-07-18 14:29:00+00:00,192.985,193.08,192.985,3110,192.995,110063,193.025663
2023-07-18 14:30:00+00:00,192.985,193.0,192.89,3440,193.0,105450,192.941444
2023-07-18 14:31:00+00:00,193.055,193.055,192.905,3121,192.98,83418,192.973244
2023-07-18 14:32:00+00:00,193.05,193.1,193.02,3038,193.0507,90263,193.061054
2023-07-18 14:33:00+00:00,193.06,193.0887,193.025,2751,193.049,41618,193.059527
2023-07-18 14:34:00+00:00,193.05,193.1,193.02,2947,193.0799,63827,193.060019
2023-07-18 14:35:00+00:00,193.08,193.095,193.03,2079,193.04,68062,193.072529
2023-07-18 14:36:00+00:00,192.97,193.075,192.95,1065,193.075,80950,193.001828
2023-07-18 14:37:00+00:00,193.01,193.065,192.98,879,192.98,58949,193.00856
2023-07-18 14:38:00+00:00,192.94,193.005,192.93,798,193.005,65769,192.963442
2023-07-18 14:39:00+00:00,193.02,193.038,192.9302,796,192.95,59653,192.991849
2023-07-18 14:40:00+00:00,193.1895,193.19,192.9985,1218,193.015,128876,193.084771
2023-07-18 14:41:00+00:00,193.22,193.23,193.11,1041,193.19,109746,193.18124
2023-07-18 14:42:00+00:00,193.235,193.2691,193.18,813,193.2,71859,193.222421
2023-07-18 14:43:00+00:00,193.3,193.3,193.2101,806,193.24,78876,193.249867
2023-07-18 14:44:00+00:00,193.32,193.3399,193.2745,1050,193.29,115152,193.300603
2023-07-18 14:45:00+00:00,193.47,193.5,193.315,1832,193.315,274278,193.427579
2023-07-18 14:46:00+00:00,193.4418,193.57,193.42,1927,193.47,267335,193.508982
2023-07-18 14:47:00+00:00,193.48,193.4899,193.4206,793,193.4401,88732,193.454724
2023-07-18 14:48:00+00:00,193.46,193.5499,193.42,907,193.4666,98796,193.485784
2023-07-18 14:49:00+00:00,193.475,193.5458,193.445,856,193.45,83335,193.494015
2023-07-18 14:50:00+00:00,193.3869,193.5,193.37,841,193.475,77278,193.442364
2023-07-18 14:51:00+00:00,193.345,193.38,193.2883,1122,193.38,125563,193.344056
2023-07-18 14:52:00+00:00,193.4321,193.4597,193.345,806,193.35,82799,193.40459
2023-07-18 14:53:00+00:00,193.3399,193.4388,193.33,791,193.435,64485,193.368766
2023-07-18 14:54:00+00:00,193.34,193.37,193.28,761,193.33,65383,193.325711
2023-07-18 14:55:00+00:00,193.33,193.4,193.301,814,193.3399,70141,193.339199
2023-07-18 14:56:00+00:00,193.36,193.41,193.25,1026,193.33,97418,193.327309
2023-07-18 14:57:00+00:00,193.4299,193.47,193.36,782,193.3642,75355,193.424813
2023-07-18 14:58:00+00:00,193.3772,193.45,193.35,721,193.415,61671,193.406457
2023-07-18 14:59:00+00:00,193.365,193.4,193.31,802,193.375,107597,193.351994
2023-07-18 15:00:00+00:00,193.4899,193.5,193.365,989,193.37,99524,193.442567
2023-07-18 15:01:00+00:00,193.445,193.52,193.43,783,193.485,74430,193.46638
2023-07-18 15:02:00+00:00,193.4699,193.47,193.34,651,193.45,54450,193.4041
2023-07-18 15:03:00+00:00,193.535,193.55,193.45,785,193.46,100257,193.508974
2023-07-18 15:04:00+00:00,193.5399,193.54,193.505,695,193.54,59526,193.526999
2023-07-18 15:05:00+00:00,193.5011,193.55,193.46,753,193.5499,63647,193.500639
2023-07-18 15:06:00+00:00,193.5126,193.52,193.465,624,193.49,43716,193.493155
2023-07-18 15:07:00+00:00,193.5171,193.5428,193.47,603,193.52,57737,193.514574
2023-07-18 15:08:00+00:00,193.5801,193.62,193.49,991,193.52,108962,193.566952
2023-07-18 15:09:00+00:00,193.6378,193.645,193.565,818,193.5852,86306,193.602183
2023-07-18 15:10:00+00:00,193.61,193.655,193.555,913,193.64,123053,193.600648
2023-07-18 15:11:00+00:00,193.63,193.65,193.56,794,193.59,106473,193.619975
2023-07-18 15:12:00+00:00,193.53,193.63,193.525,801,193.62,82270,193.587536
2023-07-18 15:13:00+00:00,193.4899,193.5478,193.48,678,193.53,54138,193.508931
2023-07-18 15:14:00+00:00,193.47,193.51,193.45,584,193.4847,51723,193.48024
2023-07-18 15:15:00+00:00,193.43,193.4799,193.42,626,193.46,49418,193.442971
2023-07-18 15:16:00+00:00,193.41,193.44,193.385,824,193.42,73125,193.410647
2023-07-18 15:17:00+00:00,193.375,193.43,193.37,615,193.4,50269,193.391577
2023-07-18 15:18:00+00:00,193.415,193.44,193.36,577,193.37,56387,193.419021
2023-07-18 15:19:00+00:00,193.43,193.47,193.4101,729,193.4199,73033,193.447661
2023-07-18 15:20:00+00:00,193.36,193.43,193.3519,620,193.42,42491,193.392331
2023-07-18 15:21:00+00:00,193.375,193.395,193.35,459,193.37,37469,193.372436
2023-07-18 15:22:00+00:00,193.375,193.38,193.35,480,193.375,29630,193.36728
2023-07-18 15:23:00+00:00,193.335,193.375,193.29,703,193.3745,66498,193.325904
2023-07-18 15:24:00+00:00,193.355,193.4,193.32,524,193.34,32829,193.356819
2023-07-18 15:25:00+00:00,193.3973,193.4301,193.3475,741,193.355,80276,193.404509
2023-07-18 15:26:00+00:00,193.328,193.41,193.3101,545,193.3922,38634,193.37312
2023-07-18 15:27:00+00:00,193.26,193.315,193.25,737,193.315,59825,193.281114
2023-07-18 15:28:00+00:00,193.2799,193.2878,193.24,813,193.26,65246,193.262669
2023-07-18 15:29:00+00:00,193.145,193.279,193.1104,1245,193.2708,139018,193.160614
2023-07-18 15:30:00+00:00,193.05,193.16,193.02,1589,193.145,117906,193.076034
2023-07-18 15:31:00+00:00,192.9378,193.12,192.91,1991,193.05,195642,192.998414
2023-07-18 15:32:00+00:00,193.01,193.05,192.92,1227,192.93,157814,193.009727
2023-07-18 15:33:00+00:00,193.0823,193.1,193.02,977,193.02,103455,193.062245
2023-07-18 15:34:00+00:00,192.9499,193.09,192.94,1236,193.07,170876,193.028215
2023-07-18 15:35:00+00:00,192.9701,193.02,192.95,1066,192.95,79774,192.978158
2023-07-18 15:36:00+00:00,192.9,193.0,192.88,1597,192.99,133287,192.931517
2023-07-18 15:37:00+00:00,192.8893,192.91,192.83,1256,192.898,138303,192.870952
2023-07-18 15:38:00+00:00,193.075,193.1499,192.885,1598,192.889,189210,193.048111
2023-07-18 15:39:00+00:00,193.11,193.14,193.0057,1109,193.0792,96128,193.07599
2023-07-18 15:40:00+00:00,193.0815,193.1,193.021,1065,193.1,89440,193.067328
2023-07-18 15:41:00+00:00,193.0199,193.125,193.005,1438,193.07,129668,193.061385
2023-07-18 15:42:00+00:00,193.03,193.1,192.9301,1383,193.0,123253,193.024399
2023-07-18 15:43:00+00:00,193.02,193.05,192.97,893,193.04,79891,193.014402
2023-07-18 15:44:00+00:00,192.95,193.03,192.93,1192,193.03,99124,192.980363
2023-07-18 15:45:00+00:00,192.8253,192.96,192.76,2559,192.95,238294,192.84184
2023-07-18 15:46:00+00:00,193.0648,193.095,192.82,1369,192.82,109380,192.990869
2023-07-18 15:47:00+00:00,193.0899,193.18,193.06,1274,193.0699,103547,193.111344
2023-07-18 15:48:00+00:00,193.07,193.13,193.015,1118,193.09,233643,193.055774
2023-07-18 15:49:00+00:00,193.18,193.19,193.07,1380,193.07,101265,193.14132
2023-07-18 15:50:00+00:00,193.175,193.205,193.1,1364,193.17,143797,193.187972
2023-07-18 15:51:00+00:00,193.215,193.26,193.15,1071,193.18,121026,193.221557
2023-07-18 15:52:00+00:00,193.2,193.245,193.15,864,193.2186,77863,193.182908
2023-07-18 15:53:00+00:00,193.16,193.22,193.13,1053,193.19,89338,193.163022
2023-07-18 15:54:00+00:00,193.1501,193.2301,193.1501,1121,193.17,96841,193.195655
2023-07-18 15:55:00+00:00,193.2,193.23,193.15,746,193.155,70805,193.202073
2023-07-18 15:56:00+00:00,193.18,193.195,193.14,752,193.195,55521,193.171029
2023-07-18 15:57:00+00:00,193.145,193.1899,193.1301,605,193.18,49679,193.152102
2023-07-18 15:58:00+00:00,193.12,193.15,193.08,797,193.14,62210,193.116034
2023-07-18 15:59:00+00:00,193.2,193.205,193.12,694,193.12,74601,193.154496
2023-07-18 16:00:00+00:00,193.13,193.245,193.11,856,193.2001,58701,193.17676
2023-07-18 16:01:00+00:00,193.11,193.18,193.05,1213,193.12,96809,193.11372
2023-07-18 16:02:00+00:00,193.09,193.16,193.05,862,193.12,81718,193.107175
2023-07-18 16:03:00+00:00,193.09,193.1,193.045,836,193.08,51975,193.073342
2023-07-18 16:04:00+00:00,193.1,193.13,193.05,1003,193.08,63832,193.087288
2023-07-18 16:05:00+00:00,193.08,193.11,193.02,1092,193.11,73983,193.055961
2023-07-18 16:06:00+00:00,193.01,193.13,193.01,980,193.06,83989,193.070157
2023-07-18 16:07:00+00:00,192.9862,193.0199,192.93,1807,193.01,157212,192.968706
2023-07-18 16:08:00+00:00,192.975,193.03,192.96,822,192.99,60670,192.991072
2023-07-18 16:09:00+00:00,192.97,192.99,192.955,823,192.975,71186,192.97062
2023-07-18 16:10:00+00:00,192.88,192.97,192.84,1330,192.97,107980,192.904082
2023-07-18 16:11:00+00:00,192.88,192.9243,192.85,841,192.89,68170,192.893344
2023-07-18 16:12:00+00:00,192.79,192.88,192.78,1296,192.87,139808,192.814057
2023-07-18 16:13:00+00:00,192.815,192.85,192.7701,1100,192.785,100658,192.811217
2023-07-18 16:14:00+00:00,192.785,192.855,192.785,1157,192.82,91567,192.819295
2023-07-18 16:15:00+00:00,192.78,192.82,192.77,813,192.8,73665,192.793533
2023-07-18 16:16:00+00:00,192.87,192.89,192.775,1019,192.78,113683,192.824868
2023-07-18 16:17:00+00:00,193.02,193.03,192.85,1255,192.8712,120603,192.955236
2023-07-18 16:18:00+00:00,193.0,193.02,192.955,952,193.01,76737,192.984883
2023-07-18 16:19:00+00:00,193.01,193.03,192.98,689,192.99,76132,192.998282
2023-07-18 16:20:00+00:00,193.01,193.04,193.0,706,193.01,44405,193.018847
2023-07-18 16:21:00+00:00,192.93,193.03,192.92,895,193.0099,172077,192.978685
2023-07-18 16:22:00+00:00,192.884,192.94,192.84,954,192.93,76480,192.900971
2023-07-18 16:23:00+00:00,192.845,192.94,192.83,893,192.893,67533,192.889522
2023-07-18 16:24:00+00:00,192.6,192.8499,192.58,3138,192.83,261261,192.718845
2023-07-18 16:25:00+00:00,192.6984,192.705,192.57,1241,192.605,142968,192.629601
2023-07-18 16:26:00+00:00,192.7844,192.835,192.695,857,192.695,94556,192.787645
2023-07-18 16:27:00+00:00,192.7,192.81,192.68,952,192.785,78542,192.746327
2023-07-18 16:28:00+00:00,192.745,192.795,192.69,942,192.715,79875,192.743936
2023-07-18 16:29:00+00:00,192.705,192.76,192.67,835,192.74,83569,192.720854
2023-07-18 16:30:00+00:00,192.6397,192.71,192.6,1275,192.7,109037,192.650002
2023-07-18 16:31:00+00:00,192.64,192.685,192.6001,1022,192.64,93848,192.641998
2023-07-18 16:32:00+00:00,192.55,192.63,192.53,1276,192.63,117121,192.57995
2023-07-18 16:33:00+00:00,192.6,192.61,192.51,1353,192.54,119860,192.557765
2023-07-18 16:34:00+00:00,192.55,192.65,192.54,1135,192.595,294765,192.602446
2023-07-18 16:35:00+00:00,192.57,192.5982,192.54,1068,192.545,84270,192.565168
2023-07-18 16:36:00+00:00,192.543,192.57,192.5,1125,192.57,122367,192.536729
2023-07-18 16:37:00+00:00,192.5385,192.55,192.51,736,192.545,55712,192.526799
2023-07-18 16:38:00+00:00,192.69,192.73,192.535,1201,192.54,101005,192.640055
2023-07-18 16:39:00+00:00,192.67,192.72,192.66,780,192.69,52169,192.683315
2023-07-18 16:40:00+00:00,192.62,192.67,192.6,946,192.665,74319,192.631964
2023-07-18 16:41:00+00:00,192.605,192.62,192.52,1043,192.61,97549,192.567668
2023-07-18 16:42:00+00:00,192.555,192.62,192.515,958,192.59,75799,192.557592
2023-07-18 16:43:00+00:00,192.605,192.62,192.53,650,192.56,55371,192.584387
2023-07-18 16:44:00+00:00,192.59,192.6085,192.56,703,192.6085,47142,192.58769
2023-07-18 16:45:00+00:00,192.62,192.62,192.5601,736,192.59,52905,192.588627
2023-07-18 16:46:00+00:00,192.59,192.62,192.57,764,192.62,72656,192.596653
2023-07-18 16:47:00+00:00,192.56,192.608,192.55,692,192.5999,46929,192.582207
2023-07-18 16:48:00+00:00,192.515,192.5675,192.495,1813,192.565,173473,192.517438
2023-07-18 16:49:00+00:00,192.5309,192.55,192.495,745,192.515,65511,192.519258
2023-07-18 16:50:00+00:00,192.505,192.55,192.47,959,192.5399,109681,192.503727
2023-07-18 16:51:00+00:00,192.53,192.54,192.5,653,192.5099,54603,192.526854
2023-07-18 16:52:00+00:00,192.48,192.55,192.4701,838,192.53,93960,192.516112
2023-07-18 16:53:00+00:00,192.435,192.49,192.415,974,192.49,126423,192.451075
2023-07-18 16:54:00+00:00,192.4999,192.4999,192.435,566,192.44,38681,192.467244
2023-07-18 16:55:00+00:00,192.57,192.58,192.48,746,192.49,93595,192.528666
2023-07-18 16:56:00+00:00,192.4378,192.565,192.43,862,192.565,100139,192.491767
2023-07-18 16:57:00+00:00,192.4401,192.46,192.42,574,192.44,40254,192.445624
2023-07-18 16:58:00+00:00,192.485,192.49,192.4201,663,192.45,70708,192.463131
2023-07-18 16:59:00+00:00,192.52,192.54,192.48,747,192.485,60604,192.514533
2023-07-18 17:00:00+00:00,192.66,192.6883,192.5,1327,192.51,146541,192.605404
2023-07-18 17:01:00+00:00,192.63,192.67,192.6001,825,192.65,69822,192.63508
2023-07-18 17:02:00+00:00,192.585,192.63,192.5801,729,192.625,57075,192.605287
2023-07-18 17:03:00+00:00,192.585,192.6,192.5702,600,192.585,32676,192.585245
2023-07-18 17:04:00+00:00,192.5887,192.62,192.555,681,192.585,56644,192.583797
2023-07-18 17:05:00+00:00,192.71,192.71,192.585,755,192.59,69480,192.662503
2023-07-18 17:06:00+00:00,192.7101,192.73,192.67,687,192.71,100424,192.695372
2023-07-18 17:07:00+00:00,192.689,192.735,192.67,682,192.72,49524,192.70173
2023-07-18 17:08:00+00:00,192.735,192.74,192.67,596,192.68,36491,192.719278
2023-07-18 17:09:00+00:00,192.7015,192.7378,192.67,673,192.73,48799,192.701184
2023-07-18 17:10:00+00:00,192.725,192.73,192.68,554,192.7021,35575,192.703763
2023-07-18 17:11:00+00:00,192.785,192.7891,192.7125,640,192.7201,45327,192.753686
2023-07-18 17:12:00+00:00,192.7901,192.7901,192.71,763,192.7879,59911,192.747536
2023-07-18 17:13:00+00:00,192.765,192.83,192.75,789,192.795,62855,192.785619
2023-07-18 17:14:00+00:00,192.81,192.82,192.76,499,192.765,44920,192.792791
2023-07-18 17:15:00+00:00,192.84,192.85,192.79,712,192.81,50976,192.822289
2023-07-18 17:16:00+00:00,192.855,192.86,192.77,882,192.84,72897,192.822884
2023-07-18 17:17:00+00:00,192.89,192.93,192.85,941,192.86,89442,192.8858
2023-07-18 17:18:00+00:00,192.835,192.895,192.82,518,192.895,39397,192.856403
2023-07-18 17:19:00+00:00,192.82,192.835,192.755,632,192.83,49309,192.797976
2023-07-18 17:20:00+00:00,192.9199,192.93,192.82,761,192.82,67777,192.88686
2023-07-18 17:21:00+00:00,192.865,192.92,192.825,542,192.91,43645,192.874303
2023-07-18 17:22:00+00:00,192.865,192.88,192.8311,464,192.87,46719,192.858578
2023-07-18 17:23:00+00:00,192.81,192.87,192.78,571,192.86,49093,192.817196
2023-07-18 17:24:00+00:00,192.785,192.84,192.775,603,192.805,52252,192.799925
2023-07-18 17:25:00+00:00,192.875,192.8787,192.78,548,192.79,34220,192.81885
2023-07-18 17:26:00+00:00,192.8599,192.8894,192.845,538,192.8726,51560,192.86838
2023-07-18 17:27:00+00:00,192.9,192.92,192.85,402,192.85,43510,192.898327
2023-07-18 17:28:00+00:00,192.91,192.91,192.87,480,192.9085,42125,192.888736
2023-07-18 17:29:00+00:00,192.935,192.9399,192.8789,444,192.92,29836,192.908919
2023-07-18 17:30:00+00:00,192.9885,192.9885,192.9,857,192.94,54770,192.942201
2023-07-18 17:31:00+00:00,193.075,193.08,192.98,1380,192.98,122471,193.021432
2023-07-18 17:32:00+00:00,193.02,193.09,193.015,846,193.0713,69888,193.054697
2023-07-18 17:33:00+00:00,193.0399,193.0399,192.9801,603,193.01,48180,193.01246
2023-07-18 17:34:00+00:00,193.085,193.12,193.04,1197,193.04,145035,193.095745
2023-07-18 17:35:00+00:00,193.011,193.09,193.0,667,193.08,58859,193.053735
2023-07-18 17:36:00+00:00,193.03,193.075,193.0,596,193.02,57002,193.036962
2023-07-18 17:37:00+00:00,193.045,193.075,193.032,458,193.0399,23273,193.05283
2023-07-18 17:38:00+00:00,193.1177,193.1177,193.0309,642,193.04,43575,193.091676
2023-07-18 17:39:00+00:00,193.14,193.16,193.11,662,193.1123,47017,193.131787
2023-07-18 17:40:00+00:00,193.16,193.17,193.11,681,193.155,52287,193.14178
2023-07-18 17:41:00+00:00,193.1,193.16,193.075,656,193.16,48435,193.120959
2023-07-18 17:42:00+00:00,193.09,193.11,193.06,594,193.11,47195,193.083366
2023-07-18 17:43:00+00:00,193.08,193.1,193.061,388,193.0939,18711,193.079538
2023-07-18 17:44:00+00:00,193.055,193.08,193.03,533,193.0799,37062,193.055162
2023-07-18 17:45:00+00:00,193.03,193.05,193.0,532,193.05,36171,193.023916
2023-07-18 17:46:00+00:00,192.97,193.03,192.96,619,193.03,48076,192.992612
2023-07-18 17:47:00+00:00,192.99,192.995,192.9583,441,192.98,29576,192.976004
2023-07-18 17:48:00+00:00,192.9921,193.0,192.95,379,192.995,20060,192.977231
2023-07-18 17:49:00+00:00,193.035,193.05,192.985,509,192.99,42678,193.021083
2023-07-18 17:50:00+00:00,193.0101,193.04,193.0,521,193.035,32964,193.022932
2023-07-18 17:51:00+00:00,193.02,193.07,193.015,535,193.02,37296,193.051395
2023-07-18 17:52:00+00:00,193.002,193.035,193.0,586,193.02,31583,193.021578
2023-07-18 17:53:00+00:00,192.96,193.005,192.93,653,193.005,47499,192.96253
2023-07-18 17:54:00+00:00,193.0174,193.03,192.95,481,192.9671,42776,193.002517
2023-07-18 17:55:00+00:00,192.94,193.0275,192.93,584,193.02,34293,192.977744
2023-07-18 17:56:00+00:00,192.9701,192.9809,192.93,504,192.9392,31682,192.955078
2023-07-18 17:57:00+00:00,192.9621,192.995,192.9601,463,192.97,23954,192.979417
2023-07-18 17:58:00+00:00,192.985,193.0,192.95,597,192.97,41057,192.974932
2023-07-18 17:59:00+00:00,192.985,192.99,192.96,465,192.98,25367,192.975537
2023-07-18 18:00:00+00:00,192.985,193.0,192.95,724,192.99,55532,192.984661
2023-07-18 18:01:00+00:00,193.06,193.06,192.9701,658,192.98,65565,193.028936
2023-07-18 18:02:00+00:00,193.11,193.11,193.05,622,193.0599,38071,193.076754
2023-07-18 18:03:00+00:00,193.115,193.1206,193.07,449,193.11,36932,193.105538
2023-07-18 18:04:00+00:00,193.18,193.18,193.1,601,193.1185,66717,193.149179
2023-07-18 18:05:00+00:00,193.2307,193.26,193.18,942,193.1899,98445,193.230454
2023-07-18 18:06:00+00:00,193.325,193.3277,193.225,820,193.235,82682,193.273455
2023-07-18 18:07:00+00:00,193.36,193.37,193.2901,627,193.33,92782,193.334462
2023-07-18 18:08:00+00:00,193.34,193.3794,193.32,632,193.3663,57607,193.341904
2023-07-18 18:09:00+00:00,193.37,193.4,193.32,556,193.35,66174,193.36679
2023-07-18 18:10:00+00:00,193.3701,193.38,193.335,482,193.3793,61240,193.361084
2023-07-18 18:11:00+00:00,193.42,193.43,193.35,779,193.3755,82396,193.384836
2023-07-18 18:12:00+00:00,193.44,193.4469,193.4,585,193.42,57281,193.425885
2023-07-18 18:13:00+00:00,193.405,193.44,193.38,573,193.44,49539,193.412517
2023-07-18 18:14:00+00:00,193.415,193.415,193.373,465,193.405,35577,193.39306
2023-07-18 18:15:00+00:00,193.445,193.45,193.39,562,193.4108,42598,193.420393
2023-07-18 18:16:00+00:00,193.475,193.477,193.425,589,193.44,61103,193.452792
2023-07-18 18:17:00+00:00,193.46,193.49,193.45,565,193.48,53523,193.471408
2023-07-18 18:18:00+00:00,193.485,193.5,193.465,655,193.465,91954,193.454092
2023-07-18 18:19:00+00:00,193.5505,193.56,193.4501,640,193.48,68919,193.508736
2023-07-18 18:20:00+00:00,193.6299,193.65,193.54,1188,193.56,196858,193.593918
2023-07-18 18:21:00+00:00,193.6899,193.69,193.625,826,193.625,101176,193.656357
2023-07-18 18:22:00+00:00,193.7,193.79,193.68,1507,193.6821,285447,193.725435
2023-07-18 18:23:00+00:00,193.6359,193.7,193.56,889,193.69,104985,193.619499
2023-07-18 18:24:00+00:00,193.675,193.68,193.6132,644,193.6399,63162,193.654654
2023-07-18 18:25:00+00:00,193.68,193.72,193.64,937,193.6799,90428,193.679938
2023-07-18 18:26:00+00:00,193.6895,193.72,193.6753,654,193.69,52929,193.696225
2023-07-18 18:27:00+00:00,193.73,193.73,193.65,766,193.69,84908,193.695965
2023-07-18 18:28:00+00:00,193.72,193.76,193.72,677,193.7383,65414,193.73933
2023-07-18 18:29:00+00:00,193.76,193.76,193.7125,501,193.7299,43810,193.731671
2023-07-18 18:30:00+00:00,193.77,193.78,193.7599,634,193.77,62563,193.767527
2023-07-18 18:31:00+00:00,193.775,193.81,193.75,1054,193.765,156111,193.787337
2023-07-18 18:32:00+00:00,193.755,193.8099,193.745,740,193.7718,75197,193.785448
2023-07-18 18:33:00+00:00,193.75,193.77,193.73,697,193.76,59561,193.751196
2023-07-18 18:34:00+00:00,193.72,193.78,193.7,897,193.75,95279,193.741221
2023-07-18 18:35:00+00:00,193.5799,193.72,193.55,1249,193.72,148130,193.621686
2023-07-18 18:36:00+00:00,193.6046,193.61,193.54,688,193.58,65358,193.582222
2023-07-18 18:37:00+00:00,193.6699,193.695,193.605,652,193.605,74982,193.664537
2023-07-18 18:38:00+00:00,193.625,193.6843,193.59,505,193.665,38129,193.63253
2023-07-18 18:39:00+00:00,193.69,193.695,193.6199,520,193.62,42936,193.65699
2023-07-18 18:40:00+00:00,193.63,193.6961,193.599,687,193.69,48861,193.650427
2023-07-18 18:41:00+00:00,193.6001,193.64,193.58,577,193.64,48110,193.608743
2023-07-18 18:42:00+00:00,193.625,193.67,193.605,510,193.605,50197,193.644226
2023-07-18 18:43:00+00:00,193.72,193.7299,193.62,546,193.62,49216,193.675223
2023-07-18 18:44:00+00:00,193.76,193.78,193.6915,730,193.7207,67486,193.737229
2023-07-18 18:45:00+00:00,193.76,193.77,193.73,566,193.7501,72719,193.753914
2023-07-18 18:46:00+00:00,193.805,193.809,193.75,569,193.77,61803,193.775489
2023-07-18 18:47:00+00:00,193.89,193.9,193.8,1160,193.8,195167,193.853867
2023-07-18 18:48:00+00:00,193.9499,193.97,193.885,1188,193.89,195372,193.933492
2023-07-18 18:49:00+00:00,193.935,193.955,193.93,634,193.95,61499,193.939042
2023-07-18 18:50:00+00:00,193.88,193.94,193.87,793,193.93,74306,193.901806
2023-07-18 18:51:00+00:00,193.84,193.899,193.83,698,193.8783,67230,193.86077
2023-07-18 18:52:00+00:00,193.815,193.8311,193.76,806,193.8311,90016,193.795998
2023-07-18 18:53:00+00:00,193.8199,193.85,193.79,613,193.82,55095,193.817768
2023-07-18 18:54:00+00:00,193.81,193.82,193.79,480,193.815,43156,193.809527
2023-07-18 18:55:00+00:00,193.8008,193.83,193.79,522,193.81,44013,193.808742
2023-07-18 18:56:00+00:00,193.83,193.84,193.8,541,193.8,55239,193.827688
2023-07-18 18:57:00+00:00,193.8305,193.85,193.805,647,193.825,52093,193.828668
2023-07-18 18:58:00+00:00,193.8,193.84,193.78,655,193.83,52109,193.813577
2023-07-18 18:59:00+00:00,193.7899,193.81,193.77,548,193.8035,38611,193.794826
2023-07-18 19:00:00+00:00,193.6699,193.7968,193.66,1011,193.7925,73613,193.741163
2023-07-18 19:01:00+00:00,193.57,193.69,193.5314,1257,193.665,124432,193.60722
2023-07-18 19:02:00+00:00,193.6358,193.69,193.55,1070,193.5699,112373,193.61345
2023-07-18 19:03:00+00:00,193.705,193.705,193.64,665,193.64,73771,193.676832
2023-07-18 19:04:00+00:00,193.71,193.735,193.7,705,193.7,67983,193.71715
2023-07-18 19:05:00+00:00,193.8084,193.81,193.6926,724,193.715,81757,193.756205
2023-07-18 19:06:00+00:00,193.865,193.88,193.801,766,193.81,102002,193.840038
2023-07-18 19:07:00+00:00,193.855,193.8999,193.85,770,193.8699,93830,193.874853
2023-07-18 19:08:00+00:00,193.87,193.87,193.81,605,193.855,73080,193.842786
2023-07-18 19:09:00+00:00,193.875,193.89,193.853,647,193.86,45430,193.871578
2023-07-18 19:10:00+00:00,193.915,193.925,193.86,605,193.87,61782,193.896129
2023-07-18 19:11:00+00:00,193.945,193.95,193.91,707,193.92,88585,193.930314
2023-07-18 19:12:00+00:00,193.92,193.95,193.905,705,193.94,70962,193.924081
2023-07-18 19:13:00+00:00,193.9785,194.0,193.92,1295,193.9207,124427,193.962709
2023-07-18 19:14:00+00:00,193.9872,193.99,193.9401,1131,193.975,115865,193.972089
2023-07-18 19:15:00+00:00,194.1087,194.11,193.98,2430,193.99,246721,194.026205
2023-07-18 19:16:00+00:00,194.05,194.1375,194.005,1383,194.11,138896,194.062192
2023-07-18 19:17:00+00:00,194.09,194.09,194.005,812,194.045,81131,194.044608
2023-07-18 19:18:00+00:00,194.09,194.11,194.05,898,194.09,76816,194.076325
2023-07-18 19:19:00+00:00,194.09,194.1,194.05,741,194.0999,67215,194.081316
2023-07-18 19:20:00+00:00,194.08,194.12,194.06,1102,194.09,84225,194.094835
2023-07-18 19:21:00+00:00,194.04,194.1111,194.03,1133,194.08,96029,194.071038
2023-07-18 19:22:00+00:00,194.0451,194.0701,194.03,739,194.04,73272,194.051514
2023-07-18 19:23:00+00:00,194.105,194.12,194.035,882,194.0499,91402,194.086755
2023-07-18 19:24:00+00:00,194.14,194.14,194.07,981,194.105,111257,194.106011
2023-07-18 19:25:00+00:00,194.11,194.1477,194.1001,740,194.14,65649,194.127523
2023-07-18 19:26:00+00:00,194.0507,194.1,194.01,1090,194.1,102149,194.039539
2023-07-18 19:27:00+00:00,194.02,194.06,194.01,887,194.0501,74703,194.025112
2023-07-18 19:28:00+00:00,194.0055,194.05,193.99,812,194.02,61652,194.01525
2023-07-18 19:29:00+00:00,193.94,194.015,193.925,1206,194.01,109006,193.960965
2023-07-18 19:30:00+00:00,193.9561,194.0,193.8801,954,193.92,103688,193.95641
2023-07-18 19:31:00+00:00,194.06,194.07,193.881,1027,193.95,88815,193.964623
2023-07-18 19:32:00+00:00,194.07,194.09,194.04,841,194.05,72452,194.062475
2023-07-18 19:33:00+00:00,194.0287,194.1,194.01,976,194.0686,99230,194.070722
2023-07-18 19:34:00+00:00,194.07,194.11,194.02,1136,194.025,120592,194.065658
2023-07-18 19:35:00+00:00,194.065,194.12,194.05,918,194.08,102996,194.081203
2023-07-18 19:36:00+00:00,194.005,194.09,194.005,771,194.07,90956,194.054779
2023-07-18 19:37:00+00:00,194.01,194.04,193.98,867,194.01,103547,194.009658
2023-07-18 19:38:00+00:00,194.01,194.03,193.98,718,194.02,65852,194.007004
2023-07-18 19:39:00+00:00,194.0824,194.1,194.007,1191,194.01,116322,194.067062
2023-07-18 19:40:00+00:00,194.15,194.16,194.055,1329,194.09,141743,194.12242
2023-07-18 19:41:00+00:00,194.05,194.15,194.05,1093,194.15,108264,194.102851
2023-07-18 19:42:00+00:00,194.09,194.1,194.015,850,194.04,74439,194.061706
2023-07-18 19:43:00+00:00,194.052,194.1,194.0304,1094,194.08,64967,194.059895
2023-07-18 19:44:00+00:00,194.11,194.12,194.035,1073,194.06,71135,194.078407
2023-07-18 19:45:00+00:00,194.14,194.15,194.0701,1462,194.1,132864,194.110069
2023-07-18 19:46:00+00:00,194.15,194.185,194.1209,1096,194.135,104461,194.144746
2023-07-18 19:47:00+00:00,194.19,194.2,194.13,1184,194.155,103750,194.169791
2023-07-18 19:48:00+00:00,194.23,194.24,194.1801,1446,194.19,140334,194.208031
2023-07-18 19:49:00+00:00,194.155,194.22,194.125,1420,194.22,147166,194.177395
2023-07-18 19:50:00+00:00,194.115,194.33,194.09,3533,194.15,356643,194.185217
2023-07-18 19:51:00+00:00,194.12,194.205,194.06,2242,194.11,221595,194.142458
2023-07-18 19:52:00+00:00,194.17,194.21,194.1,1747,194.11,131861,194.159614
2023-07-18 19:53:00+00:00,194.185,194.21,194.12,2114,194.18,169867,194.175501
2023-07-18 19:54:00+00:00,194.14,194.21,194.04,3853,194.1821,326927,194.140654
2023-07-18 19:55:00+00:00,193.8399,194.14,193.8,6730,194.14,613298,193.931166
2023-07-18 19:56:00+00:00,193.6,193.86,193.59,5848,193.8304,539814,193.71329
2023-07-18 19:57:00+00:00,193.605,193.6902,193.55,5529,193.59,521273,193.613264
2023-07-18 19:58:00+00:00,193.61,193.68,193.54,5865,193.6099,550732,193.595269
2023-07-18 19:59:00+00:00,193.73,193.79,193.54,12321,193.61,1460385,193.667476
2023-07-18 20:00:00+00:00,193.63,193.73,193.61,130,193.73,6519331,193.729942
2023-07-18 20:01:00+00:00,193.53,193.6199,193.51,64,193.6199,128016,193.72468
2023-07-18 20:02:00+00:00,193.52,193.55,193.52,80,193.55,128836,193.723111
2023-07-18 20:03:00+00:00,193.41,193.5109,193.41,121,193.5109,8010,193.471672
2023-07-18 20:04:00+00:00,193.33,193.4,193.32,166,193.4,9893,193.346358
2023-07-18 20:05:00+00:00,193.38,193.42,193.33,79,193.33,5880,193.367526
2023-07-18 20:06:00+00:00,193.4,193.4,193.32,98,193.35,6772,193.359222
2023-07-18 20:07:00+00:00,193.4,193.4,193.38,37,193.38,2074,193.385552
2023-07-18 20:08:00+00:00,193.37,193.73,193.36,48,193.38,7978,193.585599
2023-07-18 20:09:00+00:00,193.3885,193.73,193.36,38,193.36,4226,193.549471
2023-07-18 20:10:00+00:00,193.31,193.35,193.31,49,193.35,2854,193.342011
2023-07-18 20:11:00+00:00,193.31,193.37,193.3,107,193.31,5597,193.312897
2023-07-18 20:12:00+00:00,193.33,193.33,193.32,51,193.32,1339,193.306869
2023-07-18 20:13:00+00:00,193.35,193.35,193.34,45,193.34,2266,193.347506
2023-07-18 20:14:00+00:00,193.35,193.73,193.33,26,193.35,4855,193.581529
2023-07-18 20:15:00+00:00,193.35,193.73,193.35,34,193.73,369,184.837304
2023-07-18 20:16:00+00:00,193.36,193.36,193.35,39,193.35,2922,193.354162
2023-07-18 20:17:00+00:00,193.4,193.4,193.3505,25,193.36,1654,193.375444
2023-07-18 20:18:00+00:00,193.4,193.4,193.4,23,193.4,794,193.397267
2023-07-18 20:19:00+00:00,193.4,193.4,193.39,40,193.39,1811,193.393321
2023-07-18 20:20:00+00:00,193.41,193.41,193.4,25,193.41,2049,193.404815
2023-07-18 20:21:00+00:00,193.43,193.43,193.43,39,193.43,1476,193.427364
2023-07-18 20:22:00+00:00,193.42,193.42,193.4,31,193.42,3908,193.418493
2023-07-18 20:23:00+00:00,193.42,193.42,193.42,32,193.42,933,193.418379
2023-07-18 20:24:00+00:00,193.36,193.42,193.36,50,193.41,4024,193.392099
2023-07-18 20:25:00+00:00,193.36,193.36,193.36,21,193.36,296,193.363666
2023-07-18 20:26:00+00:00,193.37,193.37,193.37,25,193.37,1163,193.369552
2023-07-18 20:27:00+00:00,193.34,193.35,193.33,49,193.35,2161,193.344094
2023-07-18 20:28:00+00:00,193.37,193.37,193.35,15,193.35,394,193.362119
2023-07-18 20:30:00+00:00,193.398,193.398,193.37,21,193.37,358,193.381383
2023-07-18 20:31:00+00:00,193.38,193.38,193.38,24,193.38,634,193.377626
2023-07-18 20:32:00+00:00,193.3998,193.3998,193.38,21,193.38,658,193.381983
2023-07-18 20:34:00+00:00,193.37,193.37,193.36,37,193.37,1722,193.36761
2023-07-18 20:35:00+00:00,193.36,193.36,193.36,34,193.36,753,193.354236
2023-07-18 20:36:00+00:00,193.34,193.34,193.34,28,193.34,377,193.342798
2023-07-18 20:37:00+00:00,193.34,193.35,193.34,24,193.35,459,193.349728
2023-07-18 20:38:00+00:00,193.34,193.37,193.34,43,193.37,7632,193.341338
2023-07-18 20:39:00+00:00,193.32,193.33,193.3,60,193.33,10523,193.319455
2023-07-18 20:40:00+00:00,193.33,193.73,193.33,29,193.3684,1188,193.561111
2023-07-18 20:41:00+00:00,193.33,193.34,193.33,34,193.33,2708,193.331304
2023-07-18 20:42:00+00:00,193.36,193.36,193.35,23,193.35,953,193.35127
2023-07-18 20:44:00+00:00,193.35,193.35,193.35,17,193.35,189,193.347302
2023-07-18 20:45:00+00:00,193.32,193.33,193.32,31,193.33,5784,193.327175
2023-07-18 20:46:00+00:00,193.33,193.33,193.33,21,193.33,147,193.329252
2023-07-18 20:47:00+00:00,193.32,193.32,193.32,20,193.32,2148,193.320463
2023-07-18 20:49:00+00:00,193.33,193.33,193.33,15,193.33,203,193.330394
2023-07-18 20:50:00+00:00,193.35,193.35,193.35,21,193.35,2051,193.349742
2023-07-18 20:52:00+00:00,193.35,193.35,193.34,30,193.34,1135,193.345947
2023-07-18 20:53:00+00:00,193.36,193.36,193.35,20,193.35,282,193.354167
2023-07-18 20:54:00+00:00,193.35,193.36,193.35,42,193.36,1166,193.352679
2023-07-18 20:55:00+00:00,193.32,193.32,193.32,35,193.32,2797,193.321368
2023-07-18 20:56:00+00:00,193.34,193.34,193.34,22,193.34,508,193.340108
2023-07-18 20:58:00+00:00,193.33,193.33,193.33,15,193.33,238,193.330588
2023-07-18 21:00:00+00:00,193.35,193.35,193.35,15,193.35,683,193.379707
2023-07-18 21:01:00+00:00,193.32,193.35,193.32,33,193.3479,919,193.334981
2023-07-18 21:02:00+00:00,193.34,193.34,193.34,17,193.34,813,193.338807
2023-07-18 21:03:00+00:00,193.37,193.37,193.3301,26,193.3301,875,193.349947
2023-07-18 21:04:00+00:00,193.39,193.39,193.39,24,193.39,203,193.384909
2023-07-18 21:05:00+00:00,193.33,193.35,193.33,31,193.35,1061,193.339279
2023-07-18 21:07:00+00:00,193.34,193.34,193.34,15,193.34,2182,176.139061
2023-07-18 21:08:00+00:00,193.35,193.35,193.35,44,193.35,2369,193.349411
2023-07-18 21:14:00+00:00,193.36,193.36,193.36,23,193.36,1012,175.268458
2023-07-18 21:15:00+00:00,193.36,193.36,193.36,17,193.36,187,193.359249
2023-07-18 21:17:00+00:00,193.37,193.37,193.37,22,193.37,181,193.36745
2023-07-18 21:18:00+00:00,193.36,193.36,193.36,15,193.36,370,193.363851
2023-07-18 21:19:00+00:00,193.38,193.38,193.38,24,193.38,669,193.380857
2023-07-18 21:21:00+00:00,193.38,193.38,193.38,18,193.38,229,193.383218
2023-07-18 21:22:00+00:00,193.4,193.4,193.4,12,193.4,262,193.396718
2023-07-18 21:23:00+00:00,193.3804,193.3804,193.3804,23,193.3804,378,193.382222
2023-07-18 21:25:00+00:00,193.38,193.38,193.38,25,193.38,617,193.382755
2023-07-18 21:31:00+00:00,193.33,193.35,193.33,34,193.35,1139,193.339298
2023-07-18 21:32:00+00:00,193.33,193.33,193.33,12,193.33,3229,193.329975
2023-07-18 21:33:00+00:00,193.33,193.33,193.33,18,193.33,3847,193.330543
2023-07-18 21:35:00+00:00,193.33,193.33,193.33,15,193.33,265,193.333623
2023-07-18 21:36:00+00:00,193.33,193.38,193.33,20,193.38,327,193.358028
2023-07-18 21:37:00+00:00,193.33,193.33,193.33,16,193.33,255,193.331804
2023-07-18 21:40:00+00:00,193.33,193.33,193.33,11,193.33,147,193.331156
2023-07-18 21:41:00+00:00,193.35,193.35,193.35,15,193.35,214,193.351308
2023-07-18 21:42:00+00:00,193.38,193.38,193.38,12,193.38,352,193.380382
2023-07-18 21:45:00+00:00,193.38,193.38,193.38,20,193.38,349,193.392034
2023-07-18 21:46:00+00:00,193.39,193.4,193.39,18,193.4,3357,193.39192
2023-07-18 21:47:00+00:00,193.33,193.39,193.33,29,193.39,2389,193.383035
2023-07-18 21:53:00+00:00,193.4,193.4,193.4,13,193.4,812,193.399748
2023-07-18 21:54:00+00:00,193.4,193.4,193.37,16,193.37,580,193.383121
2023-07-18 21:55:00+00:00,193.35,193.35,193.35,26,193.35,333,193.358273
2023-07-18 21:57:00+00:00,193.38,193.38,193.38,16,193.38,128,193.380781
2023-07-18 22:00:00+00:00,193.3512,193.3512,193.3512,21,193.3512,214,193.355265
2023-07-18 22:01:00+00:00,193.4,193.4,193.3775,59,193.4,3300,193.398864
2023-07-18 22:02:00+00:00,193.43,193.43,193.4015,26,193.4015,688,193.412562
2023-07-18 22:03:00+00:00,193.73,193.73,193.43,26,193.43,1132,193.470517
2023-07-18 22:05:00+00:00,193.46,193.46,193.46,11,193.46,721,193.461976
2023-07-18 22:07:00+00:00,193.46,193.46,193.46,17,193.46,319,193.456395
2023-07-18 22:08:00+00:00,193.4,193.4,193.4,20,193.4,401,193.411845
2023-07-18 22:13:00+00:00,193.49,193.49,193.4846,17,193.4846,1229,193.479614
2023-07-18 22:15:00+00:00,193.45,193.45,193.45,15,193.45,411,193.447336
2023-07-18 22:16:00+00:00,193.47,193.47,193.47,13,193.47,538,193.470558
2023-07-18 22:17:00+00:00,193.5,193.5,193.48,36,193.48,1705,193.486672
2023-07-18 22:18:00+00:00,193.55,193.55,193.55,21,193.55,252,193.529266
2023-07-18 22:20:00+00:00,193.52,193.5597,193.52,17,193.5597,611,193.530072
2023-07-18 22:21:00+00:00,193.5492,193.55,193.52,24,193.55,10084,193.548125
2023-07-18 22:24:00+00:00,193.55,193.55,193.55,11,193.55,140,193.5335
2023-07-18 22:28:00+00:00,193.44,193.44,193.44,9,193.44,244,193.440484
2023-07-18 22:29:00+00:00,193.4504,193.4504,193.45,17,193.45,517,193.451663
2023-07-18 22:30:00+00:00,193.5,193.5,193.5,14,193.5,309,193.500162
2023-07-18 22:35:00+00:00,193.51,193.51,193.51,26,193.51,4085,193.509634
2023-07-18 22:37:00+00:00,193.46,193.51,193.46,15,193.51,1008,193.48627
2023-07-18 22:42:00+00:00,193.49,193.55,193.49,48,193.49,2469,193.505721
2023-07-18 22:44:00+00:00,193.5,193.5,193.4,37,193.4,1005,193.413413
2023-07-18 22:50:00+00:00,193.39,193.39,193.39,13,193.39,356,193.394607
2023-07-18 22:51:00+00:00,193.4,193.4,193.4,6,193.4,211,193.402678
2023-07-18 22:55:00+00:00,193.381,193.3821,193.381,19,193.3821,1376,193.383318
2023-07-18 22:58:00+00:00,193.41,193.41,193.41,9,193.41,113,193.409558
2023-07-18 23:00:00+00:00,193.47,193.47,193.47,11,193.47,215,193.468535
2023-07-18 23:06:00+00:00,193.46,193.46,193.46,12,193.46,254,193.449724
2023-07-18 23:12:00+00:00,193.42,193.42,193.41,20,193.41,593,193.414292
2023-07-18 23:13:00+00:00,193.42,193.42,193.39,34,193.39,1541,193.410668
2023-07-18 23:14:00+00:00,193.42,193.42,193.4199,13,193.42,1269,193.419984
2023-07-18 23:16:00+00:00,193.42,193.42,193.42,21,193.42,1035,193.423043
2023-07-18 23:17:00+00:00,193.4,193.4,193.4,23,193.4,423,193.402459
2023-07-18 23:19:00+00:00,193.45,193.45,193.44,15,193.45,979,193.447783
2023-07-18 23:24:00+00:00,193.42,193.42,193.42,16,193.42,219,193.413242
2023-07-18 23:26:00+00:00,193.4,193.4,193.4,16,193.4,418,193.401699
2023-07-18 23:28:00+00:00,193.4,193.4,193.4,20,193.4,191,193.413298
2023-07-18 23:29:00+00:00,193.38,193.4,193.38,30,193.4,1180,193.393322
2023-07-18 23:30:00+00:00,193.34,193.38,193.34,24,193.38,1002,193.374266
2023-07-18 23:34:00+00:00,193.35,193.35,193.35,16,193.35,521,193.35072
2023-07-18 23:35:00+00:00,193.38,193.38,193.34,16,193.35,739,193.356116
2023-07-18 23:39:00+00:00,193.34,193.36,193.34,30,193.36,1182,193.353574
2023-07-18 23:40:00+00:00,193.35,193.35,193.35,5,193.35,202,193.352574
2023-07-18 23:41:00+00:00,193.36,193.36,193.36,13,193.36,261,193.361437
2023-07-18 23:42:00+00:00,193.36,193.36,193.36,8,193.36,209,193.360455
2023-07-18 23:43:00+00:00,193.37,193.37,193.37,9,193.37,241,193.368568
2023-07-18 23:46:00+00:00,193.36,193.36,193.36,10,193.36,1418,193.360339
2023-07-18 23:47:00+00:00,193.37,193.37,193.37,20,193.37,428,193.380444
2023-07-18 23:48:00+00:00,193.4,193.4,193.36,23,193.36,551,193.383621
2023-07-18 23:49:00+00:00,193.4,193.4,193.4,12,193.4,181,193.398729
2023-07-18 23:50:00+00:00,193.45,193.45,193.4,31,193.4,1430,193.426559
2023-07-18 23:53:00+00:00,193.45,193.46,193.45,14,193.46,5120,193.459693
2023-07-18 23:54:00+00:00,193.4101,193.4101,193.4101,30,193.4101,3108,193.411298
2023-07-18 23:55:00+00:00,193.42,193.42,193.42,13,193.42,245,193.430837
2023-07-18 23:56:00+00:00,193.42,193.42,193.41,19,193.41,652,193.422255
2023-07-18 23:57:00+00:00,193.37,193.4,193.37,19,193.3701,527,193.380057
2023-07-18 23:58:00+00:00,193.4,193.4,193.36,14,193.36,5498,193.396738
2023-07-18 23:59:00+00:00,193.41,193.41,193.4,28,193.4,6092,193.401428
