timestamp,close,high,low,trade_count,open,volume,vwap
2023-05-08 08:00:00+00:00,173.49,173.54,173.1,106,173.1,4480,173.273484
2023-05-08 08:01:00+00:00,173.46,173.46,173.4,62,173.42,2317,173.437872
2023-05-08 08:02:00+00:00,173.57,173.57,173.48,51,173.48,1956,173.519274
2023-05-08 08:03:00+00:00,173.51,173.57,173.51,56,173.57,2333,173.539884
2023-05-08 08:04:00+00:00,173.55,173.57,173.51,27,173.53,1538,173.534876
2023-05-08 08:05:00+00:00,173.5,173.51,173.5,16,173.51,1975,173.508
2023-05-08 08:06:00+00:00,173.48,173.48,173.46,15,173.46,649,173.460385
2023-05-08 08:09:00+00:00,173.3,173.32,173.3,21,173.32,1676,173.303813
2023-05-08 08:10:00+00:00,173.25,173.25,173.25,23,173.25,632,173.262405
2023-05-08 08:11:00+00:00,173.27,173.27,173.27,12,173.27,413,173.26184
2023-05-08 08:13:00+00:00,173.27,173.27,173.27,21,173.27,448,173.274353
2023-05-08 08:14:00+00:00,173.29,173.29,173.29,10,173.29,369,173.299404
2023-05-08 08:18:00+00:00,173.35,173.35,173.35,18,173.35,621,173.346973
2023-05-08 08:19:00+00:00,173.32,173.32,173.32,13,173.32,387,173.337829
2023-05-08 08:20:00+00:00,173.35,173.35,173.35,7,173.35,156,173.350064
2023-05-08 08:23:00+00:00,173.3,173.3,173.28,30,173.3,2264,173.299735
2023-05-08 08:25:00+00:00,173.32,173.32,173.32,9,173.32,340,173.318735
2023-05-08 08:26:00+00:00,173.35,173.35,173.35,13,173.35,280,173.340143
2023-05-08 08:34:00+00:00,173.35,173.35,173.35,12,173.35,221,173.346199
2023-05-08 08:38:00+00:00,173.32,173.32,173.32,13,173.32,310,173.318839
2023-05-08 08:40:00+00:00,173.34,173.34,173.32,21,173.32,923,173.341083
2023-05-08 08:50:00+00:00,173.4,173.4,173.4,26,173.4,1734,173.392566
2023-05-08 08:51:00+00:00,173.42,173.42,173.42,20,173.42,652,173.41477
2023-05-08 08:54:00+00:00,173.38,173.38,173.38,5,173.38,186,173.38
2023-05-08 08:55:00+00:00,173.36,173.36,173.36,10,173.36,241,173.36112
2023-05-08 08:56:00+00:00,173.33,173.36,173.33,44,173.34,1670,173.340826
2023-05-08 08:57:00+00:00,173.34,173.34,173.34,17,173.34,668,173.33747
2023-05-08 08:59:00+00:00,173.42,173.42,173.38,10,173.38,1049,173.403041
2023-05-08 09:00:00+00:00,173.43,173.43,173.41,22,173.41,1077,173.423965
2023-05-08 09:01:00+00:00,173.41,173.41,173.41,13,173.41,313,173.387668
2023-05-08 09:05:00+00:00,173.38,173.4,173.38,10,173.4,478,173.392992
2023-05-08 09:10:00+00:00,173.39,173.39,173.39,8,173.39,404,173.389703
2023-05-08 09:15:00+00:00,173.39,173.39,173.39,16,173.39,586,173.388157
2023-05-08 09:21:00+00:00,173.3,173.33,173.3,37,173.33,1005,173.31605
2023-05-08 09:23:00+00:00,173.32,173.32,173.32,6,173.32,228,173.317544
2023-05-08 09:25:00+00:00,173.35,173.35,173.35,16,173.35,510,173.343686
2023-05-08 09:27:00+00:00,173.34,173.34,173.34,7,173.34,195,173.345282
2023-05-08 09:29:00+00:00,173.3,173.31,173.3,18,173.31,506,173.311719
2023-05-08 09:32:00+00:00,173.33,173.33,173.33,6,173.33,125,173.33104
2023-05-08 09:37:00+00:00,173.37,173.37,173.37,26,173.37,530,173.35717
2023-05-08 09:42:00+00:00,173.31,173.31,173.31,9,173.31,805,173.321155
2023-05-08 09:51:00+00:00,173.39,173.39,173.39,4,173.39,289,173.389585
2023-05-08 09:52:00+00:00,173.36,173.36,173.36,3,173.36,121,173.36
2023-05-08 09:56:00+00:00,173.48,173.48,173.39,52,173.39,2118,173.426223
2023-05-08 09:58:00+00:00,173.48,173.48,173.47,15,173.47,692,173.471171
2023-05-08 09:59:00+00:00,173.47,173.47,173.46,12,173.47,1053,173.46905
2023-05-08 10:01:00+00:00,173.45,173.47,173.45,13,173.47,584,173.454623
2023-05-08 10:05:00+00:00,173.38,173.38,173.38,21,173.38,442,173.387873
2023-05-08 10:26:00+00:00,173.45,173.45,173.45,3,173.45,378,173.45
2023-05-08 10:29:00+00:00,173.41,173.41,173.41,25,173.41,869,173.415501
2023-05-08 10:30:00+00:00,173.48,173.48,173.48,23,173.48,807,173.477819
2023-05-08 10:31:00+00:00,173.49,173.5,173.47,68,173.47,2306,173.484211
2023-05-08 10:32:00+00:00,173.51,173.53,173.5,33,173.5,2841,173.50484
2023-05-08 10:35:00+00:00,173.52,173.52,173.52,11,173.52,315,173.525048
2023-05-08 10:36:00+00:00,173.53,173.53,173.53,11,173.53,600,173.5295
2023-05-08 10:38:00+00:00,173.47,173.54,173.47,29,173.54,9686,173.502643
2023-05-08 10:43:00+00:00,173.45,173.45,173.45,14,173.45,235,173.446681
2023-05-08 10:45:00+00:00,173.41,173.41,173.4,14,173.4,543,173.404125
2023-05-08 10:46:00+00:00,173.35,173.35,173.35,29,173.35,512,173.361719
2023-05-08 10:47:00+00:00,173.29,173.3,173.26,56,173.3,1386,173.280455
2023-05-08 10:48:00+00:00,173.1,173.26,173.1,87,173.26,3216,173.203691
2023-05-08 10:56:00+00:00,173.2,173.2,173.2,12,173.2,1080,173.20088
2023-05-08 10:58:00+00:00,173.23,173.23,173.23,6,173.23,139,173.23036
2023-05-08 11:00:00+00:00,173.17,173.3,173.13,188,173.2,7457,173.215486
2023-05-08 11:01:00+00:00,173.2,173.2,173.2,35,173.2,1020,173.193471
2023-05-08 11:02:00+00:00,173.23,173.24,173.23,29,173.24,1316,173.240881
2023-05-08 11:03:00+00:00,173.25,173.25,173.25,35,173.25,1228,173.250725
2023-05-08 11:06:00+00:00,173.29,173.29,173.29,17,173.29,467,173.291563
2023-05-08 11:07:00+00:00,173.33,173.33,173.31,40,173.31,1508,173.321207
2023-05-08 11:08:00+00:00,173.36,173.36,173.33,35,173.33,2673,173.345133
2023-05-08 11:10:00+00:00,173.35,173.35,173.35,31,173.35,1541,173.351778
2023-05-08 11:11:00+00:00,173.37,173.45,173.33,152,173.35,10828,173.377837
2023-05-08 11:12:00+00:00,173.37,173.4,173.37,43,173.4,2943,173.392497
2023-05-08 11:13:00+00:00,173.36,173.36,173.36,85,173.36,3058,173.379931
2023-05-08 11:14:00+00:00,173.35,173.37,173.35,19,173.36,1273,173.359144
2023-05-08 11:16:00+00:00,173.31,173.31,173.31,23,173.31,626,173.336054
2023-05-08 11:17:00+00:00,173.25,173.32,173.25,48,173.32,3108,173.286532
2023-05-08 11:18:00+00:00,173.28,173.28,173.28,20,173.28,551,173.289419
2023-05-08 11:19:00+00:00,173.26,173.26,173.26,11,173.26,287,173.265087
2023-05-08 11:22:00+00:00,173.25,173.27,173.25,47,173.27,1328,173.249706
2023-05-08 11:23:00+00:00,173.19,173.22,173.19,60,173.22,2789,173.203144
2023-05-08 11:24:00+00:00,173.2,173.25,173.19,32,173.19,2589,173.199807
2023-05-08 11:25:00+00:00,173.19,173.21,173.19,17,173.21,1163,173.20166
2023-05-08 11:28:00+00:00,173.25,173.29,173.2,90,173.22,5020,173.248026
2023-05-08 11:29:00+00:00,173.25,173.27,173.25,13,173.27,656,173.253277
2023-05-08 11:31:00+00:00,173.19,173.24,173.19,55,173.24,3296,173.208483
2023-05-08 11:33:00+00:00,173.2,173.2,173.18,25,173.19,1916,173.185976
2023-05-08 11:34:00+00:00,173.21,173.21,173.18,25,173.18,1171,173.184031
2023-05-08 11:35:00+00:00,173.17,173.17,173.15,38,173.17,1390,173.165165
2023-05-08 11:36:00+00:00,173.11,173.2,173.1,146,173.2,6341,173.158603
2023-05-08 11:37:00+00:00,173.13,173.14,173.13,32,173.14,1176,173.118614
2023-05-08 11:38:00+00:00,173.13,173.15,173.13,18,173.15,1648,173.136177
2023-05-08 11:39:00+00:00,173.14,173.14,173.14,14,173.14,769,173.147152
2023-05-08 11:41:00+00:00,173.13,173.15,173.13,30,173.15,745,173.142456
2023-05-08 11:42:00+00:00,173.18,173.18,173.15,35,173.15,1965,173.166127
2023-05-08 11:44:00+00:00,173.23,173.23,173.23,33,173.23,1005,173.238677
2023-05-08 11:45:00+00:00,173.34,173.34,173.34,50,173.34,1538,173.31433
2023-05-08 11:46:00+00:00,173.26,173.28,173.26,27,173.28,746,173.272172
2023-05-08 11:47:00+00:00,173.3,173.3,173.3,13,173.3,413,173.300533
2023-05-08 11:48:00+00:00,173.25,173.3,173.25,25,173.3,2997,173.292489
2023-05-08 11:49:00+00:00,173.25,173.25,173.24,40,173.24,1366,173.243221
2023-05-08 11:50:00+00:00,173.22,173.24,173.22,41,173.24,2196,173.227514
2023-05-08 11:51:00+00:00,173.19,173.19,173.19,21,173.19,753,173.20575
2023-05-08 11:52:00+00:00,173.2,173.2,173.19,71,173.19,2335,173.183606
2023-05-08 11:53:00+00:00,173.18,173.18,173.18,13,173.18,1516,173.181603
2023-05-08 11:54:00+00:00,173.17,173.17,173.16,14,173.16,1996,173.168823
2023-05-08 11:55:00+00:00,173.17,173.17,173.17,15,173.17,3288,173.170529
2023-05-08 11:57:00+00:00,173.18,173.2,173.18,59,173.2,2083,173.195252
2023-05-08 11:58:00+00:00,173.15,173.15,173.15,28,173.15,641,173.153931
2023-05-08 11:59:00+00:00,173.16,173.16,173.14,24,173.14,2815,173.148824
2023-05-08 12:00:00+00:00,173.1,173.46,173.07,741,173.27,74494,173.269174
2023-05-08 12:01:00+00:00,173.04,173.3415,172.97,965,173.09,20090,173.090543
2023-05-08 12:02:00+00:00,173.11,173.25,172.88,274,173.17,5285,173.099175
2023-05-08 12:03:00+00:00,173.1,173.13,173.1,33,173.13,736,173.124082
2023-05-08 12:04:00+00:00,173.1782,173.1782,173.11,58,173.11,7477,173.143672
2023-05-08 12:05:00+00:00,173.25,173.25,173.18,60,173.18,1319,173.211296
2023-05-08 12:06:00+00:00,173.25,173.26,173.22,41,173.22,2851,173.25453
2023-05-08 12:07:00+00:00,173.18,173.26,173.18,64,173.25,3302,173.215569
2023-05-08 12:08:00+00:00,173.19,173.25,173.15,73,173.15,3437,173.186628
2023-05-08 12:09:00+00:00,173.25,173.25,173.18,53,173.22,1639,173.216413
2023-05-08 12:11:00+00:00,173.23,173.27,173.21,49,173.27,1629,173.237673
2023-05-08 12:12:00+00:00,173.23,173.2483,173.23,35,173.2483,1099,173.232517
2023-05-08 12:13:00+00:00,173.18,173.25,173.18,65,173.25,1849,173.202579
2023-05-08 12:14:00+00:00,173.19,173.19,173.12,73,173.15,2966,173.147297
2023-05-08 12:15:00+00:00,173.08,173.15,173.08,91,173.15,4567,173.104007
2023-05-08 12:16:00+00:00,173.09,173.1,173.06,66,173.09,2628,173.084587
2023-05-08 12:17:00+00:00,173.06,173.06,173.05,48,173.06,1925,173.064016
2023-05-08 12:18:00+00:00,173.11,173.11,173.06,45,173.06,2639,173.084743
2023-05-08 12:19:00+00:00,173.0603,173.15,173.0603,136,173.13,5434,173.121224
2023-05-08 12:20:00+00:00,173.09,173.1,173.0601,64,173.1,2542,173.077464
2023-05-08 12:21:00+00:00,173.15,173.15,173.07,47,173.09,1749,173.113939
2023-05-08 12:22:00+00:00,173.11,173.11,173.1,32,173.1,4594,173.101886
2023-05-08 12:24:00+00:00,173.12,173.15,173.12,30,173.15,567,173.137633
2023-05-08 12:25:00+00:00,173.06,173.12,173.06,78,173.12,3470,173.106589
2023-05-08 12:26:00+00:00,173.05,173.0563,173.05,46,173.0563,1769,173.058425
2023-05-08 12:27:00+00:00,173.12,173.12,173.11,37,173.11,545,173.110426
2023-05-08 12:28:00+00:00,173.1239,173.1239,173.1239,33,173.1239,629,173.12094
2023-05-08 12:29:00+00:00,173.12,173.12,173.12,46,173.12,1643,173.117586
2023-05-08 12:30:00+00:00,173.18,173.18,173.14,44,173.14,730,173.163464
2023-05-08 12:31:00+00:00,173.22,173.22,173.1451,54,173.1451,1469,173.194853
2023-05-08 12:32:00+00:00,173.11,173.21,173.11,75,173.19,5079,173.153518
2023-05-08 12:33:00+00:00,173.04,173.1,173.04,104,173.1,9571,173.068559
2023-05-08 12:34:00+00:00,172.98,173.03,172.98,306,173.03,16336,173.008478
2023-05-08 12:35:00+00:00,173.0,173.0,172.96,50,172.99,3307,172.980745
2023-05-08 12:36:00+00:00,172.99,173.02,172.99,63,173.01,6882,173.013166
2023-05-08 12:37:00+00:00,172.95,172.99,172.9476,108,172.99,6920,172.962205
2023-05-08 12:38:00+00:00,172.89,172.98,172.88,172,172.97,7005,172.933204
2023-05-08 12:39:00+00:00,172.95,172.98,172.89,65,172.9,2220,172.926742
2023-05-08 12:40:00+00:00,173.0,173.01,172.95,93,172.95,5057,172.999624
2023-05-08 12:41:00+00:00,173.04,173.05,172.96,70,172.98,7778,173.017748
2023-05-08 12:42:00+00:00,173.03,173.06,173.02,49,173.06,5554,173.049925
2023-05-08 12:43:00+00:00,173.02,173.03,172.98,67,173.03,2490,173.012117
2023-05-08 12:44:00+00:00,172.91,173.03,172.9,90,172.96,4002,172.956753
2023-05-08 12:45:00+00:00,172.92,172.95,172.89,140,172.95,8083,172.92609
2023-05-08 12:46:00+00:00,172.9395,172.97,172.92,62,172.97,2950,172.942367
2023-05-08 12:47:00+00:00,172.85,172.91,172.81,138,172.91,9619,172.855897
2023-05-08 12:48:00+00:00,172.83,172.91,172.82,95,172.85,12049,172.85817
2023-05-08 12:49:00+00:00,172.83,172.85,172.8,91,172.85,5431,172.819955
2023-05-08 12:50:00+00:00,172.77,172.83,172.76,147,172.83,8262,172.79783
2023-05-08 12:51:00+00:00,172.88,172.93,172.76,129,172.76,5662,172.871798
2023-05-08 12:52:00+00:00,172.9,172.9,172.85,64,172.8862,1404,172.877638
2023-05-08 12:53:00+00:00,172.98,173.0,172.89,147,172.92,16555,172.95933
2023-05-08 12:54:00+00:00,172.92,172.98,172.92,87,172.94,8270,172.952548
2023-05-08 12:55:00+00:00,172.93,172.93,172.92,60,172.92,3766,172.922625
2023-05-08 12:56:00+00:00,172.95,172.95,172.95,41,172.95,1702,172.950241
2023-05-08 12:57:00+00:00,172.96,172.96,172.93,40,172.94,1522,172.941871
2023-05-08 12:58:00+00:00,172.92,172.93,172.87,88,172.93,4335,172.907729
2023-05-08 12:59:00+00:00,172.9,172.91,172.9,50,172.9,5262,172.903352
2023-05-08 13:00:00+00:00,172.89,172.91,172.83,177,172.89,7848,172.863869
2023-05-08 13:01:00+00:00,172.86,172.91,172.83,148,172.9,10322,172.869815
2023-05-08 13:02:00+00:00,172.87,172.87,172.83,70,172.87,2210,172.854793
2023-05-08 13:03:00+00:00,172.82,172.85,172.8,81,172.85,2863,172.824019
2023-05-08 13:04:00+00:00,172.85,172.85,172.82,55,172.84,2368,172.834571
2023-05-08 13:05:00+00:00,172.84,172.9,172.84,107,172.88,6055,172.872522
2023-05-08 13:06:00+00:00,172.87,172.87,172.85,58,172.86,1684,172.859492
2023-05-08 13:07:00+00:00,172.87,172.88,172.84,60,172.84,4012,172.865635
2023-05-08 13:08:00+00:00,172.93,172.93,172.86,85,172.86,6657,172.886912
2023-05-08 13:09:00+00:00,172.88,172.93,172.88,77,172.93,3888,172.912563
2023-05-08 13:10:00+00:00,172.8999,172.8999,172.85,86,172.88,3923,172.861335
2023-05-08 13:11:00+00:00,172.97,172.97,172.86,123,172.86,2795,172.940373
2023-05-08 13:12:00+00:00,172.94,172.96,172.93,70,172.96,3263,172.943115
2023-05-08 13:13:00+00:00,172.9,172.94,172.9,69,172.9399,3232,172.913942
2023-05-08 13:14:00+00:00,172.81,172.86,172.81,137,172.86,4870,172.832821
2023-05-08 13:15:00+00:00,172.82,172.82,172.75,112,172.8,3598,172.792139
2023-05-08 13:16:00+00:00,172.8201,172.84,172.78,97,172.7999,5969,172.814417
2023-05-08 13:17:00+00:00,172.86,172.86,172.83,91,172.83,7298,172.836885
2023-05-08 13:18:00+00:00,172.91,172.91,172.83,134,172.8699,7561,172.872421
2023-05-08 13:19:00+00:00,172.88,172.9,172.86,117,172.89,6276,172.877021
2023-05-08 13:20:00+00:00,172.93,172.93,172.86,98,172.88,5146,172.899111
2023-05-08 13:21:00+00:00,173.0,173.0,172.93,145,172.93,3371,172.974388
2023-05-08 13:22:00+00:00,173.03,173.0684,172.95,178,173.02,10694,173.025377
2023-05-08 13:23:00+00:00,172.97,173.03,172.95,177,173.03,13952,172.987729
2023-05-08 13:24:00+00:00,172.975,172.98,172.97,80,172.98,6627,172.973303
2023-05-08 13:25:00+00:00,172.66,172.97,172.5,696,172.95,62064,172.67529
2023-05-08 13:26:00+00:00,172.61,172.71,172.56,404,172.66,42001,172.629805
2023-05-08 13:27:00+00:00,172.4,172.65,172.26,764,172.6,78728,172.464107
2023-05-08 13:28:00+00:00,172.39,172.48,172.36,327,172.38,30717,172.433561
2023-05-08 13:29:00+00:00,172.52,172.52,172.39,263,172.4,40121,172.444845
2023-05-08 13:30:00+00:00,172.6782,172.78,172.11,14283,172.48,3282812,172.430822
2023-05-08 13:31:00+00:00,172.78,172.8,172.24,5706,172.65,526419,172.530582
2023-05-08 13:32:00+00:00,172.7135,172.8,172.5,3386,172.78,343136,172.699735
2023-05-08 13:33:00+00:00,173.02,173.13,172.68,6236,172.7199,659259,172.962306
2023-05-08 13:34:00+00:00,172.66,173.02,172.54,3790,173.001,312094,172.724576
2023-05-08 13:35:00+00:00,172.61,173.0,172.59,4986,172.665,449375,172.811234
2023-05-08 13:36:00+00:00,172.58,172.76,172.545,2957,172.6392,289826,172.64638
2023-05-08 13:37:00+00:00,172.77,172.8799,172.57,3028,172.58,246661,172.74996
2023-05-08 13:38:00+00:00,172.29,172.79,172.16,4023,172.77,362977,172.406079
2023-05-08 13:39:00+00:00,172.8835,172.93,172.25,5481,172.28,428483,172.635192
2023-05-08 13:40:00+00:00,172.88,173.0,172.76,3212,172.885,281935,172.877152
2023-05-08 13:41:00+00:00,172.85,172.965,172.74,3079,172.89,235604,172.893164
2023-05-08 13:42:00+00:00,173.0101,173.2,172.8235,4184,172.855,379606,173.040406
2023-05-08 13:43:00+00:00,172.67,173.04,172.65,2690,173.02,267431,172.792102
2023-05-08 13:44:00+00:00,172.5599,172.73,172.495,2258,172.67,204607,172.61438
2023-05-08 13:45:00+00:00,172.925,172.98,172.55,2357,172.55,253025,172.80773
2023-05-08 13:46:00+00:00,173.2716,173.31,172.9207,3491,172.9288,371684,173.172771
2023-05-08 13:47:00+00:00,173.1201,173.33,173.1,4696,173.2855,315987,173.211717
2023-05-08 13:48:00+00:00,173.36,173.37,173.09,3983,173.1288,187568,173.24354
2023-05-08 13:49:00+00:00,173.29,173.57,173.2853,5938,173.3543,411470,173.463053
2023-05-08 13:50:00+00:00,173.0,173.34,172.99,4445,173.29,257530,173.169735
2023-05-08 13:51:00+00:00,172.82,173.02,172.79,4392,173.0,230926,172.926894
2023-05-08 13:52:00+00:00,172.82,172.91,172.72,3688,172.8109,178834,172.80968
2023-05-08 13:53:00+00:00,172.9,172.96,172.68,3995,172.8139,208161,172.837414
2023-05-08 13:54:00+00:00,172.65,172.8988,172.54,4273,172.8988,219044,172.684592
2023-05-08 13:55:00+00:00,172.73,172.81,172.63,3565,172.64,170268,172.720812
2023-05-08 13:56:00+00:00,172.82,172.9,172.71,3642,172.7225,182134,172.823373
2023-05-08 13:57:00+00:00,172.745,172.85,172.68,3465,172.82,134963,172.752325
2023-05-08 13:58:00+00:00,172.84,172.935,172.71,3652,172.74,141319,172.835759
2023-05-08 13:59:00+00:00,172.784,172.8999,172.68,3950,172.84,214430,172.79067
2023-05-08 14:00:00+00:00,172.98,173.08,172.74,5224,172.795,362655,172.902692
2023-05-08 14:01:00+00:00,173.14,173.19,172.93,4431,172.97,213097,173.064233
2023-05-08 14:02:00+00:00,173.14,173.19,173.07,4007,173.15,188959,173.13768
2023-05-08 14:03:00+00:00,173.04,173.19,173.01,3857,173.15,138867,173.073844
2023-05-08 14:04:00+00:00,172.96,173.0689,172.84,4009,173.06,225033,172.959885
2023-05-08 14:05:00+00:00,173.0399,173.07,172.87,4107,172.95,178797,172.967109
2023-05-08 14:06:00+00:00,173.095,173.1499,173.02,4052,173.03,162013,173.092029
2023-05-08 14:07:00+00:00,173.11,173.2,173.1,3657,173.1,154095,173.15477
2023-05-08 14:08:00+00:00,173.18,173.27,173.06,4482,173.12,195241,173.18158
2023-05-08 14:09:00+00:00,173.25,173.37,173.1701,4695,173.1796,255604,173.281768
2023-05-08 14:10:00+00:00,173.51,173.64,173.25,5763,173.25,367017,173.483558
2023-05-08 14:11:00+00:00,173.5028,173.59,173.4,4025,173.5101,185704,173.503238
2023-05-08 14:12:00+00:00,173.28,173.505,173.22,4194,173.5,229758,173.352301
2023-05-08 14:13:00+00:00,173.36,173.36,173.17,3747,173.27,185283,173.26782
2023-05-08 14:14:00+00:00,173.19,173.36,173.17,3520,173.35,134238,173.26807
2023-05-08 14:15:00+00:00,173.35,173.38,173.195,4111,173.195,193160,173.301901
2023-05-08 14:16:00+00:00,173.31,173.43,173.28,4055,173.35,196550,173.357574
2023-05-08 14:17:00+00:00,173.235,173.31,173.14,3790,173.31,213074,173.22476
2023-05-08 14:18:00+00:00,173.49,173.51,173.2,3795,173.24,178646,173.375193
2023-05-08 14:19:00+00:00,173.7099,173.735,173.5,5554,173.51,340322,173.650883
2023-05-08 14:20:00+00:00,173.55,173.72,173.525,4188,173.7,243619,173.637827
2023-05-08 14:21:00+00:00,173.63,173.68,173.46,4046,173.55,203257,173.55755
2023-05-08 14:22:00+00:00,173.725,173.75,173.53,4231,173.62,189539,173.664613
2023-05-08 14:23:00+00:00,173.765,173.82,173.66,4294,173.7212,202268,173.75016
2023-05-08 14:24:00+00:00,173.52,173.77,173.49,4110,173.77,215561,173.604995
2023-05-08 14:25:00+00:00,173.571,173.635,173.48,3665,173.525,186343,173.547483
2023-05-08 14:26:00+00:00,173.55,173.67,173.5,3599,173.57,118058,173.581625
2023-05-08 14:27:00+00:00,173.5999,173.63,173.51,3351,173.55,97340,173.575662
2023-05-08 14:28:00+00:00,173.4001,173.59,173.4,3797,173.59,176178,173.48251
2023-05-08 14:29:00+00:00,173.37,173.43,173.3,3692,173.4,181131,173.365801
2023-05-08 14:30:00+00:00,173.52,173.59,173.375,3669,173.375,177971,173.506948
2023-05-08 14:31:00+00:00,173.48,173.58,173.46,3076,173.515,128971,173.517436
2023-05-08 14:32:00+00:00,173.16,173.5,173.15,3522,173.49,201951,173.299131
2023-05-08 14:33:00+00:00,172.97,173.22,172.92,2739,173.155,257843,173.062858
2023-05-08 14:34:00+00:00,172.8832,172.9844,172.7901,2207,172.97,207338,172.890007
2023-05-08 14:35:00+00:00,172.835,172.875,172.7201,2118,172.87,241747,172.801894
2023-05-08 14:36:00+00:00,172.8481,172.92,172.75,1551,172.84,169317,172.841249
2023-05-08 14:37:00+00:00,173.0,173.005,172.8551,1629,172.8551,161071,172.965772
2023-05-08 14:38:00+00:00,172.96,173.05,172.883,1616,173.0,182775,172.964253
2023-05-08 14:39:00+00:00,172.9695,172.975,172.83,1434,172.955,191630,172.90314
2023-05-08 14:40:00+00:00,172.8801,173.0799,172.86,1644,172.97,184777,172.98818
2023-05-08 14:41:00+00:00,173.02,173.04,172.8629,1089,172.885,104959,172.945626
2023-05-08 14:42:00+00:00,172.9044,173.035,172.89,1361,173.025,123853,172.963413
2023-05-08 14:43:00+00:00,172.885,172.92,172.8,1085,172.905,107821,172.860171
2023-05-08 14:44:00+00:00,172.9976,173.0,172.75,1300,172.85,147989,172.849505
2023-05-08 14:45:00+00:00,173.1044,173.14,172.94,1690,172.995,187428,173.054102
2023-05-08 14:46:00+00:00,173.08,173.11,172.9761,988,173.1091,96127,173.025322
2023-05-08 14:47:00+00:00,173.23,173.23,173.085,1294,173.085,152089,173.169955
2023-05-08 14:48:00+00:00,173.25,173.27,173.115,1490,173.23,157524,173.199076
2023-05-08 14:49:00+00:00,173.26,173.33,173.23,1392,173.25,141850,173.276822
2023-05-08 14:50:00+00:00,173.2337,173.29,173.15,1036,173.27,160471,173.26244
2023-05-08 14:51:00+00:00,173.26,173.283,173.21,918,173.23,84826,173.231989
2023-05-08 14:52:00+00:00,173.24,173.2998,173.155,954,173.2683,89674,173.222902
2023-05-08 14:53:00+00:00,173.145,173.26,173.1401,938,173.25,117934,173.198727
2023-05-08 14:54:00+00:00,173.245,173.245,173.135,921,173.1412,86022,173.205686
2023-05-08 14:55:00+00:00,173.2838,173.3499,173.22,1366,173.25,145874,173.288842
2023-05-08 14:56:00+00:00,173.405,173.475,173.29,2303,173.29,239026,173.396982
2023-05-08 14:57:00+00:00,173.46,173.4954,173.357,1612,173.42,169173,173.442599
2023-05-08 14:58:00+00:00,173.47,173.53,173.425,1500,173.4587,141184,173.46988
2023-05-08 14:59:00+00:00,173.47,173.4799,173.4238,1143,173.47,127427,173.444792
2023-05-08 15:00:00+00:00,173.48,173.5,173.42,929,173.48,82086,173.467107
2023-05-08 15:01:00+00:00,173.3199,173.52,173.31,1250,173.4712,143924,173.410487
2023-05-08 15:02:00+00:00,173.31,173.36,173.28,763,173.31,80579,173.324582
2023-05-08 15:03:00+00:00,173.25,173.3199,173.23,943,173.29,88661,173.264292
2023-05-08 15:04:00+00:00,173.38,173.39,173.24,865,173.2515,103627,173.329519
2023-05-08 15:05:00+00:00,173.305,173.39,173.2797,784,173.39,89207,173.324131
2023-05-08 15:06:00+00:00,173.3301,173.37,173.26,999,173.305,90111,173.320872
2023-05-08 15:07:00+00:00,173.355,173.3599,173.245,824,173.3393,89350,173.28778
2023-05-08 15:08:00+00:00,173.385,173.39,173.32,784,173.355,59511,173.35701
2023-05-08 15:09:00+00:00,173.54,173.55,173.3741,1189,173.39,141834,173.451084
2023-05-08 15:10:00+00:00,173.6,173.62,173.47,1352,173.535,147430,173.554128
2023-05-08 15:11:00+00:00,173.555,173.63,173.5401,846,173.6,96007,173.589463
2023-05-08 15:12:00+00:00,173.59,173.6293,173.555,850,173.555,92823,173.594719
2023-05-08 15:13:00+00:00,173.61,173.61,173.5,906,173.585,75748,173.554734
2023-05-08 15:14:00+00:00,173.5999,173.61,173.53,882,173.61,82598,173.56636
2023-05-08 15:15:00+00:00,173.6099,173.62,173.53,854,173.59,83131,173.584508
2023-05-08 15:16:00+00:00,173.51,173.62,173.5,911,173.605,95908,173.548242
2023-05-08 15:17:00+00:00,173.495,173.5325,173.48,840,173.5001,62763,173.507651
2023-05-08 15:18:00+00:00,173.5,173.59,173.475,793,173.49,83632,173.534475
2023-05-08 15:19:00+00:00,173.53,173.535,173.47,673,173.505,55354,173.499389
2023-05-08 15:20:00+00:00,173.41,173.54,173.41,1040,173.52,93777,173.483385
2023-05-08 15:21:00+00:00,173.44,173.465,173.4,885,173.42,70737,173.438206
2023-05-08 15:22:00+00:00,173.43,173.49,173.39,934,173.455,74525,173.443248
2023-05-08 15:23:00+00:00,173.365,173.425,173.36,627,173.42,62539,173.393371
2023-05-08 15:24:00+00:00,173.32,173.3968,173.32,709,173.3621,55773,173.366148
2023-05-08 15:25:00+00:00,173.205,173.3299,173.19,1318,173.3204,131784,173.242024
2023-05-08 15:26:00+00:00,173.26,173.3199,173.205,762,173.21,85935,173.277017
2023-05-08 15:27:00+00:00,173.32,173.33,173.24,796,173.27,99002,173.27865
2023-05-08 15:28:00+00:00,173.2594,173.325,173.2594,520,173.32,51094,173.286984
2023-05-08 15:29:00+00:00,173.2206,173.26,173.15,976,173.2593,92033,173.187611
2023-05-08 15:30:00+00:00,173.2299,173.3085,173.1799,919,173.23,94674,173.240226
2023-05-08 15:31:00+00:00,173.195,173.24,173.15,868,173.22,87940,173.202601
2023-05-08 15:32:00+00:00,173.3484,173.35,173.19,807,173.19,73246,173.262728
2023-05-08 15:33:00+00:00,173.335,173.35,173.3,631,173.35,50922,173.330044
2023-05-08 15:34:00+00:00,173.385,173.4191,173.32,918,173.33,119038,173.378754
2023-05-08 15:35:00+00:00,173.395,173.43,173.36,557,173.385,51607,173.37947
2023-05-08 15:36:00+00:00,173.46,173.46,173.4,686,173.4,53540,173.43168
2023-05-08 15:37:00+00:00,173.5031,173.51,173.44,770,173.45,75649,173.4725
2023-05-08 15:38:00+00:00,173.47,173.55,173.45,830,173.5,102720,173.502697
2023-05-08 15:39:00+00:00,173.51,173.5378,173.445,625,173.47,80617,173.491632
2023-05-08 15:40:00+00:00,173.5225,173.5441,173.45,897,173.51,91298,173.505608
2023-05-08 15:41:00+00:00,173.5093,173.57,173.49,776,173.52,74943,173.522935
2023-05-08 15:42:00+00:00,173.5301,173.54,173.46,776,173.504,78504,173.491611
2023-05-08 15:43:00+00:00,173.6,173.635,173.525,993,173.54,120434,173.584305
2023-05-08 15:44:00+00:00,173.6401,173.645,173.5801,778,173.6023,99785,173.612021
2023-05-08 15:45:00+00:00,173.575,173.71,173.53,1599,173.64,211311,173.622617
2023-05-08 15:46:00+00:00,173.635,173.6959,173.56,1093,173.575,98516,173.642023
2023-05-08 15:47:00+00:00,173.685,173.69,173.63,724,173.64,72870,173.664014
2023-05-08 15:48:00+00:00,173.62,173.71,173.615,800,173.69,76097,173.675137
2023-05-08 15:49:00+00:00,173.645,173.66,173.595,858,173.62,72900,173.623298
2023-05-08 15:50:00+00:00,173.6715,173.68,173.595,735,173.64,74228,173.633068
2023-05-08 15:51:00+00:00,173.68,173.685,173.62,798,173.6793,61334,173.661394
2023-05-08 15:52:00+00:00,173.62,173.7,173.62,827,173.68,84270,173.660074
2023-05-08 15:53:00+00:00,173.69,173.69,173.6,686,173.63,64346,173.645872
2023-05-08 15:54:00+00:00,173.63,173.695,173.6214,616,173.69,67941,173.65405
2023-05-08 15:55:00+00:00,173.66,173.66,173.6,631,173.6201,63395,173.63008
2023-05-08 15:56:00+00:00,173.6987,173.7,173.63,796,173.65,70161,173.669639
2023-05-08 15:57:00+00:00,173.6886,173.7,173.655,604,173.7,47445,173.674107
2023-05-08 15:58:00+00:00,173.765,173.765,173.68,1332,173.69,136939,173.719219
2023-05-08 15:59:00+00:00,173.76,173.768,173.71,745,173.7669,68775,173.736026
2023-05-08 16:00:00+00:00,173.81,173.82,173.74,1052,173.77,86437,173.790092
2023-05-08 16:01:00+00:00,173.715,173.82,173.7,905,173.81,79101,173.765187
2023-05-08 16:02:00+00:00,173.7306,173.76,173.681,557,173.72,39507,173.72369
2023-05-08 16:03:00+00:00,173.7042,173.74,173.68,584,173.7371,49912,173.713741
2023-05-08 16:04:00+00:00,173.7081,173.71,173.6101,898,173.7072,101120,173.657186
2023-05-08 16:05:00+00:00,173.65,173.7065,173.62,654,173.7065,57643,173.658603
2023-05-08 16:06:00+00:00,173.61,173.69,173.605,665,173.6491,77851,173.651481
2023-05-08 16:07:00+00:00,173.6109,173.67,173.6001,623,173.615,61509,173.633326
2023-05-08 16:08:00+00:00,173.5979,173.62,173.56,763,173.62,69082,173.58483
2023-05-08 16:09:00+00:00,173.71,173.7191,173.59,805,173.595,89663,173.666763
2023-05-08 16:10:00+00:00,173.68,173.705,173.6,826,173.705,70363,173.661108
2023-05-08 16:11:00+00:00,173.74,173.74,173.6684,604,173.68,49763,173.687589
2023-05-08 16:12:00+00:00,173.69,173.75,173.666,739,173.735,112634,173.728149
2023-05-08 16:13:00+00:00,173.6501,173.685,173.595,770,173.68,62102,173.634203
2023-05-08 16:14:00+00:00,173.68,173.7042,173.6401,445,173.6401,29309,173.677018
2023-05-08 16:15:00+00:00,173.645,173.7,173.6155,564,173.68,46915,173.644993
2023-05-08 16:16:00+00:00,173.55,173.6675,173.55,623,173.645,51048,173.607975
2023-05-08 16:17:00+00:00,173.5178,173.5845,173.5001,975,173.55,117606,173.540607
2023-05-08 16:18:00+00:00,173.5742,173.58,173.5,735,173.515,66618,173.535291
2023-05-08 16:19:00+00:00,173.555,173.6,173.5221,614,173.575,60225,173.572007
2023-05-08 16:20:00+00:00,173.59,173.6,173.5313,500,173.5563,43801,173.568926
2023-05-08 16:21:00+00:00,173.66,173.7,173.595,830,173.595,101091,173.654976
2023-05-08 16:22:00+00:00,173.59,173.67,173.555,731,173.66,75122,173.62568
2023-05-08 16:23:00+00:00,173.6212,173.64,173.59,617,173.5918,42408,173.618903
2023-05-08 16:24:00+00:00,173.63,173.64,173.6,578,173.63,43860,173.623
2023-05-08 16:25:00+00:00,173.68,173.72,173.6298,842,173.63,91011,173.677813
2023-05-08 16:26:00+00:00,173.6701,173.68,173.6,695,173.6732,75639,173.638553
2023-05-08 16:27:00+00:00,173.6799,173.71,173.655,632,173.6729,68423,173.681176
2023-05-08 16:28:00+00:00,173.6874,173.73,173.67,624,173.675,64614,173.70816
2023-05-08 16:29:00+00:00,173.745,173.76,173.675,574,173.69,52950,173.719992
2023-05-08 16:30:00+00:00,173.745,173.755,173.675,655,173.75,73324,173.720253
2023-05-08 16:31:00+00:00,173.68,173.76,173.67,585,173.7431,50102,173.722003
2023-05-08 16:32:00+00:00,173.575,173.68,173.57,648,173.6788,50005,173.632809
2023-05-08 16:33:00+00:00,173.52,173.5799,173.41,1069,173.575,105537,173.478409
2023-05-08 16:34:00+00:00,173.6001,173.61,173.51,606,173.53,55798,173.547878
2023-05-08 16:35:00+00:00,173.585,173.62,173.54,668,173.61,65806,173.582758
2023-05-08 16:36:00+00:00,173.6315,173.635,173.55,460,173.59,43883,173.580762
2023-05-08 16:37:00+00:00,173.7099,173.7299,173.63,703,173.63,78315,173.692105
2023-05-08 16:38:00+00:00,173.765,173.765,173.7001,590,173.71,52469,173.737135
2023-05-08 16:39:00+00:00,173.7199,173.77,173.705,501,173.76,43750,173.744596
2023-05-08 16:40:00+00:00,173.63,173.74,173.63,659,173.72,80369,173.660185
2023-05-08 16:41:00+00:00,173.65,173.73,173.6201,604,173.63,56447,173.691683
2023-05-08 16:42:00+00:00,173.65,173.69,173.64,428,173.655,31637,173.670211
2023-05-08 16:43:00+00:00,173.71,173.73,173.62,635,173.64,63965,173.674249
2023-05-08 16:44:00+00:00,173.6107,173.7305,173.6101,525,173.71,64664,173.664048
2023-05-08 16:45:00+00:00,173.57,173.68,173.57,675,173.62,73074,173.629021
2023-05-08 16:46:00+00:00,173.5968,173.62,173.54,613,173.575,54148,173.585708
2023-05-08 16:47:00+00:00,173.585,173.64,173.5701,944,173.6,80473,173.614417
2023-05-08 16:48:00+00:00,173.61,173.63,173.54,568,173.585,50589,173.583219
2023-05-08 16:49:00+00:00,173.6107,173.6299,173.54,606,173.61,64131,173.579738
2023-05-08 16:50:00+00:00,173.67,173.69,173.585,760,173.6,69510,173.649836
2023-05-08 16:51:00+00:00,173.68,173.71,173.65,530,173.6701,48597,173.677953
2023-05-08 16:52:00+00:00,173.67,173.69,173.62,555,173.685,44459,173.66065
2023-05-08 16:53:00+00:00,173.57,173.65,173.54,621,173.65,53597,173.582315
2023-05-08 16:54:00+00:00,173.57,173.6099,173.56,486,173.575,52927,173.581796
2023-05-08 16:55:00+00:00,173.475,173.56,173.46,871,173.56,91959,173.497819
2023-05-08 16:56:00+00:00,173.46,173.5099,173.44,731,173.48,63149,173.472278
2023-05-08 16:57:00+00:00,173.4899,173.49,173.425,706,173.47,67294,173.460092
2023-05-08 16:58:00+00:00,173.4704,173.4959,173.44,543,173.49,44427,173.472663
2023-05-08 16:59:00+00:00,173.44,173.4779,173.41,591,173.47,59159,173.441164
2023-05-08 17:00:00+00:00,173.373,173.51,173.36,887,173.45,102206,173.438551
2023-05-08 17:01:00+00:00,173.49,173.49,173.36,593,173.3616,53239,173.432671
2023-05-08 17:02:00+00:00,173.465,173.49,173.4359,488,173.49,46308,173.468886
2023-05-08 17:03:00+00:00,173.49,173.5,173.44,405,173.46,36659,173.477132
2023-05-08 17:04:00+00:00,173.39,173.495,173.39,583,173.49,38536,173.434125
2023-05-08 17:05:00+00:00,173.39,173.42,173.36,599,173.395,44161,173.386029
2023-05-08 17:06:00+00:00,173.41,173.42,173.35,537,173.38,50246,173.386128
2023-05-08 17:07:00+00:00,173.4002,173.44,173.3816,518,173.415,44277,173.414216
2023-05-08 17:08:00+00:00,173.45,173.46,173.395,425,173.4,39166,173.426713
2023-05-08 17:09:00+00:00,173.46,173.48,173.4399,510,173.4421,36428,173.459058
2023-05-08 17:10:00+00:00,173.46,173.5,173.435,527,173.4556,44211,173.469268
2023-05-08 17:11:00+00:00,173.45,173.47,173.4101,468,173.46,46522,173.435365
2023-05-08 17:12:00+00:00,173.4601,173.475,173.435,509,173.445,42348,173.453442
2023-05-08 17:13:00+00:00,173.4688,173.47,173.43,370,173.45,23226,173.456034
2023-05-08 17:14:00+00:00,173.4599,173.47,173.4,705,173.47,63332,173.422166
2023-05-08 17:15:00+00:00,173.44,173.47,173.43,550,173.46,38004,173.44852
2023-05-08 17:16:00+00:00,173.45,173.46,173.4,546,173.442,42261,173.424753
2023-05-08 17:17:00+00:00,173.525,173.54,173.445,635,173.4508,68585,173.491261
2023-05-08 17:18:00+00:00,173.4382,173.54,173.415,704,173.52,54324,173.477378
2023-05-08 17:19:00+00:00,173.4,173.4356,173.3806,579,173.435,45792,173.407948
2023-05-08 17:20:00+00:00,173.455,173.47,173.37,665,173.39,80946,173.4211
2023-05-08 17:21:00+00:00,173.445,173.49,173.42,816,173.455,88466,173.44493
2023-05-08 17:22:00+00:00,173.54,173.54,173.43,580,173.44,76957,173.484047
2023-05-08 17:23:00+00:00,173.48,173.53,173.44,658,173.5231,63149,173.481372
2023-05-08 17:24:00+00:00,173.51,173.51,173.46,540,173.465,50644,173.482469
2023-05-08 17:25:00+00:00,173.5601,173.57,173.5,585,173.515,89767,173.546008
2023-05-08 17:26:00+00:00,173.542,173.63,173.535,721,173.564,69239,173.582472
2023-05-08 17:27:00+00:00,173.5473,173.595,173.515,562,173.5301,51650,173.564722
2023-05-08 17:28:00+00:00,173.5701,173.589,173.505,475,173.57,57813,173.545854
2023-05-08 17:29:00+00:00,173.63,173.65,173.5701,634,173.5899,56539,173.615577
2023-05-08 17:30:00+00:00,173.65,173.68,173.62,957,173.64,73984,173.659855
2023-05-08 17:31:00+00:00,173.665,173.7,173.65,948,173.65,73167,173.676484
2023-05-08 17:32:00+00:00,173.7,173.72,173.66,757,173.665,61929,173.677335
2023-05-08 17:33:00+00:00,173.7,173.72,173.66,591,173.705,51325,173.690274
2023-05-08 17:34:00+00:00,173.6809,173.715,173.68,490,173.7,32012,173.697308
2023-05-08 17:35:00+00:00,173.665,173.72,173.6615,545,173.68,44365,173.692476
2023-05-08 17:36:00+00:00,173.7188,173.72,173.66,575,173.66,40578,173.694378
2023-05-08 17:37:00+00:00,173.705,173.72,173.68,423,173.72,34094,173.699184
2023-05-08 17:38:00+00:00,173.725,173.725,173.685,429,173.7,32539,173.705991
2023-05-08 17:39:00+00:00,173.79,173.79,173.72,860,173.725,83110,173.758153
2023-05-08 17:40:00+00:00,173.7499,173.79,173.74,838,173.7872,81731,173.758803
2023-05-08 17:41:00+00:00,173.7704,173.79,173.7301,563,173.74,48469,173.770719
2023-05-08 17:42:00+00:00,173.69,173.79,173.68,868,173.775,88990,173.732917
2023-05-08 17:43:00+00:00,173.733,173.7399,173.66,1049,173.685,111148,173.689663
2023-05-08 17:44:00+00:00,173.7077,173.8,173.69,669,173.74,57396,173.748513
2023-05-08 17:45:00+00:00,173.665,173.72,173.645,741,173.7085,59727,173.673021
2023-05-08 17:46:00+00:00,173.7099,173.73,173.67,559,173.67,52397,173.698507
2023-05-08 17:47:00+00:00,173.7101,173.7103,173.64,542,173.7,42652,173.670921
2023-05-08 17:48:00+00:00,173.7399,173.775,173.7,546,173.71,46515,173.74165
2023-05-08 17:49:00+00:00,173.7413,173.765,173.72,445,173.735,44219,173.744196
2023-05-08 17:50:00+00:00,173.715,173.7458,173.7,536,173.74,43965,173.720993
2023-05-08 17:51:00+00:00,173.7995,173.82,173.715,959,173.715,88876,173.774317
2023-05-08 17:52:00+00:00,173.795,173.85,173.77,828,173.7931,84787,173.815353
2023-05-08 17:53:00+00:00,173.7704,173.8,173.74,441,173.79,45980,173.769625
2023-05-08 17:54:00+00:00,173.7732,173.82,173.75,520,173.77,45012,173.789747
2023-05-08 17:55:00+00:00,173.785,173.8,173.74,444,173.7786,37462,173.769079
2023-05-08 17:56:00+00:00,173.8022,173.82,173.775,593,173.78,52883,173.798167
2023-05-08 17:57:00+00:00,173.7393,173.83,173.7393,713,173.81,63481,173.784243
2023-05-08 17:58:00+00:00,173.735,173.756,173.6735,690,173.7399,72071,173.712403
2023-05-08 17:59:00+00:00,173.705,173.75,173.6909,517,173.735,44319,173.720961
2023-05-08 18:00:00+00:00,173.66,173.74,173.65,784,173.7,74091,173.686592
2023-05-08 18:01:00+00:00,173.66,173.6899,173.64,623,173.6899,50791,173.660061
2023-05-08 18:02:00+00:00,173.645,173.6799,173.64,588,173.66,66544,173.661784
2023-05-08 18:03:00+00:00,173.585,173.65,173.565,779,173.645,70792,173.610547
2023-05-08 18:04:00+00:00,173.56,173.6,173.515,790,173.5893,79330,173.55983
2023-05-08 18:05:00+00:00,173.54,173.55,173.5,896,173.55,94144,173.524996
2023-05-08 18:06:00+00:00,173.4201,173.5499,173.4,876,173.54,78192,173.480929
2023-05-08 18:07:00+00:00,173.07,173.435,173.04,3098,173.43,350622,173.206465
2023-05-08 18:08:00+00:00,173.09,173.1,172.96,2213,173.07,246256,173.023039
2023-05-08 18:09:00+00:00,173.153,173.19,173.0807,1093,173.085,136531,173.135906
2023-05-08 18:10:00+00:00,173.25,173.25,173.16,1117,173.16,174635,173.254699
2023-05-08 18:11:00+00:00,173.33,173.3324,173.25,1005,173.25,142388,173.292816
2023-05-08 18:12:00+00:00,173.41,173.5,173.3301,1640,173.3315,210804,173.433056
2023-05-08 18:13:00+00:00,173.42,173.44,173.36,672,173.43,75287,173.401818
2023-05-08 18:14:00+00:00,173.3774,173.46,173.335,769,173.43,77315,173.382918
2023-05-08 18:15:00+00:00,173.38,173.42,173.35,630,173.3727,216212,173.330278
2023-05-08 18:16:00+00:00,173.47,173.47,173.3845,533,173.3857,45996,173.4302
2023-05-08 18:17:00+00:00,173.54,173.54,173.45,627,173.4696,62812,173.487234
2023-05-08 18:18:00+00:00,173.544,173.546,173.49,563,173.53,62646,173.518525
2023-05-08 18:19:00+00:00,173.56,173.57,173.51,546,173.5371,70743,173.541736
2023-05-08 18:20:00+00:00,173.67,173.67,173.5501,986,173.553,121189,173.607725
2023-05-08 18:21:00+00:00,173.705,173.71,173.65,874,173.67,105031,173.680454
2023-05-08 18:22:00+00:00,173.72,173.72,173.68,656,173.71,69513,173.688644
2023-05-08 18:23:00+00:00,173.665,173.715,173.62,896,173.715,83817,173.662672
2023-05-08 18:24:00+00:00,173.6358,173.6752,173.6114,625,173.66,49825,173.647408
2023-05-08 18:25:00+00:00,173.61,173.645,173.6,534,173.6231,61365,173.617273
2023-05-08 18:26:00+00:00,173.6163,173.6387,173.57,486,173.6199,44951,173.594716
2023-05-08 18:27:00+00:00,173.6199,173.66,173.59,633,173.62,48665,173.621807
2023-05-08 18:28:00+00:00,173.5899,173.63,173.57,537,173.615,60168,173.597455
2023-05-08 18:29:00+00:00,173.5999,173.6,173.57,517,173.58,30495,173.58337
2023-05-08 18:30:00+00:00,173.5889,173.65,173.5621,768,173.595,64353,173.602869
2023-05-08 18:31:00+00:00,173.61,173.62,173.56,643,173.585,46232,173.590384
2023-05-08 18:32:00+00:00,173.6013,173.63,173.56,868,173.62,68027,173.591956
2023-05-08 18:33:00+00:00,173.585,173.64,173.57,552,173.59,67626,173.613602
2023-05-08 18:34:00+00:00,173.605,173.625,173.565,431,173.585,29689,173.589099
2023-05-08 18:35:00+00:00,173.6,173.63,173.57,628,173.605,59123,173.595483
2023-05-08 18:36:00+00:00,173.575,173.63,173.55,708,173.591,52655,173.592269
2023-05-08 18:37:00+00:00,173.57,173.6,173.56,587,173.5801,47878,173.57822
2023-05-08 18:38:00+00:00,173.52,173.5783,173.48,814,173.5783,79251,173.513339
2023-05-08 18:39:00+00:00,173.525,173.5436,173.49,727,173.52,64851,173.516731
2023-05-08 18:40:00+00:00,173.53,173.5471,173.47,591,173.505,44651,173.513417
2023-05-08 18:41:00+00:00,173.63,173.64,173.475,821,173.538,66083,173.551124
2023-05-08 18:42:00+00:00,173.62,173.665,173.595,627,173.625,67393,173.628989
2023-05-08 18:43:00+00:00,173.6299,173.64,173.6,486,173.6142,45228,173.62436
2023-05-08 18:44:00+00:00,173.6399,173.64,173.61,506,173.63,51675,173.627201
2023-05-08 18:45:00+00:00,173.62,173.65,173.57,647,173.64,67241,173.605444
2023-05-08 18:46:00+00:00,173.645,173.655,173.601,589,173.63,61202,173.632654
2023-05-08 18:47:00+00:00,173.71,173.71,173.615,768,173.64,69626,173.658418
2023-05-08 18:48:00+00:00,173.71,173.72,173.685,629,173.7,60178,173.702322
2023-05-08 18:49:00+00:00,173.7436,173.75,173.6821,596,173.705,53963,173.727217
2023-05-08 18:50:00+00:00,173.7317,173.78,173.7317,857,173.75,112395,173.757143
2023-05-08 18:51:00+00:00,173.775,173.78,173.735,538,173.735,60931,173.757633
2023-05-08 18:52:00+00:00,173.7213,173.8,173.715,902,173.771,112683,173.760098
2023-05-08 18:53:00+00:00,173.625,173.725,173.59,1100,173.72,123025,173.647279
2023-05-08 18:54:00+00:00,173.6543,173.67,173.61,578,173.6241,51312,173.636955
2023-05-08 18:55:00+00:00,173.6967,173.71,173.6384,717,173.65,60568,173.669157
2023-05-08 18:56:00+00:00,173.739,173.74,173.66,627,173.7,63762,173.702039
2023-05-08 18:57:00+00:00,173.725,173.74,173.7001,449,173.74,37113,173.718294
2023-05-08 18:58:00+00:00,173.7375,173.75,173.7001,626,173.725,52669,173.728311
2023-05-08 18:59:00+00:00,173.725,173.75,173.7101,702,173.73,55044,173.727736
2023-05-08 19:00:00+00:00,173.715,173.78,173.705,1051,173.725,77576,173.749764
2023-05-08 19:01:00+00:00,173.6588,173.7199,173.65,812,173.7199,63701,173.683197
2023-05-08 19:02:00+00:00,173.65,173.69,173.62,860,173.66,74518,173.652149
2023-05-08 19:03:00+00:00,173.68,173.6968,173.66,622,173.66,49456,173.680485
2023-05-08 19:04:00+00:00,173.695,173.725,173.66,611,173.69,43878,173.696312
2023-05-08 19:05:00+00:00,173.695,173.7251,173.6722,728,173.695,61290,173.702145
2023-05-08 19:06:00+00:00,173.73,173.75,173.68,647,173.69,51546,173.712243
2023-05-08 19:07:00+00:00,173.68,173.74,173.655,609,173.74,50695,173.691038
2023-05-08 19:08:00+00:00,173.71,173.73,173.68,577,173.69,45311,173.713354
2023-05-08 19:09:00+00:00,173.65,173.705,173.62,621,173.7,38697,173.654446
2023-05-08 19:10:00+00:00,173.62,173.6499,173.565,774,173.6499,59769,173.603182
2023-05-08 19:11:00+00:00,173.49,173.6125,173.46,1237,173.61,119223,173.5208
2023-05-08 19:12:00+00:00,173.5,173.52,173.46,763,173.49,88651,173.490363
2023-05-08 19:13:00+00:00,173.4499,173.515,173.41,916,173.509,97238,173.449196
2023-05-08 19:14:00+00:00,173.35,173.445,173.32,1158,173.445,95194,173.363147
2023-05-08 19:15:00+00:00,173.38,173.4177,173.34,746,173.3577,62654,173.383773
2023-05-08 19:16:00+00:00,173.27,173.4,173.21,1908,173.38,166470,173.293036
2023-05-08 19:17:00+00:00,173.38,173.39,173.265,992,173.27,102679,173.324675
2023-05-08 19:18:00+00:00,173.5001,173.51,173.37,854,173.383,84171,173.426153
2023-05-08 19:19:00+00:00,173.52,173.53,173.472,889,173.4901,59493,173.506756
2023-05-08 19:20:00+00:00,173.585,173.61,173.5037,974,173.5234,109783,173.567672
2023-05-08 19:21:00+00:00,173.6,173.635,173.5701,837,173.58,90709,173.605319
2023-05-08 19:22:00+00:00,173.6101,173.616,173.53,815,173.59,74769,173.565604
2023-05-08 19:23:00+00:00,173.5976,173.615,173.54,741,173.61,66180,173.569794
2023-05-08 19:24:00+00:00,173.57,173.6099,173.55,709,173.595,62224,173.576635
2023-05-08 19:25:00+00:00,173.49,173.58,173.4709,728,173.58,80507,173.507501
2023-05-08 19:26:00+00:00,173.51,173.53,173.461,669,173.485,50103,173.497745
2023-05-08 19:27:00+00:00,173.475,173.51,173.445,700,173.5099,48655,173.472222
2023-05-08 19:28:00+00:00,173.435,173.525,173.43,735,173.4699,59102,173.475739
2023-05-08 19:29:00+00:00,173.405,173.435,173.36,967,173.435,72803,173.39385
2023-05-08 19:30:00+00:00,173.435,173.45,173.37,1123,173.4,88349,173.406807
2023-05-08 19:31:00+00:00,173.42,173.454,173.39,923,173.4385,65139,173.423391
2023-05-08 19:32:00+00:00,173.469,173.4723,173.4127,704,173.445,52065,173.445412
2023-05-08 19:33:00+00:00,173.46,173.47,173.41,908,173.46,71434,173.436535
2023-05-08 19:34:00+00:00,173.42,173.4799,173.41,746,173.465,72936,173.443296
2023-05-08 19:35:00+00:00,173.45,173.46,173.42,608,173.428,55277,173.440293
2023-05-08 19:36:00+00:00,173.3952,173.45,173.38,734,173.45,50629,173.403437
2023-05-08 19:37:00+00:00,173.43,173.46,173.38,726,173.39,63739,173.427981
2023-05-08 19:38:00+00:00,173.435,173.455,173.42,737,173.4231,49061,173.437973
2023-05-08 19:39:00+00:00,173.43,173.4499,173.38,857,173.44,79119,173.415761
2023-05-08 19:40:00+00:00,173.5298,173.53,173.41,1043,173.43,91621,173.460077
2023-05-08 19:41:00+00:00,173.525,173.55,173.48,987,173.54,90497,173.517891
2023-05-08 19:42:00+00:00,173.49,173.55,173.455,1050,173.52,95795,173.504122
2023-05-08 19:43:00+00:00,173.5,173.51,173.465,847,173.4801,83650,173.47903
2023-05-08 19:44:00+00:00,173.565,173.5968,173.4901,1218,173.505,116426,173.55809
2023-05-08 19:45:00+00:00,173.5501,173.5825,173.5027,1170,173.56,94369,173.536912
2023-05-08 19:46:00+00:00,173.52,173.56,173.465,1124,173.56,97819,173.512267
2023-05-08 19:47:00+00:00,173.545,173.5699,173.5,1066,173.5159,90384,173.531988
2023-05-08 19:48:00+00:00,173.5675,173.6199,173.55,1129,173.55,100822,173.58623
2023-05-08 19:49:00+00:00,173.59,173.63,173.55,1064,173.57,77530,173.592043
2023-05-08 19:50:00+00:00,173.45,173.64,173.45,2322,173.59,232551,173.557436
2023-05-08 19:51:00+00:00,173.49,173.5201,173.4323,1899,173.45,158248,173.48703
2023-05-08 19:52:00+00:00,173.5687,173.575,173.485,1385,173.49,132392,173.525242
2023-05-08 19:53:00+00:00,173.65,173.67,173.565,1964,173.57,178717,173.626039
2023-05-08 19:54:00+00:00,173.6116,173.68,173.58,1715,173.6354,143211,173.635845
2023-05-08 19:55:00+00:00,173.54,173.61,173.49,1707,173.61,154065,173.530603
2023-05-08 19:56:00+00:00,173.5,173.56,173.5,1884,173.545,153119,173.52726
2023-05-08 19:57:00+00:00,173.5002,173.51,173.43,1862,173.5,881829,173.493613
2023-05-08 19:58:00+00:00,173.47,173.5,173.44,2203,173.5,230349,173.461384
2023-05-08 19:59:00+00:00,173.52,173.53,173.41,4505,173.47,472435,173.459824
2023-05-08 20:00:00+00:00,173.45,173.53,173.3,192,173.52,8705371,173.499901
2023-05-08 20:01:00+00:00,173.37,173.41,173.35,121,173.41,18597,173.446567
2023-05-08 20:02:00+00:00,173.4,173.4,173.36,85,173.37,13619,173.369034
2023-05-08 20:03:00+00:00,173.39,173.413,173.38,38,173.4,2497,173.390076
2023-05-08 20:04:00+00:00,173.38,173.43,173.38,55,173.4,4361,173.413715
2023-05-08 20:05:00+00:00,173.36,173.39,173.35,61,173.39,4559,173.368764
2023-05-08 20:06:00+00:00,173.35,173.35,173.32,72,173.35,12487,173.332207
2023-05-08 20:07:00+00:00,173.37,173.5,173.37,22,173.5,18750,173.485742
2023-05-08 20:08:00+00:00,173.34,173.35,173.34,33,173.35,3076,173.347567
2023-05-08 20:09:00+00:00,173.36,173.5,173.34,43,173.34,6905,173.401199
2023-05-08 20:10:00+00:00,173.37,173.37,173.33,46,173.35,4411,173.35263
2023-05-08 20:11:00+00:00,173.36,173.37,173.35,21,173.37,2845,173.362845
2023-05-08 20:12:00+00:00,173.39,173.5,173.38,51,173.5,4916,173.423349
2023-05-08 20:13:00+00:00,173.39,173.39,173.39,27,173.39,1139,173.390122
2023-05-08 20:14:00+00:00,173.4,173.42,173.38,46,173.38,1858,173.390755
2023-05-08 20:15:00+00:00,173.34,173.39,173.33,55,173.39,3288,173.345599
2023-05-08 20:16:00+00:00,173.34,173.34,173.33,24,173.33,1464,173.335163
2023-05-08 20:18:00+00:00,173.35,173.35,173.32,46,173.3202,11042,173.345427
2023-05-08 20:19:00+00:00,173.32,173.34,173.32,26,173.34,799,173.327325
2023-05-08 20:20:00+00:00,173.32,173.32,173.32,14,173.32,31770,173.498679
2023-05-08 20:21:00+00:00,173.33,173.34,173.33,17,173.33,995,173.369754
2023-05-08 20:22:00+00:00,173.34,173.34,173.34,29,173.34,1165,173.33893
2023-05-08 20:23:00+00:00,173.34,173.34,173.34,16,173.34,2123,173.339618
2023-05-08 20:24:00+00:00,173.32,173.34,173.32,23,173.33,1303,173.332587
2023-05-08 20:25:00+00:00,173.34,173.34,173.33,32,173.34,1864,173.331347
2023-05-08 20:26:00+00:00,173.3499,173.35,173.32,34,173.32,1168,173.34098
2023-05-08 20:27:00+00:00,173.34,173.34,173.34,15,173.34,199,173.343769
2023-05-08 20:28:00+00:00,173.38,173.39,173.36,52,173.3865,2254,173.375101
2023-05-08 20:29:00+00:00,173.39,173.39,173.3875,12,173.3875,369,173.386287
2023-05-08 20:32:00+00:00,173.37,173.37,173.36,12,173.36,343,173.366464
2023-05-08 20:33:00+00:00,173.35,173.36,173.35,24,173.36,684,173.355232
2023-05-08 20:37:00+00:00,173.33,173.34,173.33,40,173.34,984,173.335444
2023-05-08 20:38:00+00:00,173.35,173.35,173.34,21,173.34,1064,173.34794
2023-05-08 20:39:00+00:00,173.5,173.5,173.35,19,173.36,7476,173.493462
2023-05-08 20:40:00+00:00,173.36,173.36,173.34,48,173.34,2562,173.350831
2023-05-08 20:43:00+00:00,173.361,173.361,173.361,10,173.361,956,173.361559
2023-05-08 20:44:00+00:00,173.38,173.38,173.3605,23,173.3605,1184,173.378429
2023-05-08 20:46:00+00:00,173.35,173.35,173.32,21,173.33,2223,173.327141
2023-05-08 20:47:00+00:00,173.37,173.37,173.36,19,173.37,2213,173.369535
2023-05-08 20:48:00+00:00,173.35,173.36,173.35,20,173.36,643,173.35765
2023-05-08 20:50:00+00:00,173.36,173.36,173.36,21,173.36,358,173.360489
2023-05-08 20:51:00+00:00,173.37,173.5,173.37,18,173.5,87555,173.499403
2023-05-08 20:52:00+00:00,173.37,173.37,173.37,14,173.37,401,173.36773
2023-05-08 20:53:00+00:00,173.3699,173.3699,173.3699,12,173.3699,249,173.368133
2023-05-08 20:54:00+00:00,173.37,173.37,173.37,20,173.37,975,173.370262
2023-05-08 20:56:00+00:00,173.36,173.37,173.36,25,173.37,1019,173.362426
2023-05-08 20:57:00+00:00,173.35,173.35,173.35,11,173.35,3857,173.488669
2023-05-08 20:58:00+00:00,173.36,173.36,173.36,14,173.36,670,173.360354
2023-05-08 20:59:00+00:00,173.35,173.37,173.35,18,173.37,817,173.354265
2023-05-08 21:00:00+00:00,173.35,173.35,173.35,17,173.35,382,173.353847
2023-05-08 21:04:00+00:00,173.3799,173.38,173.3799,20,173.38,650,173.378777
2023-05-08 21:06:00+00:00,173.38,173.38,173.38,10,173.38,221,173.379138
2023-05-08 21:07:00+00:00,173.5,173.5,173.5,16,173.5,1005583,173.500176
2023-05-08 21:08:00+00:00,173.37,173.37,173.37,22,173.37,460,173.368928
2023-05-08 21:09:00+00:00,173.38,173.39,173.38,31,173.38,1718,172.051508
2023-05-08 21:10:00+00:00,173.4,173.4,173.39,19,173.39,1533,176.973849
2023-05-08 21:12:00+00:00,173.38,173.38,173.38,10,173.38,632,174.40837
2023-05-08 21:18:00+00:00,173.38,173.38,173.38,20,173.38,238,173.380575
2023-05-08 21:23:00+00:00,173.39,173.39,173.39,14,173.39,3050831,173.499977
2023-05-08 21:24:00+00:00,173.39,173.39,173.38,16,173.39,682,173.386628
2023-05-08 21:25:00+00:00,173.39,173.39,173.39,13,173.39,405,173.389959
2023-05-08 21:26:00+00:00,173.4,173.4,173.4,8,173.4,128,173.396563
2023-05-08 21:28:00+00:00,173.38,173.38,173.38,13,173.38,401,173.380436
2023-05-08 21:31:00+00:00,173.38,173.38,173.38,13,173.38,867373,173.499935
2023-05-08 21:34:00+00:00,173.38,173.38,173.38,12,173.38,365,173.382055
2023-05-08 21:35:00+00:00,173.4,173.4,173.4,19,173.4,176,173.395
2023-05-08 21:37:00+00:00,173.38,173.38,173.38,5,173.38,608,173.380049
2023-05-08 21:38:00+00:00,173.38,173.38,173.38,14,173.38,616,173.380325
2023-05-08 21:39:00+00:00,173.38,173.38,173.38,8,173.38,154,173.380909
2023-05-08 21:40:00+00:00,173.38,173.38,173.38,14,173.38,152,173.380526
2023-05-08 21:44:00+00:00,173.4,173.4,173.4,47,173.4,361,173.397673
2023-05-08 21:45:00+00:00,173.41,173.41,173.41,14,173.41,513,173.410136
2023-05-08 21:50:00+00:00,173.4,173.4,173.4,7,173.4,726,173.400289
2023-05-08 21:52:00+00:00,173.41,173.41,173.41,5,173.41,182,173.406703
2023-05-08 21:58:00+00:00,173.4,173.4,173.4,18,173.4,1162,173.399432
2023-05-08 22:00:00+00:00,173.32,173.38,173.3,62,173.38,3772,173.342849
2023-05-08 22:01:00+00:00,173.31,173.31,173.31,5,173.31,214,173.31021
2023-05-08 22:02:00+00:00,173.3,173.31,173.2622,33,173.31,4269,173.291825
2023-05-08 22:03:00+00:00,173.3,173.3,173.3,8,173.3,617,173.300673
2023-05-08 22:04:00+00:00,173.3,173.3,173.3,11,173.3,228,173.303377
2023-05-08 22:07:00+00:00,173.33,173.33,173.3,21,173.3,1619,173.302001
2023-05-08 22:10:00+00:00,173.3,173.3,173.3,22,173.3,727,173.299195
2023-05-08 22:15:00+00:00,173.3344,173.3344,173.3344,25,173.3344,315,173.316571
2023-05-08 22:18:00+00:00,173.34,173.34,173.34,25,173.34,328,173.336555
2023-05-08 22:19:00+00:00,173.28,173.34,173.28,11,173.3333,596,173.32552
2023-05-08 22:21:00+00:00,173.31,173.3299,173.31,35,173.3299,443,173.317902
2023-05-08 22:23:00+00:00,173.32,173.32,173.32,18,173.32,479,173.309562
2023-05-08 22:26:00+00:00,173.3278,173.3278,173.3278,18,173.3278,676,173.323425
2023-05-08 22:29:00+00:00,173.28,173.28,173.28,14,173.28,262,173.283702
2023-05-08 22:30:00+00:00,173.3,173.3,173.3,14,173.3,349,173.307751
2023-05-08 22:31:00+00:00,173.31,173.31,173.31,15,173.31,193,173.313264
2023-05-08 22:33:00+00:00,173.32,173.32,173.32,16,173.32,797,173.317001
2023-05-08 22:34:00+00:00,173.33,173.34,173.3,19,173.3,970,173.325629
2023-05-08 22:35:00+00:00,173.32,173.32,173.32,6,173.32,174,173.31842
2023-05-08 22:36:00+00:00,173.32,173.32,173.32,4,173.32,410,173.319768
2023-05-08 22:38:00+00:00,173.3101,173.3101,173.3101,15,173.3101,516,173.315442
2023-05-08 22:39:00+00:00,173.32,173.32,173.32,5,173.32,437,173.319954
2023-05-08 22:44:00+00:00,173.329,173.329,173.31,14,173.31,414,173.317271
2023-05-08 22:52:00+00:00,173.31,173.31,173.31,11,173.31,128,173.313444
2023-05-08 22:53:00+00:00,173.3299,173.3299,173.31,21,173.31,781,173.319796
2023-05-08 22:54:00+00:00,173.32,173.32,173.32,10,173.32,123,173.319959
2023-05-08 22:57:00+00:00,173.35,173.35,173.35,20,173.35,1424,173.346046
2023-05-08 22:58:00+00:00,173.36,173.36,173.32,16,173.32,1678,173.344762
2023-05-08 22:59:00+00:00,173.36,173.36,173.36,14,173.36,314,173.357325
2023-05-08 23:00:00+00:00,173.36,173.36,173.36,17,173.36,283,173.344382
2023-05-08 23:01:00+00:00,173.36,173.36,173.36,12,173.36,127,173.356299
2023-05-08 23:04:00+00:00,173.36,173.36,173.36,11,173.36,510,173.359686
2023-05-08 23:06:00+00:00,173.38,173.38,173.38,12,173.38,247,173.377166
2023-05-08 23:07:00+00:00,173.39,173.39,173.39,12,173.39,254,173.38
2023-05-08 23:10:00+00:00,173.38,173.39,173.38,35,173.38,681,173.373098
2023-05-08 23:11:00+00:00,173.36,173.36,173.36,11,173.36,520,173.362712
2023-05-08 23:13:00+00:00,173.4,173.4,173.39,7,173.39,401,173.395287
2023-05-08 23:14:00+00:00,173.43,173.43,173.43,9,173.43,214,173.420748
2023-05-08 23:16:00+00:00,173.4,173.4,173.4,16,173.4,601,173.399767
2023-05-08 23:22:00+00:00,173.43,173.43,173.43,9,173.43,209,173.428278
2023-05-08 23:26:00+00:00,173.32,173.32,173.32,24,173.32,288,173.330955
2023-05-08 23:33:00+00:00,173.32,173.32,173.32,10,173.32,532,173.322979
2023-05-08 23:34:00+00:00,173.33,173.33,173.33,9,173.33,188,173.330957
2023-05-08 23:35:00+00:00,173.38,173.38,173.38,22,173.38,603,173.379693
2023-05-08 23:37:00+00:00,173.32,173.32,173.32,18,173.32,470,173.32417
2023-05-08 23:41:00+00:00,173.38,173.38,173.35,5,173.35,258,173.368314
2023-05-08 23:42:00+00:00,173.37,173.37,173.37,11,173.37,851,173.364078
2023-05-08 23:44:00+00:00,173.35,173.35,173.35,13,173.35,246,173.350382
2023-05-08 23:45:00+00:00,173.37,173.37,173.37,10,173.37,241,173.346743
2023-05-08 23:46:00+00:00,173.34,173.34,173.34,9,173.34,266,173.336617
2023-05-08 23:49:00+00:00,173.33,173.36,173.33,13,173.36,1939,173.348066
2023-05-08 23:51:00+00:00,173.35,173.35,173.34,9,173.34,365,173.335863
2023-05-08 23:53:00+00:00,173.32,173.36,173.28,43,173.3,1844,173.319338
2023-05-08 23:55:00+00:00,173.26,173.3,173.26,14,173.3,590,173.279975
2023-05-08 23:56:00+00:00,173.26,173.26,173.26,15,173.26,260,173.26209
2023-05-08 23:57:00+00:00,173.29,173.29,173.26,10,173.26,302,173.275331
2023-05-08 23:58:00+00:00,173.26,173.27,173.25,22,173.27,1001,173.262062
2023-05-08 23:59:00+00:00,173.28,173.28,173.25,22,173.25,1141,173.254465
