timestamp,close,high,low,trade_count,open,volume,vwap
2023-09-11 08:00:00+00:00,179.59,179.95,179.35,146,179.35,6238,179.789854
2023-09-11 08:01:00+00:00,179.5,179.67,179.5,108,179.67,3353,179.5753
2023-09-11 08:03:00+00:00,179.41,179.41,179.41,91,179.41,2214,179.465723
2023-09-11 08:04:00+00:00,179.41,179.42,179.41,54,179.41,1141,179.425101
2023-09-11 08:05:00+00:00,179.42,179.42,179.42,44,179.42,1073,179.443989
2023-09-11 08:06:00+00:00,179.48,179.48,179.37,77,179.45,2928,179.41818
2023-09-11 08:07:00+00:00,179.49,179.49,179.48,57,179.48,845,179.470473
2023-09-11 08:08:00+00:00,179.47,179.47,179.41,44,179.41,1124,179.430996
2023-09-11 08:09:00+00:00,179.47,179.47,179.37,66,179.37,2416,179.427459
2023-09-11 08:10:00+00:00,179.6,179.6,179.47,58,179.5,3281,179.528183
2023-09-11 08:11:00+00:00,179.6,179.6,179.56,47,179.57,3919,179.579525
2023-09-11 08:13:00+00:00,179.73,179.73,179.68,39,179.68,2710,179.690063
2023-09-11 08:14:00+00:00,179.68,179.74,179.68,54,179.7,2029,179.700291
2023-09-11 08:15:00+00:00,179.6,179.68,179.6,69,179.68,2945,179.643654
2023-09-11 08:16:00+00:00,179.52,179.53,179.52,49,179.53,1058,179.547609
2023-09-11 08:17:00+00:00,179.72,179.72,179.66,69,179.71,3246,179.682184
2023-09-11 08:18:00+00:00,179.68,179.68,179.6,32,179.6,932,179.644045
2023-09-11 08:19:00+00:00,179.71,179.71,179.71,39,179.71,1339,179.703659
2023-09-11 08:20:00+00:00,179.73,179.74,179.71,55,179.73,2966,179.716564
2023-09-11 08:21:00+00:00,179.71,179.71,179.71,47,179.71,1071,179.708982
2023-09-11 08:22:00+00:00,179.68,179.68,179.68,27,179.68,783,179.671277
2023-09-11 08:23:00+00:00,179.61,179.66,179.61,25,179.66,813,179.62171
2023-09-11 08:24:00+00:00,179.64,179.64,179.64,13,179.64,689,179.641379
2023-09-11 08:25:00+00:00,179.61,179.65,179.61,31,179.65,794,179.623678
2023-09-11 08:26:00+00:00,179.6,179.6,179.6,35,179.6,722,179.597036
2023-09-11 08:27:00+00:00,179.6,179.6,179.59,33,179.59,1238,179.609346
2023-09-11 08:28:00+00:00,179.65,179.65,179.65,35,179.65,1320,179.649727
2023-09-11 08:29:00+00:00,179.69,179.69,179.69,7,179.69,193,179.686192
2023-09-11 08:31:00+00:00,179.68,179.68,179.68,25,179.68,325,179.679046
2023-09-11 08:32:00+00:00,179.69,179.69,179.69,48,179.69,1213,179.682481
2023-09-11 08:34:00+00:00,179.67,179.67,179.67,21,179.67,342,179.670848
2023-09-11 08:35:00+00:00,179.64,179.67,179.64,59,179.67,1383,179.643717
2023-09-11 08:38:00+00:00,179.69,179.69,179.69,84,179.69,2110,179.609749
2023-09-11 08:39:00+00:00,179.52,179.53,179.52,34,179.53,1238,179.540226
2023-09-11 08:40:00+00:00,179.69,179.69,179.54,50,179.54,2344,179.654701
2023-09-11 08:42:00+00:00,179.6,179.6,179.6,28,179.6,639,179.601111
2023-09-11 08:43:00+00:00,179.5,179.52,179.5,87,179.52,3085,179.517394
2023-09-11 08:44:00+00:00,179.4,179.42,179.4,41,179.42,1687,179.411636
2023-09-11 08:45:00+00:00,179.4,179.4,179.4,4,179.4,107,179.402897
2023-09-11 08:47:00+00:00,179.4,179.4,179.4,21,179.4,441,179.387188
2023-09-11 08:52:00+00:00,179.4,179.41,179.4,20,179.41,738,179.406043
2023-09-11 08:53:00+00:00,179.43,179.43,179.43,16,179.43,442,179.432217
2023-09-11 09:01:00+00:00,179.49,179.49,179.48,26,179.48,1899,179.491306
2023-09-11 09:03:00+00:00,179.54,179.54,179.54,22,179.54,545,179.536202
2023-09-11 09:05:00+00:00,179.59,179.59,179.59,15,179.59,277,179.601877
2023-09-11 09:08:00+00:00,179.68,179.68,179.68,15,179.68,335,179.678328
2023-09-11 09:10:00+00:00,179.62,179.62,179.62,46,179.62,1069,179.596745
2023-09-11 09:11:00+00:00,179.63,179.64,179.63,23,179.64,778,179.628149
2023-09-11 09:12:00+00:00,179.65,179.65,179.64,33,179.64,1791,179.642457
2023-09-11 09:13:00+00:00,179.64,179.64,179.64,24,179.64,2622,179.639378
2023-09-11 09:15:00+00:00,179.64,179.64,179.64,20,179.64,539,179.635622
2023-09-11 09:16:00+00:00,179.64,179.65,179.64,17,179.65,550,179.648182
2023-09-11 09:17:00+00:00,179.64,179.64,179.64,47,179.64,2508,179.6401
2023-09-11 09:18:00+00:00,179.66,179.66,179.66,19,179.66,1213,179.655862
2023-09-11 09:19:00+00:00,179.69,179.69,179.64,44,179.64,1744,179.661325
2023-09-11 09:23:00+00:00,179.67,179.67,179.67,20,179.67,387,179.666305
2023-09-11 09:24:00+00:00,179.67,179.67,179.67,24,179.67,310,179.669194
2023-09-11 09:29:00+00:00,179.7,179.7,179.69,30,179.69,1126,179.692158
2023-09-11 09:31:00+00:00,179.7,179.7,179.7,13,179.7,448,179.684085
2023-09-11 09:34:00+00:00,179.66,179.66,179.66,24,179.66,149,179.660671
2023-09-11 09:35:00+00:00,179.64,179.64,179.64,21,179.64,442,179.642353
2023-09-11 09:37:00+00:00,179.61,179.61,179.59,33,179.59,4253,179.600127
2023-09-11 09:39:00+00:00,179.59,179.59,179.59,16,179.59,314,179.589713
2023-09-11 09:40:00+00:00,179.58,179.58,179.58,4,179.58,158,179.577658
2023-09-11 09:41:00+00:00,179.6,179.6,179.6,6,179.6,524,179.598664
2023-09-11 09:45:00+00:00,179.6,179.6,179.6,12,179.6,2546,179.599081
2023-09-11 09:47:00+00:00,179.55,179.55,179.55,69,179.55,2956,179.554401
2023-09-11 09:50:00+00:00,179.53,179.58,179.52,56,179.58,3271,179.557918
2023-09-11 09:56:00+00:00,179.56,179.56,179.56,7,179.56,178,179.557978
2023-09-11 10:00:00+00:00,179.57,179.57,179.57,16,179.57,827,179.572443
2023-09-11 10:01:00+00:00,179.48,179.56,179.48,95,179.55,3758,179.513997
2023-09-11 10:02:00+00:00,179.48,179.48,179.48,33,179.48,863,179.485122
2023-09-11 10:03:00+00:00,179.48,179.48,179.48,7,179.48,503,179.480417
2023-09-11 10:04:00+00:00,179.47,179.48,179.47,16,179.48,805,179.479739
2023-09-11 10:05:00+00:00,179.5,179.5,179.48,27,179.48,681,179.480764
2023-09-11 10:06:00+00:00,179.48,179.48,179.48,12,179.48,729,179.48273
2023-09-11 10:10:00+00:00,179.58,179.58,179.58,19,179.58,289,179.569758
2023-09-11 10:11:00+00:00,179.58,179.58,179.58,9,179.58,305,179.563049
2023-09-11 10:12:00+00:00,179.49,179.54,179.47,79,179.54,2206,179.50908
2023-09-11 10:14:00+00:00,179.46,179.46,179.46,25,179.46,722,179.467271
2023-09-11 10:15:00+00:00,179.48,179.48,179.48,46,179.48,3090,179.479832
2023-09-11 10:17:00+00:00,179.45,179.48,179.45,85,179.48,2097,179.465298
2023-09-11 10:20:00+00:00,179.45,179.45,179.45,15,179.45,428,179.440701
2023-09-11 10:21:00+00:00,179.51,179.52,179.49,59,179.49,3098,179.503399
2023-09-11 10:22:00+00:00,179.47,179.47,179.47,14,179.47,417,179.472278
2023-09-11 10:25:00+00:00,179.54,179.54,179.54,13,179.54,322,179.551087
2023-09-11 10:32:00+00:00,179.63,179.63,179.6,32,179.6,1175,179.607421
2023-09-11 10:33:00+00:00,179.63,179.63,179.63,11,179.63,190,179.629895
2023-09-11 10:37:00+00:00,179.63,179.63,179.63,19,179.63,442,179.630351
2023-09-11 10:38:00+00:00,179.58,179.6,179.58,28,179.6,367,179.598011
2023-09-11 10:44:00+00:00,179.61,179.61,179.61,15,179.61,267,179.611723
2023-09-11 10:45:00+00:00,179.66,179.66,179.64,18,179.64,3988,179.640687
2023-09-11 10:46:00+00:00,179.66,179.66,179.66,17,179.66,419,179.656492
2023-09-11 10:49:00+00:00,179.66,179.66,179.66,10,179.66,656,179.659878
2023-09-11 10:50:00+00:00,179.66,179.66,179.66,35,179.66,2434,179.656923
2023-09-11 10:52:00+00:00,179.67,179.67,179.67,37,179.67,3326,179.672592
2023-09-11 10:53:00+00:00,179.64,179.74,179.64,80,179.73,3378,179.713727
2023-09-11 10:55:00+00:00,179.64,179.64,179.64,28,179.64,731,179.63357
2023-09-11 10:57:00+00:00,179.61,179.64,179.61,95,179.64,2685,179.643464
2023-09-11 10:58:00+00:00,179.65,179.65,179.64,25,179.64,732,179.641831
2023-09-11 10:59:00+00:00,179.65,179.67,179.65,43,179.67,1090,179.639165
2023-09-11 11:00:00+00:00,179.49,179.62,179.48,310,179.58,15539,179.530243
2023-09-11 11:01:00+00:00,179.59,179.62,179.5,66,179.5,4283,179.566152
2023-09-11 11:02:00+00:00,179.6,179.6,179.6,42,179.6,1753,179.615762
2023-09-11 11:03:00+00:00,179.7,179.7,179.68,25,179.68,1473,179.694657
2023-09-11 11:04:00+00:00,179.73,179.74,179.73,53,179.74,1939,179.735611
2023-09-11 11:05:00+00:00,179.7,179.7,179.7,25,179.7,577,179.694645
2023-09-11 11:06:00+00:00,179.7,179.7,179.7,28,179.7,734,179.699169
2023-09-11 11:07:00+00:00,179.6,179.66,179.6,44,179.66,2436,179.624216
2023-09-11 11:08:00+00:00,179.6,179.6,179.6,25,179.6,1111,179.599136
2023-09-11 11:09:00+00:00,179.62,179.64,179.62,18,179.64,691,179.627294
2023-09-11 11:10:00+00:00,179.65,179.65,179.61,32,179.62,1189,179.633347
2023-09-11 11:12:00+00:00,179.6,179.6,179.6,33,179.6,1479,179.601744
2023-09-11 11:14:00+00:00,179.57,179.62,179.57,60,179.62,3445,179.604148
2023-09-11 11:15:00+00:00,179.62,179.62,179.58,34,179.58,1309,179.586662
2023-09-11 11:16:00+00:00,179.56,179.56,179.56,16,179.56,643,179.567107
2023-09-11 11:17:00+00:00,179.59,179.59,179.59,29,179.59,2818,179.5911
2023-09-11 11:18:00+00:00,179.66,179.66,179.64,25,179.64,3016,179.651174
2023-09-11 11:19:00+00:00,179.75,179.75,179.67,46,179.68,4723,179.692445
2023-09-11 11:20:00+00:00,179.7,179.7,179.7,16,179.7,484,179.680744
2023-09-11 11:21:00+00:00,179.74,179.74,179.69,29,179.69,2381,179.70265
2023-09-11 11:22:00+00:00,179.8,179.82,179.74,96,179.74,8670,179.792264
2023-09-11 11:23:00+00:00,179.77,179.77,179.77,33,179.77,1141,179.751656
2023-09-11 11:24:00+00:00,179.8,179.8,179.74,24,179.77,1298,179.75359
2023-09-11 11:25:00+00:00,179.8,179.8,179.8,27,179.8,1318,179.799719
2023-09-11 11:27:00+00:00,179.8,179.8,179.8,34,179.8,1398,179.797074
2023-09-11 11:29:00+00:00,179.78,179.79,179.78,34,179.79,2847,179.790158
2023-09-11 11:30:00+00:00,179.76,179.87,179.76,292,179.83,14588,179.826304
2023-09-11 11:31:00+00:00,179.52,179.87,179.52,242,179.82,18891,179.664118
2023-09-11 11:32:00+00:00,179.25,179.52,179.25,418,179.5,14902,179.456688
2023-09-11 11:33:00+00:00,179.42,179.56,179.33,160,179.36,9627,179.44206
2023-09-11 11:34:00+00:00,179.5,179.55,179.5,49,179.55,2451,179.523044
2023-09-11 11:35:00+00:00,179.55,179.55,179.5,38,179.5,1535,179.51402
2023-09-11 11:36:00+00:00,179.65,179.65,179.51,67,179.51,2330,179.606395
2023-09-11 11:37:00+00:00,179.7,179.72,179.61,92,179.61,6131,179.685665
2023-09-11 11:38:00+00:00,179.69,179.75,179.67,73,179.72,4958,179.705557
2023-09-11 11:39:00+00:00,179.84,179.84,179.7,95,179.7,3918,179.782672
2023-09-11 11:40:00+00:00,179.9,179.9,179.85,101,179.85,7726,179.875423
2023-09-11 11:41:00+00:00,179.9,179.92,179.85,111,179.9,9286,179.895657
2023-09-11 11:42:00+00:00,179.92,179.98,179.88,160,179.9,22344,179.906352
2023-09-11 11:43:00+00:00,179.91,179.95,179.9,63,179.95,4495,179.912113
2023-09-11 11:44:00+00:00,179.9,179.95,179.9,29,179.92,1599,179.920619
2023-09-11 11:45:00+00:00,179.95,179.95,179.95,24,179.95,1193,179.942171
2023-09-11 11:46:00+00:00,179.93,179.93,179.9,87,179.9,4480,179.90475
2023-09-11 11:47:00+00:00,179.98,179.98,179.93,50,179.93,2454,179.96465
2023-09-11 11:48:00+00:00,179.95,180.01,179.95,335,179.98,24738,179.994407
2023-09-11 11:49:00+00:00,180.1,180.1,179.96,109,179.96,5810,180.061227
2023-09-11 11:50:00+00:00,180.06,180.11,180.05,62,180.11,3971,180.070942
2023-09-11 11:51:00+00:00,180.09,180.11,180.06,84,180.06,6722,180.089799
2023-09-11 11:52:00+00:00,180.05,180.11,180.0,136,180.09,7914,180.057108
2023-09-11 11:53:00+00:00,180.07,180.07,180.07,17,180.07,216,180.063565
2023-09-11 11:54:00+00:00,180.01,180.03,180.01,55,180.03,2387,180.031919
2023-09-11 11:55:00+00:00,180.0,180.01,179.97,152,180.0,9177,180.000426
2023-09-11 11:56:00+00:00,180.1,180.1,180.0,89,180.0,11104,180.071277
2023-09-11 11:57:00+00:00,180.05,180.05,180.05,20,180.05,1084,180.052565
2023-09-11 11:58:00+00:00,180.04,180.06,180.04,35,180.05,886,180.050384
2023-09-11 12:00:00+00:00,180.09,180.13,179.339,1067,179.66,141550,179.81607
2023-09-11 12:01:00+00:00,180.02,180.07,179.27,1321,179.3,16144,179.829081
2023-09-11 12:02:00+00:00,180.03,180.03,179.2,504,180.0,8444,179.73434
2023-09-11 12:03:00+00:00,180.01,180.0377,179.4,774,179.88,9920,179.662353
2023-09-11 12:04:00+00:00,180.05,180.05,180.01,96,180.01,8527,180.027735
2023-09-11 12:05:00+00:00,180.05,180.08,180.05,46,180.07,2314,180.059437
2023-09-11 12:06:00+00:00,180.08,180.08,180.05,68,180.0699,6012,180.074382
2023-09-11 12:07:00+00:00,180.1,180.12,180.08,77,180.08,3370,180.091898
2023-09-11 12:08:00+00:00,180.19,180.19,180.12,83,180.12,2509,180.139751
2023-09-11 12:09:00+00:00,180.22,180.23,180.19,93,180.19,4338,180.208561
2023-09-11 12:10:00+00:00,180.24,180.33,180.24,174,180.24,4807,180.275994
2023-09-11 12:11:00+00:00,180.27,180.3,180.27,61,180.3,1186,180.270151
2023-09-11 12:12:00+00:00,180.2301,180.25,180.2,104,180.25,3373,180.235271
2023-09-11 12:13:00+00:00,180.23,180.23,180.23,50,180.23,524,180.232478
2023-09-11 12:14:00+00:00,180.32,180.33,180.2,133,180.2013,12430,180.228716
2023-09-11 12:15:00+00:00,180.6322,180.6322,180.36,302,180.36,20290,180.492621
2023-09-11 12:16:00+00:00,180.5717,180.6295,180.48,97,180.6295,5740,180.58712
2023-09-11 12:17:00+00:00,180.44,180.56,180.44,107,180.54,4366,180.516746
2023-09-11 12:18:00+00:00,180.39,180.43,180.39,103,180.39,3400,180.416074
2023-09-11 12:19:00+00:00,180.55,180.55,180.44,94,180.44,5839,180.487627
2023-09-11 12:20:00+00:00,180.51,180.55,180.51,104,180.5108,10305,180.517749
2023-09-11 12:21:00+00:00,180.52,180.54,180.5,128,180.51,8898,180.513419
2023-09-11 12:22:00+00:00,180.51,180.55,180.51,77,180.54,4407,180.530896
2023-09-11 12:23:00+00:00,180.54,180.54,180.5,91,180.5201,6087,180.513051
2023-09-11 12:24:00+00:00,180.59,180.59,180.52,92,180.52,3280,180.565232
2023-09-11 12:25:00+00:00,180.5601,180.62,180.5601,107,180.6,5669,180.586162
2023-09-11 12:26:00+00:00,180.64,180.64,180.56,95,180.56,3432,180.585839
2023-09-11 12:27:00+00:00,180.6,180.64,180.6,112,180.64,7323,180.620532
2023-09-11 12:28:00+00:00,180.62,180.62,180.56,106,180.58,11570,180.594355
2023-09-11 12:29:00+00:00,180.64,180.64,180.61,71,180.61,5066,180.63052
2023-09-11 12:30:00+00:00,180.63,180.64,180.6,124,180.62,7230,180.61683
2023-09-11 12:31:00+00:00,180.59,180.63,180.59,90,180.6288,5622,180.61305
2023-09-11 12:32:00+00:00,180.629,180.63,180.58,99,180.59,13257,180.597644
2023-09-11 12:33:00+00:00,180.59,180.62,180.59,68,180.59,3354,180.595607
2023-09-11 12:34:00+00:00,180.53,180.6,180.51,196,180.59,25196,180.565722
2023-09-11 12:35:00+00:00,180.55,180.6,180.54,86,180.54,5473,180.579537
2023-09-11 12:36:00+00:00,180.52,180.55,180.51,70,180.55,5602,180.516755
2023-09-11 12:37:00+00:00,180.55,180.599,180.55,60,180.55,5041,180.583839
2023-09-11 12:38:00+00:00,180.55,180.57,180.55,73,180.56,11676,180.568433
2023-09-11 12:39:00+00:00,180.56,180.59,180.56,95,180.56,3462,180.573045
2023-09-11 12:40:00+00:00,180.51,180.53,180.51,74,180.53,2611,180.521776
2023-09-11 12:41:00+00:00,180.51,180.55,180.5,97,180.53,4309,180.517105
2023-09-11 12:42:00+00:00,180.5,180.52,180.5,91,180.5,4906,180.502366
2023-09-11 12:43:00+00:00,180.54,180.54,180.5,71,180.5,2632,180.514381
2023-09-11 12:44:00+00:00,180.58,180.58,180.51,165,180.5399,8902,180.54124
2023-09-11 12:45:00+00:00,180.63,180.63,180.59,132,180.5999,4475,180.605188
2023-09-11 12:46:00+00:00,180.68,180.68,180.64,130,180.64,2936,180.666122
2023-09-11 12:47:00+00:00,180.66,180.7,180.65,111,180.68,6470,180.681704
2023-09-11 12:48:00+00:00,180.71,180.71,180.68,111,180.68,8425,180.694024
2023-09-11 12:49:00+00:00,180.706,180.77,180.6807,167,180.74,6280,180.722502
2023-09-11 12:50:00+00:00,180.73,180.76,180.69,94,180.69,4985,180.720424
2023-09-11 12:51:00+00:00,180.74,180.74,180.71,90,180.73,3035,180.7304
2023-09-11 12:52:00+00:00,180.75,180.78,180.74,130,180.75,5941,180.761827
2023-09-11 12:53:00+00:00,180.74,180.75,180.73,98,180.73,4387,180.746278
2023-09-11 12:54:00+00:00,180.73,180.74,180.72,110,180.74,8155,180.728348
2023-09-11 12:55:00+00:00,180.7601,180.78,180.73,72,180.7302,3581,180.755412
2023-09-11 12:56:00+00:00,180.76,180.8,180.75,152,180.79,7233,180.77586
2023-09-11 12:57:00+00:00,180.68,180.78,180.68,218,180.76,9784,180.7388
2023-09-11 12:58:00+00:00,180.7,180.79,180.65,178,180.66,8390,180.673835
2023-09-11 12:59:00+00:00,180.68,180.7,180.65,78,180.6992,3790,180.681743
2023-09-11 13:00:00+00:00,180.68,180.68,180.65,114,180.66,4426,180.659225
2023-09-11 13:01:00+00:00,180.65,180.68,180.62,217,180.66,10533,180.644829
2023-09-11 13:02:00+00:00,180.64,180.69,180.6325,83,180.64,111566,178.292861
2023-09-11 13:03:00+00:00,180.73,180.73,180.65,136,180.65,5979,180.693852
2023-09-11 13:04:00+00:00,180.77,180.8,180.72,135,180.73,4645,180.744239
2023-09-11 13:05:00+00:00,180.69,180.75,180.6516,167,180.75,10700,180.71371
2023-09-11 13:06:00+00:00,180.66,180.7086,180.65,96,180.69,1617,180.679807
2023-09-11 13:07:00+00:00,180.5201,180.67,180.5201,203,180.67,9177,180.642619
2023-09-11 13:08:00+00:00,180.56,180.58,180.51,127,180.54,7993,180.533272
2023-09-11 13:09:00+00:00,180.47,180.6,180.47,241,180.55,13813,180.519285
2023-09-11 13:10:00+00:00,180.63,180.65,180.48,148,180.48,10307,180.521878
2023-09-11 13:11:00+00:00,180.56,180.64,180.5017,129,180.64,5435,180.598644
2023-09-11 13:12:00+00:00,180.54,180.58,180.54,106,180.5692,4089,180.548712
2023-09-11 13:13:00+00:00,180.55,180.64,180.52,118,180.55,6961,180.57194
2023-09-11 13:14:00+00:00,180.58,180.61,180.56,101,180.57,8241,180.579254
2023-09-11 13:15:00+00:00,180.47,180.5627,180.47,146,180.5627,6675,180.526843
2023-09-11 13:16:00+00:00,180.45,180.47,180.45,169,180.47,15069,180.454087
2023-09-11 13:17:00+00:00,180.46,180.47,180.44,103,180.45,5469,180.456388
2023-09-11 13:18:00+00:00,180.47,180.5,180.44,108,180.46,8017,180.457521
2023-09-11 13:19:00+00:00,180.47,180.5,180.47,98,180.47,3090,180.484786
2023-09-11 13:20:00+00:00,180.56,180.56,180.45,116,180.48,6371,180.50376
2023-09-11 13:21:00+00:00,180.55,180.56,180.53,101,180.56,4820,180.555013
2023-09-11 13:22:00+00:00,180.47,180.5,180.45,135,180.5,7990,180.485603
2023-09-11 13:23:00+00:00,180.4502,180.48,180.45,171,180.48,6140,180.466315
2023-09-11 13:24:00+00:00,180.51,180.51,180.45,202,180.48,11501,180.480949
2023-09-11 13:25:00+00:00,180.46,180.51,180.42,207,180.51,32492,180.451702
2023-09-11 13:26:00+00:00,180.4,180.45,180.4,211,180.41,30148,180.401947
2023-09-11 13:27:00+00:00,180.25,180.45,180.2,294,180.4,33822,180.384733
2023-09-11 13:28:00+00:00,180.05,180.25,180.05,387,180.25,28254,180.134091
2023-09-11 13:29:00+00:00,180.01,180.12,180.01,420,180.04,25030,180.071049
2023-09-11 13:30:00+00:00,180.0677,180.3,179.94,15916,180.08,1195198,180.081203
2023-09-11 13:31:00+00:00,179.84,180.2,179.84,4444,180.09,441838,179.995734
2023-09-11 13:32:00+00:00,180.079,180.09,179.78,3307,179.87,273724,179.954749
2023-09-11 13:33:00+00:00,180.0979,180.1,179.88,3030,180.08,237649,180.006412
2023-09-11 13:34:00+00:00,179.81,180.11,179.78,3653,180.099,300991,179.960126
2023-09-11 13:35:00+00:00,179.59,180.0,179.59,2973,179.81,238018,179.81609
2023-09-11 13:36:00+00:00,179.1701,179.7283,179.15,4023,179.57,352462,179.427745
2023-09-11 13:37:00+00:00,179.009,179.339,178.93,4256,179.1999,370555,179.101581
2023-09-11 13:38:00+00:00,178.75,179.0,178.74,3428,178.955,335903,178.87204
2023-09-11 13:39:00+00:00,178.4699,178.7522,178.3885,5135,178.74,419116,178.588482
2023-09-11 13:40:00+00:00,178.525,178.7,178.44,3412,178.46,347176,178.554956
2023-09-11 13:41:00+00:00,178.355,178.6,178.31,3028,178.5272,373307,178.457568
2023-09-11 13:42:00+00:00,178.2499,178.42,178.23,2436,178.355,217135,178.322276
2023-09-11 13:43:00+00:00,178.31,178.38,178.1502,4647,178.24,287586,178.255609
2023-09-11 13:44:00+00:00,178.21,178.4199,178.18,2165,178.31,216401,178.296978
2023-09-11 13:45:00+00:00,178.029,178.34,178.02,3390,178.22,329681,178.16062
2023-09-11 13:46:00+00:00,177.88,178.04,177.84,7778,178.0201,467252,177.946559
2023-09-11 13:47:00+00:00,177.7056,177.93,177.6942,5482,177.9,282616,177.80223
2023-09-11 13:48:00+00:00,177.62,177.74,177.51,5975,177.705,291547,177.616269
2023-09-11 13:49:00+00:00,177.78,177.87,177.56,6007,177.615,358970,177.738966
2023-09-11 13:50:00+00:00,177.63,177.84,177.63,6302,177.77,383468,177.756512
2023-09-11 13:51:00+00:00,177.57,177.71,177.48,6228,177.62,340063,177.57554
2023-09-11 13:52:00+00:00,177.85,177.85,177.55,5182,177.56,274534,177.756886
2023-09-11 13:53:00+00:00,177.965,177.985,177.83,5485,177.85,303987,177.924741
2023-09-11 13:54:00+00:00,178.1058,178.18,177.9215,5584,177.9691,263477,178.054937
2023-09-11 13:55:00+00:00,178.3,178.33,178.1,5680,178.11,313662,178.236467
2023-09-11 13:56:00+00:00,178.2,178.3281,178.16,5271,178.29,275954,178.280208
2023-09-11 13:57:00+00:00,178.0503,178.24,178.03,4879,178.19,225995,178.135011
2023-09-11 13:58:00+00:00,178.077,178.09,177.92,4821,178.06,214366,177.998884
2023-09-11 13:59:00+00:00,178.01,178.14,177.9,4316,178.08,163413,178.002447
2023-09-11 14:00:00+00:00,178.18,178.1999,177.92,5388,178.01,279521,178.040135
2023-09-11 14:01:00+00:00,178.16,178.33,178.11,5158,178.1885,220633,178.232109
2023-09-11 14:02:00+00:00,178.1756,178.22,178.02,4679,178.17,209070,178.109212
2023-09-11 14:03:00+00:00,178.22,178.28,178.1321,4466,178.17,207355,178.225619
2023-09-11 14:04:00+00:00,178.11,178.27,178.1,3935,178.23,168683,178.195288
2023-09-11 14:05:00+00:00,178.025,178.1599,178.021,4285,178.1,188025,178.077356
2023-09-11 14:06:00+00:00,177.99,178.07,177.865,4975,178.02,256179,177.952558
2023-09-11 14:07:00+00:00,177.87,178.04,177.85,4382,177.981,162304,177.942875
2023-09-11 14:08:00+00:00,177.855,177.98,177.85,4059,177.8777,152776,177.894105
2023-09-11 14:09:00+00:00,178.039,178.05,177.82,4169,177.855,188783,177.909433
2023-09-11 14:10:00+00:00,178.135,178.16,178.0,4604,178.03,233752,178.083306
2023-09-11 14:11:00+00:00,177.8626,178.18,177.83,4618,178.13,211590,177.991944
2023-09-11 14:12:00+00:00,177.675,177.885,177.675,5083,177.87,196785,177.762649
2023-09-11 14:13:00+00:00,177.68,177.8,177.64,4305,177.675,172558,177.708715
2023-09-11 14:14:00+00:00,177.68,177.713,177.64,3623,177.68,113917,177.673523
2023-09-11 14:15:00+00:00,177.67,177.8,177.6201,3948,177.6801,188222,177.698969
2023-09-11 14:16:00+00:00,177.5327,177.69,177.51,4164,177.68,217372,177.582519
2023-09-11 14:17:00+00:00,177.595,177.6799,177.51,3657,177.5321,215042,177.610427
2023-09-11 14:18:00+00:00,177.75,177.83,177.565,3535,177.58,155582,177.700956
2023-09-11 14:19:00+00:00,177.86,177.88,177.75,3799,177.755,138867,177.818939
2023-09-11 14:20:00+00:00,177.77,177.9,177.75,3839,177.84,120373,177.830058
2023-09-11 14:21:00+00:00,177.6841,177.88,177.68,4569,177.77,180846,177.789461
2023-09-11 14:22:00+00:00,177.71,177.7445,177.64,4383,177.681,161314,177.697106
2023-09-11 14:23:00+00:00,177.41,177.7499,177.4,6153,177.71,344044,177.526955
2023-09-11 14:24:00+00:00,177.55,177.57,177.415,4334,177.415,225601,177.504021
2023-09-11 14:25:00+00:00,177.76,177.77,177.535,4346,177.545,209844,177.662465
2023-09-11 14:26:00+00:00,177.86,177.88,177.76,3943,177.765,204233,177.838703
2023-09-11 14:27:00+00:00,177.8301,177.88,177.79,3622,177.855,127410,177.83215
2023-09-11 14:28:00+00:00,177.85,177.92,177.82,3515,177.83,135303,177.873573
2023-09-11 14:29:00+00:00,177.89,177.8903,177.81,3289,177.8421,112455,177.842726
2023-09-11 14:30:00+00:00,177.6,177.905,177.54,3987,177.9,193567,177.691292
2023-09-11 14:31:00+00:00,177.3999,177.625,177.34,3931,177.61,214420,177.477283
2023-09-11 14:32:00+00:00,177.4338,177.48,177.36,3777,177.39,176724,177.418378
2023-09-11 14:33:00+00:00,177.66,177.66,177.42,4320,177.44,203616,177.538572
2023-09-11 14:34:00+00:00,177.65,177.76,177.6401,3982,177.6799,172513,177.701745
2023-09-11 14:35:00+00:00,177.6,177.66,177.56,3582,177.64,105125,177.607955
2023-09-11 14:36:00+00:00,177.5412,177.61,177.4701,3675,177.595,110450,177.545714
2023-09-11 14:37:00+00:00,177.54,177.59,177.48,3516,177.5618,89785,177.532173
2023-09-11 14:38:00+00:00,177.645,177.645,177.515,3183,177.54,94752,177.572116
2023-09-11 14:39:00+00:00,177.63,177.65,177.5701,3410,177.645,100877,177.618916
2023-09-11 14:40:00+00:00,177.575,177.72,177.57,3537,177.62,145108,177.632452
2023-09-11 14:41:00+00:00,177.68,177.6999,177.485,3825,177.5752,138110,177.571354
2023-09-11 14:42:00+00:00,177.685,177.8,177.67,3465,177.6775,143038,177.747902
2023-09-11 14:43:00+00:00,177.78,177.8,177.6477,3127,177.68,103177,177.715062
2023-09-11 14:44:00+00:00,177.82,177.85,177.76,3907,177.79,150627,177.804682
2023-09-11 14:45:00+00:00,177.9,177.92,177.81,3578,177.81,107661,177.840606
2023-09-11 14:46:00+00:00,177.85,177.9,177.8258,3469,177.9,97598,177.86373
2023-09-11 14:47:00+00:00,177.941,177.97,177.8501,3786,177.8501,145042,177.926503
2023-09-11 14:48:00+00:00,177.9374,177.97,177.87,3397,177.95,105419,177.932384
2023-09-11 14:49:00+00:00,177.9329,177.94,177.89,3167,177.93,66368,177.913905
2023-09-11 14:50:00+00:00,177.9801,178.07,177.93,3949,177.94,199850,177.989985
2023-09-11 14:51:00+00:00,178.0383,178.04,177.9801,3604,177.9801,125463,178.008906
2023-09-11 14:52:00+00:00,178.135,178.16,178.0037,3720,178.04,157318,178.087835
2023-09-11 14:53:00+00:00,178.0901,178.22,178.0846,3462,178.13,213001,178.145722
2023-09-11 14:54:00+00:00,178.03,178.095,177.95,2314,178.09,153929,178.003277
2023-09-11 14:55:00+00:00,178.125,178.1299,177.95,1257,178.03,92647,178.01335
2023-09-11 14:56:00+00:00,177.975,178.13,177.97,1174,178.12,89212,178.058264
2023-09-11 14:57:00+00:00,177.81,177.995,177.81,1965,177.97,165500,177.893643
2023-09-11 14:58:00+00:00,177.87,177.87,177.74,1562,177.81,147959,177.801104
2023-09-11 14:59:00+00:00,177.8,177.98,177.79,1220,177.875,105431,177.911548
2023-09-11 15:00:00+00:00,177.785,177.9138,177.765,1234,177.79,86915,177.824106
2023-09-11 15:01:00+00:00,177.865,177.8673,177.755,1223,177.79,105894,177.801388
2023-09-11 15:02:00+00:00,177.8775,177.9516,177.84,997,177.86,84112,177.891394
2023-09-11 15:03:00+00:00,177.85,177.89,177.755,1285,177.88,111631,177.820785
2023-09-11 15:04:00+00:00,178.005,178.05,177.82,1026,177.865,92683,177.912464
2023-09-11 15:05:00+00:00,178.0,178.08,177.99,1456,178.0008,112685,178.03477
2023-09-11 15:06:00+00:00,178.328,178.37,178.01,2209,178.01,230852,178.268005
2023-09-11 15:07:00+00:00,178.28,178.32,178.22,1492,178.32,122513,178.280473
2023-09-11 15:08:00+00:00,178.28,178.43,178.265,1783,178.28,199521,178.346479
2023-09-11 15:09:00+00:00,178.37,178.39,178.28,1203,178.2814,104742,178.324624
2023-09-11 15:10:00+00:00,178.33,178.3699,178.245,1467,178.365,145544,178.314118
2023-09-11 15:11:00+00:00,178.27,178.36,178.171,1400,178.34,142201,178.257675
2023-09-11 15:12:00+00:00,178.26,178.275,178.18,1001,178.25,106651,178.228872
2023-09-11 15:13:00+00:00,178.3,178.305,178.18,1042,178.265,74505,178.250385
2023-09-11 15:14:00+00:00,178.25,178.29,178.21,1051,178.29,92624,178.242309
2023-09-11 15:15:00+00:00,178.21,178.2853,178.18,1186,178.25,101815,178.232348
2023-09-11 15:16:00+00:00,178.305,178.34,178.21,924,178.21,75561,178.268037
2023-09-11 15:17:00+00:00,178.4298,178.44,178.3,1112,178.305,114663,178.393911
2023-09-11 15:18:00+00:00,178.465,178.56,178.4,1760,178.4301,174316,178.494175
2023-09-11 15:19:00+00:00,178.54,178.545,178.43,1246,178.47,105220,178.498423
2023-09-11 15:20:00+00:00,178.54,178.57,178.4934,1147,178.54,91743,178.522935
2023-09-11 15:21:00+00:00,178.46,178.56,178.46,1102,178.535,89194,178.522283
2023-09-11 15:22:00+00:00,178.49,178.56,178.45,1158,178.455,104153,178.4985
2023-09-11 15:23:00+00:00,178.51,178.53,178.411,966,178.485,70423,178.473548
2023-09-11 15:24:00+00:00,178.6401,178.68,178.515,1342,178.52,145562,178.586385
2023-09-11 15:25:00+00:00,178.855,178.86,178.64,2049,178.65,184999,178.772695
2023-09-11 15:26:00+00:00,178.902,178.9175,178.855,1434,178.855,169784,178.887301
2023-09-11 15:27:00+00:00,178.81,178.95,178.8,1327,178.9005,149255,178.870374
2023-09-11 15:28:00+00:00,178.745,178.825,178.6951,1542,178.81,190372,178.769035
2023-09-11 15:29:00+00:00,178.75,178.85,178.7301,1166,178.7482,100892,178.786192
2023-09-11 15:30:00+00:00,178.585,178.76,178.53,1992,178.75,189891,178.611501
2023-09-11 15:31:00+00:00,178.62,178.71,178.57,1043,178.58,86108,178.644141
2023-09-11 15:32:00+00:00,178.6711,178.675,178.57,955,178.62,69800,178.612254
2023-09-11 15:33:00+00:00,178.65,178.805,178.6401,1391,178.67,120914,178.721953
2023-09-11 15:34:00+00:00,178.495,178.645,178.48,1452,178.645,143149,178.542524
2023-09-11 15:35:00+00:00,178.51,178.56,178.46,990,178.49,75471,178.507375
2023-09-11 15:36:00+00:00,178.52,178.555,178.48,811,178.5,66696,178.515937
2023-09-11 15:37:00+00:00,178.61,178.645,178.52,912,178.52,70061,178.590598
2023-09-11 15:38:00+00:00,178.5399,178.63,178.47,1175,178.61,106411,178.537675
2023-09-11 15:39:00+00:00,178.5101,178.53,178.47,854,178.5266,76584,178.505135
2023-09-11 15:40:00+00:00,178.545,178.5899,178.48,776,178.515,68350,178.533548
2023-09-11 15:41:00+00:00,178.535,178.577,178.49,1212,178.54,110087,178.524863
2023-09-11 15:42:00+00:00,178.5099,178.57,178.43,1236,178.535,120983,178.494528
2023-09-11 15:43:00+00:00,178.24,178.52,178.2101,2273,178.52,234203,178.324127
2023-09-11 15:44:00+00:00,178.2905,178.3499,178.22,1395,178.25,190379,178.261343
2023-09-11 15:45:00+00:00,178.3471,178.36,178.25,1229,178.29,110849,178.313
2023-09-11 15:46:00+00:00,178.2505,178.36,178.23,980,178.344,101423,178.300303
2023-09-11 15:47:00+00:00,178.34,178.34,178.23,950,178.26,99600,178.274554
2023-09-11 15:48:00+00:00,178.39,178.43,178.29,982,178.33,83453,178.364349
2023-09-11 15:49:00+00:00,178.4,178.44,178.35,848,178.38,56748,178.40098
2023-09-11 15:50:00+00:00,178.39,178.485,178.39,789,178.4079,55020,178.429765
2023-09-11 15:51:00+00:00,178.39,178.42,178.34,759,178.38,63450,178.380336
2023-09-11 15:52:00+00:00,178.4,178.46,178.39,718,178.39,62226,178.425051
2023-09-11 15:53:00+00:00,178.445,178.465,178.36,929,178.3977,105377,178.425458
2023-09-11 15:54:00+00:00,178.4599,178.49,178.42,778,178.44,69923,178.458456
2023-09-11 15:55:00+00:00,178.48,178.5,178.46,705,178.47,56184,178.481544
2023-09-11 15:56:00+00:00,178.4184,178.4789,178.35,964,178.47,82416,178.390286
2023-09-11 15:57:00+00:00,178.492,178.5,178.4,668,178.42,65390,178.437907
2023-09-11 15:58:00+00:00,178.43,178.5,178.421,704,178.485,70131,178.468191
2023-09-11 15:59:00+00:00,178.4201,178.4399,178.39,663,178.42,46988,178.414117
2023-09-11 16:00:00+00:00,178.47,178.49,178.415,768,178.42,45744,178.460569
2023-09-11 16:01:00+00:00,178.45,178.52,178.44,722,178.475,77513,178.485229
2023-09-11 16:02:00+00:00,178.57,178.58,178.44,916,178.44,82454,178.526622
2023-09-11 16:03:00+00:00,178.45,178.575,178.43,870,178.575,64321,178.514695
2023-09-11 16:04:00+00:00,178.4,178.4672,178.385,951,178.431,114462,178.424211
2023-09-11 16:05:00+00:00,178.3204,178.395,178.25,1428,178.39,134328,178.320747
2023-09-11 16:06:00+00:00,178.3699,178.38,178.28,868,178.31,82418,178.328489
2023-09-11 16:07:00+00:00,178.4093,178.43,178.365,772,178.365,83889,178.40639
2023-09-11 16:08:00+00:00,178.4601,178.505,178.4,862,178.4,67842,178.453609
2023-09-11 16:09:00+00:00,178.5999,178.7,178.4401,1908,178.4677,172746,178.582411
2023-09-11 16:10:00+00:00,178.63,178.67,178.57,852,178.6,76865,178.6138
2023-09-11 16:11:00+00:00,178.6,178.6699,178.59,737,178.63,66772,178.617
2023-09-11 16:12:00+00:00,178.645,178.655,178.6,693,178.62,62238,178.626968
2023-09-11 16:13:00+00:00,178.7023,178.72,178.64,850,178.65,71639,178.678556
2023-09-11 16:14:00+00:00,178.66,178.7218,178.652,878,178.705,88225,178.688459
2023-09-11 16:15:00+00:00,178.6511,178.6969,178.59,986,178.67,91552,178.657172
2023-09-11 16:16:00+00:00,178.6219,178.6799,178.6,871,178.65,87601,178.64426
2023-09-11 16:17:00+00:00,178.64,178.66,178.61,608,178.63,36771,178.632039
2023-09-11 16:18:00+00:00,178.62,178.69,178.61,606,178.64,38270,178.643687
2023-09-11 16:19:00+00:00,178.575,178.62,178.5001,991,178.615,78452,178.557167
2023-09-11 16:20:00+00:00,178.5416,178.5782,178.51,672,178.5759,51511,178.529494
2023-09-11 16:21:00+00:00,178.465,178.54,178.45,1047,178.54,88662,178.487572
2023-09-11 16:22:00+00:00,178.4694,178.52,178.43,814,178.4623,67844,178.470488
2023-09-11 16:23:00+00:00,178.4696,178.5,178.42,869,178.47,95551,178.459231
2023-09-11 16:24:00+00:00,178.49,178.495,178.43,676,178.47,42884,178.472134
2023-09-11 16:25:00+00:00,178.545,178.56,178.48,792,178.49,64609,178.517886
2023-09-11 16:26:00+00:00,178.5914,178.63,178.535,807,178.545,77115,178.590426
2023-09-11 16:27:00+00:00,178.6201,178.64,178.5701,711,178.6,66215,178.601805
2023-09-11 16:28:00+00:00,178.595,178.645,178.59,832,178.6153,93698,178.612648
2023-09-11 16:29:00+00:00,178.685,178.86,178.595,2410,178.61,254123,178.726354
2023-09-11 16:30:00+00:00,178.59,178.742,178.59,858,178.6891,100739,178.643201
2023-09-11 16:31:00+00:00,178.51,178.6,178.505,919,178.5999,94282,178.555451
2023-09-11 16:32:00+00:00,178.5103,178.54,178.47,887,178.51,89411,178.509448
2023-09-11 16:33:00+00:00,178.5871,178.64,178.5,729,178.515,91280,178.581468
2023-09-11 16:34:00+00:00,178.57,178.6,178.55,942,178.57,89023,178.576411
2023-09-11 16:35:00+00:00,178.58,178.6157,178.51,778,178.59,269060,178.546016
2023-09-11 16:36:00+00:00,178.55,178.6072,178.55,636,178.5812,53762,178.5781
2023-09-11 16:37:00+00:00,178.57,178.59,178.5238,803,178.55,79731,178.557025
2023-09-11 16:38:00+00:00,178.5101,178.5616,178.5,752,178.5616,73116,178.527793
2023-09-11 16:39:00+00:00,178.465,178.53,178.46,653,178.52,52072,178.500785
2023-09-11 16:40:00+00:00,178.41,178.465,178.39,1130,178.46,94253,178.418074
2023-09-11 16:41:00+00:00,178.425,178.43,178.36,890,178.41,84728,178.3865
2023-09-11 16:42:00+00:00,178.36,178.45,178.36,714,178.425,72359,178.426597
2023-09-11 16:43:00+00:00,178.375,178.39,178.34,737,178.362,60256,178.365361
2023-09-11 16:44:00+00:00,178.375,178.4075,178.33,703,178.375,47702,178.361888
2023-09-11 16:45:00+00:00,178.39,178.4081,178.35,610,178.37,50059,178.38209
2023-09-11 16:46:00+00:00,178.41,178.44,178.37,657,178.4,69003,178.405736
2023-09-11 16:47:00+00:00,178.44,178.529,178.405,853,178.405,87611,178.474264
2023-09-11 16:48:00+00:00,178.445,178.465,178.42,668,178.44,61007,178.44345
2023-09-11 16:49:00+00:00,178.47,178.49,178.42,730,178.445,56181,178.465142
2023-09-11 16:50:00+00:00,178.45,178.491,178.45,557,178.465,33538,178.471917
2023-09-11 16:51:00+00:00,178.505,178.56,178.455,861,178.46,93498,178.526963
2023-09-11 16:52:00+00:00,178.54,178.57,178.5075,706,178.5075,63763,178.53578
2023-09-11 16:53:00+00:00,178.365,178.5305,178.33,913,178.5252,70255,178.42723
2023-09-11 16:54:00+00:00,178.53,178.54,178.366,690,178.366,57589,178.448538
2023-09-11 16:55:00+00:00,178.52,178.56,178.4515,674,178.515,58048,178.520034
2023-09-11 16:56:00+00:00,178.585,178.59,178.52,676,178.525,67212,178.546311
2023-09-11 16:57:00+00:00,178.545,178.6,178.53,831,178.585,86908,178.575976
2023-09-11 16:58:00+00:00,178.6012,178.72,178.54,1302,178.545,231299,178.653169
2023-09-11 16:59:00+00:00,178.6646,178.6646,178.5901,820,178.6,76844,178.643695
2023-09-11 17:00:00+00:00,178.6884,178.73,178.65,1085,178.67,143398,178.688001
2023-09-11 17:01:00+00:00,178.57,178.7182,178.57,828,178.68,53658,178.668115
2023-09-11 17:02:00+00:00,178.635,178.645,178.57,659,178.57,61271,178.605162
2023-09-11 17:03:00+00:00,178.64,178.6752,178.6,579,178.64,44549,178.641887
2023-09-11 17:04:00+00:00,178.68,178.68,178.64,541,178.64,34149,178.655397
2023-09-11 17:05:00+00:00,178.695,178.72,178.6601,742,178.68,57788,178.696338
2023-09-11 17:06:00+00:00,178.7272,178.74,178.695,630,178.7,43661,178.714843
2023-09-11 17:07:00+00:00,178.6,178.72,178.56,931,178.72,99251,178.640917
2023-09-11 17:08:00+00:00,178.68,178.6899,178.59,546,178.6,45665,178.648474
2023-09-11 17:09:00+00:00,178.7077,178.71,178.67,642,178.68,80860,178.694925
2023-09-11 17:10:00+00:00,178.7701,178.79,178.705,915,178.71,115372,178.752381
2023-09-11 17:11:00+00:00,178.795,178.84,178.76,1050,178.775,114226,178.780416
2023-09-11 17:12:00+00:00,178.9271,178.95,178.79,1038,178.8,116702,178.875151
2023-09-11 17:13:00+00:00,178.8144,178.95,178.8144,1042,178.9228,100108,178.907937
2023-09-11 17:14:00+00:00,178.83,178.87,178.81,673,178.82,44839,178.843723
2023-09-11 17:15:00+00:00,178.84,178.88,178.83,751,178.83,51299,178.85557
2023-09-11 17:16:00+00:00,178.802,178.88,178.79,762,178.84,59542,178.82555
2023-09-11 17:17:00+00:00,178.8246,178.85,178.8,668,178.81,44808,178.828686
2023-09-11 17:18:00+00:00,178.86,178.9,178.8,646,178.83,46250,178.848413
2023-09-11 17:19:00+00:00,178.94,178.97,178.87,796,178.87,82416,178.929884
2023-09-11 17:20:00+00:00,179.045,179.08,178.95,1469,178.95,148704,179.009376
2023-09-11 17:21:00+00:00,179.18,179.2,179.045,1098,179.045,112392,179.128091
2023-09-11 17:22:00+00:00,179.175,179.2,179.12,924,179.1701,94625,179.163366
2023-09-11 17:23:00+00:00,179.19,179.2,179.15,867,179.18,80541,179.178467
2023-09-11 17:24:00+00:00,179.19,179.2,179.15,667,179.19,56144,179.176775
2023-09-11 17:25:00+00:00,179.15,179.2,179.11,808,179.19,71935,179.14846
2023-09-11 17:26:00+00:00,179.14,179.2099,179.125,831,179.155,95492,179.173716
2023-09-11 17:27:00+00:00,179.1208,179.155,179.0801,779,179.1301,85199,179.120417
2023-09-11 17:28:00+00:00,179.11,179.149,179.095,659,179.13,61305,179.122961
2023-09-11 17:29:00+00:00,179.265,179.3024,179.115,1360,179.12,145435,179.211706
2023-09-11 17:30:00+00:00,179.36,179.38,179.2617,1311,179.27,135859,179.329405
2023-09-11 17:31:00+00:00,179.245,179.4274,179.225,1636,179.37,178971,179.299946
2023-09-11 17:32:00+00:00,179.3201,179.35,179.25,836,179.25,65949,179.303279
2023-09-11 17:33:00+00:00,179.2399,179.345,179.205,1005,179.3386,81871,179.280663
2023-09-11 17:34:00+00:00,179.26,179.29,179.23,738,179.235,48904,179.267748
2023-09-11 17:35:00+00:00,179.265,179.3,179.1701,948,179.27,63173,179.248961
2023-09-11 17:36:00+00:00,179.2884,179.3,179.2412,648,179.26,52233,179.273169
2023-09-11 17:37:00+00:00,179.29,179.32,179.258,555,179.29,42200,179.287326
2023-09-11 17:38:00+00:00,179.29,179.3,179.23,659,179.285,51271,179.260889
2023-09-11 17:39:00+00:00,179.28,179.3,179.23,732,179.28,50926,179.272085
2023-09-11 17:40:00+00:00,179.2958,179.31,179.26,664,179.277,51793,179.289088
2023-09-11 17:41:00+00:00,179.28,179.335,179.23,780,179.295,65090,179.287095
2023-09-11 17:42:00+00:00,179.25,179.31,179.2497,618,179.29,46126,179.282008
2023-09-11 17:43:00+00:00,179.24,179.285,179.1712,862,179.245,64680,179.225087
2023-09-11 17:44:00+00:00,179.1,179.2401,179.085,1221,179.2401,114263,179.150382
2023-09-11 17:45:00+00:00,179.1501,179.17,179.1,740,179.11,63489,179.123508
2023-09-11 17:46:00+00:00,179.19,179.2,179.1311,575,179.1501,42366,179.161862
2023-09-11 17:47:00+00:00,179.19,179.2774,179.171,811,179.195,63173,179.221146
2023-09-11 17:48:00+00:00,179.1799,179.21,179.16,579,179.2,34930,179.184908
2023-09-11 17:49:00+00:00,179.0635,179.17,179.0601,853,179.17,69408,179.108615
2023-09-11 17:50:00+00:00,179.1899,179.21,179.065,866,179.065,69700,179.14484
2023-09-11 17:51:00+00:00,179.24,179.27,179.175,918,179.1857,70999,179.228111
2023-09-11 17:52:00+00:00,179.205,179.23,179.17,660,179.22,54622,179.196892
2023-09-11 17:53:00+00:00,179.2,179.26,179.19,786,179.205,71105,179.221345
2023-09-11 17:54:00+00:00,179.21,179.3,179.195,885,179.2,78467,179.252281
2023-09-11 17:55:00+00:00,179.1613,179.2549,179.15,724,179.21,44493,179.200226
2023-09-11 17:56:00+00:00,179.125,179.16,179.115,823,179.16,58976,179.132884
2023-09-11 17:57:00+00:00,179.045,179.13,179.01,1167,179.1299,102815,179.076694
2023-09-11 17:58:00+00:00,179.155,179.16,179.04,924,179.04,84061,179.096994
2023-09-11 17:59:00+00:00,179.245,179.26,179.15,771,179.1599,73871,179.199124
2023-09-11 18:00:00+00:00,179.355,179.37,179.25,1057,179.25,108213,179.330904
2023-09-11 18:01:00+00:00,179.39,179.41,179.3301,1050,179.3498,118591,179.368877
2023-09-11 18:02:00+00:00,179.46,179.46,179.385,904,179.385,91999,179.418549
2023-09-11 18:03:00+00:00,179.34,179.465,179.3149,950,179.465,89743,179.381632
2023-09-11 18:04:00+00:00,179.33,179.35,179.28,802,179.34,74217,179.326576
2023-09-11 18:05:00+00:00,179.26,179.35,179.24,841,179.33,61652,179.310646
2023-09-11 18:06:00+00:00,179.245,179.3,179.2012,755,179.2699,63010,179.24836
2023-09-11 18:07:00+00:00,179.17,179.2495,179.07,1652,179.24,152799,179.136071
2023-09-11 18:08:00+00:00,179.105,179.19,179.1,1052,179.17,89012,179.135795
2023-09-11 18:09:00+00:00,179.06,179.12,179.04,1155,179.1083,111795,179.067568
2023-09-11 18:10:00+00:00,179.22,179.22,179.0496,1072,179.06,105358,179.122955
2023-09-11 18:11:00+00:00,179.355,179.38,179.2209,1162,179.2209,141387,179.2937
2023-09-11 18:12:00+00:00,179.3901,179.4,179.3199,1033,179.35,91317,179.365952
2023-09-11 18:13:00+00:00,179.4289,179.445,179.39,1050,179.4,84398,179.418808
2023-09-11 18:14:00+00:00,179.48,179.5,179.42,960,179.42,97522,179.465265
2023-09-11 18:15:00+00:00,179.49,179.55,179.4715,1307,179.4899,116901,179.519179
2023-09-11 18:16:00+00:00,179.34,179.495,179.34,1035,179.472,122970,179.415109
2023-09-11 18:17:00+00:00,179.43,179.45,179.33,703,179.335,71540,179.406148
2023-09-11 18:18:00+00:00,179.4074,179.4387,179.355,674,179.42,58610,179.390331
2023-09-11 18:19:00+00:00,179.535,179.535,179.38,924,179.4,95405,179.433168
2023-09-11 18:20:00+00:00,179.5278,179.55,179.4903,882,179.53,69761,179.526073
2023-09-11 18:21:00+00:00,179.505,179.54,179.48,660,179.5242,50040,179.500265
2023-09-11 18:22:00+00:00,179.45,179.52,179.44,761,179.5001,51872,179.498596
2023-09-11 18:23:00+00:00,179.4456,179.485,179.39,729,179.445,59435,179.431298
2023-09-11 18:24:00+00:00,179.51,179.535,179.44,687,179.449,59825,179.504067
2023-09-11 18:25:00+00:00,179.5,179.55,179.48,800,179.505,66712,179.512595
2023-09-11 18:26:00+00:00,179.53,179.545,179.47,696,179.49,62121,179.4951
2023-09-11 18:27:00+00:00,179.42,179.53,179.42,821,179.525,61206,179.465121
2023-09-11 18:28:00+00:00,179.4497,179.46,179.42,821,179.43,86957,179.440179
2023-09-11 18:29:00+00:00,179.515,179.52,179.44,774,179.44,59474,179.478343
2023-09-11 18:30:00+00:00,179.4999,179.53,179.48,823,179.515,55608,179.501332
2023-09-11 18:31:00+00:00,179.4811,179.52,179.45,787,179.4939,55127,179.488405
2023-09-11 18:32:00+00:00,179.5068,179.51,179.46,617,179.48,44256,179.487482
2023-09-11 18:33:00+00:00,179.47,179.525,179.44,812,179.505,62923,179.488556
2023-09-11 18:34:00+00:00,179.42,179.475,179.42,725,179.46,152731,179.427317
2023-09-11 18:35:00+00:00,179.47,179.4799,179.38,1068,179.42,98160,179.425498
2023-09-11 18:36:00+00:00,179.445,179.48,179.4399,701,179.465,60057,179.462925
2023-09-11 18:37:00+00:00,179.45,179.47,179.43,670,179.4391,56026,179.446474
2023-09-11 18:38:00+00:00,179.375,179.45,179.36,755,179.445,62687,179.394402
2023-09-11 18:39:00+00:00,179.438,179.47,179.37,788,179.375,72941,179.415621
2023-09-11 18:40:00+00:00,179.4201,179.435,179.41,468,179.4301,33750,179.422518
2023-09-11 18:41:00+00:00,179.38,179.43,179.38,710,179.42,67614,179.404416
2023-09-11 18:42:00+00:00,179.51,179.51,179.38,816,179.38,82692,179.465213
2023-09-11 18:43:00+00:00,179.41,179.51,179.385,706,179.5079,71459,179.43704
2023-09-11 18:44:00+00:00,179.415,179.49,179.3893,831,179.4128,62400,179.439016
2023-09-11 18:45:00+00:00,179.4091,179.44,179.39,672,179.41,47816,179.413647
2023-09-11 18:46:00+00:00,179.47,179.49,179.4,786,179.4,59591,179.45353
2023-09-11 18:47:00+00:00,179.4871,179.4871,179.43,547,179.465,34072,179.458228
2023-09-11 18:48:00+00:00,179.52,179.55,179.465,955,179.4899,99296,179.513256
2023-09-11 18:49:00+00:00,179.56,179.57,179.495,786,179.52,85993,179.534129
2023-09-11 18:50:00+00:00,179.5476,179.6,179.52,944,179.569,78230,179.574566
2023-09-11 18:51:00+00:00,179.53,179.64,179.53,794,179.54,55300,179.597579
2023-09-11 18:52:00+00:00,179.53,179.58,179.49,733,179.5458,60149,179.534328
2023-09-11 18:53:00+00:00,179.54,179.56,179.51,580,179.515,39935,179.533034
2023-09-11 18:54:00+00:00,179.58,179.61,179.535,740,179.54,54966,179.576964
2023-09-11 18:55:00+00:00,179.585,179.6,179.56,653,179.585,53337,179.582453
2023-09-11 18:56:00+00:00,179.56,179.585,179.48,785,179.585,64608,179.5265
2023-09-11 18:57:00+00:00,179.54,179.56,179.525,626,179.55,46674,179.543536
2023-09-11 18:58:00+00:00,179.56,179.57,179.53,796,179.532,53846,179.553897
2023-09-11 18:59:00+00:00,179.6623,179.675,179.565,1150,179.57,114433,179.625767
2023-09-11 19:00:00+00:00,179.67,179.6999,179.65,981,179.67,93762,179.667361
2023-09-11 19:01:00+00:00,179.62,179.685,179.6,807,179.67,64453,179.643362
2023-09-11 19:02:00+00:00,179.75,179.75,179.6124,1128,179.62,98063,179.701757
2023-09-11 19:03:00+00:00,179.6697,179.75,179.655,810,179.745,68921,179.690796
2023-09-11 19:04:00+00:00,179.7228,179.7244,179.63,763,179.665,62359,179.676696
2023-09-11 19:05:00+00:00,179.71,179.74,179.66,729,179.73,65079,179.698677
2023-09-11 19:06:00+00:00,179.77,179.775,179.68,875,179.71,102880,179.734263
2023-09-11 19:07:00+00:00,179.7684,179.77,179.71,869,179.77,121762,179.65847
2023-09-11 19:08:00+00:00,179.76,179.79,179.75,757,179.76,67729,179.765566
2023-09-11 19:09:00+00:00,179.7889,179.83,179.765,1096,179.7682,99353,179.799193
2023-09-11 19:10:00+00:00,179.78,179.82,179.75,1022,179.7888,110240,179.789251
2023-09-11 19:11:00+00:00,179.7699,179.82,179.75,839,179.775,77616,179.794008
2023-09-11 19:12:00+00:00,179.765,179.8012,179.7428,899,179.76,78012,179.761702
2023-09-11 19:13:00+00:00,179.68,179.77,179.6507,1127,179.768,92128,179.702088
2023-09-11 19:14:00+00:00,179.66,179.72,179.66,789,179.675,82963,179.690306
2023-09-11 19:15:00+00:00,179.62,179.67,179.6,992,179.665,99399,179.63596
2023-09-11 19:16:00+00:00,179.59,179.65,179.59,809,179.63,79402,179.621779
2023-09-11 19:17:00+00:00,179.56,179.62,179.52,1168,179.589,177486,179.577399
2023-09-11 19:18:00+00:00,179.56,179.5999,179.52,1007,179.55,111389,179.552708
2023-09-11 19:19:00+00:00,179.5601,179.59,179.53,918,179.569,89480,179.557573
2023-09-11 19:20:00+00:00,179.59,179.645,179.56,964,179.565,111267,179.600426
2023-09-11 19:21:00+00:00,179.73,179.73,179.595,1123,179.595,119273,179.648262
2023-09-11 19:22:00+00:00,179.77,179.77,179.7,1216,179.73,126387,179.727731
2023-09-11 19:23:00+00:00,179.79,179.8,179.7201,1102,179.7609,112166,179.759362
2023-09-11 19:24:00+00:00,179.88,179.93,179.78,1917,179.79,217099,179.851182
2023-09-11 19:25:00+00:00,179.885,179.93,179.86,1369,179.88,139782,179.889396
2023-09-11 19:26:00+00:00,179.805,179.8877,179.77,1559,179.8877,189390,179.808693
2023-09-11 19:27:00+00:00,179.73,179.79,179.69,1257,179.79,132774,179.745526
2023-09-11 19:28:00+00:00,179.6167,179.75,179.595,1510,179.73,150370,179.686885
2023-09-11 19:29:00+00:00,179.695,179.7299,179.6,1077,179.61,122593,179.671981
2023-09-11 19:30:00+00:00,179.7296,179.75,179.66,1220,179.7,109703,179.702573
2023-09-11 19:31:00+00:00,179.7759,179.79,179.715,1251,179.72,103018,179.753705
2023-09-11 19:32:00+00:00,179.745,179.78,179.6895,1432,179.775,143542,179.732308
2023-09-11 19:33:00+00:00,179.75,179.76,179.69,1377,179.74,118775,179.729315
2023-09-11 19:34:00+00:00,179.9401,179.95,179.75,1870,179.75,199941,179.856656
2023-09-11 19:35:00+00:00,179.8491,179.95,179.83,1449,179.945,132125,179.905306
2023-09-11 19:36:00+00:00,179.75,179.84,179.73,1338,179.84,119138,179.787508
2023-09-11 19:37:00+00:00,179.8,179.829,179.74,1184,179.74,107679,179.784182
2023-09-11 19:38:00+00:00,179.7875,179.83,179.77,1170,179.8,92945,179.800375
2023-09-11 19:39:00+00:00,179.745,179.79,179.7389,1201,179.78,110875,179.762494
2023-09-11 19:40:00+00:00,179.75,179.78,179.7101,1129,179.74,91637,179.751306
2023-09-11 19:41:00+00:00,179.73,179.765,179.7,1453,179.76,129178,179.733062
2023-09-11 19:42:00+00:00,179.67,179.74,179.67,1284,179.73,114878,179.69562
2023-09-11 19:43:00+00:00,179.65,179.69,179.62,1464,179.6601,139087,179.668223
2023-09-11 19:44:00+00:00,179.68,179.7,179.62,1451,179.655,127386,179.663097
2023-09-11 19:45:00+00:00,179.58,179.685,179.55,1644,179.685,166472,179.604575
2023-09-11 19:46:00+00:00,179.665,179.71,179.57,1433,179.59,116461,179.648822
2023-09-11 19:47:00+00:00,179.6,179.6705,179.5696,1908,179.665,191481,179.617679
2023-09-11 19:48:00+00:00,179.57,179.615,179.55,1487,179.61,133470,179.580872
2023-09-11 19:49:00+00:00,179.6099,179.62,179.56,1577,179.57,148359,179.593858
2023-09-11 19:50:00+00:00,179.4,179.59,179.39,3082,179.59,257872,179.480213
2023-09-11 19:51:00+00:00,179.39,179.43,179.34,2518,179.4,254893,179.387245
2023-09-11 19:52:00+00:00,179.34,179.4,179.3,2262,179.39,210634,179.353194
2023-09-11 19:53:00+00:00,179.365,179.3807,179.31,2734,179.33,264463,179.348161
2023-09-11 19:54:00+00:00,179.31,179.41,179.31,2209,179.36,189135,179.358648
2023-09-11 19:55:00+00:00,179.2479,179.33,179.22,3130,179.31,316520,179.269164
2023-09-11 19:56:00+00:00,179.27,179.32,179.24,2693,179.245,264763,179.262979
2023-09-11 19:57:00+00:00,179.27,179.33,179.16,3485,179.265,368063,179.240358
2023-09-11 19:58:00+00:00,179.4784,179.48,179.26,4506,179.26,662010,179.410981
2023-09-11 19:59:00+00:00,179.38,179.48,179.31,7543,179.475,728767,179.379883
2023-09-11 20:00:00+00:00,179.32,179.43,179.26,235,179.43,6581958,179.359947
2023-09-11 20:01:00+00:00,179.34,179.34,179.3,126,179.33,19894,179.352737
2023-09-11 20:02:00+00:00,179.31,179.32,179.28,92,179.3,84379,179.357475
2023-09-11 20:03:00+00:00,179.3,179.32,179.3,81,179.31,127154,179.359252
2023-09-11 20:04:00+00:00,179.29,179.31,179.29,90,179.3,7833,179.320741
2023-09-11 20:05:00+00:00,179.3195,179.3195,179.29,50,179.29,1385,179.301545
2023-09-11 20:06:00+00:00,179.29,179.32,179.29,76,179.32,2926,179.300396
2023-09-11 20:07:00+00:00,179.26,179.31,179.26,222,179.307,23157,179.207164
2023-09-11 20:08:00+00:00,179.26,179.27,179.2,92,179.25,3419,179.239301
2023-09-11 20:09:00+00:00,179.24,179.26,179.2,60,179.26,4017,179.24192
2023-09-11 20:10:00+00:00,179.36,179.36,179.24,63,179.24,92554,179.358368
2023-09-11 20:11:00+00:00,179.2499,179.2499,179.24,50,179.24,11231,179.345292
2023-09-11 20:12:00+00:00,179.25,179.25,179.25,43,179.25,578,179.246951
2023-09-11 20:13:00+00:00,179.25,179.25,179.2,95,179.22,5502,179.230234
2023-09-11 20:14:00+00:00,179.26,179.26,179.25,50,179.25,1934,179.256246
2023-09-11 20:15:00+00:00,179.28,179.28,179.26,39,179.26,1993,179.272494
2023-09-11 20:17:00+00:00,179.22,179.26,179.2,60,179.26,2890,179.226611
2023-09-11 20:18:00+00:00,179.15,179.2,179.15,75,179.2,3124,179.175477
2023-09-11 20:19:00+00:00,179.2,179.2,179.18,47,179.18,2946,179.183003
2023-09-11 20:20:00+00:00,179.2195,179.22,179.2195,30,179.22,367,179.21603
2023-09-11 20:21:00+00:00,179.2,179.22,179.2,46,179.21,660,179.202105
2023-09-11 20:22:00+00:00,179.2,179.36,179.2,47,179.36,17092,179.356163
2023-09-11 20:23:00+00:00,179.21,179.21,179.21,41,179.21,380,179.194174
2023-09-11 20:24:00+00:00,179.16,179.2,179.16,82,179.2,3500,179.180177
2023-09-11 20:25:00+00:00,179.1401,179.17,179.14,46,179.16,2344,179.152866
2023-09-11 20:26:00+00:00,179.1,179.14,179.1,76,179.1,3535,179.114936
2023-09-11 20:27:00+00:00,179.13,179.13,179.09,39,179.09,1036,179.11291
2023-09-11 20:28:00+00:00,179.1,179.13,179.06,63,179.13,3233,179.092546
2023-09-11 20:30:00+00:00,179.15,179.15,179.12,47,179.12,2015,179.131385
2023-09-11 20:31:00+00:00,179.1301,179.14,179.13,14,179.14,358,179.133715
2023-09-11 20:32:00+00:00,179.15,179.15,179.15,25,179.15,262,179.150057
2023-09-11 20:33:00+00:00,179.13,179.16,179.13,54,179.16,2147,179.146495
2023-09-11 20:34:00+00:00,179.15,179.16,179.14,66,179.14,2966,179.140548
2023-09-11 20:35:00+00:00,179.15,179.15,179.13,38,179.15,1158,179.147282
2023-09-11 20:36:00+00:00,179.14,179.16,179.14,34,179.15,1009,179.152015
2023-09-11 20:37:00+00:00,179.16,179.16,179.14,24,179.14,1853,179.153319
2023-09-11 20:39:00+00:00,179.17,179.2,179.17,39,179.18,1751,179.18757
2023-09-11 20:41:00+00:00,179.21,179.21,179.2,43,179.2,856,179.203464
2023-09-11 20:42:00+00:00,179.2,179.36,179.2,53,179.2,241324,179.358412
2023-09-11 20:43:00+00:00,179.21,179.21,179.21,30,179.21,534,179.217069
2023-09-11 20:44:00+00:00,179.2295,179.24,179.2124,36,179.24,1319,179.232077
2023-09-11 20:45:00+00:00,179.23,179.23,179.23,41,179.23,353,179.226898
2023-09-11 20:46:00+00:00,179.27,179.27,179.23,47,179.23,1772,179.242446
2023-09-11 20:47:00+00:00,179.26,179.27,179.26,36,179.27,1263,179.268399
2023-09-11 20:48:00+00:00,179.27,179.27,179.27,34,179.27,751,179.270102
2023-09-11 20:49:00+00:00,179.26,179.26,179.26,42,179.26,174072,179.359472
2023-09-11 20:50:00+00:00,179.26,179.26,179.26,20,179.26,260,179.257972
2023-09-11 20:51:00+00:00,179.24,179.27,179.24,20,179.27,521,179.256699
2023-09-11 20:52:00+00:00,179.28,179.28,179.2441,31,179.2441,456,179.265864
2023-09-11 20:53:00+00:00,179.29,179.3,179.29,39,179.3,3019,179.291785
2023-09-11 20:54:00+00:00,179.25,179.3,179.24,65,179.3,1699,179.264952
2023-09-11 20:55:00+00:00,179.25,179.28,179.25,20,179.28,367,179.263202
2023-09-11 20:56:00+00:00,179.3,179.3,179.21,101,179.25,8835,179.265924
2023-09-11 20:57:00+00:00,179.15,179.3,179.15,81,179.29,6723,179.20735
2023-09-11 20:58:00+00:00,179.12,179.13,179.12,49,179.13,934,179.126322
2023-09-11 20:59:00+00:00,179.1,179.14,179.07,49,179.14,5696,179.101215
2023-09-11 21:00:00+00:00,179.1,179.1,179.1,33,179.1,559,179.08983
2023-09-11 21:01:00+00:00,179.19,179.19,179.05,71,179.0862,6033,179.143963
2023-09-11 21:02:00+00:00,179.1418,179.1418,179.1418,25,179.1418,1120,179.147933
2023-09-11 21:04:00+00:00,179.18,179.18,179.17,36,179.17,2063,179.171088
2023-09-11 21:05:00+00:00,179.15,179.2,179.15,40,179.2,1702,179.171967
2023-09-11 21:07:00+00:00,179.15,179.1512,179.15,25,179.1512,379,179.153009
2023-09-11 21:08:00+00:00,179.14,179.16,179.14,43,179.14,633,179.1508
2023-09-11 21:09:00+00:00,179.16,179.16,179.15,41,179.15,1152,179.152416
2023-09-11 21:10:00+00:00,179.18,179.2,179.17,26,179.17,2395,179.186645
2023-09-11 21:12:00+00:00,179.15,179.16,179.15,32,179.16,3054,179.151549
2023-09-11 21:13:00+00:00,179.1506,179.1506,179.1506,18,179.1506,186,179.152258
2023-09-11 21:14:00+00:00,179.19,179.19,179.19,27,179.19,240,179.180073
2023-09-11 21:17:00+00:00,179.1608,179.166,179.16,21,179.166,886,179.167411
2023-09-11 21:18:00+00:00,179.16,179.16,179.16,26,179.16,356,179.165666
2023-09-11 21:19:00+00:00,179.22,179.22,179.16,19,179.1632,1630,179.208308
2023-09-11 21:20:00+00:00,179.18,179.1801,179.18,23,179.18,739,179.182057
2023-09-11 21:21:00+00:00,179.18,179.18,179.18,34,179.18,484,179.181364
2023-09-11 21:22:00+00:00,179.18,179.18,179.18,26,179.18,735,179.175787
2023-09-11 21:23:00+00:00,179.15,179.15,179.15,43,179.15,424,179.158208
2023-09-11 21:24:00+00:00,179.16,179.16,179.16,31,179.16,561,179.150734
2023-09-11 21:25:00+00:00,179.14,179.14,179.14,25,179.14,563,179.140023
2023-09-11 21:26:00+00:00,179.1,179.12,179.1,58,179.12,864,179.113057
2023-09-11 21:27:00+00:00,179.1,179.1,179.1,25,179.1,759,179.097484
2023-09-11 21:30:00+00:00,179.1109,179.1109,179.1109,23,179.1109,557,179.110296
2023-09-11 21:31:00+00:00,179.1619,179.1619,179.14,25,179.1491,552,179.148964
2023-09-11 21:32:00+00:00,179.08,179.11,179.08,21,179.11,729,179.091811
2023-09-11 21:34:00+00:00,179.13,179.13,179.13,24,179.13,350,179.133423
2023-09-11 21:35:00+00:00,179.15,179.15,179.15,28,179.15,966,179.149291
2023-09-11 21:36:00+00:00,179.15,179.15,179.15,29,179.15,426,179.146408
2023-09-11 21:38:00+00:00,179.15,179.15,179.11,39,179.1171,2750,179.140961
2023-09-11 21:40:00+00:00,179.13,179.13,179.1143,26,179.1143,611,179.128347
2023-09-11 21:41:00+00:00,179.01,179.15,179.0,140,179.15,6244,179.046043
2023-09-11 21:42:00+00:00,179.01,179.1299,179.01,29,179.1,1080,179.036481
2023-09-11 21:43:00+00:00,179.03,179.08,179.02,38,179.08,1020,179.046397
2023-09-11 21:44:00+00:00,179.0799,179.0799,179.0799,24,179.0799,514,179.069523
2023-09-11 21:47:00+00:00,179.0499,179.0499,179.0499,22,179.0499,292,179.045668
2023-09-11 21:49:00+00:00,179.0225,179.0737,179.0,43,179.0,1378,179.02951
2023-09-11 21:50:00+00:00,179.02,179.02,179.02,17,179.02,227,179.040264
2023-09-11 21:51:00+00:00,179.05,179.05,179.04,37,179.04,511,179.049276
2023-09-11 21:53:00+00:00,179.0401,179.0401,179.0401,31,179.0401,504,179.047927
2023-09-11 21:54:00+00:00,179.05,179.08,179.04,33,179.08,2292,179.046102
2023-09-11 21:55:00+00:00,179.1,179.1,179.07,35,179.07,2002,179.077967
2023-09-11 21:56:00+00:00,179.08,179.08,179.08,26,179.08,976,179.083653
2023-09-11 21:57:00+00:00,179.15,179.15,179.15,15,179.15,3653,179.149171
2023-09-11 21:59:00+00:00,179.1,179.1,179.1,21,179.1,478,179.101464
2023-09-11 22:00:00+00:00,179.2,179.2,179.1,47,179.1,2835,179.162056
2023-09-11 22:01:00+00:00,179.0754,179.2,179.0754,34,179.2,1678,179.174237
2023-09-11 22:03:00+00:00,179.15,179.18,179.15,17,179.18,434,179.145242
2023-09-11 22:05:00+00:00,179.14,179.18,179.14,17,179.18,833,179.909568
2023-09-11 22:06:00+00:00,179.2,179.2,179.14,33,179.18,1581,179.191885
2023-09-11 22:07:00+00:00,179.2,179.2,179.2,11,179.2,964,179.200041
2023-09-11 22:08:00+00:00,179.2115,179.2115,179.2115,32,179.2115,492,179.24581
2023-09-11 22:11:00+00:00,179.23,179.26,179.23,29,179.26,1617,179.25414
2023-09-11 22:12:00+00:00,179.2579,179.26,179.23,36,179.23,1157,179.253067
2023-09-11 22:13:00+00:00,179.24,179.24,179.24,24,179.24,403,179.241067
2023-09-11 22:14:00+00:00,179.26,179.26,179.26,31,179.26,929,179.25437
2023-09-11 22:16:00+00:00,179.26,179.28,179.25,34,179.25,898,179.257092
2023-09-11 22:17:00+00:00,179.34,179.34,179.29,43,179.29,1727,179.329543
2023-09-11 22:18:00+00:00,179.33,179.33,179.24,29,179.33,4046,179.2839
2023-09-11 22:19:00+00:00,179.25,179.25,179.25,18,179.25,226,179.280841
2023-09-11 22:20:00+00:00,179.28,179.28,179.28,26,179.28,553,179.282423
2023-09-11 22:21:00+00:00,179.28,179.28,179.24,17,179.24,403,179.259628
2023-09-11 22:26:00+00:00,179.24,179.26,179.24,30,179.26,1168,179.255111
2023-09-11 22:27:00+00:00,179.24,179.24,179.24,32,179.24,579,179.232306
2023-09-11 22:29:00+00:00,179.2022,179.2022,179.2022,24,179.2022,374,179.207788
2023-09-11 22:30:00+00:00,179.22,179.26,179.22,21,179.24,1148,179.239669
2023-09-11 22:31:00+00:00,179.22,179.2206,179.22,20,179.2206,908,179.226729
2023-09-11 22:32:00+00:00,179.2052,179.2052,179.2052,27,179.2052,413,179.208223
2023-09-11 22:34:00+00:00,179.2807,179.2807,179.2748,31,179.2748,659,179.274876
2023-09-11 22:36:00+00:00,179.23,179.28,179.22,31,179.28,1249,179.229928
2023-09-11 22:38:00+00:00,179.22,179.23,179.22,26,179.23,441,179.223492
2023-09-11 22:41:00+00:00,179.25,179.25,179.21,37,179.21,1152,179.226892
2023-09-11 22:44:00+00:00,179.28,179.28,179.2761,12,179.2761,660,179.276003
2023-09-11 22:46:00+00:00,179.277,179.277,179.277,11,179.277,298,179.276742
2023-09-11 22:47:00+00:00,179.22,179.22,179.22,18,179.22,233,179.223283
2023-09-11 22:48:00+00:00,179.25,179.25,179.25,17,179.25,165,179.24703
2023-09-11 22:49:00+00:00,179.25,179.25,179.25,15,179.25,411,179.239757
2023-09-11 22:50:00+00:00,179.28,179.28,179.27,26,179.27,1106,179.273734
2023-09-11 22:53:00+00:00,179.2406,179.2406,179.2406,18,179.2406,426,179.245329
2023-09-11 22:55:00+00:00,179.2244,179.2244,179.22,15,179.22,434,179.225933
2023-09-11 22:56:00+00:00,179.25,179.25,179.25,19,179.25,147,179.256871
2023-09-11 22:58:00+00:00,179.25,179.25,179.25,16,179.25,320,179.248141
2023-09-11 22:59:00+00:00,179.25,179.25,179.25,34,179.25,1091,179.253506
2023-09-11 23:00:00+00:00,179.29,179.29,179.29,27,179.29,3710,179.289275
2023-09-11 23:01:00+00:00,179.3,179.3,179.29,13,179.29,4758,179.290717
2023-09-11 23:03:00+00:00,179.3,179.33,179.3,23,179.33,627,179.324298
2023-09-11 23:04:00+00:00,179.36,179.36,179.35,55,179.35,1639,179.350232
2023-09-11 23:06:00+00:00,179.33,179.33,179.3,20,179.3,1140,179.322101
2023-09-11 23:10:00+00:00,179.3,179.3,179.3,15,179.3,823,179.303633
2023-09-11 23:19:00+00:00,179.32,179.32,179.31,23,179.31,855,179.316766
2023-09-11 23:20:00+00:00,179.34,179.34,179.34,25,179.34,564,179.33739
2023-09-11 23:22:00+00:00,179.34,179.34,179.34,22,179.34,561,179.310793
2023-09-11 23:25:00+00:00,179.35,179.35,179.35,18,179.35,546,179.346154
2023-09-11 23:26:00+00:00,179.4,179.4,179.34,49,179.34,5626,179.361833
2023-09-11 23:27:00+00:00,179.4,179.4,179.4,26,179.4,426,179.411573
2023-09-11 23:28:00+00:00,179.43,179.44,179.43,20,179.44,502,179.432809
2023-09-11 23:29:00+00:00,179.4,179.4,179.4,25,179.4,1532,179.402526
2023-09-11 23:30:00+00:00,179.44,179.44,179.43,22,179.43,560,179.43242
2023-09-11 23:31:00+00:00,179.4,179.4,179.4,22,179.4,286,179.401426
2023-09-11 23:32:00+00:00,179.38,179.38,179.38,19,179.38,639,179.380188
2023-09-11 23:33:00+00:00,179.33,179.4,179.33,21,179.4,827,179.351221
2023-09-11 23:34:00+00:00,179.3,179.32,179.3,41,179.32,2050,179.307449
2023-09-11 23:35:00+00:00,179.39,179.39,179.39,24,179.39,709,179.332927
2023-09-11 23:37:00+00:00,179.3,179.38,179.3,29,179.38,1317,179.346454
2023-09-11 23:39:00+00:00,179.38,179.38,179.38,23,179.38,267,179.351367
2023-09-11 23:40:00+00:00,179.3,179.3,179.3,26,179.3,614,179.314813
2023-09-11 23:41:00+00:00,179.39,179.4,179.3,54,179.3,4260,179.382529
2023-09-11 23:42:00+00:00,179.38,179.38,179.38,14,179.38,234,179.376838
2023-09-11 23:43:00+00:00,179.39,179.39,179.39,20,179.39,495,179.379455
2023-09-11 23:45:00+00:00,179.34,179.34,179.33,24,179.33,412,179.335607
2023-09-11 23:46:00+00:00,179.4,179.4,179.35,41,179.35,1640,179.378518
2023-09-11 23:47:00+00:00,179.4,179.44,179.4,23,179.4,1804,179.416037
2023-09-11 23:48:00+00:00,179.4,179.4001,179.4,28,179.4001,1509,179.403837
2023-09-11 23:49:00+00:00,179.4399,179.4399,179.4,41,179.43,1515,179.411582
2023-09-11 23:50:00+00:00,179.4,179.4,179.39,19,179.39,430,179.398279
2023-09-11 23:51:00+00:00,179.42,179.43,179.4,25,179.42,2011,179.420288
2023-09-11 23:52:00+00:00,179.42,179.42,179.4199,19,179.4199,735,179.416844
2023-09-11 23:53:00+00:00,179.42,179.42,179.42,22,179.42,458,179.411496
2023-09-11 23:54:00+00:00,179.4,179.45,179.4,28,179.42,4895,179.430306
2023-09-11 23:56:00+00:00,179.45,179.45,179.42,26,179.42,2746,179.443946
2023-09-11 23:57:00+00:00,179.42,179.45,179.42,27,179.45,3740,179.440985
2023-09-11 23:58:00+00:00,179.39,179.45,179.39,36,179.44,1648,179.409557
2023-09-11 23:59:00+00:00,179.55,179.55,179.45,78,179.45,10865,179.488605
