timestamp,close,high,low,trade_count,open,volume,vwap
2023-10-30 08:00:00+00:00,168.75,168.98,168.75,68,168.98,1104,168.760054
2023-10-30 08:01:00+00:00,168.84,168.9,168.84,43,168.9,1204,168.811561
2023-10-30 08:02:00+00:00,168.88,168.88,168.7,28,168.7,1170,168.846556
2023-10-30 08:03:00+00:00,168.84,168.84,168.6,50,168.63,3091,168.685086
2023-10-30 08:04:00+00:00,168.88,168.88,168.88,20,168.88,788,168.886307
2023-10-30 08:05:00+00:00,168.92,168.92,168.92,23,168.92,537,168.899628
2023-10-30 08:06:00+00:00,168.98,169.0,168.92,63,168.92,3585,168.964974
2023-10-30 08:07:00+00:00,169.0,169.0,168.98,35,168.98,2042,169.009128
2023-10-30 08:08:00+00:00,169.0,169.0,169.0,22,169.0,648,168.994676
2023-10-30 08:10:00+00:00,168.97,168.97,168.97,13,168.97,401,168.973142
2023-10-30 08:12:00+00:00,168.95,168.95,168.95,9,168.95,240,168.9525
2023-10-30 08:13:00+00:00,168.9,168.9,168.9,17,168.9,493,168.903266
2023-10-30 08:17:00+00:00,168.99,168.99,168.99,31,168.99,1012,168.990623
2023-10-30 08:19:00+00:00,169.0,169.0,168.99,7,169.0,411,168.996204
2023-10-30 08:20:00+00:00,169.0,169.0,169.0,17,169.0,2135,169.005499
2023-10-30 08:23:00+00:00,168.92,168.92,168.92,14,168.92,421,168.922708
2023-10-30 08:25:00+00:00,168.91,168.91,168.91,12,168.91,249,168.91498
2023-10-30 08:27:00+00:00,168.85,168.85,168.85,24,168.85,1021,168.824339
2023-10-30 08:39:00+00:00,168.85,168.85,168.85,11,168.85,688,168.846657
2023-10-30 08:40:00+00:00,168.85,168.85,168.85,2,168.85,101,168.85
2023-10-30 08:42:00+00:00,168.85,168.85,168.85,7,168.85,354,168.85904
2023-10-30 08:43:00+00:00,168.92,168.92,168.92,11,168.92,371,168.917251
2023-10-30 08:44:00+00:00,168.85,168.92,168.85,41,168.92,2397,168.861314
2023-10-30 08:46:00+00:00,168.85,168.86,168.85,14,168.86,350,168.844429
2023-10-30 08:47:00+00:00,168.71,168.72,168.71,14,168.72,1000,168.72214
2023-10-30 08:53:00+00:00,168.83,168.83,168.8,22,168.8,821,168.811486
2023-10-30 08:54:00+00:00,168.99,168.99,168.98,31,168.98,2013,168.970859
2023-10-30 09:01:00+00:00,168.97,168.97,168.97,7,168.97,179,168.945754
2023-10-30 09:03:00+00:00,169.0,169.0,169.0,37,169.0,955,169.042346
2023-10-30 09:04:00+00:00,169.09,169.09,169.09,4,169.09,212,169.086981
2023-10-30 09:06:00+00:00,169.2,169.2,169.1,43,169.1,2703,169.157899
2023-10-30 09:07:00+00:00,169.2,169.2,169.2,6,169.2,386,169.199016
2023-10-30 09:10:00+00:00,169.23,169.23,169.2,14,169.2,806,169.206526
2023-10-30 09:17:00+00:00,169.47,169.47,169.43,24,169.43,947,169.449894
2023-10-30 09:21:00+00:00,169.37,169.37,169.37,10,169.37,299,169.37301
2023-10-30 09:23:00+00:00,169.22,169.27,169.22,58,169.27,1894,169.25783
2023-10-30 09:24:00+00:00,169.25,169.25,169.25,12,169.25,898,169.254878
2023-10-30 09:25:00+00:00,169.2,169.22,169.2,23,169.22,1231,169.210301
2023-10-30 09:26:00+00:00,169.2,169.2,169.2,7,169.2,933,169.194394
2023-10-30 09:32:00+00:00,169.25,169.25,169.25,9,169.25,433,169.249977
2023-10-30 09:36:00+00:00,169.16,169.16,169.16,8,169.16,268,169.163433
2023-10-30 09:38:00+00:00,168.96,169.1,168.96,80,169.09,3574,169.066335
2023-10-30 09:42:00+00:00,169.1,169.1,169.1,13,169.1,947,169.091573
2023-10-30 09:49:00+00:00,169.11,169.11,169.11,6,169.11,273,169.111648
2023-10-30 09:51:00+00:00,169.14,169.14,169.14,10,169.14,325,169.138646
2023-10-30 09:59:00+00:00,169.16,169.16,169.16,9,169.16,240,169.166625
2023-10-30 10:07:00+00:00,169.17,169.17,169.17,20,169.17,1102,169.173049
2023-10-30 10:08:00+00:00,169.13,169.13,169.12,12,169.12,1081,169.121813
2023-10-30 10:13:00+00:00,169.12,169.13,169.12,37,169.12,3008,169.120888
2023-10-30 10:15:00+00:00,168.96,169.12,168.96,100,169.12,4089,169.054566
2023-10-30 10:17:00+00:00,169.05,169.05,169.05,10,169.05,845,169.042615
2023-10-30 10:19:00+00:00,169.02,169.02,169.02,20,169.02,558,169.022527
2023-10-30 10:20:00+00:00,169.0,169.0,169.0,9,169.0,537,169.004283
2023-10-30 10:21:00+00:00,169.0,169.02,169.0,16,169.02,2544,169.004182
2023-10-30 10:25:00+00:00,169.01,169.01,168.98,36,169.0,2926,168.999901
2023-10-30 10:28:00+00:00,169.0,169.01,169.0,21,169.01,1008,169.002391
2023-10-30 10:29:00+00:00,169.01,169.01,169.0,18,169.0,844,169.002773
2023-10-30 10:32:00+00:00,169.05,169.05,169.05,5,169.05,207,169.048116
2023-10-30 10:34:00+00:00,169.0,169.01,169.0,27,169.01,3422,169.001753
2023-10-30 10:37:00+00:00,169.04,169.04,169.04,2,169.04,101,169.040099
2023-10-30 10:38:00+00:00,169.01,169.01,169.0,14,169.0,520,169.012154
2023-10-30 10:48:00+00:00,169.09,169.09,169.09,26,169.09,1453,169.088665
2023-10-30 10:49:00+00:00,169.0,169.01,169.0,79,169.01,2680,168.990418
2023-10-30 10:50:00+00:00,169.06,169.11,169.0,116,169.0,7639,169.039764
2023-10-30 10:57:00+00:00,169.22,169.22,169.22,36,169.22,12026,169.219686
2023-10-30 10:58:00+00:00,169.13,169.13,169.13,12,169.13,521,169.128829
2023-10-30 10:59:00+00:00,169.19,169.19,169.19,5,169.19,300,169.180267
2023-10-30 11:00:00+00:00,169.17,169.2,169.14,113,169.14,3093,169.168468
2023-10-30 11:01:00+00:00,169.18,169.2,169.13,35,169.13,2423,169.179571
2023-10-30 11:02:00+00:00,169.2,169.2,169.2,19,169.2,888,169.196171
2023-10-30 11:03:00+00:00,169.3,169.3,169.2,24,169.2,1028,169.266634
2023-10-30 11:05:00+00:00,169.27,169.27,169.27,9,169.27,319,169.264232
2023-10-30 11:06:00+00:00,169.24,169.26,169.24,17,169.26,1467,169.246333
2023-10-30 11:08:00+00:00,169.25,169.25,169.25,54,169.25,1820,169.176203
2023-10-30 11:12:00+00:00,169.14,169.14,169.14,31,169.14,1186,169.139747
2023-10-30 11:13:00+00:00,169.19,169.19,169.15,16,169.15,592,169.177027
2023-10-30 11:14:00+00:00,169.2,169.2,169.2,11,169.2,506,169.192846
2023-10-30 11:15:00+00:00,169.2,169.2,169.2,14,169.2,505,169.194277
2023-10-30 11:16:00+00:00,169.23,169.23,169.23,15,169.23,389,169.20838
2023-10-30 11:20:00+00:00,169.13,169.21,169.13,75,169.21,4573,169.189788
2023-10-30 11:21:00+00:00,169.2,169.2,169.2,13,169.2,1008,169.2
2023-10-30 11:22:00+00:00,169.15,169.15,169.15,30,169.15,1148,169.151542
2023-10-30 11:23:00+00:00,169.18,169.18,169.18,11,169.18,1456,169.179986
2023-10-30 11:25:00+00:00,169.15,169.16,169.15,25,169.16,1623,169.158102
2023-10-30 11:26:00+00:00,169.1,169.12,169.1,27,169.12,491,169.111141
2023-10-30 11:27:00+00:00,169.1,169.1,169.1,30,169.1,1262,169.0979
2023-10-30 11:30:00+00:00,169.13,169.13,169.13,4,169.13,169,169.142071
2023-10-30 11:32:00+00:00,169.14,169.14,169.14,16,169.14,1004,169.132849
2023-10-30 11:33:00+00:00,169.2,169.2,169.14,36,169.14,1550,169.169735
2023-10-30 11:34:00+00:00,169.21,169.21,169.21,20,169.21,891,169.200606
2023-10-30 11:36:00+00:00,169.21,169.21,169.21,17,169.21,584,169.219264
2023-10-30 11:42:00+00:00,169.2,169.2,169.2,11,169.2,362,169.193011
2023-10-30 11:45:00+00:00,169.24,169.24,169.24,16,169.24,374,169.237112
2023-10-30 11:46:00+00:00,169.28,169.28,169.24,90,169.24,3200,169.259909
2023-10-30 11:47:00+00:00,169.28,169.28,169.28,29,169.28,1467,169.275801
2023-10-30 11:51:00+00:00,169.25,169.25,169.25,7,169.25,119,169.252857
2023-10-30 11:52:00+00:00,169.23,169.23,169.23,21,169.23,190,169.233263
2023-10-30 11:54:00+00:00,169.18,169.19,169.18,31,169.19,4619,169.188398
2023-10-30 11:55:00+00:00,169.13,169.13,169.13,17,169.13,311,169.133376
2023-10-30 11:57:00+00:00,169.1,169.1,169.1,66,169.1,2739,169.105487
2023-10-30 11:59:00+00:00,169.16,169.16,169.12,13,169.12,613,169.137406
2023-10-30 12:00:00+00:00,169.11,169.28,169.05,416,169.16,42565,169.150567
2023-10-30 12:01:00+00:00,169.01,169.12,168.57,752,169.12,4763,168.864246
2023-10-30 12:02:00+00:00,169.0,169.05,169.0,288,169.01,3346,168.877496
2023-10-30 12:04:00+00:00,169.02,169.05,169.02,36,169.05,1364,169.033127
2023-10-30 12:05:00+00:00,169.05,169.05,169.0,64,169.0,1703,169.012134
2023-10-30 12:06:00+00:00,168.93,168.93,168.93,49,168.93,1784,168.931087
2023-10-30 12:07:00+00:00,168.95,168.954,168.93,35,168.93,1454,168.948009
2023-10-30 12:08:00+00:00,168.95,169.0,168.93,42,169.0,2131,168.949366
2023-10-30 12:09:00+00:00,169.0,169.0,168.91,54,168.92,1970,168.947514
2023-10-30 12:10:00+00:00,168.95,168.95,168.92,30,168.92,805,168.923006
2023-10-30 12:11:00+00:00,169.0,169.0,168.91,60,168.91,5018,168.976721
2023-10-30 12:12:00+00:00,168.924,168.924,168.92,30,168.92,717,168.926987
2023-10-30 12:13:00+00:00,168.9,168.93,168.89,61,168.93,5150,168.902404
2023-10-30 12:14:00+00:00,168.93,168.93,168.93,27,168.93,437,168.927254
2023-10-30 12:15:00+00:00,168.93,168.93,168.9,53,168.93,2024,168.931134
2023-10-30 12:16:00+00:00,168.93,168.95,168.93,22,168.95,680,168.945211
2023-10-30 12:18:00+00:00,168.88,168.91,168.88,219,168.9,8348,168.899169
2023-10-30 12:19:00+00:00,168.76,168.85,168.76,90,168.85,3354,168.801014
2023-10-30 12:20:00+00:00,168.7,168.78,168.7,66,168.7799,2428,168.741395
2023-10-30 12:21:00+00:00,168.77,168.77,168.73,63,168.75,2211,168.7518
2023-10-30 12:22:00+00:00,168.7,168.78,168.67,154,168.78,8820,168.707997
2023-10-30 12:23:00+00:00,168.56,168.62,168.56,71,168.62,2156,168.60651
2023-10-30 12:24:00+00:00,168.5,168.62,168.47,206,168.62,6214,168.532743
2023-10-30 12:25:00+00:00,168.7,168.7,168.6994,57,168.6994,1742,168.674945
2023-10-30 12:26:00+00:00,168.72,168.74,168.617,67,168.65,3557,168.688714
2023-10-30 12:27:00+00:00,168.75,168.75,168.73,48,168.73,1780,168.722812
2023-10-30 12:28:00+00:00,168.73,168.73,168.7,25,168.7,1227,168.707685
2023-10-30 12:30:00+00:00,168.75,168.75,168.75,50,168.75,2243,168.747938
2023-10-30 12:31:00+00:00,168.93,168.93,168.92,70,168.92,1650,168.883524
2023-10-30 12:32:00+00:00,168.97,168.97,168.88,51,168.92,1936,168.916396
2023-10-30 12:34:00+00:00,168.97,168.97,168.94,30,168.95,1436,168.962984
2023-10-30 12:35:00+00:00,168.85,168.87,168.85,109,168.87,2625,168.876385
2023-10-30 12:36:00+00:00,168.85,168.85,168.73,78,168.81,4685,168.755317
2023-10-30 12:37:00+00:00,168.8,168.8,168.72,94,168.73,2428,168.766348
2023-10-30 12:38:00+00:00,168.67,168.75,168.67,84,168.75,7453,168.697305
2023-10-30 12:39:00+00:00,168.65,168.7,168.65,41,168.65,1213,168.668557
2023-10-30 12:40:00+00:00,168.57,168.67,168.56,98,168.61,5533,168.593565
2023-10-30 12:41:00+00:00,168.69,168.69,168.69,23,168.69,412,168.654903
2023-10-30 12:42:00+00:00,168.64,168.69,168.64,47,168.69,2834,168.672035
2023-10-30 12:43:00+00:00,168.69,168.69,168.69,22,168.69,342,168.677778
2023-10-30 12:44:00+00:00,168.55,168.65,168.55,82,168.65,1770,168.596431
2023-10-30 12:45:00+00:00,168.83,168.85,168.613,38,168.85,1021,168.724623
2023-10-30 12:46:00+00:00,168.72,168.72,168.72,58,168.72,1250,168.670936
2023-10-30 12:47:00+00:00,168.55,168.62,168.55,46,168.6,1273,168.580754
2023-10-30 12:48:00+00:00,168.51,168.5791,168.51,23,168.52,2808,168.520735
2023-10-30 12:49:00+00:00,168.5,168.576,168.49,79,168.51,5102,168.505759
2023-10-30 12:50:00+00:00,168.36,168.41,168.36,91,168.39,1876,168.405121
2023-10-30 12:51:00+00:00,168.43,168.44,168.35,61,168.35,2855,168.379662
2023-10-30 12:52:00+00:00,168.38,168.44,168.38,67,168.4399,4061,168.406396
2023-10-30 12:54:00+00:00,168.35,168.44,168.35,42,168.39,2066,168.371512
2023-10-30 12:55:00+00:00,168.44,168.47,168.44,172,168.44,18138,168.438197
2023-10-30 12:56:00+00:00,168.4,168.4,168.395,32,168.4,7178,168.399854
2023-10-30 12:57:00+00:00,168.57,168.57,168.4998,81,168.5,4153,168.517717
2023-10-30 12:58:00+00:00,168.65,168.6996,168.58,139,168.58,44720,168.646015
2023-10-30 12:59:00+00:00,168.58,168.58,168.5,104,168.5,3059,168.525744
2023-10-30 13:00:00+00:00,168.63,168.63,168.56,35,168.56,1230,168.597371
2023-10-30 13:01:00+00:00,168.6,168.63,168.6,23,168.63,1221,168.613268
2023-10-30 13:02:00+00:00,168.606,168.67,168.606,43,168.67,896,168.650714
2023-10-30 13:03:00+00:00,168.7,168.7,168.69,37,168.69,470,168.690521
2023-10-30 13:04:00+00:00,168.7,168.72,168.68,41,168.72,766,168.703389
2023-10-30 13:05:00+00:00,168.7392,168.7392,168.65,57,168.67,4283,168.691043
2023-10-30 13:06:00+00:00,168.69,168.7,168.66,19,168.66,1098,168.692901
2023-10-30 13:07:00+00:00,168.6607,168.7,168.6607,42,168.7,990,168.685874
2023-10-30 13:08:00+00:00,168.71,168.74,168.71,90,168.72,3243,168.725899
2023-10-30 13:09:00+00:00,168.75,168.75,168.75,23,168.75,312,168.739827
2023-10-30 13:10:00+00:00,168.63,168.79,168.6,145,168.71,5511,168.668281
2023-10-30 13:11:00+00:00,168.6,168.61,168.6,98,168.61,2517,168.609577
2023-10-30 13:12:00+00:00,168.63,168.63,168.6,58,168.6,1451,168.603901
2023-10-30 13:13:00+00:00,168.46,168.53,168.45,199,168.53,6656,168.487129
2023-10-30 13:14:00+00:00,168.53,168.53,168.5,44,168.51,1574,168.511766
2023-10-30 13:15:00+00:00,168.42,168.5,168.4,94,168.5,2739,168.479876
2023-10-30 13:16:00+00:00,168.46,168.46,168.4,54,168.41,1207,168.419189
2023-10-30 13:17:00+00:00,168.5,168.5,168.47,37,168.47,1092,168.49918
2023-10-30 13:18:00+00:00,168.67,168.67,168.51,84,168.55,2763,168.566607
2023-10-30 13:19:00+00:00,168.65,168.65,168.5021,59,168.5021,1700,168.598978
2023-10-30 13:20:00+00:00,168.57,168.65,168.57,56,168.65,2631,168.594499
2023-10-30 13:21:00+00:00,168.7,168.7,168.57,85,168.57,3265,168.639346
2023-10-30 13:22:00+00:00,168.65,168.69,168.61,52,168.69,1760,168.670779
2023-10-30 13:23:00+00:00,168.65,168.68,168.65,33,168.68,738,168.654708
2023-10-30 13:24:00+00:00,168.7,168.7,168.68,67,168.68,2344,168.690609
2023-10-30 13:25:00+00:00,168.67,168.7,168.37,248,168.63,15501,168.588388
2023-10-30 13:26:00+00:00,168.51,168.71,168.39,220,168.7,14222,168.530439
2023-10-30 13:27:00+00:00,168.8,168.82,168.43,201,168.46,8863,168.631428
2023-10-30 13:28:00+00:00,168.82,169.0,168.8,276,168.9,12683,168.880328
2023-10-30 13:29:00+00:00,169.06,169.06,168.86,170,168.86,11873,168.990879
2023-10-30 13:30:00+00:00,169.16,169.34,168.92,7822,169.02,824510,169.047986
2023-10-30 13:31:00+00:00,169.06,169.17,168.87,2973,169.17,263929,168.994179
2023-10-30 13:32:00+00:00,169.86,169.895,168.95,3599,169.06,314065,169.475933
2023-10-30 13:33:00+00:00,169.9734,170.08,169.77,4020,169.8548,413716,169.971017
2023-10-30 13:34:00+00:00,170.01,170.1,169.9,2622,169.96,235558,169.997148
2023-10-30 13:35:00+00:00,170.12,170.17,169.85,3116,170.02,285136,170.01664
2023-10-30 13:36:00+00:00,170.2,170.2399,170.04,2355,170.12,194897,170.116192
2023-10-30 13:37:00+00:00,170.79,170.86,170.195,3913,170.195,394742,170.580547
2023-10-30 13:38:00+00:00,170.68,171.04,170.6548,3674,170.795,377882,170.872231
2023-10-30 13:39:00+00:00,170.738,170.85,170.57,2390,170.6873,252590,170.730283
2023-10-30 13:40:00+00:00,170.57,170.8,170.55,1722,170.74,138325,170.665367
2023-10-30 13:41:00+00:00,170.62,170.725,170.5,2610,170.58,281662,170.599279
2023-10-30 13:42:00+00:00,170.76,170.79,170.59,2016,170.6373,189765,170.705318
2023-10-30 13:43:00+00:00,170.61,170.775,170.4,2656,170.7411,239081,170.529309
2023-10-30 13:44:00+00:00,170.8939,170.9,170.61,2311,170.615,217446,170.736921
2023-10-30 13:45:00+00:00,170.95,171.03,170.9015,3002,170.9015,282183,170.967833
2023-10-30 13:46:00+00:00,170.865,170.98,170.76,3472,170.95,174807,170.870692
2023-10-30 13:47:00+00:00,171.0118,171.08,170.82,4604,170.86,217233,170.929927
2023-10-30 13:48:00+00:00,171.02,171.11,170.9198,4744,171.02,183022,171.026594
2023-10-30 13:49:00+00:00,170.98,171.09,170.86,5417,171.005,258996,170.970578
2023-10-30 13:50:00+00:00,170.9213,171.09,170.9213,4921,170.98,205658,171.010372
2023-10-30 13:51:00+00:00,171.16,171.16,170.91,5241,170.93,229397,171.025691
2023-10-30 13:52:00+00:00,170.7,171.17,170.6827,6012,171.16,282785,170.849674
2023-10-30 13:53:00+00:00,170.67,170.77,170.62,4275,170.71,119334,170.706875
2023-10-30 13:54:00+00:00,170.65,170.7199,170.605,4206,170.68,114320,170.654282
2023-10-30 13:55:00+00:00,170.575,170.84,170.57,4705,170.67,183003,170.718852
2023-10-30 13:56:00+00:00,170.805,170.87,170.53,4729,170.57,204908,170.691142
2023-10-30 13:57:00+00:00,170.6897,170.865,170.67,3657,170.81,79424,170.753552
2023-10-30 13:58:00+00:00,170.7,170.8,170.645,3769,170.69,127974,170.722168
2023-10-30 13:59:00+00:00,170.615,170.72,170.565,3926,170.71,143830,170.628416
2023-10-30 14:00:00+00:00,170.6199,170.8,170.58,4394,170.63,186869,170.675612
2023-10-30 14:01:00+00:00,170.8,170.9,170.61,4345,170.62,160079,170.757949
2023-10-30 14:02:00+00:00,170.5699,170.84,170.45,5327,170.8,231066,170.606424
2023-10-30 14:03:00+00:00,170.41,170.68,170.3611,3921,170.56,159591,170.538852
2023-10-30 14:04:00+00:00,170.3969,170.5,170.33,3654,170.42,190697,170.399458
2023-10-30 14:05:00+00:00,170.4201,170.4699,170.33,3345,170.4099,103362,170.39207
2023-10-30 14:06:00+00:00,170.5,170.58,170.41,3496,170.43,121395,170.509479
2023-10-30 14:07:00+00:00,170.72,170.7499,170.44,3176,170.5,109170,170.61207
2023-10-30 14:08:00+00:00,170.79,170.79,170.61,3032,170.72,94307,170.688936
2023-10-30 14:09:00+00:00,170.71,170.83,170.6701,3352,170.8,106504,170.749876
2023-10-30 14:10:00+00:00,170.49,170.805,170.49,3726,170.71,134350,170.696221
2023-10-30 14:11:00+00:00,170.37,170.55,170.36,4076,170.4812,144108,170.468524
2023-10-30 14:12:00+00:00,170.43,170.44,170.27,4266,170.37,212616,170.350653
2023-10-30 14:13:00+00:00,170.53,170.54,170.39,3919,170.45,140663,170.492902
2023-10-30 14:14:00+00:00,170.365,170.5331,170.36,3168,170.5331,86128,170.431763
2023-10-30 14:15:00+00:00,170.34,170.45,170.32,3346,170.375,139558,170.372586
2023-10-30 14:16:00+00:00,170.3591,170.43,170.2638,2669,170.35,93155,170.354579
2023-10-30 14:17:00+00:00,170.0502,170.42,169.97,4624,170.365,255941,170.097491
2023-10-30 14:18:00+00:00,169.66,170.09,169.65,4615,170.05,260690,169.871055
2023-10-30 14:19:00+00:00,169.81,169.81,169.64,4581,169.65,215414,169.740903
2023-10-30 14:20:00+00:00,169.52,169.825,169.48,4543,169.8,231271,169.611033
2023-10-30 14:21:00+00:00,169.48,169.52,169.33,5444,169.51,265649,169.428853
2023-10-30 14:22:00+00:00,169.46,169.56,169.41,4309,169.4656,208301,169.482492
2023-10-30 14:23:00+00:00,169.415,169.525,169.35,3652,169.455,106042,169.439873
2023-10-30 14:24:00+00:00,169.56,169.59,169.405,3520,169.405,100710,169.503866
2023-10-30 14:25:00+00:00,169.525,169.595,169.45,3268,169.54,84608,169.51133
2023-10-30 14:26:00+00:00,169.555,169.555,169.47,3145,169.529,95715,169.51388
2023-10-30 14:27:00+00:00,169.6,169.68,169.46,3429,169.56,131082,169.576235
2023-10-30 14:28:00+00:00,169.43,169.6,169.41,3333,169.595,105969,169.515789
2023-10-30 14:29:00+00:00,169.4,169.59,169.35,4136,169.43,224573,169.430476
2023-10-30 14:30:00+00:00,169.31,169.3763,169.21,3623,169.37,160059,169.292649
2023-10-30 14:31:00+00:00,169.39,169.44,169.25,3252,169.32,107071,169.348601
2023-10-30 14:32:00+00:00,169.36,169.62,169.32,4394,169.39,176597,169.472352
2023-10-30 14:33:00+00:00,169.48,169.5201,169.3501,3346,169.37,86842,169.455575
2023-10-30 14:34:00+00:00,169.57,169.62,169.49,3636,169.49,101103,169.56553
2023-10-30 14:35:00+00:00,169.77,169.78,169.495,3921,169.58,160631,169.649868
2023-10-30 14:36:00+00:00,169.58,169.78,169.53,4970,169.78,257822,169.597511
2023-10-30 14:37:00+00:00,169.655,169.73,169.58,3277,169.5956,81995,169.667223
2023-10-30 14:38:00+00:00,169.82,169.83,169.64,3410,169.66,90518,169.726581
2023-10-30 14:39:00+00:00,169.7488,169.92,169.7,3651,169.8,140926,169.843481
2023-10-30 14:40:00+00:00,169.9,169.9099,169.68,4075,169.77,180193,169.783964
2023-10-30 14:41:00+00:00,169.95,169.985,169.905,3541,169.9099,95736,169.929213
2023-10-30 14:42:00+00:00,169.89,169.94,169.83,3397,169.935,68186,169.882722
2023-10-30 14:43:00+00:00,169.82,169.9,169.7,3749,169.9,121708,169.825589
2023-10-30 14:44:00+00:00,169.53,169.86,169.53,3550,169.82,125554,169.726316
2023-10-30 14:45:00+00:00,169.84,169.91,169.495,5502,169.53,315929,169.704786
2023-10-30 14:46:00+00:00,169.78,169.895,169.73,3078,169.845,73599,169.805585
2023-10-30 14:47:00+00:00,169.83,169.8799,169.7,2866,169.78,96224,169.778389
2023-10-30 14:48:00+00:00,169.7295,169.88,169.63,3279,169.83,205515,169.714985
2023-10-30 14:49:00+00:00,169.68,169.78,169.68,2623,169.7499,71485,169.7313
2023-10-30 14:50:00+00:00,169.6847,169.73,169.58,1739,169.67,82288,169.648418
2023-10-30 14:51:00+00:00,169.9501,169.9678,169.6231,1228,169.68,108789,169.795189
2023-10-30 14:52:00+00:00,170.04,170.11,169.91,1318,169.94,128905,169.993089
2023-10-30 14:53:00+00:00,170.02,170.12,170.01,1023,170.045,94686,170.050339
2023-10-30 14:54:00+00:00,169.99,170.13,169.99,1119,170.02,136860,170.059507
2023-10-30 14:55:00+00:00,169.7463,170.0,169.675,1524,170.0,260498,169.856779
2023-10-30 14:56:00+00:00,169.685,169.75,169.64,877,169.73,77289,169.686916
2023-10-30 14:57:00+00:00,169.45,169.69,169.43,1563,169.68,162938,169.528729
2023-10-30 14:58:00+00:00,169.39,169.55,169.38,899,169.45,84922,169.459482
2023-10-30 14:59:00+00:00,169.4414,169.4899,169.37,1160,169.37,140571,169.423607
2023-10-30 15:00:00+00:00,169.69,169.71,169.425,1409,169.44,129781,169.593123
2023-10-30 15:01:00+00:00,169.82,169.84,169.65,1290,169.69,105878,169.75163
2023-10-30 15:02:00+00:00,169.91,169.91,169.75,880,169.825,87993,169.843171
2023-10-30 15:03:00+00:00,170.025,170.035,169.87,983,169.9,71582,169.933195
2023-10-30 15:04:00+00:00,169.94,170.0531,169.89,1108,170.02,93817,169.981079
2023-10-30 15:05:00+00:00,170.0479,170.0696,169.95,917,169.95,83558,170.0076
2023-10-30 15:06:00+00:00,170.0575,170.1103,170.01,940,170.03,107742,170.059412
2023-10-30 15:07:00+00:00,170.01,170.11,170.01,998,170.05,92037,170.048453
2023-10-30 15:08:00+00:00,169.96,170.03,169.95,873,170.0,71343,169.986067
2023-10-30 15:09:00+00:00,169.9634,169.98,169.885,819,169.96,70280,169.929875
2023-10-30 15:10:00+00:00,170.115,170.12,169.94,907,169.96,68683,170.031259
2023-10-30 15:11:00+00:00,169.89,170.2,169.8895,1320,170.1025,112195,170.076485
2023-10-30 15:12:00+00:00,169.855,169.93,169.75,1128,169.9,91583,169.837989
2023-10-30 15:13:00+00:00,169.89,169.96,169.805,855,169.86,66331,169.904211
2023-10-30 15:14:00+00:00,169.88,169.94,169.845,780,169.89,64720,169.897095
2023-10-30 15:15:00+00:00,169.85,169.935,169.8,846,169.88,71320,169.868517
2023-10-30 15:16:00+00:00,169.975,169.99,169.83,664,169.87,45788,169.910452
2023-10-30 15:17:00+00:00,169.98,170.03,169.91,849,169.98,47940,169.965265
2023-10-30 15:18:00+00:00,170.01,170.0254,169.92,798,169.97,51545,169.960989
2023-10-30 15:19:00+00:00,170.065,170.19,169.91,1909,170.0,153751,170.032986
2023-10-30 15:20:00+00:00,170.16,170.18,170.05,883,170.08,84595,170.097354
2023-10-30 15:21:00+00:00,170.08,170.18,170.0,1076,170.15,90492,170.100324
2023-10-30 15:22:00+00:00,169.57,170.085,169.55,1946,170.085,172097,169.824191
2023-10-30 15:23:00+00:00,169.51,169.66,169.45,1182,169.5786,129986,169.533415
2023-10-30 15:24:00+00:00,169.6,169.63,169.465,944,169.51,80921,169.548762
2023-10-30 15:25:00+00:00,169.54,169.63,169.53,900,169.59,82197,169.59339
2023-10-30 15:26:00+00:00,169.5785,169.61,169.465,1115,169.5485,113817,169.535142
2023-10-30 15:27:00+00:00,169.56,169.6,169.4901,809,169.57,69126,169.552716
2023-10-30 15:28:00+00:00,169.55,169.57,169.43,1300,169.57,121802,169.506828
2023-10-30 15:29:00+00:00,169.67,169.67,169.55,796,169.5501,67748,169.615019
2023-10-30 15:30:00+00:00,169.68,169.75,169.65,990,169.67,115544,169.708378
2023-10-30 15:31:00+00:00,169.8172,169.82,169.65,771,169.67,55327,169.730139
2023-10-30 15:32:00+00:00,169.76,169.8899,169.74,881,169.8111,77283,169.810102
2023-10-30 15:33:00+00:00,169.85,169.9605,169.72,1082,169.76,78762,169.88049
2023-10-30 15:34:00+00:00,170.05,170.0602,169.84,1259,169.85,110129,169.959059
2023-10-30 15:35:00+00:00,170.11,170.14,170.0,1182,170.061,137264,170.076799
2023-10-30 15:36:00+00:00,170.14,170.16,170.0701,1386,170.11,155693,170.127022
2023-10-30 15:37:00+00:00,170.02,170.14,170.01,740,170.14,51089,170.072805
2023-10-30 15:38:00+00:00,169.9,170.02,169.82,848,170.02,78030,169.917121
2023-10-30 15:39:00+00:00,169.71,169.9152,169.71,727,169.9017,70629,169.812679
2023-10-30 15:40:00+00:00,169.6307,169.73,169.6223,779,169.7,61291,169.676851
2023-10-30 15:41:00+00:00,169.77,169.78,169.63,752,169.64,67293,169.691041
2023-10-30 15:42:00+00:00,169.568,169.7799,169.555,864,169.7799,60892,169.631938
2023-10-30 15:43:00+00:00,169.6512,169.69,169.54,860,169.57,75726,169.612544
2023-10-30 15:44:00+00:00,169.77,169.79,169.62,731,169.66,71528,169.70199
2023-10-30 15:45:00+00:00,169.7569,169.82,169.72,907,169.78,82139,169.76716
2023-10-30 15:46:00+00:00,169.755,169.84,169.72,705,169.75,50157,169.778649
2023-10-30 15:47:00+00:00,169.7491,169.76,169.7025,654,169.7599,37936,169.736971
2023-10-30 15:48:00+00:00,169.6572,169.78,169.62,611,169.74,39615,169.701624
2023-10-30 15:49:00+00:00,169.722,169.79,169.594,687,169.66,51272,169.698112
2023-10-30 15:50:00+00:00,169.79,169.82,169.6901,630,169.74,45211,169.756366
2023-10-30 15:51:00+00:00,169.9,169.91,169.78,823,169.804,77276,169.841844
2023-10-30 15:52:00+00:00,169.95,169.95,169.81,721,169.89,56284,169.8731
2023-10-30 15:53:00+00:00,169.82,169.94,169.8,774,169.94,73082,169.86445
2023-10-30 15:54:00+00:00,169.8812,169.9,169.8,607,169.81,40622,169.839461
2023-10-30 15:55:00+00:00,169.8,169.92,169.77,754,169.88,37053,169.839285
2023-10-30 15:56:00+00:00,169.84,169.87,169.78,591,169.8,35420,169.821903
2023-10-30 15:57:00+00:00,169.9167,169.92,169.84,638,169.855,39954,169.887947
2023-10-30 15:58:00+00:00,169.9373,169.9486,169.88,573,169.915,39482,169.913745
2023-10-30 15:59:00+00:00,169.92,169.97,169.92,664,169.94,42247,169.93992
2023-10-30 16:00:00+00:00,169.96,170.0,169.89,1277,169.91,88627,169.946922
2023-10-30 16:01:00+00:00,169.905,169.97,169.855,624,169.95,32662,169.903019
2023-10-30 16:02:00+00:00,169.93,169.94,169.84,789,169.9,46696,169.893719
2023-10-30 16:03:00+00:00,169.85,169.9201,169.77,762,169.9201,53525,169.821056
2023-10-30 16:04:00+00:00,169.86,169.88,169.83,661,169.86,42152,169.856621
2023-10-30 16:05:00+00:00,169.7347,169.86,169.71,674,169.855,53931,169.791171
2023-10-30 16:06:00+00:00,169.745,169.785,169.72,549,169.7359,43116,169.746653
2023-10-30 16:07:00+00:00,169.68,169.7538,169.67,575,169.75,37356,169.72716
2023-10-30 16:08:00+00:00,169.7,169.76,169.665,563,169.688,36722,169.728645
2023-10-30 16:09:00+00:00,169.69,169.73,169.605,730,169.695,65427,169.682898
2023-10-30 16:10:00+00:00,169.79,169.8278,169.695,650,169.695,43782,169.774494
2023-10-30 16:11:00+00:00,169.78,169.87,169.77,637,169.785,43475,169.812354
2023-10-30 16:12:00+00:00,169.855,169.93,169.78,898,169.785,70973,169.848463
2023-10-30 16:13:00+00:00,169.81,169.91,169.78,722,169.82,52780,169.839395
2023-10-30 16:14:00+00:00,169.85,169.87,169.765,699,169.815,92648,169.817929
2023-10-30 16:15:00+00:00,169.92,169.97,169.85,688,169.86,49563,169.905685
2023-10-30 16:16:00+00:00,169.88,169.925,169.87,507,169.92,32294,169.894983
2023-10-30 16:17:00+00:00,169.785,169.9044,169.76,923,169.865,71826,169.821822
2023-10-30 16:18:00+00:00,169.605,169.79,169.59,935,169.785,73404,169.671694
2023-10-30 16:19:00+00:00,169.52,169.615,169.48,1060,169.61,85454,169.53233
2023-10-30 16:20:00+00:00,169.54,169.55,169.46,875,169.53,93007,169.507616
2023-10-30 16:21:00+00:00,169.5,169.58,169.49,647,169.54,42709,169.537632
2023-10-30 16:22:00+00:00,169.5047,169.53,169.425,653,169.49,57665,169.467506
2023-10-30 16:23:00+00:00,169.42,169.5,169.41,596,169.49,58834,169.445266
2023-10-30 16:24:00+00:00,169.46,169.53,169.43,598,169.43,51229,169.477747
2023-10-30 16:25:00+00:00,169.58,169.59,169.44,694,169.47,52472,169.515177
2023-10-30 16:26:00+00:00,169.55,169.58,169.505,553,169.58,46653,169.538613
2023-10-30 16:27:00+00:00,169.45,169.55,169.44,687,169.55,44217,169.490258
2023-10-30 16:28:00+00:00,169.45,169.5,169.44,826,169.45,80985,169.465805
2023-10-30 16:29:00+00:00,169.4661,169.535,169.44,547,169.46,48908,169.485484
2023-10-30 16:30:00+00:00,169.415,169.47,169.38,977,169.465,89573,169.442415
2023-10-30 16:31:00+00:00,169.49,169.51,169.39,1176,169.4,137728,169.456348
2023-10-30 16:32:00+00:00,169.36,169.55,169.351,776,169.5,53961,169.456232
2023-10-30 16:33:00+00:00,169.49,169.51,169.35,587,169.355,40186,169.447327
2023-10-30 16:34:00+00:00,169.535,169.59,169.47,659,169.5,57095,169.538859
2023-10-30 16:35:00+00:00,169.6586,169.67,169.52,770,169.57,58998,169.614718
2023-10-30 16:36:00+00:00,169.64,169.68,169.63,494,169.67,38860,169.657728
2023-10-30 16:37:00+00:00,169.59,169.7,169.58,704,169.645,54713,169.643004
2023-10-30 16:38:00+00:00,169.462,169.59,169.42,616,169.57,41999,169.489355
2023-10-30 16:39:00+00:00,169.44,169.49,169.41,567,169.47,30484,169.453279
2023-10-30 16:40:00+00:00,169.39,169.44,169.2999,1000,169.4368,77852,169.350854
2023-10-30 16:41:00+00:00,169.41,169.43,169.34,630,169.3801,54485,169.379291
2023-10-30 16:42:00+00:00,169.3713,169.46,169.365,695,169.4,54692,169.411014
2023-10-30 16:43:00+00:00,169.24,169.4399,169.235,1252,169.3885,138994,169.338197
2023-10-30 16:44:00+00:00,169.18,169.3,169.16,879,169.25,92759,169.223749
2023-10-30 16:45:00+00:00,169.17,169.245,169.17,816,169.2,60293,169.204336
2023-10-30 16:46:00+00:00,169.18,169.2,169.1015,716,169.19,55640,169.146852
2023-10-30 16:47:00+00:00,169.36,169.375,169.2,765,169.2,66124,169.303986
2023-10-30 16:48:00+00:00,169.31,169.35,169.25,664,169.35,60853,169.298764
2023-10-30 16:49:00+00:00,169.34,169.36,169.3,617,169.309,40073,169.326472
2023-10-30 16:50:00+00:00,169.345,169.44,169.335,648,169.335,52122,169.388537
2023-10-30 16:51:00+00:00,169.3359,169.415,169.3,626,169.34,46638,169.3584
2023-10-30 16:52:00+00:00,169.315,169.375,169.29,423,169.35,27489,169.342666
2023-10-30 16:53:00+00:00,169.25,169.375,169.2394,973,169.32,79278,169.2981
2023-10-30 16:54:00+00:00,169.14,169.28,169.1399,826,169.26,83880,169.207401
2023-10-30 16:55:00+00:00,169.15,169.22,169.14,865,169.145,87437,169.184117
2023-10-30 16:56:00+00:00,169.13,169.18,169.13,521,169.16,40924,169.148394
2023-10-30 16:57:00+00:00,169.1686,169.2,169.05,1090,169.13,122730,169.126244
2023-10-30 16:58:00+00:00,169.29,169.3,169.175,611,169.175,66868,169.246117
2023-10-30 16:59:00+00:00,169.37,169.39,169.25,1547,169.28,134495,169.322294
2023-10-30 17:00:00+00:00,169.26,169.42,169.23,1015,169.37,77398,169.325274
2023-10-30 17:01:00+00:00,169.28,169.33,169.23,976,169.25,85075,169.280242
2023-10-30 17:02:00+00:00,169.1853,169.28,169.1834,564,169.2703,40881,169.216517
2023-10-30 17:03:00+00:00,169.3314,169.34,169.19,708,169.195,66385,169.246837
2023-10-30 17:04:00+00:00,169.39,169.43,169.3125,716,169.33,59051,169.383074
2023-10-30 17:05:00+00:00,169.49,169.5,169.3502,815,169.39,76376,169.422037
2023-10-30 17:06:00+00:00,169.4599,169.5,169.385,651,169.5,52471,169.431736
2023-10-30 17:07:00+00:00,169.465,169.5219,169.425,899,169.4481,77466,169.474825
2023-10-30 17:08:00+00:00,169.446,169.47,169.3609,794,169.46,72997,169.428015
2023-10-30 17:09:00+00:00,169.54,169.58,169.45,1006,169.45,88984,169.52425
2023-10-30 17:10:00+00:00,169.57,169.625,169.535,1145,169.54,144559,169.599939
2023-10-30 17:11:00+00:00,169.44,169.565,169.4015,806,169.565,60092,169.477461
2023-10-30 17:12:00+00:00,169.44,169.49,169.4199,563,169.44,37347,169.451192
2023-10-30 17:13:00+00:00,169.385,169.49,169.38,637,169.44,45224,169.438169
2023-10-30 17:14:00+00:00,169.37,169.41,169.295,832,169.39,62566,169.352702
2023-10-30 17:15:00+00:00,169.391,169.4899,169.37,747,169.37,51725,169.422927
2023-10-30 17:16:00+00:00,169.52,169.52,169.39,876,169.4,88430,169.449076
2023-10-30 17:17:00+00:00,169.3308,169.54,169.32,647,169.51,39935,169.436161
2023-10-30 17:18:00+00:00,169.305,169.36,169.2687,839,169.34,64606,169.306435
2023-10-30 17:19:00+00:00,169.325,169.35,169.29,703,169.31,48036,169.321114
2023-10-30 17:20:00+00:00,169.3499,169.36,169.21,930,169.32,58886,169.285137
2023-10-30 17:21:00+00:00,169.49,169.495,169.34,1120,169.35,95933,169.433093
2023-10-30 17:22:00+00:00,169.5586,169.57,169.46,872,169.4888,67549,169.524937
2023-10-30 17:23:00+00:00,169.57,169.59,169.525,568,169.55,41415,169.556622
2023-10-30 17:24:00+00:00,169.676,169.68,169.56,710,169.57,54947,169.629756
2023-10-30 17:25:00+00:00,169.655,169.73,169.62,813,169.675,61456,169.676369
2023-10-30 17:26:00+00:00,169.7472,169.75,169.642,844,169.655,70339,169.694626
2023-10-30 17:27:00+00:00,169.7866,169.86,169.73,1178,169.74,101303,169.806635
2023-10-30 17:28:00+00:00,169.91,170.0,169.75,1024,169.79,85754,169.811318
2023-10-30 17:29:00+00:00,169.9199,170.05,169.8,3693,169.82,453971,169.964616
2023-10-30 17:30:00+00:00,170.13,170.13,169.92,1456,169.92,129623,170.060954
2023-10-30 17:31:00+00:00,170.06,170.19,170.01,1397,170.13,162770,170.138541
2023-10-30 17:32:00+00:00,170.1,170.14,170.0141,722,170.055,49708,170.092301
2023-10-30 17:33:00+00:00,170.08,170.15,170.03,771,170.1,45501,170.086053
2023-10-30 17:34:00+00:00,170.05,170.1,169.98,665,170.08,43178,170.040447
2023-10-30 17:35:00+00:00,169.945,170.04,169.91,830,170.04,63730,169.949691
2023-10-30 17:36:00+00:00,169.9,170.005,169.8821,1067,169.94,91804,169.943816
2023-10-30 17:37:00+00:00,169.975,170.01,169.88,756,169.88,61210,169.958041
2023-10-30 17:38:00+00:00,169.95,170.0,169.91,622,169.985,43426,169.958131
2023-10-30 17:39:00+00:00,169.965,169.98,169.93,539,169.94,34652,169.961184
2023-10-30 17:40:00+00:00,169.95,169.995,169.93,565,169.97,36330,169.952826
2023-10-30 17:41:00+00:00,169.98,170.01,169.93,694,169.96,59652,169.975428
2023-10-30 17:42:00+00:00,170.07,170.07,169.97,765,169.99,51150,170.014874
2023-10-30 17:43:00+00:00,170.06,170.1,170.025,705,170.0601,52898,170.063975
2023-10-30 17:44:00+00:00,170.05,170.1,170.021,547,170.0786,52162,170.061619
2023-10-30 17:45:00+00:00,170.02,170.1,170.0,661,170.05,39663,170.050027
2023-10-30 17:46:00+00:00,170.0902,170.1203,169.99,695,170.025,45415,170.049175
2023-10-30 17:47:00+00:00,170.2601,170.32,170.105,1448,170.11,151003,170.210547
2023-10-30 17:48:00+00:00,170.24,170.29,170.2101,717,170.266,62951,170.246765
2023-10-30 17:49:00+00:00,170.28,170.3,170.24,622,170.24,65110,170.281833
2023-10-30 17:50:00+00:00,170.225,170.3279,170.22,736,170.28,62603,170.268429
2023-10-30 17:51:00+00:00,170.29,170.31,170.21,603,170.22,43969,170.267668
2023-10-30 17:52:00+00:00,170.37,170.4,170.28,1011,170.29,106207,170.341987
2023-10-30 17:53:00+00:00,170.3,170.38,170.27,882,170.37,82839,170.336552
2023-10-30 17:54:00+00:00,170.28,170.33,170.26,628,170.3,48349,170.301597
2023-10-30 17:55:00+00:00,170.22,170.28,170.15,919,170.255,91742,170.206741
2023-10-30 17:56:00+00:00,170.1699,170.24,170.14,627,170.2148,57510,170.185873
2023-10-30 17:57:00+00:00,170.28,170.3,170.165,703,170.17,72082,170.255364
2023-10-30 17:58:00+00:00,170.295,170.32,170.26,584,170.27,51669,170.293494
2023-10-30 17:59:00+00:00,170.2801,170.3371,170.23,662,170.3,59778,170.277595
2023-10-30 18:00:00+00:00,170.2284,170.31,170.2,614,170.28,44547,170.247495
2023-10-30 18:01:00+00:00,170.2101,170.3,170.19,758,170.23,78815,170.253382
2023-10-30 18:02:00+00:00,170.265,170.33,170.1801,911,170.22,76625,170.262448
2023-10-30 18:03:00+00:00,170.3799,170.39,170.265,1200,170.275,106060,170.336278
2023-10-30 18:04:00+00:00,170.43,170.43,170.325,916,170.3799,81006,170.375869
2023-10-30 18:05:00+00:00,170.3453,170.4376,170.32,870,170.43,78296,170.379192
2023-10-30 18:06:00+00:00,170.27,170.39,170.2101,1152,170.335,118954,170.303604
2023-10-30 18:07:00+00:00,170.3712,170.41,170.28,1350,170.28,134958,170.337061
2023-10-30 18:08:00+00:00,170.37,170.39,170.3,1048,170.375,94583,170.357673
2023-10-30 18:09:00+00:00,170.4002,170.41,170.305,693,170.37,48435,170.361848
2023-10-30 18:10:00+00:00,170.47,170.49,170.34,902,170.4,64004,170.415981
2023-10-30 18:11:00+00:00,170.375,170.46,170.36,584,170.44,51400,170.411332
2023-10-30 18:12:00+00:00,170.48,170.48,170.38,760,170.38,67362,170.439749
2023-10-30 18:13:00+00:00,170.38,170.47,170.36,724,170.47,62254,170.40304
2023-10-30 18:14:00+00:00,170.27,170.4,170.26,1075,170.4,109855,170.338639
2023-10-30 18:15:00+00:00,170.175,170.27,170.135,1297,170.27,147513,170.183479
2023-10-30 18:16:00+00:00,170.17,170.25,170.15,760,170.17,72044,170.182378
2023-10-30 18:17:00+00:00,170.24,170.24,170.16,645,170.1801,48529,170.203923
2023-10-30 18:18:00+00:00,170.25,170.25,170.19,558,170.23,36804,170.214769
2023-10-30 18:19:00+00:00,170.2814,170.33,170.25,681,170.26,60437,170.302524
2023-10-30 18:20:00+00:00,170.2299,170.29,170.21,519,170.28,29159,170.255578
2023-10-30 18:21:00+00:00,170.27,170.31,170.2113,673,170.2113,48644,170.2588
2023-10-30 18:22:00+00:00,170.4097,170.44,170.239,935,170.27,97302,170.367431
2023-10-30 18:23:00+00:00,170.2842,170.4142,170.28,723,170.41,50703,170.347672
2023-10-30 18:24:00+00:00,170.32,170.35,170.275,655,170.275,42043,170.312465
2023-10-30 18:25:00+00:00,170.23,170.32,170.225,803,170.32,55474,170.253433
2023-10-30 18:26:00+00:00,170.36,170.36,170.24,810,170.25,67763,170.289907
2023-10-30 18:27:00+00:00,170.4686,170.49,170.34,976,170.36,77349,170.403167
2023-10-30 18:28:00+00:00,170.3601,170.475,170.34,1053,170.465,101666,170.392552
2023-10-30 18:29:00+00:00,170.36,170.43,170.345,949,170.36,60888,170.386152
2023-10-30 18:30:00+00:00,170.41,170.42,170.35,661,170.35,86570,170.402071
2023-10-30 18:31:00+00:00,170.3754,170.4399,170.36,870,170.4,82889,170.410687
2023-10-30 18:32:00+00:00,170.37,170.4,170.302,734,170.38,66438,170.340613
2023-10-30 18:33:00+00:00,170.345,170.37,170.3117,659,170.37,46049,170.337974
2023-10-30 18:34:00+00:00,170.44,170.455,170.35,871,170.35,67181,170.418018
2023-10-30 18:35:00+00:00,170.485,170.5,170.395,857,170.43,73382,170.463184
2023-10-30 18:36:00+00:00,170.42,170.5,170.41,713,170.481,51947,170.461842
2023-10-30 18:37:00+00:00,170.52,170.52,170.4082,994,170.41,90381,170.481872
2023-10-30 18:38:00+00:00,170.635,170.65,170.4957,1641,170.51,153713,170.60139
2023-10-30 18:39:00+00:00,170.535,170.645,170.52,824,170.63,85309,170.580336
2023-10-30 18:40:00+00:00,170.56,170.6,170.5,711,170.53,56829,170.552861
2023-10-30 18:41:00+00:00,170.61,170.61,170.535,823,170.55,54763,170.567476
2023-10-30 18:42:00+00:00,170.6401,170.69,170.609,812,170.609,68975,170.656328
2023-10-30 18:43:00+00:00,170.73,170.74,170.61,1013,170.64,102044,170.679085
2023-10-30 18:44:00+00:00,170.7499,170.77,170.715,819,170.73,121855,170.74453
2023-10-30 18:45:00+00:00,170.745,170.78,170.72,881,170.7437,89944,170.751561
2023-10-30 18:46:00+00:00,170.7582,170.82,170.74,993,170.75,102200,170.776848
2023-10-30 18:47:00+00:00,170.69,170.82,170.69,1088,170.7528,101201,170.765656
2023-10-30 18:48:00+00:00,170.7,170.71,170.64,926,170.705,79349,170.677432
2023-10-30 18:49:00+00:00,170.72,170.75,170.69,546,170.71,48983,170.716857
2023-10-30 18:50:00+00:00,170.71,170.7699,170.693,636,170.71,54601,170.718767
2023-10-30 18:51:00+00:00,170.73,170.8,170.7,616,170.71,76429,170.682456
2023-10-30 18:52:00+00:00,170.7,170.74,170.66,664,170.74,61778,170.711524
2023-10-30 18:53:00+00:00,170.72,170.74,170.6564,699,170.695,64586,170.692268
2023-10-30 18:54:00+00:00,170.66,170.72,170.57,1031,170.7168,90905,170.622596
2023-10-30 18:55:00+00:00,170.545,170.6599,170.52,906,170.65,79235,170.573325
2023-10-30 18:56:00+00:00,170.55,170.58,170.52,962,170.545,83552,170.546358
2023-10-30 18:57:00+00:00,170.595,170.63,170.51,932,170.55,80858,170.565142
2023-10-30 18:58:00+00:00,170.475,170.5908,170.4634,955,170.59,88768,170.516311
2023-10-30 18:59:00+00:00,170.5,170.51,170.4401,881,170.47,75596,170.477587
2023-10-30 19:00:00+00:00,170.41,170.66,170.325,1967,170.5,165886,170.525811
2023-10-30 19:01:00+00:00,170.59,170.67,170.4012,1327,170.41,122982,170.547964
2023-10-30 19:02:00+00:00,170.555,170.64,170.515,799,170.6,60265,170.563154
2023-10-30 19:03:00+00:00,170.3999,170.55,170.35,1197,170.55,105570,170.437518
2023-10-30 19:04:00+00:00,170.35,170.43,170.33,1064,170.405,75509,170.380748
2023-10-30 19:05:00+00:00,170.29,170.37,170.26,1138,170.34,92815,170.31358
2023-10-30 19:06:00+00:00,170.405,170.485,170.29,1077,170.29,107378,170.405775
2023-10-30 19:07:00+00:00,170.31,170.45,170.305,778,170.4,59754,170.377191
2023-10-30 19:08:00+00:00,170.26,170.48,170.26,1853,170.3,165584,170.358028
2023-10-30 19:09:00+00:00,170.25,170.29,170.215,1034,170.25,148043,170.319842
2023-10-30 19:10:00+00:00,170.14,170.24,170.13,1527,170.24,157785,170.180918
2023-10-30 19:11:00+00:00,170.058,170.15,170.01,1738,170.13,215351,170.065317
2023-10-30 19:12:00+00:00,170.17,170.18,170.01,1652,170.05,200893,170.103372
2023-10-30 19:13:00+00:00,170.065,170.2,170.04,1073,170.17,120556,170.139448
2023-10-30 19:14:00+00:00,170.12,170.15,170.035,990,170.065,99861,170.093983
2023-10-30 19:15:00+00:00,170.15,170.175,170.045,1051,170.12,109395,170.122534
2023-10-30 19:16:00+00:00,170.175,170.25,170.15,1034,170.15,106450,170.188076
2023-10-30 19:17:00+00:00,170.04,170.18,170.04,1128,170.175,109458,170.107139
2023-10-30 19:18:00+00:00,170.04,170.095,170.01,990,170.05,100403,170.055698
2023-10-30 19:19:00+00:00,170.115,170.13,170.01,1035,170.0313,106355,170.061031
2023-10-30 19:20:00+00:00,170.145,170.2,170.0606,1048,170.1199,102427,170.137967
2023-10-30 19:21:00+00:00,170.04,170.155,170.0144,1289,170.14,193373,170.094159
2023-10-30 19:22:00+00:00,170.12,170.13,170.01,1145,170.05,131251,170.055317
2023-10-30 19:23:00+00:00,170.16,170.19,170.075,1198,170.12,139314,170.137365
2023-10-30 19:24:00+00:00,170.2,170.22,170.1358,1241,170.15,143527,170.188591
2023-10-30 19:25:00+00:00,170.065,170.2,170.065,922,170.19,87055,170.150312
2023-10-30 19:26:00+00:00,170.03,170.12,170.01,1117,170.06,100445,170.059992
2023-10-30 19:27:00+00:00,169.91,170.03,169.9,1634,170.03,150873,169.971847
2023-10-30 19:28:00+00:00,169.95,169.97,169.86,1367,169.91,130997,169.924838
2023-10-30 19:29:00+00:00,169.855,169.96,169.8402,969,169.95,112253,169.93019
2023-10-30 19:30:00+00:00,169.945,169.965,169.845,1712,169.85,158679,169.922444
2023-10-30 19:31:00+00:00,169.95,170.0,169.91,1074,169.94,90770,169.955522
2023-10-30 19:32:00+00:00,169.9298,169.98,169.89,1297,169.94,121352,169.940185
2023-10-30 19:33:00+00:00,169.96,169.975,169.885,1420,169.92,139271,169.930122
2023-10-30 19:34:00+00:00,169.9336,169.98,169.92,1018,169.95,72371,169.955272
2023-10-30 19:35:00+00:00,170.0388,170.0388,169.93,1129,169.94,96494,169.978007
2023-10-30 19:36:00+00:00,170.05,170.09,170.0147,1083,170.04,75543,170.050207
2023-10-30 19:37:00+00:00,170.1301,170.2,170.03,1228,170.04,153779,170.13288
2023-10-30 19:38:00+00:00,170.17,170.17,170.05,1289,170.14,193219,170.092639
2023-10-30 19:39:00+00:00,170.15,170.2,170.13,1303,170.165,135268,170.182113
2023-10-30 19:40:00+00:00,170.11,170.1999,170.06,1627,170.155,125968,170.117806
2023-10-30 19:41:00+00:00,170.14,170.16,170.09,1061,170.11,98437,170.119449
2023-10-30 19:42:00+00:00,170.165,170.18,170.125,1107,170.14,88999,170.151682
2023-10-30 19:43:00+00:00,170.205,170.28,170.14,1949,170.17,459058,170.147274
2023-10-30 19:44:00+00:00,170.2,170.26,170.11,1959,170.21,188242,170.199822
2023-10-30 19:45:00+00:00,170.15,170.2,170.035,2097,170.195,191426,170.089384
2023-10-30 19:46:00+00:00,170.195,170.23,170.14,1545,170.145,132494,170.182351
2023-10-30 19:47:00+00:00,170.25,170.29,170.17,1522,170.195,137177,170.237478
2023-10-30 19:48:00+00:00,170.295,170.305,170.225,1455,170.24,129462,170.268996
2023-10-30 19:49:00+00:00,170.315,170.45,170.28,2351,170.3,254582,170.355115
2023-10-30 19:50:00+00:00,170.25,170.33,170.16,2123,170.32,192387,170.230706
2023-10-30 19:51:00+00:00,170.399,170.42,170.1729,2240,170.25,244418,170.294
2023-10-30 19:52:00+00:00,170.365,170.48,170.36,2078,170.39,221137,170.417097
2023-10-30 19:53:00+00:00,170.415,170.47,170.36,2248,170.365,291413,170.423733
2023-10-30 19:54:00+00:00,170.335,170.43,170.26,2538,170.42,246037,170.3268
2023-10-30 19:55:00+00:00,170.415,170.45,170.31,2156,170.33,199918,170.395381
2023-10-30 19:56:00+00:00,170.31,170.42,170.29,2039,170.42,175654,170.337127
2023-10-30 19:57:00+00:00,170.19,170.315,170.12,2476,170.31,248066,170.199611
2023-10-30 19:58:00+00:00,170.255,170.29,170.17,2925,170.19,304078,170.220709
2023-10-30 19:59:00+00:00,170.23,170.32,170.1,6831,170.26,828873,170.205678
2023-10-30 20:00:00+00:00,170.14,170.29,170.13,249,170.24,5624302,170.289697
2023-10-30 20:01:00+00:00,170.1583,170.1583,170.105,86,170.13,83012,170.262288
2023-10-30 20:02:00+00:00,170.11,170.16,170.11,67,170.15,578139,170.289301
2023-10-30 20:03:00+00:00,170.12,170.29,170.08,48,170.12,167771,170.285609
2023-10-30 20:04:00+00:00,170.04,170.1,170.0,95,170.1,13268,170.164713
2023-10-30 20:05:00+00:00,170.06,170.06,170.04,42,170.06,1209,170.057754
2023-10-30 20:06:00+00:00,170.05,170.29,170.05,45,170.07,4598,170.086088
2023-10-30 20:07:00+00:00,170.04,170.29,170.04,21,170.05,7725,170.275216
2023-10-30 20:08:00+00:00,170.07,170.29,170.04,46,170.04,2579,170.066128
2023-10-30 20:09:00+00:00,170.08,170.08,170.05,18,170.05,1268,170.054953
2023-10-30 20:10:00+00:00,170.07,170.08,170.07,24,170.08,918,170.073077
2023-10-30 20:11:00+00:00,170.04,170.07,170.03,43,170.07,3231,170.040966
2023-10-30 20:12:00+00:00,170.03,170.04,170.03,23,170.04,1928,170.035265
2023-10-30 20:13:00+00:00,170.03,170.04,169.99,59,170.03,6236,170.017424
2023-10-30 20:14:00+00:00,170.02,170.05,169.99,77,170.04,15159,170.01188
2023-10-30 20:15:00+00:00,170.02,170.02,170.02,29,170.02,880,170.020574
2023-10-30 20:16:00+00:00,170.03,170.03,170.02,45,170.02,2366,170.02343
2023-10-30 20:17:00+00:00,170.0,170.04,170.0,48,170.04,3236,170.018559
2023-10-30 20:18:00+00:00,169.97,170.29,169.97,34,169.99,26772,170.26364
2023-10-30 20:19:00+00:00,169.95,169.97,169.91,57,169.9471,5443,169.931386
2023-10-30 20:20:00+00:00,170.0,170.29,169.97,49,170.29,40038,170.257254
2023-10-30 20:21:00+00:00,170.03,170.03,170.0,18,170.0,1113,170.015049
2023-10-30 20:22:00+00:00,170.03,170.03,170.02,40,170.02,1214,170.018567
2023-10-30 20:23:00+00:00,170.1,170.1,170.0,49,170.0,2617,170.073009
2023-10-30 20:24:00+00:00,170.08,170.08,170.06,28,170.08,2245,170.072686
2023-10-30 20:25:00+00:00,170.0496,170.0496,170.04,18,170.04,1293,170.048261
2023-10-30 20:26:00+00:00,170.04,170.04,170.04,27,170.04,444,170.048559
2023-10-30 20:27:00+00:00,170.06,170.08,170.06,22,170.08,927,170.066446
2023-10-30 20:28:00+00:00,170.08,170.08,170.07,40,170.08,1332,170.073003
2023-10-30 20:29:00+00:00,170.07,170.08,170.06,26,170.08,1035,170.069333
2023-10-30 20:30:00+00:00,170.06,170.06,170.06,18,170.06,920,170.060736
2023-10-30 20:31:00+00:00,170.03,170.06,170.03,18,170.06,794,170.034018
2023-10-30 20:32:00+00:00,170.03,170.03,170.03,8,170.03,171,170.030994
2023-10-30 20:33:00+00:00,170.06,170.06,170.06,18,170.06,454,170.045529
2023-10-30 20:34:00+00:00,170.0,170.01,170.0,41,170.01,4390,170.003279
2023-10-30 20:35:00+00:00,169.99,169.99,169.96,28,169.97,1069,169.979094
2023-10-30 20:36:00+00:00,169.98,170.0,169.9606,27,169.9606,4610,169.982522
2023-10-30 20:37:00+00:00,170.29,170.29,170.29,20,170.29,34800,170.287764
2023-10-30 20:41:00+00:00,169.9632,169.9632,169.9632,17,169.9632,332,169.965057
2023-10-30 20:42:00+00:00,169.96,169.96,169.96,15,169.96,613,169.964046
2023-10-30 20:43:00+00:00,169.96,169.96,169.96,18,169.96,511,169.960822
2023-10-30 20:44:00+00:00,169.93,169.93,169.92,30,169.92,1156,169.930467
2023-10-30 20:45:00+00:00,169.96,169.96,169.93,15,169.93,610,169.941082
2023-10-30 20:46:00+00:00,169.92,169.93,169.92,30,169.93,1238,169.926774
2023-10-30 20:47:00+00:00,170.0,170.0,169.94,25,169.94,6277,169.955522
2023-10-30 20:48:00+00:00,169.99,169.9999,169.99,14,169.9999,777,169.99213
2023-10-30 20:49:00+00:00,169.99,170.0,169.99,35,169.99,1829,169.997433
2023-10-30 20:50:00+00:00,170.02,170.02,170.02,18,170.02,387,170.019397
2023-10-30 20:51:00+00:00,170.0018,170.0018,170.0018,11,170.0018,215,170.001198
2023-10-30 20:52:00+00:00,170.01,170.01,170.01,16,170.01,195,170.004759
2023-10-30 20:53:00+00:00,169.96,170.0,169.95,24,170.0,2003,169.97995
2023-10-30 20:54:00+00:00,169.97,169.97,169.96,26,169.96,1121,169.962003
2023-10-30 20:55:00+00:00,169.96,169.96,169.96,13,169.96,290,169.955037
2023-10-30 21:01:00+00:00,170.06,170.06,170.0,41,170.0,2281,170.022025
2023-10-30 21:02:00+00:00,170.03,170.04,170.03,26,170.04,1467,170.030767
2023-10-30 21:03:00+00:00,170.02,170.0291,170.02,15,170.0291,463,170.023844
2023-10-30 21:04:00+00:00,170.0299,170.0299,170.0299,14,170.0299,1076,170.029498
2023-10-30 21:05:00+00:00,170.03,170.03,170.03,10,170.03,442,170.029005
2023-10-30 21:06:00+00:00,170.01,170.01,170.01,25,170.01,792,170.008431
2023-10-30 21:08:00+00:00,169.98,170.01,169.98,13,170.01,439,169.998109
2023-10-30 21:10:00+00:00,170.01,170.01,169.99,17,169.99,575,170.000296
2023-10-30 21:11:00+00:00,170.0,170.0,169.99,19,170.0,1347,169.997524
2023-10-30 21:13:00+00:00,170.0097,170.0097,170.0097,19,170.0097,627,170.006563
2023-10-30 21:14:00+00:00,169.95,170.0,169.9492,37,170.0,2717,169.952269
2023-10-30 21:15:00+00:00,169.95,169.95,169.95,27,169.95,588,169.94949
2023-10-30 21:19:00+00:00,169.96,169.96,169.96,13,169.96,300,173.0167
2023-10-30 21:20:00+00:00,169.94,169.94,169.94,8,169.94,191,169.943927
2023-10-30 21:22:00+00:00,169.95,169.95,169.94,9,169.94,298,169.94797
2023-10-30 21:23:00+00:00,169.9999,169.9999,169.96,16,169.96,1003,170.503043
2023-10-30 21:24:00+00:00,170.0182,170.02,169.99,23,169.99,1236,170.006173
2023-10-30 21:25:00+00:00,170.0,170.0,170.0,3,170.0,254882,170.28943
2023-10-30 21:27:00+00:00,170.0199,170.0199,170.0199,8,170.0199,333,170.015315
2023-10-30 21:29:00+00:00,170.05,170.05,170.0,15,170.0,394,170.004797
2023-10-30 21:30:00+00:00,170.03,170.03,170.03,19,170.03,478,169.096621
2023-10-30 21:31:00+00:00,170.0,170.0,170.0,11,170.0,131,170.001069
2023-10-30 21:35:00+00:00,170.0,170.0,170.0,4,170.0,261,170.001379
2023-10-30 21:36:00+00:00,170.03,170.03,170.03,13,170.03,116,170.030216
2023-10-30 21:37:00+00:00,170.05,170.05,170.02,17,170.02,427,170.02774
2023-10-30 21:38:00+00:00,170.02,170.03,170.02,20,170.03,716,170.02338
2023-10-30 21:42:00+00:00,169.9852,169.9852,169.9852,11,169.9852,163,169.991534
2023-10-30 21:46:00+00:00,170.04,170.04,170.04,12,170.04,162,170.039012
2023-10-30 21:49:00+00:00,170.0,170.0,170.0,10,170.0,217,170.00341
2023-10-30 21:54:00+00:00,170.0,170.0,170.0,20,170.0,443,170.001275
2023-10-30 21:55:00+00:00,169.98,169.9808,169.98,27,169.9808,565,169.978419
2023-10-30 21:56:00+00:00,169.99,169.99,169.99,11,169.99,364,169.988901
2023-10-30 21:57:00+00:00,170.0,170.0,169.99,24,170.0,773,169.987658
2023-10-30 21:58:00+00:00,169.94,169.95,169.94,36,169.95,717,169.949107
2023-10-30 21:59:00+00:00,169.92,169.94,169.92,17,169.92,1822,169.924808
2023-10-30 22:02:00+00:00,169.99,169.99,169.94,16,169.94,651,169.952339
2023-10-30 22:04:00+00:00,169.93,169.93,169.93,21,169.93,385,169.942208
2023-10-30 22:09:00+00:00,169.9,169.95,169.9,64,169.95,2300,169.913667
2023-10-30 22:10:00+00:00,169.86,169.8601,169.86,44,169.8601,1851,169.864806
2023-10-30 22:13:00+00:00,169.8506,169.8506,169.8506,15,169.8506,1110,169.852063
2023-10-30 22:14:00+00:00,169.95,169.95,169.95,9,169.95,150,169.935633
2023-10-30 22:16:00+00:00,169.92,169.92,169.92,14,169.92,287,169.918432
2023-10-30 22:17:00+00:00,169.9,169.9,169.86,16,169.9,773,169.885809
2023-10-30 22:18:00+00:00,169.9,169.9,169.9,9,169.9,177,169.894266
2023-10-30 22:19:00+00:00,169.9,169.9,169.88,13,169.88,251,169.889761
2023-10-30 22:20:00+00:00,169.85,169.85,169.85,14,169.85,392,169.862819
2023-10-30 22:22:00+00:00,169.85,169.85,169.85,27,169.85,624,169.843878
2023-10-30 22:23:00+00:00,169.8,169.8496,169.8,15,169.8496,1712,169.806595
2023-10-30 22:27:00+00:00,169.81,169.81,169.81,13,169.81,252,169.822024
2023-10-30 22:31:00+00:00,169.84,169.85,169.84,12,169.85,327,169.844235
2023-10-30 22:32:00+00:00,169.88,169.88,169.85,17,169.85,1254,169.856242
2023-10-30 22:33:00+00:00,169.88,169.88,169.86,14,169.86,581,169.867814
2023-10-30 22:34:00+00:00,169.87,169.88,169.87,9,169.8774,922,169.873894
2023-10-30 22:37:00+00:00,169.83,169.83,169.83,19,169.83,400,169.83235
2023-10-30 22:39:00+00:00,169.85,169.85,169.85,8,169.85,511,169.849883
2023-10-30 22:40:00+00:00,169.89,169.89,169.8611,12,169.8611,446,169.880381
2023-10-30 22:41:00+00:00,169.9,169.9,169.86,16,169.86,585,169.885641
2023-10-30 22:44:00+00:00,169.9,169.9,169.9,17,169.9,1687,169.899499
2023-10-30 22:52:00+00:00,169.82,169.82,169.82,10,169.82,199,169.832663
2023-10-30 22:53:00+00:00,169.831,169.831,169.831,9,169.831,566,169.832659
2023-10-30 22:54:00+00:00,169.9,169.9,169.9,10,169.9,156,169.899103
2023-10-30 22:58:00+00:00,169.8699,169.8699,169.8699,12,169.8699,3139,169.869471
2023-10-30 23:01:00+00:00,169.87,169.87,169.87,10,169.87,975,169.867421
2023-10-30 23:03:00+00:00,169.87,169.87,169.87,27,169.87,463,169.882862
2023-10-30 23:04:00+00:00,169.91,169.91,169.91,12,169.91,322,169.890109
2023-10-30 23:07:00+00:00,169.85,169.85,169.85,13,169.85,271,169.852454
2023-10-30 23:08:00+00:00,169.89,169.89,169.87,26,169.87,1843,169.886495
2023-10-30 23:12:00+00:00,169.89,169.89,169.89,9,169.89,266,169.875376
2023-10-30 23:13:00+00:00,169.82,169.82,169.82,15,169.82,1145,169.824328
2023-10-30 23:16:00+00:00,169.85,169.85,169.85,15,169.85,539,169.848701
2023-10-30 23:17:00+00:00,169.86,169.86,169.86,13,169.86,296,169.863716
2023-10-30 23:19:00+00:00,169.87,169.87,169.87,18,169.87,439,169.866105
2023-10-30 23:20:00+00:00,169.8699,169.8699,169.8699,6,169.8699,620,169.869339
2023-10-30 23:21:00+00:00,169.86,169.86,169.86,14,169.86,332,169.860904
2023-10-30 23:22:00+00:00,169.86,169.86,169.86,11,169.86,171,169.86386
2023-10-30 23:23:00+00:00,169.86,169.87,169.86,9,169.87,637,169.867873
2023-10-30 23:29:00+00:00,169.85,169.85,169.85,11,169.85,416,169.85006
2023-10-30 23:30:00+00:00,169.85,169.85,169.85,14,169.85,578,169.848218
2023-10-30 23:31:00+00:00,169.82,169.84,169.82,15,169.84,251,169.82996
2023-10-30 23:32:00+00:00,169.85,169.85,169.85,16,169.85,557,169.848456
2023-10-30 23:33:00+00:00,169.86,169.86,169.85,15,169.85,863,169.853766
2023-10-30 23:34:00+00:00,169.86,169.86,169.85,15,169.85,651,169.855361
2023-10-30 23:35:00+00:00,169.85,169.86,169.85,21,169.86,1406,169.858219
2023-10-30 23:36:00+00:00,169.83,169.85,169.83,24,169.85,807,169.842893
2023-10-30 23:37:00+00:00,169.8499,169.85,169.8499,12,169.85,220,169.849023
2023-10-30 23:39:00+00:00,169.83,169.83,169.83,17,169.83,297,169.841667
2023-10-30 23:41:00+00:00,169.85,169.85,169.85,11,169.85,300,169.85046
2023-10-30 23:42:00+00:00,169.8401,169.85,169.84,12,169.84,829,169.842931
2023-10-30 23:43:00+00:00,169.84,169.85,169.84,7,169.85,752,169.843351
2023-10-30 23:44:00+00:00,169.8199,169.84,169.8199,30,169.84,1152,169.827014
2023-10-30 23:45:00+00:00,169.8,169.81,169.8,18,169.81,2147,169.806626
2023-10-30 23:47:00+00:00,169.75,169.75,169.75,14,169.75,568,169.752817
2023-10-30 23:48:00+00:00,169.755,169.8,169.755,37,169.77,1621,169.774704
2023-10-30 23:49:00+00:00,169.76,169.76,169.71,41,169.755,1838,169.745914
2023-10-30 23:50:00+00:00,169.72,169.73,169.72,23,169.73,840,169.740661
2023-10-30 23:51:00+00:00,169.76,169.7602,169.76,17,169.76,792,169.759287
2023-10-30 23:53:00+00:00,169.78,169.78,169.78,21,169.78,1646,169.783618
2023-10-30 23:54:00+00:00,169.84,169.84,169.84,16,169.84,200,169.839475
2023-10-30 23:56:00+00:00,169.86,169.87,169.86,15,169.87,483,169.851791
2023-10-30 23:57:00+00:00,169.85,169.87,169.85,19,169.8699,1120,169.861675
2023-10-30 23:58:00+00:00,169.76,169.87,169.76,46,169.87,976,169.794775
2023-10-30 23:59:00+00:00,169.7,169.73,169.7,52,169.7,1863,169.723986
