timestamp,close,high,low,trade_count,open,volume,vwap
2023-06-06 08:00:00+00:00,178.67,179.51,178.51,340,179.05,15095,178.951895
2023-06-06 08:01:00+00:00,178.85,179.04,178.76,214,178.83,10031,178.897365
2023-06-06 08:02:00+00:00,178.77,178.89,178.74,80,178.89,4372,178.83086
2023-06-06 08:03:00+00:00,178.76,178.91,178.76,122,178.85,8706,178.856278
2023-06-06 08:04:00+00:00,178.75,178.99,178.75,97,178.86,7963,178.834119
2023-06-06 08:05:00+00:00,178.89,178.95,178.84,76,178.84,3600,178.87625
2023-06-06 08:06:00+00:00,178.94,178.98,178.89,94,178.89,4540,178.936817
2023-06-06 08:07:00+00:00,178.98,178.98,178.95,31,178.98,840,178.966333
2023-06-06 08:08:00+00:00,178.98,178.98,178.98,29,178.98,695,178.980719
2023-06-06 08:09:00+00:00,179.12,179.12,179.05,74,179.05,1599,179.062026
2023-06-06 08:10:00+00:00,179.0,179.18,179.0,72,179.18,3427,179.055579
2023-06-06 08:11:00+00:00,178.95,179.01,178.95,71,179.0,2576,178.9887
2023-06-06 08:12:00+00:00,178.89,178.93,178.89,76,178.93,2537,178.899779
2023-06-06 08:14:00+00:00,178.75,178.79,178.75,53,178.79,1311,178.793097
2023-06-06 08:15:00+00:00,178.85,178.85,178.7,65,178.7,1669,178.760318
2023-06-06 08:16:00+00:00,178.88,178.88,178.88,38,178.88,672,178.906696
2023-06-06 08:18:00+00:00,178.95,178.95,178.95,15,178.95,325,178.943815
2023-06-06 08:21:00+00:00,178.84,178.9,178.84,59,178.88,2021,178.885992
2023-06-06 08:23:00+00:00,178.87,178.87,178.86,22,178.86,724,178.863564
2023-06-06 08:26:00+00:00,178.88,178.88,178.88,39,178.88,672,178.871384
2023-06-06 08:27:00+00:00,178.84,178.84,178.84,31,178.84,888,178.851115
2023-06-06 08:28:00+00:00,178.85,178.85,178.82,44,178.82,927,178.832298
2023-06-06 08:29:00+00:00,178.8,178.85,178.8,33,178.85,650,178.819723
2023-06-06 08:30:00+00:00,178.76,178.81,178.75,28,178.81,1166,178.768671
2023-06-06 08:33:00+00:00,178.72,178.78,178.72,79,178.73,1802,178.739917
2023-06-06 08:34:00+00:00,178.53,178.66,178.53,104,178.66,6234,178.604856
2023-06-06 08:35:00+00:00,178.49,178.53,178.49,123,178.53,9803,178.503903
2023-06-06 08:37:00+00:00,178.8,178.8,178.74,49,178.74,2870,178.76047
2023-06-06 08:40:00+00:00,178.75,178.75,178.75,37,178.75,486,178.754712
2023-06-06 08:42:00+00:00,178.59,178.6,178.59,39,178.6,1065,178.625136
2023-06-06 08:44:00+00:00,178.65,178.68,178.65,40,178.68,1624,178.660234
2023-06-06 08:46:00+00:00,178.73,178.73,178.65,25,178.65,1022,178.674168
2023-06-06 08:49:00+00:00,178.75,178.75,178.75,25,178.75,1356,178.750833
2023-06-06 08:51:00+00:00,178.78,178.78,178.78,17,178.78,788,178.779302
2023-06-06 08:52:00+00:00,178.82,178.82,178.82,8,178.82,147,178.817347
2023-06-06 08:54:00+00:00,178.77,178.81,178.77,49,178.81,1699,178.776975
2023-06-06 08:55:00+00:00,178.8,178.8,178.78,30,178.78,1658,178.794156
2023-06-06 08:56:00+00:00,178.85,178.85,178.81,41,178.81,1693,178.816391
2023-06-06 08:57:00+00:00,178.82,178.82,178.82,68,178.82,2539,178.82282
2023-06-06 08:59:00+00:00,178.87,178.87,178.87,11,178.87,683,178.867496
2023-06-06 09:00:00+00:00,178.86,178.86,178.86,44,178.86,1530,178.88385
2023-06-06 09:01:00+00:00,178.9,178.9,178.9,33,178.9,1177,178.901589
2023-06-06 09:02:00+00:00,178.88,178.9,178.88,37,178.9,1738,178.883458
2023-06-06 09:04:00+00:00,178.88,178.88,178.87,20,178.87,1407,178.876844
2023-06-06 09:06:00+00:00,178.88,178.88,178.88,37,178.88,2831,178.87893
2023-06-06 09:08:00+00:00,178.78,178.83,178.77,63,178.83,1640,178.794591
2023-06-06 09:09:00+00:00,178.73,178.77,178.73,56,178.77,1718,178.76681
2023-06-06 09:10:00+00:00,178.7,178.74,178.7,38,178.74,1414,178.739222
2023-06-06 09:13:00+00:00,178.85,178.85,178.85,13,178.85,171,178.842573
2023-06-06 09:16:00+00:00,178.8,178.8,178.73,52,178.8,2148,178.789576
2023-06-06 09:18:00+00:00,178.73,178.8,178.73,36,178.8,2960,178.772676
2023-06-06 09:19:00+00:00,178.7,178.71,178.7,38,178.71,1134,178.711093
2023-06-06 09:23:00+00:00,178.66,178.75,178.66,50,178.75,1792,178.730725
2023-06-06 09:24:00+00:00,178.78,178.78,178.78,19,178.78,689,178.768708
2023-06-06 09:25:00+00:00,178.74,178.74,178.74,5,178.74,513,178.740409
2023-06-06 09:27:00+00:00,178.67,178.68,178.66,48,178.68,1689,178.683896
2023-06-06 09:28:00+00:00,178.61,178.66,178.61,48,178.66,1959,178.626166
2023-06-06 09:34:00+00:00,178.74,178.74,178.74,15,178.74,780,178.738103
2023-06-06 09:35:00+00:00,178.7,178.7,178.7,25,178.7,300,178.700867
2023-06-06 09:39:00+00:00,178.73,178.73,178.73,27,178.73,2089,178.730728
2023-06-06 09:40:00+00:00,178.68,178.69,178.68,28,178.69,863,178.687335
2023-06-06 09:41:00+00:00,178.66,178.66,178.66,21,178.66,522,178.65387
2023-06-06 09:43:00+00:00,178.68,178.68,178.68,23,178.68,525,178.67819
2023-06-06 09:44:00+00:00,178.6,178.68,178.6,48,178.68,1738,178.635104
2023-06-06 09:45:00+00:00,178.4,178.58,178.4,237,178.58,6463,178.501877
2023-06-06 09:46:00+00:00,178.44,178.48,178.2,117,178.22,8470,178.406746
2023-06-06 09:47:00+00:00,178.4,178.4,178.35,28,178.35,798,178.353734
2023-06-06 09:48:00+00:00,178.41,178.5,178.4,50,178.44,2951,178.423504
2023-06-06 09:49:00+00:00,178.5,178.53,178.42,55,178.5,3501,178.499466
2023-06-06 09:50:00+00:00,178.29,178.47,178.17,158,178.4,5827,178.371934
2023-06-06 09:51:00+00:00,178.45,178.47,178.25,118,178.34,5436,178.394196
2023-06-06 09:55:00+00:00,178.39,178.43,178.39,47,178.43,1314,178.414505
2023-06-06 09:58:00+00:00,178.4,178.4,178.4,19,178.4,393,178.40855
2023-06-06 09:59:00+00:00,178.22,178.42,178.2,122,178.41,4488,178.296517
2023-06-06 10:02:00+00:00,178.25,178.27,178.25,28,178.27,2793,178.268317
2023-06-06 10:03:00+00:00,178.2,178.2,178.2,21,178.2,455,178.205736
2023-06-06 10:06:00+00:00,178.2,178.24,178.2,42,178.24,1492,178.214343
2023-06-06 10:07:00+00:00,178.2,178.21,178.2,27,178.21,500,178.20752
2023-06-06 10:08:00+00:00,178.2,178.21,178.2,28,178.21,866,178.206628
2023-06-06 10:09:00+00:00,178.25,178.25,178.25,18,178.25,283,178.241449
2023-06-06 10:11:00+00:00,178.39,178.39,178.28,64,178.28,1465,178.338635
2023-06-06 10:12:00+00:00,178.44,178.45,178.42,41,178.42,1507,178.439582
2023-06-06 10:13:00+00:00,178.4,178.4,178.38,49,178.4,4047,178.387077
2023-06-06 10:16:00+00:00,178.36,178.36,178.36,64,178.36,1059,178.331416
2023-06-06 10:17:00+00:00,178.25,178.26,178.25,28,178.26,568,178.288732
2023-06-06 10:20:00+00:00,178.3,178.31,178.3,27,178.31,2955,178.303513
2023-06-06 10:21:00+00:00,178.3,178.3,178.3,16,178.3,772,178.302345
2023-06-06 10:22:00+00:00,178.26,178.3,178.26,29,178.3,518,178.27888
2023-06-06 10:23:00+00:00,178.32,178.32,178.32,33,178.32,753,178.289987
2023-06-06 10:24:00+00:00,178.25,178.25,178.25,30,178.25,607,178.266244
2023-06-06 10:26:00+00:00,178.3,178.3,178.3,19,178.3,403,178.337171
2023-06-06 10:28:00+00:00,178.31,178.31,178.31,24,178.31,740,178.316662
2023-06-06 10:31:00+00:00,178.4,178.4,178.38,24,178.38,639,178.389155
2023-06-06 10:32:00+00:00,178.4,178.4,178.4,13,178.4,1291,178.399527
2023-06-06 10:33:00+00:00,178.4,178.4,178.4,23,178.4,344,178.377616
2023-06-06 10:34:00+00:00,178.4,178.4,178.4,30,178.4,2180,178.399317
2023-06-06 10:35:00+00:00,178.41,178.41,178.41,33,178.41,554,178.40213
2023-06-06 10:36:00+00:00,178.36,178.36,178.36,33,178.36,788,178.366891
2023-06-06 10:37:00+00:00,178.4,178.4,178.4,48,178.4,1317,178.40555
2023-06-06 10:39:00+00:00,178.4,178.47,178.4,49,178.4,2510,178.41843
2023-06-06 10:40:00+00:00,178.4,178.4,178.4,25,178.4,964,178.397313
2023-06-06 10:43:00+00:00,178.4,178.4,178.4,12,178.4,565,178.397575
2023-06-06 10:45:00+00:00,178.4,178.4,178.4,18,178.4,1352,178.399874
2023-06-06 10:47:00+00:00,178.4,178.4,178.4,32,178.4,2326,178.398672
2023-06-06 10:49:00+00:00,178.34,178.38,178.34,47,178.38,1438,178.370389
2023-06-06 10:51:00+00:00,178.53,178.53,178.53,58,178.53,902,178.43867
2023-06-06 10:52:00+00:00,178.45,178.45,178.45,23,178.45,901,178.44596
2023-06-06 10:56:00+00:00,178.4,178.43,178.4,77,178.43,2814,178.406802
2023-06-06 10:57:00+00:00,178.43,178.43,178.4,41,178.41,1117,178.41299
2023-06-06 10:58:00+00:00,178.44,178.44,178.44,55,178.44,1129,178.442852
2023-06-06 10:59:00+00:00,178.45,178.45,178.45,27,178.45,627,178.441707
2023-06-06 11:00:00+00:00,178.4,178.45,178.33,274,178.45,25065,178.403538
2023-06-06 11:01:00+00:00,178.45,178.47,178.38,112,178.38,3114,178.446734
2023-06-06 11:02:00+00:00,178.45,178.46,178.45,73,178.46,4549,178.448776
2023-06-06 11:03:00+00:00,178.66,178.67,178.45,159,178.47,23387,178.628494
2023-06-06 11:04:00+00:00,178.7,178.7,178.63,59,178.63,6495,178.669874
2023-06-06 11:05:00+00:00,178.85,178.88,178.72,94,178.72,3695,178.791919
2023-06-06 11:06:00+00:00,178.8,178.88,178.8,67,178.85,2618,178.83725
2023-06-06 11:07:00+00:00,178.75,178.75,178.75,62,178.75,1750,178.765229
2023-06-06 11:08:00+00:00,178.76,178.76,178.68,74,178.68,2568,178.732792
2023-06-06 11:09:00+00:00,178.8,178.8,178.78,44,178.78,1556,178.803599
2023-06-06 11:10:00+00:00,178.81,178.85,178.81,73,178.81,5916,178.843818
2023-06-06 11:11:00+00:00,178.85,178.85,178.85,39,178.85,2372,178.849359
2023-06-06 11:12:00+00:00,178.83,178.85,178.83,56,178.85,3736,178.845361
2023-06-06 11:13:00+00:00,178.85,178.85,178.85,26,178.85,821,178.844616
2023-06-06 11:14:00+00:00,178.84,178.84,178.84,33,178.84,714,178.839342
2023-06-06 11:15:00+00:00,178.83,178.85,178.83,36,178.84,2687,178.844883
2023-06-06 11:16:00+00:00,178.84,178.84,178.82,37,178.82,934,178.836938
2023-06-06 11:17:00+00:00,178.84,178.86,178.84,49,178.85,1761,178.842544
2023-06-06 11:18:00+00:00,178.81,178.84,178.81,36,178.84,674,178.818516
2023-06-06 11:19:00+00:00,178.86,178.93,178.8,226,178.8,6546,178.886386
2023-06-06 11:20:00+00:00,178.86,178.86,178.85,24,178.85,1096,178.851396
2023-06-06 11:21:00+00:00,178.82,178.85,178.82,49,178.85,3757,178.827857
2023-06-06 11:22:00+00:00,178.77,178.83,178.77,57,178.8,2077,178.793924
2023-06-06 11:23:00+00:00,178.72,178.76,178.72,79,178.76,2060,178.756388
2023-06-06 11:24:00+00:00,178.71,178.75,178.71,67,178.73,2044,178.736218
2023-06-06 11:26:00+00:00,178.7,178.74,178.7,82,178.74,3086,178.709018
2023-06-06 11:27:00+00:00,178.66,178.66,178.66,31,178.66,937,178.664589
2023-06-06 11:28:00+00:00,178.74,178.74,178.73,48,178.73,2790,178.73128
2023-06-06 11:29:00+00:00,178.74,178.74,178.7,34,178.7,561,178.711212
2023-06-06 11:31:00+00:00,178.74,178.74,178.74,22,178.74,644,178.739627
2023-06-06 11:33:00+00:00,178.74,178.74,178.72,34,178.72,1098,178.735164
2023-06-06 11:38:00+00:00,178.85,178.85,178.81,41,178.81,4358,178.838134
2023-06-06 11:39:00+00:00,178.85,178.85,178.85,58,178.85,1268,178.858565
2023-06-06 11:40:00+00:00,178.85,178.85,178.85,51,178.85,1696,178.858803
2023-06-06 11:42:00+00:00,178.8,178.82,178.8,57,178.82,1586,178.807598
2023-06-06 11:43:00+00:00,178.71,178.8,178.7,148,178.8,11975,178.738991
2023-06-06 11:44:00+00:00,178.7,178.8,178.7,141,178.8,6131,178.76074
2023-06-06 11:45:00+00:00,178.9,178.9,178.8,61,178.8,3697,178.834155
2023-06-06 11:46:00+00:00,179.0,179.0,178.9,54,178.9,2522,178.93138
2023-06-06 11:47:00+00:00,178.95,179.0,178.95,58,178.98,1573,178.979161
2023-06-06 11:48:00+00:00,178.87,178.87,178.87,70,178.87,1222,178.895786
2023-06-06 11:49:00+00:00,178.74,178.84,178.74,73,178.84,2424,178.794926
2023-06-06 11:50:00+00:00,178.76,178.8,178.76,33,178.77,2180,178.773266
2023-06-06 11:51:00+00:00,178.8,178.8,178.7,40,178.73,2755,178.750432
2023-06-06 11:52:00+00:00,178.72,178.74,178.72,26,178.73,1563,178.734459
2023-06-06 11:53:00+00:00,178.72,178.72,178.71,24,178.71,945,178.716878
2023-06-06 11:56:00+00:00,178.77,178.79,178.77,43,178.79,1131,178.770177
2023-06-06 12:00:00+00:00,178.76,179.01,178.4393,1094,178.4393,334357,179.450101
2023-06-06 12:01:00+00:00,180.0,180.21,178.75,1743,178.75,14722,179.460919
2023-06-06 12:02:00+00:00,178.75,180.14,178.7,558,180.14,7746,179.160004
2023-06-06 12:03:00+00:00,178.83,178.83,178.7299,95,178.73,3323,178.779467
2023-06-06 12:04:00+00:00,178.83,178.85,178.83,57,178.83,2321,178.832934
2023-06-06 12:05:00+00:00,178.85,178.86,178.85,47,178.86,823,178.84509
2023-06-06 12:06:00+00:00,178.81,178.87,178.81,54,178.8699,1164,178.837163
2023-06-06 12:07:00+00:00,178.83,178.83,178.83,61,178.83,982,178.83112
2023-06-06 12:08:00+00:00,178.85,178.85,178.84,58,178.84,4846,178.850569
2023-06-06 12:09:00+00:00,178.85,178.85,178.83,66,178.85,3926,178.850069
2023-06-06 12:10:00+00:00,178.77,178.8654,178.75,211,178.81,6295,178.794977
2023-06-06 12:11:00+00:00,178.7,178.73,178.66,159,178.73,6505,178.71181
2023-06-06 12:12:00+00:00,178.68,178.71,178.68,62,178.71,1655,178.705328
2023-06-06 12:13:00+00:00,178.62,178.66,178.61,142,178.66,6442,178.642193
2023-06-06 12:14:00+00:00,178.65,178.65,178.61,61,178.61,5531,178.622486
2023-06-06 12:15:00+00:00,178.66,178.68,178.61,61,178.61,2013,178.639644
2023-06-06 12:16:00+00:00,178.65,178.65,178.62,71,178.64,2455,178.629472
2023-06-06 12:17:00+00:00,178.65,178.65,178.62,73,178.64,2045,178.635308
2023-06-06 12:18:00+00:00,178.64,178.68,178.6251,62,178.6251,1417,178.658646
2023-06-06 12:19:00+00:00,178.7099,178.7099,178.66,54,178.6622,1308,178.685264
2023-06-06 12:20:00+00:00,178.65,178.7,178.65,76,178.66,5104,178.668371
2023-06-06 12:21:00+00:00,178.65,178.67,178.62,60,178.66,2209,178.660008
2023-06-06 12:22:00+00:00,178.67,178.67,178.65,111,178.65,3736,178.662015
2023-06-06 12:23:00+00:00,178.68,178.69,178.67,105,178.67,5982,178.680542
2023-06-06 12:24:00+00:00,178.66,178.66,178.63,149,178.65,4183,178.646588
2023-06-06 12:25:00+00:00,178.68,178.69,178.66,93,178.69,2568,178.677695
2023-06-06 12:26:00+00:00,178.65,178.65,178.62,59,178.62,2248,178.635289
2023-06-06 12:27:00+00:00,178.65,178.66,178.65,61,178.66,1322,178.657703
2023-06-06 12:28:00+00:00,178.66,178.66,178.57,238,178.62,6489,178.609932
2023-06-06 12:29:00+00:00,178.64,178.64,178.6,131,178.6,2370,178.619032
2023-06-06 12:30:00+00:00,178.58,178.65,178.58,195,178.58,4170,178.601378
2023-06-06 12:31:00+00:00,178.78,178.78,178.61,165,178.61,5874,178.688265
2023-06-06 12:32:00+00:00,178.8,178.81,178.75,106,178.77,3641,178.786434
2023-06-06 12:33:00+00:00,178.7,178.78,178.7,113,178.76,3379,178.732291
2023-06-06 12:34:00+00:00,178.56,178.62,178.5595,141,178.62,6384,178.596656
2023-06-06 12:35:00+00:00,178.65,178.65,178.57,86,178.57,4403,178.620817
2023-06-06 12:36:00+00:00,178.71,178.71,178.66,59,178.66,1348,178.690025
2023-06-06 12:37:00+00:00,178.7,178.7,178.7,65,178.7,939,178.690383
2023-06-06 12:38:00+00:00,178.5,178.66,178.49,312,178.66,19704,178.575516
2023-06-06 12:39:00+00:00,178.62,178.71,178.39,332,178.49,14873,178.474607
2023-06-06 12:40:00+00:00,178.67,178.67,178.58,81,178.58,3563,178.646871
2023-06-06 12:41:00+00:00,178.74,178.76,178.71,82,178.71,2371,178.733383
2023-06-06 12:42:00+00:00,178.73,178.75,178.73,75,178.75,1770,178.745888
2023-06-06 12:43:00+00:00,178.86,178.87,178.75,138,178.75,8584,178.808696
2023-06-06 12:44:00+00:00,178.9,178.9,178.87,110,178.87,5619,178.890901
2023-06-06 12:45:00+00:00,178.88,178.9,178.86,106,178.9,4614,178.879151
2023-06-06 12:46:00+00:00,179.02,179.05,178.88,320,178.9,15490,178.94418
2023-06-06 12:47:00+00:00,179.03,179.18,179.0,360,179.03,17480,179.104858
2023-06-06 12:48:00+00:00,178.98,179.0985,178.92,257,179.05,7733,178.990072
2023-06-06 12:49:00+00:00,179.04,179.04,178.96,146,179.0,5453,178.993881
2023-06-06 12:50:00+00:00,179.06,179.12,179.0,223,179.0,7924,179.075343
2023-06-06 12:51:00+00:00,179.09,179.13,179.0,179,179.13,7523,179.056417
2023-06-06 12:52:00+00:00,179.1,179.14,179.1,125,179.14,4391,179.111538
2023-06-06 12:53:00+00:00,179.17,179.17,179.04,204,179.04,4602,179.135806
2023-06-06 12:54:00+00:00,179.13,179.1699,179.1201,123,179.14,3539,179.138981
2023-06-06 12:55:00+00:00,179.11,179.11,179.09,102,179.1,1622,179.105022
2023-06-06 12:56:00+00:00,179.1,179.14,179.1,137,179.14,4788,179.117109
2023-06-06 12:57:00+00:00,179.08,179.11,179.08,179,179.1,6848,179.093104
2023-06-06 12:58:00+00:00,179.06,179.09,179.05,123,179.08,5983,179.071048
2023-06-06 12:59:00+00:00,179.08,179.09,179.05,141,179.06,3639,179.067393
2023-06-06 13:00:00+00:00,179.1,179.1,179.1,69,179.1,796,179.106008
2023-06-06 13:01:00+00:00,179.14,179.14,179.11,81,179.13,2258,179.124112
2023-06-06 13:02:00+00:00,179.53,179.57,179.14,789,179.14,36526,179.389847
2023-06-06 13:03:00+00:00,179.9885,180.07,179.53,1198,179.53,67618,179.787584
2023-06-06 13:04:00+00:00,179.59,179.79,179.49,549,179.79,23492,179.590195
2023-06-06 13:05:00+00:00,179.68,179.75,179.54,366,179.59,20632,179.629197
2023-06-06 13:06:00+00:00,179.7,179.73,179.62,186,179.62,8767,179.688445
2023-06-06 13:07:00+00:00,180.29,180.37,179.73,594,179.73,28705,180.061927
2023-06-06 13:08:00+00:00,180.16,180.4,180.0,770,180.32,48846,180.190094
2023-06-06 13:09:00+00:00,179.91,180.1,179.83,388,180.05,22114,180.009962
2023-06-06 13:10:00+00:00,180.05,180.05,179.95,291,179.99,15320,180.003093
2023-06-06 13:11:00+00:00,180.13,180.16,180.0,317,180.1,14867,180.096745
2023-06-06 13:12:00+00:00,180.29,180.37,180.12,477,180.13,29599,180.235054
2023-06-06 13:13:00+00:00,180.24,180.34,180.16,401,180.29,29854,180.278219
2023-06-06 13:14:00+00:00,180.13,180.25,180.13,269,180.23,11813,180.207041
2023-06-06 13:15:00+00:00,179.9999,180.15,179.95,316,180.1201,15277,180.058843
2023-06-06 13:16:00+00:00,179.9,180.0,179.9,211,179.95,8800,179.95806
2023-06-06 13:17:00+00:00,179.8992,179.9,179.75,314,179.9,11697,179.833753
2023-06-06 13:18:00+00:00,179.96,180.0,179.83,254,179.84,25327,179.899669
2023-06-06 13:19:00+00:00,180.0,180.03,179.96,200,179.96,11193,179.989022
2023-06-06 13:20:00+00:00,180.15,180.15,180.0,223,180.0,9612,180.093145
2023-06-06 13:21:00+00:00,180.2,180.4,180.1999,423,180.1999,35725,180.315028
2023-06-06 13:22:00+00:00,180.13,180.2799,180.1,257,180.2,9468,180.147521
2023-06-06 13:23:00+00:00,180.25,180.26,180.13,158,180.13,6035,180.206143
2023-06-06 13:24:00+00:00,180.28,180.3,180.26,163,180.26,6327,180.287471
2023-06-06 13:25:00+00:00,180.13,180.28,180.13,253,180.24,11910,180.21777
2023-06-06 13:26:00+00:00,180.2,180.25,180.1,265,180.13,12728,180.158419
2023-06-06 13:27:00+00:00,180.25,180.35,180.16,271,180.19,17357,180.243752
2023-06-06 13:28:00+00:00,180.11,180.25,180.05,295,180.14,17829,180.124633
2023-06-06 13:29:00+00:00,180.02,180.14,179.92,539,180.11,33183,180.048824
2023-06-06 13:30:00+00:00,178.98,180.12,178.52,17585,179.965,1880682,179.484313
2023-06-06 13:31:00+00:00,178.56,179.07,178.55,5345,178.98,498647,178.799051
2023-06-06 13:32:00+00:00,178.21,178.63,178.16,6194,178.55,680299,178.315663
2023-06-06 13:33:00+00:00,177.97,178.26,177.84,7416,178.21,609608,178.062123
2023-06-06 13:34:00+00:00,178.25,178.2942,177.86,4629,177.96,457939,178.093846
2023-06-06 13:35:00+00:00,178.33,178.56,178.22,4785,178.23,460743,178.380154
2023-06-06 13:36:00+00:00,178.52,178.5478,178.21,3090,178.33,284088,178.365385
2023-06-06 13:37:00+00:00,178.5,178.75,178.47,3789,178.53,409730,178.66149
2023-06-06 13:38:00+00:00,178.53,178.65,178.41,2623,178.51,238876,178.513813
2023-06-06 13:39:00+00:00,178.56,178.6,178.37,2552,178.5335,226590,178.496319
2023-06-06 13:40:00+00:00,178.51,178.59,178.38,2244,178.58,191498,178.486014
2023-06-06 13:41:00+00:00,178.23,178.6306,178.23,2802,178.515,264156,178.443333
2023-06-06 13:42:00+00:00,178.27,178.405,178.2314,2187,178.24,192382,178.31165
2023-06-06 13:43:00+00:00,177.9098,178.285,177.82,4518,178.27,403530,177.99726
2023-06-06 13:44:00+00:00,177.75,177.9402,177.68,4184,177.9272,379756,177.801532
2023-06-06 13:45:00+00:00,177.715,177.91,177.67,3161,177.74,282543,177.777474
2023-06-06 13:46:00+00:00,177.72,177.78,177.62,4575,177.72,250069,177.694758
2023-06-06 13:47:00+00:00,178.0,178.0,177.68,5457,177.7256,346548,177.848073
2023-06-06 13:48:00+00:00,178.385,178.42,177.97,5776,177.995,390938,178.207041
2023-06-06 13:49:00+00:00,178.3097,178.51,178.21,5218,178.39,336353,178.374204
2023-06-06 13:50:00+00:00,177.99,178.34,177.9801,4584,178.3094,190015,178.162365
2023-06-06 13:51:00+00:00,177.7,178.07,177.68,4853,178.0,252151,177.871306
2023-06-06 13:52:00+00:00,177.9199,177.925,177.6901,4218,177.71,197712,177.852786
2023-06-06 13:53:00+00:00,177.76,178.03,177.71,4988,177.9199,282664,177.882128
2023-06-06 13:54:00+00:00,177.82,177.86,177.58,4804,177.72,249457,177.707531
2023-06-06 13:55:00+00:00,177.81,177.94,177.76,4434,177.82,191935,177.832491
2023-06-06 13:56:00+00:00,177.84,177.88,177.785,4227,177.81,150668,177.830427
2023-06-06 13:57:00+00:00,177.795,177.88,177.69,5170,177.85,304074,177.791318
2023-06-06 13:58:00+00:00,177.82,177.88,177.67,4420,177.795,251721,177.784136
2023-06-06 13:59:00+00:00,177.88,177.915,177.75,4067,177.81,187563,177.843532
2023-06-06 14:00:00+00:00,177.55,177.89,177.48,6354,177.875,350163,177.651048
2023-06-06 14:01:00+00:00,177.555,177.62,177.46,5240,177.56,247362,177.533276
2023-06-06 14:02:00+00:00,177.4842,177.62,177.43,4972,177.56,233185,177.518846
2023-06-06 14:03:00+00:00,177.76,177.83,177.46,5527,177.485,334399,177.677253
2023-06-06 14:04:00+00:00,177.6185,177.76,177.515,4497,177.76,226071,177.614812
2023-06-06 14:05:00+00:00,177.55,177.69,177.5115,4774,177.63,214188,177.6087
2023-06-06 14:06:00+00:00,177.56,177.69,177.54,4460,177.56,203744,177.610467
2023-06-06 14:07:00+00:00,177.8,177.835,177.55,5284,177.55,315836,177.688395
2023-06-06 14:08:00+00:00,177.88,177.95,177.78,5092,177.8,324633,177.878404
2023-06-06 14:09:00+00:00,177.915,177.92,177.74,4607,177.875,192146,177.824299
2023-06-06 14:10:00+00:00,178.2513,178.26,177.92,5537,177.92,354784,178.077776
2023-06-06 14:11:00+00:00,178.335,178.5,178.26,6301,178.26,401411,178.372022
2023-06-06 14:12:00+00:00,178.34,178.44,178.26,5117,178.33,303375,178.352789
2023-06-06 14:13:00+00:00,178.115,178.35,178.1,4233,178.335,218773,178.238928
2023-06-06 14:14:00+00:00,178.1874,178.21,178.08,4247,178.11,207984,178.149351
2023-06-06 14:15:00+00:00,178.06,178.24,178.01,4091,178.185,204840,178.102626
2023-06-06 14:16:00+00:00,178.1,178.145,178.0,3845,178.06,192901,178.07636
2023-06-06 14:17:00+00:00,178.055,178.135,178.015,3883,178.1,188753,178.059467
2023-06-06 14:18:00+00:00,178.15,178.18,178.01,3707,178.0628,154601,178.109051
2023-06-06 14:19:00+00:00,178.18,178.25,178.105,4360,178.16,221657,178.195984
2023-06-06 14:20:00+00:00,178.35,178.38,178.17,3946,178.19,175505,178.286946
2023-06-06 14:21:00+00:00,178.505,178.53,178.25,4195,178.35,231633,178.38862
2023-06-06 14:22:00+00:00,178.605,178.72,178.49,5049,178.51,301721,178.623117
2023-06-06 14:23:00+00:00,178.7499,178.78,178.595,4033,178.6099,218427,178.697618
2023-06-06 14:24:00+00:00,178.855,178.88,178.6901,3933,178.7599,229145,178.782796
2023-06-06 14:25:00+00:00,178.7801,178.9,178.73,2448,178.85,191160,178.783108
2023-06-06 14:26:00+00:00,178.81,178.86,178.7401,1925,178.795,184682,178.80896
2023-06-06 14:27:00+00:00,178.9612,179.0,178.805,2619,178.805,247850,178.922535
2023-06-06 14:28:00+00:00,178.98,179.0,178.9,1819,178.96,159162,178.952075
2023-06-06 14:29:00+00:00,178.94,179.04,178.8501,2264,178.98,243640,178.958139
2023-06-06 14:30:00+00:00,178.955,178.99,178.9001,1931,178.95,206645,178.899688
2023-06-06 14:31:00+00:00,178.97,179.0,178.9,1430,178.951,139092,178.945088
2023-06-06 14:32:00+00:00,179.0221,179.07,178.83,2692,178.965,340594,178.930734
2023-06-06 14:33:00+00:00,178.97,179.06,178.88,1424,179.03,142521,178.938394
2023-06-06 14:34:00+00:00,178.9098,179.07,178.89,1743,178.97,161830,178.982929
2023-06-06 14:35:00+00:00,179.0019,179.0075,178.88,1679,178.895,147508,178.96257
2023-06-06 14:36:00+00:00,178.845,179.05,178.84,1906,179.0,199162,178.952273
2023-06-06 14:37:00+00:00,178.84,178.86,178.78,1780,178.845,155810,178.825826
2023-06-06 14:38:00+00:00,179.0017,179.07,178.84,2013,178.855,189823,178.978512
2023-06-06 14:39:00+00:00,178.8587,179.03,178.85,1686,179.0,166503,178.956988
2023-06-06 14:40:00+00:00,178.889,178.9599,178.8101,1491,178.855,139705,178.876728
2023-06-06 14:41:00+00:00,178.795,178.9,178.74,1454,178.8894,145606,178.787115
2023-06-06 14:42:00+00:00,178.68,178.81,178.6,1588,178.8,172428,178.701149
2023-06-06 14:43:00+00:00,178.735,178.7991,178.655,1264,178.6799,120226,178.731839
2023-06-06 14:44:00+00:00,178.685,178.73,178.65,1107,178.722,146381,178.687522
2023-06-06 14:45:00+00:00,179.05,179.09,178.685,2492,178.69,261410,178.918097
2023-06-06 14:46:00+00:00,179.14,179.2123,179.04,1923,179.05,195538,179.124044
2023-06-06 14:47:00+00:00,179.09,179.16,179.04,1430,179.14,140946,179.105847
2023-06-06 14:48:00+00:00,179.075,179.185,179.06,1399,179.105,133582,179.104087
2023-06-06 14:49:00+00:00,179.1041,179.1291,178.98,1868,179.07,208790,179.038173
2023-06-06 14:50:00+00:00,179.13,179.19,179.07,1457,179.1,124744,179.133745
2023-06-06 14:51:00+00:00,179.115,179.14,179.07,1067,179.12,110886,179.103493
2023-06-06 14:52:00+00:00,178.975,179.13,178.93,1432,179.12,121409,179.014414
2023-06-06 14:53:00+00:00,178.83,179.015,178.8,1365,178.98,165777,178.91679
2023-06-06 14:54:00+00:00,178.7,178.825,178.7,1513,178.825,166499,178.775257
2023-06-06 14:55:00+00:00,178.6199,178.72,178.56,1666,178.705,139276,178.635738
2023-06-06 14:56:00+00:00,178.525,178.62,178.46,1759,178.61,134111,178.543013
2023-06-06 14:57:00+00:00,178.49,178.54,178.42,1521,178.54,124008,178.483271
2023-06-06 14:58:00+00:00,178.51,178.61,178.4913,1565,178.4913,141321,178.581064
2023-06-06 14:59:00+00:00,178.52,178.61,178.487,1248,178.515,122309,178.541971
2023-06-06 15:00:00+00:00,178.3105,178.53,178.2,2750,178.52,280094,178.348627
2023-06-06 15:01:00+00:00,178.31,178.34,178.18,1479,178.32,128040,178.250577
2023-06-06 15:02:00+00:00,178.26,178.36,178.25,1276,178.31,102223,178.293996
2023-06-06 15:03:00+00:00,178.225,178.285,178.2,1058,178.2689,81425,178.246239
2023-06-06 15:04:00+00:00,178.235,178.26,178.18,1282,178.2237,120416,178.223309
2023-06-06 15:05:00+00:00,178.13,178.24,178.105,1591,178.2392,155201,178.154483
2023-06-06 15:06:00+00:00,178.2984,178.32,178.105,1517,178.13,147743,178.227364
2023-06-06 15:07:00+00:00,178.2,178.3,178.19,1371,178.3,100706,178.240644
2023-06-06 15:08:00+00:00,178.364,178.38,178.2,1251,178.206,112446,178.31458
2023-06-06 15:09:00+00:00,178.255,178.365,178.24,1165,178.36,96842,178.291545
2023-06-06 15:10:00+00:00,178.195,178.25,178.18,1405,178.25,158525,178.214208
2023-06-06 15:11:00+00:00,178.18,178.23,178.09,1787,178.19,162526,178.151686
2023-06-06 15:12:00+00:00,178.1001,178.29,178.1001,1454,178.1893,119830,178.207645
2023-06-06 15:13:00+00:00,178.17,178.26,178.1,1130,178.1081,94835,178.173532
2023-06-06 15:14:00+00:00,178.065,178.1789,178.03,1483,178.17,108285,178.086679
2023-06-06 15:15:00+00:00,178.015,178.0899,177.93,3549,178.07,289212,178.010159
2023-06-06 15:16:00+00:00,178.2,178.22,178.015,1372,178.02,110386,178.113383
2023-06-06 15:17:00+00:00,178.255,178.3,178.18,1378,178.21,121411,178.232178
2023-06-06 15:18:00+00:00,178.05,178.265,178.0,1880,178.2599,196249,178.146785
2023-06-06 15:19:00+00:00,178.225,178.24,178.05,1054,178.0554,96778,178.160421
2023-06-06 15:20:00+00:00,178.22,178.26,178.185,1201,178.23,107195,178.224325
2023-06-06 15:21:00+00:00,178.1399,178.22,178.07,1343,178.22,107641,178.161753
2023-06-06 15:22:00+00:00,178.2107,178.235,178.14,1114,178.15,95851,178.193271
2023-06-06 15:23:00+00:00,178.215,178.28,178.16,1001,178.21,82352,178.221974
2023-06-06 15:24:00+00:00,178.11,178.23,178.095,1733,178.2055,138661,178.137739
2023-06-06 15:25:00+00:00,177.77,178.1,177.72,3563,178.1,373801,177.856359
2023-06-06 15:26:00+00:00,177.81,177.92,177.73,1988,177.77,196244,177.835621
2023-06-06 15:27:00+00:00,177.7816,177.86,177.72,1705,177.825,129900,177.780308
2023-06-06 15:28:00+00:00,177.775,177.79,177.665,1806,177.79,200319,177.719318
2023-06-06 15:29:00+00:00,177.79,177.8776,177.78,1136,177.78,84001,177.830948
2023-06-06 15:30:00+00:00,177.925,178.0,177.7501,1489,177.795,131857,177.879945
2023-06-06 15:31:00+00:00,177.95,177.96,177.88,1079,177.92,71168,177.915397
2023-06-06 15:32:00+00:00,178.01,178.07,177.92,1397,177.955,267922,177.946217
2023-06-06 15:33:00+00:00,178.04,178.1,178.0057,1291,178.02,134613,178.045172
2023-06-06 15:34:00+00:00,177.995,178.05,177.95,1183,178.04,104935,177.991957
2023-06-06 15:35:00+00:00,178.045,178.0599,177.985,1014,177.99,77934,178.024856
2023-06-06 15:36:00+00:00,178.035,178.065,177.97,1067,178.0424,86189,178.025302
2023-06-06 15:37:00+00:00,177.99,178.05,177.9,1432,178.035,129859,177.960704
2023-06-06 15:38:00+00:00,178.0671,178.09,177.98,1140,177.995,96462,178.034251
2023-06-06 15:39:00+00:00,178.17,178.18,177.99,1479,178.06,157457,178.127164
2023-06-06 15:40:00+00:00,178.1,178.1899,178.07,1064,178.1711,105820,178.133961
2023-06-06 15:41:00+00:00,178.145,178.15,178.035,921,178.105,71480,178.08354
2023-06-06 15:42:00+00:00,178.145,178.18,178.091,866,178.145,71743,178.134554
2023-06-06 15:43:00+00:00,178.07,178.15,178.06,985,178.14,84883,178.101118
2023-06-06 15:44:00+00:00,178.13,178.17,178.05,937,178.0599,72604,178.125586
2023-06-06 15:45:00+00:00,178.23,178.2596,178.08,1174,178.12,112957,178.173072
2023-06-06 15:46:00+00:00,178.265,178.28,178.22,958,178.2399,98337,178.253627
2023-06-06 15:47:00+00:00,178.37,178.44,178.22,1768,178.265,232375,178.313917
2023-06-06 15:48:00+00:00,178.4087,178.51,178.36,1659,178.365,153144,178.438647
2023-06-06 15:49:00+00:00,178.4356,178.46,178.3801,981,178.4,83103,178.422048
2023-06-06 15:50:00+00:00,178.2521,178.485,178.25,1591,178.435,155401,178.362697
2023-06-06 15:51:00+00:00,178.3499,178.35,178.25,1170,178.26,96035,178.293988
2023-06-06 15:52:00+00:00,178.27,178.4,178.22,1341,178.3421,98491,178.276059
2023-06-06 15:53:00+00:00,178.29,178.34,178.23,1165,178.275,112894,178.284995
2023-06-06 15:54:00+00:00,178.375,178.3801,178.28,942,178.31,93422,178.350531
2023-06-06 15:55:00+00:00,178.52,178.525,178.37,1429,178.38,144585,178.459096
2023-06-06 15:56:00+00:00,178.585,178.61,178.51,1379,178.5101,141779,178.555329
2023-06-06 15:57:00+00:00,178.635,178.65,178.585,1126,178.585,106434,178.624233
2023-06-06 15:58:00+00:00,178.69,178.695,178.55,1392,178.63,135178,178.636765
2023-06-06 15:59:00+00:00,178.83,178.86,178.66,1609,178.695,162177,178.777947
2023-06-06 16:00:00+00:00,178.99,179.0,178.82,1907,178.8201,214586,178.926177
2023-06-06 16:01:00+00:00,179.06,179.1,178.95,2416,178.9845,289700,179.0269
2023-06-06 16:02:00+00:00,178.97,179.06,178.9501,1416,179.0583,161608,179.002417
2023-06-06 16:03:00+00:00,179.0966,179.11,178.945,1388,178.97,179235,179.034047
2023-06-06 16:04:00+00:00,179.01,179.11,179.0,1189,179.0994,110926,179.063909
2023-06-06 16:05:00+00:00,178.925,179.055,178.92,1228,179.02,121103,178.997234
2023-06-06 16:06:00+00:00,178.8715,178.93,178.82,1255,178.925,127205,178.881398
2023-06-06 16:07:00+00:00,178.77,178.87,178.735,1199,178.87,103505,178.808942
2023-06-06 16:08:00+00:00,178.69,178.815,178.69,1316,178.775,127065,178.741228
2023-06-06 16:09:00+00:00,178.7918,178.82,178.6,1421,178.6909,173956,178.698745
2023-06-06 16:10:00+00:00,178.81,178.87,178.78,989,178.79,106258,178.824225
2023-06-06 16:11:00+00:00,178.69,178.815,178.67,1044,178.815,99920,178.747806
2023-06-06 16:12:00+00:00,178.665,178.725,178.6518,1152,178.68,107780,178.687617
2023-06-06 16:13:00+00:00,178.681,178.7,178.54,1255,178.665,135581,178.628056
2023-06-06 16:14:00+00:00,178.635,178.7199,178.625,816,178.6813,72884,178.679589
2023-06-06 16:15:00+00:00,178.65,178.7017,178.62,813,178.64,71323,178.666216
2023-06-06 16:16:00+00:00,178.655,178.7,178.63,751,178.655,57119,178.663136
2023-06-06 16:17:00+00:00,178.54,178.65,178.535,909,178.65,79892,178.585389
2023-06-06 16:18:00+00:00,178.55,178.58,178.51,875,178.54,79187,178.540792
2023-06-06 16:19:00+00:00,178.52,178.61,178.52,868,178.5599,73426,178.557155
2023-06-06 16:20:00+00:00,178.5798,178.58,178.52,820,178.53,79224,178.546471
2023-06-06 16:21:00+00:00,178.555,178.6,178.535,760,178.57,87719,178.563951
2023-06-06 16:22:00+00:00,178.575,178.59,178.51,814,178.555,82247,178.553759
2023-06-06 16:23:00+00:00,178.5771,178.6,178.545,847,178.58,60741,178.570122
2023-06-06 16:24:00+00:00,178.496,178.58,178.48,1082,178.5799,99160,178.53001
2023-06-06 16:25:00+00:00,178.74,178.74,178.48,1393,178.495,148711,178.620375
2023-06-06 16:26:00+00:00,178.76,178.8,178.685,857,178.725,82563,178.74101
2023-06-06 16:27:00+00:00,178.675,178.765,178.67,880,178.765,73352,178.709896
2023-06-06 16:28:00+00:00,178.765,178.79,178.66,953,178.67,105772,178.72228
2023-06-06 16:29:00+00:00,178.69,178.7799,178.66,839,178.7699,77535,178.713976
2023-06-06 16:30:00+00:00,178.6901,178.79,178.675,887,178.685,76491,178.730054
2023-06-06 16:31:00+00:00,178.74,178.76,178.65,759,178.6917,48057,178.700486
2023-06-06 16:32:00+00:00,178.7111,178.74,178.6527,707,178.735,47604,178.694413
2023-06-06 16:33:00+00:00,178.7699,178.77,178.6827,608,178.71,53319,178.727112
2023-06-06 16:34:00+00:00,178.71,178.765,178.66,815,178.76,82433,178.709762
2023-06-06 16:35:00+00:00,178.68,178.74,178.67,758,178.7101,46751,178.711713
2023-06-06 16:36:00+00:00,178.68,178.71,178.65,765,178.685,88108,178.680488
2023-06-06 16:37:00+00:00,178.58,178.695,178.53,1243,178.695,119681,178.59741
2023-06-06 16:38:00+00:00,178.54,178.64,178.52,998,178.58,495529,178.729492
2023-06-06 16:39:00+00:00,178.53,178.55,178.435,1216,178.55,110824,178.493049
2023-06-06 16:40:00+00:00,178.5,178.5399,178.46,1044,178.53,90369,178.492861
2023-06-06 16:41:00+00:00,178.305,178.485,178.29,1830,178.485,188734,178.363264
2023-06-06 16:42:00+00:00,178.29,178.37,178.241,1373,178.29,136880,178.291765
2023-06-06 16:43:00+00:00,178.3201,178.34,178.25,918,178.29,76129,178.29711
2023-06-06 16:44:00+00:00,178.2301,178.39,178.22,1127,178.32,104102,178.312336
2023-06-06 16:45:00+00:00,178.195,178.27,178.19,1137,178.235,89052,178.223268
2023-06-06 16:46:00+00:00,178.2301,178.269,178.175,968,178.19,160434,178.392668
2023-06-06 16:47:00+00:00,178.243,178.295,178.21,744,178.2301,87420,178.246243
2023-06-06 16:48:00+00:00,178.23,178.3,178.18,945,178.25,87307,178.239457
2023-06-06 16:49:00+00:00,178.15,178.27,178.1201,690,178.23,49247,178.187982
2023-06-06 16:50:00+00:00,178.24,178.28,178.12,845,178.1484,80264,178.202737
2023-06-06 16:51:00+00:00,178.2851,178.29,178.2,750,178.23,69057,178.234028
2023-06-06 16:52:00+00:00,178.39,178.41,178.275,752,178.28,69273,178.333577
2023-06-06 16:53:00+00:00,178.35,178.465,178.34,877,178.3902,88743,178.41666
2023-06-06 16:54:00+00:00,178.2717,178.37,178.26,812,178.3596,74063,178.31685
2023-06-06 16:55:00+00:00,178.3137,178.3348,178.21,798,178.285,54199,178.276609
2023-06-06 16:56:00+00:00,178.185,178.3155,178.18,829,178.31,71560,178.254027
2023-06-06 16:57:00+00:00,178.07,178.2332,178.04,1247,178.1815,108288,178.142917
2023-06-06 16:58:00+00:00,178.1401,178.23,178.0774,884,178.0774,76512,178.15647
2023-06-06 16:59:00+00:00,178.091,178.21,178.09,753,178.155,59688,178.133607
2023-06-06 17:00:00+00:00,178.18,178.22,178.09,783,178.11,75823,178.16384
2023-06-06 17:01:00+00:00,178.1355,178.1996,178.03,800,178.16,73316,178.133972
2023-06-06 17:02:00+00:00,178.1609,178.22,178.135,597,178.14,57022,178.183856
2023-06-06 17:03:00+00:00,178.15,178.17,178.12,575,178.16,46061,178.145475
2023-06-06 17:04:00+00:00,178.1667,178.2,178.1,843,178.15,74744,178.152196
2023-06-06 17:05:00+00:00,178.17,178.18,178.12,593,178.16,50444,178.139842
2023-06-06 17:06:00+00:00,178.23,178.26,178.14,743,178.17,64092,178.186316
2023-06-06 17:07:00+00:00,178.3414,178.355,178.21,689,178.23,87702,178.288512
2023-06-06 17:08:00+00:00,178.35,178.38,178.32,790,178.34,77280,178.340909
2023-06-06 17:09:00+00:00,178.4301,178.4391,178.32,697,178.3409,84148,178.383032
2023-06-06 17:10:00+00:00,178.5111,178.52,178.41,876,178.4386,101122,178.463032
2023-06-06 17:11:00+00:00,178.4699,178.53,178.4,736,178.515,83984,178.456651
2023-06-06 17:12:00+00:00,178.5115,178.55,178.44,851,178.4791,106965,178.490141
2023-06-06 17:13:00+00:00,178.465,178.5281,178.44,598,178.515,72712,178.483644
2023-06-06 17:14:00+00:00,178.56,178.57,178.44,760,178.46,94589,178.526211
2023-06-06 17:15:00+00:00,178.595,178.62,178.53,743,178.55,76944,178.56057
2023-06-06 17:16:00+00:00,178.61,178.66,178.59,862,178.595,96779,178.621395
2023-06-06 17:17:00+00:00,178.555,178.61,178.5,951,178.6001,130186,178.549836
2023-06-06 17:18:00+00:00,178.5928,178.6,178.45,710,178.56,68616,178.522932
2023-06-06 17:19:00+00:00,178.52,178.61,178.52,679,178.5917,77375,178.570625
2023-06-06 17:20:00+00:00,178.6089,178.6089,178.425,1312,178.51,171919,178.508615
2023-06-06 17:21:00+00:00,178.6515,178.67,178.6032,770,178.6032,99308,178.645668
2023-06-06 17:22:00+00:00,178.49,178.6498,178.475,1485,178.64,1127300,178.532015
2023-06-06 17:23:00+00:00,178.51,178.58,178.44,1004,178.5099,94889,178.522696
2023-06-06 17:24:00+00:00,178.585,178.5923,178.505,748,178.5067,77653,178.561435
2023-06-06 17:25:00+00:00,178.49,178.63,178.3901,1747,178.58,166438,178.512142
2023-06-06 17:26:00+00:00,178.475,178.53,178.43,771,178.48,63706,178.481781
2023-06-06 17:27:00+00:00,178.565,178.62,178.46,854,178.48,88975,178.545615
2023-06-06 17:28:00+00:00,178.7099,178.7099,178.55,1003,178.5601,84022,178.623371
2023-06-06 17:29:00+00:00,178.7185,178.79,178.705,1075,178.705,128920,178.74611
2023-06-06 17:30:00+00:00,178.835,178.835,178.69,1347,178.7,96484,178.775931
2023-06-06 17:31:00+00:00,178.7816,178.93,178.72,1993,178.835,205659,178.827631
2023-06-06 17:32:00+00:00,178.87,178.89,178.73,1081,178.7878,93958,178.804416
2023-06-06 17:33:00+00:00,178.88,178.9,178.8,867,178.865,74597,178.857191
2023-06-06 17:34:00+00:00,178.905,178.95,178.84,1084,178.87,109294,178.902578
2023-06-06 17:35:00+00:00,178.92,178.94,178.8725,1051,178.91,78576,178.911086
2023-06-06 17:36:00+00:00,179.015,179.02,178.92,1477,178.93,149665,178.97021
2023-06-06 17:37:00+00:00,179.065,179.0799,179.0,1143,179.015,107121,179.047594
2023-06-06 17:38:00+00:00,179.045,179.07,179.04,618,179.065,66266,179.052518
2023-06-06 17:39:00+00:00,179.07,179.08,179.0,1048,179.0499,109690,179.042585
2023-06-06 17:40:00+00:00,179.0207,179.1,179.015,1124,179.0719,107834,179.061874
2023-06-06 17:41:00+00:00,179.16,179.18,179.01,1222,179.02,128735,179.11778
2023-06-06 17:42:00+00:00,179.17,179.2,179.09,1203,179.1625,108252,179.160345
2023-06-06 17:43:00+00:00,179.17,179.18,179.12,914,179.168,75794,179.152454
2023-06-06 17:44:00+00:00,179.1199,179.21,179.115,966,179.17,86521,179.168481
2023-06-06 17:45:00+00:00,179.27,179.27,179.095,1295,179.11,129170,179.203884
2023-06-06 17:46:00+00:00,179.24,179.2701,179.21,853,179.27,74516,179.234011
2023-06-06 17:47:00+00:00,179.13,179.28,179.125,1085,179.24,106720,179.212311
2023-06-06 17:48:00+00:00,179.035,179.135,179.005,1288,179.13,129904,179.078415
2023-06-06 17:49:00+00:00,179.06,179.1165,178.97,1051,179.035,102424,179.058568
2023-06-06 17:50:00+00:00,179.1099,179.12,178.99,978,179.0543,98640,179.058399
2023-06-06 17:51:00+00:00,179.165,179.2,179.09,934,179.11,95263,179.15364
2023-06-06 17:52:00+00:00,179.2015,179.22,179.11,922,179.17,78278,179.163189
2023-06-06 17:53:00+00:00,178.9922,179.21,178.99,1020,179.21,98104,179.100304
2023-06-06 17:54:00+00:00,178.92,179.0,178.88,1201,178.995,118364,178.924344
2023-06-06 17:55:00+00:00,178.7599,178.93,178.68,1930,178.92,168087,178.772917
2023-06-06 17:56:00+00:00,178.72,178.8342,178.68,779,178.76,66990,178.749478
2023-06-06 17:57:00+00:00,178.7699,178.77,178.6104,1162,178.73,128414,178.696768
2023-06-06 17:58:00+00:00,178.7232,178.79,178.68,1003,178.7691,78849,178.739412
2023-06-06 17:59:00+00:00,178.83,178.87,178.73,881,178.73,75254,178.795328
2023-06-06 18:00:00+00:00,178.7445,178.8601,178.7445,1046,178.84,85921,178.802055
2023-06-06 18:01:00+00:00,178.85,178.8999,178.72,1074,178.745,98816,178.807055
2023-06-06 18:02:00+00:00,178.83,178.89,178.78,1017,178.85,77424,178.842923
2023-06-06 18:03:00+00:00,178.84,178.85,178.79,700,178.8305,64982,178.817656
2023-06-06 18:04:00+00:00,178.72,178.84,178.71,1209,178.83,102783,178.781872
2023-06-06 18:05:00+00:00,178.83,178.85,178.71,787,178.72,81231,178.803864
2023-06-06 18:06:00+00:00,178.81,178.885,178.81,769,178.8255,62331,178.841463
2023-06-06 18:07:00+00:00,178.8997,178.9,178.79,701,178.81,76888,178.855745
2023-06-06 18:08:00+00:00,178.9556,178.98,178.8718,876,178.9,83609,178.925945
2023-06-06 18:09:00+00:00,179.185,179.19,178.95,1616,178.955,176632,179.099283
2023-06-06 18:10:00+00:00,179.1541,179.2503,179.1413,1243,179.185,136223,179.195506
2023-06-06 18:11:00+00:00,179.275,179.3,179.15,966,179.15,99131,179.254235
2023-06-06 18:12:00+00:00,179.33,179.34,179.2412,1137,179.2722,100281,179.290266
2023-06-06 18:13:00+00:00,179.2599,179.355,179.22,1262,179.335,137829,179.291543
2023-06-06 18:14:00+00:00,179.28,179.33,179.215,1120,179.25,126797,179.270031
2023-06-06 18:15:00+00:00,179.265,179.35,179.26,970,179.28,111395,179.315449
2023-06-06 18:16:00+00:00,179.1985,179.265,179.17,933,179.26,95933,179.20683
2023-06-06 18:17:00+00:00,179.32,179.33,179.155,1026,179.2,97463,179.246425
2023-06-06 18:18:00+00:00,179.27,179.3272,179.22,647,179.325,51343,179.276442
2023-06-06 18:19:00+00:00,179.305,179.32,179.23,711,179.27,65041,179.283142
2023-06-06 18:20:00+00:00,179.2726,179.3,179.22,775,179.29,62000,179.27377
2023-06-06 18:21:00+00:00,179.26,179.33,179.26,1027,179.28,256480,179.27042
2023-06-06 18:22:00+00:00,179.2776,179.31,179.2403,807,179.285,54872,179.274234
2023-06-06 18:23:00+00:00,179.35,179.36,179.275,1018,179.275,86702,179.318636
2023-06-06 18:24:00+00:00,179.35,179.4,179.34,1024,179.35,110977,179.37214
2023-06-06 18:25:00+00:00,179.3594,179.4,179.34,753,179.35,80968,179.366904
2023-06-06 18:26:00+00:00,179.32,179.365,179.275,767,179.365,85979,179.318828
2023-06-06 18:27:00+00:00,179.38,179.3889,179.26,929,179.32,85919,179.324747
2023-06-06 18:28:00+00:00,179.3,179.3799,179.3,782,179.37,57232,179.343496
2023-06-06 18:29:00+00:00,179.32,179.34,179.27,707,179.3,56779,179.311986
2023-06-06 18:30:00+00:00,179.3601,179.37,179.3,795,179.325,70327,179.331208
2023-06-06 18:31:00+00:00,179.275,179.37,179.2699,711,179.37,41194,179.304519
2023-06-06 18:32:00+00:00,179.28,179.29,179.23,730,179.27,69857,179.269222
2023-06-06 18:33:00+00:00,179.205,179.29,179.17,1032,179.27,79655,179.236378
2023-06-06 18:34:00+00:00,179.25,179.26,179.16,749,179.1899,71898,179.203272
2023-06-06 18:35:00+00:00,179.26,179.27,179.16,783,179.24,61762,179.222448
2023-06-06 18:36:00+00:00,179.22,179.29,179.2,880,179.26,52670,179.24952
2023-06-06 18:37:00+00:00,179.19,179.235,179.13,853,179.23,56587,179.189197
2023-06-06 18:38:00+00:00,179.16,179.23,179.145,666,179.19,57501,179.192778
2023-06-06 18:39:00+00:00,179.172,179.24,179.14,921,179.17,68054,179.192697
2023-06-06 18:40:00+00:00,179.2301,179.25,179.15,959,179.175,94327,179.217829
2023-06-06 18:41:00+00:00,179.225,179.27,179.21,771,179.2399,67626,179.242183
2023-06-06 18:42:00+00:00,179.235,179.24,179.17,822,179.215,60406,179.210532
2023-06-06 18:43:00+00:00,179.251,179.265,179.2125,746,179.23,54662,179.240422
2023-06-06 18:44:00+00:00,179.2671,179.32,179.2434,925,179.27,72552,179.287246
2023-06-06 18:45:00+00:00,179.3091,179.32,179.215,789,179.255,58646,179.271293
2023-06-06 18:46:00+00:00,179.346,179.38,179.3027,934,179.305,76639,179.350783
2023-06-06 18:47:00+00:00,179.32,179.39,179.31,873,179.35,62361,179.343973
2023-06-06 18:48:00+00:00,179.3,179.3282,179.2818,747,179.32,43724,179.303529
2023-06-06 18:49:00+00:00,179.32,179.35,179.2989,746,179.3024,46641,179.320933
2023-06-06 18:50:00+00:00,179.2882,179.315,179.26,727,179.315,43270,179.276431
2023-06-06 18:51:00+00:00,179.42,179.44,179.29,1734,179.29,172617,179.392813
2023-06-06 18:52:00+00:00,179.46,179.48,179.3313,1187,179.414,95528,179.405676
2023-06-06 18:53:00+00:00,179.365,179.48,179.36,895,179.46,74977,179.42073
2023-06-06 18:54:00+00:00,179.365,179.41,179.35,870,179.36,63453,179.385122
2023-06-06 18:55:00+00:00,179.44,179.45,179.3602,808,179.3602,68070,179.418105
2023-06-06 18:56:00+00:00,179.375,179.44,179.3713,740,179.44,44761,179.408965
2023-06-06 18:57:00+00:00,179.3884,179.41,179.32,842,179.37,56878,179.368308
2023-06-06 18:58:00+00:00,179.4,179.42,179.36,705,179.3801,62258,179.386857
2023-06-06 18:59:00+00:00,179.4,179.425,179.3425,742,179.4098,54784,179.380842
2023-06-06 19:00:00+00:00,179.5199,179.52,179.39,1350,179.39,139718,179.472614
2023-06-06 19:01:00+00:00,179.55,179.57,179.5,1046,179.515,121841,179.538656
2023-06-06 19:02:00+00:00,179.62,179.68,179.54,1563,179.5489,173377,179.622119
2023-06-06 19:03:00+00:00,179.6518,179.7,179.58,1029,179.62,94884,179.644933
2023-06-06 19:04:00+00:00,179.5891,179.66,179.55,893,179.66,74412,179.59375
2023-06-06 19:05:00+00:00,179.49,179.62,179.48,1025,179.595,80714,179.543845
2023-06-06 19:06:00+00:00,179.5825,179.59,179.461,929,179.48,75497,179.530178
2023-06-06 19:07:00+00:00,179.555,179.595,179.535,641,179.58,55659,179.565863
2023-06-06 19:08:00+00:00,179.54,179.59,179.5301,946,179.555,78646,179.56406
2023-06-06 19:09:00+00:00,179.49,179.545,179.47,821,179.53,75179,179.505249
2023-06-06 19:10:00+00:00,179.43,179.5,179.4113,744,179.4988,66119,179.453682
2023-06-06 19:11:00+00:00,179.48,179.5,179.41,749,179.42,58033,179.459152
2023-06-06 19:12:00+00:00,179.4407,179.485,179.42,777,179.48,63704,179.455456
2023-06-06 19:13:00+00:00,179.475,179.49,179.4156,720,179.44,53421,179.456528
2023-06-06 19:14:00+00:00,179.41,179.4736,179.4,668,179.4707,52335,179.444794
2023-06-06 19:15:00+00:00,179.5,179.5,179.36,866,179.4,72923,179.43957
2023-06-06 19:16:00+00:00,179.475,179.505,179.45,640,179.5,50140,179.475845
2023-06-06 19:17:00+00:00,179.56,179.56,179.475,830,179.475,78002,179.53327
2023-06-06 19:18:00+00:00,179.6141,179.64,179.55,980,179.55,95272,179.612396
2023-06-06 19:19:00+00:00,179.6201,179.63,179.57,767,179.61,67967,179.607533
2023-06-06 19:20:00+00:00,179.58,179.66,179.5787,867,179.626,73906,179.627713
2023-06-06 19:21:00+00:00,179.6016,179.68,179.57,902,179.5799,103340,179.626644
2023-06-06 19:22:00+00:00,179.58,179.6083,179.55,832,179.605,66549,179.569895
2023-06-06 19:23:00+00:00,179.52,179.595,179.5,952,179.59,73998,179.550313
2023-06-06 19:24:00+00:00,179.5501,179.56,179.5,873,179.5272,63598,179.535762
2023-06-06 19:25:00+00:00,179.53,179.59,179.51,836,179.56,72670,179.547676
2023-06-06 19:26:00+00:00,179.41,179.53,179.405,979,179.53,105411,179.466119
2023-06-06 19:27:00+00:00,179.405,179.45,179.3601,1076,179.415,96113,179.401923
2023-06-06 19:28:00+00:00,179.44,179.46,179.38,871,179.4,65607,179.41728
2023-06-06 19:29:00+00:00,179.41,179.47,179.3801,852,179.4405,63214,179.43019
2023-06-06 19:30:00+00:00,179.435,179.45,179.37,950,179.42,79313,179.41767
2023-06-06 19:31:00+00:00,179.49,179.51,179.43,1047,179.435,72264,179.481811
2023-06-06 19:32:00+00:00,179.535,179.5599,179.48,1073,179.49,97779,179.524327
2023-06-06 19:33:00+00:00,179.5,179.532,179.46,1049,179.532,77380,179.495531
2023-06-06 19:34:00+00:00,179.4921,179.54,179.48,956,179.5,70301,179.512617
2023-06-06 19:35:00+00:00,179.49,179.53,179.47,1153,179.49,98281,179.500943
2023-06-06 19:36:00+00:00,179.45,179.525,179.41,1233,179.49,83132,179.467558
2023-06-06 19:37:00+00:00,179.395,179.49,179.39,1075,179.44,74471,179.423816
2023-06-06 19:38:00+00:00,179.43,179.4499,179.3801,1185,179.4,94896,179.420579
2023-06-06 19:39:00+00:00,179.31,179.43,179.19,2496,179.43,234259,179.297602
2023-06-06 19:40:00+00:00,179.2,179.3004,179.05,2654,179.3004,225945,179.222057
2023-06-06 19:41:00+00:00,179.36,179.36,179.195,1497,179.195,126832,179.303458
2023-06-06 19:42:00+00:00,179.405,179.41,179.2901,1219,179.36,102642,179.347248
2023-06-06 19:43:00+00:00,179.3601,179.42,179.3501,1297,179.4098,121142,179.384673
2023-06-06 19:44:00+00:00,179.32,179.4199,179.32,1101,179.37,76291,179.364805
2023-06-06 19:45:00+00:00,179.2116,179.35,179.19,1733,179.325,156162,179.277292
2023-06-06 19:46:00+00:00,179.205,179.28,179.18,1639,179.2199,142101,179.218596
2023-06-06 19:47:00+00:00,179.26,179.26,179.1804,1249,179.2,103688,179.219624
2023-06-06 19:48:00+00:00,179.1,179.28,179.08,1657,179.27,142610,179.156006
2023-06-06 19:49:00+00:00,179.06,179.17,179.06,1779,179.1,162596,179.11114
2023-06-06 19:50:00+00:00,179.19,179.2768,179.07,3273,179.07,304868,179.199651
2023-06-06 19:51:00+00:00,179.1209,179.2,179.09,2183,179.17,183727,179.13193
2023-06-06 19:52:00+00:00,179.17,179.19,179.08,1842,179.13,143023,179.13153
2023-06-06 19:53:00+00:00,179.16,179.18,179.08,1883,179.17,160326,179.141854
2023-06-06 19:54:00+00:00,179.2078,179.25,179.11,2265,179.155,217264,179.177903
2023-06-06 19:55:00+00:00,179.34,179.5,179.18,4920,179.21,458248,179.339356
2023-06-06 19:56:00+00:00,179.3099,179.44,179.24,3111,179.44,268355,179.292379
2023-06-06 19:57:00+00:00,179.35,179.4,179.305,2595,179.31,238888,179.345321
2023-06-06 19:58:00+00:00,179.36,179.37,179.315,2620,179.34,249508,179.340391
2023-06-06 19:59:00+00:00,179.16,179.37,179.14,5798,179.36,827514,179.214488
2023-06-06 20:00:00+00:00,179.17,179.21,179.15,158,179.15,4810816,179.20993
2023-06-06 20:01:00+00:00,179.21,179.24,179.16,249,179.17,153332,179.20907
2023-06-06 20:02:00+00:00,179.29,179.3,179.21,107,179.21,284451,179.210971
2023-06-06 20:03:00+00:00,179.25,179.29,179.25,47,179.29,1155,179.267918
2023-06-06 20:04:00+00:00,179.26,179.26,179.26,44,179.26,809,179.253881
2023-06-06 20:05:00+00:00,179.23,179.24,179.23,44,179.24,343108,179.210133
2023-06-06 20:06:00+00:00,179.18,179.22,179.18,86,179.22,4007,179.202273
2023-06-06 20:07:00+00:00,179.19,179.19,179.18,52,179.18,12804,179.20543
2023-06-06 20:08:00+00:00,179.18,179.2,179.18,56,179.19,2075,179.185385
2023-06-06 20:09:00+00:00,179.21,179.21,179.2,43,179.2,21067,179.209714
2023-06-06 20:10:00+00:00,179.21,179.22,179.2,36,179.21,6449,179.210656
2023-06-06 20:11:00+00:00,179.21,179.22,179.21,43,179.21,7167,179.209422
2023-06-06 20:12:00+00:00,179.12,179.17,179.12,66,179.17,1671,179.143038
2023-06-06 20:13:00+00:00,179.15,179.16,179.14,51,179.14,1952,179.148627
2023-06-06 20:14:00+00:00,179.2,179.2,179.15,46,179.15,2461,179.189338
2023-06-06 20:15:00+00:00,179.14,179.21,179.14,42,179.15,10267,179.204356
2023-06-06 20:16:00+00:00,179.0933,179.12,179.0933,41,179.12,3526,179.1119
2023-06-06 20:17:00+00:00,179.14,179.14,179.09,54,179.1,2996,179.113912
2023-06-06 20:18:00+00:00,179.14,179.14,179.14,30,179.14,303,179.136253
2023-06-06 20:20:00+00:00,179.13,179.13,179.13,28,179.13,2809,179.130199
2023-06-06 20:21:00+00:00,179.1,179.12,179.1,41,179.12,1453,179.096083
2023-06-06 20:22:00+00:00,179.09,179.1,179.06,42,179.08,2117,179.083857
2023-06-06 20:23:00+00:00,179.07,179.08,179.07,49,179.08,727,179.069728
2023-06-06 20:24:00+00:00,178.99,179.05,178.99,170,179.04,7041,179.006547
2023-06-06 20:25:00+00:00,178.95,178.99,178.93,118,178.97,6784,178.944204
2023-06-06 20:26:00+00:00,178.9873,178.99,178.95,64,178.95,3494,178.974373
2023-06-06 20:27:00+00:00,178.95,178.99,178.95,54,178.99,4784,178.967251
2023-06-06 20:28:00+00:00,178.99,179.0,178.97,51,178.97,2984,178.989449
2023-06-06 20:29:00+00:00,179.0,179.0,178.9999,40,178.9999,2345,178.999687
2023-06-06 20:30:00+00:00,179.0,179.0,178.99,45,178.99,1675,178.991976
2023-06-06 20:31:00+00:00,178.99,178.99,178.99,50,178.99,110365,179.208147
2023-06-06 20:32:00+00:00,179.0121,179.0121,179.0,36,179.0,951,179.001376
2023-06-06 20:33:00+00:00,179.02,179.02,178.99,41,178.99,2127,179.016079
2023-06-06 20:34:00+00:00,179.05,179.05,179.03,48,179.03,2788,179.045983
2023-06-06 20:35:00+00:00,179.21,179.21,179.21,34,179.21,22424,179.208938
2023-06-06 20:36:00+00:00,179.03,179.04,179.03,44,179.03,1288,179.034251
2023-06-06 20:39:00+00:00,179.03,179.03,179.03,38,179.03,351,179.035369
2023-06-06 20:40:00+00:00,179.04,179.04,179.04,21,179.04,563,179.051099
2023-06-06 20:41:00+00:00,179.0601,179.0601,179.05,28,179.05,3665,179.059247
2023-06-06 20:42:00+00:00,179.05,179.05,179.05,31,179.05,483,179.050589
2023-06-06 20:43:00+00:00,179.06,179.06,179.06,33,179.06,1391,179.059655
2023-06-06 20:44:00+00:00,179.21,179.21,179.05,38,179.06,8759,179.188102
2023-06-06 20:45:00+00:00,179.02,179.04,179.02,28,179.0206,1314,179.024221
2023-06-06 20:46:00+00:00,179.04,179.04,179.01,34,179.04,2383,179.024008
2023-06-06 20:47:00+00:00,179.01,179.04,179.01,29,179.03,3292,179.037248
2023-06-06 20:48:00+00:00,179.04,179.04,179.04,28,179.04,2221,179.039491
2023-06-06 20:49:00+00:00,179.05,179.05,179.04,29,179.04,678,179.042433
2023-06-06 20:50:00+00:00,179.06,179.06,179.05,35,179.05,648,179.054366
2023-06-06 20:51:00+00:00,179.04,179.04,179.04,24,179.04,431,179.046705
2023-06-06 20:53:00+00:00,179.06,179.06,179.06,27,179.06,1211,179.058129
2023-06-06 20:54:00+00:00,179.0301,179.0301,179.0301,18,179.0301,551,179.032305
2023-06-06 20:55:00+00:00,179.05,179.06,179.03,48,179.06,1425,179.039614
2023-06-06 20:57:00+00:00,179.059,179.059,179.03,30,179.03,714,179.041856
2023-06-06 20:59:00+00:00,179.04,179.04,179.04,25,179.04,1166,179.038705
2023-06-06 21:00:00+00:00,179.04,179.04,179.04,32,179.04,1991,179.046885
2023-06-06 21:01:00+00:00,179.05,179.05,179.05,34,179.05,1567,178.31557
2023-06-06 21:02:00+00:00,179.06,179.06,179.06,20,179.06,776,179.119353
2023-06-06 21:03:00+00:00,179.04,179.05,179.04,18,179.05,746,179.044296
2023-06-06 21:04:00+00:00,179.05,179.05,179.05,32,179.05,665,179.048848
2023-06-06 21:05:00+00:00,179.06,179.06,179.06,28,179.06,799,177.294211
2023-06-06 21:08:00+00:00,179.04,179.04,179.04,33,179.04,385,179.038814
2023-06-06 21:12:00+00:00,179.04,179.04,179.03,36,179.03,1837,179.032921
2023-06-06 21:13:00+00:00,179.03,179.04,179.03,17,179.04,1770,179.036826
2023-06-06 21:14:00+00:00,179.03,179.04,179.03,39,179.04,3767,179.032127
2023-06-06 21:15:00+00:00,179.01,179.01,179.01,37,179.01,541,179.015013
2023-06-06 21:16:00+00:00,179.01,179.02,179.01,30,179.02,812,179.015919
2023-06-06 21:19:00+00:00,179.03,179.03,179.03,24,179.03,387,179.028826
2023-06-06 21:20:00+00:00,179.01,179.01,179.01,11,179.01,1156,179.010744
2023-06-06 21:22:00+00:00,179.01,179.02,179.01,21,179.0115,1984,179.011014
2023-06-06 21:24:00+00:00,179.01,179.01,179.01,19,179.01,285,179.015544
2023-06-06 21:25:00+00:00,179.01,179.0285,179.01,26,179.0285,545,179.016239
2023-06-06 21:26:00+00:00,179.01,179.01,179.01,13,179.01,336,179.015714
2023-06-06 21:27:00+00:00,179.01,179.01,179.01,41,179.01,702,179.01004
2023-06-06 21:28:00+00:00,179.0,179.03,179.0,79,179.03,1663,179.003921
2023-06-06 21:29:00+00:00,179.0295,179.0295,179.0295,16,179.0295,228,179.02645
2023-06-06 21:30:00+00:00,179.01,179.01,179.01,31,179.01,624,179.028053
2023-06-06 21:31:00+00:00,179.07,179.07,179.0116,24,179.0116,793,179.051602
2023-06-06 21:33:00+00:00,179.08,179.08,179.02,25,179.02,806,179.065391
2023-06-06 21:35:00+00:00,179.08,179.08,179.08,20,179.08,521,179.081159
2023-06-06 21:42:00+00:00,179.02,179.02,179.02,26,179.02,7007,179.020578
2023-06-06 21:43:00+00:00,179.05,179.05,179.05,22,179.05,532,179.04773
2023-06-06 21:44:00+00:00,179.05,179.05,179.02,45,179.02,666,179.038934
2023-06-06 21:45:00+00:00,179.09,179.09,179.08,44,179.08,1105,179.077385
2023-06-06 21:46:00+00:00,179.13,179.1315,179.13,25,179.1315,437,179.128513
2023-06-06 21:48:00+00:00,179.1398,179.1398,179.1398,29,179.1398,329,179.124924
2023-06-06 21:49:00+00:00,179.13,179.14,179.13,30,179.14,728,179.132595
2023-06-06 21:50:00+00:00,179.14,179.14,179.1399,22,179.14,1274,179.139513
2023-06-06 21:52:00+00:00,179.12,179.12,179.12,22,179.12,223,179.118946
2023-06-06 21:53:00+00:00,179.1,179.11,179.1,34,179.11,550,179.108281
2023-06-06 21:54:00+00:00,179.1,179.1096,179.1,24,179.1096,773,179.104968
2023-06-06 21:55:00+00:00,179.1,179.1,179.1,24,179.1,313,179.099329
2023-06-06 21:56:00+00:00,179.1,179.1,179.1,25,179.1,720,179.10291
2023-06-06 21:58:00+00:00,179.1,179.1,179.1,25,179.1,554,179.105957
2023-06-06 22:00:00+00:00,179.06,179.1,179.05,42,179.1,2203,179.067674
2023-06-06 22:01:00+00:00,179.08,179.08,179.06,28,179.07,1246,179.064085
2023-06-06 22:02:00+00:00,179.05,179.05,179.05,31,179.05,1720,179.053041
2023-06-06 22:03:00+00:00,179.02,179.05,179.02,30,179.05,804,179.045958
2023-06-06 22:05:00+00:00,179.0555,179.0555,179.0555,20,179.0555,276,179.055471
2023-06-06 22:07:00+00:00,179.03,179.03,179.03,23,179.03,530,179.033123
2023-06-06 22:08:00+00:00,179.0201,179.03,179.02,24,179.03,569,179.02259
2023-06-06 22:09:00+00:00,179.09,179.09,179.03,36,179.03,1836,179.052992
2023-06-06 22:10:00+00:00,179.03,179.03,179.03,23,179.03,734,179.036614
2023-06-06 22:11:00+00:00,179.07,179.07,179.06,41,179.07,879,179.064101
2023-06-06 22:12:00+00:00,179.07,179.07,179.07,15,179.07,262,179.067214
2023-06-06 22:13:00+00:00,179.07,179.07,179.07,20,179.07,541,179.070462
2023-06-06 22:16:00+00:00,179.04,179.0588,179.04,33,179.0588,1843,179.043136
2023-06-06 22:18:00+00:00,179.04,179.04,179.04,16,179.04,285,179.036579
2023-06-06 22:19:00+00:00,179.02,179.0478,179.02,16,179.0478,298,179.031376
2023-06-06 22:20:00+00:00,179.048,179.048,179.048,21,179.048,428,179.044727
2023-06-06 22:21:00+00:00,179.0437,179.0437,179.0437,18,179.0437,223,179.042082
2023-06-06 22:23:00+00:00,179.03,179.03,179.03,21,179.03,396,179.02971
2023-06-06 22:24:00+00:00,179.02,179.02,179.02,13,179.02,275,179.024273
2023-06-06 22:25:00+00:00,179.0,179.02,179.0,50,179.02,2194,179.017441
2023-06-06 22:27:00+00:00,178.98,179.0,178.98,86,179.0,2754,178.997633
2023-06-06 22:28:00+00:00,178.89,178.95,178.89,95,178.95,2393,178.925886
2023-06-06 22:29:00+00:00,178.9,178.93,178.9,30,178.9,4280,178.901546
2023-06-06 22:30:00+00:00,178.93,178.93,178.93,27,178.93,831,178.927999
2023-06-06 22:31:00+00:00,178.92,178.95,178.92,24,178.92,1474,178.924454
2023-06-06 22:33:00+00:00,178.94,178.94,178.94,18,178.94,326,178.947914
2023-06-06 22:35:00+00:00,178.92,178.93,178.92,31,178.93,712,178.931011
2023-06-06 22:36:00+00:00,178.95,178.95,178.95,20,178.95,978,178.952423
2023-06-06 22:37:00+00:00,178.9683,178.9683,178.96,18,178.96,569,178.965747
2023-06-06 22:39:00+00:00,178.95,178.95,178.95,19,178.95,1653,178.950109
2023-06-06 22:40:00+00:00,178.95,178.95,178.95,15,178.95,180,178.946944
2023-06-06 22:41:00+00:00,178.9,178.9388,178.9,36,178.93,1339,178.918234
2023-06-06 22:42:00+00:00,178.9395,178.9395,178.9395,24,178.9395,1146,178.93846
2023-06-06 22:43:00+00:00,178.91,178.94,178.91,21,178.94,530,178.932523
2023-06-06 22:47:00+00:00,178.95,178.95,178.95,21,178.95,532,178.942632
2023-06-06 22:51:00+00:00,178.93,178.95,178.93,27,178.95,767,178.944583
2023-06-06 22:54:00+00:00,178.9401,178.9401,178.9401,13,178.9401,229,178.942323
2023-06-06 22:59:00+00:00,178.9,178.9442,178.9,46,178.9442,2040,178.920112
2023-06-06 23:03:00+00:00,178.92,178.92,178.92,17,178.92,150,178.9196
2023-06-06 23:04:00+00:00,178.94,178.94,178.94,28,178.94,542,178.933828
2023-06-06 23:07:00+00:00,178.94,178.94,178.93,10,178.93,242,178.933884
2023-06-06 23:09:00+00:00,178.9,178.9,178.9,21,178.9,458,178.907096
2023-06-06 23:11:00+00:00,178.94,178.94,178.94,24,178.94,175,178.936615
2023-06-06 23:12:00+00:00,178.94,178.94,178.94,38,178.94,1155,178.935215
2023-06-06 23:13:00+00:00,178.97,178.97,178.97,24,178.97,341,178.954106
2023-06-06 23:14:00+00:00,178.99,178.99,178.99,17,178.99,402,178.982052
2023-06-06 23:15:00+00:00,178.92,178.92,178.92,24,178.92,337,178.932151
2023-06-06 23:16:00+00:00,178.95,178.95,178.95,23,178.95,224,178.94933
2023-06-06 23:17:00+00:00,178.95,178.95,178.95,20,178.95,314,178.955096
2023-06-06 23:19:00+00:00,178.96,178.96,178.96,12,178.96,239,178.963368
2023-06-06 23:21:00+00:00,178.95,178.98,178.95,21,178.98,783,178.963231
2023-06-06 23:22:00+00:00,178.92,178.93,178.92,20,178.93,768,178.92304
2023-06-06 23:23:00+00:00,178.9,178.92,178.9,41,178.92,975,178.905297
2023-06-06 23:24:00+00:00,178.92,178.92,178.92,20,178.92,404,178.918663
2023-06-06 23:25:00+00:00,178.91,178.92,178.91,33,178.92,763,178.913099
2023-06-06 23:26:00+00:00,178.91,178.91,178.9099,16,178.9099,332,178.910663
2023-06-06 23:27:00+00:00,178.9,178.9,178.9,17,178.9,1154,178.902418
2023-06-06 23:28:00+00:00,178.92,178.92,178.92,12,178.92,368,178.91675
2023-06-06 23:29:00+00:00,178.92,178.92,178.92,25,178.92,459,178.919608
2023-06-06 23:32:00+00:00,178.95,178.95,178.92,21,178.92,995,178.939312
2023-06-06 23:33:00+00:00,178.94,178.94,178.94,18,178.94,250,178.93682
2023-06-06 23:34:00+00:00,178.99,178.99,178.97,21,178.97,873,178.98181
2023-06-06 23:36:00+00:00,178.9801,178.9801,178.9801,31,178.9801,339,178.987256
2023-06-06 23:37:00+00:00,179.02,179.02,179.0,27,179.0,744,179.005282
2023-06-06 23:38:00+00:00,179.0,179.0,179.0,14,179.0,1507,178.999741
2023-06-06 23:42:00+00:00,179.0,179.0,178.98,9,178.98,215,178.99
2023-06-06 23:43:00+00:00,179.0,179.0,179.0,9,179.0,350,178.995
2023-06-06 23:44:00+00:00,179.0,179.0,178.98,21,178.98,576,178.994149
2023-06-06 23:47:00+00:00,179.0,179.0,178.99,22,178.99,964,178.996374
2023-06-06 23:48:00+00:00,179.03,179.03,179.03,21,179.03,495,179.030626
2023-06-06 23:49:00+00:00,179.02,179.02,179.02,18,179.02,2291,179.020406
2023-06-06 23:50:00+00:00,179.04,179.04,179.04,21,179.04,2574,179.036841
2023-06-06 23:51:00+00:00,179.0,179.0,179.0,23,179.0,390,179.003821
2023-06-06 23:53:00+00:00,178.98,178.98,178.98,26,178.98,393,178.982277
2023-06-06 23:54:00+00:00,179.0,179.0,178.98,56,178.98,3926,178.994289
2023-06-06 23:55:00+00:00,179.05,179.05,179.04,26,179.04,683,179.051479
2023-06-06 23:56:00+00:00,178.97,179.0,178.97,28,179.0,1452,178.994621
2023-06-06 23:57:00+00:00,179.0,179.0,179.0,28,179.0,628,178.996286
2023-06-06 23:58:00+00:00,179.0,179.0,179.0,23,179.0,856,179.001998
2023-06-06 23:59:00+00:00,179.0,179.02,179.0,28,179.02,458,179.025262
