timestamp,close,high,low,trade_count,open,volume,vwap
2023-10-10 08:00:00+00:00,178.97,179.0,178.97,36,179.0,961,178.994079
2023-10-10 08:02:00+00:00,178.98,178.98,178.98,9,178.98,600,178.978283
2023-10-10 08:03:00+00:00,178.89,178.9,178.89,16,178.9,494,178.902692
2023-10-10 08:04:00+00:00,178.88,178.9,178.88,19,178.9,727,178.896066
2023-10-10 08:12:00+00:00,178.85,178.85,178.85,24,178.85,525,178.843752
2023-10-10 08:13:00+00:00,179.0,179.01,178.87,94,178.87,4513,178.975668
2023-10-10 08:14:00+00:00,179.0,179.02,179.0,42,179.02,1179,179.012205
2023-10-10 08:15:00+00:00,179.01,179.01,179.0,31,179.0,1325,179.0272
2023-10-10 08:16:00+00:00,179.0,179.0,179.0,8,179.0,481,178.994636
2023-10-10 08:21:00+00:00,179.09,179.09,179.03,14,179.07,1101,179.050599
2023-10-10 08:23:00+00:00,179.14,179.14,179.07,29,179.07,1692,179.096365
2023-10-10 08:25:00+00:00,179.17,179.17,179.17,26,179.17,549,179.164372
2023-10-10 08:26:00+00:00,179.18,179.18,179.18,13,179.18,314,179.167866
2023-10-10 08:27:00+00:00,179.2,179.24,179.18,35,179.18,5808,179.194
2023-10-10 08:28:00+00:00,179.2,179.2,179.2,10,179.2,467,179.204797
2023-10-10 08:29:00+00:00,179.25,179.25,179.24,30,179.24,895,179.241285
2023-10-10 08:30:00+00:00,179.33,179.33,179.3,27,179.3,991,179.292563
2023-10-10 08:33:00+00:00,179.28,179.28,179.28,19,179.28,537,179.294171
2023-10-10 08:34:00+00:00,179.3,179.3,179.3,17,179.3,751,179.297949
2023-10-10 08:37:00+00:00,179.32,179.32,179.27,12,179.27,422,179.298223
2023-10-10 08:39:00+00:00,179.27,179.28,179.27,18,179.28,581,179.277074
2023-10-10 08:43:00+00:00,179.2,179.23,179.2,50,179.23,2723,179.20462
2023-10-10 08:45:00+00:00,179.2,179.2,179.2,20,179.2,977,179.209795
2023-10-10 08:48:00+00:00,179.24,179.24,179.24,8,179.24,127,179.239528
2023-10-10 08:51:00+00:00,179.3,179.3,179.3,27,179.3,638,179.291207
2023-10-10 08:55:00+00:00,179.35,179.35,179.35,26,179.35,397,179.352091
2023-10-10 08:56:00+00:00,179.29,179.29,179.29,45,179.29,2808,179.29286
2023-10-10 08:59:00+00:00,179.35,179.35,179.35,7,179.35,228,179.346623
2023-10-10 09:00:00+00:00,179.3,179.3,179.3,7,179.3,211,179.301896
2023-10-10 09:01:00+00:00,179.2,179.3,179.2,60,179.3,5689,179.240327
2023-10-10 09:07:00+00:00,179.17,179.17,179.17,5,179.17,306,179.170392
2023-10-10 09:08:00+00:00,179.17,179.17,179.17,31,179.17,1152,179.158073
2023-10-10 09:10:00+00:00,179.25,179.25,179.25,28,179.25,919,179.24235
2023-10-10 09:14:00+00:00,179.15,179.15,179.15,10,179.15,307,179.151629
2023-10-10 09:17:00+00:00,179.24,179.24,179.23,16,179.23,1228,179.23728
2023-10-10 09:20:00+00:00,179.22,179.24,179.22,9,179.24,475,179.229389
2023-10-10 09:22:00+00:00,179.18,179.21,179.18,32,179.21,1293,179.183635
2023-10-10 09:30:00+00:00,179.15,179.15,179.15,17,179.15,549,179.15612
2023-10-10 09:32:00+00:00,179.15,179.15,179.15,3,179.15,201,179.15
2023-10-10 09:40:00+00:00,179.1,179.1,179.1,19,179.1,510,179.12202
2023-10-10 09:44:00+00:00,179.16,179.16,179.16,18,179.16,522,179.15818
2023-10-10 09:49:00+00:00,179.13,179.13,179.13,16,179.13,255,179.124235
2023-10-10 09:51:00+00:00,179.12,179.13,179.12,21,179.13,550,179.131073
2023-10-10 10:00:00+00:00,179.14,179.14,179.14,9,179.14,284,179.132148
2023-10-10 10:01:00+00:00,179.05,179.05,179.05,30,179.05,494,179.066174
2023-10-10 10:08:00+00:00,179.18,179.18,179.16,36,179.16,1531,179.17356
2023-10-10 10:14:00+00:00,179.11,179.11,179.11,6,179.11,509,179.112534
2023-10-10 10:15:00+00:00,179.14,179.14,179.14,6,179.14,266,179.137744
2023-10-10 10:17:00+00:00,179.1,179.11,179.1,27,179.11,1598,179.096364
2023-10-10 10:24:00+00:00,179.08,179.08,179.08,14,179.08,385,179.08026
2023-10-10 10:25:00+00:00,179.15,179.15,179.15,19,179.15,1090,179.145385
2023-10-10 10:26:00+00:00,179.18,179.18,179.15,17,179.15,987,179.163536
2023-10-10 10:32:00+00:00,179.17,179.17,179.17,8,179.17,177,179.170282
2023-10-10 10:39:00+00:00,179.13,179.13,179.13,8,179.13,332,179.127771
2023-10-10 10:40:00+00:00,179.1,179.1,179.1,13,179.1,571,179.098371
2023-10-10 10:42:00+00:00,179.13,179.13,179.13,15,179.13,636,179.129465
2023-10-10 10:44:00+00:00,179.16,179.16,179.16,14,179.16,499,179.164609
2023-10-10 10:45:00+00:00,179.15,179.15,179.15,10,179.15,1149,179.151375
2023-10-10 10:46:00+00:00,179.12,179.12,179.12,19,179.12,947,179.114551
2023-10-10 10:48:00+00:00,179.1,179.1,179.1,12,179.1,1000,179.09999
2023-10-10 10:53:00+00:00,179.13,179.13,179.13,17,179.13,923,179.127833
2023-10-10 10:54:00+00:00,179.07,179.13,179.07,43,179.1,1935,179.096935
2023-10-10 10:56:00+00:00,179.01,179.01,179.01,11,179.01,269,179.024684
2023-10-10 10:57:00+00:00,178.99,179.01,178.99,97,179.01,4321,179.003923
2023-10-10 10:58:00+00:00,178.85,178.89,178.85,56,178.89,1541,178.879676
2023-10-10 10:59:00+00:00,178.82,178.93,178.82,46,178.93,2150,178.889051
2023-10-10 11:00:00+00:00,178.78,178.89,178.78,166,178.89,7060,178.853844
2023-10-10 11:04:00+00:00,178.83,178.83,178.83,9,178.83,467,178.848651
2023-10-10 11:05:00+00:00,178.81,178.82,178.81,45,178.82,1499,178.815504
2023-10-10 11:06:00+00:00,178.74,178.78,178.73,45,178.78,2391,178.755345
2023-10-10 11:07:00+00:00,178.7,178.7,178.7,63,178.7,1560,178.688686
2023-10-10 11:08:00+00:00,178.6,178.6,178.55,39,178.57,1639,178.591086
2023-10-10 11:09:00+00:00,178.6,178.6,178.6,20,178.6,1855,178.614663
2023-10-10 11:10:00+00:00,178.6,178.63,178.6,21,178.63,1604,178.604165
2023-10-10 11:11:00+00:00,178.45,178.6,178.45,78,178.6,2738,178.516077
2023-10-10 11:12:00+00:00,178.41,178.41,178.38,37,178.41,1668,178.390498
2023-10-10 11:15:00+00:00,178.49,178.49,178.49,28,178.49,4575,178.489956
2023-10-10 11:16:00+00:00,178.53,178.55,178.53,35,178.55,1333,178.524239
2023-10-10 11:17:00+00:00,178.53,178.53,178.53,20,178.53,642,178.503442
2023-10-10 11:18:00+00:00,178.48,178.54,178.48,16,178.54,667,178.523208
2023-10-10 11:20:00+00:00,178.5,178.5,178.5,16,178.5,437,178.49611
2023-10-10 11:21:00+00:00,178.33,178.51,178.33,121,178.51,4943,178.406998
2023-10-10 11:23:00+00:00,178.25,178.39,178.25,92,178.31,3475,178.320043
2023-10-10 11:24:00+00:00,178.25,178.25,178.25,26,178.25,924,178.27118
2023-10-10 11:25:00+00:00,178.2,178.25,178.2,41,178.25,2644,178.218998
2023-10-10 11:27:00+00:00,178.3,178.3,178.3,24,178.3,638,178.297382
2023-10-10 11:29:00+00:00,178.25,178.25,178.25,19,178.25,424,178.253585
2023-10-10 11:30:00+00:00,178.49,178.49,178.3,87,178.3,6402,178.341696
2023-10-10 11:34:00+00:00,178.47,178.47,178.47,7,178.47,225,178.472178
2023-10-10 11:35:00+00:00,178.4,178.45,178.4,75,178.45,3833,178.436715
2023-10-10 11:36:00+00:00,178.4,178.4,178.3,72,178.35,4766,178.324354
2023-10-10 11:38:00+00:00,178.4,178.51,178.4,82,178.5,4856,178.430449
2023-10-10 11:39:00+00:00,178.4,178.4,178.4,66,178.4,2997,178.398962
2023-10-10 11:41:00+00:00,178.36,178.41,178.36,17,178.41,632,178.39231
2023-10-10 11:43:00+00:00,178.4,178.4,178.4,7,178.4,123,178.398293
2023-10-10 11:44:00+00:00,178.35,178.35,178.35,10,178.35,151,178.350132
2023-10-10 11:45:00+00:00,178.33,178.33,178.3,78,178.32,2256,178.299978
2023-10-10 11:46:00+00:00,178.25,178.25,178.25,27,178.25,881,178.251101
2023-10-10 11:48:00+00:00,178.21,178.21,178.19,34,178.21,2253,178.20249
2023-10-10 11:49:00+00:00,177.84,178.16,177.84,287,178.16,16687,178.019131
2023-10-10 11:50:00+00:00,178.0,178.0,177.92,59,177.92,2165,177.949626
2023-10-10 11:51:00+00:00,177.94,178.0,177.94,82,178.0,2898,177.971477
2023-10-10 11:52:00+00:00,177.95,178.0,177.95,43,177.96,1788,177.973317
2023-10-10 11:53:00+00:00,177.95,177.95,177.94,42,177.95,2411,177.947922
2023-10-10 11:54:00+00:00,177.94,177.95,177.94,103,177.95,7602,177.941383
2023-10-10 11:55:00+00:00,177.94,177.95,177.94,34,177.94,1685,177.936439
2023-10-10 11:56:00+00:00,177.85,177.9,177.85,158,177.9,9515,177.869654
2023-10-10 11:57:00+00:00,177.8,177.82,177.8,89,177.82,6795,177.802316
2023-10-10 11:58:00+00:00,177.7,177.8,177.7,104,177.8,5414,177.751407
2023-10-10 12:00:00+00:00,177.78,179.0,177.75,451,178.25,45030,178.347688
2023-10-10 12:01:00+00:00,177.9145,179.11,177.7,687,178.85,6764,178.516219
2023-10-10 12:02:00+00:00,178.53,178.91,177.72,673,178.6,17073,178.262032
2023-10-10 12:03:00+00:00,177.94,178.89,177.75,663,177.85,20257,178.230314
2023-10-10 12:04:00+00:00,177.83,177.83,177.83,27,177.83,846,177.845805
2023-10-10 12:05:00+00:00,178.01,178.09,177.94,75,177.94,6227,178.073479
2023-10-10 12:06:00+00:00,178.15,178.18,178.1,75,178.12,5812,178.146351
2023-10-10 12:07:00+00:00,177.92,178.03,177.9,77,178.01,4721,177.946617
2023-10-10 12:08:00+00:00,178.07,178.12,178.0,36,178.006,2780,178.082138
2023-10-10 12:09:00+00:00,178.1,178.1,178.08,27,178.08,3555,178.081317
2023-10-10 12:10:00+00:00,178.08,178.08,178.08,12,178.08,344,178.088983
2023-10-10 12:11:00+00:00,178.15,178.15,178.08,19,178.1,2745,178.109346
2023-10-10 12:13:00+00:00,178.14,178.14,178.14,31,178.14,776,178.153809
2023-10-10 12:14:00+00:00,178.1,178.1,178.1,18,178.1,208,178.102976
2023-10-10 12:15:00+00:00,178.19,178.19,178.1898,24,178.1898,885,178.178701
2023-10-10 12:16:00+00:00,178.17,178.17,178.1,27,178.1,631,178.132932
2023-10-10 12:17:00+00:00,178.11,178.17,178.11,37,178.17,990,178.113672
2023-10-10 12:18:00+00:00,178.1,178.1,178.1,30,178.1,628,178.099707
2023-10-10 12:19:00+00:00,178.13,178.16,178.0808,21,178.16,708,178.117436
2023-10-10 12:20:00+00:00,178.18,178.18,178.13,19,178.13,2268,178.151506
2023-10-10 12:21:00+00:00,178.15,178.1769,178.12,23,178.14,1685,178.142661
2023-10-10 12:22:00+00:00,178.19,178.19,178.17,31,178.17,871,178.183817
2023-10-10 12:23:00+00:00,178.29,178.29,178.2,46,178.2,2588,178.239587
2023-10-10 12:25:00+00:00,178.24,178.2833,178.24,28,178.25,1422,178.257005
2023-10-10 12:26:00+00:00,178.25,178.25,178.25,27,178.25,881,178.248899
2023-10-10 12:27:00+00:00,178.29,178.29,178.29,22,178.29,518,178.287703
2023-10-10 12:28:00+00:00,178.2,178.29,178.2,54,178.29,2005,178.258125
2023-10-10 12:29:00+00:00,178.29,178.3,178.25,42,178.25,2987,178.287236
2023-10-10 12:30:00+00:00,178.3,178.3,178.3,38,178.3,954,178.312039
2023-10-10 12:31:00+00:00,178.3,178.31,178.29,49,178.31,2345,178.310641
2023-10-10 12:32:00+00:00,178.3442,178.35,178.3,22,178.35,545,178.333807
2023-10-10 12:33:00+00:00,178.3,178.3765,178.2801,29,178.2801,3107,178.31414
2023-10-10 12:35:00+00:00,178.36,178.36,178.36,36,178.36,832,178.348518
2023-10-10 12:36:00+00:00,178.32,178.32,178.3,13,178.3,273,178.312289
2023-10-10 12:37:00+00:00,178.3,178.32,178.3,48,178.32,2514,178.304672
2023-10-10 12:38:00+00:00,178.35,178.35,178.24,66,178.25,3402,178.269776
2023-10-10 12:39:00+00:00,178.2513,178.2513,178.2513,30,178.2513,503,178.285388
2023-10-10 12:40:00+00:00,178.25,178.25,178.25,24,178.25,485,178.267572
2023-10-10 12:42:00+00:00,178.25,178.25,178.25,32,178.25,554,178.253457
2023-10-10 12:43:00+00:00,178.3,178.3,178.3,42,178.3,2528,178.296895
2023-10-10 12:45:00+00:00,178.26,178.3,178.26,29,178.3,1517,178.293128
2023-10-10 12:46:00+00:00,178.14,178.25,178.14,82,178.25,3930,178.212915
2023-10-10 12:47:00+00:00,178.0,178.16,178.0,134,178.16,5639,178.065108
2023-10-10 12:48:00+00:00,178.02,178.08,178.02,32,178.05,2144,178.057482
2023-10-10 12:49:00+00:00,178.16,178.16,178.07,40,178.07,2407,178.102481
2023-10-10 12:50:00+00:00,178.18,178.18,178.07,67,178.08,3462,178.130437
2023-10-10 12:51:00+00:00,178.1,178.1,178.1,29,178.1,1510,178.101821
2023-10-10 12:52:00+00:00,178.3,178.3,178.23,58,178.23,1819,178.25227
2023-10-10 12:53:00+00:00,178.21,178.21,178.15,43,178.15,3074,178.172762
2023-10-10 12:54:00+00:00,178.35,178.35,178.2,70,178.2,4558,178.289838
2023-10-10 12:55:00+00:00,178.25,178.35,178.25,80,178.34,5418,178.297167
2023-10-10 12:56:00+00:00,178.18,178.25,178.18,91,178.25,12138,178.234629
2023-10-10 12:57:00+00:00,178.21,178.22,178.12,41,178.2197,3743,178.183981
2023-10-10 12:58:00+00:00,178.15,178.25,178.11,100,178.11,5675,178.169281
2023-10-10 12:59:00+00:00,178.15,178.15,178.06,175,178.1,7091,178.100321
2023-10-10 13:00:00+00:00,177.95,178.04,177.95,144,178.03,6248,178.011603
2023-10-10 13:01:00+00:00,177.98,178.0,177.95,127,177.98,7636,177.97863
2023-10-10 13:02:00+00:00,178.04,178.04,177.97,70,177.97,5493,177.99601
2023-10-10 13:03:00+00:00,178.0206,178.0206,178.0206,48,178.0206,1147,178.076282
2023-10-10 13:04:00+00:00,178.13,178.15,178.13,62,178.13,1555,178.126023
2023-10-10 13:05:00+00:00,178.13,178.13,178.13,24,178.13,662,178.127757
2023-10-10 13:06:00+00:00,178.15,178.15,178.15,18,178.15,1332,178.14977
2023-10-10 13:07:00+00:00,178.18,178.18,178.15,42,178.15,1407,178.162129
2023-10-10 13:08:00+00:00,178.15,178.2,178.13,40,178.18,1194,178.161752
2023-10-10 13:09:00+00:00,178.15,178.15,178.13,76,178.14,3557,178.143483
2023-10-10 13:10:00+00:00,178.19,178.19,178.15,18,178.15,787,178.172897
2023-10-10 13:11:00+00:00,178.19,178.2,178.183,24,178.183,946,178.190301
2023-10-10 13:12:00+00:00,178.2,178.2,178.1995,33,178.1995,397,178.182007
2023-10-10 13:13:00+00:00,178.2,178.25,178.19,69,178.19,4840,178.224478
2023-10-10 13:14:00+00:00,178.33,178.33,178.2488,84,178.3,2320,178.296686
2023-10-10 13:15:00+00:00,178.33,178.33,178.32,58,178.33,2538,178.319033
2023-10-10 13:16:00+00:00,178.21,178.23,178.21,60,178.23,2598,178.220146
2023-10-10 13:18:00+00:00,178.2199,178.22,178.1801,35,178.1801,1771,178.193756
2023-10-10 13:19:00+00:00,178.28,178.28,178.28,81,178.28,2632,178.280247
2023-10-10 13:20:00+00:00,178.21,178.3,178.21,98,178.25,2795,178.271792
2023-10-10 13:21:00+00:00,178.29,178.3462,178.22,21,178.3462,807,178.304102
2023-10-10 13:22:00+00:00,178.23,178.3,178.22,61,178.25,3655,178.265737
2023-10-10 13:23:00+00:00,178.17,178.26,178.17,69,178.26,10320,178.205344
2023-10-10 13:24:00+00:00,178.0385,178.13,178.0,156,178.13,6432,178.033836
2023-10-10 13:25:00+00:00,178.0,178.07,177.85,198,178.04,13873,177.951078
2023-10-10 13:26:00+00:00,178.0003,178.04,177.97,132,178.03,7297,178.015752
2023-10-10 13:27:00+00:00,178.14,178.14,177.98,258,178.02,16012,178.063032
2023-10-10 13:28:00+00:00,178.1,178.11,178.07,61,178.08,3068,178.098591
2023-10-10 13:29:00+00:00,178.1,178.14,177.9,136,178.1,10410,178.054608
2023-10-10 13:30:00+00:00,178.54,178.65,178.1,7317,178.1,812099,178.27432
2023-10-10 13:31:00+00:00,178.98,179.05,178.52,2840,178.53,261213,178.856824
2023-10-10 13:32:00+00:00,178.8627,179.01,178.73,2036,178.965,198501,178.855648
2023-10-10 13:33:00+00:00,178.8252,179.16,178.72,2450,178.87,225230,178.99616
2023-10-10 13:34:00+00:00,178.49,178.84,178.44,2236,178.795,201806,178.669016
2023-10-10 13:35:00+00:00,178.628,178.73,178.451,1828,178.5,173555,178.611442
2023-10-10 13:36:00+00:00,178.37,178.66,178.3386,2016,178.64,164830,178.476889
2023-10-10 13:37:00+00:00,178.52,178.55,178.33,1483,178.3624,148193,178.47137
2023-10-10 13:38:00+00:00,178.36,178.55,178.27,2112,178.51,165921,178.399382
2023-10-10 13:39:00+00:00,178.36,178.42,178.291,1228,178.345,108634,178.346443
2023-10-10 13:40:00+00:00,178.3,178.44,178.3,1411,178.3582,111741,178.370032
2023-10-10 13:41:00+00:00,178.43,178.549,178.19,1634,178.3036,151661,178.381707
2023-10-10 13:42:00+00:00,178.4576,178.51,178.405,1306,178.4282,94262,178.45449
2023-10-10 13:43:00+00:00,178.465,178.48,178.35,1579,178.44,146860,178.426687
2023-10-10 13:44:00+00:00,178.29,178.4699,178.28,1586,178.4699,112027,178.38491
2023-10-10 13:45:00+00:00,178.305,178.41,178.21,1947,178.285,138369,178.305082
2023-10-10 13:46:00+00:00,178.35,178.41,178.275,2484,178.3001,93531,178.365247
2023-10-10 13:47:00+00:00,178.38,178.4552,178.32,2198,178.34,116462,178.39828
2023-10-10 13:48:00+00:00,178.1501,178.38,178.12,2411,178.37,142636,178.253563
2023-10-10 13:49:00+00:00,178.21,178.35,178.158,2439,178.16,126058,178.256848
2023-10-10 13:50:00+00:00,178.15,178.27,178.14,2231,178.22,106415,178.206087
2023-10-10 13:51:00+00:00,178.44,178.45,178.12,2385,178.15,132023,178.3088
2023-10-10 13:52:00+00:00,178.345,178.51,178.34,2412,178.43,128505,178.440717
2023-10-10 13:53:00+00:00,178.43,178.46,178.31,2069,178.34,79800,178.406415
2023-10-10 13:54:00+00:00,178.45,178.465,178.36,2184,178.43,111700,178.41672
2023-10-10 13:55:00+00:00,178.46,178.51,178.435,2365,178.45,152682,178.474957
2023-10-10 13:56:00+00:00,178.36,178.46,178.32,2084,178.46,92179,178.384177
2023-10-10 13:57:00+00:00,178.47,178.5,178.34,1909,178.36,64879,178.432305
2023-10-10 13:58:00+00:00,178.4985,178.51,178.4,1913,178.473,96784,178.457582
2023-10-10 13:59:00+00:00,178.63,178.64,178.475,2784,178.491,249617,178.563141
2023-10-10 14:00:00+00:00,178.8619,178.93,178.625,3173,178.63,228717,178.786268
2023-10-10 14:01:00+00:00,178.7899,178.88,178.76,2519,178.87,95223,178.820297
2023-10-10 14:02:00+00:00,178.8,178.85,178.7622,2286,178.785,90481,178.811087
2023-10-10 14:03:00+00:00,178.9,178.9458,178.78,2649,178.8,120571,178.887466
2023-10-10 14:04:00+00:00,178.81,178.91,178.81,2443,178.9,90148,178.871335
2023-10-10 14:05:00+00:00,178.73,178.83,178.72,2474,178.81,82667,178.761861
2023-10-10 14:06:00+00:00,178.62,178.76,178.58,3422,178.73,204315,178.680186
2023-10-10 14:07:00+00:00,178.6,178.6701,178.6,2126,178.62,58805,178.645977
2023-10-10 14:08:00+00:00,178.5388,178.6272,178.5,2471,178.61,114912,178.563694
2023-10-10 14:09:00+00:00,178.475,178.59,178.46,2353,178.535,89616,178.536787
2023-10-10 14:10:00+00:00,178.51,178.51,178.3844,2403,178.48,123777,178.459409
2023-10-10 14:11:00+00:00,178.39,178.57,178.35,2639,178.51,200363,178.478867
2023-10-10 14:12:00+00:00,178.43,178.4597,178.35,1979,178.39,128038,178.405962
2023-10-10 14:13:00+00:00,178.6193,178.63,178.42,2033,178.42,100856,178.51966
2023-10-10 14:14:00+00:00,178.64,178.66,178.54,1976,178.6299,107250,178.597441
2023-10-10 14:15:00+00:00,178.645,178.73,178.63,1947,178.64,110838,178.683055
2023-10-10 14:16:00+00:00,178.66,178.72,178.59,1856,178.6503,121541,178.635162
2023-10-10 14:17:00+00:00,178.755,178.77,178.64,1627,178.6625,89933,178.714223
2023-10-10 14:18:00+00:00,178.8725,178.88,178.731,1624,178.75,50489,178.808665
2023-10-10 14:19:00+00:00,178.97,179.03,178.87,2990,178.879,210683,178.97051
2023-10-10 14:20:00+00:00,178.8474,178.97,178.81,2133,178.96,120368,178.881136
2023-10-10 14:21:00+00:00,178.89,178.91,178.81,1985,178.85,95751,178.858061
2023-10-10 14:22:00+00:00,178.81,178.9,178.77,2050,178.8891,78085,178.813884
2023-10-10 14:23:00+00:00,178.98,179.0,178.77,2083,178.805,83139,178.880486
2023-10-10 14:24:00+00:00,179.03,179.04,178.979,2419,178.98,131744,179.010828
2023-10-10 14:25:00+00:00,179.05,179.09,178.97,2625,179.03,134556,179.029777
2023-10-10 14:26:00+00:00,179.15,179.16,179.0423,2750,179.0423,163880,179.112851
2023-10-10 14:27:00+00:00,179.26,179.31,179.14,2928,179.1491,187098,179.23927
2023-10-10 14:28:00+00:00,179.27,179.3,179.22,2165,179.26,100039,179.272146
2023-10-10 14:29:00+00:00,179.1851,179.3,179.17,2652,179.28,183996,179.231294
2023-10-10 14:30:00+00:00,179.18,179.27,179.17,2197,179.191,111358,179.218662
2023-10-10 14:31:00+00:00,179.07,179.19,179.04,2258,179.18,90843,179.095171
2023-10-10 14:32:00+00:00,179.2399,179.24,179.0799,2166,179.09,86770,179.173747
2023-10-10 14:33:00+00:00,179.2552,179.33,179.23,2374,179.25,111182,179.267481
2023-10-10 14:34:00+00:00,179.26,179.36,179.25,2026,179.26,83679,179.312305
2023-10-10 14:35:00+00:00,179.29,179.37,179.27,2132,179.27,106072,179.33113
2023-10-10 14:36:00+00:00,179.38,179.39,179.29,2039,179.295,76559,179.31799
2023-10-10 14:37:00+00:00,179.36,179.4,179.34,1915,179.37,85197,179.373192
2023-10-10 14:38:00+00:00,179.36,179.43,179.3,2125,179.37,79384,179.367928
2023-10-10 14:39:00+00:00,179.245,179.4,179.245,2056,179.365,93204,179.320178
2023-10-10 14:40:00+00:00,179.35,179.38,179.2429,1962,179.2469,108175,179.309191
2023-10-10 14:41:00+00:00,179.395,179.43,179.34,2224,179.34,116515,179.39717
2023-10-10 14:42:00+00:00,179.3956,179.43,179.35,1836,179.3997,81761,179.399161
2023-10-10 14:43:00+00:00,179.295,179.39,179.27,1690,179.39,99739,179.315171
2023-10-10 14:44:00+00:00,179.255,179.35,179.25,1836,179.3,92454,179.30072
2023-10-10 14:45:00+00:00,179.1842,179.29,179.17,2108,179.265,130744,179.21464
2023-10-10 14:46:00+00:00,179.2055,179.215,179.1,2267,179.19,133803,179.148689
2023-10-10 14:47:00+00:00,179.155,179.2599,179.15,2043,179.205,83606,179.207125
2023-10-10 14:48:00+00:00,179.15,179.2,179.15,2085,179.155,79250,179.177011
2023-10-10 14:49:00+00:00,179.215,179.22,179.1201,2518,179.15,127761,179.147595
2023-10-10 14:50:00+00:00,179.28,179.3,179.21,2156,179.21,88709,179.258098
2023-10-10 14:51:00+00:00,179.32,179.34,179.26,1962,179.275,63981,179.290039
2023-10-10 14:52:00+00:00,179.3759,179.39,179.25,2043,179.31,71359,179.324575
2023-10-10 14:53:00+00:00,179.32,179.39,179.28,2038,179.39,73608,179.316907
2023-10-10 14:54:00+00:00,179.37,179.3703,179.23,2187,179.3101,85989,179.316727
2023-10-10 14:55:00+00:00,179.32,179.38,179.31,2221,179.37,100042,179.340211
2023-10-10 14:56:00+00:00,179.265,179.32,179.26,1904,179.315,46394,179.286142
2023-10-10 14:57:00+00:00,179.339,179.34,179.25,1832,179.275,50501,179.288227
2023-10-10 14:58:00+00:00,179.36,179.36,179.29,1694,179.345,44480,179.324196
2023-10-10 14:59:00+00:00,179.32,179.39,179.3093,1859,179.355,75261,179.357125
2023-10-10 15:00:00+00:00,179.31,179.345,179.27,2008,179.33,67060,179.305982
2023-10-10 15:01:00+00:00,179.42,179.4267,179.28,2010,179.31,88245,179.35555
2023-10-10 15:02:00+00:00,179.435,179.45,179.39,1969,179.4157,81947,179.420648
2023-10-10 15:03:00+00:00,179.44,179.47,179.42,1856,179.44,78481,179.447072
2023-10-10 15:04:00+00:00,179.535,179.55,179.4201,2557,179.44,215275,179.431974
2023-10-10 15:05:00+00:00,179.48,179.5399,179.465,2083,179.5399,94964,179.50333
2023-10-10 15:06:00+00:00,179.4,179.4701,179.38,1987,179.4701,100797,179.420347
2023-10-10 15:07:00+00:00,179.425,179.47,179.33,2175,179.4,89456,179.392617
2023-10-10 15:08:00+00:00,179.255,179.62,179.25,3226,179.43,204584,179.458252
2023-10-10 15:09:00+00:00,179.18,179.3,179.13,2525,179.26,132706,179.202166
2023-10-10 15:10:00+00:00,179.2029,179.22,179.13,1980,179.19,85242,179.187722
2023-10-10 15:11:00+00:00,179.195,179.25,179.19,1940,179.215,54057,179.227807
2023-10-10 15:12:00+00:00,179.2843,179.3,179.199,1892,179.199,140265,179.310339
2023-10-10 15:13:00+00:00,179.4537,179.47,179.283,2026,179.29,81567,179.361327
2023-10-10 15:14:00+00:00,179.485,179.51,179.42,1916,179.4557,66922,179.459793
2023-10-10 15:15:00+00:00,179.585,179.68,179.44,3161,179.48,169472,179.550672
2023-10-10 15:16:00+00:00,179.67,179.68,179.58,2118,179.585,100508,179.638761
2023-10-10 15:17:00+00:00,179.62,179.665,179.5903,2006,179.665,74251,179.632384
2023-10-10 15:18:00+00:00,179.56,179.64,179.5501,1783,179.635,65836,179.575498
2023-10-10 15:19:00+00:00,179.61,179.62,179.56,1659,179.56,49460,179.586019
2023-10-10 15:20:00+00:00,179.545,179.62,179.5348,1740,179.61,50109,179.588517
2023-10-10 15:21:00+00:00,179.58,179.61,179.5101,1733,179.54,58570,179.577066
2023-10-10 15:22:00+00:00,179.575,179.5816,179.5285,1610,179.58,50406,179.551653
2023-10-10 15:23:00+00:00,179.545,179.58,179.54,1566,179.58,53862,179.558046
2023-10-10 15:24:00+00:00,179.58,179.6199,179.52,1726,179.545,73497,179.566982
2023-10-10 15:25:00+00:00,179.5299,179.6,179.4517,1759,179.59,102162,179.52717
2023-10-10 15:26:00+00:00,179.555,179.58,179.475,1388,179.53,46094,179.522177
2023-10-10 15:27:00+00:00,179.57,179.6,179.505,1698,179.56,91395,179.560857
2023-10-10 15:28:00+00:00,179.525,179.57,179.495,1732,179.56,70451,179.519805
2023-10-10 15:29:00+00:00,179.48,179.52,179.45,1306,179.52,58763,179.485499
2023-10-10 15:30:00+00:00,179.45,179.53,179.45,778,179.485,67650,179.48828
2023-10-10 15:31:00+00:00,179.4698,179.5,179.4,1121,179.45,94317,179.452171
2023-10-10 15:32:00+00:00,179.515,179.52,179.445,912,179.47,76097,179.488895
2023-10-10 15:33:00+00:00,179.445,179.53,179.42,803,179.52,53383,179.474445
2023-10-10 15:34:00+00:00,179.49,179.54,179.38,1409,179.44,108087,179.438139
2023-10-10 15:35:00+00:00,179.51,179.52,179.4598,823,179.485,65833,179.489432
2023-10-10 15:36:00+00:00,179.36,179.56,179.34,981,179.5,106187,179.456547
2023-10-10 15:37:00+00:00,179.51,179.5299,179.37,761,179.37,49191,179.460552
2023-10-10 15:38:00+00:00,179.505,179.52,179.46,525,179.501,29178,179.495154
2023-10-10 15:39:00+00:00,179.5024,179.53,179.4819,538,179.51,36287,179.506445
2023-10-10 15:40:00+00:00,179.5,179.51,179.47,645,179.505,37460,179.487886
2023-10-10 15:41:00+00:00,179.565,179.57,179.48,817,179.5,71728,179.529874
2023-10-10 15:42:00+00:00,179.5795,179.59,179.525,740,179.56,48047,179.559698
2023-10-10 15:43:00+00:00,179.5726,179.635,179.56,957,179.58,80412,179.606591
2023-10-10 15:44:00+00:00,179.615,179.64,179.54,753,179.57,48335,179.591499
2023-10-10 15:45:00+00:00,179.61,179.65,179.59,819,179.64,63616,179.627874
2023-10-10 15:46:00+00:00,179.555,179.61,179.53,829,179.61,62651,179.567641
2023-10-10 15:47:00+00:00,179.59,179.59,179.5492,529,179.56,33111,179.565427
2023-10-10 15:48:00+00:00,179.5408,179.59,179.53,594,179.58,39385,179.557909
2023-10-10 15:49:00+00:00,179.56,179.58,179.53,565,179.545,46550,179.55665
2023-10-10 15:50:00+00:00,179.59,179.6,179.55,518,179.56,36563,179.57786
2023-10-10 15:51:00+00:00,179.61,179.62,179.575,588,179.58,38623,179.59241
2023-10-10 15:52:00+00:00,179.635,179.65,179.605,591,179.61,42109,179.631727
2023-10-10 15:53:00+00:00,179.64,179.65,179.58,702,179.63,60318,179.610217
2023-10-10 15:54:00+00:00,179.63,179.64,179.62,539,179.63,34404,179.629551
2023-10-10 15:55:00+00:00,179.575,179.62,179.54,903,179.62,76127,179.573598
2023-10-10 15:56:00+00:00,179.65,179.67,179.575,927,179.58,79232,179.636278
2023-10-10 15:57:00+00:00,179.6299,179.675,179.611,686,179.66,56281,179.656341
2023-10-10 15:58:00+00:00,179.58,179.63,179.555,517,179.62,39370,179.605029
2023-10-10 15:59:00+00:00,179.565,179.595,179.5377,638,179.585,48110,179.567246
2023-10-10 16:00:00+00:00,179.49,179.58,179.48,813,179.56,49305,179.528868
2023-10-10 16:01:00+00:00,179.5299,179.56,179.49,568,179.49,35622,179.521908
2023-10-10 16:02:00+00:00,179.56,179.57,179.51,862,179.53,63014,179.541245
2023-10-10 16:03:00+00:00,179.525,179.58,179.5195,524,179.56,32174,179.548183
2023-10-10 16:04:00+00:00,179.53,179.56,179.51,499,179.53,39888,179.531071
2023-10-10 16:05:00+00:00,179.52,179.565,179.5,621,179.53,41623,179.525089
2023-10-10 16:06:00+00:00,179.6,179.61,179.53,544,179.53,33606,179.569593
2023-10-10 16:07:00+00:00,179.58,179.6295,179.575,552,179.6,42760,179.594423
2023-10-10 16:08:00+00:00,179.52,179.5707,179.51,558,179.57,44468,179.551466
2023-10-10 16:09:00+00:00,179.58,179.6083,179.52,487,179.5201,32885,179.576846
2023-10-10 16:10:00+00:00,179.59,179.61,179.56,429,179.58,31753,179.587291
2023-10-10 16:11:00+00:00,179.555,179.589,179.54,531,179.58,32112,179.562546
2023-10-10 16:12:00+00:00,179.56,179.6,179.55,489,179.555,35150,179.570869
2023-10-10 16:13:00+00:00,179.618,179.66,179.56,786,179.56,59228,179.619427
2023-10-10 16:14:00+00:00,179.61,179.6307,179.58,573,179.615,46609,179.601425
2023-10-10 16:15:00+00:00,179.64,179.6567,179.59,619,179.62,43438,179.625134
2023-10-10 16:16:00+00:00,179.6576,179.66,179.615,604,179.64,48721,179.639462
2023-10-10 16:17:00+00:00,179.61,179.66,179.6,689,179.655,46220,179.62912
2023-10-10 16:18:00+00:00,179.675,179.68,179.5954,706,179.61,55938,179.635968
2023-10-10 16:19:00+00:00,179.705,179.72,179.68,964,179.68,69882,179.700861
2023-10-10 16:20:00+00:00,179.605,179.705,179.59,773,179.705,62531,179.653459
2023-10-10 16:21:00+00:00,179.5192,179.6101,179.51,1056,179.6,89612,179.546992
2023-10-10 16:22:00+00:00,179.485,179.56,179.44,1031,179.52,74870,179.501282
2023-10-10 16:23:00+00:00,179.51,179.52,179.47,650,179.49,49121,179.493293
2023-10-10 16:24:00+00:00,179.56,179.56,179.495,488,179.5,40486,179.52566
2023-10-10 16:25:00+00:00,179.59,179.59,179.52,594,179.56,46996,179.557254
2023-10-10 16:26:00+00:00,179.617,179.63,179.575,498,179.59,37256,179.603907
2023-10-10 16:27:00+00:00,179.625,179.66,179.611,554,179.6172,30372,179.63575
2023-10-10 16:28:00+00:00,179.5638,179.65,179.5638,521,179.63,31299,179.616772
2023-10-10 16:29:00+00:00,179.6101,179.62,179.575,386,179.58,22739,179.598038
2023-10-10 16:30:00+00:00,179.61,179.64,179.5901,474,179.62,38868,179.608767
2023-10-10 16:31:00+00:00,179.67,179.69,179.6,537,179.61,32781,179.659332
2023-10-10 16:32:00+00:00,179.65,179.69,179.63,413,179.6699,24918,179.664104
2023-10-10 16:33:00+00:00,179.63,179.66,179.61,488,179.66,29533,179.645664
2023-10-10 16:34:00+00:00,179.5896,179.6399,179.58,535,179.6301,35453,179.611112
2023-10-10 16:35:00+00:00,179.535,179.6,179.52,573,179.59,42403,179.568867
2023-10-10 16:36:00+00:00,179.47,179.555,179.47,657,179.53,47417,179.505895
2023-10-10 16:37:00+00:00,179.39,179.48,179.35,830,179.475,68876,179.415576
2023-10-10 16:38:00+00:00,179.4401,179.46,179.3601,665,179.3901,63301,179.407706
2023-10-10 16:39:00+00:00,179.43,179.46,179.41,502,179.445,34694,179.434777
2023-10-10 16:40:00+00:00,179.4401,179.47,179.4123,470,179.44,38934,179.445752
2023-10-10 16:41:00+00:00,179.41,179.46,179.4,629,179.45,51062,179.439198
2023-10-10 16:42:00+00:00,179.435,179.44,179.38,626,179.41,48049,179.4109
2023-10-10 16:43:00+00:00,179.42,179.435,179.383,654,179.4301,50083,179.404999
2023-10-10 16:44:00+00:00,179.4998,179.52,179.42,753,179.42,64748,179.472675
2023-10-10 16:45:00+00:00,179.5,179.51,179.475,400,179.5,31477,179.498818
2023-10-10 16:46:00+00:00,179.54,179.56,179.49,602,179.49,44751,179.533173
2023-10-10 16:47:00+00:00,179.54,179.55,179.49,521,179.53,26739,179.521012
2023-10-10 16:48:00+00:00,179.4103,179.54,179.41,703,179.54,118855,179.49662
2023-10-10 16:49:00+00:00,179.41,179.47,179.4011,902,179.42,72478,179.428895
2023-10-10 16:50:00+00:00,179.5,179.5,179.39,607,179.4099,61421,179.437037
2023-10-10 16:51:00+00:00,179.58,179.58,179.5,596,179.5,62106,179.536748
2023-10-10 16:52:00+00:00,179.6018,179.64,179.5686,578,179.5686,42858,179.608561
2023-10-10 16:53:00+00:00,179.6101,179.65,179.6,555,179.61,57323,179.621764
2023-10-10 16:54:00+00:00,179.63,179.65,179.59,605,179.615,42980,179.620392
2023-10-10 16:55:00+00:00,179.53,179.64,179.52,505,179.62,33114,179.600995
2023-10-10 16:56:00+00:00,179.53,179.5401,179.485,645,179.5197,43180,179.511658
2023-10-10 16:57:00+00:00,179.54,179.58,179.52,604,179.528,43505,179.546985
2023-10-10 16:58:00+00:00,179.48,179.54,179.44,594,179.53,34234,179.495632
2023-10-10 16:59:00+00:00,179.51,179.52,179.455,670,179.49,46404,179.493742
2023-10-10 17:00:00+00:00,179.42,179.5,179.405,714,179.5,76904,179.450061
2023-10-10 17:01:00+00:00,179.3012,179.415,179.25,1099,179.415,85886,179.309229
2023-10-10 17:02:00+00:00,179.28,179.36,179.28,743,179.3,60383,179.320495
2023-10-10 17:03:00+00:00,179.25,179.2901,179.23,694,179.285,53319,179.262836
2023-10-10 17:04:00+00:00,178.84,179.28,178.84,3649,179.26,338552,179.056552
2023-10-10 17:05:00+00:00,178.685,178.8699,178.655,1931,178.83,183625,178.750808
2023-10-10 17:06:00+00:00,178.85,178.915,178.63,2268,178.685,208391,178.779427
2023-10-10 17:07:00+00:00,178.84,178.94,178.82,917,178.835,88498,178.874228
2023-10-10 17:08:00+00:00,178.67,178.9,178.65,1458,178.85,150340,178.753179
2023-10-10 17:09:00+00:00,178.62,178.72,178.5456,1545,178.68,158576,178.613117
2023-10-10 17:10:00+00:00,178.65,178.69,178.59,1116,178.61,97795,178.639014
2023-10-10 17:11:00+00:00,178.565,178.6699,178.54,924,178.64,73920,178.6047
2023-10-10 17:12:00+00:00,178.34,178.565,178.29,2066,178.565,210795,178.430226
2023-10-10 17:13:00+00:00,178.4187,178.4689,178.33,936,178.35,101107,178.410852
2023-10-10 17:14:00+00:00,178.32,178.43,178.3,1009,178.4,93843,178.353076
2023-10-10 17:15:00+00:00,178.25,178.32,178.17,1814,178.315,184852,178.236964
2023-10-10 17:16:00+00:00,178.315,178.365,178.22,1282,178.25,137514,178.30317
2023-10-10 17:17:00+00:00,178.25,178.31,178.195,987,178.31,96475,178.253183
2023-10-10 17:18:00+00:00,178.3599,178.379,178.24,872,178.255,91955,178.309983
2023-10-10 17:19:00+00:00,178.3209,178.37,178.29,746,178.37,62761,178.330636
2023-10-10 17:20:00+00:00,178.571,178.6,178.27,1097,178.32,115843,178.461307
2023-10-10 17:21:00+00:00,178.49,178.63,178.46,1067,178.58,117821,178.54468
2023-10-10 17:22:00+00:00,178.54,178.56,178.49,688,178.5053,53388,178.520453
2023-10-10 17:23:00+00:00,178.5,178.58,178.5,581,178.5346,46409,178.540048
2023-10-10 17:24:00+00:00,178.38,178.5199,178.351,970,178.5137,78971,178.436346
2023-10-10 17:25:00+00:00,178.21,178.38,178.14,1457,178.3625,181194,178.229401
2023-10-10 17:26:00+00:00,178.3001,178.3001,178.169,769,178.22,103950,178.245324
2023-10-10 17:27:00+00:00,178.33,178.37,178.21,588,178.3099,71534,178.29904
2023-10-10 17:28:00+00:00,178.37,178.39,178.32,553,178.3252,69570,178.354245
2023-10-10 17:29:00+00:00,178.45,178.47,178.3506,603,178.3641,74783,178.423322
2023-10-10 17:30:00+00:00,178.5473,178.5759,178.41,1423,178.46,159153,178.517532
2023-10-10 17:31:00+00:00,178.51,178.5444,178.4517,952,178.53,74242,178.500481
2023-10-10 17:32:00+00:00,178.2277,178.52,178.22,878,178.5001,86937,178.357105
2023-10-10 17:33:00+00:00,178.335,178.38,178.23,834,178.2318,82283,178.305169
2023-10-10 17:34:00+00:00,178.27,178.35,178.2349,666,178.34,56699,178.28863
2023-10-10 17:35:00+00:00,178.3801,178.4156,178.27,685,178.2799,83591,178.368751
2023-10-10 17:36:00+00:00,178.3729,178.41,178.3202,643,178.3829,55394,178.378769
2023-10-10 17:37:00+00:00,178.4844,178.52,178.35,764,178.39,80240,178.429216
2023-10-10 17:38:00+00:00,178.4,178.5,178.34,741,178.49,83149,178.422037
2023-10-10 17:39:00+00:00,178.355,178.405,178.29,661,178.4,54761,178.33963
2023-10-10 17:40:00+00:00,178.375,178.39,178.32,522,178.3699,36072,178.361078
2023-10-10 17:41:00+00:00,178.38,178.39,178.32,536,178.3607,61518,178.3594
2023-10-10 17:42:00+00:00,178.36,178.4,178.35,592,178.39,47935,178.374325
2023-10-10 17:43:00+00:00,178.38,178.3999,178.34,647,178.36,48658,178.373555
2023-10-10 17:44:00+00:00,178.44,178.5,178.3844,727,178.3844,84314,178.442924
2023-10-10 17:45:00+00:00,178.3296,178.46,178.32,857,178.445,92174,178.396121
2023-10-10 17:46:00+00:00,178.34,178.385,178.32,538,178.33,48876,178.35941
2023-10-10 17:47:00+00:00,178.35,178.37,178.3,661,178.345,67147,178.335514
2023-10-10 17:48:00+00:00,178.42,178.46,178.31,779,178.342,77916,178.38148
2023-10-10 17:49:00+00:00,178.381,178.41,178.3594,562,178.41,55873,178.377043
2023-10-10 17:50:00+00:00,178.31,178.39,178.25,971,178.37,84463,178.308159
2023-10-10 17:51:00+00:00,178.29,178.36,178.28,658,178.31,51824,178.312654
2023-10-10 17:52:00+00:00,178.0571,178.32,178.04,1289,178.2955,124691,178.183949
2023-10-10 17:53:00+00:00,178.21,178.21,178.05,1432,178.051,161444,178.119818
2023-10-10 17:54:00+00:00,178.26,178.26,178.16,706,178.21,59775,178.224956
2023-10-10 17:55:00+00:00,178.399,178.41,178.24,829,178.255,88459,178.334625
2023-10-10 17:56:00+00:00,178.34,178.445,178.34,925,178.4,76876,178.399436
2023-10-10 17:57:00+00:00,178.41,178.455,178.36,529,178.36,47112,178.417707
2023-10-10 17:58:00+00:00,178.2999,178.43,178.29,672,178.4,56663,178.368296
2023-10-10 17:59:00+00:00,178.275,178.32,178.24,611,178.295,44609,178.273499
2023-10-10 18:00:00+00:00,178.2201,178.34,178.21,1328,178.27,114034,178.268653
2023-10-10 18:01:00+00:00,178.3603,178.3946,178.22,1029,178.22,95895,178.30906
2023-10-10 18:02:00+00:00,178.265,178.37,178.23,729,178.365,71941,178.315288
2023-10-10 18:03:00+00:00,178.27,178.29,178.23,614,178.27,53245,178.263935
2023-10-10 18:04:00+00:00,178.32,178.36,178.225,663,178.28,60840,178.290175
2023-10-10 18:05:00+00:00,178.24,178.33,178.2,851,178.3208,71729,178.279676
2023-10-10 18:06:00+00:00,178.265,178.3,178.235,563,178.24,51206,178.261825
2023-10-10 18:07:00+00:00,178.2,178.2623,178.1601,784,178.2623,76902,178.213129
2023-10-10 18:08:00+00:00,178.215,178.27,178.2,509,178.2,36979,178.229985
2023-10-10 18:09:00+00:00,178.155,178.23,178.13,649,178.21,67904,178.184255
2023-10-10 18:10:00+00:00,178.1909,178.23,178.12,659,178.16,54433,178.172147
2023-10-10 18:11:00+00:00,178.3,178.32,178.1739,656,178.2025,63581,178.243097
2023-10-10 18:12:00+00:00,178.285,178.32,178.26,511,178.2901,29699,178.292099
2023-10-10 18:13:00+00:00,178.215,178.2801,178.2,649,178.2801,40257,178.230301
2023-10-10 18:14:00+00:00,178.13,178.22,178.13,744,178.2103,49340,178.169547
2023-10-10 18:15:00+00:00,178.2,178.23,178.12,764,178.14,53696,178.170219
2023-10-10 18:16:00+00:00,178.2,178.28,178.19,924,178.2,87076,178.23717
2023-10-10 18:17:00+00:00,178.29,178.36,178.21,1256,178.225,99990,178.291341
2023-10-10 18:18:00+00:00,178.27,178.29,178.22,704,178.29,46074,178.248986
2023-10-10 18:19:00+00:00,178.28,178.33,178.2692,752,178.2692,62341,178.295485
2023-10-10 18:20:00+00:00,178.265,178.31,178.21,715,178.28,64593,178.271322
2023-10-10 18:21:00+00:00,178.22,178.31,178.2,688,178.265,60091,178.252332
2023-10-10 18:22:00+00:00,178.12,178.22,178.11,873,178.22,77044,178.151201
2023-10-10 18:23:00+00:00,178.105,178.166,178.1,803,178.12,58274,178.130829
2023-10-10 18:24:00+00:00,178.125,178.18,178.11,671,178.11,61411,178.145532
2023-10-10 18:25:00+00:00,178.01,178.1394,177.95,2068,178.13,174212,178.020555
2023-10-10 18:26:00+00:00,178.23,178.26,178.0201,978,178.025,100787,178.129196
2023-10-10 18:27:00+00:00,178.3145,178.38,178.225,900,178.23,105991,178.306153
2023-10-10 18:28:00+00:00,178.2404,178.35,178.2,709,178.33,82142,178.262105
2023-10-10 18:29:00+00:00,178.17,178.24,178.1203,696,178.24,65471,178.183232
2023-10-10 18:30:00+00:00,178.19,178.22,178.14,633,178.19,49562,178.179362
2023-10-10 18:31:00+00:00,178.26,178.27,178.17,693,178.19,45315,178.216231
2023-10-10 18:32:00+00:00,178.23,178.275,178.23,531,178.26,30961,178.254538
2023-10-10 18:33:00+00:00,178.27,178.27,178.2,542,178.22,29961,178.242054
2023-10-10 18:34:00+00:00,178.3,178.34,178.26,594,178.27,39749,178.307928
2023-10-10 18:35:00+00:00,178.28,178.39,178.26,801,178.2983,73245,178.3444
2023-10-10 18:36:00+00:00,178.17,178.3053,178.17,1563,178.29,123621,178.226956
2023-10-10 18:37:00+00:00,178.24,178.26,178.16,630,178.17,40629,178.212082
2023-10-10 18:38:00+00:00,178.27,178.29,178.23,707,178.245,56200,178.257648
2023-10-10 18:39:00+00:00,178.315,178.32,178.24,657,178.26,56138,178.279792
2023-10-10 18:40:00+00:00,178.2801,178.3,178.23,601,178.3,171608,178.253239
2023-10-10 18:41:00+00:00,178.29,178.33,178.27,707,178.29,59765,178.303653
2023-10-10 18:42:00+00:00,178.355,178.37,178.29,665,178.295,68818,178.339374
2023-10-10 18:43:00+00:00,178.405,178.43,178.33,910,178.36,101996,178.388044
2023-10-10 18:44:00+00:00,178.4,178.44,178.38,720,178.41,57430,178.407771
2023-10-10 18:45:00+00:00,178.45,178.47,178.3911,786,178.3923,80488,178.420917
2023-10-10 18:46:00+00:00,178.475,178.475,178.42,733,178.44,59365,178.453567
2023-10-10 18:47:00+00:00,178.44,178.485,178.41,768,178.48,69964,178.450356
2023-10-10 18:48:00+00:00,178.59,178.63,178.4401,1381,178.445,125815,178.547919
2023-10-10 18:49:00+00:00,178.445,178.6,178.38,1726,178.59,153642,178.466565
2023-10-10 18:50:00+00:00,178.32,178.46,178.3,940,178.45,77666,178.372774
2023-10-10 18:51:00+00:00,178.36,178.405,178.325,669,178.34,45098,178.369267
2023-10-10 18:52:00+00:00,178.34,178.41,178.32,707,178.355,57971,178.353431
2023-10-10 18:53:00+00:00,178.11,178.34,178.11,1682,178.34,146081,178.211398
2023-10-10 18:54:00+00:00,178.08,178.15,178.07,1011,178.12,80183,178.092518
2023-10-10 18:55:00+00:00,178.02,178.1182,177.97,1236,178.07,136563,178.03969
2023-10-10 18:56:00+00:00,178.0731,178.1,177.96,1036,178.02,98518,178.045588
2023-10-10 18:57:00+00:00,178.095,178.15,178.065,823,178.075,83597,178.110691
2023-10-10 18:58:00+00:00,178.14,178.14,178.085,628,178.1,44784,178.114128
2023-10-10 18:59:00+00:00,178.175,178.19,178.14,771,178.15,62868,178.164064
2023-10-10 19:00:00+00:00,178.21,178.225,178.13,783,178.175,56050,178.17633
2023-10-10 19:01:00+00:00,178.24,178.25,178.07,1628,178.215,130098,178.172617
2023-10-10 19:02:00+00:00,178.21,178.235,178.1903,597,178.235,49289,178.216614
2023-10-10 19:03:00+00:00,178.305,178.33,178.2,678,178.2,65784,178.25917
2023-10-10 19:04:00+00:00,178.305,178.34,178.28,597,178.31,45941,178.305606
2023-10-10 19:05:00+00:00,178.195,178.3099,178.19,746,178.305,60024,178.23728
2023-10-10 19:06:00+00:00,178.255,178.26,178.19,576,178.19,39703,178.226723
2023-10-10 19:07:00+00:00,178.335,178.35,178.22,758,178.26,47444,178.278828
2023-10-10 19:08:00+00:00,178.275,178.34,178.2748,491,178.34,31393,178.310612
2023-10-10 19:09:00+00:00,178.3722,178.3999,178.2716,846,178.275,74502,178.349189
2023-10-10 19:10:00+00:00,178.3013,178.37,178.295,663,178.37,45432,178.333035
2023-10-10 19:11:00+00:00,178.2408,178.31,178.21,713,178.3,49508,178.262533
2023-10-10 19:12:00+00:00,178.26,178.285,178.22,662,178.24,49000,178.249514
2023-10-10 19:13:00+00:00,178.29,178.31,178.26,571,178.2601,45135,178.286653
2023-10-10 19:14:00+00:00,178.305,178.34,178.29,805,178.295,61742,178.313125
2023-10-10 19:15:00+00:00,178.435,178.435,178.29,1167,178.305,109371,178.344579
2023-10-10 19:16:00+00:00,178.5225,178.545,178.432,1171,178.4391,115135,178.491237
2023-10-10 19:17:00+00:00,178.565,178.62,178.53,1325,178.54,124877,178.585401
2023-10-10 19:18:00+00:00,178.595,178.62,178.505,1022,178.5699,91894,178.564245
2023-10-10 19:19:00+00:00,178.565,178.61,178.545,855,178.595,61478,178.571364
2023-10-10 19:20:00+00:00,178.5,178.57,178.455,1026,178.5601,87517,178.511514
2023-10-10 19:21:00+00:00,178.58,178.59,178.45,1162,178.5,93153,178.514189
2023-10-10 19:22:00+00:00,178.73,178.73,178.58,1065,178.58,115546,178.644565
2023-10-10 19:23:00+00:00,178.62,178.73,178.61,1115,178.72,118306,178.674188
2023-10-10 19:24:00+00:00,178.7,178.72,178.6114,780,178.62,81705,178.67881
2023-10-10 19:25:00+00:00,178.7913,178.8,178.685,1096,178.7,116796,178.741946
2023-10-10 19:26:00+00:00,178.76,178.795,178.705,1014,178.79,95833,178.742994
2023-10-10 19:27:00+00:00,178.865,178.88,178.76,1210,178.76,152539,178.823995
2023-10-10 19:28:00+00:00,178.88,178.9099,178.83,1110,178.865,151346,178.870639
2023-10-10 19:29:00+00:00,178.79,178.89,178.79,1127,178.88,106736,178.844918
2023-10-10 19:30:00+00:00,178.72,178.79,178.6901,1265,178.79,114856,178.735251
2023-10-10 19:31:00+00:00,178.745,178.8,178.67,1161,178.73,113109,178.725327
2023-10-10 19:32:00+00:00,178.65,178.745,178.63,1091,178.74,106520,178.694676
2023-10-10 19:33:00+00:00,178.72,178.73,178.6,1080,178.65,82632,178.675797
2023-10-10 19:34:00+00:00,178.735,178.76,178.68,894,178.72,101427,178.736409
2023-10-10 19:35:00+00:00,178.69,178.7499,178.65,885,178.73,74721,178.697295
2023-10-10 19:36:00+00:00,178.68,178.72,178.62,1046,178.6999,79555,178.667079
2023-10-10 19:37:00+00:00,178.6,178.665,178.533,1242,178.665,102111,178.590476
2023-10-10 19:38:00+00:00,178.6999,178.72,178.56,1452,178.5981,139827,178.628079
2023-10-10 19:39:00+00:00,178.585,178.71,178.535,1063,178.695,91758,178.595605
2023-10-10 19:40:00+00:00,178.67,178.74,178.555,1267,178.585,131913,178.658547
2023-10-10 19:41:00+00:00,178.6609,178.7383,178.64,968,178.685,91928,178.685373
2023-10-10 19:42:00+00:00,178.6502,178.68,178.6449,1011,178.6662,74539,178.661746
2023-10-10 19:43:00+00:00,178.5596,178.7,178.54,1370,178.65,107667,178.617473
2023-10-10 19:44:00+00:00,178.63,178.69,178.56,1265,178.56,109888,178.637791
2023-10-10 19:45:00+00:00,178.66,178.68,178.62,1177,178.63,99482,178.649038
2023-10-10 19:46:00+00:00,178.61,178.67,178.59,1249,178.655,102442,178.62048
2023-10-10 19:47:00+00:00,178.605,178.62,178.53,1153,178.605,90348,178.580297
2023-10-10 19:48:00+00:00,178.58,178.64,178.554,1755,178.61,165718,178.603281
2023-10-10 19:49:00+00:00,178.61,178.63,178.53,1199,178.5806,99819,178.577538
2023-10-10 19:50:00+00:00,178.475,178.66,178.47,2581,178.61,195667,178.530305
2023-10-10 19:51:00+00:00,178.465,178.56,178.44,2308,178.48,222233,178.492096
2023-10-10 19:52:00+00:00,178.33,178.52,178.31,2299,178.46,254512,178.432528
2023-10-10 19:53:00+00:00,178.225,178.35,178.2199,2566,178.33,272873,178.286853
2023-10-10 19:54:00+00:00,178.2299,178.4,178.12,4693,178.23,707700,178.230101
2023-10-10 19:55:00+00:00,178.3,178.45,178.23,3159,178.23,328220,178.365214
2023-10-10 19:56:00+00:00,178.285,178.34,178.255,2506,178.29,276588,178.294101
2023-10-10 19:57:00+00:00,178.29,178.33,178.24,2788,178.29,247954,178.274296
2023-10-10 19:58:00+00:00,178.36,178.37,178.25,3086,178.28,414175,178.311224
2023-10-10 19:59:00+00:00,178.41,178.445,178.35,5217,178.35,723559,178.399233
2023-10-10 20:00:00+00:00,178.43,178.45,178.37,181,178.42,5781140,178.390024
2023-10-10 20:01:00+00:00,178.47,178.48,178.39,162,178.42,17652,178.415402
2023-10-10 20:02:00+00:00,178.52,178.57,178.46,80,178.4694,20423,178.41083
2023-10-10 20:03:00+00:00,178.53,178.58,178.53,54,178.53,63324,178.395216
2023-10-10 20:04:00+00:00,178.55,178.55,178.52,44,178.53,76491,178.395634
2023-10-10 20:05:00+00:00,178.51,178.55,178.51,41,178.55,6026,178.468924
2023-10-10 20:06:00+00:00,178.39,178.5,178.39,19,178.5,48289,178.392879
2023-10-10 20:07:00+00:00,178.47,178.51,178.39,23,178.51,3758,178.462693
2023-10-10 20:08:00+00:00,178.47,178.48,178.47,18,178.48,756,178.475007
2023-10-10 20:09:00+00:00,178.42,178.4603,178.42,39,178.4603,23496,178.394565
2023-10-10 20:10:00+00:00,178.45,178.45,178.43,20,178.43,626,178.442875
2023-10-10 20:11:00+00:00,178.39,178.47,178.39,35,178.45,7537,178.398733
2023-10-10 20:12:00+00:00,178.47,178.47,178.45,17,178.45,1228,178.45669
2023-10-10 20:13:00+00:00,178.44,178.45,178.4,64,178.45,4170,178.423267
2023-10-10 20:14:00+00:00,178.42,178.44,178.41,35,178.44,1328,178.422485
2023-10-10 20:16:00+00:00,178.45,178.45,178.4,32,178.4,32770,178.392441
2023-10-10 20:18:00+00:00,178.45,178.45,178.45,15,178.45,722,178.452969
2023-10-10 20:19:00+00:00,178.45,178.45,178.45,25,178.45,1135,178.449996
2023-10-10 20:20:00+00:00,178.44,178.44,178.39,27,178.39,40289,178.390883
2023-10-10 20:21:00+00:00,178.45,178.45,178.4499,12,178.4499,596,178.44906
2023-10-10 20:22:00+00:00,178.43,178.43,178.43,14,178.43,358,178.431704
2023-10-10 20:23:00+00:00,178.43,178.43,178.43,17,178.43,710,178.430101
2023-10-10 20:24:00+00:00,178.41,178.43,178.41,24,178.43,794,178.416304
2023-10-10 20:25:00+00:00,178.4193,178.4193,178.4185,13,178.4185,672,178.4182
2023-10-10 20:26:00+00:00,178.4,178.4001,178.4,19,178.4,1233,178.399923
2023-10-10 20:27:00+00:00,178.41,178.41,178.4,26,178.4,1589,178.403492
2023-10-10 20:28:00+00:00,178.39,178.41,178.39,57,178.41,4272,178.399817
2023-10-10 20:29:00+00:00,178.33,178.37,178.33,32,178.37,4024,178.353514
2023-10-10 20:30:00+00:00,178.4,178.4,178.37,17,178.37,470,178.378019
2023-10-10 20:33:00+00:00,178.42,178.42,178.41,27,178.41,2015,178.417969
2023-10-10 20:35:00+00:00,178.41,178.41,178.41,14,178.41,607,178.409794
2023-10-10 20:37:00+00:00,178.41,178.41,178.4006,11,178.41,856,178.403166
2023-10-10 20:38:00+00:00,178.39,178.41,178.39,32,178.41,1131,178.399331
2023-10-10 20:39:00+00:00,178.4,178.4,178.4,12,178.4,350,178.397271
2023-10-10 20:41:00+00:00,178.4,178.4,178.39,24,178.39,844,178.397518
2023-10-10 20:42:00+00:00,178.4,178.4,178.4,16,178.4,2811,178.400036
2023-10-10 20:43:00+00:00,178.38,178.4,178.38,23,178.4,743,178.391853
2023-10-10 20:44:00+00:00,178.36,178.38,178.36,23,178.38,10605,178.378956
2023-10-10 20:45:00+00:00,178.35,178.35,178.35,14,178.35,295,178.352034
2023-10-10 20:46:00+00:00,178.3404,178.38,178.34,39,178.37,1508,178.356932
2023-10-10 20:47:00+00:00,178.35,178.35,178.35,16,178.35,1312,178.350139
2023-10-10 20:48:00+00:00,178.33,178.33,178.33,15,178.33,359,178.332114
2023-10-10 20:50:00+00:00,178.33,178.33,178.33,16,178.33,294,178.332415
2023-10-10 20:51:00+00:00,178.33,178.33,178.33,12,178.33,382,178.329948
2023-10-10 20:52:00+00:00,178.32,178.32,178.32,21,178.32,364,178.32069
2023-10-10 20:53:00+00:00,178.32,178.32,178.3,27,178.3,917,178.307021
2023-10-10 20:56:00+00:00,178.3001,178.3001,178.3,16,178.3,224,178.300546
2023-10-10 20:57:00+00:00,178.31,178.31,178.31,15,178.31,988,178.30871
2023-10-10 20:58:00+00:00,178.38,178.38,178.31,42,178.31,2589,178.334075
2023-10-10 20:59:00+00:00,178.37,178.37,178.37,11,178.37,284,178.363239
2023-10-10 21:01:00+00:00,178.35,178.35,178.35,11,178.35,127,178.351732
2023-10-10 21:02:00+00:00,178.37,178.37,178.37,15,178.37,262,178.36579
2023-10-10 21:03:00+00:00,178.38,178.38,178.35,13,178.35,593,178.371256
2023-10-10 21:04:00+00:00,178.37,178.37,178.35,17,178.35,367,178.358056
2023-10-10 21:05:00+00:00,178.35,178.35,178.35,20,178.35,733,178.350355
2023-10-10 21:08:00+00:00,178.39,178.39,178.39,10,178.39,167,178.387365
2023-10-10 21:10:00+00:00,178.31,178.31,178.31,28,178.31,1008,178.331349
2023-10-10 21:13:00+00:00,178.32,178.33,178.32,17,178.33,282,178.326441
2023-10-10 21:14:00+00:00,178.32,178.32,178.32,16,178.32,169,178.327414
2023-10-10 21:15:00+00:00,178.31,178.31,178.31,11,178.31,563,178.314298
2023-10-10 21:17:00+00:00,178.32,178.32,178.32,5,178.32,124,178.320242
2023-10-10 21:18:00+00:00,178.3108,178.3108,178.3108,14,178.3108,614,178.314699
2023-10-10 21:23:00+00:00,178.31,178.31,178.31,13,178.31,165,178.313679
2023-10-10 21:25:00+00:00,178.4,178.41,178.36,46,178.36,2131,178.374809
2023-10-10 21:26:00+00:00,178.4208,178.4208,178.39,15,178.39,1533,178.392038
2023-10-10 21:27:00+00:00,178.46,178.49,178.43,37,178.43,2212,178.43924
2023-10-10 21:29:00+00:00,178.35,178.35,178.32,17,178.3213,852,178.338105
2023-10-10 21:30:00+00:00,178.3279,178.3279,178.3279,11,178.3279,137,178.330404
2023-10-10 21:31:00+00:00,178.39,178.39,178.39,22,178.39,18326,178.389722
2023-10-10 21:32:00+00:00,178.38,178.38,178.38,16,178.38,246,178.365996
2023-10-10 21:39:00+00:00,178.38,178.38,178.38,7,178.38,113,178.378804
2023-10-10 21:41:00+00:00,178.36,178.36,178.36,10,178.36,408,178.355319
2023-10-10 21:42:00+00:00,178.36,178.36,178.34,77,178.34,1593,178.337094
2023-10-10 21:49:00+00:00,178.32,178.32,178.32,6,178.32,105,178.320952
2023-10-10 21:50:00+00:00,178.32,178.32,178.32,28,178.32,1784,178.320381
2023-10-10 21:51:00+00:00,178.31,178.3558,178.31,11,178.3558,260,178.338654
2023-10-10 21:53:00+00:00,178.31,178.31,178.31,13,178.31,173,178.314335
2023-10-10 21:54:00+00:00,178.31,178.32,178.31,26,178.32,924,178.312013
2023-10-10 22:01:00+00:00,178.34,178.34,178.34,22,178.34,1478,178.340078
2023-10-10 22:04:00+00:00,178.36,178.36,178.36,14,178.36,323,178.355093
2023-10-10 22:07:00+00:00,178.36,178.37,178.36,17,178.37,618,178.365445
2023-10-10 22:10:00+00:00,178.34,178.36,178.33,25,178.35,5032,178.344271
2023-10-10 22:12:00+00:00,178.33,178.33,178.33,9,178.33,1842,178.330024
2023-10-10 22:15:00+00:00,178.36,178.36,178.3411,13,178.3411,469,178.351246
2023-10-10 22:21:00+00:00,178.36,178.36,178.36,15,178.36,453,178.359923
2023-10-10 22:22:00+00:00,178.39,178.39,178.37,31,178.37,3925,178.379504
2023-10-10 22:23:00+00:00,178.38,178.38,178.38,5,178.38,503,178.37996
2023-10-10 22:29:00+00:00,178.39,178.39,178.39,10,178.39,390,178.384309
2023-10-10 22:32:00+00:00,178.3701,178.39,178.3701,18,178.39,1316,178.382295
2023-10-10 22:33:00+00:00,178.44,178.44,178.44,10,178.44,928,178.43868
2023-10-10 22:34:00+00:00,178.43,178.43,178.43,13,178.43,244,178.413975
2023-10-10 22:43:00+00:00,178.4,178.4,178.4,6,178.4,217,178.408111
2023-10-10 22:49:00+00:00,178.41,178.41,178.41,19,178.41,182,178.40533
2023-10-10 22:50:00+00:00,178.4,178.4,178.4,16,178.4,584,178.400248
2023-10-10 22:51:00+00:00,178.41,178.41,178.41,13,178.41,133,178.405714
2023-10-10 22:52:00+00:00,178.41,178.41,178.41,19,178.41,723,178.411736
2023-10-10 22:53:00+00:00,178.42,178.42,178.42,17,178.42,626,178.418203
2023-10-10 22:54:00+00:00,178.43,178.43,178.43,25,178.43,1230,178.42939
2023-10-10 22:55:00+00:00,178.44,178.44,178.44,17,178.44,238,178.441555
2023-10-10 22:58:00+00:00,178.44,178.44,178.44,14,178.44,885,178.440734
2023-10-10 22:59:00+00:00,178.45,178.45,178.45,22,178.45,6678,178.450073
2023-10-10 23:02:00+00:00,178.45,178.45,178.45,13,178.45,211,178.436374
2023-10-10 23:04:00+00:00,178.45,178.46,178.43,19,178.43,1212,178.452764
2023-10-10 23:06:00+00:00,178.42,178.42,178.42,9,178.42,1009,178.420173
2023-10-10 23:10:00+00:00,178.45,178.45,178.41,35,178.44,2272,178.43621
2023-10-10 23:22:00+00:00,178.45,178.45,178.45,7,178.45,158,178.450696
2023-10-10 23:29:00+00:00,178.48,178.5,178.48,10,178.5,759,178.485764
2023-10-10 23:31:00+00:00,178.49,178.49,178.49,10,178.49,177,178.489605
2023-10-10 23:33:00+00:00,178.45,178.45,178.45,12,178.45,332,178.454352
2023-10-10 23:35:00+00:00,178.46,178.46,178.46,9,178.46,428,178.460456
2023-10-10 23:37:00+00:00,178.46,178.46,178.46,12,178.46,241,178.472261
2023-10-10 23:38:00+00:00,178.48,178.48,178.42,21,178.46,509,178.449735
2023-10-10 23:42:00+00:00,178.44,178.44,178.44,6,178.44,179,178.44162
2023-10-10 23:46:00+00:00,178.42,178.42,178.42,10,178.42,117,178.421624
2023-10-10 23:51:00+00:00,178.49,178.49,178.49,12,178.49,297,178.481465
2023-10-10 23:52:00+00:00,178.46,178.46,178.46,19,178.46,233,178.452361
2023-10-10 23:53:00+00:00,178.42,178.46,178.42,10,178.46,366,178.442923
2023-10-10 23:55:00+00:00,178.49,178.49,178.49,15,178.49,502,178.476743
2023-10-10 23:56:00+00:00,178.42,178.42,178.42,12,178.42,336,178.424851
2023-10-10 23:57:00+00:00,178.43,178.43,178.43,16,178.43,153,178.43451
2023-10-10 23:58:00+00:00,178.4613,178.4613,178.45,19,178.45,657,178.457567
2023-10-10 23:59:00+00:00,178.54,178.54,178.48,37,178.5,1542,178.517551
