timestamp,close,high,low,trade_count,open,volume,vwap
2023-06-22 08:00:00+00:00,183.78,183.78,183.66,74,183.66,3283,183.687122
2023-06-22 08:02:00+00:00,183.38,183.56,183.38,22,183.56,1250,183.472392
2023-06-22 08:04:00+00:00,183.3,183.3,183.3,13,183.3,2263,183.301582
2023-06-22 08:07:00+00:00,183.47,183.47,183.47,20,183.47,729,183.469602
2023-06-22 08:10:00+00:00,183.48,183.48,183.48,22,183.48,1168,183.480026
2023-06-22 08:11:00+00:00,183.3,183.34,183.3,27,183.34,1269,183.340662
2023-06-22 08:18:00+00:00,183.56,183.56,183.56,13,183.56,465,183.554344
2023-06-22 08:19:00+00:00,183.57,183.57,183.57,11,183.57,430,183.558163
2023-06-22 08:20:00+00:00,183.51,183.51,183.51,4,183.51,401,183.512618
2023-06-22 08:21:00+00:00,183.59,183.59,183.59,5,183.59,239,183.587029
2023-06-22 08:22:00+00:00,183.55,183.55,183.55,7,183.55,388,183.550129
2023-06-22 08:23:00+00:00,183.5,183.55,183.5,15,183.55,1710,183.543871
2023-06-22 08:31:00+00:00,183.49,183.49,183.49,10,183.49,302,183.475629
2023-06-22 08:45:00+00:00,183.52,183.52,183.45,27,183.45,1148,183.460044
2023-06-22 08:46:00+00:00,183.47,183.47,183.47,4,183.47,116,183.474914
2023-06-22 08:55:00+00:00,183.32,183.32,183.32,13,183.32,539,183.322059
2023-06-22 08:56:00+00:00,183.32,183.32,183.32,6,183.32,155,183.324774
2023-06-22 08:57:00+00:00,183.4,183.4,183.39,33,183.39,3462,183.39193
2023-06-22 09:00:00+00:00,183.4,183.4,183.4,11,183.4,459,183.399172
2023-06-22 09:02:00+00:00,183.46,183.46,183.46,11,183.46,258,183.456395
2023-06-22 09:06:00+00:00,183.45,183.45,183.45,10,183.45,424,183.450472
2023-06-22 09:08:00+00:00,183.48,183.48,183.48,5,183.48,239,183.477992
2023-06-22 09:09:00+00:00,183.48,183.48,183.48,7,183.48,214,183.476916
2023-06-22 09:11:00+00:00,183.55,183.55,183.55,19,183.55,572,183.49479
2023-06-22 09:12:00+00:00,183.54,183.54,183.48,13,183.48,514,183.499689
2023-06-22 09:13:00+00:00,183.77,183.77,183.49,60,183.49,2168,183.57679
2023-06-22 09:14:00+00:00,183.71,183.71,183.69,17,183.69,733,183.683574
2023-06-22 09:19:00+00:00,183.54,183.54,183.54,6,183.54,204,183.540196
2023-06-22 09:20:00+00:00,183.55,183.55,183.55,18,183.55,1287,183.550287
2023-06-22 09:34:00+00:00,183.51,183.51,183.51,8,183.51,242,183.508636
2023-06-22 09:40:00+00:00,183.51,183.51,183.51,7,183.51,210,183.51419
2023-06-22 09:42:00+00:00,183.51,183.51,183.51,19,183.51,238,183.516513
2023-06-22 09:46:00+00:00,183.54,183.54,183.54,15,183.54,631,183.539889
2023-06-22 09:48:00+00:00,183.54,183.54,183.54,3,183.54,208,183.54
2023-06-22 09:51:00+00:00,183.54,183.54,183.54,11,183.54,606,183.540611
2023-06-22 09:54:00+00:00,183.54,183.54,183.54,5,183.54,208,183.539327
2023-06-22 09:59:00+00:00,183.55,183.55,183.53,7,183.53,854,183.534578
2023-06-22 10:00:00+00:00,183.53,183.55,183.52,7,183.55,711,183.542546
2023-06-22 10:03:00+00:00,183.47,183.47,183.47,32,183.47,697,183.457604
2023-06-22 10:04:00+00:00,183.41,183.44,183.41,28,183.44,1144,183.420219
2023-06-22 10:06:00+00:00,183.35,183.35,183.35,31,183.35,422,183.36
2023-06-22 10:11:00+00:00,183.25,183.26,183.25,40,183.26,1349,183.259926
2023-06-22 10:12:00+00:00,183.35,183.35,183.25,32,183.25,1474,183.314091
2023-06-22 10:13:00+00:00,183.35,183.35,183.35,25,183.35,1146,183.370916
2023-06-22 10:14:00+00:00,183.44,183.44,183.44,9,183.44,224,183.466429
2023-06-22 10:20:00+00:00,183.36,183.36,183.36,17,183.36,487,183.338501
2023-06-22 10:21:00+00:00,183.4,183.4,183.4,14,183.4,230,183.402304
2023-06-22 10:23:00+00:00,183.45,183.45,183.45,24,183.45,1087,183.454848
2023-06-22 10:25:00+00:00,183.48,183.48,183.48,26,183.48,640,183.526531
2023-06-22 10:26:00+00:00,183.58,183.58,183.58,10,183.58,211,183.568009
2023-06-22 10:27:00+00:00,183.54,183.54,183.54,5,183.54,1030,183.538311
2023-06-22 10:29:00+00:00,183.53,183.53,183.53,10,183.53,473,183.511586
2023-06-22 10:32:00+00:00,183.52,183.6,183.52,27,183.52,1596,183.529774
2023-06-22 10:33:00+00:00,183.55,183.6,183.53,11,183.53,1131,183.552918
2023-06-22 10:35:00+00:00,183.5,183.5,183.5,6,183.5,706,183.502847
2023-06-22 10:36:00+00:00,183.41,183.5,183.41,36,183.5,2243,183.477691
2023-06-22 10:41:00+00:00,183.48,183.57,183.48,34,183.54,1339,183.507603
2023-06-22 10:43:00+00:00,183.4,183.4,183.4,13,183.4,354,183.440537
2023-06-22 10:45:00+00:00,183.36,183.36,183.36,2,183.36,404,183.360198
2023-06-22 10:47:00+00:00,183.35,183.37,183.35,10,183.37,550,183.36
2023-06-22 10:49:00+00:00,183.5,183.5,183.48,25,183.49,1952,183.496245
2023-06-22 10:52:00+00:00,183.57,183.57,183.57,23,183.57,596,183.545705
2023-06-22 10:56:00+00:00,183.5,183.5,183.5,6,183.5,336,183.498512
2023-06-22 11:00:00+00:00,183.45,183.58,183.45,112,183.58,7377,183.497687
2023-06-22 11:01:00+00:00,183.43,183.44,183.42,21,183.42,1092,183.424139
2023-06-22 11:02:00+00:00,183.3,183.43,183.3,83,183.43,5813,183.361665
2023-06-22 11:03:00+00:00,183.2,183.23,183.2,73,183.23,4431,183.22114
2023-06-22 11:04:00+00:00,183.28,183.28,183.28,17,183.28,664,183.286642
2023-06-22 11:05:00+00:00,183.27,183.27,183.27,7,183.27,163,183.269448
2023-06-22 11:06:00+00:00,183.26,183.27,183.26,10,183.27,638,183.270047
2023-06-22 11:07:00+00:00,183.26,183.26,183.26,6,183.26,232,183.272328
2023-06-22 11:08:00+00:00,183.4,183.4,183.31,53,183.31,4085,183.355386
2023-06-22 11:09:00+00:00,183.43,183.43,183.43,21,183.43,920,183.435022
2023-06-22 11:10:00+00:00,183.41,183.41,183.4,38,183.4,1654,183.404383
2023-06-22 11:12:00+00:00,183.4,183.4,183.37,27,183.37,1274,183.384733
2023-06-22 11:17:00+00:00,183.28,183.28,183.28,22,183.28,895,183.291721
2023-06-22 11:20:00+00:00,183.48,183.48,183.48,33,183.48,917,183.434264
2023-06-22 11:21:00+00:00,183.39,183.39,183.39,16,183.39,350,183.400571
2023-06-22 11:23:00+00:00,183.35,183.35,183.35,11,183.35,590,183.352186
2023-06-22 11:25:00+00:00,183.31,183.34,183.31,12,183.34,935,183.336749
2023-06-22 11:27:00+00:00,183.25,183.3,183.25,15,183.3,535,183.266037
2023-06-22 11:28:00+00:00,183.26,183.26,183.26,7,183.26,295,183.278847
2023-06-22 11:29:00+00:00,183.25,183.26,183.25,19,183.26,586,183.25285
2023-06-22 11:30:00+00:00,183.22,183.25,183.22,23,183.25,1097,183.236126
2023-06-22 11:38:00+00:00,183.43,183.44,183.41,19,183.41,901,183.427414
2023-06-22 11:40:00+00:00,183.4,183.4,183.4,12,183.4,910,183.398088
2023-06-22 11:42:00+00:00,183.32,183.32,183.32,28,183.32,967,183.328397
2023-06-22 11:44:00+00:00,183.4,183.4,183.35,16,183.35,490,183.374245
2023-06-22 11:46:00+00:00,183.4,183.4,183.4,5,183.4,1052,183.399981
2023-06-22 11:54:00+00:00,183.4,183.4,183.4,12,183.4,1002,183.398952
2023-06-22 11:56:00+00:00,183.39,183.39,183.39,14,183.39,521,183.385432
2023-06-22 11:58:00+00:00,183.38,183.38,183.38,15,183.38,141,183.378085
2023-06-22 12:00:00+00:00,183.96,183.96,183.25,353,183.4383,37075,183.320902
2023-06-22 12:01:00+00:00,183.1,183.4,183.07,746,183.3515,5943,183.307254
2023-06-22 12:02:00+00:00,183.78,183.78,183.2,296,183.4,9496,183.41703
2023-06-22 12:03:00+00:00,183.42,183.42,183.4192,14,183.4192,1787,183.413213
2023-06-22 12:05:00+00:00,183.35,183.35,183.35,31,183.35,853,183.355039
2023-06-22 12:06:00+00:00,183.38,183.38,183.38,11,183.38,1332,183.378783
2023-06-22 12:08:00+00:00,183.3299,183.3299,183.3004,36,183.3004,1083,183.324589
2023-06-22 12:09:00+00:00,183.37,183.37,183.33,34,183.33,2025,183.346528
2023-06-22 12:10:00+00:00,183.38,183.38,183.38,18,183.38,292,183.37036
2023-06-22 12:12:00+00:00,183.3704,183.3773,183.3704,16,183.3773,510,183.374216
2023-06-22 12:15:00+00:00,183.29,183.34,183.29,61,183.34,3966,183.301239
2023-06-22 12:16:00+00:00,183.33,183.33,183.3001,33,183.3001,1539,183.307544
2023-06-22 12:17:00+00:00,183.37,183.37,183.3002,39,183.3002,716,183.350675
2023-06-22 12:18:00+00:00,183.38,183.38,183.37,23,183.37,775,183.367125
2023-06-22 12:19:00+00:00,183.38,183.38,183.37,30,183.37,544,183.371961
2023-06-22 12:20:00+00:00,183.39,183.39,183.37,56,183.38,1966,183.383764
2023-06-22 12:21:00+00:00,183.39,183.39,183.39,24,183.39,613,183.393042
2023-06-22 12:23:00+00:00,183.42,183.42,183.42,40,183.42,1105,183.417537
2023-06-22 12:24:00+00:00,183.42,183.42,183.42,19,183.42,249,183.410197
2023-06-22 12:25:00+00:00,183.39,183.39,183.39,24,183.39,364,183.389272
2023-06-22 12:26:00+00:00,183.39,183.39,183.39,26,183.39,275,183.392955
2023-06-22 12:27:00+00:00,183.34,183.35,183.3114,17,183.35,858,183.332028
2023-06-22 12:28:00+00:00,183.26,183.3138,183.25,114,183.3114,4361,183.27773
2023-06-22 12:29:00+00:00,183.26,183.26,183.21,62,183.25,2486,183.242359
2023-06-22 12:30:00+00:00,183.41,183.44,183.26,161,183.26,17624,183.384715
2023-06-22 12:31:00+00:00,183.5,183.5,183.44,65,183.45,8587,183.490836
2023-06-22 12:32:00+00:00,183.45,183.5,183.44,71,183.44,2942,183.480431
2023-06-22 12:33:00+00:00,183.48,183.52,183.48,36,183.52,1114,183.492991
2023-06-22 12:34:00+00:00,183.58,183.6,183.52,76,183.52,5790,183.538402
2023-06-22 12:35:00+00:00,183.58,183.58,183.58,24,183.58,412,183.543381
2023-06-22 12:36:00+00:00,183.51,183.55,183.49,40,183.49,3229,183.532551
2023-06-22 12:37:00+00:00,183.5001,183.52,183.5,54,183.51,4325,183.504331
2023-06-22 12:38:00+00:00,183.53,183.56,183.47,75,183.5,3527,183.50378
2023-06-22 12:39:00+00:00,183.45,183.45,183.4,50,183.45,3025,183.426735
2023-06-22 12:40:00+00:00,183.47,183.48,183.46,31,183.4601,2936,183.463944
2023-06-22 12:41:00+00:00,183.6,183.6,183.5444,48,183.5444,1429,183.572712
2023-06-22 12:42:00+00:00,183.54,183.55,183.54,18,183.55,1286,183.545511
2023-06-22 12:43:00+00:00,183.43,183.54,183.4,95,183.54,3738,183.440329
2023-06-22 12:44:00+00:00,183.48,183.48,183.45,41,183.45,718,183.460613
2023-06-22 12:45:00+00:00,183.4,183.51,183.4,63,183.46,4901,183.47617
2023-06-22 12:46:00+00:00,183.46,183.48,183.44,36,183.45,1108,183.458278
2023-06-22 12:47:00+00:00,183.39,183.4311,183.39,80,183.4311,8664,183.408125
2023-06-22 12:48:00+00:00,183.3602,183.51,183.3602,70,183.4,9148,183.410066
2023-06-22 12:49:00+00:00,183.4,183.4,183.38,21,183.38,1308,183.3962
2023-06-22 12:50:00+00:00,183.43,183.43,183.38,41,183.3993,6075,183.399979
2023-06-22 12:51:00+00:00,183.45,183.48,183.3903,35,183.3903,5209,183.442141
2023-06-22 12:52:00+00:00,183.3507,183.4,183.3507,51,183.4,4245,183.375415
2023-06-22 12:53:00+00:00,183.38,183.39,183.3513,51,183.3513,1027,183.380565
2023-06-22 12:54:00+00:00,183.38,183.3824,183.38,23,183.3824,548,183.382974
2023-06-22 12:55:00+00:00,183.35,183.35,183.35,30,183.35,871,183.352113
2023-06-22 12:56:00+00:00,183.35,183.35,183.3,58,183.33,4949,183.322124
2023-06-22 12:57:00+00:00,183.35,183.35,183.32,27,183.32,1080,183.340235
2023-06-22 12:58:00+00:00,183.42,183.42,183.34,39,183.34,1391,183.378131
2023-06-22 13:00:00+00:00,183.4,183.4,183.36,49,183.396,2342,183.387379
2023-06-22 13:01:00+00:00,183.43,183.47,183.42,56,183.42,2848,183.433736
2023-06-22 13:02:00+00:00,183.3799,183.3799,183.3799,42,183.3799,989,183.377422
2023-06-22 13:03:00+00:00,183.38,183.4,183.38,69,183.3981,2235,183.392289
2023-06-22 13:04:00+00:00,183.45,183.49,183.38,99,183.38,4895,183.436345
2023-06-22 13:05:00+00:00,183.4284,183.43,183.4284,25,183.43,1420,183.428599
2023-06-22 13:06:00+00:00,183.49,183.5,183.43,128,183.43,7997,183.477336
2023-06-22 13:07:00+00:00,183.4,183.41,183.4,48,183.41,1240,183.396922
2023-06-22 13:08:00+00:00,183.4,183.4,183.4,30,183.4,530,183.396113
2023-06-22 13:09:00+00:00,183.32,183.38,183.3,121,183.38,18033,183.31889
2023-06-22 13:10:00+00:00,183.32,183.32,183.3,52,183.32,1244,183.313472
2023-06-22 13:11:00+00:00,183.32,183.32,183.3,66,183.3,3317,183.307038
2023-06-22 13:12:00+00:00,183.36,183.36,183.32,74,183.34,15479,183.345837
2023-06-22 13:13:00+00:00,183.31,183.4,183.31,77,183.4,6879,183.345709
2023-06-22 13:14:00+00:00,183.3,183.33,183.3,45,183.3,3772,183.317313
2023-06-22 13:15:00+00:00,183.2,183.3,183.2,134,183.3,13500,183.224707
2023-06-22 13:16:00+00:00,183.2699,183.28,183.16,120,183.19,20951,183.232797
2023-06-22 13:17:00+00:00,183.34,183.34,183.25,87,183.27,3657,183.295697
2023-06-22 13:18:00+00:00,183.39,183.4,183.32,143,183.33,6610,183.361079
2023-06-22 13:19:00+00:00,183.35,183.41,183.35,46,183.41,3014,183.376441
2023-06-22 13:20:00+00:00,183.3,183.3,183.3,33,183.3,1342,183.302328
2023-06-22 13:21:00+00:00,183.36,183.37,183.32,58,183.32,3659,183.357122
2023-06-22 13:22:00+00:00,183.361,183.4,183.361,67,183.39,1979,183.37694
2023-06-22 13:23:00+00:00,183.4,183.45,183.39,66,183.39,2543,183.421785
2023-06-22 13:24:00+00:00,183.4,183.4,183.38,55,183.38,5258,183.389439
2023-06-22 13:25:00+00:00,183.31,183.4,183.31,96,183.38,2667,183.345362
2023-06-22 13:26:00+00:00,183.25,183.39,183.25,118,183.35,17729,183.287732
2023-06-22 13:27:00+00:00,183.61,183.61,183.22,216,183.26,25362,183.440939
2023-06-22 13:28:00+00:00,183.58,183.65,183.5,128,183.5,19940,183.553933
2023-06-22 13:29:00+00:00,183.68,183.74,183.55,153,183.57,15837,183.649842
2023-06-22 13:30:00+00:00,184.1426,184.27,183.67,7908,183.74,1179671,183.814516
2023-06-22 13:31:00+00:00,184.33,184.34,184.02,3698,184.16,347228,184.150084
2023-06-22 13:32:00+00:00,184.588,184.65,184.25,2869,184.32,277783,184.446992
2023-06-22 13:33:00+00:00,184.595,184.8,184.54,2698,184.6,220208,184.657265
2023-06-22 13:34:00+00:00,184.61,184.66,184.425,2654,184.59,244713,184.532158
2023-06-22 13:35:00+00:00,184.69,184.805,184.61,2145,184.61,189354,184.709844
2023-06-22 13:36:00+00:00,184.88,184.89,184.57,2689,184.68,269352,184.772608
2023-06-22 13:37:00+00:00,184.69,185.0,184.62,2695,184.89,243708,184.858028
2023-06-22 13:38:00+00:00,184.57,184.69,184.49,2004,184.69,188223,184.597267
2023-06-22 13:39:00+00:00,184.74,184.81,184.53,2349,184.56,197400,184.692976
2023-06-22 13:40:00+00:00,184.8,184.9,184.6,1846,184.74,148040,184.75118
2023-06-22 13:41:00+00:00,184.7907,184.8199,184.57,1354,184.8074,122352,184.682336
2023-06-22 13:42:00+00:00,184.88,184.9,184.69,1589,184.8,149266,184.80644
2023-06-22 13:43:00+00:00,185.0,185.05,184.84,2839,184.87,273276,184.97733
2023-06-22 13:44:00+00:00,185.065,185.085,184.96,1651,185.0,171941,185.032981
2023-06-22 13:45:00+00:00,185.12,185.13,184.985,1781,185.065,139861,185.052561
2023-06-22 13:46:00+00:00,185.21,185.23,184.99,3866,185.11,175992,185.140323
2023-06-22 13:47:00+00:00,185.2304,185.29,185.16,3691,185.2033,155494,185.23814
2023-06-22 13:48:00+00:00,185.1693,185.31,185.1101,3632,185.23,146667,185.195985
2023-06-22 13:49:00+00:00,185.24,185.25,185.13,3399,185.18,83924,185.189594
2023-06-22 13:50:00+00:00,185.08,185.3,185.04,3576,185.2494,127523,185.180687
2023-06-22 13:51:00+00:00,185.08,185.13,185.0,3458,185.08,123440,185.062673
2023-06-22 13:52:00+00:00,185.09,185.17,185.04,3909,185.06,132280,185.096299
2023-06-22 13:53:00+00:00,185.1,185.17,185.04,3398,185.08,109873,185.10288
2023-06-22 13:54:00+00:00,185.0301,185.12,184.995,3717,185.1,156006,185.027249
2023-06-22 13:55:00+00:00,185.225,185.23,185.0,3629,185.035,148016,185.117411
2023-06-22 13:56:00+00:00,185.38,185.39,185.19,4002,185.225,221422,185.295245
2023-06-22 13:57:00+00:00,185.44,185.5,185.29,4020,185.38,298434,185.421745
2023-06-22 13:58:00+00:00,185.48,185.555,185.415,4059,185.43,280452,185.492757
2023-06-22 13:59:00+00:00,185.4399,185.5,185.3,4084,185.48,199250,185.412121
2023-06-22 14:00:00+00:00,185.395,185.53,185.32,4210,185.44,197177,185.442762
2023-06-22 14:01:00+00:00,185.2909,185.45,185.255,3937,185.4,130245,185.376776
2023-06-22 14:02:00+00:00,185.32,185.32,185.2,3648,185.3,133531,185.265911
2023-06-22 14:03:00+00:00,185.2794,185.36,185.18,3753,185.32,123530,185.251441
2023-06-22 14:04:00+00:00,185.37,185.37,185.23,3623,185.27,97082,185.285002
2023-06-22 14:05:00+00:00,185.1,185.4099,185.05,4325,185.37,234945,185.169962
2023-06-22 14:06:00+00:00,185.09,185.165,185.05,3956,185.1,128889,185.098659
2023-06-22 14:07:00+00:00,185.11,185.12,185.02,3726,185.08,121542,185.070429
2023-06-22 14:08:00+00:00,185.05,185.12,185.0207,3266,185.12,109624,185.061507
2023-06-22 14:09:00+00:00,185.205,185.23,185.02,3648,185.05,165594,185.129425
2023-06-22 14:10:00+00:00,185.3,185.37,185.2,3866,185.2082,227947,185.297613
2023-06-22 14:11:00+00:00,185.5701,185.5785,185.285,4404,185.3,239516,185.436709
2023-06-22 14:12:00+00:00,185.46,185.68,185.38,4561,185.57,308221,185.566957
2023-06-22 14:13:00+00:00,185.38,185.5,185.35,3514,185.465,108146,185.42678
2023-06-22 14:14:00+00:00,185.54,185.54,185.37,3203,185.385,85152,185.452798
2023-06-22 14:15:00+00:00,185.6793,185.72,185.49,3972,185.535,203999,185.646198
2023-06-22 14:16:00+00:00,185.6321,185.68,185.58,3190,185.675,110686,185.628993
2023-06-22 14:17:00+00:00,185.57,185.66,185.55,3438,185.64,103245,185.604684
2023-06-22 14:18:00+00:00,185.6101,185.67,185.55,3034,185.58,95951,185.631769
2023-06-22 14:19:00+00:00,185.615,185.681,185.595,3268,185.615,101512,185.647332
2023-06-22 14:20:00+00:00,185.63,185.66,185.5592,3481,185.61,100599,185.61728
2023-06-22 14:21:00+00:00,185.73,185.745,185.6027,3549,185.6281,130219,185.680664
2023-06-22 14:22:00+00:00,185.7572,185.77,185.71,3802,185.73,192096,185.742984
2023-06-22 14:23:00+00:00,185.68,185.76,185.66,3241,185.76,90017,185.715605
2023-06-22 14:24:00+00:00,185.755,185.77,185.63,3539,185.68,113714,185.705057
2023-06-22 14:25:00+00:00,185.63,185.81,185.585,3645,185.755,165581,185.704635
2023-06-22 14:26:00+00:00,185.7004,185.7279,185.59,3208,185.626,80338,185.655279
2023-06-22 14:27:00+00:00,185.83,185.83,185.64,3440,185.71,131326,185.765906
2023-06-22 14:28:00+00:00,185.82,185.88,185.7701,4187,185.825,166372,185.838841
2023-06-22 14:29:00+00:00,185.77,185.83,185.755,2706,185.81,84333,185.785501
2023-06-22 14:30:00+00:00,185.695,185.82,185.64,1788,185.77,147891,185.731754
2023-06-22 14:31:00+00:00,185.695,185.78,185.66,1258,185.6801,109738,185.731509
2023-06-22 14:32:00+00:00,185.755,185.77,185.68,1238,185.6979,105314,185.731675
2023-06-22 14:33:00+00:00,185.705,185.77,185.69,1372,185.76,107309,185.725395
2023-06-22 14:34:00+00:00,185.715,185.75,185.66,1538,185.71,134503,185.696936
2023-06-22 14:35:00+00:00,185.7399,185.85,185.691,1572,185.71,172089,185.746425
2023-06-22 14:36:00+00:00,185.937,185.97,185.72,2263,185.73,329636,185.87813
2023-06-22 14:37:00+00:00,185.94,185.99,185.84,1566,185.93,135155,185.921285
2023-06-22 14:38:00+00:00,185.9101,185.95,185.835,1303,185.95,115933,185.892644
2023-06-22 14:39:00+00:00,185.895,185.97,185.86,1427,185.92,120725,185.924176
2023-06-22 14:40:00+00:00,185.8199,185.9064,185.785,1184,185.89,88681,185.842734
2023-06-22 14:41:00+00:00,185.595,185.82,185.58,1886,185.8181,175785,185.654052
2023-06-22 14:42:00+00:00,185.54,185.646,185.51,1618,185.59,157080,185.573813
2023-06-22 14:43:00+00:00,185.48,185.615,185.41,1861,185.54,163471,185.513057
2023-06-22 14:44:00+00:00,185.4899,185.58,185.45,1357,185.485,110432,185.515266
2023-06-22 14:45:00+00:00,185.4272,185.505,185.41,1232,185.48,92655,185.447107
2023-06-22 14:46:00+00:00,185.51,185.5301,185.4272,1179,185.4272,102710,185.486265
2023-06-22 14:47:00+00:00,185.57,185.59,185.47,1014,185.51,71909,185.543209
2023-06-22 14:48:00+00:00,185.68,185.71,185.565,1109,185.5701,96048,185.642305
2023-06-22 14:49:00+00:00,185.765,185.77,185.65,1195,185.69,108653,185.70906
2023-06-22 14:50:00+00:00,185.83,185.85,185.75,1263,185.76,117790,185.808226
2023-06-22 14:51:00+00:00,185.8,185.83,185.73,1184,185.82,118987,185.787993
2023-06-22 14:52:00+00:00,185.79,185.81,185.75,821,185.805,77387,185.783119
2023-06-22 14:53:00+00:00,185.62,185.8,185.6,1339,185.8,115134,185.674712
2023-06-22 14:54:00+00:00,185.5799,185.6609,185.57,1193,185.62,112158,185.617967
2023-06-22 14:55:00+00:00,185.565,185.575,185.47,1380,185.57,140940,185.514287
2023-06-22 14:56:00+00:00,185.541,185.63,185.535,877,185.5631,71976,185.591233
2023-06-22 14:57:00+00:00,185.685,185.69,185.52,1003,185.545,83816,185.591167
2023-06-22 14:58:00+00:00,185.8415,185.85,185.685,1192,185.69,96147,185.759192
2023-06-22 14:59:00+00:00,185.93,185.96,185.83,1557,185.845,159915,185.892954
2023-06-22 15:00:00+00:00,185.935,185.98,185.895,1326,185.93,129749,185.938134
2023-06-22 15:01:00+00:00,185.9306,185.99,185.9,1239,185.935,129787,185.952875
2023-06-22 15:02:00+00:00,185.96,185.975,185.92,1025,185.935,67423,185.950759
2023-06-22 15:03:00+00:00,186.15,186.15,185.96,4039,185.97,380911,186.034314
2023-06-22 15:04:00+00:00,186.2755,186.29,186.115,2433,186.145,215396,186.223587
2023-06-22 15:05:00+00:00,186.52,186.54,186.28,3708,186.28,445442,186.437507
2023-06-22 15:06:00+00:00,186.5633,186.62,186.48,2215,186.515,198387,186.539544
2023-06-22 15:07:00+00:00,186.435,186.59,186.4,2036,186.56,194123,186.477594
2023-06-22 15:08:00+00:00,186.495,186.59,186.445,1727,186.4522,152183,186.519003
2023-06-22 15:09:00+00:00,186.3887,186.52,186.3416,2190,186.4999,235100,186.442197
2023-06-22 15:10:00+00:00,186.37,186.43,186.33,1267,186.385,127707,186.385848
2023-06-22 15:11:00+00:00,186.3,186.36,186.28,1435,186.36,116254,186.308867
2023-06-22 15:12:00+00:00,186.31,186.35,186.27,1322,186.305,110907,186.316021
2023-06-22 15:13:00+00:00,186.465,186.48,186.265,1390,186.3,124528,186.374405
2023-06-22 15:14:00+00:00,186.375,186.55,186.3,1421,186.47,114743,186.453351
2023-06-22 15:15:00+00:00,186.36,186.4,186.27,1293,186.38,108875,186.324654
2023-06-22 15:16:00+00:00,186.3308,186.4,186.2899,1208,186.35,99622,186.340326
2023-06-22 15:17:00+00:00,186.3,186.405,186.27,1146,186.32,85125,186.328552
2023-06-22 15:18:00+00:00,186.44,186.47,186.3043,1151,186.31,80708,186.38044
2023-06-22 15:19:00+00:00,186.45,186.49,186.395,1123,186.44,92820,186.441375
2023-06-22 15:20:00+00:00,186.5306,186.56,186.42,1348,186.44,96898,186.499098
2023-06-22 15:21:00+00:00,186.45,186.57,186.42,1475,186.5301,110893,186.489856
2023-06-22 15:22:00+00:00,186.41,186.4599,186.33,1486,186.44,132192,186.371715
2023-06-22 15:23:00+00:00,186.545,186.5454,186.39,1266,186.42,105497,186.467194
2023-06-22 15:24:00+00:00,186.53,186.58,186.49,1167,186.55,96800,186.535168
2023-06-22 15:25:00+00:00,186.5801,186.67,186.522,1832,186.522,169163,186.613344
2023-06-22 15:26:00+00:00,186.4,186.6,186.37,1508,186.5899,141079,186.502797
2023-06-22 15:27:00+00:00,186.48,186.5198,186.3925,1150,186.4,113734,186.478227
2023-06-22 15:28:00+00:00,186.32,186.52,186.32,1084,186.5,106745,186.403988
2023-06-22 15:29:00+00:00,186.25,186.37,186.235,1694,186.31,158895,186.30749
2023-06-22 15:30:00+00:00,186.2699,186.3358,186.2314,1124,186.24,82518,186.274633
2023-06-22 15:31:00+00:00,186.18,186.27,186.171,1094,186.26,101298,186.223791
2023-06-22 15:32:00+00:00,186.23,186.26,186.14,1541,186.175,132882,186.204194
2023-06-22 15:33:00+00:00,186.205,186.29,186.18,1414,186.21,95944,186.236902
2023-06-22 15:34:00+00:00,186.18,186.26,186.135,1259,186.2199,86378,186.195945
2023-06-22 15:35:00+00:00,186.16,186.21,186.105,1369,186.17,104173,186.162561
2023-06-22 15:36:00+00:00,186.17,186.25,186.16,1279,186.17,91646,186.20315
2023-06-22 15:37:00+00:00,186.325,186.33,186.17,1698,186.18,154729,186.264883
2023-06-22 15:38:00+00:00,186.25,186.4,186.24,1284,186.32,105738,186.323602
2023-06-22 15:39:00+00:00,186.3803,186.39,186.24,912,186.24,63548,186.326534
2023-06-22 15:40:00+00:00,186.47,186.55,186.385,2010,186.39,194031,186.454775
2023-06-22 15:41:00+00:00,186.49,186.52,186.452,1243,186.46,102018,186.485856
2023-06-22 15:42:00+00:00,186.5496,186.58,186.465,1111,186.49,96722,186.535561
2023-06-22 15:43:00+00:00,186.595,186.62,186.515,1370,186.55,136281,186.58459
2023-06-22 15:44:00+00:00,186.585,186.61,186.57,1234,186.59,107633,186.58717
2023-06-22 15:45:00+00:00,186.57,186.63,186.525,1245,186.58,92242,186.574701
2023-06-22 15:46:00+00:00,186.635,186.65,186.56,1056,186.575,62636,186.618239
2023-06-22 15:47:00+00:00,186.575,186.64,186.54,905,186.6299,68923,186.586777
2023-06-22 15:48:00+00:00,186.51,186.5774,186.48,983,186.5774,93775,186.515902
2023-06-22 15:49:00+00:00,186.53,186.55,186.4717,813,186.51,59667,186.513182
2023-06-22 15:50:00+00:00,186.51,186.54,186.4573,920,186.52,69256,186.507493
2023-06-22 15:51:00+00:00,186.5501,186.63,186.5,1146,186.51,95368,186.577337
2023-06-22 15:52:00+00:00,186.642,186.68,186.545,1361,186.56,113454,186.628963
2023-06-22 15:53:00+00:00,186.465,186.73,186.4542,1704,186.64,178063,186.625952
2023-06-22 15:54:00+00:00,186.399,186.465,186.36,1154,186.465,100901,186.397254
2023-06-22 15:55:00+00:00,186.36,186.42,186.3,983,186.4067,80080,186.352898
2023-06-22 15:56:00+00:00,186.2499,186.37,186.24,1019,186.3655,78535,186.292135
2023-06-22 15:57:00+00:00,186.34,186.34,186.2101,871,186.24,81957,186.267073
2023-06-22 15:58:00+00:00,186.325,186.3499,186.26,563,186.3495,52348,186.304532
2023-06-22 15:59:00+00:00,186.34,186.36,186.3,686,186.325,50017,186.333956
2023-06-22 16:00:00+00:00,186.2584,186.36,186.245,895,186.35,57192,186.280292
2023-06-22 16:01:00+00:00,186.15,186.25,186.12,1142,186.25,81896,186.175092
2023-06-22 16:02:00+00:00,186.1455,186.18,186.1,891,186.14,74826,186.141104
2023-06-22 16:03:00+00:00,186.0501,186.15,186.02,926,186.14,75506,186.082031
2023-06-22 16:04:00+00:00,186.08,186.13,186.04,1515,186.07,152232,186.083408
2023-06-22 16:05:00+00:00,185.97,186.08,185.96,1261,186.08,119105,185.999494
2023-06-22 16:06:00+00:00,186.075,186.0884,185.95,851,185.99,71217,186.015727
2023-06-22 16:07:00+00:00,186.02,186.0838,185.995,537,186.07,43172,186.046848
2023-06-22 16:08:00+00:00,185.96,186.07,185.95,739,186.015,59332,186.009366
2023-06-22 16:09:00+00:00,185.93,186.0,185.88,905,185.97,77914,185.934332
2023-06-22 16:10:00+00:00,185.8,185.95,185.765,1300,185.94,141137,185.82905
2023-06-22 16:11:00+00:00,185.895,185.91,185.79,968,185.79,83425,185.837426
2023-06-22 16:12:00+00:00,185.905,185.919,185.8211,685,185.8999,44337,185.878274
2023-06-22 16:13:00+00:00,185.8071,185.91,185.79,590,185.905,56534,185.886445
2023-06-22 16:14:00+00:00,185.78,185.83,185.765,613,185.8,41819,185.79123
2023-06-22 16:15:00+00:00,185.8253,185.84,185.732,1036,185.78,92185,185.781071
2023-06-22 16:16:00+00:00,185.8736,185.9085,185.77,803,185.82,62679,185.846727
2023-06-22 16:17:00+00:00,185.92,185.945,185.87,682,185.89,54024,185.914844
2023-06-22 16:18:00+00:00,185.9109,185.935,185.87,687,185.91,42269,185.900373
2023-06-22 16:19:00+00:00,185.84,185.9391,185.83,1069,185.91,83863,185.885413
2023-06-22 16:20:00+00:00,185.94,185.9499,185.8,869,185.845,79996,185.885295
2023-06-22 16:21:00+00:00,186.04,186.04,185.935,1260,185.935,76643,185.996739
2023-06-22 16:22:00+00:00,186.035,186.13,186.02,932,186.05,97812,186.073824
2023-06-22 16:23:00+00:00,186.0803,186.09,186.0112,737,186.03,59946,186.056233
2023-06-22 16:24:00+00:00,186.12,186.15,186.06,1029,186.0875,87506,186.106943
2023-06-22 16:25:00+00:00,186.04,186.13,186.02,764,186.12,70951,186.077804
2023-06-22 16:26:00+00:00,185.97,186.04,185.93,836,186.04,73136,185.977951
2023-06-22 16:27:00+00:00,185.99,186.0,185.91,821,185.98,52383,185.954475
2023-06-22 16:28:00+00:00,186.11,186.11,186.0,766,186.0,52457,186.051844
2023-06-22 16:29:00+00:00,186.07,186.11,186.0203,798,186.105,49317,186.07251
2023-06-22 16:30:00+00:00,186.08,186.1,185.98,742,186.07,40260,186.044503
2023-06-22 16:31:00+00:00,186.1,186.12,186.055,711,186.0899,52319,186.08457
2023-06-22 16:32:00+00:00,186.0,186.1003,185.99,495,186.1,39642,186.039525
2023-06-22 16:33:00+00:00,186.0421,186.09,185.96,702,185.991,59069,186.025776
2023-06-22 16:34:00+00:00,186.0912,186.0912,186.035,479,186.04,36413,186.059982
2023-06-22 16:35:00+00:00,186.225,186.23,186.07,928,186.09,102118,186.145992
2023-06-22 16:36:00+00:00,186.2,186.24,186.14,752,186.22,79468,186.193178
2023-06-22 16:37:00+00:00,186.2166,186.2298,186.16,549,186.1999,51060,186.191609
2023-06-22 16:38:00+00:00,186.07,186.22,186.0505,645,186.215,59463,186.141583
2023-06-22 16:39:00+00:00,186.13,186.13,186.0315,540,186.06,38210,186.075663
2023-06-22 16:40:00+00:00,186.16,186.1799,186.06,663,186.115,52846,186.118301
2023-06-22 16:41:00+00:00,186.1076,186.1699,186.095,351,186.1601,26775,186.141498
2023-06-22 16:42:00+00:00,186.16,186.2,186.095,609,186.11,56980,186.154372
2023-06-22 16:43:00+00:00,186.14,186.17,186.11,482,186.16,34095,186.130636
2023-06-22 16:44:00+00:00,186.0701,186.1744,186.041,587,186.135,42037,186.095206
2023-06-22 16:45:00+00:00,186.12,186.14,186.03,520,186.075,42808,186.095722
2023-06-22 16:46:00+00:00,186.17,186.19,186.12,554,186.12,43167,186.1662
2023-06-22 16:47:00+00:00,186.185,186.2,186.13,626,186.16,49838,186.177806
2023-06-22 16:48:00+00:00,186.06,186.195,186.04,567,186.19,51461,186.094418
2023-06-22 16:49:00+00:00,186.06,186.1099,186.0375,517,186.0599,36520,186.060196
2023-06-22 16:50:00+00:00,185.995,186.08,185.98,757,186.07,52571,186.024771
2023-06-22 16:51:00+00:00,186.02,186.036,185.9849,523,185.99,35906,186.011584
2023-06-22 16:52:00+00:00,186.0211,186.069,185.99,647,186.03,62520,186.025039
2023-06-22 16:53:00+00:00,186.045,186.0499,185.99,488,186.03,24666,186.021722
2023-06-22 16:54:00+00:00,185.96,186.047,185.96,527,186.047,38503,185.986538
2023-06-22 16:55:00+00:00,185.98,186.0199,185.95,516,185.97,31570,185.983644
2023-06-22 16:56:00+00:00,186.0088,186.04,185.98,518,185.98,42998,186.013595
2023-06-22 16:57:00+00:00,185.9699,186.01,185.93,638,186.0016,59840,185.968325
2023-06-22 16:58:00+00:00,186.105,186.11,185.97,835,185.97,66593,186.063278
2023-06-22 16:59:00+00:00,186.13,186.1777,186.09,654,186.1,49624,186.13785
2023-06-22 17:00:00+00:00,186.0501,186.14,186.03,542,186.135,42603,186.079044
2023-06-22 17:01:00+00:00,185.92,186.05,185.92,540,186.045,45893,185.980723
2023-06-22 17:02:00+00:00,185.78,185.94,185.7528,1334,185.92,117551,185.848356
2023-06-22 17:03:00+00:00,185.76,185.85,185.755,715,185.765,61483,185.806929
2023-06-22 17:04:00+00:00,185.6599,185.755,185.65,1090,185.75,114329,185.70464
2023-06-22 17:05:00+00:00,185.67,185.71,185.62,773,185.65,75762,185.664132
2023-06-22 17:06:00+00:00,185.705,185.74,185.63,827,185.6856,95153,185.684555
2023-06-22 17:07:00+00:00,185.77,185.81,185.715,666,185.715,59383,185.768391
2023-06-22 17:08:00+00:00,185.705,185.78,185.693,511,185.77,44585,185.730313
2023-06-22 17:09:00+00:00,185.65,185.72,185.64,566,185.69,43229,185.679809
2023-06-22 17:10:00+00:00,185.78,185.79,185.61,841,185.65,111425,185.67994
2023-06-22 17:11:00+00:00,185.73,185.78,185.68,574,185.78,80753,185.72005
2023-06-22 17:12:00+00:00,185.75,185.78,185.695,508,185.72,43696,185.75742
2023-06-22 17:13:00+00:00,185.75,185.76,185.69,605,185.76,71372,185.720049
2023-06-22 17:14:00+00:00,185.7289,185.75,185.69,395,185.745,21993,185.71568
2023-06-22 17:15:00+00:00,185.66,185.725,185.63,650,185.72,51056,185.675114
2023-06-22 17:16:00+00:00,185.65,185.725,185.6154,624,185.66,40186,185.670227
2023-06-22 17:17:00+00:00,185.645,185.68,185.62,552,185.6481,35938,185.651272
2023-06-22 17:18:00+00:00,185.75,185.755,185.645,575,185.645,36227,185.718254
2023-06-22 17:19:00+00:00,185.81,185.81,185.745,618,185.7499,34278,185.78496
2023-06-22 17:20:00+00:00,185.68,185.805,185.67,568,185.805,39658,185.74069
2023-06-22 17:21:00+00:00,185.62,185.71,185.6,735,185.67,62876,185.651658
2023-06-22 17:22:00+00:00,185.77,185.79,185.61,773,185.63,61711,185.699205
2023-06-22 17:23:00+00:00,185.79,185.79,185.7366,567,185.77,37550,185.760842
2023-06-22 17:24:00+00:00,185.7433,185.79,185.71,746,185.79,45188,185.754217
2023-06-22 17:25:00+00:00,185.75,185.78,185.68,584,185.74,48180,185.729695
2023-06-22 17:26:00+00:00,185.81,185.81,185.73,635,185.75,41078,185.764751
2023-06-22 17:27:00+00:00,185.7889,185.81,185.745,423,185.81,28166,185.776168
2023-06-22 17:28:00+00:00,185.7789,185.81,185.76,598,185.785,44118,185.785531
2023-06-22 17:29:00+00:00,185.75,185.8,185.73,485,185.78,40809,185.759888
2023-06-22 17:30:00+00:00,185.77,185.78,185.69,847,185.75,59468,185.743731
2023-06-22 17:31:00+00:00,185.83,185.85,185.75,740,185.76,41695,185.816587
2023-06-22 17:32:00+00:00,185.82,185.85,185.805,544,185.84,46113,185.831025
2023-06-22 17:33:00+00:00,185.73,185.8173,185.68,683,185.815,59698,185.722133
2023-06-22 17:34:00+00:00,185.75,185.75,185.715,403,185.7321,32693,185.734017
2023-06-22 17:35:00+00:00,185.7687,185.77,185.685,551,185.745,74524,185.751858
2023-06-22 17:36:00+00:00,185.685,185.76,185.6801,439,185.76,30360,185.725459
2023-06-22 17:37:00+00:00,185.69,185.7,185.6106,654,185.68,56050,185.663245
2023-06-22 17:38:00+00:00,185.74,185.76,185.69,513,185.69,43999,185.720098
2023-06-22 17:39:00+00:00,185.7699,185.79,185.74,561,185.74,43983,185.773171
2023-06-22 17:40:00+00:00,185.9084,185.9199,185.75,828,185.77,86090,185.819614
2023-06-22 17:41:00+00:00,185.9396,185.99,185.9,774,185.9099,74997,185.946309
2023-06-22 17:42:00+00:00,185.9901,186.005,185.93,840,185.9479,86879,185.980718
2023-06-22 17:43:00+00:00,186.09,186.09,185.995,686,186.0,65000,186.049305
2023-06-22 17:44:00+00:00,186.0855,186.1,186.03,553,186.085,67029,186.064839
2023-06-22 17:45:00+00:00,186.0299,186.1,186.0,549,186.09,72943,186.0341
2023-06-22 17:46:00+00:00,186.017,186.03,185.955,619,186.0296,72683,185.997084
2023-06-22 17:47:00+00:00,185.9779,186.02,185.9404,522,186.02,60728,185.979089
2023-06-22 17:48:00+00:00,186.04,186.05,185.94,582,185.975,51151,186.010052
2023-06-22 17:49:00+00:00,186.1096,186.115,186.04,636,186.04,57439,186.083538
2023-06-22 17:50:00+00:00,186.18,186.19,186.085,730,186.105,68738,186.126053
2023-06-22 17:51:00+00:00,186.25,186.255,186.17,1063,186.18,106160,186.221786
2023-06-22 17:52:00+00:00,186.29,186.31,186.24,855,186.255,88416,186.272461
2023-06-22 17:53:00+00:00,186.295,186.3193,186.26,728,186.29,49682,186.290557
2023-06-22 17:54:00+00:00,186.365,186.37,186.29,647,186.3,77941,186.329541
2023-06-22 17:55:00+00:00,186.4744,186.48,186.34,1082,186.3699,127268,186.413838
2023-06-22 17:56:00+00:00,186.4681,186.49,186.44,904,186.475,99826,186.458095
2023-06-22 17:57:00+00:00,186.395,186.46,186.37,735,186.46,78737,186.405123
2023-06-22 17:58:00+00:00,186.4701,186.48,186.3609,834,186.3901,86354,186.41712
2023-06-22 17:59:00+00:00,186.445,186.4749,186.415,653,186.4749,71497,186.448207
2023-06-22 18:00:00+00:00,186.485,186.49,186.44,615,186.445,56483,186.465859
2023-06-22 18:01:00+00:00,186.53,186.56,186.472,1403,186.485,142299,186.511227
2023-06-22 18:02:00+00:00,186.4901,186.57,186.49,721,186.525,65492,186.530117
2023-06-22 18:03:00+00:00,186.535,186.5399,186.47,565,186.49,55530,186.515125
2023-06-22 18:04:00+00:00,186.525,186.56,186.51,588,186.54,53318,186.542127
2023-06-22 18:05:00+00:00,186.51,186.55,186.5,749,186.53,52497,186.522685
2023-06-22 18:06:00+00:00,186.425,186.51,186.41,851,186.5099,77281,186.454335
2023-06-22 18:07:00+00:00,186.43,186.47,186.41,665,186.43,49854,186.436365
2023-06-22 18:08:00+00:00,186.47,186.5,186.42,510,186.43,50913,186.457578
2023-06-22 18:09:00+00:00,186.41,186.49,186.4,571,186.465,54491,186.447532
2023-06-22 18:10:00+00:00,186.415,186.44,186.405,657,186.41,55250,186.422657
2023-06-22 18:11:00+00:00,186.49,186.49,186.405,692,186.42,40018,186.453096
2023-06-22 18:12:00+00:00,186.44,186.5,186.43,627,186.4858,53902,186.471375
2023-06-22 18:13:00+00:00,186.395,186.45,186.365,681,186.44,44795,186.400092
2023-06-22 18:14:00+00:00,186.4172,186.46,186.395,609,186.395,38776,186.432362
2023-06-22 18:15:00+00:00,186.3708,186.44,186.35,683,186.411,56041,186.393231
2023-06-22 18:16:00+00:00,186.4,186.41,186.3397,641,186.365,76759,186.377991
2023-06-22 18:17:00+00:00,186.4043,186.44,186.375,504,186.38,44163,186.405801
2023-06-22 18:18:00+00:00,186.375,186.41,186.3646,610,186.4,50026,186.389157
2023-06-22 18:19:00+00:00,186.36,186.37,186.295,813,186.37,83877,186.323435
2023-06-22 18:20:00+00:00,186.3506,186.39,186.3,674,186.36,72915,186.337933
2023-06-22 18:21:00+00:00,186.39,186.43,186.3523,646,186.3523,52664,186.392845
2023-06-22 18:22:00+00:00,186.405,186.425,186.3801,512,186.395,36902,186.403194
2023-06-22 18:23:00+00:00,186.3999,186.41,186.37,503,186.405,36698,186.395298
2023-06-22 18:24:00+00:00,186.4306,186.44,186.4,572,186.4,32901,186.425158
2023-06-22 18:25:00+00:00,186.345,186.47,186.345,694,186.435,58369,186.414183
2023-06-22 18:26:00+00:00,186.37,186.39,186.33,619,186.34,52739,186.360916
2023-06-22 18:27:00+00:00,186.4,186.42,186.32,805,186.365,82825,186.359758
2023-06-22 18:28:00+00:00,186.405,186.47,186.365,738,186.41,67893,186.419866
2023-06-22 18:29:00+00:00,186.425,186.45,186.36,630,186.4093,41895,186.41852
2023-06-22 18:30:00+00:00,186.415,186.49,186.395,748,186.425,87665,186.454413
2023-06-22 18:31:00+00:00,186.535,186.55,186.41,935,186.42,69639,186.488725
2023-06-22 18:32:00+00:00,186.52,186.59,186.52,997,186.54,92084,186.543119
2023-06-22 18:33:00+00:00,186.2748,186.52,186.25,1187,186.52,107477,186.394413
2023-06-22 18:34:00+00:00,186.345,186.36,186.21,865,186.26,88756,186.285819
2023-06-22 18:35:00+00:00,186.36,186.36,186.2601,631,186.34,52850,186.309473
2023-06-22 18:36:00+00:00,186.44,186.46,186.34,721,186.355,58750,186.398719
2023-06-22 18:37:00+00:00,186.455,186.475,186.4,624,186.44,48466,186.443739
2023-06-22 18:38:00+00:00,186.44,186.4984,186.4304,583,186.46,44610,186.463366
2023-06-22 18:39:00+00:00,186.455,186.48,186.435,655,186.4499,51981,186.455585
2023-06-22 18:40:00+00:00,186.46,186.49,186.445,564,186.46,38273,186.470148
2023-06-22 18:41:00+00:00,186.4107,186.5,186.41,914,186.46,88997,186.451536
2023-06-22 18:42:00+00:00,186.48,186.5,186.38,812,186.41,66227,186.438479
2023-06-22 18:43:00+00:00,186.51,186.54,186.4825,614,186.4825,36801,186.509235
2023-06-22 18:44:00+00:00,186.525,186.54,186.475,585,186.5,50380,186.504621
2023-06-22 18:45:00+00:00,186.495,186.53,186.46,535,186.53,40931,186.490633
2023-06-22 18:46:00+00:00,186.4821,186.5,186.46,506,186.49,33710,186.4756
2023-06-22 18:47:00+00:00,186.46,186.485,186.4309,589,186.48,47523,186.457744
2023-06-22 18:48:00+00:00,186.42,186.46,186.395,574,186.46,49191,186.420771
2023-06-22 18:49:00+00:00,186.42,186.46,186.4,673,186.4107,57515,186.431529
2023-06-22 18:50:00+00:00,186.495,186.5,186.41,795,186.42,65420,186.460918
2023-06-22 18:51:00+00:00,186.5101,186.5299,186.485,656,186.5,48142,186.506458
2023-06-22 18:52:00+00:00,186.525,186.57,186.515,747,186.52,81024,186.550565
2023-06-22 18:53:00+00:00,186.5,186.5299,186.48,744,186.525,72219,186.498824
2023-06-22 18:54:00+00:00,186.57,186.57,186.49,691,186.5,59623,186.536372
2023-06-22 18:55:00+00:00,186.63,186.65,186.55,1643,186.56,153422,186.619744
2023-06-22 18:56:00+00:00,186.61,186.635,186.5724,681,186.625,65970,186.596273
2023-06-22 18:57:00+00:00,186.6424,186.68,186.61,1188,186.615,106602,186.647608
2023-06-22 18:58:00+00:00,186.68,186.71,186.64,1150,186.66,120556,186.682931
2023-06-22 18:59:00+00:00,186.7011,186.73,186.67,781,186.685,74943,186.69751
2023-06-22 19:00:00+00:00,186.61,186.73,186.6,1001,186.71,106014,186.670736
2023-06-22 19:01:00+00:00,186.5089,186.63,186.5089,788,186.61,71307,186.582643
2023-06-22 19:02:00+00:00,186.605,186.64,186.5,876,186.505,66268,186.572662
2023-06-22 19:03:00+00:00,186.59,186.6202,186.5501,576,186.61,44720,186.589153
2023-06-22 19:04:00+00:00,186.502,186.61,186.4914,822,186.59,57770,186.545591
2023-06-22 19:05:00+00:00,186.535,186.535,186.45,872,186.505,68474,186.490863
2023-06-22 19:06:00+00:00,186.5401,186.58,186.53,674,186.53,57536,186.549849
2023-06-22 19:07:00+00:00,186.55,186.58,186.515,987,186.55,77276,186.551352
2023-06-22 19:08:00+00:00,186.4804,186.5565,186.47,716,186.5565,54275,186.498541
2023-06-22 19:09:00+00:00,186.505,186.55,186.49,641,186.49,40433,186.515033
2023-06-22 19:10:00+00:00,186.56,186.57,186.49,1028,186.5,84226,186.538418
2023-06-22 19:11:00+00:00,186.55,186.57,186.48,936,186.5587,88925,186.516637
2023-06-22 19:12:00+00:00,186.6291,186.65,186.55,1339,186.55,135530,186.606133
2023-06-22 19:13:00+00:00,186.64,186.65,186.57,697,186.635,60063,186.610747
2023-06-22 19:14:00+00:00,186.655,186.69,186.63,819,186.65,79478,186.662816
2023-06-22 19:15:00+00:00,186.6886,186.69,186.63,923,186.65,83154,186.661087
2023-06-22 19:16:00+00:00,186.585,186.685,186.575,693,186.68,58519,186.619491
2023-06-22 19:17:00+00:00,186.54,186.585,186.52,884,186.585,85880,186.54316
2023-06-22 19:18:00+00:00,186.62,186.62,186.49,948,186.54,87827,186.555675
2023-06-22 19:19:00+00:00,186.64,186.65,186.595,935,186.6161,83502,186.621044
2023-06-22 19:20:00+00:00,186.595,186.67,186.58,777,186.639,77612,186.624013
2023-06-22 19:21:00+00:00,186.57,186.63,186.5497,836,186.59,68635,186.592704
2023-06-22 19:22:00+00:00,186.5071,186.565,186.45,1094,186.565,124477,186.496452
2023-06-22 19:23:00+00:00,186.51,186.54,186.4815,939,186.5,97182,186.511929
2023-06-22 19:24:00+00:00,186.5,186.54,186.45,939,186.52,69262,186.493676
2023-06-22 19:25:00+00:00,186.465,186.53,186.4601,842,186.495,63186,186.492126
2023-06-22 19:26:00+00:00,186.475,186.5,186.4447,908,186.465,77462,186.469238
2023-06-22 19:27:00+00:00,186.44,186.49,186.425,801,186.475,79637,186.454635
2023-06-22 19:28:00+00:00,186.4592,186.47,186.435,691,186.44,60454,186.451879
2023-06-22 19:29:00+00:00,186.415,186.47,186.4,877,186.46,76807,186.432878
2023-06-22 19:30:00+00:00,186.37,186.43,186.33,1546,186.42,153016,186.374938
2023-06-22 19:31:00+00:00,186.43,186.47,186.3616,990,186.3616,86609,186.41603
2023-06-22 19:32:00+00:00,186.37,186.44,186.31,1009,186.425,95799,186.367954
2023-06-22 19:33:00+00:00,186.3083,186.37,186.2832,1024,186.37,95969,186.319679
2023-06-22 19:34:00+00:00,186.3788,186.3996,186.295,1078,186.3,112744,186.334037
2023-06-22 19:35:00+00:00,186.42,186.44,186.36,1028,186.378,90444,186.397705
2023-06-22 19:36:00+00:00,186.4301,186.47,186.405,1109,186.42,89332,186.430436
2023-06-22 19:37:00+00:00,186.475,186.49,186.425,931,186.43,82672,186.468583
2023-06-22 19:38:00+00:00,186.47,186.52,186.455,1177,186.48,102166,186.486476
2023-06-22 19:39:00+00:00,186.52,186.54,186.43,1330,186.465,105450,186.489006
2023-06-22 19:40:00+00:00,186.5101,186.58,186.5,1170,186.52,115019,186.539758
2023-06-22 19:41:00+00:00,186.58,186.58,186.48,1086,186.51,105920,186.543652
2023-06-22 19:42:00+00:00,186.565,186.58,186.52,1064,186.575,79268,186.546144
2023-06-22 19:43:00+00:00,186.535,186.5925,186.52,1315,186.5632,116586,186.558321
2023-06-22 19:44:00+00:00,186.545,186.57,186.49,1636,186.535,147738,186.522553
2023-06-22 19:45:00+00:00,186.585,186.587,186.5,1741,186.54,175767,186.535664
2023-06-22 19:46:00+00:00,186.6599,186.71,186.575,2185,186.58,228394,186.656339
2023-06-22 19:47:00+00:00,186.6875,186.7,186.63,1236,186.66,122377,186.661712
2023-06-22 19:48:00+00:00,186.71,186.73,186.6601,1019,186.69,114287,186.705127
2023-06-22 19:49:00+00:00,186.6409,186.715,186.62,1301,186.7039,114286,186.664136
2023-06-22 19:50:00+00:00,186.65,186.75,186.64,2385,186.64,240487,186.702142
2023-06-22 19:51:00+00:00,186.67,186.7,186.6288,1639,186.66,127323,186.659833
2023-06-22 19:52:00+00:00,186.635,186.71,186.63,1580,186.665,143032,186.674024
2023-06-22 19:53:00+00:00,186.645,186.66,186.585,1887,186.63,165461,186.623137
2023-06-22 19:54:00+00:00,186.87,186.93,186.64,5136,186.64,530452,186.758907
2023-06-22 19:55:00+00:00,186.78,186.92,186.78,4371,186.88,447205,186.86784
2023-06-22 19:56:00+00:00,186.82,186.829,186.76,2555,186.79,274812,186.793894
2023-06-22 19:57:00+00:00,186.885,186.91,186.805,3420,186.82,389728,186.866575
2023-06-22 19:58:00+00:00,186.975,186.99,186.87,3964,186.88,513312,186.941941
2023-06-22 19:59:00+00:00,186.97,187.045,186.92,9529,186.97,1202266,186.985095
2023-06-22 20:00:00+00:00,187.02,187.04,186.93,298,186.96,7733473,186.99998
2023-06-22 20:01:00+00:00,187.1,187.12,187.02,334,187.02,236174,187.013783
2023-06-22 20:02:00+00:00,187.09,187.12,187.06,130,187.1,4005,187.087713
2023-06-22 20:03:00+00:00,187.12,187.14,187.07,142,187.09,9855,187.096529
2023-06-22 20:04:00+00:00,187.15,187.15,187.1,74,187.1,2541,187.121761
2023-06-22 20:05:00+00:00,187.06,187.15,187.06,135,187.1,14326,187.077675
2023-06-22 20:06:00+00:00,187.0,187.08,187.0,79,187.0742,107876,187.00169
2023-06-22 20:07:00+00:00,187.08,187.1,187.02,127,187.03,8297,187.059021
2023-06-22 20:08:00+00:00,187.05,187.08,187.02,65,187.08,4194,187.056438
2023-06-22 20:09:00+00:00,187.0401,187.08,187.02,98,187.03,108044,187.002765
2023-06-22 20:10:00+00:00,187.09,187.1,187.0,210,187.05,21250,187.04201
2023-06-22 20:11:00+00:00,187.1,187.1,187.08,38,187.09,3107,187.094457
2023-06-22 20:12:00+00:00,187.04,187.07,187.02,102,187.07,7554,187.046418
2023-06-22 20:13:00+00:00,187.09,187.12,187.04,113,187.04,7662,187.080558
2023-06-22 20:14:00+00:00,187.1,187.14,187.1,92,187.1,5457,187.107831
2023-06-22 20:15:00+00:00,187.1,187.14,187.0,97,187.1,27894,187.036566
2023-06-22 20:16:00+00:00,187.14,187.14,187.1,93,187.11,8246,187.128124
2023-06-22 20:17:00+00:00,187.1,187.14,187.1,90,187.12,8092,187.111082
2023-06-22 20:18:00+00:00,187.05,187.1,187.05,80,187.1,6314,187.068801
2023-06-22 20:19:00+00:00,187.12,187.14,187.04,53,187.04,3588,187.117708
2023-06-22 20:20:00+00:00,187.15,187.15,187.12,53,187.148,4256,187.144987
2023-06-22 20:21:00+00:00,187.13,187.15,187.12,57,187.12,2399,187.13171
2023-06-22 20:22:00+00:00,187.06,187.15,187.02,116,187.15,7491,187.098547
2023-06-22 20:23:00+00:00,187.13,187.14,187.11,50,187.11,1769,187.116018
2023-06-22 20:24:00+00:00,187.11,187.12,187.02,136,187.12,10553,187.07625
2023-06-22 20:25:00+00:00,187.1,187.1,187.07,45,187.09,2638,187.09142
2023-06-22 20:26:00+00:00,187.13,187.13,187.1,54,187.1,2856,187.106355
2023-06-22 20:27:00+00:00,187.07,187.14,187.05,83,187.13,4433,187.10029
2023-06-22 20:28:00+00:00,187.03,187.1,187.03,39,187.1,1853,187.054441
2023-06-22 20:29:00+00:00,187.11,187.12,187.04,74,187.04,4028,187.089202
2023-06-22 20:30:00+00:00,187.1076,187.12,187.04,54,187.08,3812,187.084873
2023-06-22 20:31:00+00:00,187.12,187.12,187.11,29,187.11,1510,187.117391
2023-06-22 20:32:00+00:00,187.13,187.13,187.12,23,187.12,751,187.120586
2023-06-22 20:33:00+00:00,187.16,187.16,187.16,58,187.16,842,187.152933
2023-06-22 20:34:00+00:00,187.14,187.14,187.0,28,187.0,60995,187.000616
2023-06-22 20:35:00+00:00,187.18,187.19,187.1,76,187.16,7027,187.149062
2023-06-22 20:36:00+00:00,187.2002,187.2002,187.17,85,187.2,9853,187.199193
2023-06-22 20:37:00+00:00,187.21,187.2125,187.21,27,187.21,798,187.214279
2023-06-22 20:38:00+00:00,187.2352,187.24,187.22,30,187.24,657,187.230944
2023-06-22 20:39:00+00:00,187.16,187.21,187.16,53,187.21,1764,187.199529
2023-06-22 20:40:00+00:00,187.15,187.18,187.13,52,187.14,3909,187.156508
2023-06-22 20:41:00+00:00,187.18,187.18,187.13,46,187.18,2605,187.153885
2023-06-22 20:42:00+00:00,187.2,187.21,187.13,75,187.17,4873,187.180416
2023-06-22 20:43:00+00:00,187.21,187.24,187.21,72,187.22,3725,187.22696
2023-06-22 20:44:00+00:00,187.21,187.24,187.14,75,187.23,90510,187.017203
2023-06-22 20:45:00+00:00,187.2,187.23,187.15,60,187.2,4013,187.198324
2023-06-22 20:46:00+00:00,187.17,187.2,187.11,114,187.2,7125,187.148854
2023-06-22 20:47:00+00:00,187.19,187.19,187.1,79,187.14,5471,187.141027
2023-06-22 20:48:00+00:00,187.13,187.18,187.13,52,187.18,2496,187.148252
2023-06-22 20:49:00+00:00,187.17,187.17,187.16,39,187.16,1515,187.165471
2023-06-22 20:50:00+00:00,187.17,187.17,187.17,27,187.17,598,187.165624
2023-06-22 20:52:00+00:00,187.16,187.19,187.16,25,187.16,1556,187.180124
2023-06-22 20:53:00+00:00,187.2,187.2,187.2,26,187.2,813,187.198672
2023-06-22 20:54:00+00:00,187.2,187.21,187.2,35,187.2,1149,187.203151
2023-06-22 20:55:00+00:00,187.23,187.23,187.1801,38,187.1801,1701,187.207722
2023-06-22 20:56:00+00:00,187.2,187.2,187.1,63,187.18,4595,187.154276
2023-06-22 20:57:00+00:00,187.13,187.19,187.13,56,187.19,3927,187.131762
2023-06-22 20:58:00+00:00,187.18,187.2,187.14,50,187.14,3154,187.163135
2023-06-22 20:59:00+00:00,187.1026,187.16,187.1,59,187.15,4130,187.123021
2023-06-22 21:00:00+00:00,187.18,187.18,187.12,37,187.14,2958,187.150747
2023-06-22 21:01:00+00:00,187.1219,187.19,187.1219,26,187.19,3576,187.19972
2023-06-22 21:02:00+00:00,187.16,187.1798,187.16,17,187.1798,358,187.171397
2023-06-22 21:03:00+00:00,187.19,187.19,187.16,60,187.18,2842,187.184375
2023-06-22 21:04:00+00:00,187.18,187.21,187.17,65,187.17,4248,187.194326
2023-06-22 21:05:00+00:00,187.15,187.18,187.14,41,187.18,3149,187.15704
2023-06-22 21:06:00+00:00,187.19,187.2,187.14,38,187.14,2698,187.188089
2023-06-22 21:08:00+00:00,187.16,187.17,187.14,42,187.17,3517,187.153722
2023-06-22 21:09:00+00:00,187.19,187.2,187.1299,67,187.14,6730,187.146808
2023-06-22 21:10:00+00:00,187.2,187.2,187.2,14,187.2,289,187.199031
2023-06-22 21:11:00+00:00,187.15,187.18,187.15,40,187.17,2251,187.161068
2023-06-22 21:12:00+00:00,187.18,187.18,187.15,18,187.15,1026,187.172377
2023-06-22 21:13:00+00:00,187.16,187.16,187.15,26,187.15,1642,187.150695
2023-06-22 21:14:00+00:00,187.1699,187.1699,187.15,21,187.16,670,187.161643
2023-06-22 21:15:00+00:00,187.1699,187.1699,187.1699,20,187.1699,749,187.164209
2023-06-22 21:16:00+00:00,187.15,187.15,187.15,23,187.15,1461,187.14988
2023-06-22 21:20:00+00:00,187.16,187.16,187.16,18,187.16,143,187.157273
2023-06-22 21:21:00+00:00,187.14,187.1409,187.14,19,187.1409,335,187.144059
2023-06-22 21:22:00+00:00,187.14,187.15,187.14,25,187.15,607,187.143887
2023-06-22 21:24:00+00:00,187.14,187.14,187.14,26,187.14,494,187.143263
2023-06-22 21:25:00+00:00,187.11,187.11,187.11,17,187.11,885,187.109881
2023-06-22 21:26:00+00:00,187.14,187.14,187.13,28,187.13,1052,187.135551
2023-06-22 21:28:00+00:00,187.11,187.11,187.11,19,187.11,170,187.118559
2023-06-22 21:29:00+00:00,187.11,187.15,187.11,35,187.15,2322,187.141356
2023-06-22 21:32:00+00:00,187.11,187.12,187.11,23,187.12,484,187.114277
2023-06-22 21:33:00+00:00,187.14,187.14,187.08,43,187.12,1920,187.111031
2023-06-22 21:34:00+00:00,187.15,187.15,187.15,15,187.15,385,187.143195
2023-06-22 21:35:00+00:00,187.13,187.13,187.13,10,187.13,1010,187.130079
2023-06-22 21:36:00+00:00,187.15,187.15,187.15,21,187.15,299,187.148029
2023-06-22 21:37:00+00:00,187.14,187.14,187.13,23,187.13,755,187.129278
2023-06-22 21:38:00+00:00,187.09,187.11,187.09,20,187.11,495,187.102677
2023-06-22 21:39:00+00:00,187.15,187.15,187.14,24,187.14,774,187.142578
2023-06-22 21:40:00+00:00,187.15,187.15,187.14,16,187.14,857,187.148076
2023-06-22 21:41:00+00:00,187.16,187.16,187.16,19,187.16,1055,187.158289
2023-06-22 21:43:00+00:00,187.18,187.18,187.17,31,187.17,689,187.164689
2023-06-22 21:44:00+00:00,187.2,187.2,187.18,71,187.18,1414,187.19022
2023-06-22 21:45:00+00:00,187.23,187.23,187.2,20,187.2,2037,187.214256
2023-06-22 21:46:00+00:00,187.12,187.15,187.12,38,187.14,2271,187.127759
2023-06-22 21:47:00+00:00,187.21,187.21,187.21,40,187.21,443,187.194187
2023-06-22 21:48:00+00:00,187.24,187.24,187.21,37,187.21,2093,187.217731
2023-06-22 21:49:00+00:00,187.17,187.17,187.17,15,187.17,600,187.170208
2023-06-22 21:50:00+00:00,187.21,187.21,187.16,17,187.16,2527,187.169464
2023-06-22 21:52:00+00:00,187.14,187.2,187.14,31,187.2,2402,187.15749
2023-06-22 21:53:00+00:00,187.21,187.21,187.2,29,187.2,1546,187.2049
2023-06-22 21:55:00+00:00,187.17,187.17,187.17,38,187.17,1381,187.178621
2023-06-22 21:57:00+00:00,187.22,187.22,187.22,35,187.22,929,187.215199
2023-06-22 21:58:00+00:00,187.22,187.22,187.22,22,187.22,680,187.217037
2023-06-22 21:59:00+00:00,187.19,187.23,187.19,19,187.23,758,187.205092
2023-06-22 22:00:00+00:00,187.19,187.19,187.19,28,187.19,849,187.192285
2023-06-22 22:02:00+00:00,187.2,187.2,187.2,16,187.2,886,187.198002
2023-06-22 22:03:00+00:00,187.17,187.17,187.17,15,187.17,1012,187.170069
2023-06-22 22:04:00+00:00,187.16,187.16,187.16,17,187.16,343,187.156574
2023-06-22 22:05:00+00:00,187.17,187.17,187.15,20,187.15,648,187.154892
2023-06-22 22:06:00+00:00,187.17,187.17,187.17,18,187.17,322,187.164053
2023-06-22 22:07:00+00:00,187.15,187.15,187.15,9,187.15,268,187.151269
2023-06-22 22:08:00+00:00,187.15,187.16,187.15,41,187.15,2606,187.15575
2023-06-22 22:10:00+00:00,187.13,187.13,187.13,20,187.13,440,187.133489
2023-06-22 22:13:00+00:00,187.15,187.15,187.12,25,187.12,1112,187.13013
2023-06-22 22:14:00+00:00,187.15,187.15,187.15,13,187.15,163,187.149571
2023-06-22 22:16:00+00:00,187.12,187.14,187.12,26,187.14,1547,187.13389
2023-06-22 22:17:00+00:00,187.13,187.13,187.13,21,187.13,385,187.128727
2023-06-22 22:20:00+00:00,187.14,187.14,187.14,8,187.14,176,187.132188
2023-06-22 22:21:00+00:00,187.13,187.13,187.13,14,187.13,221,187.13009
2023-06-22 22:23:00+00:00,187.13,187.1305,187.13,11,187.1305,338,187.131067
2023-06-22 22:24:00+00:00,187.13,187.17,187.13,11,187.17,270,187.145778
2023-06-22 22:26:00+00:00,187.13,187.15,187.13,18,187.15,2517,187.146611
2023-06-22 22:27:00+00:00,187.17,187.22,187.16,72,187.16,3935,187.19547
2023-06-22 22:28:00+00:00,187.19,187.2,187.1701,16,187.1701,1926,187.179673
2023-06-22 22:29:00+00:00,187.19,187.19,187.19,19,187.19,598,187.189758
2023-06-22 22:30:00+00:00,187.1801,187.19,187.18,16,187.19,529,187.18482
2023-06-22 22:31:00+00:00,187.18,187.1805,187.18,19,187.1805,372,187.181586
2023-06-22 22:32:00+00:00,187.17,187.1722,187.17,11,187.1722,422,187.171967
2023-06-22 22:33:00+00:00,187.1704,187.1718,187.17,20,187.1718,999,187.171709
2023-06-22 22:35:00+00:00,187.19,187.19,187.19,23,187.19,976,187.188847
2023-06-22 22:36:00+00:00,187.19,187.19,187.19,17,187.19,523,187.190803
2023-06-22 22:38:00+00:00,187.2,187.2,187.2,18,187.2,573,187.199651
2023-06-22 22:39:00+00:00,187.18,187.2,187.18,27,187.2,1741,187.194348
2023-06-22 22:40:00+00:00,187.2,187.2,187.2,25,187.2,892,187.195404
2023-06-22 22:42:00+00:00,187.2,187.2,187.2,24,187.2,585,187.183419
2023-06-22 22:43:00+00:00,187.19,187.19,187.19,14,187.19,201,187.187139
2023-06-22 22:45:00+00:00,187.14,187.14,187.14,12,187.14,7924,187.140069
2023-06-22 22:46:00+00:00,187.15,187.16,187.15,15,187.16,350,187.154057
2023-06-22 22:47:00+00:00,187.15,187.15,187.15,14,187.15,744,184.384301
2023-06-22 22:48:00+00:00,187.16,187.16,187.16,20,187.16,229,187.158258
2023-06-22 22:54:00+00:00,187.15,187.16,187.15,35,187.15,909,187.152365
2023-06-22 22:55:00+00:00,187.18,187.18,187.18,26,187.18,453,187.180155
2023-06-22 23:01:00+00:00,187.2,187.2,187.2,16,187.2,631,187.198494
2023-06-22 23:02:00+00:00,187.2,187.2,187.15,19,187.15,2153,187.197092
2023-06-22 23:03:00+00:00,187.1,187.16,187.1,74,187.16,4132,187.128013
2023-06-22 23:04:00+00:00,187.1,187.1,187.1,23,187.1,6838,187.099954
2023-06-22 23:07:00+00:00,187.15,187.15,187.15,34,187.15,724,187.149434
2023-06-22 23:09:00+00:00,187.16,187.16,187.11,10,187.11,510,187.131873
2023-06-22 23:10:00+00:00,187.15,187.15,187.11,22,187.11,529,187.134244
2023-06-22 23:14:00+00:00,187.17,187.17,187.15,15,187.15,784,187.164101
2023-06-22 23:16:00+00:00,187.21,187.21,187.21,27,187.21,839,187.205745
2023-06-22 23:17:00+00:00,187.19,187.19,187.19,13,187.19,1594,187.19213
2023-06-22 23:18:00+00:00,187.19,187.19,187.19,18,187.19,238,187.197784
2023-06-22 23:19:00+00:00,187.19,187.19,187.19,19,187.19,4232,187.190297
2023-06-22 23:20:00+00:00,187.19,187.19,187.19,20,187.19,363,187.201653
2023-06-22 23:21:00+00:00,187.2,187.21,187.2,11,187.21,590,187.206212
2023-06-22 23:23:00+00:00,187.2,187.2,187.18,11,187.18,1730,187.185327
2023-06-22 23:25:00+00:00,187.16,187.1701,187.16,27,187.1701,2613,187.164834
2023-06-22 23:26:00+00:00,187.15,187.15,187.15,17,187.15,740,187.151493
2023-06-22 23:28:00+00:00,187.13,187.15,187.13,12,187.15,388,187.14308
2023-06-22 23:30:00+00:00,187.13,187.13,187.13,24,187.13,1563,187.129648
2023-06-22 23:31:00+00:00,187.15,187.15,187.15,20,187.15,298,187.142936
2023-06-22 23:34:00+00:00,187.12,187.12,187.12,10,187.12,269,187.120967
2023-06-22 23:35:00+00:00,187.14,187.14,187.14,10,187.14,142,187.135423
2023-06-22 23:36:00+00:00,187.1398,187.1398,187.1398,10,187.1398,1067,187.139775
2023-06-22 23:37:00+00:00,187.15,187.15,187.12,24,187.12,1089,187.140207
2023-06-22 23:38:00+00:00,187.15,187.15,187.15,18,187.15,1239,187.145359
2023-06-22 23:42:00+00:00,187.15,187.15,187.15,14,187.15,1000,187.15007
2023-06-22 23:44:00+00:00,187.1699,187.1699,187.1699,11,187.1699,534,187.168717
2023-06-22 23:46:00+00:00,187.15,187.17,187.15,16,187.17,1793,187.152264
2023-06-22 23:47:00+00:00,187.15,187.17,187.15,15,187.17,452,187.155531
2023-06-22 23:49:00+00:00,187.18,187.18,187.17,16,187.17,445,187.171921
2023-06-22 23:50:00+00:00,187.17,187.17,187.17,15,187.17,918,187.170354
2023-06-22 23:52:00+00:00,187.1,187.13,187.1,35,187.13,1197,187.121132
2023-06-22 23:53:00+00:00,187.07,187.0901,187.07,20,187.09,666,187.082605
2023-06-22 23:54:00+00:00,187.01,187.05,187.01,43,187.05,3792,187.034842
2023-06-22 23:55:00+00:00,187.02,187.03,187.02,21,187.03,1379,187.036157
2023-06-22 23:56:00+00:00,187.11,187.11,187.11,23,187.11,410,187.107244
2023-06-22 23:57:00+00:00,187.06,187.06,187.06,18,187.06,377,187.081419
2023-06-22 23:58:00+00:00,187.05,187.05,187.05,21,187.05,563,187.062931
2023-06-22 23:59:00+00:00,187.02,187.1,187.02,50,187.1,3736,187.044863
