timestamp,close,high,low,trade_count,open,volume,vwap
2023-08-15 08:00:00+00:00,178.8,179.4,178.76,120,179.4,3471,178.869173
2023-08-15 08:01:00+00:00,178.76,178.76,178.76,60,178.76,1877,178.747299
2023-08-15 08:02:00+00:00,178.76,178.76,178.76,15,178.76,726,178.74719
2023-08-15 08:03:00+00:00,178.76,178.76,178.71,35,178.71,1183,178.728132
2023-08-15 08:04:00+00:00,178.75,178.75,178.75,10,178.75,352,178.754006
2023-08-15 08:05:00+00:00,178.71,178.77,178.71,28,178.77,1247,178.741917
2023-08-15 08:06:00+00:00,178.65,178.66,178.65,21,178.66,875,178.652971
2023-08-15 08:07:00+00:00,178.7,178.7,178.63,29,178.67,879,178.683129
2023-08-15 08:08:00+00:00,178.65,178.66,178.65,27,178.65,1677,178.659535
2023-08-15 08:09:00+00:00,178.7,178.73,178.7,24,178.73,629,178.706264
2023-08-15 08:10:00+00:00,178.76,178.76,178.76,14,178.76,1243,178.758367
2023-08-15 08:11:00+00:00,178.76,178.76,178.76,21,178.76,516,178.758469
2023-08-15 08:12:00+00:00,178.75,178.75,178.75,4,178.75,107,178.750561
2023-08-15 08:13:00+00:00,178.76,178.76,178.76,13,178.76,388,178.761186
2023-08-15 08:14:00+00:00,178.92,178.92,178.89,25,178.89,1157,178.898237
2023-08-15 08:18:00+00:00,178.86,178.87,178.86,7,178.87,448,178.862723
2023-08-15 08:19:00+00:00,178.9,178.9,178.9,6,178.9,260,178.893308
2023-08-15 08:20:00+00:00,178.84,178.84,178.84,10,178.84,238,178.845714
2023-08-15 08:21:00+00:00,178.83,178.83,178.83,8,178.83,274,178.833212
2023-08-15 08:22:00+00:00,178.88,178.88,178.88,6,178.88,260,178.875
2023-08-15 08:23:00+00:00,178.82,178.82,178.81,25,178.81,621,178.815974
2023-08-15 08:35:00+00:00,178.8,178.8,178.8,26,178.8,642,178.794595
2023-08-15 08:36:00+00:00,178.75,178.75,178.75,29,178.75,351,178.750114
2023-08-15 08:38:00+00:00,178.81,178.81,178.81,7,178.81,185,178.807838
2023-08-15 08:43:00+00:00,178.8,178.8,178.8,13,178.8,1164,178.805842
2023-08-15 08:44:00+00:00,178.86,178.86,178.86,4,178.86,103,178.86
2023-08-15 08:47:00+00:00,178.89,178.89,178.89,6,178.89,503,178.88503
2023-08-15 08:48:00+00:00,178.89,178.89,178.89,9,178.89,226,178.885973
2023-08-15 08:54:00+00:00,178.95,178.95,178.95,12,178.95,305,178.95541
2023-08-15 08:55:00+00:00,178.95,178.95,178.95,6,178.95,213,178.949906
2023-08-15 08:58:00+00:00,178.97,178.97,178.96,20,178.96,1109,178.970397
2023-08-15 09:00:00+00:00,178.9,178.91,178.9,24,178.91,909,178.908394
2023-08-15 09:05:00+00:00,178.99,178.99,178.99,13,178.99,394,178.970964
2023-08-15 09:08:00+00:00,178.98,178.98,178.98,11,178.98,145,178.982966
2023-08-15 09:10:00+00:00,178.99,178.99,178.99,9,178.99,258,178.983876
2023-08-15 09:12:00+00:00,178.91,178.91,178.91,30,178.91,563,178.920728
2023-08-15 09:15:00+00:00,178.85,178.85,178.85,4,178.85,251,178.851753
2023-08-15 09:18:00+00:00,178.9,178.9,178.9,4,178.9,580,178.900103
2023-08-15 09:19:00+00:00,178.86,178.87,178.86,18,178.87,443,178.867381
2023-08-15 09:27:00+00:00,178.89,178.89,178.88,11,178.88,695,178.889295
2023-08-15 09:29:00+00:00,178.89,178.89,178.89,6,178.89,363,178.888485
2023-08-15 09:44:00+00:00,178.98,178.98,178.98,15,178.98,315,178.956794
2023-08-15 09:46:00+00:00,178.98,178.98,178.98,4,178.98,123,178.974878
2023-08-15 09:47:00+00:00,178.95,178.95,178.95,6,178.95,120,178.951
2023-08-15 09:50:00+00:00,178.94,178.94,178.94,5,178.94,104,178.940385
2023-08-15 09:51:00+00:00,178.86,178.86,178.86,33,178.86,420,178.884619
2023-08-15 09:56:00+00:00,178.86,178.86,178.86,23,178.86,943,178.878091
2023-08-15 10:00:00+00:00,178.92,178.92,178.91,13,178.91,390,178.918949
2023-08-15 10:05:00+00:00,178.84,178.89,178.84,61,178.89,1743,178.861251
2023-08-15 10:08:00+00:00,178.87,178.87,178.87,8,178.87,145,178.85531
2023-08-15 10:09:00+00:00,178.84,178.84,178.84,5,178.84,215,178.850233
2023-08-15 10:10:00+00:00,178.8,178.8,178.8,32,178.8,438,178.798105
2023-08-15 10:11:00+00:00,178.75,178.75,178.75,32,178.75,947,178.76339
2023-08-15 10:12:00+00:00,178.71,178.71,178.71,23,178.71,390,178.710462
2023-08-15 10:15:00+00:00,178.76,178.77,178.76,7,178.77,504,178.76619
2023-08-15 10:16:00+00:00,178.48,178.71,178.48,130,178.71,4883,178.627203
2023-08-15 10:17:00+00:00,178.52,178.54,178.49,14,178.49,520,178.523942
2023-08-15 10:18:00+00:00,178.22,178.51,178.1,102,178.51,6296,178.253326
2023-08-15 10:19:00+00:00,178.28,178.28,178.22,35,178.22,2532,178.236374
2023-08-15 10:20:00+00:00,178.35,178.35,178.33,14,178.34,721,178.346338
2023-08-15 10:21:00+00:00,178.38,178.38,178.38,14,178.38,579,178.362107
2023-08-15 10:23:00+00:00,178.1,178.34,178.1,70,178.34,6400,178.193695
2023-08-15 10:24:00+00:00,178.2,178.2,178.2,4,178.2,250,178.2
2023-08-15 10:25:00+00:00,178.26,178.26,178.24,17,178.24,439,178.240456
2023-08-15 10:27:00+00:00,178.34,178.34,178.34,15,178.34,623,178.352632
2023-08-15 10:29:00+00:00,178.4,178.4,178.4,10,178.4,285,178.383439
2023-08-15 10:30:00+00:00,178.3,178.33,178.3,39,178.33,1908,178.310162
2023-08-15 10:31:00+00:00,178.25,178.25,178.24,11,178.24,668,178.24012
2023-08-15 10:32:00+00:00,178.14,178.15,178.14,22,178.15,637,178.1754
2023-08-15 10:33:00+00:00,178.14,178.14,178.14,6,178.14,142,178.14493
2023-08-15 10:38:00+00:00,178.35,178.35,178.35,3,178.35,115,178.35
2023-08-15 10:39:00+00:00,178.38,178.38,178.38,15,178.38,348,178.369856
2023-08-15 10:40:00+00:00,178.35,178.35,178.35,12,178.35,431,178.372923
2023-08-15 10:42:00+00:00,178.36,178.39,178.36,14,178.39,840,178.38825
2023-08-15 10:43:00+00:00,178.15,178.35,178.15,44,178.35,2513,178.293561
2023-08-15 10:44:00+00:00,178.24,178.24,178.2,15,178.2,515,178.221709
2023-08-15 10:45:00+00:00,178.25,178.25,178.23,12,178.23,973,178.240617
2023-08-15 10:46:00+00:00,178.31,178.31,178.24,50,178.24,9330,178.310629
2023-08-15 10:49:00+00:00,178.3,178.3,178.3,13,178.3,397,178.301108
2023-08-15 10:52:00+00:00,178.34,178.35,178.34,8,178.35,425,178.344
2023-08-15 10:53:00+00:00,178.32,178.32,178.32,6,178.32,142,178.318662
2023-08-15 10:55:00+00:00,178.34,178.34,178.34,16,178.34,450,178.3216
2023-08-15 10:59:00+00:00,178.4,178.4,178.38,12,178.38,699,178.392461
2023-08-15 11:00:00+00:00,178.4,178.58,178.39,251,178.39,11863,178.487847
2023-08-15 11:01:00+00:00,178.44,178.44,178.44,25,178.44,2043,178.449721
2023-08-15 11:02:00+00:00,178.4,178.51,178.4,85,178.51,5806,178.443786
2023-08-15 11:03:00+00:00,178.4,178.41,178.4,20,178.4,1576,178.40052
2023-08-15 11:04:00+00:00,178.41,178.43,178.41,68,178.42,2499,178.419864
2023-08-15 11:05:00+00:00,178.3,178.4,178.3,93,178.4,3195,178.34785
2023-08-15 11:06:00+00:00,178.35,178.35,178.32,20,178.34,1352,178.341065
2023-08-15 11:07:00+00:00,178.43,178.43,178.43,17,178.43,803,178.426663
2023-08-15 11:08:00+00:00,178.52,178.52,178.45,38,178.47,4279,178.483508
2023-08-15 11:09:00+00:00,178.52,178.52,178.5,9,178.5,296,178.51348
2023-08-15 11:10:00+00:00,178.56,178.56,178.53,23,178.53,3488,178.541362
2023-08-15 11:11:00+00:00,178.59,178.59,178.59,27,178.59,1089,178.594894
2023-08-15 11:12:00+00:00,178.54,178.58,178.54,43,178.58,1689,178.57598
2023-08-15 11:14:00+00:00,178.56,178.56,178.56,6,178.56,125,178.55768
2023-08-15 11:15:00+00:00,178.41,178.52,178.41,46,178.52,3454,178.472629
2023-08-15 11:16:00+00:00,178.5,178.5,178.47,26,178.47,959,178.482106
2023-08-15 11:17:00+00:00,178.55,178.55,178.54,12,178.54,815,178.539988
2023-08-15 11:18:00+00:00,178.47,178.51,178.47,28,178.51,1154,178.484558
2023-08-15 11:20:00+00:00,178.5,178.5,178.49,30,178.49,3371,178.498173
2023-08-15 11:22:00+00:00,178.55,178.55,178.55,12,178.55,566,178.545141
2023-08-15 11:24:00+00:00,178.51,178.51,178.51,12,178.51,447,178.518143
2023-08-15 11:25:00+00:00,178.6,178.6,178.55,32,178.55,2749,178.575282
2023-08-15 11:26:00+00:00,178.65,178.65,178.65,11,178.65,288,178.652847
2023-08-15 11:27:00+00:00,178.62,178.62,178.62,8,178.62,366,178.619617
2023-08-15 11:29:00+00:00,178.58,178.58,178.58,16,178.58,614,178.587313
2023-08-15 11:30:00+00:00,178.56,178.56,178.56,17,178.56,562,178.560142
2023-08-15 11:31:00+00:00,178.59,178.59,178.59,15,178.59,403,178.589032
2023-08-15 11:32:00+00:00,178.6,178.6,178.6,13,178.6,425,178.597647
2023-08-15 11:33:00+00:00,178.6,178.6,178.6,9,178.6,202,178.588861
2023-08-15 11:34:00+00:00,178.6,178.6,178.6,2,178.6,135,178.600444
2023-08-15 11:35:00+00:00,178.66,178.66,178.64,30,178.64,1406,178.651821
2023-08-15 11:37:00+00:00,178.8,178.8,178.74,42,178.75,2449,178.767317
2023-08-15 11:38:00+00:00,178.67,178.76,178.67,40,178.76,1666,178.721603
2023-08-15 11:39:00+00:00,178.59,178.66,178.59,52,178.66,5960,178.635114
2023-08-15 11:40:00+00:00,178.5,178.55,178.5,66,178.55,3299,178.524562
2023-08-15 11:41:00+00:00,178.46,178.46,178.42,64,178.45,2265,178.441757
2023-08-15 11:42:00+00:00,178.5,178.5,178.44,28,178.45,1895,178.477557
2023-08-15 11:43:00+00:00,178.41,178.45,178.41,44,178.45,1472,178.443641
2023-08-15 11:44:00+00:00,178.47,178.47,178.47,11,178.47,308,178.44737
2023-08-15 11:45:00+00:00,178.46,178.46,178.46,30,178.46,874,178.467986
2023-08-15 11:47:00+00:00,178.45,178.45,178.45,8,178.45,634,178.450016
2023-08-15 11:49:00+00:00,178.4,178.4,178.38,64,178.4,2907,178.40023
2023-08-15 11:50:00+00:00,178.42,178.42,178.42,43,178.42,1284,178.406674
2023-08-15 11:52:00+00:00,178.43,178.43,178.43,28,178.43,565,178.424319
2023-08-15 11:55:00+00:00,178.43,178.43,178.43,20,178.43,593,178.444553
2023-08-15 11:57:00+00:00,178.43,178.43,178.43,22,178.43,302,178.420993
2023-08-15 11:59:00+00:00,178.47,178.47,178.47,26,178.47,733,178.480764
2023-08-15 12:00:00+00:00,178.4,178.7883,178.31,686,178.58,3010710,179.431806
2023-08-15 12:01:00+00:00,178.41,178.915,178.295,818,178.805,8174,178.731897
2023-08-15 12:02:00+00:00,178.5,180.17,178.41,357,180.17,4827,179.025162
2023-08-15 12:03:00+00:00,180.0,180.1,180.0,483,180.1,2896,179.78354
2023-08-15 12:04:00+00:00,178.52,178.52,178.46,47,178.46,3487,178.503906
2023-08-15 12:05:00+00:00,178.52,178.52,178.52,22,178.52,706,178.529023
2023-08-15 12:06:00+00:00,178.55,178.55,178.55,21,178.55,416,178.555815
2023-08-15 12:07:00+00:00,178.6,178.6,178.59,24,178.59,1600,178.594875
2023-08-15 12:08:00+00:00,178.5911,178.62,178.59,25,178.59,3101,178.601801
2023-08-15 12:09:00+00:00,178.57,178.6,178.57,44,178.6,6945,178.577181
2023-08-15 12:10:00+00:00,178.6189,178.6199,178.58,23,178.58,1109,178.606839
2023-08-15 12:11:00+00:00,178.58,178.6,178.58,46,178.6,4606,178.597905
2023-08-15 12:12:00+00:00,178.54,178.59,178.54,62,178.59,2313,178.558943
2023-08-15 12:13:00+00:00,178.53,178.53,178.53,30,178.53,774,178.526988
2023-08-15 12:14:00+00:00,178.54,178.54,178.53,37,178.53,624,178.548069
2023-08-15 12:15:00+00:00,178.63,178.67,178.63,47,178.63,1487,178.646587
2023-08-15 12:16:00+00:00,178.69,178.69,178.69,42,178.69,548,178.683714
2023-08-15 12:17:00+00:00,178.7,178.7,178.7,26,178.7,663,178.697656
2023-08-15 12:18:00+00:00,178.7,178.7,178.7,54,178.7,1142,178.692334
2023-08-15 12:19:00+00:00,178.6201,178.64,178.6201,26,178.64,1531,178.62755
2023-08-15 12:20:00+00:00,178.65,178.65,178.65,36,178.65,1726,178.643523
2023-08-15 12:22:00+00:00,178.63,178.63,178.6,69,178.61,1731,178.613963
2023-08-15 12:23:00+00:00,178.56,178.61,178.56,50,178.61,1285,178.596579
2023-08-15 12:24:00+00:00,178.61,178.61,178.58,38,178.58,1071,178.58485
2023-08-15 12:25:00+00:00,178.6184,178.6184,178.61,30,178.61,1337,178.615527
2023-08-15 12:26:00+00:00,178.7,178.7,178.59,80,178.59,3047,178.661049
2023-08-15 12:27:00+00:00,178.7,178.75,178.7,61,178.7,6867,178.706252
2023-08-15 12:28:00+00:00,178.75,178.75,178.75,32,178.75,319,178.735627
2023-08-15 12:29:00+00:00,178.75,178.75,178.75,35,178.75,616,178.738709
2023-08-15 12:30:00+00:00,178.43,178.77,178.35,245,178.77,14505,178.558848
2023-08-15 12:31:00+00:00,178.35,178.57,178.3,140,178.39,4556,178.350429
2023-08-15 12:32:00+00:00,178.381,178.44,178.25,142,178.37,12623,178.31186
2023-08-15 12:33:00+00:00,178.47,178.5,178.4,103,178.4424,11324,178.457809
2023-08-15 12:34:00+00:00,178.49,178.53,178.41,125,178.47,6190,178.486388
2023-08-15 12:35:00+00:00,178.6,178.68,178.5,61,178.5,6752,178.605549
2023-08-15 12:36:00+00:00,178.8,178.8,178.58,104,178.58,8275,178.694513
2023-08-15 12:37:00+00:00,178.72,178.78,178.7,88,178.78,5354,178.741614
2023-08-15 12:38:00+00:00,178.61,178.72,178.61,64,178.72,2193,178.656011
2023-08-15 12:39:00+00:00,178.51,178.61,178.51,88,178.61,7017,178.585307
2023-08-15 12:40:00+00:00,178.66,178.66,178.5092,47,178.5092,3351,178.561832
2023-08-15 12:41:00+00:00,178.43,178.69,178.43,95,178.69,2799,178.533744
2023-08-15 12:42:00+00:00,178.55,178.55,178.55,31,178.55,308,178.545341
2023-08-15 12:43:00+00:00,178.6,178.6,178.57,36,178.57,904,178.586399
2023-08-15 12:44:00+00:00,178.53,178.56,178.53,46,178.56,904,178.539248
2023-08-15 12:46:00+00:00,178.63,178.63,178.6,67,178.6,2479,178.608989
2023-08-15 12:47:00+00:00,178.71,178.74,178.71,80,178.74,2579,178.719179
2023-08-15 12:48:00+00:00,178.75,178.75,178.75,39,178.75,680,178.732625
2023-08-15 12:49:00+00:00,178.76,178.77,178.74,47,178.7675,2339,178.752437
2023-08-15 12:50:00+00:00,178.75,178.75,178.7,107,178.75,4766,178.70616
2023-08-15 12:51:00+00:00,178.74,178.74,178.7,86,178.72,5322,178.711234
2023-08-15 12:52:00+00:00,178.79,178.79,178.72,45,178.75,2817,178.740485
2023-08-15 12:53:00+00:00,178.76,178.76,178.74,29,178.74,452,178.743595
2023-08-15 12:54:00+00:00,178.73,178.74,178.7,113,178.7302,4636,178.714101
2023-08-15 12:55:00+00:00,178.78,178.78,178.74,47,178.74,1044,178.752232
2023-08-15 12:56:00+00:00,178.81,178.81,178.77,47,178.77,3082,178.794697
2023-08-15 12:57:00+00:00,178.83,178.84,178.83,35,178.84,734,178.835959
2023-08-15 12:58:00+00:00,178.73,178.83,178.71,86,178.83,3429,178.739798
2023-08-15 12:59:00+00:00,178.79,178.81,178.77,46,178.81,1398,178.792934
2023-08-15 13:00:00+00:00,178.71,178.77,178.71,49,178.77,1244,178.733111
2023-08-15 13:01:00+00:00,178.72,178.73,178.7,46,178.73,3274,178.711779
2023-08-15 13:02:00+00:00,178.85,178.85,178.72,66,178.72,2398,178.809514
2023-08-15 13:03:00+00:00,178.84,178.85,178.8,65,178.8,3736,178.841674
2023-08-15 13:04:00+00:00,178.85,178.85,178.85,39,178.85,650,178.859592
2023-08-15 13:05:00+00:00,178.94,178.94,178.89,66,178.89,2461,178.911658
2023-08-15 13:06:00+00:00,178.94,178.96,178.94,62,178.94,2835,178.944284
2023-08-15 13:07:00+00:00,178.93,178.94,178.91,53,178.92,2093,178.926374
2023-08-15 13:08:00+00:00,178.95,178.99,178.92,71,178.94,6720,178.968176
2023-08-15 13:09:00+00:00,179.05,179.05,178.95,168,178.95,10221,178.986539
2023-08-15 13:10:00+00:00,179.1,179.15,179.0201,104,179.0201,8595,179.104317
2023-08-15 13:11:00+00:00,179.0,179.1,179.0,94,179.1,4058,179.06543
2023-08-15 13:12:00+00:00,179.02,179.02,178.97,65,178.97,1610,178.990332
2023-08-15 13:13:00+00:00,179.01,179.08,179.01,57,179.08,2833,179.067418
2023-08-15 13:14:00+00:00,179.06,179.06,178.9985,63,179.02,4473,179.015341
2023-08-15 13:15:00+00:00,179.05,179.06,179.02,78,179.06,4110,179.049237
2023-08-15 13:16:00+00:00,179.08,179.08,179.0399,43,179.0399,1956,179.05835
2023-08-15 13:17:00+00:00,179.08,179.08,179.07,85,179.0799,4763,179.080522
2023-08-15 13:18:00+00:00,179.23,179.23,179.13,81,179.14,5550,179.16057
2023-08-15 13:19:00+00:00,179.13,179.2,179.12,96,179.2,3409,179.157761
2023-08-15 13:20:00+00:00,179.13,179.2285,179.11,111,179.15,6223,179.177665
2023-08-15 13:21:00+00:00,179.07,179.15,179.07,64,179.13,2829,179.10717
2023-08-15 13:22:00+00:00,179.02,179.02,179.02,56,179.02,2411,179.023038
2023-08-15 13:23:00+00:00,179.08,179.08,179.02,45,179.02,969,179.041336
2023-08-15 13:24:00+00:00,179.11,179.11,179.0504,53,179.07,3494,179.091351
2023-08-15 13:25:00+00:00,179.13,179.13,179.09,46,179.11,1793,179.106753
2023-08-15 13:26:00+00:00,179.051,179.051,179.051,47,179.051,705,179.08083
2023-08-15 13:27:00+00:00,179.09,179.13,179.0,168,179.1,10716,179.078984
2023-08-15 13:28:00+00:00,178.8,178.96,178.78,160,178.96,6871,178.866983
2023-08-15 13:29:00+00:00,178.88,178.92,178.79,169,178.8,12435,178.870503
2023-08-15 13:30:00+00:00,179.09,179.1999,178.88,7106,178.93,668689,178.950925
2023-08-15 13:31:00+00:00,179.02,179.23,178.93,2785,179.11,218609,179.038028
2023-08-15 13:32:00+00:00,179.25,179.3,178.895,2660,179.03,229143,179.053905
2023-08-15 13:33:00+00:00,179.25,179.48,179.21,2687,179.25,241422,179.360255
2023-08-15 13:34:00+00:00,179.195,179.3,179.11,2166,179.245,134510,179.208299
2023-08-15 13:35:00+00:00,179.18,179.32,179.03,2265,179.2,222442,179.135644
2023-08-15 13:36:00+00:00,179.0,179.24,178.9,2085,179.17,146130,179.065169
2023-08-15 13:37:00+00:00,179.1099,179.19,178.9242,1593,178.99,152721,179.06941
2023-08-15 13:38:00+00:00,179.05,179.18,179.0101,1391,179.12,96088,179.102272
2023-08-15 13:39:00+00:00,179.26,179.27,179.05,1145,179.05,101233,179.188898
2023-08-15 13:40:00+00:00,178.98,179.27,178.96,1674,179.27,150438,179.109018
2023-08-15 13:41:00+00:00,178.93,179.05,178.83,1606,178.985,132742,178.935025
2023-08-15 13:42:00+00:00,179.0321,179.13,178.92,1294,178.92,99103,179.011899
2023-08-15 13:43:00+00:00,178.93,179.19,178.9,1206,179.02,114948,179.039672
2023-08-15 13:44:00+00:00,178.8147,178.96,178.7616,1542,178.935,119607,178.84003
2023-08-15 13:45:00+00:00,178.66,178.81,178.62,2684,178.81,156691,178.689137
2023-08-15 13:46:00+00:00,178.585,178.66,178.54,3526,178.65,124184,178.610138
2023-08-15 13:47:00+00:00,178.58,178.63,178.545,2960,178.58,66516,178.586395
2023-08-15 13:48:00+00:00,178.629,178.65,178.46,3921,178.5801,134067,178.558906
2023-08-15 13:49:00+00:00,178.63,178.72,178.56,3348,178.632,107673,178.651826
2023-08-15 13:50:00+00:00,178.715,178.74,178.58,3255,178.64,127689,178.671543
2023-08-15 13:51:00+00:00,178.64,178.74,178.602,2891,178.715,86377,178.67819
2023-08-15 13:52:00+00:00,178.7601,178.79,178.61,3153,178.63,88157,178.729118
2023-08-15 13:53:00+00:00,178.87,178.89,178.72,3499,178.76,163091,178.777996
2023-08-15 13:54:00+00:00,178.68,178.88,178.6,3863,178.86,194032,178.701817
2023-08-15 13:55:00+00:00,178.63,178.75,178.61,3857,178.69,182168,178.691162
2023-08-15 13:56:00+00:00,178.63,178.7,178.6101,3532,178.63,109571,178.663305
2023-08-15 13:57:00+00:00,178.58,178.69,178.52,3450,178.6423,161277,178.591778
2023-08-15 13:58:00+00:00,178.485,178.575,178.43,3324,178.57,175224,178.473571
2023-08-15 13:59:00+00:00,178.44,178.5054,178.42,3043,178.48,122886,178.456264
2023-08-15 14:00:00+00:00,178.44,178.495,178.33,4099,178.43,164183,178.414227
2023-08-15 14:01:00+00:00,178.365,178.48,178.32,3913,178.44,111240,178.390418
2023-08-15 14:02:00+00:00,178.305,178.48,178.3,4221,178.37,162468,178.385627
2023-08-15 14:03:00+00:00,178.35,178.35,178.3,3920,178.31,126705,178.333616
2023-08-15 14:04:00+00:00,178.25,178.36,178.25,4125,178.35,134583,178.317621
2023-08-15 14:05:00+00:00,177.9701,178.3,177.9487,7612,178.24,331392,178.071784
2023-08-15 14:06:00+00:00,177.86,178.03,177.86,4443,177.97,215580,177.923678
2023-08-15 14:07:00+00:00,177.86,177.9,177.78,4464,177.85,193119,177.839857
2023-08-15 14:08:00+00:00,177.81,177.88,177.8,3606,177.865,135841,177.84885
2023-08-15 14:09:00+00:00,177.875,177.89,177.74,4017,177.805,174332,177.824366
2023-08-15 14:10:00+00:00,177.915,177.945,177.8207,3663,177.8777,156533,177.877755
2023-08-15 14:11:00+00:00,177.96,177.98,177.85,3918,177.915,167155,177.922513
2023-08-15 14:12:00+00:00,177.91,177.99,177.881,3550,177.95,143324,177.950242
2023-08-15 14:13:00+00:00,177.944,177.949,177.86,2947,177.9,101019,177.902724
2023-08-15 14:14:00+00:00,177.8832,177.98,177.865,3139,177.95,99317,177.926922
2023-08-15 14:15:00+00:00,177.95,177.97,177.87,3402,177.88,80824,177.927572
2023-08-15 14:16:00+00:00,177.995,178.03,177.8888,3727,177.945,128153,177.95882
2023-08-15 14:17:00+00:00,177.935,178.0099,177.89,3610,177.99,115248,177.959201
2023-08-15 14:18:00+00:00,177.84,177.93,177.82,3569,177.93,131304,177.869071
2023-08-15 14:19:00+00:00,177.85,177.88,177.81,3170,177.83,86412,177.839325
2023-08-15 14:20:00+00:00,177.965,178.0,177.82,3434,177.855,124926,177.915717
2023-08-15 14:21:00+00:00,178.08,178.11,177.96,4086,177.98,163642,178.029865
2023-08-15 14:22:00+00:00,178.005,178.08,177.995,3133,178.07,89110,178.04268
2023-08-15 14:23:00+00:00,177.77,178.0082,177.74,4224,178.0082,180002,177.830588
2023-08-15 14:24:00+00:00,177.71,177.8,177.65,3787,177.775,143780,177.726014
2023-08-15 14:25:00+00:00,177.6374,177.71,177.53,4146,177.71,220408,177.628941
2023-08-15 14:26:00+00:00,177.7499,177.75,177.61,3270,177.63,147794,177.694139
2023-08-15 14:27:00+00:00,177.75,177.77,177.71,3212,177.75,137698,177.74317
2023-08-15 14:28:00+00:00,177.8,177.815,177.715,3056,177.76,114126,177.765076
2023-08-15 14:29:00+00:00,177.8119,177.825,177.77,3256,177.79,96087,177.797613
2023-08-15 14:30:00+00:00,177.715,177.87,177.7,4127,177.815,163022,177.769898
2023-08-15 14:31:00+00:00,177.55,177.735,177.55,3846,177.71,187124,177.647393
2023-08-15 14:32:00+00:00,177.59,177.61,177.53,3890,177.55,130078,177.563158
2023-08-15 14:33:00+00:00,177.58,177.6488,177.56,3662,177.59,110860,177.592488
2023-08-15 14:34:00+00:00,177.6,177.63,177.54,3408,177.57,98045,177.585947
2023-08-15 14:35:00+00:00,177.59,177.62,177.54,3171,177.6,94488,177.582466
2023-08-15 14:36:00+00:00,177.435,177.63,177.41,3814,177.5854,164953,177.50328
2023-08-15 14:37:00+00:00,177.39,177.49,177.39,1747,177.43,147674,177.444391
2023-08-15 14:38:00+00:00,177.57,177.58,177.38,1661,177.39,155243,177.453493
2023-08-15 14:39:00+00:00,177.55,177.65,177.5201,1674,177.585,146670,177.584037
2023-08-15 14:40:00+00:00,177.52,177.565,177.495,1218,177.55,82582,177.534164
2023-08-15 14:41:00+00:00,177.555,177.6,177.515,1088,177.52,86362,177.563211
2023-08-15 14:42:00+00:00,177.54,177.605,177.5,1351,177.55,103013,177.546337
2023-08-15 14:43:00+00:00,177.675,177.7,177.52,1649,177.54,173610,177.61552
2023-08-15 14:44:00+00:00,177.5511,177.685,177.52,1258,177.68,97751,177.587627
2023-08-15 14:45:00+00:00,177.6457,177.69,177.535,1248,177.55,107553,177.612378
2023-08-15 14:46:00+00:00,177.665,177.679,177.58,1112,177.64,89178,177.633847
2023-08-15 14:47:00+00:00,177.73,177.74,177.65,1216,177.66,94153,177.690552
2023-08-15 14:48:00+00:00,177.77,177.82,177.7,1272,177.72,107981,177.758889
2023-08-15 14:49:00+00:00,177.71,177.79,177.71,1015,177.77,74195,177.744415
2023-08-15 14:50:00+00:00,177.775,177.83,177.71,1123,177.72,99302,177.77494
2023-08-15 14:51:00+00:00,177.8311,177.84,177.76,847,177.775,54799,177.81
2023-08-15 14:52:00+00:00,177.7886,177.8499,177.72,1047,177.835,89134,177.790202
2023-08-15 14:53:00+00:00,177.76,177.8,177.73,905,177.77,69380,177.762442
2023-08-15 14:54:00+00:00,177.74,177.7942,177.73,808,177.77,49675,177.763147
2023-08-15 14:55:00+00:00,177.745,177.79,177.71,1074,177.7457,77741,177.75356
2023-08-15 14:56:00+00:00,177.8,177.82,177.76,875,177.76,56602,177.794118
2023-08-15 14:57:00+00:00,177.8,177.8699,177.765,1194,177.795,118789,177.818962
2023-08-15 14:58:00+00:00,177.765,177.795,177.74,750,177.79,66861,177.768128
2023-08-15 14:59:00+00:00,177.695,177.77,177.685,985,177.76,66044,177.732314
2023-08-15 15:00:00+00:00,177.84,177.89,177.695,1211,177.7,96671,177.83052
2023-08-15 15:01:00+00:00,177.83,177.87,177.77,780,177.83,63285,177.821528
2023-08-15 15:02:00+00:00,177.9494,177.957,177.83,969,177.83,86744,177.901115
2023-08-15 15:03:00+00:00,178.038,178.04,177.91,1320,177.94,107850,177.967906
2023-08-15 15:04:00+00:00,178.0925,178.13,178.0,1387,178.02,138743,178.069842
2023-08-15 15:05:00+00:00,178.06,178.11,178.031,888,178.09,75039,178.067027
2023-08-15 15:06:00+00:00,178.07,178.1049,178.035,702,178.05,52050,178.07386
2023-08-15 15:07:00+00:00,178.01,178.07,178.0001,1072,178.065,98232,178.041227
2023-08-15 15:08:00+00:00,177.975,178.055,177.95,902,178.02,67001,178.006902
2023-08-15 15:09:00+00:00,177.9899,178.01,177.97,539,177.99,34454,177.991677
2023-08-15 15:10:00+00:00,178.05,178.13,177.99,1026,177.99,78098,178.062292
2023-08-15 15:11:00+00:00,178.1201,178.1201,178.05,720,178.06,70923,178.082478
2023-08-15 15:12:00+00:00,178.0404,178.16,178.03,754,178.125,61891,178.113848
2023-08-15 15:13:00+00:00,178.07,178.1199,178.0,736,178.045,53545,178.049956
2023-08-15 15:14:00+00:00,178.1268,178.14,178.06,767,178.07,68458,178.095657
2023-08-15 15:15:00+00:00,178.025,178.1599,178.02,861,178.125,80171,178.093259
2023-08-15 15:16:00+00:00,178.115,178.125,178.02,787,178.03,52450,178.081879
2023-08-15 15:17:00+00:00,178.19,178.23,178.102,972,178.105,91515,178.184915
2023-08-15 15:18:00+00:00,178.125,178.202,178.1,710,178.195,52170,178.146448
2023-08-15 15:19:00+00:00,178.19,178.1999,178.113,636,178.12,51020,178.135862
2023-08-15 15:20:00+00:00,178.02,178.2,178.0,1173,178.19,100861,178.064017
2023-08-15 15:21:00+00:00,178.05,178.06,177.965,988,178.025,83204,178.015249
2023-08-15 15:22:00+00:00,178.06,178.1112,178.03,673,178.06,54013,178.073289
2023-08-15 15:23:00+00:00,178.0311,178.0767,178.0121,633,178.06,49982,178.044095
2023-08-15 15:24:00+00:00,177.96,178.04,177.93,789,178.03,69251,177.986884
2023-08-15 15:25:00+00:00,177.97,177.9945,177.955,589,177.965,45367,177.976095
2023-08-15 15:26:00+00:00,177.88,177.97,177.86,879,177.96,77161,177.919208
2023-08-15 15:27:00+00:00,177.92,177.94,177.8727,773,177.885,69947,177.919423
2023-08-15 15:28:00+00:00,178.086,178.15,177.92,1101,177.92,124030,178.061245
2023-08-15 15:29:00+00:00,178.1499,178.22,178.081,808,178.085,85210,178.160142
2023-08-15 15:30:00+00:00,178.105,178.19,178.07,827,178.145,75302,178.133925
2023-08-15 15:31:00+00:00,178.125,178.15,178.08,812,178.1,49755,178.123674
2023-08-15 15:32:00+00:00,178.14,178.18,178.1,685,178.13,47501,178.14254
2023-08-15 15:33:00+00:00,178.18,178.195,178.13,701,178.1422,51173,178.1592
2023-08-15 15:34:00+00:00,178.1996,178.2,178.145,616,178.185,39328,178.178245
2023-08-15 15:35:00+00:00,178.2997,178.35,178.1431,1333,178.19,120156,178.243854
2023-08-15 15:36:00+00:00,178.2688,178.33,178.255,983,178.2811,90532,178.29648
2023-08-15 15:37:00+00:00,178.2999,178.3193,178.24,766,178.27,56663,178.277083
2023-08-15 15:38:00+00:00,178.29,178.305,178.26,779,178.305,45086,178.28493
2023-08-15 15:39:00+00:00,178.28,178.31,178.24,772,178.2959,55539,178.283826
2023-08-15 15:40:00+00:00,178.26,178.34,178.25,826,178.2814,72223,178.293982
2023-08-15 15:41:00+00:00,178.345,178.395,178.221,1156,178.26,98533,178.334978
2023-08-15 15:42:00+00:00,178.23,178.35,178.22,713,178.35,44718,178.269286
2023-08-15 15:43:00+00:00,178.2,178.22,178.161,659,178.215,58667,178.194495
2023-08-15 15:44:00+00:00,178.17,178.2182,178.16,654,178.18,36834,178.186321
2023-08-15 15:45:00+00:00,178.1431,178.17,178.071,1077,178.16,62419,178.126816
2023-08-15 15:46:00+00:00,178.11,178.2,178.092,699,178.15,52156,178.143524
2023-08-15 15:47:00+00:00,178.0,178.1101,177.99,973,178.1049,71460,178.041091
2023-08-15 15:48:00+00:00,178.0814,178.1076,177.995,806,177.9966,57790,178.054086
2023-08-15 15:49:00+00:00,178.0723,178.11,178.06,647,178.085,45030,178.090602
2023-08-15 15:50:00+00:00,178.125,178.14,178.07,593,178.075,40195,178.103253
2023-08-15 15:51:00+00:00,178.17,178.2009,178.105,710,178.13,48905,178.155933
2023-08-15 15:52:00+00:00,178.21,178.22,178.14,567,178.175,37407,178.172904
2023-08-15 15:53:00+00:00,178.21,178.23,178.18,706,178.205,50392,178.208886
2023-08-15 15:54:00+00:00,178.18,178.2202,178.17,694,178.21,84887,178.255649
2023-08-15 15:55:00+00:00,178.27,178.27,178.17,613,178.175,42098,178.227794
2023-08-15 15:56:00+00:00,178.24,178.27,178.22,681,178.27,51649,178.246622
2023-08-15 15:57:00+00:00,178.27,178.29,178.215,571,178.24,32083,178.248278
2023-08-15 15:58:00+00:00,178.28,178.31,178.2501,631,178.26,36531,178.278214
2023-08-15 15:59:00+00:00,178.31,178.32,178.26,639,178.29,44839,178.29949
2023-08-15 16:00:00+00:00,178.4399,178.44,178.3,938,178.31,99924,178.38222
2023-08-15 16:01:00+00:00,178.38,178.43,178.36,769,178.425,69110,178.40448
2023-08-15 16:02:00+00:00,178.365,178.3878,178.33,583,178.3781,47390,178.357455
2023-08-15 16:03:00+00:00,178.315,178.3712,178.31,564,178.36,42282,178.341168
2023-08-15 16:04:00+00:00,178.205,178.3142,178.17,867,178.31,100262,178.232328
2023-08-15 16:05:00+00:00,178.18,178.26,178.155,744,178.2,65238,178.200859
2023-08-15 16:06:00+00:00,178.1422,178.1986,178.05,842,178.18,76059,178.121128
2023-08-15 16:07:00+00:00,178.09,178.17,178.06,766,178.14,80690,178.093024
2023-08-15 16:08:00+00:00,178.0163,178.1073,178.01,708,178.1,56349,178.042059
2023-08-15 16:09:00+00:00,177.95,178.03,177.92,988,178.02,60359,177.967848
2023-08-15 16:10:00+00:00,177.97,177.97,177.929,631,177.95,47721,177.955039
2023-08-15 16:11:00+00:00,177.9201,177.98,177.915,567,177.975,42607,177.945566
2023-08-15 16:12:00+00:00,177.9498,177.95,177.85,893,177.9282,66282,177.904771
2023-08-15 16:13:00+00:00,178.07,178.07,177.925,959,177.93,100537,177.984291
2023-08-15 16:14:00+00:00,178.01,178.065,177.96,721,178.06,46926,178.014261
2023-08-15 16:15:00+00:00,177.9701,178.05,177.97,792,178.0,54704,178.01163
2023-08-15 16:16:00+00:00,177.98,178.0,177.925,606,177.97,42978,177.964262
2023-08-15 16:17:00+00:00,178.07,178.0799,177.96,565,177.97,31427,178.014675
2023-08-15 16:18:00+00:00,178.15,178.15,178.03,796,178.0714,72685,178.088308
2023-08-15 16:19:00+00:00,178.152,178.17,178.11,526,178.147,35131,178.140958
2023-08-15 16:20:00+00:00,178.16,178.18,178.1162,515,178.159,28865,178.145714
2023-08-15 16:21:00+00:00,178.2101,178.2614,178.16,663,178.16,66902,178.216133
2023-08-15 16:22:00+00:00,178.28,178.3,178.21,751,178.21,57438,178.267253
2023-08-15 16:23:00+00:00,178.22,178.2767,178.1909,642,178.27,41279,178.235899
2023-08-15 16:24:00+00:00,178.2527,178.26,178.2,515,178.2223,34213,178.234689
2023-08-15 16:25:00+00:00,178.23,178.265,178.21,537,178.26,31737,178.239015
2023-08-15 16:26:00+00:00,178.2,178.25,178.1936,548,178.24,121537,178.242949
2023-08-15 16:27:00+00:00,178.135,178.21,178.12,687,178.19,64789,178.147356
2023-08-15 16:28:00+00:00,178.18,178.19,178.11,567,178.14,46455,178.15512
2023-08-15 16:29:00+00:00,178.17,178.18,178.1224,442,178.1701,26424,178.155739
2023-08-15 16:30:00+00:00,178.15,178.22,178.12,751,178.17,52933,178.163527
2023-08-15 16:31:00+00:00,178.1,178.2009,178.08,506,178.1451,30745,178.142528
2023-08-15 16:32:00+00:00,178.1,178.12,178.05,685,178.11,55539,178.079254
2023-08-15 16:33:00+00:00,178.0991,178.1047,178.05,574,178.1,42416,178.077156
2023-08-15 16:34:00+00:00,178.065,178.102,178.065,419,178.095,21322,178.086758
2023-08-15 16:35:00+00:00,177.9899,178.0799,177.975,921,178.065,80421,178.019319
2023-08-15 16:36:00+00:00,178.08,178.09,177.94,812,177.9829,64142,177.998544
2023-08-15 16:37:00+00:00,177.9895,178.075,177.9522,510,178.075,32801,178.011039
2023-08-15 16:38:00+00:00,178.065,178.065,177.965,474,177.98,20981,178.012196
2023-08-15 16:39:00+00:00,178.0286,178.07,177.994,400,178.07,26712,178.016856
2023-08-15 16:40:00+00:00,178.04,178.0512,178.0,588,178.03,29098,178.023869
2023-08-15 16:41:00+00:00,178.06,178.065,178.0086,463,178.0399,29517,178.03987
2023-08-15 16:42:00+00:00,178.0898,178.1099,178.055,491,178.055,28799,178.087509
2023-08-15 16:43:00+00:00,178.04,178.095,178.03,518,178.0818,24050,178.072025
2023-08-15 16:44:00+00:00,177.98,178.032,177.96,792,178.03,54435,177.990532
2023-08-15 16:45:00+00:00,177.97,178.05,177.955,522,177.97,30952,177.998572
2023-08-15 16:46:00+00:00,177.899,177.99,177.8726,983,177.98,78307,177.924169
2023-08-15 16:47:00+00:00,177.9,177.948,177.88,498,177.9,31703,177.913921
2023-08-15 16:48:00+00:00,177.94,177.97,177.9,474,177.9,25630,177.938722
2023-08-15 16:49:00+00:00,177.915,177.94,177.875,474,177.94,26631,177.904697
2023-08-15 16:50:00+00:00,177.89,177.9184,177.86,690,177.91,51589,177.889723
2023-08-15 16:51:00+00:00,177.793,177.9,177.785,1071,177.8999,71477,177.843829
2023-08-15 16:52:00+00:00,177.88,177.88,177.785,721,177.79,38334,177.849124
2023-08-15 16:53:00+00:00,177.87,177.88,177.845,585,177.87,34868,177.86121
2023-08-15 16:54:00+00:00,177.82,177.88,177.81,565,177.8787,35480,177.843422
2023-08-15 16:55:00+00:00,177.79,177.825,177.781,576,177.8227,49852,177.803574
2023-08-15 16:56:00+00:00,177.87,177.8775,177.7928,525,177.795,33201,177.840524
2023-08-15 16:57:00+00:00,177.9497,177.9676,177.86,734,177.8701,74577,177.915765
2023-08-15 16:58:00+00:00,177.9532,177.9716,177.935,652,177.949,54364,177.95522
2023-08-15 16:59:00+00:00,177.95,177.9787,177.935,539,177.958,27349,177.953619
2023-08-15 17:00:00+00:00,177.9286,177.99,177.89,731,177.96,48834,177.935924
2023-08-15 17:01:00+00:00,177.97,177.985,177.9,465,177.93,27718,177.957088
2023-08-15 17:02:00+00:00,178.0,178.01,177.94,505,177.9581,49334,177.991457
2023-08-15 17:03:00+00:00,178.005,178.06,177.985,593,178.005,47632,178.031814
2023-08-15 17:04:00+00:00,177.98,178.04,177.97,691,178.0,44468,178.000524
2023-08-15 17:05:00+00:00,177.92,177.98,177.9001,523,177.978,38164,177.939117
2023-08-15 17:06:00+00:00,177.8379,177.92,177.83,665,177.92,52568,177.878402
2023-08-15 17:07:00+00:00,177.87,177.905,177.83,460,177.84,33019,177.869702
2023-08-15 17:08:00+00:00,177.83,177.88,177.82,572,177.88,43056,177.842401
2023-08-15 17:09:00+00:00,177.87,177.88,177.82,445,177.83,22658,177.854674
2023-08-15 17:10:00+00:00,177.97,177.97,177.8599,673,177.8601,46603,177.909785
2023-08-15 17:11:00+00:00,177.965,177.97,177.9152,481,177.96,30271,177.953899
2023-08-15 17:12:00+00:00,177.99,178.0,177.93,545,177.9698,35024,177.965949
2023-08-15 17:13:00+00:00,178.08,178.09,177.99,718,177.99,59994,178.039545
2023-08-15 17:14:00+00:00,178.06,178.1,178.055,521,178.08,44836,178.078509
2023-08-15 17:15:00+00:00,178.105,178.11,178.05,532,178.0682,39932,178.077012
2023-08-15 17:16:00+00:00,178.1014,178.12,178.0644,483,178.1,38793,178.098698
2023-08-15 17:17:00+00:00,178.1334,178.14,178.0801,580,178.1001,51610,178.115081
2023-08-15 17:18:00+00:00,178.18,178.195,178.13,552,178.13,46529,178.162992
2023-08-15 17:19:00+00:00,178.1208,178.2,178.12,531,178.18,34046,178.168328
2023-08-15 17:20:00+00:00,178.0699,178.13,178.06,665,178.125,49302,178.091655
2023-08-15 17:21:00+00:00,178.115,178.13,178.08,407,178.08,34427,178.107696
2023-08-15 17:22:00+00:00,178.0699,178.115,178.06,427,178.11,29087,178.078697
2023-08-15 17:23:00+00:00,178.13,178.13,178.05,557,178.06,40384,178.083951
2023-08-15 17:24:00+00:00,178.14,178.19,178.12,565,178.12,46335,178.157666
2023-08-15 17:25:00+00:00,178.165,178.17,178.115,509,178.14,35639,178.144149
2023-08-15 17:26:00+00:00,178.1428,178.19,178.11,493,178.16,35105,178.15396
2023-08-15 17:27:00+00:00,178.23,178.235,178.14,654,178.14,60973,178.205594
2023-08-15 17:28:00+00:00,178.205,178.24,178.17,459,178.225,46226,178.213831
2023-08-15 17:29:00+00:00,178.1299,178.205,178.12,598,178.2,45980,178.154154
2023-08-15 17:30:00+00:00,178.075,178.16,178.06,832,178.13,55333,178.098886
2023-08-15 17:31:00+00:00,178.0324,178.09,178.02,668,178.08,46456,178.045758
2023-08-15 17:32:00+00:00,177.99,178.05,177.98,983,178.04,63060,178.011703
2023-08-15 17:33:00+00:00,177.915,178.01,177.9001,598,178.0,46690,177.936333
2023-08-15 17:34:00+00:00,177.87,177.9199,177.84,624,177.9199,51091,177.875586
2023-08-15 17:35:00+00:00,177.78,177.865,177.78,717,177.865,50528,177.817132
2023-08-15 17:36:00+00:00,177.85,177.88,177.7894,665,177.79,56626,177.830079
2023-08-15 17:37:00+00:00,177.78,177.87,177.7605,783,177.8501,57847,177.813507
2023-08-15 17:38:00+00:00,177.7719,177.824,177.77,495,177.785,38715,177.79251
2023-08-15 17:39:00+00:00,177.7688,177.78,177.72,639,177.78,52475,177.75498
2023-08-15 17:40:00+00:00,177.75,177.7799,177.71,648,177.76,61616,177.735396
2023-08-15 17:41:00+00:00,177.78,177.8,177.71,651,177.7468,44340,177.761614
2023-08-15 17:42:00+00:00,177.71,177.78,177.69,866,177.775,63610,177.724037
2023-08-15 17:43:00+00:00,177.695,177.74,177.69,651,177.711,44120,177.71493
2023-08-15 17:44:00+00:00,177.72,177.75,177.67,741,177.7,45339,177.711271
2023-08-15 17:45:00+00:00,177.68,177.71,177.62,1111,177.71,91430,177.663797
2023-08-15 17:46:00+00:00,177.71,177.72,177.66,627,177.68,54515,177.695481
2023-08-15 17:47:00+00:00,177.67,177.74,177.66,681,177.705,47706,177.709464
2023-08-15 17:48:00+00:00,177.65,177.705,177.63,679,177.675,49304,177.667186
2023-08-15 17:49:00+00:00,177.6823,177.69,177.635,495,177.655,28635,177.659688
2023-08-15 17:50:00+00:00,177.71,177.7401,177.68,666,177.68,53681,177.720216
2023-08-15 17:51:00+00:00,177.7699,177.77,177.67,666,177.7115,52544,177.706831
2023-08-15 17:52:00+00:00,177.81,177.81,177.74,628,177.77,44857,177.772673
2023-08-15 17:53:00+00:00,177.79,177.8299,177.78,616,177.81,51727,177.804982
2023-08-15 17:54:00+00:00,177.79,177.82,177.775,463,177.8,33980,177.796789
2023-08-15 17:55:00+00:00,177.775,177.79,177.73,514,177.79,36897,177.757532
2023-08-15 17:56:00+00:00,177.8022,177.82,177.74,473,177.778,30416,177.789721
2023-08-15 17:57:00+00:00,177.89,177.9,177.8,615,177.81,39630,177.854989
2023-08-15 17:58:00+00:00,177.855,177.89,177.85,534,177.885,95032,177.885684
2023-08-15 17:59:00+00:00,177.83,177.86,177.83,445,177.855,28734,177.845666
2023-08-15 18:00:00+00:00,177.83,177.88,177.81,586,177.8391,43733,177.841372
2023-08-15 18:01:00+00:00,177.84,177.8785,177.84,517,177.84,35170,177.863497
2023-08-15 18:02:00+00:00,177.84,177.87,177.82,410,177.84,23695,177.848099
2023-08-15 18:03:00+00:00,177.8509,177.87,177.775,722,177.835,57622,177.812496
2023-08-15 18:04:00+00:00,177.79,177.8738,177.78,425,177.86,24632,177.814425
2023-08-15 18:05:00+00:00,177.825,177.83,177.74,500,177.7876,31920,177.773898
2023-08-15 18:06:00+00:00,177.82,177.855,177.8001,433,177.82,23580,177.828111
2023-08-15 18:07:00+00:00,177.8301,177.86,177.81,435,177.82,20338,177.839546
2023-08-15 18:08:00+00:00,177.865,177.87,177.82,389,177.84,32742,177.853272
2023-08-15 18:09:00+00:00,177.895,177.9,177.842,662,177.86,87664,177.877536
2023-08-15 18:10:00+00:00,177.9399,177.95,177.865,601,177.8924,48165,177.902873
2023-08-15 18:11:00+00:00,177.95,177.985,177.915,614,177.94,52998,177.952162
2023-08-15 18:12:00+00:00,177.925,177.955,177.89,583,177.955,50017,177.925167
2023-08-15 18:13:00+00:00,177.895,177.95,177.895,571,177.93,36919,177.925198
2023-08-15 18:14:00+00:00,177.93,177.9399,177.8937,398,177.895,23487,177.915415
2023-08-15 18:15:00+00:00,177.87,177.93,177.86,605,177.93,41742,177.881962
2023-08-15 18:16:00+00:00,177.91,177.9299,177.855,444,177.86,29573,177.89905
2023-08-15 18:17:00+00:00,177.935,177.955,177.9036,395,177.91,24861,177.929503
2023-08-15 18:18:00+00:00,177.96,177.97,177.9201,391,177.93,28410,177.948958
2023-08-15 18:19:00+00:00,177.945,177.97,177.91,437,177.95,26599,177.946071
2023-08-15 18:20:00+00:00,177.94,177.9699,177.93,466,177.9499,25573,177.94257
2023-08-15 18:21:00+00:00,177.95,177.975,177.8875,860,177.93,65723,177.931439
2023-08-15 18:22:00+00:00,177.9294,177.95,177.9,508,177.95,35260,177.925876
2023-08-15 18:23:00+00:00,177.94,177.955,177.91,529,177.93,44873,177.93366
2023-08-15 18:24:00+00:00,177.89,177.94,177.83,802,177.94,56583,177.863539
2023-08-15 18:25:00+00:00,177.89,177.9,177.855,477,177.87,29124,177.873671
2023-08-15 18:26:00+00:00,177.8899,177.9299,177.88,493,177.88,33859,177.905578
2023-08-15 18:27:00+00:00,177.895,177.9199,177.87,440,177.87,27783,177.8973
2023-08-15 18:28:00+00:00,177.915,177.92,177.88,450,177.89,33256,177.9055
2023-08-15 18:29:00+00:00,177.89,177.93,177.8701,496,177.91,30295,177.899329
2023-08-15 18:30:00+00:00,177.9805,177.99,177.87,736,177.9,51247,177.915903
2023-08-15 18:31:00+00:00,177.99,178.03,177.94,731,177.98,66344,177.989462
2023-08-15 18:32:00+00:00,177.97,178.0,177.95,373,177.98,19536,177.974357
2023-08-15 18:33:00+00:00,178.0,178.02,177.935,594,177.9622,33715,177.978431
2023-08-15 18:34:00+00:00,178.1214,178.15,178.0,958,178.0,91110,178.099067
2023-08-15 18:35:00+00:00,178.18,178.19,178.125,560,178.13,44045,178.156595
2023-08-15 18:36:00+00:00,178.115,178.19,178.11,536,178.18,45329,178.149161
2023-08-15 18:37:00+00:00,178.08,178.11,178.03,729,178.11,59405,178.071972
2023-08-15 18:38:00+00:00,178.07,178.08,178.02,440,178.07,30084,178.056439
2023-08-15 18:39:00+00:00,178.09,178.0999,178.02,405,178.06,24622,178.056133
2023-08-15 18:40:00+00:00,178.0912,178.105,178.0576,473,178.08,33622,178.077507
2023-08-15 18:41:00+00:00,178.0901,178.0901,178.0426,431,178.09,30615,178.069597
2023-08-15 18:42:00+00:00,178.09,178.12,178.065,510,178.0901,41339,178.096474
2023-08-15 18:43:00+00:00,178.11,178.13,178.0941,413,178.1,32864,178.115088
2023-08-15 18:44:00+00:00,178.16,178.16,178.11,455,178.116,40135,178.135393
2023-08-15 18:45:00+00:00,178.155,178.16,178.12,312,178.15,27059,178.143396
2023-08-15 18:46:00+00:00,178.175,178.19,178.135,500,178.15,36165,178.162696
2023-08-15 18:47:00+00:00,178.13,178.235,178.1201,679,178.18,63952,178.19284
2023-08-15 18:48:00+00:00,178.12,178.14,178.09,539,178.13,49050,178.121182
2023-08-15 18:49:00+00:00,178.105,178.1201,178.08,426,178.1201,29104,178.099179
2023-08-15 18:50:00+00:00,178.08,178.12,178.0601,508,178.1,33173,178.09631
2023-08-15 18:51:00+00:00,178.095,178.12,178.08,317,178.09,18510,178.097806
2023-08-15 18:52:00+00:00,178.12,178.1293,178.08,422,178.095,23131,178.102638
2023-08-15 18:53:00+00:00,178.105,178.12,178.08,303,178.115,16092,178.099386
2023-08-15 18:54:00+00:00,178.095,178.125,178.075,487,178.105,40946,178.09994
2023-08-15 18:55:00+00:00,178.1099,178.119,178.0714,420,178.085,24493,178.095198
2023-08-15 18:56:00+00:00,178.013,178.1087,177.99,853,178.1087,76484,178.017065
2023-08-15 18:57:00+00:00,177.99,178.0201,177.97,642,178.01,77069,177.987756
2023-08-15 18:58:00+00:00,177.96,178.0,177.93,883,178.0,60878,177.957236
2023-08-15 18:59:00+00:00,178.0,178.005,177.94,595,177.96,46655,177.965827
2023-08-15 19:00:00+00:00,177.975,178.015,177.95,469,177.99,29260,177.978689
2023-08-15 19:01:00+00:00,178.03,178.045,177.97,549,177.975,37477,178.018895
2023-08-15 19:02:00+00:00,178.065,178.075,178.0,752,178.03,64191,178.043453
2023-08-15 19:03:00+00:00,177.9935,178.07,177.97,606,178.0611,48365,178.010128
2023-08-15 19:04:00+00:00,177.9499,178.0,177.9295,525,177.995,44239,177.959389
2023-08-15 19:05:00+00:00,177.96,177.97,177.94,429,177.95,31250,177.952447
2023-08-15 19:06:00+00:00,177.97,177.99,177.92,528,177.96,41928,177.954222
2023-08-15 19:07:00+00:00,177.95,177.98,177.92,418,177.98,37891,177.941365
2023-08-15 19:08:00+00:00,177.88,177.9501,177.88,604,177.95,43689,177.903796
2023-08-15 19:09:00+00:00,177.905,177.9183,177.88,589,177.88,48103,177.894001
2023-08-15 19:10:00+00:00,177.9807,178.02,177.9,969,177.905,88469,177.966324
2023-08-15 19:11:00+00:00,177.89,177.99,177.89,583,177.98,58525,177.935902
2023-08-15 19:12:00+00:00,177.7918,177.9,177.78,1082,177.89,116013,177.830146
2023-08-15 19:13:00+00:00,177.7747,177.8,177.7557,586,177.8,42280,177.778906
2023-08-15 19:14:00+00:00,177.7901,177.83,177.77,736,177.77,65220,177.800355
2023-08-15 19:15:00+00:00,177.7672,177.8199,177.75,706,177.79,57159,177.786809
2023-08-15 19:16:00+00:00,177.74,177.79,177.73,782,177.765,90224,177.760609
2023-08-15 19:17:00+00:00,177.875,177.9,177.74,919,177.74,78452,177.794228
2023-08-15 19:18:00+00:00,177.8885,177.895,177.815,751,177.87,73051,177.855787
2023-08-15 19:19:00+00:00,177.8934,177.92,177.87,503,177.88,45931,177.894141
2023-08-15 19:20:00+00:00,177.88,177.92,177.853,600,177.8907,59973,177.890172
2023-08-15 19:21:00+00:00,177.831,177.94,177.81,895,177.885,76815,177.865743
2023-08-15 19:22:00+00:00,177.862,177.875,177.8,676,177.835,51062,177.839331
2023-08-15 19:23:00+00:00,177.8,177.87,177.77,871,177.87,70557,177.829428
2023-08-15 19:24:00+00:00,177.72,177.81,177.7001,917,177.795,77308,177.745364
2023-08-15 19:25:00+00:00,177.64,177.73,177.62,1134,177.71,90433,177.664836
2023-08-15 19:26:00+00:00,177.42,177.665,177.32,4339,177.64,345518,177.471651
2023-08-15 19:27:00+00:00,177.3601,177.4373,177.335,1092,177.41,93026,177.381668
2023-08-15 19:28:00+00:00,177.3152,177.3701,177.31,1091,177.355,130555,177.338052
2023-08-15 19:29:00+00:00,177.285,177.4,177.27,1646,177.3157,160605,177.345435
2023-08-15 19:30:00+00:00,177.28,177.29,177.195,2304,177.28,199486,177.228106
2023-08-15 19:31:00+00:00,177.2899,177.36,177.24,2036,177.27,200499,177.305282
2023-08-15 19:32:00+00:00,177.195,177.31,177.1901,1465,177.28,145478,177.237915
2023-08-15 19:33:00+00:00,177.21,177.265,177.19,1516,177.195,130896,177.225594
2023-08-15 19:34:00+00:00,177.29,177.33,177.2,1198,177.215,114801,177.273641
2023-08-15 19:35:00+00:00,177.27,177.325,177.24,1093,177.29,86470,177.27647
2023-08-15 19:36:00+00:00,177.285,177.33,177.24,902,177.2609,79426,177.297065
2023-08-15 19:37:00+00:00,177.21,177.295,177.19,1279,177.29,133712,177.232809
2023-08-15 19:38:00+00:00,177.25,177.25,177.19,987,177.21,80610,177.213273
2023-08-15 19:39:00+00:00,177.14,177.25,177.14,1169,177.245,118597,177.178813
2023-08-15 19:40:00+00:00,177.155,177.17,177.1,1395,177.145,116464,177.130241
2023-08-15 19:41:00+00:00,177.17,177.19,177.0901,1540,177.155,137453,177.134628
2023-08-15 19:42:00+00:00,177.15,177.21,177.14,1381,177.17,119735,177.176999
2023-08-15 19:43:00+00:00,177.12,177.15,177.05,1368,177.144,96021,177.104414
2023-08-15 19:44:00+00:00,177.14,177.165,177.11,1060,177.11,72497,177.137745
2023-08-15 19:45:00+00:00,177.27,177.27,177.13,1638,177.14,161487,177.218647
2023-08-15 19:46:00+00:00,177.3,177.315,177.2,1485,177.27,122719,177.262427
2023-08-15 19:47:00+00:00,177.27,177.33,177.22,1376,177.3,110928,177.282379
2023-08-15 19:48:00+00:00,177.205,177.27,177.2,1115,177.27,81732,177.232331
2023-08-15 19:49:00+00:00,177.23,177.245,177.18,1009,177.205,70502,177.220291
2023-08-15 19:50:00+00:00,177.325,177.435,177.15,3124,177.24,283661,177.275637
2023-08-15 19:51:00+00:00,177.325,177.35,177.25,2210,177.325,167750,177.307911
2023-08-15 19:52:00+00:00,177.355,177.38,177.29,1806,177.325,147927,177.333014
2023-08-15 19:53:00+00:00,177.385,177.41,177.335,1913,177.36,162070,177.378242
2023-08-15 19:54:00+00:00,177.345,177.415,177.32,1934,177.39,156537,177.358093
2023-08-15 19:55:00+00:00,177.5,177.525,177.29,2758,177.34,263379,177.416096
2023-08-15 19:56:00+00:00,177.54,177.57,177.43,2377,177.495,219337,177.510779
2023-08-15 19:57:00+00:00,177.57,177.59,177.52,2603,177.545,241352,177.554656
2023-08-15 19:58:00+00:00,177.68,177.72,177.57,3844,177.57,388615,177.657262
2023-08-15 19:59:00+00:00,177.48,177.685,177.42,7901,177.68,962987,177.550839
2023-08-15 20:00:00+00:00,177.45,177.5,177.45,168,177.485,7437856,177.450038
2023-08-15 20:01:00+00:00,177.45,177.47,177.42,88,177.45,3898,177.449425
2023-08-15 20:02:00+00:00,177.43,177.44,177.42,63,177.42,6986,177.432602
2023-08-15 20:03:00+00:00,177.42,177.44,177.41,51,177.44,1584,177.429028
2023-08-15 20:04:00+00:00,177.46,177.46,177.42,65,177.42,4755,177.451383
2023-08-15 20:05:00+00:00,177.42,177.49,177.42,91,177.49,10996,177.456736
2023-08-15 20:06:00+00:00,177.45,177.45,177.36,62,177.44,161071,177.449102
2023-08-15 20:07:00+00:00,177.43,177.43,177.4041,39,177.43,1309,177.422615
2023-08-15 20:08:00+00:00,177.43,177.43,177.41,39,177.41,2003,177.41345
2023-08-15 20:09:00+00:00,177.43,177.43,177.4,34,177.42,1839,177.423371
2023-08-15 20:10:00+00:00,177.46,177.46,177.43,77,177.43,5508,177.448166
2023-08-15 20:11:00+00:00,177.49,177.49,177.45,51,177.46,9248,177.487899
2023-08-15 20:12:00+00:00,177.48,177.49,177.46,66,177.49,6793,177.46422
2023-08-15 20:13:00+00:00,177.45,177.48,177.45,42,177.48,17118,177.452218
2023-08-15 20:14:00+00:00,177.46,177.46,177.46,30,177.46,811,177.462363
2023-08-15 20:15:00+00:00,177.4617,177.4617,177.4617,23,177.4617,254,177.508865
2023-08-15 20:16:00+00:00,177.45,177.47,177.45,59,177.47,1937,177.454399
2023-08-15 20:17:00+00:00,177.45,177.45,177.44,44,177.45,892,177.449402
2023-08-15 20:18:00+00:00,177.45,177.46,177.45,34,177.45,17941,177.450128
2023-08-15 20:19:00+00:00,177.48,177.48,177.47,37,177.47,1070,177.476131
2023-08-15 20:20:00+00:00,177.47,177.5,177.47,33,177.5,1623,177.489054
2023-08-15 20:21:00+00:00,177.49,177.52,177.49,56,177.49,2375,177.492002
2023-08-15 20:22:00+00:00,177.49,177.51,177.49,32,177.51,577,177.505468
2023-08-15 20:23:00+00:00,177.5,177.52,177.5,38,177.5,2166,177.503441
2023-08-15 20:24:00+00:00,177.5,177.5,177.5,42,177.5,2063,177.500833
2023-08-15 20:25:00+00:00,177.53,177.57,177.51,41,177.51,4270,177.518644
2023-08-15 20:26:00+00:00,177.56,177.58,177.56,49,177.57,3603,177.568022
2023-08-15 20:31:00+00:00,177.5385,177.54,177.52,37,177.54,904,177.528183
2023-08-15 20:32:00+00:00,177.51,177.51,177.51,20,177.51,326,177.508466
2023-08-15 20:33:00+00:00,177.52,177.52,177.5,31,177.5,722,177.508837
2023-08-15 20:34:00+00:00,177.55,177.55,177.54,33,177.55,1376,177.545705
2023-08-15 20:35:00+00:00,177.52,177.55,177.52,24,177.55,878,177.526475
2023-08-15 20:36:00+00:00,177.51,177.52,177.51,38,177.52,1095,177.512311
2023-08-15 20:37:00+00:00,177.53,177.53,177.51,23,177.51,1078,177.524823
2023-08-15 20:38:00+00:00,177.45,177.52,177.45,111,177.51,9533,177.49699
2023-08-15 20:39:00+00:00,177.45,177.45,177.43,57,177.43,49957,177.449237
2023-08-15 20:40:00+00:00,177.4,177.42,177.4,60,177.42,2833,177.40812
2023-08-15 20:41:00+00:00,177.36,177.36,177.35,41,177.36,2730,177.358418
2023-08-15 20:42:00+00:00,177.39,177.39,177.38,36,177.39,1379,177.386693
2023-08-15 20:43:00+00:00,177.38,177.38,177.35,26,177.37,890,177.365281
2023-08-15 20:44:00+00:00,177.38,177.38,177.36,39,177.36,2053,177.375641
2023-08-15 20:45:00+00:00,177.4399,177.46,177.43,48,177.43,2488,177.442183
2023-08-15 20:46:00+00:00,177.4,177.44,177.4,47,177.44,1411,177.413663
2023-08-15 20:47:00+00:00,177.45,177.45,177.37,44,177.37,2166,177.417842
2023-08-15 20:48:00+00:00,177.43,177.43,177.43,24,177.43,306,177.433338
2023-08-15 20:50:00+00:00,177.42,177.42,177.42,24,177.42,275,177.422509
2023-08-15 20:51:00+00:00,177.45,177.45,177.42,26,177.42,50687,177.449714
2023-08-15 20:52:00+00:00,177.4399,177.4399,177.42,36,177.42,1346,177.426898
2023-08-15 20:54:00+00:00,177.41,177.41,177.41,37,177.41,1064,177.411933
2023-08-15 20:55:00+00:00,177.41,177.41,177.41,24,177.41,399,177.402206
2023-08-15 20:56:00+00:00,177.41,177.41,177.41,23,177.41,415,177.406084
2023-08-15 20:57:00+00:00,177.38,177.38,177.38,16,177.38,446,177.380605
2023-08-15 20:58:00+00:00,177.38,177.38,177.38,25,177.38,1191,177.379204
2023-08-15 20:59:00+00:00,177.4,177.4,177.39,35,177.4,1169,177.398118
2023-08-15 21:00:00+00:00,177.41,177.41,177.41,20,177.41,1983,177.412751
2023-08-15 21:01:00+00:00,177.42,177.42,177.42,19,177.42,741,177.42081
2023-08-15 21:02:00+00:00,177.38,177.4,177.38,38,177.4,2194,177.390264
2023-08-15 21:03:00+00:00,177.4,177.4,177.38,24,177.38,2808,177.387343
2023-08-15 21:04:00+00:00,177.39,177.39,177.39,34,177.39,1193,177.389753
2023-08-15 21:05:00+00:00,177.37,177.4,177.37,20,177.4,787,177.375254
2023-08-15 21:07:00+00:00,177.4,177.4,177.4,18,177.4,174,177.397759
2023-08-15 21:08:00+00:00,177.3703,177.4,177.3703,30,177.4,783,177.376966
2023-08-15 21:09:00+00:00,177.4,177.4,177.4,16,177.4,162,177.39571
2023-08-15 21:10:00+00:00,177.37,177.37,177.37,38,177.37,390,177.374064
2023-08-15 21:11:00+00:00,177.36,177.4,177.36,30,177.3965,790,177.387141
2023-08-15 21:14:00+00:00,177.38,177.38,177.38,24,177.38,180,177.378908
2023-08-15 21:15:00+00:00,177.3999,177.3999,177.3999,17,177.3999,524,177.397529
2023-08-15 21:16:00+00:00,177.4,177.4,177.4,32,177.4,652,177.395166
2023-08-15 21:17:00+00:00,177.42,177.45,177.3913,24,177.45,718,177.411003
2023-08-15 21:18:00+00:00,177.4,177.4,177.4,25,177.4,474,177.405
2023-08-15 21:21:00+00:00,177.4,177.41,177.39,34,177.41,1464,176.308709
2023-08-15 21:22:00+00:00,177.38,177.38,177.38,30,177.38,1075,177.386944
2023-08-15 21:23:00+00:00,177.38,177.39,177.38,29,177.39,942,177.388105
2023-08-15 21:24:00+00:00,177.4,177.4,177.4,29,177.4,694,177.397825
2023-08-15 21:26:00+00:00,177.39,177.39,177.39,19,177.39,176,177.389375
2023-08-15 21:28:00+00:00,177.39,177.39,177.39,20,177.39,949,169.598207
2023-08-15 21:29:00+00:00,177.3991,177.3991,177.3974,24,177.3974,561,177.393102
2023-08-15 21:30:00+00:00,177.39,177.39,177.39,24,177.39,948,177.392051
2023-08-15 21:33:00+00:00,177.41,177.42,177.41,13,177.42,492,177.415904
2023-08-15 21:34:00+00:00,177.4,177.4,177.4,26,177.4,2527,177.400135
2023-08-15 21:35:00+00:00,177.4,177.4,177.4,19,177.4,427,177.400843
2023-08-15 21:36:00+00:00,177.42,177.42,177.4,22,177.4,679,177.4062
2023-08-15 21:39:00+00:00,177.44,177.44,177.44,29,177.44,546,177.437161
2023-08-15 21:40:00+00:00,177.4,177.4,177.4,24,177.4,314,177.402516
2023-08-15 21:41:00+00:00,177.4,177.4,177.4,20,177.4,274,177.406423
2023-08-15 21:43:00+00:00,177.41,177.41,177.41,16,177.41,268,177.408881
2023-08-15 21:44:00+00:00,177.41,177.41,177.41,23,177.41,173,177.409155
2023-08-15 21:46:00+00:00,177.4,177.41,177.4,27,177.41,666,177.403213
2023-08-15 21:47:00+00:00,177.41,177.41,177.41,24,177.41,526,177.408688
2023-08-15 21:48:00+00:00,177.42,177.42,177.42,24,177.42,320,177.460844
2023-08-15 21:49:00+00:00,177.44,177.44,177.44,21,177.44,267,177.436648
2023-08-15 21:52:00+00:00,177.4,177.4,177.4,21,177.4,512,177.400407
2023-08-15 21:53:00+00:00,177.4,177.4,177.4,70,177.4,462,177.401147
2023-08-15 21:54:00+00:00,177.4,177.4,177.4,28,177.4,1322,177.400635
2023-08-15 21:58:00+00:00,177.41,177.41,177.4,24,177.4,592,177.408412
2023-08-15 22:00:00+00:00,177.46,177.46,177.45,42,177.45,904,177.448308
2023-08-15 22:02:00+00:00,177.41,177.44,177.41,43,177.44,1107,177.424237
2023-08-15 22:04:00+00:00,177.4488,177.4488,177.4488,9,177.4488,265,177.439264
2023-08-15 22:05:00+00:00,177.4,177.41,177.4,46,177.41,813,177.403555
2023-08-15 22:08:00+00:00,177.4198,177.4198,177.4198,20,177.4198,460,177.417513
2023-08-15 22:09:00+00:00,177.4,177.4001,177.4,22,177.4001,742,177.402412
2023-08-15 22:10:00+00:00,177.4035,177.42,177.4,16,177.4,519,177.408247
2023-08-15 22:11:00+00:00,177.4,177.4,177.4,27,177.4,739,177.401116
2023-08-15 22:12:00+00:00,177.44,177.44,177.44,21,177.44,1438,177.439221
2023-08-15 22:13:00+00:00,177.5,177.5,177.45,56,177.45,3881,177.463531
2023-08-15 22:15:00+00:00,177.5,177.5,177.5,19,177.5,598,177.499222
2023-08-15 22:16:00+00:00,177.47,177.47,177.47,18,177.47,345,177.470565
2023-08-15 22:17:00+00:00,177.5,177.5,177.5,22,177.5,451,177.498647
2023-08-15 22:18:00+00:00,177.49,177.49,177.49,11,177.49,552,177.490699
2023-08-15 22:20:00+00:00,177.5,177.54,177.49,36,177.49,2780,177.5087
2023-08-15 22:23:00+00:00,177.5,177.5,177.48,19,177.48,605,177.487413
2023-08-15 22:25:00+00:00,177.5,177.5,177.49,17,177.5,4416,177.498896
2023-08-15 22:27:00+00:00,177.5,177.5,177.5,13,177.5,858,177.50014
2023-08-15 22:28:00+00:00,177.55,177.55,177.52,28,177.52,4935,177.53232
2023-08-15 22:30:00+00:00,177.55,177.55,177.53,20,177.53,741,177.537065
2023-08-15 22:34:00+00:00,177.52,177.52,177.51,21,177.51,374,177.515842
2023-08-15 22:36:00+00:00,177.5,177.51,177.5,22,177.51,1924,177.501785
2023-08-15 22:37:00+00:00,177.5,177.5,177.5,12,177.5,1218,177.499704
2023-08-15 22:40:00+00:00,177.5,177.5,177.5,19,177.5,408,177.499167
2023-08-15 22:41:00+00:00,177.4641,177.5,177.4641,15,177.5,456,177.477577
2023-08-15 22:42:00+00:00,177.53,177.53,177.53,13,177.53,152,177.516579
2023-08-15 22:43:00+00:00,177.46,177.46,177.46,7,177.46,1039,177.460539
2023-08-15 22:45:00+00:00,177.53,177.53,177.53,17,177.53,254,177.504823
2023-08-15 22:48:00+00:00,177.5,177.5,177.5,18,177.5,1071,177.498543
2023-08-15 22:49:00+00:00,177.5,177.5,177.5,19,177.5,878,177.499134
2023-08-15 22:51:00+00:00,177.5,177.5,177.5,14,177.5,320,177.49925
2023-08-15 22:54:00+00:00,177.5,177.5,177.5,24,177.5,817,177.498127
2023-08-15 22:56:00+00:00,177.514,177.514,177.514,15,177.514,259,177.510699
2023-08-15 22:57:00+00:00,177.51,177.51,177.51,13,177.51,136,177.508566
2023-08-15 22:58:00+00:00,177.5,177.5,177.5,19,177.5,464,177.495377
2023-08-15 22:59:00+00:00,177.46,177.5,177.46,28,177.5,1995,177.481228
2023-08-15 23:00:00+00:00,177.53,177.53,177.53,10,177.53,406,177.527607
2023-08-15 23:01:00+00:00,177.48,177.48,177.48,15,177.48,174,177.48431
2023-08-15 23:04:00+00:00,177.45,177.47,177.45,29,177.47,2112,177.465795
2023-08-15 23:10:00+00:00,177.47,177.47,177.47,10,177.47,556,177.472464
2023-08-15 23:12:00+00:00,177.53,177.53,177.53,5,177.53,105,177.529714
2023-08-15 23:13:00+00:00,177.47,177.47,177.47,18,177.47,344,177.477384
2023-08-15 23:14:00+00:00,177.47,177.47,177.47,14,177.47,541,177.471128
2023-08-15 23:16:00+00:00,177.5,177.5,177.5,17,177.5,424,177.494481
2023-08-15 23:20:00+00:00,177.52,177.52,177.52,11,177.52,2976,177.518424
2023-08-15 23:21:00+00:00,177.53,177.53,177.5,29,177.5,10030,177.500591
2023-08-15 23:22:00+00:00,177.53,177.53,177.53,25,177.53,790,177.528785
2023-08-15 23:23:00+00:00,177.53,177.53,177.53,10,177.53,758,177.53
2023-08-15 23:24:00+00:00,177.53,177.56,177.53,29,177.54,2933,177.549763
2023-08-15 23:25:00+00:00,177.57,177.57,177.55,19,177.55,538,177.548717
2023-08-15 23:26:00+00:00,177.53,177.53,177.53,12,177.53,352,177.532878
2023-08-15 23:27:00+00:00,177.58,177.58,177.57,13,177.57,605,177.578289
2023-08-15 23:28:00+00:00,177.6,177.6,177.6,17,177.6,778,177.598226
2023-08-15 23:33:00+00:00,177.6,177.6,177.6,27,177.6,1299,177.598376
2023-08-15 23:35:00+00:00,177.7,177.7,177.62,22,177.6201,3779,177.641204
2023-08-15 23:36:00+00:00,177.7,177.7,177.65,26,177.65,1092,177.690238
2023-08-15 23:38:00+00:00,177.7,177.7,177.7,25,177.7,586,177.696228
2023-08-15 23:39:00+00:00,177.74,177.74,177.74,22,177.74,334,177.733428
2023-08-15 23:40:00+00:00,177.74,177.74,177.74,25,177.74,336,177.746905
2023-08-15 23:41:00+00:00,177.77,177.77,177.75,32,177.75,829,177.758516
2023-08-15 23:43:00+00:00,177.76,177.76,177.71,46,177.74,1515,177.736934
2023-08-15 23:45:00+00:00,177.72,177.72,177.72,31,177.72,3302,177.72063
2023-08-15 23:47:00+00:00,177.7,177.79,177.7,27,177.79,1865,177.746105
2023-08-15 23:50:00+00:00,177.7,177.7,177.7,29,177.7,945,177.689788
2023-08-15 23:52:00+00:00,177.64,177.67,177.64,27,177.67,1011,177.654347
2023-08-15 23:53:00+00:00,177.69,177.69,177.69,9,177.69,222,177.680631
2023-08-15 23:54:00+00:00,177.6701,177.6701,177.6701,9,177.6701,203,177.679581
2023-08-15 23:55:00+00:00,177.68,177.69,177.68,15,177.69,1133,177.68447
2023-08-15 23:56:00+00:00,177.7,177.7,177.67,13,177.69,1378,177.685762
2023-08-15 23:58:00+00:00,177.7,177.7,177.7,21,177.7,448,177.699096
