timestamp,close,high,low,trade_count,open,volume,vwap
2023-10-24 08:01:00+00:00,173.76,173.76,173.76,50,173.76,1986,173.749048
2023-10-24 08:04:00+00:00,173.57,173.58,173.57,26,173.58,590,173.602254
2023-10-24 08:05:00+00:00,173.55,173.55,173.55,12,173.55,236,173.535297
2023-10-24 08:06:00+00:00,173.5,173.5,173.5,9,173.5,248,173.501331
2023-10-24 08:09:00+00:00,173.51,173.51,173.51,6,173.51,155,173.512065
2023-10-24 08:10:00+00:00,173.53,173.53,173.53,7,173.53,744,173.530108
2023-10-24 08:12:00+00:00,173.51,173.51,173.51,9,173.51,435,173.511908
2023-10-24 08:13:00+00:00,173.49,173.49,173.49,21,173.49,621,173.489324
2023-10-24 08:14:00+00:00,173.48,173.48,173.48,10,173.48,500,173.47294
2023-10-24 08:15:00+00:00,173.4,173.4,173.4,11,173.4,253,173.402332
2023-10-24 08:16:00+00:00,173.4,173.4,173.4,6,173.4,245,173.401837
2023-10-24 08:17:00+00:00,173.36,173.4,173.36,26,173.4,1250,173.383736
2023-10-24 08:22:00+00:00,173.33,173.33,173.33,6,173.33,199,173.330201
2023-10-24 08:23:00+00:00,173.36,173.36,173.36,24,173.36,1856,173.359973
2023-10-24 08:28:00+00:00,173.35,173.35,173.35,6,173.35,407,173.349361
2023-10-24 08:31:00+00:00,173.3,173.3,173.3,12,173.3,493,173.300751
2023-10-24 08:33:00+00:00,173.1,173.24,173.1,40,173.24,3453,173.175508
2023-10-24 08:38:00+00:00,173.07,173.07,173.07,11,173.07,240,173.079833
2023-10-24 08:40:00+00:00,173.14,173.14,173.14,3,173.14,200,173.135
2023-10-24 08:44:00+00:00,173.24,173.24,173.24,14,173.24,468,173.223889
2023-10-24 08:49:00+00:00,173.39,173.39,173.39,52,173.39,2251,173.34223
2023-10-24 08:50:00+00:00,173.4,173.4,173.39,14,173.39,1266,173.397291
2023-10-24 08:56:00+00:00,173.36,173.36,173.36,9,173.36,557,173.367074
2023-10-24 08:58:00+00:00,173.45,173.45,173.45,7,173.45,226,173.452301
2023-10-24 09:04:00+00:00,173.44,173.44,173.44,25,173.44,814,173.451486
2023-10-24 09:13:00+00:00,173.43,173.43,173.43,10,173.43,400,173.428825
2023-10-24 09:14:00+00:00,173.39,173.39,173.39,25,173.39,898,173.372216
2023-10-24 09:21:00+00:00,173.4,173.46,173.4,22,173.46,1009,173.425778
2023-10-24 09:27:00+00:00,173.46,173.46,173.44,17,173.44,565,173.458442
2023-10-24 09:28:00+00:00,173.5,173.5,173.48,10,173.48,499,173.488216
2023-10-24 09:29:00+00:00,173.5,173.5,173.5,12,173.5,862,173.499536
2023-10-24 09:31:00+00:00,173.55,173.55,173.55,14,173.55,605,173.542529
2023-10-24 09:32:00+00:00,173.57,173.57,173.57,7,173.57,496,173.568589
2023-10-24 09:34:00+00:00,173.64,173.64,173.57,34,173.57,1092,173.591099
2023-10-24 09:45:00+00:00,173.6,173.6,173.6,19,173.6,658,173.613313
2023-10-24 09:47:00+00:00,173.96,173.96,173.7,78,173.7,4809,173.764982
2023-10-24 09:50:00+00:00,173.75,173.75,173.75,16,173.75,821,173.788709
2023-10-24 10:01:00+00:00,173.78,173.78,173.78,16,173.78,434,173.79182
2023-10-24 10:04:00+00:00,173.69,173.69,173.69,12,173.69,352,173.697017
2023-10-24 10:05:00+00:00,173.69,173.69,173.69,10,173.69,497,173.68994
2023-10-24 10:15:00+00:00,173.57,173.58,173.57,29,173.58,690,173.575986
2023-10-24 10:18:00+00:00,173.46,173.5,173.46,33,173.5,1060,173.494802
2023-10-24 10:21:00+00:00,173.33,173.33,173.32,52,173.32,1451,173.364245
2023-10-24 10:22:00+00:00,173.49,173.49,173.49,14,173.49,570,173.438088
2023-10-24 10:29:00+00:00,173.36,173.36,173.31,33,173.34,1513,173.355228
2023-10-24 10:37:00+00:00,173.49,173.49,173.49,14,173.49,576,173.496111
2023-10-24 10:39:00+00:00,173.55,173.55,173.55,7,173.55,241,173.548008
2023-10-24 10:40:00+00:00,173.42,173.55,173.42,13,173.55,683,173.478755
2023-10-24 10:41:00+00:00,173.42,173.42,173.42,5,173.42,682,173.419941
2023-10-24 11:00:00+00:00,173.49,173.5,173.3,157,173.41,5195,173.396978
2023-10-24 11:01:00+00:00,173.58,173.58,173.58,51,173.58,2212,173.565538
2023-10-24 11:02:00+00:00,173.5,173.52,173.5,34,173.52,1357,173.519278
2023-10-24 11:03:00+00:00,173.53,173.56,173.53,16,173.56,656,173.542439
2023-10-24 11:04:00+00:00,173.55,173.55,173.52,18,173.52,984,173.536474
2023-10-24 11:05:00+00:00,173.57,173.58,173.57,29,173.58,1671,173.569264
2023-10-24 11:07:00+00:00,173.5,173.59,173.5,43,173.59,1885,173.525183
2023-10-24 11:08:00+00:00,173.55,173.55,173.55,6,173.55,125,173.55064
2023-10-24 11:09:00+00:00,173.51,173.51,173.51,6,173.51,1031,173.51031
2023-10-24 11:10:00+00:00,173.52,173.53,173.52,50,173.52,1713,173.522125
2023-10-24 11:11:00+00:00,173.52,173.52,173.52,11,173.52,650,173.530908
2023-10-24 11:12:00+00:00,173.53,173.53,173.53,12,173.53,376,173.528378
2023-10-24 11:13:00+00:00,173.45,173.5,173.45,29,173.5,9123,173.498555
2023-10-24 11:17:00+00:00,173.5,173.5,173.5,9,173.5,204,173.491275
2023-10-24 11:19:00+00:00,173.42,173.5,173.42,44,173.49,3717,173.470126
2023-10-24 11:21:00+00:00,173.5,173.5,173.5,10,173.5,351,173.481282
2023-10-24 11:22:00+00:00,173.48,173.49,173.48,11,173.49,553,173.483978
2023-10-24 11:24:00+00:00,173.48,173.48,173.45,13,173.45,537,173.465605
2023-10-24 11:25:00+00:00,173.48,173.48,173.45,22,173.45,3528,173.454314
2023-10-24 11:26:00+00:00,173.45,173.45,173.44,26,173.45,1083,173.444072
2023-10-24 11:27:00+00:00,173.44,173.44,173.44,18,173.44,596,173.430218
2023-10-24 11:28:00+00:00,173.45,173.45,173.45,12,173.45,619,173.447011
2023-10-24 11:31:00+00:00,173.4,173.4,173.4,30,173.4,1413,173.403984
2023-10-24 11:33:00+00:00,173.39,173.39,173.39,9,173.39,527,173.389677
2023-10-24 11:36:00+00:00,173.35,173.36,173.35,38,173.36,1416,173.354308
2023-10-24 11:37:00+00:00,173.35,173.35,173.35,16,173.35,298,173.332651
2023-10-24 11:38:00+00:00,173.35,173.35,173.35,18,173.35,829,173.346514
2023-10-24 11:39:00+00:00,173.34,173.34,173.34,11,173.34,569,173.341371
2023-10-24 11:40:00+00:00,173.3,173.35,173.3,23,173.35,2351,173.344011
2023-10-24 11:42:00+00:00,173.31,173.31,173.31,29,173.31,600,173.306483
2023-10-24 11:43:00+00:00,173.28,173.28,173.28,20,173.28,456,173.290044
2023-10-24 11:44:00+00:00,173.25,173.25,173.23,47,173.23,2768,173.240199
2023-10-24 11:45:00+00:00,173.25,173.25,173.25,46,173.25,1910,173.239995
2023-10-24 11:46:00+00:00,173.23,173.23,173.23,13,173.23,359,173.232228
2023-10-24 11:47:00+00:00,173.22,173.22,173.22,13,173.22,666,173.217778
2023-10-24 11:49:00+00:00,173.22,173.27,173.22,28,173.27,2739,173.231449
2023-10-24 11:53:00+00:00,173.27,173.27,173.27,8,173.27,874,173.269943
2023-10-24 11:54:00+00:00,173.28,173.28,173.28,24,173.28,1709,173.276167
2023-10-24 11:55:00+00:00,173.29,173.29,173.29,21,173.29,2431,173.287635
2023-10-24 11:57:00+00:00,173.25,173.25,173.25,20,173.25,742,173.258558
2023-10-24 11:58:00+00:00,173.3,173.3,173.3,6,173.3,1640,173.300159
2023-10-24 12:00:00+00:00,173.22,173.5995,173.2,325,173.57,27249,173.357391
2023-10-24 12:01:00+00:00,173.24,173.74,173.07,489,173.07,4309,173.34921
2023-10-24 12:02:00+00:00,173.23,173.23,173.07,351,173.2,11028,173.141116
2023-10-24 12:03:00+00:00,173.05,173.13,173.01,341,173.13,5454,173.097257
2023-10-24 12:04:00+00:00,173.03,173.1,173.03,30,173.0973,1790,173.063927
2023-10-24 12:05:00+00:00,173.05,173.1,173.0099,222,173.09,10356,173.027428
2023-10-24 12:06:00+00:00,173.125,173.125,173.01,24,173.01,479,173.043504
2023-10-24 12:09:00+00:00,173.15,173.18,173.15,23,173.16,933,173.15522
2023-10-24 12:10:00+00:00,173.13,173.18,173.13,27,173.18,2626,173.173757
2023-10-24 12:11:00+00:00,173.12,173.15,173.12,35,173.15,6620,173.145844
2023-10-24 12:12:00+00:00,173.2,173.2,173.2,59,173.2,2458,173.173173
2023-10-24 12:14:00+00:00,173.18,173.18,173.18,33,173.18,709,173.189337
2023-10-24 12:15:00+00:00,173.2,173.2,173.2,22,173.2,316,173.185823
2023-10-24 12:16:00+00:00,173.1799,173.1799,173.12,36,173.13,1185,173.134544
2023-10-24 12:18:00+00:00,173.2,173.2,173.2,19,173.2,476,173.171902
2023-10-24 12:19:00+00:00,173.2,173.2,173.2,19,173.2,1149,173.197041
2023-10-24 12:21:00+00:00,173.25,173.25,173.25,17,173.25,524,173.247815
2023-10-24 12:23:00+00:00,173.3079,173.3079,173.28,24,173.28,650,173.285492
2023-10-24 12:24:00+00:00,173.31,173.31,173.29,28,173.29,746,173.310912
2023-10-24 12:25:00+00:00,173.3773,173.3773,173.3,17,173.3,1077,173.337948
2023-10-24 12:26:00+00:00,173.33,173.35,173.33,21,173.35,938,173.336194
2023-10-24 12:27:00+00:00,173.37,173.37,173.37,23,173.37,2632,173.368735
2023-10-24 12:28:00+00:00,173.3,173.34,173.3,35,173.34,3680,173.317841
2023-10-24 12:29:00+00:00,173.38,173.38,173.38,11,173.38,112,173.376071
2023-10-24 12:30:00+00:00,173.34,173.34,173.34,15,173.34,253,173.340198
2023-10-24 12:31:00+00:00,173.34,173.34,173.34,21,173.34,406,173.344751
2023-10-24 12:32:00+00:00,173.38,173.38,173.3,40,173.34,1946,173.340206
2023-10-24 12:34:00+00:00,173.33,173.36,173.33,17,173.36,372,173.350269
2023-10-24 12:35:00+00:00,173.305,173.32,173.305,36,173.32,1374,173.312282
2023-10-24 12:36:00+00:00,173.32,173.32,173.32,21,173.32,234,173.313846
2023-10-24 12:37:00+00:00,173.2,173.32,173.2,112,173.32,4135,173.259734
2023-10-24 12:38:00+00:00,173.15,173.21,173.15,54,173.21,1967,173.182931
2023-10-24 12:39:00+00:00,173.2,173.2,173.2,23,173.2,973,173.205349
2023-10-24 12:40:00+00:00,173.2,173.2784,173.2,34,173.2784,1078,173.22038
2023-10-24 12:41:00+00:00,173.23,173.23,173.23,21,173.23,177,173.256864
2023-10-24 12:43:00+00:00,173.2,173.25,173.2,32,173.25,1812,173.214227
2023-10-24 12:44:00+00:00,173.2,173.2,173.2,34,173.2,1076,173.228313
2023-10-24 12:46:00+00:00,173.21,173.21,173.2,41,173.21,1055,173.210469
2023-10-24 12:47:00+00:00,173.33,173.39,173.25,45,173.25,4034,173.288246
2023-10-24 12:49:00+00:00,173.1703,173.39,173.1703,67,173.33,2747,173.272563
2023-10-24 12:50:00+00:00,173.2,173.35,173.2,26,173.3475,2064,173.299855
2023-10-24 12:51:00+00:00,173.2781,173.2781,173.201,17,173.201,663,173.241961
2023-10-24 12:53:00+00:00,173.37,173.37,173.3,41,173.31,3432,173.356163
2023-10-24 12:54:00+00:00,173.2,173.35,173.2,68,173.35,2325,173.265673
2023-10-24 12:55:00+00:00,173.25,173.27,173.25,16,173.27,1663,173.263782
2023-10-24 12:56:00+00:00,173.3,173.3,173.27,53,173.27,1842,173.286935
2023-10-24 12:57:00+00:00,173.29,173.29,173.29,18,173.29,497,173.317817
2023-10-24 12:59:00+00:00,173.3,173.3,173.29,27,173.29,1220,173.290721
2023-10-24 13:00:00+00:00,173.32,173.32,173.32,30,173.32,834,173.321355
2023-10-24 13:01:00+00:00,173.29,173.34,173.29,55,173.34,5238,173.324045
2023-10-24 13:02:00+00:00,173.23,173.31,173.23,33,173.31,2677,173.25076
2023-10-24 13:03:00+00:00,173.26,173.27,173.26,45,173.27,1376,173.258296
2023-10-24 13:04:00+00:00,173.2,173.2998,173.2,107,173.2998,2989,173.216957
2023-10-24 13:05:00+00:00,173.15,173.2,173.15,84,173.2,1464,173.184457
2023-10-24 13:06:00+00:00,173.15,173.15,173.1,95,173.12,6670,173.116941
2023-10-24 13:07:00+00:00,173.2,173.24,173.2,60,173.23,2294,173.217575
2023-10-24 13:08:00+00:00,173.2,173.2,173.2,30,173.2,1112,173.200827
2023-10-24 13:09:00+00:00,173.15,173.15,173.15,57,173.15,1204,173.136782
2023-10-24 13:10:00+00:00,173.11,173.14,173.08,125,173.1,8112,173.09943
2023-10-24 13:11:00+00:00,173.15,173.16,173.15,36,173.1598,3253,173.156505
2023-10-24 13:12:00+00:00,173.2,173.2,173.15,45,173.15,1416,173.168986
2023-10-24 13:13:00+00:00,173.2001,173.23,173.2,66,173.2,3193,173.206206
2023-10-24 13:14:00+00:00,173.24,173.24,173.2,34,173.2,1021,173.221941
2023-10-24 13:15:00+00:00,173.17,173.2,173.11,58,173.2,3093,173.135091
2023-10-24 13:16:00+00:00,173.13,173.17,173.13,30,173.15,2607,173.157499
2023-10-24 13:17:00+00:00,173.13,173.1385,173.13,30,173.1385,728,173.129478
2023-10-24 13:18:00+00:00,173.04,173.15,173.04,62,173.15,2935,173.127426
2023-10-24 13:19:00+00:00,173.11,173.12,173.0,217,173.03,14329,173.06432
2023-10-24 13:20:00+00:00,173.05,173.11,173.0,105,173.07,4875,173.043749
2023-10-24 13:21:00+00:00,173.05,173.05,173.02,41,173.02,2230,173.029484
2023-10-24 13:22:00+00:00,173.0,173.06,173.0,122,173.06,6901,173.024231
2023-10-24 13:23:00+00:00,173.0,173.0,172.91,75,172.92,1709,172.932094
2023-10-24 13:24:00+00:00,172.95,172.98,172.94,73,172.97,2826,172.958905
2023-10-24 13:25:00+00:00,172.95,172.97,172.9,56,172.97,1808,172.942129
2023-10-24 13:26:00+00:00,172.9,173.0,172.8,176,172.97,6039,172.937003
2023-10-24 13:27:00+00:00,173.0,173.0,172.36,389,172.8,23470,172.674007
2023-10-24 13:29:00+00:00,173.0,173.05,172.94,105,173.01,9592,173.003459
2023-10-24 13:30:00+00:00,173.2763,173.28,172.84,6013,173.0,803616,173.032103
2023-10-24 13:31:00+00:00,172.92,173.31,172.77,2671,173.27,237880,173.055379
2023-10-24 13:32:00+00:00,172.4482,172.93,172.43,3004,172.91,227073,172.628072
2023-10-24 13:33:00+00:00,172.59,172.59,172.27,3121,172.44,248616,172.425282
2023-10-24 13:34:00+00:00,172.895,172.99,172.535,3046,172.6,274180,172.784581
2023-10-24 13:35:00+00:00,172.24,172.9,172.18,4597,172.8734,329084,172.45846
2023-10-24 13:36:00+00:00,172.43,172.77,172.24,2619,172.25,208379,172.547436
2023-10-24 13:37:00+00:00,172.78,172.86,172.41,1888,172.42,150008,172.627995
2023-10-24 13:38:00+00:00,172.64,172.81,172.5768,1701,172.755,123747,172.677618
2023-10-24 13:39:00+00:00,172.68,172.72,172.55,1537,172.62,123286,172.645848
2023-10-24 13:40:00+00:00,172.8697,172.96,172.65,2372,172.69,230666,172.816563
2023-10-24 13:41:00+00:00,172.84,172.96,172.8004,1901,172.86,183355,172.882697
2023-10-24 13:42:00+00:00,172.83,172.87,172.753,1308,172.83,111286,172.818515
2023-10-24 13:43:00+00:00,172.68,172.86,172.625,1381,172.82,142418,172.765743
2023-10-24 13:44:00+00:00,172.82,172.85,172.6219,1216,172.685,105314,172.75785
2023-10-24 13:45:00+00:00,172.385,172.8,172.34,4220,172.8,359467,172.506415
2023-10-24 13:46:00+00:00,172.4545,172.6,172.28,3400,172.39,185808,172.421634
2023-10-24 13:47:00+00:00,172.6,172.77,172.4,3524,172.45,142818,172.595991
2023-10-24 13:48:00+00:00,172.6448,172.7,172.47,3581,172.6,123523,172.573297
2023-10-24 13:49:00+00:00,172.39,172.75,172.37,3819,172.63,147650,172.521198
2023-10-24 13:50:00+00:00,172.12,172.38,172.09,4373,172.38,208268,172.191269
2023-10-24 13:51:00+00:00,172.2834,172.3664,171.96,4942,172.115,256298,172.077526
2023-10-24 13:52:00+00:00,172.445,172.54,172.2601,3140,172.27,141159,172.43525
2023-10-24 13:53:00+00:00,172.51,172.545,172.39,3272,172.4401,134891,172.470483
2023-10-24 13:54:00+00:00,172.36,172.57,172.28,3803,172.51,132292,172.41035
2023-10-24 13:55:00+00:00,172.29,172.41,172.18,3956,172.35,131029,172.263477
2023-10-24 13:56:00+00:00,172.3699,172.42,172.19,3743,172.27,114004,172.30291
2023-10-24 13:57:00+00:00,172.24,172.39,172.175,4278,172.36,157550,172.288351
2023-10-24 13:58:00+00:00,172.51,172.56,172.25,3968,172.25,168590,172.446912
2023-10-24 13:59:00+00:00,172.76,172.78,172.49,4248,172.49,233205,172.625771
2023-10-24 14:00:00+00:00,172.6631,172.805,172.4829,4068,172.755,217780,172.648883
2023-10-24 14:01:00+00:00,172.47,172.75,172.45,3483,172.67,130390,172.61006
2023-10-24 14:02:00+00:00,172.3966,172.46,172.34,3604,172.4572,124460,172.397288
2023-10-24 14:03:00+00:00,172.09,172.39,172.09,4668,172.39,180472,172.255101
2023-10-24 14:04:00+00:00,172.06,172.11,172.0001,4252,172.085,133490,172.051807
2023-10-24 14:05:00+00:00,172.24,172.26,172.06,4284,172.06,164302,172.160886
2023-10-24 14:06:00+00:00,172.34,172.34,172.11,4182,172.22,156740,172.20338
2023-10-24 14:07:00+00:00,172.07,172.37,172.07,4290,172.35,159440,172.215682
2023-10-24 14:08:00+00:00,172.25,172.2699,172.03,3968,172.075,133684,172.147514
2023-10-24 14:09:00+00:00,172.22,172.34,172.12,4219,172.25,206961,172.231359
2023-10-24 14:10:00+00:00,172.0,172.27,171.96,5563,172.21,329558,172.126055
2023-10-24 14:11:00+00:00,172.0201,172.1012,171.995,3386,172.005,103164,172.043657
2023-10-24 14:12:00+00:00,171.99,172.09,171.96,3480,172.0299,131698,172.02659
2023-10-24 14:13:00+00:00,171.87,172.035,171.85,3410,171.98,149775,171.952579
2023-10-24 14:14:00+00:00,172.01,172.04,171.82,3470,171.85,182442,171.938572
2023-10-24 14:15:00+00:00,172.06,172.12,171.88,3686,172.01,158937,172.018935
2023-10-24 14:16:00+00:00,172.145,172.16,172.0201,3717,172.0899,143728,172.079576
2023-10-24 14:17:00+00:00,172.065,172.16,171.96,4013,172.14,192959,172.061512
2023-10-24 14:18:00+00:00,171.96,172.1,171.9325,3521,172.0657,99416,172.018118
2023-10-24 14:19:00+00:00,171.85,171.96,171.81,3993,171.95,147237,171.898528
2023-10-24 14:20:00+00:00,171.9901,172.08,171.83,3545,171.85,115580,171.940549
2023-10-24 14:21:00+00:00,172.1,172.13,171.89,3298,171.993,126933,172.026783
2023-10-24 14:22:00+00:00,172.38,172.38,172.0977,3802,172.0977,169444,172.245668
2023-10-24 14:23:00+00:00,172.66,172.66,172.34,3679,172.37,137705,172.492619
2023-10-24 14:24:00+00:00,172.78,172.81,172.65,4286,172.65,167064,172.751461
2023-10-24 14:25:00+00:00,172.76,172.79,172.5,3683,172.78,131071,172.639119
2023-10-24 14:26:00+00:00,172.6202,172.77,172.6,3611,172.76,95974,172.679315
2023-10-24 14:27:00+00:00,172.655,172.73,172.62,3198,172.62,80539,172.678636
2023-10-24 14:28:00+00:00,172.69,172.69,172.59,3048,172.65,67998,172.632895
2023-10-24 14:29:00+00:00,172.83,172.84,172.61,3580,172.69,125780,172.703743
2023-10-24 14:30:00+00:00,172.71,172.88,172.7,3600,172.8249,150248,172.788721
2023-10-24 14:31:00+00:00,172.75,172.75,172.53,3294,172.72,107595,172.619377
2023-10-24 14:32:00+00:00,172.71,172.82,172.69,2745,172.7577,72891,172.74973
2023-10-24 14:33:00+00:00,172.715,172.75,172.61,2713,172.7,72164,172.681314
2023-10-24 14:34:00+00:00,172.7,172.79,172.67,2389,172.71,83960,172.731256
2023-10-24 14:35:00+00:00,172.55,172.71,172.52,2893,172.685,117758,172.587596
2023-10-24 14:36:00+00:00,172.6,172.64,172.535,1924,172.55,83787,172.597209
2023-10-24 14:37:00+00:00,172.78,172.81,172.56,1164,172.605,105402,172.702559
2023-10-24 14:38:00+00:00,172.8,172.89,172.74,1810,172.78,168086,172.823762
2023-10-24 14:39:00+00:00,172.865,172.89,172.8,1114,172.8,115448,172.846796
2023-10-24 14:40:00+00:00,172.594,172.8702,172.57,1274,172.86,103333,172.679478
2023-10-24 14:41:00+00:00,172.6031,172.658,172.54,942,172.6,71091,172.594311
2023-10-24 14:42:00+00:00,172.42,172.63,172.42,1116,172.6,86891,172.522708
2023-10-24 14:43:00+00:00,172.44,172.47,172.33,1155,172.424,98181,172.407987
2023-10-24 14:44:00+00:00,172.571,172.58,172.436,1135,172.436,106450,172.493138
2023-10-24 14:45:00+00:00,172.6,172.62,172.49,922,172.58,74272,172.556104
2023-10-24 14:46:00+00:00,172.685,172.72,172.58,1250,172.595,95296,172.655711
2023-10-24 14:47:00+00:00,172.7,172.785,172.67,919,172.6887,80707,172.727138
2023-10-24 14:48:00+00:00,172.83,172.87,172.69,1106,172.69,90749,172.788735
2023-10-24 14:49:00+00:00,172.79,172.8599,172.76,1130,172.84,104373,172.806102
2023-10-24 14:50:00+00:00,172.72,172.82,172.7,885,172.79,81849,172.77706
2023-10-24 14:51:00+00:00,172.655,172.8,172.64,977,172.725,76309,172.719128
2023-10-24 14:52:00+00:00,172.49,172.695,172.47,1070,172.67,81849,172.58628
2023-10-24 14:53:00+00:00,172.415,172.5,172.39,986,172.48,98275,172.435692
2023-10-24 14:54:00+00:00,172.38,172.5,172.34,1129,172.415,103026,172.438076
2023-10-24 14:55:00+00:00,172.32,172.3999,172.285,1298,172.3888,140194,172.343131
2023-10-24 14:56:00+00:00,172.45,172.48,172.28,1110,172.3235,111001,172.364374
2023-10-24 14:57:00+00:00,172.47,172.5299,172.4,834,172.45,86211,172.461266
2023-10-24 14:58:00+00:00,172.48,172.53,172.42,760,172.46,67378,172.476322
2023-10-24 14:59:00+00:00,172.53,172.56,172.44,916,172.48,117197,172.569785
2023-10-24 15:00:00+00:00,172.43,172.555,172.32,1319,172.5302,109748,172.456248
2023-10-24 15:01:00+00:00,172.435,172.46,172.26,1112,172.435,101477,172.364853
2023-10-24 15:02:00+00:00,172.354,172.435,172.31,815,172.43,69029,172.378371
2023-10-24 15:03:00+00:00,172.39,172.41,172.31,921,172.36,77770,172.357691
2023-10-24 15:04:00+00:00,172.5233,172.54,172.395,963,172.395,74121,172.484102
2023-10-24 15:05:00+00:00,172.48,172.52,172.455,691,172.52,56753,172.490929
2023-10-24 15:06:00+00:00,172.465,172.52,172.4,888,172.47,77648,172.480661
2023-10-24 15:07:00+00:00,172.42,172.48,172.31,933,172.47,71925,172.402986
2023-10-24 15:08:00+00:00,172.44,172.4655,172.4017,533,172.42,32266,172.443159
2023-10-24 15:09:00+00:00,172.3902,172.5,172.3902,686,172.44,50475,172.455235
2023-10-24 15:10:00+00:00,172.39,172.425,172.269,983,172.395,81187,172.35907
2023-10-24 15:11:00+00:00,172.49,172.4999,172.3928,573,172.3928,42048,172.462472
2023-10-24 15:12:00+00:00,172.55,172.606,172.495,807,172.5,71524,172.558541
2023-10-24 15:13:00+00:00,172.48,172.6,172.47,1116,172.55,92830,172.547786
2023-10-24 15:14:00+00:00,172.5826,172.63,172.46,1013,172.48,87420,172.573247
2023-10-24 15:15:00+00:00,172.53,172.61,172.5,759,172.59,53331,172.559308
2023-10-24 15:16:00+00:00,172.52,172.54,172.46,1006,172.505,93392,172.503375
2023-10-24 15:17:00+00:00,172.52,172.58,172.5,714,172.52,57781,172.535364
2023-10-24 15:18:00+00:00,172.635,172.66,172.49,999,172.52,106409,172.558711
2023-10-24 15:19:00+00:00,172.53,172.65,172.53,757,172.6302,65382,172.583749
2023-10-24 15:20:00+00:00,172.55,172.6,172.52,804,172.525,63019,172.549642
2023-10-24 15:21:00+00:00,172.2,172.55,172.13,1828,172.55,249673,172.377836
2023-10-24 15:22:00+00:00,172.2401,172.28,172.1304,955,172.19,85824,172.207872
2023-10-24 15:23:00+00:00,172.29,172.32,172.225,902,172.24,80477,172.277054
2023-10-24 15:24:00+00:00,172.24,172.3,172.23,727,172.295,59037,172.255834
2023-10-24 15:25:00+00:00,172.26,172.29,172.19,980,172.235,84664,172.241724
2023-10-24 15:26:00+00:00,172.36,172.38,172.2,1050,172.26,140932,172.27099
2023-10-24 15:27:00+00:00,172.34,172.3663,172.23,782,172.36,58289,172.294616
2023-10-24 15:28:00+00:00,172.32,172.4,172.27,852,172.34,78560,172.352883
2023-10-24 15:29:00+00:00,172.305,172.37,172.25,795,172.32,64906,172.321497
2023-10-24 15:30:00+00:00,172.37,172.418,172.29,1125,172.31,82181,172.353817
2023-10-24 15:31:00+00:00,172.4,172.43,172.28,1026,172.37,90555,172.342147
2023-10-24 15:32:00+00:00,172.39,172.41,172.33,718,172.4,54775,172.371883
2023-10-24 15:33:00+00:00,172.505,172.505,172.38,751,172.39,63530,172.438577
2023-10-24 15:34:00+00:00,172.435,172.52,172.435,641,172.5001,46062,172.481393
2023-10-24 15:35:00+00:00,172.2903,172.46,172.27,824,172.44,115056,172.362075
2023-10-24 15:36:00+00:00,172.37,172.3799,172.29,828,172.3,71449,172.347852
2023-10-24 15:37:00+00:00,172.405,172.43,172.32,653,172.3613,46915,172.373905
2023-10-24 15:38:00+00:00,172.45,172.47,172.401,788,172.42,76481,172.431185
2023-10-24 15:39:00+00:00,172.3491,172.48,172.26,906,172.45,64941,172.35587
2023-10-24 15:40:00+00:00,172.4799,172.4982,172.33,689,172.35,66029,172.403176
2023-10-24 15:41:00+00:00,172.34,172.48,172.3128,750,172.48,54932,172.374934
2023-10-24 15:42:00+00:00,172.3991,172.4,172.29,733,172.3436,55874,172.334994
2023-10-24 15:43:00+00:00,172.5,172.505,172.38,794,172.39,63841,172.438795
2023-10-24 15:44:00+00:00,172.48,172.535,172.45,677,172.51,58985,172.49891
2023-10-24 15:45:00+00:00,172.57,172.58,172.45,769,172.47,76559,172.5231
2023-10-24 15:46:00+00:00,172.6,172.64,172.54,835,172.57,83371,172.591101
2023-10-24 15:47:00+00:00,172.6301,172.648,172.56,715,172.6,57489,172.610009
2023-10-24 15:48:00+00:00,172.72,172.73,172.63,1591,172.63,95259,172.683428
2023-10-24 15:49:00+00:00,172.6945,172.7482,172.66,643,172.7184,52210,172.710763
2023-10-24 15:50:00+00:00,172.74,172.77,172.675,593,172.685,45837,172.727018
2023-10-24 15:51:00+00:00,172.72,172.78,172.57,1159,172.735,119118,172.651732
2023-10-24 15:52:00+00:00,172.62,172.7,172.6,548,172.69,42302,172.644336
2023-10-24 15:53:00+00:00,172.72,172.729,172.58,632,172.6199,50511,172.657601
2023-10-24 15:54:00+00:00,172.75,172.75,172.69,553,172.71,46976,172.73008
2023-10-24 15:55:00+00:00,172.625,172.74,172.61,682,172.74,52633,172.667868
2023-10-24 15:56:00+00:00,172.6846,172.69,172.58,656,172.63,54903,172.635649
2023-10-24 15:57:00+00:00,172.59,172.6827,172.53,1156,172.6819,105718,172.579572
2023-10-24 15:58:00+00:00,172.7189,172.73,172.58,644,172.59,65428,172.657114
2023-10-24 15:59:00+00:00,172.7402,172.77,172.68,848,172.715,102945,172.717521
2023-10-24 16:00:00+00:00,172.785,173.02,172.715,2512,172.76,277229,172.884205
2023-10-24 16:01:00+00:00,172.595,172.79,172.59,1545,172.79,171137,172.663346
2023-10-24 16:02:00+00:00,172.63,172.67,172.58,923,172.595,90152,172.622993
2023-10-24 16:03:00+00:00,172.585,172.6536,172.5701,914,172.63,75113,172.611429
2023-10-24 16:04:00+00:00,172.64,172.65,172.575,727,172.59,68754,172.617979
2023-10-24 16:05:00+00:00,172.62,172.67,172.6,656,172.64,52849,172.637833
2023-10-24 16:06:00+00:00,172.6399,172.66,172.525,701,172.61,59125,172.598564
2023-10-24 16:07:00+00:00,172.6,172.65,172.57,553,172.6353,34973,172.612145
2023-10-24 16:08:00+00:00,172.545,172.6,172.49,738,172.6,47645,172.528655
2023-10-24 16:09:00+00:00,172.5028,172.58,172.5,627,172.5486,42850,172.549555
2023-10-24 16:10:00+00:00,172.56,172.59,172.47,745,172.505,59658,172.533936
2023-10-24 16:11:00+00:00,172.51,172.57,172.46,627,172.5653,49320,172.512497
2023-10-24 16:12:00+00:00,172.6,172.6037,172.5,738,172.51,68186,172.54186
2023-10-24 16:13:00+00:00,172.56,172.62,172.56,586,172.6,38518,172.590539
2023-10-24 16:14:00+00:00,172.475,172.5524,172.46,682,172.55,55881,172.503305
2023-10-24 16:15:00+00:00,172.43,172.46,172.34,880,172.46,93509,172.402095
2023-10-24 16:16:00+00:00,172.38,172.4499,172.3,820,172.44,63794,172.364464
2023-10-24 16:17:00+00:00,172.37,172.39,172.32,600,172.38,44149,172.364967
2023-10-24 16:18:00+00:00,172.36,172.41,172.32,613,172.38,60446,172.363664
2023-10-24 16:19:00+00:00,172.2,172.36,172.2,1100,172.355,100316,172.279808
2023-10-24 16:20:00+00:00,172.1398,172.25,172.11,1005,172.2,101965,172.17957
2023-10-24 16:21:00+00:00,172.16,172.1799,172.09,826,172.141,71059,172.138092
2023-10-24 16:22:00+00:00,172.19,172.2076,172.13,614,172.15,50395,172.176071
2023-10-24 16:23:00+00:00,172.17,172.2,172.15,460,172.18,37121,172.175251
2023-10-24 16:24:00+00:00,172.09,172.19,172.075,877,172.17,82108,172.119987
2023-10-24 16:25:00+00:00,172.11,172.11,172.04,754,172.09,71280,172.072344
2023-10-24 16:26:00+00:00,172.11,172.17,172.1,722,172.11,66167,172.143036
2023-10-24 16:27:00+00:00,172.125,172.14,172.09,674,172.1,49001,172.111788
2023-10-24 16:28:00+00:00,172.049,172.135,171.9828,2347,172.13,162625,172.04851
2023-10-24 16:29:00+00:00,172.08,172.1,172.0,902,172.05,96026,172.042084
2023-10-24 16:30:00+00:00,172.06,172.1,171.995,765,172.1,70505,172.039806
2023-10-24 16:31:00+00:00,172.12,172.138,172.025,675,172.05,52986,172.073392
2023-10-24 16:32:00+00:00,172.0059,172.13,171.95,973,172.125,93362,172.025699
2023-10-24 16:33:00+00:00,172.008,172.03,171.99,488,172.005,47327,172.008593
2023-10-24 16:34:00+00:00,171.985,172.03,171.94,627,171.99,63156,171.979143
2023-10-24 16:35:00+00:00,171.9266,171.98,171.9,747,171.98,60689,171.93983
2023-10-24 16:36:00+00:00,171.895,171.96,171.86,896,171.93,77847,171.916546
2023-10-24 16:37:00+00:00,172.0,172.01,171.8686,884,171.895,84072,171.924889
2023-10-24 16:38:00+00:00,172.04,172.05,171.99,590,172.025,50426,172.021556
2023-10-24 16:39:00+00:00,171.93,172.03,171.9201,588,172.03,41655,171.976848
2023-10-24 16:40:00+00:00,171.87,171.9408,171.85,707,171.93,58742,171.89446
2023-10-24 16:41:00+00:00,171.85,171.92,171.84,837,171.87,66897,171.876439
2023-10-24 16:42:00+00:00,171.76,171.89,171.75,1533,171.85,119525,171.821705
2023-10-24 16:43:00+00:00,171.67,171.77,171.64,1235,171.76,92912,171.70327
2023-10-24 16:44:00+00:00,171.6782,171.7,171.64,808,171.6601,91670,171.670242
2023-10-24 16:45:00+00:00,171.715,171.73,171.66,928,171.67,86413,171.709234
2023-10-24 16:46:00+00:00,171.694,171.73,171.67,685,171.72,49890,171.694498
2023-10-24 16:47:00+00:00,171.5534,171.6998,171.5275,1135,171.69,87758,171.59542
2023-10-24 16:48:00+00:00,171.67,171.685,171.55,682,171.555,55526,171.616305
2023-10-24 16:49:00+00:00,171.65,171.67,171.61,594,171.665,54004,171.644774
2023-10-24 16:50:00+00:00,171.705,171.71,171.64,535,171.65,47456,171.680135
2023-10-24 16:51:00+00:00,171.695,171.72,171.62,568,171.7,45314,171.675582
2023-10-24 16:52:00+00:00,171.57,171.695,171.54,730,171.69,59184,171.61023
2023-10-24 16:53:00+00:00,171.589,171.625,171.55,678,171.575,52773,171.588475
2023-10-24 16:54:00+00:00,171.51,171.62,171.471,1290,171.59,119469,171.537054
2023-10-24 16:55:00+00:00,171.51,171.53,171.45,772,171.51,69838,171.491724
2023-10-24 16:56:00+00:00,171.64,171.64,171.51,742,171.51,65474,171.584668
2023-10-24 16:57:00+00:00,171.6552,171.66,171.6,708,171.6325,64629,171.632535
2023-10-24 16:58:00+00:00,171.76,171.76,171.64,680,171.648,62447,171.694071
2023-10-24 16:59:00+00:00,171.76,171.79,171.72,728,171.76,78225,171.762613
2023-10-24 17:00:00+00:00,171.815,171.8192,171.73,860,171.76,70198,171.776466
2023-10-24 17:01:00+00:00,171.7762,171.85,171.74,910,171.82,89495,171.810043
2023-10-24 17:02:00+00:00,171.9,171.94,171.775,873,171.7838,83521,171.866569
2023-10-24 17:03:00+00:00,171.84,171.905,171.82,699,171.905,65102,171.870988
2023-10-24 17:04:00+00:00,171.775,171.85,171.76,774,171.83,77087,171.800625
2023-10-24 17:05:00+00:00,171.83,171.835,171.75,572,171.785,48387,171.78256
2023-10-24 17:06:00+00:00,171.9,171.915,171.83,541,171.83,49759,171.869187
2023-10-24 17:07:00+00:00,171.99,172.02,171.89,869,171.9,104378,171.946812
2023-10-24 17:08:00+00:00,171.97,172.0,171.93,515,171.99,46320,171.965815
2023-10-24 17:09:00+00:00,171.87,171.95,171.865,607,171.95,46494,171.892073
2023-10-24 17:10:00+00:00,171.945,171.96,171.83,609,171.87,55923,171.893156
2023-10-24 17:11:00+00:00,171.825,171.96,171.77,684,171.9501,64709,171.840436
2023-10-24 17:12:00+00:00,171.75,171.8299,171.7,579,171.825,39220,171.757641
2023-10-24 17:13:00+00:00,171.8701,171.94,171.745,496,171.75,51082,171.86023
2023-10-24 17:14:00+00:00,171.872,171.95,171.855,589,171.88,44286,171.897903
2023-10-24 17:15:00+00:00,171.84,171.8701,171.77,508,171.865,38011,171.83392
2023-10-24 17:16:00+00:00,172.01,172.02,171.84,661,171.84,60265,171.946964
2023-10-24 17:17:00+00:00,171.95,172.01,171.93,585,172.01,47310,171.9647
2023-10-24 17:18:00+00:00,172.01,172.01,171.94,599,171.94,46419,171.983075
2023-10-24 17:19:00+00:00,171.98,172.01,171.96,449,172.01,37583,171.983361
2023-10-24 17:20:00+00:00,172.0591,172.09,171.97,775,171.97,51109,172.030058
2023-10-24 17:21:00+00:00,172.0682,172.08,172.03,504,172.05,42344,172.052978
2023-10-24 17:22:00+00:00,172.09,172.12,172.065,611,172.065,67778,172.098586
2023-10-24 17:23:00+00:00,172.13,172.15,172.08,526,172.09,41060,172.122107
2023-10-24 17:24:00+00:00,172.1,172.13,172.06,664,172.115,54984,172.0981
2023-10-24 17:25:00+00:00,172.11,172.12,172.07,494,172.1099,36939,172.089983
2023-10-24 17:26:00+00:00,172.035,172.13,172.02,676,172.0977,67804,172.07848
2023-10-24 17:27:00+00:00,172.1,172.11,172.02,460,172.0334,50121,172.058894
2023-10-24 17:28:00+00:00,172.18,172.2,172.09,671,172.1,58581,172.150756
2023-10-24 17:29:00+00:00,172.19,172.2,172.12,533,172.18,46375,172.162512
2023-10-24 17:30:00+00:00,172.33,172.365,172.18,1377,172.1999,148826,172.268462
2023-10-24 17:31:00+00:00,172.3169,172.36,172.27,917,172.33,63869,172.317218
2023-10-24 17:32:00+00:00,172.155,172.33,172.13,855,172.305,65500,172.26503
2023-10-24 17:33:00+00:00,172.165,172.18,172.11,722,172.15,52190,172.15579
2023-10-24 17:34:00+00:00,172.15,172.18,172.13,528,172.17,28989,172.159312
2023-10-24 17:35:00+00:00,172.174,172.2044,172.09,800,172.16,66942,172.148755
2023-10-24 17:36:00+00:00,172.2,172.24,172.165,577,172.175,38801,172.196438
2023-10-24 17:37:00+00:00,172.2,172.22,172.15,524,172.19,46270,172.18739
2023-10-24 17:38:00+00:00,172.1816,172.26,172.17,479,172.19,35293,172.210354
2023-10-24 17:39:00+00:00,172.1601,172.22,172.14,741,172.1899,64967,172.184974
2023-10-24 17:40:00+00:00,172.14,172.18,172.12,575,172.17,47519,172.15041
2023-10-24 17:41:00+00:00,172.1631,172.19,172.08,524,172.13,40149,172.132046
2023-10-24 17:42:00+00:00,172.03,172.235,172.03,978,172.17,84029,172.134759
2023-10-24 17:43:00+00:00,172.0383,172.05,171.96,854,172.03,69835,172.013591
2023-10-24 17:44:00+00:00,172.11,172.13,172.04,426,172.04,36074,172.096153
2023-10-24 17:45:00+00:00,172.05,172.107,172.02,550,172.1,65567,172.065809
2023-10-24 17:46:00+00:00,172.09,172.12,172.055,485,172.06,32440,172.081078
2023-10-24 17:47:00+00:00,172.06,172.09,172.01,722,172.075,53917,172.060037
2023-10-24 17:48:00+00:00,172.11,172.12,172.0399,669,172.05,63236,172.080806
2023-10-24 17:49:00+00:00,171.98,172.16,171.9395,805,172.115,63598,172.019756
2023-10-24 17:50:00+00:00,171.9438,172.0,171.93,766,171.98,56379,171.966963
2023-10-24 17:51:00+00:00,172.03,172.0308,171.92,828,171.9431,58573,171.982018
2023-10-24 17:52:00+00:00,172.16,172.16,172.0053,931,172.02,81305,172.071005
2023-10-24 17:53:00+00:00,172.1099,172.19,172.06,629,172.15,53813,172.1264
2023-10-24 17:54:00+00:00,172.08,172.13,172.06,552,172.1,33817,172.093738
2023-10-24 17:55:00+00:00,172.035,172.13,172.02,557,172.08,59268,172.087945
2023-10-24 17:56:00+00:00,172.0,172.08,171.99,634,172.04,45803,172.035082
2023-10-24 17:57:00+00:00,171.99,172.045,171.985,537,172.0,40287,172.017219
2023-10-24 17:58:00+00:00,172.0494,172.065,171.94,539,171.98,42495,172.009307
2023-10-24 17:59:00+00:00,172.1,172.15,172.05,704,172.0509,60381,172.105546
2023-10-24 18:00:00+00:00,172.11,172.16,172.075,702,172.1,71835,172.118397
2023-10-24 18:01:00+00:00,172.16,172.2,172.06,1048,172.11,86445,172.127338
2023-10-24 18:02:00+00:00,172.16,172.21,172.1,649,172.16,45755,172.16759
2023-10-24 18:03:00+00:00,172.145,172.19,172.145,644,172.155,48843,172.160353
2023-10-24 18:04:00+00:00,172.13,172.185,172.12,517,172.145,34546,172.15065
2023-10-24 18:05:00+00:00,172.2087,172.22,172.115,608,172.13,48256,172.186249
2023-10-24 18:06:00+00:00,172.295,172.32,172.195,699,172.2,54427,172.265362
2023-10-24 18:07:00+00:00,172.37,172.39,172.26,679,172.3,57059,172.3176
2023-10-24 18:08:00+00:00,172.37,172.4,172.35,516,172.37,51120,172.37595
2023-10-24 18:09:00+00:00,172.315,172.3787,172.2909,544,172.35,40501,172.337519
2023-10-24 18:10:00+00:00,172.3601,172.37,172.2601,623,172.31,47581,172.307408
2023-10-24 18:11:00+00:00,172.2475,172.37,172.23,743,172.37,58572,172.310924
2023-10-24 18:12:00+00:00,172.255,172.3,172.24,483,172.245,35974,172.271778
2023-10-24 18:13:00+00:00,172.2502,172.29,172.19,514,172.24,36575,172.237453
2023-10-24 18:14:00+00:00,172.37,172.4,172.26,627,172.26,62257,172.345174
2023-10-24 18:15:00+00:00,172.375,172.395,172.345,646,172.37,75020,172.374298
2023-10-24 18:16:00+00:00,172.375,172.3799,172.32,591,172.375,62488,172.343981
2023-10-24 18:17:00+00:00,172.29,172.38,172.255,711,172.38,69876,172.292143
2023-10-24 18:18:00+00:00,172.35,172.37,172.27,541,172.28,45432,172.323239
2023-10-24 18:19:00+00:00,172.44,172.45,172.35,725,172.35,70455,172.39668
2023-10-24 18:20:00+00:00,172.385,172.44,172.38,541,172.435,51940,172.407404
2023-10-24 18:21:00+00:00,172.42,172.42,172.34,548,172.385,47464,172.371879
2023-10-24 18:22:00+00:00,172.435,172.445,172.391,591,172.415,42758,172.416808
2023-10-24 18:23:00+00:00,172.47,172.524,172.435,750,172.44,76552,172.487528
2023-10-24 18:24:00+00:00,172.56,172.58,172.48,674,172.48,75914,172.548185
2023-10-24 18:25:00+00:00,172.6201,172.63,172.53,812,172.5611,62928,172.586563
2023-10-24 18:26:00+00:00,172.65,172.67,172.61,586,172.61,43555,172.636769
2023-10-24 18:27:00+00:00,172.61,172.66,172.59,644,172.65,49724,172.617443
2023-10-24 18:28:00+00:00,172.6957,172.7,172.6,619,172.61,60787,172.655844
2023-10-24 18:29:00+00:00,172.76,172.76,172.68,964,172.69,95893,172.726267
2023-10-24 18:30:00+00:00,172.785,172.81,172.68,1168,172.75,115290,172.746226
2023-10-24 18:31:00+00:00,172.785,172.85,172.77,1255,172.7979,152486,172.811919
2023-10-24 18:32:00+00:00,173.02,173.03,172.7801,1378,172.785,157672,172.933066
2023-10-24 18:33:00+00:00,172.96,173.0502,172.925,1123,173.015,105315,173.000389
2023-10-24 18:34:00+00:00,172.93,172.98,172.9,640,172.96,57703,172.938006
2023-10-24 18:35:00+00:00,172.99,173.015,172.91,858,172.92,89956,172.969414
2023-10-24 18:36:00+00:00,172.85,173.01,172.85,729,172.99,74634,172.928078
2023-10-24 18:37:00+00:00,172.88,172.89,172.815,682,172.855,63297,172.857866
2023-10-24 18:38:00+00:00,172.85,172.89,172.82,584,172.88,42128,172.862556
2023-10-24 18:39:00+00:00,172.85,172.86,172.765,596,172.85,47875,172.818859
2023-10-24 18:40:00+00:00,172.78,172.87,172.76,662,172.85,55025,172.813613
2023-10-24 18:41:00+00:00,172.825,172.84,172.75,705,172.78,56801,172.793758
2023-10-24 18:42:00+00:00,172.89,172.93,172.81,705,172.82,57274,172.880583
2023-10-24 18:43:00+00:00,172.89,172.92,172.84,656,172.89,56317,172.88454
2023-10-24 18:44:00+00:00,172.95,172.97,172.88,737,172.8944,64071,172.926422
2023-10-24 18:45:00+00:00,172.9795,172.98,172.89,865,172.9513,72246,172.932645
2023-10-24 18:46:00+00:00,172.98,173.01,172.94,812,172.9787,75755,172.981896
2023-10-24 18:47:00+00:00,172.995,173.0,172.93,609,172.98,61793,172.979236
2023-10-24 18:48:00+00:00,172.9903,173.0,172.965,540,172.99,42899,172.990719
2023-10-24 18:49:00+00:00,173.01,173.05,172.99,623,173.0,72431,173.020553
2023-10-24 18:50:00+00:00,172.97,173.035,172.94,756,173.01,65972,172.995682
2023-10-24 18:51:00+00:00,172.89,172.97,172.86,747,172.97,67940,172.900057
2023-10-24 18:52:00+00:00,173.01,173.03,172.88,631,172.8942,58327,172.964466
2023-10-24 18:53:00+00:00,173.035,173.048,172.99,810,173.0016,96533,173.012851
2023-10-24 18:54:00+00:00,173.1502,173.1601,173.03,959,173.03,117219,173.116301
2023-10-24 18:55:00+00:00,173.17,173.17,173.07,924,173.1509,126920,173.121726
2023-10-24 18:56:00+00:00,173.09,173.175,173.07,655,173.14,58492,173.114955
2023-10-24 18:57:00+00:00,173.08,173.12,173.04,712,173.08,61465,173.087372
2023-10-24 18:58:00+00:00,173.075,173.13,173.05,644,173.08,66604,173.084287
2023-10-24 18:59:00+00:00,173.12,173.1544,173.053,554,173.075,60353,173.106148
2023-10-24 19:00:00+00:00,173.24,173.28,173.12,1025,173.12,174637,173.218947
2023-10-24 19:01:00+00:00,173.27,173.29,173.21,927,173.24,104419,173.261017
2023-10-24 19:02:00+00:00,173.215,173.29,173.16,787,173.2702,648073,172.839728
2023-10-24 19:03:00+00:00,173.18,173.23,173.16,586,173.21,47443,173.196967
2023-10-24 19:04:00+00:00,173.16,173.2269,173.14,754,173.19,61981,173.196538
2023-10-24 19:05:00+00:00,173.1001,173.1697,173.06,886,173.1697,95760,173.099393
2023-10-24 19:06:00+00:00,173.045,173.17,173.035,696,173.1184,49892,173.104334
2023-10-24 19:07:00+00:00,173.15,173.205,173.045,695,173.05,65204,173.157102
2023-10-24 19:08:00+00:00,173.19,173.21,173.135,856,173.14,84869,173.183027
2023-10-24 19:09:00+00:00,173.19,173.23,173.1499,701,173.19,66087,173.192337
2023-10-24 19:10:00+00:00,173.29,173.34,173.185,1132,173.19,134567,173.284229
2023-10-24 19:11:00+00:00,173.308,173.37,173.27,1097,173.3,127193,173.328196
2023-10-24 19:12:00+00:00,173.32,173.3462,173.22,694,173.31,71322,173.290862
2023-10-24 19:13:00+00:00,173.41,173.44,173.31,1081,173.315,123808,173.39763
2023-10-24 19:14:00+00:00,173.475,173.5,173.38,1396,173.4186,209315,173.434906
2023-10-24 19:15:00+00:00,173.51,173.57,173.45,1545,173.48,238169,173.502347
2023-10-24 19:16:00+00:00,173.575,173.58,173.49,910,173.5,105719,173.538876
2023-10-24 19:17:00+00:00,173.6199,173.65,173.55,1087,173.5724,118959,173.600519
2023-10-24 19:18:00+00:00,173.58,173.65,173.57,917,173.61,90208,173.609204
2023-10-24 19:19:00+00:00,173.55,173.58,173.4899,1114,173.58,238568,173.54865
2023-10-24 19:20:00+00:00,173.58,173.62,173.54,907,173.5599,71634,173.578311
2023-10-24 19:21:00+00:00,173.645,173.65,173.55,916,173.57,103358,173.60865
2023-10-24 19:22:00+00:00,173.5899,173.65,173.56,624,173.64,50203,173.611002
2023-10-24 19:23:00+00:00,173.48,173.5999,173.48,857,173.59,81700,173.547977
2023-10-24 19:24:00+00:00,173.56,173.57,173.4722,825,173.48,80337,173.542683
2023-10-24 19:25:00+00:00,173.585,173.59,173.52,938,173.56,103667,173.556783
2023-10-24 19:26:00+00:00,173.57,173.595,173.53,743,173.59,70246,173.569464
2023-10-24 19:27:00+00:00,173.58,173.5899,173.5,817,173.56,62096,173.535008
2023-10-24 19:28:00+00:00,173.63,173.65,173.58,906,173.58,80050,173.590529
2023-10-24 19:29:00+00:00,173.585,173.67,173.57,1064,173.63,103489,173.631577
2023-10-24 19:30:00+00:00,173.545,173.605,173.53,1040,173.585,100128,173.567148
2023-10-24 19:31:00+00:00,173.535,173.6,173.5,1129,173.5409,108990,173.546152
2023-10-24 19:32:00+00:00,173.6087,173.62,173.52,988,173.527,71670,173.575569
2023-10-24 19:33:00+00:00,173.5202,173.6,173.51,909,173.6,70196,173.543079
2023-10-24 19:34:00+00:00,173.485,173.56,173.48,798,173.535,55036,173.509968
2023-10-24 19:35:00+00:00,173.54,173.5578,173.45,1153,173.48,113112,173.500195
2023-10-24 19:36:00+00:00,173.55,173.57,173.49,1034,173.525,114903,173.530838
2023-10-24 19:37:00+00:00,173.515,173.56,173.505,1107,173.55,92670,173.530437
2023-10-24 19:38:00+00:00,173.57,173.57,173.505,610,173.53,49275,173.533101
2023-10-24 19:39:00+00:00,173.49,173.565,173.4781,670,173.565,55310,173.503682
2023-10-24 19:40:00+00:00,173.57,173.61,173.49,1480,173.49,137261,173.546236
2023-10-24 19:41:00+00:00,173.64,173.665,173.555,1506,173.56,167336,173.627378
2023-10-24 19:42:00+00:00,173.615,173.64,173.575,896,173.64,80306,173.602315
2023-10-24 19:43:00+00:00,173.53,173.6102,173.5,1222,173.61,112851,173.556003
2023-10-24 19:44:00+00:00,173.538,173.5579,173.51,825,173.515,66365,173.530209
2023-10-24 19:45:00+00:00,173.53,173.55,173.48,1217,173.53,94944,173.512251
2023-10-24 19:46:00+00:00,173.5,173.57,173.475,1179,173.53,96739,173.522445
2023-10-24 19:47:00+00:00,173.53,173.53,173.46,1102,173.5099,96013,173.50022
2023-10-24 19:48:00+00:00,173.515,173.53,173.47,1124,173.53,110628,173.497281
2023-10-24 19:49:00+00:00,173.54,173.58,173.515,959,173.52,82282,173.553306
2023-10-24 19:50:00+00:00,173.56,173.6401,173.48,2797,173.54,225386,173.556335
2023-10-24 19:51:00+00:00,173.62,173.66,173.5,1846,173.56,179080,173.569499
2023-10-24 19:52:00+00:00,173.625,173.66,173.6,1506,173.63,140773,173.62185
2023-10-24 19:53:00+00:00,173.442,173.63,173.43,1978,173.63,175152,173.533981
2023-10-24 19:54:00+00:00,173.31,173.4674,173.23,3520,173.45,334754,173.355475
2023-10-24 19:55:00+00:00,173.5117,173.57,173.2999,2478,173.31,238979,173.420431
2023-10-24 19:56:00+00:00,173.5301,173.57,173.49,1671,173.51,163540,173.529146
2023-10-24 19:57:00+00:00,173.54,173.57,173.45,2451,173.52,254946,173.513543
2023-10-24 19:58:00+00:00,173.525,173.57,173.5,2703,173.54,279495,173.530014
2023-10-24 19:59:00+00:00,173.39,173.55,173.35,5795,173.525,733417,173.456711
2023-10-24 20:00:00+00:00,173.64,173.93,173.39,388,173.39,4427911,173.440822
2023-10-24 20:01:00+00:00,173.77,173.878,173.44,190,173.7,107566,173.470662
2023-10-24 20:02:00+00:00,173.7,173.79,173.61,221,173.61,304750,173.455393
2023-10-24 20:03:00+00:00,173.63,173.72,173.63,86,173.7,18445,173.655333
2023-10-24 20:04:00+00:00,173.71,173.75,173.63,86,173.63,9711,173.677259
2023-10-24 20:05:00+00:00,173.71,173.7695,173.66,66,173.7,3204,173.704212
2023-10-24 20:06:00+00:00,173.7,173.76,173.44,39,173.74,27050,173.459109
2023-10-24 20:07:00+00:00,173.65,173.69,173.63,38,173.63,2671,173.649328
2023-10-24 20:08:00+00:00,173.57,173.69,173.56,43,173.65,28401,173.628468
2023-10-24 20:09:00+00:00,173.56,173.61,173.56,44,173.58,4078,173.041739
2023-10-24 20:10:00+00:00,173.7,173.72,173.56,114,173.56,7709,173.685485
2023-10-24 20:11:00+00:00,173.53,173.73,173.44,132,173.7,14105,173.592319
2023-10-24 20:12:00+00:00,173.6099,173.61,173.57,45,173.59,2268,173.591595
2023-10-24 20:13:00+00:00,173.51,173.56,173.51,68,173.54,7042,173.546635
2023-10-24 20:14:00+00:00,173.43,173.45,173.33,135,173.45,8908,173.419366
2023-10-24 20:15:00+00:00,173.34,173.44,173.34,48,173.44,3317,173.399739
2023-10-24 20:16:00+00:00,173.39,173.39,173.38,20,173.39,721,173.386982
2023-10-24 20:17:00+00:00,173.42,173.42,173.4086,53,173.4086,5922,173.41875
2023-10-24 20:18:00+00:00,173.44,173.44,173.41,39,173.42,5250,173.423048
2023-10-24 20:19:00+00:00,173.44,173.44,173.4399,37,173.44,1716,173.439874
2023-10-24 20:20:00+00:00,173.36,173.44,173.36,36,173.44,65912,173.438762
2023-10-24 20:21:00+00:00,173.34,173.3999,173.34,64,173.37,2685,173.299108
2023-10-24 20:22:00+00:00,173.4,173.44,173.28,74,173.3,6336,173.375632
2023-10-24 20:23:00+00:00,173.37,173.44,173.37,36,173.44,1465,173.391837
2023-10-24 20:24:00+00:00,173.36,173.4,173.32,35,173.4,1511,173.354431
2023-10-24 20:25:00+00:00,173.33,173.34,173.33,18,173.34,366,173.352613
2023-10-24 20:26:00+00:00,173.22,173.36,173.22,65,173.3577,4938,173.282459
2023-10-24 20:27:00+00:00,173.24,173.25,173.22,50,173.2497,2127,173.235315
2023-10-24 20:28:00+00:00,173.23,173.23,173.1,84,173.22,5417,173.168003
2023-10-24 20:29:00+00:00,173.23,173.23,173.19,37,173.19,1038,173.215838
2023-10-24 20:31:00+00:00,173.28,173.28,173.28,21,173.28,605,173.295711
2023-10-24 20:32:00+00:00,173.22,173.28,173.22,48,173.28,2984,173.243505
2023-10-24 20:33:00+00:00,173.16,173.22,173.16,46,173.22,2395,173.186843
2023-10-24 20:34:00+00:00,173.4375,173.4375,173.16,57,173.16,3021,173.311357
2023-10-24 20:36:00+00:00,173.22,173.36,173.18,62,173.36,3229,173.252732
2023-10-24 20:37:00+00:00,173.24,173.25,173.21,58,173.21,3289,173.220125
2023-10-24 20:38:00+00:00,173.2,173.25,173.16,40,173.24,2522,173.224524
2023-10-24 20:39:00+00:00,173.35,173.36,173.2,47,173.2,2447,173.246293
2023-10-24 20:40:00+00:00,173.25,173.25,173.25,15,173.25,6611,173.432071
2023-10-24 20:41:00+00:00,173.36,173.36,173.31,21,173.35,892,173.333202
2023-10-24 20:42:00+00:00,173.22,173.35,173.2,44,173.35,2464,173.285492
2023-10-24 20:43:00+00:00,173.17,173.25,173.16,45,173.23,5757,173.227859
2023-10-24 20:44:00+00:00,173.24,173.25,173.16,37,173.16,4061,173.211509
2023-10-24 20:45:00+00:00,173.16,173.23,173.16,34,173.18,2055,173.186392
2023-10-24 20:46:00+00:00,173.25,173.25,173.1913,28,173.1913,1411,173.234988
2023-10-24 20:48:00+00:00,173.19,173.44,173.19,40,173.2391,7378,173.392314
2023-10-24 20:49:00+00:00,173.35,173.35,173.21,25,173.21,2151,173.307266
2023-10-24 20:50:00+00:00,173.34,173.34,173.34,12,173.34,411,173.329264
2023-10-24 20:52:00+00:00,173.3372,173.3372,173.29,23,173.29,730,173.299726
2023-10-24 20:54:00+00:00,173.3,173.3,173.27,15,173.27,865,173.282439
2023-10-24 20:55:00+00:00,173.25,173.33,173.21,50,173.32,3286,173.240662
2023-10-24 20:56:00+00:00,173.192,173.192,173.1712,10,173.1712,314,173.182404
2023-10-24 20:57:00+00:00,173.18,173.2092,173.18,18,173.18,569,173.201898
2023-10-24 20:58:00+00:00,173.33,173.33,173.17,47,173.1892,3058,173.261167
2023-10-24 20:59:00+00:00,173.3,173.3,173.3,9,173.3,235,173.28634
2023-10-24 21:03:00+00:00,173.22,173.24,173.22,15,173.24,415,173.237229
2023-10-24 21:04:00+00:00,173.25,173.25,173.25,8,173.25,215,173.253953
2023-10-24 21:05:00+00:00,173.28,173.28,173.28,19,173.28,319,173.27442
2023-10-24 21:06:00+00:00,173.26,173.27,173.26,30,173.27,1419,173.267407
2023-10-24 21:07:00+00:00,173.33,173.33,173.23,41,173.28,1679,173.292609
2023-10-24 21:09:00+00:00,173.2,173.28,173.15,43,173.28,2029,173.22552
2023-10-24 21:10:00+00:00,173.18,173.18,173.18,9,173.18,113,173.183938
2023-10-24 21:11:00+00:00,173.32,173.32,173.24,29,173.25,2985,173.264799
2023-10-24 21:12:00+00:00,173.32,173.32,173.32,17,173.32,262,173.315592
2023-10-24 21:13:00+00:00,173.32,173.32,173.32,16,173.32,1880,173.318143
2023-10-24 21:15:00+00:00,173.32,173.32,173.31,18,173.31,4676,173.427178
2023-10-24 21:16:00+00:00,173.34,173.35,173.34,28,173.35,1552,173.343328
2023-10-24 21:17:00+00:00,173.31,173.31,173.31,13,173.31,169,173.311027
2023-10-24 21:18:00+00:00,173.31,173.31,173.29,27,173.3,829,173.299023
2023-10-24 21:19:00+00:00,173.33,173.33,173.26,21,173.26,843,172.369288
2023-10-24 21:20:00+00:00,173.31,173.31,173.31,10,173.31,335,173.316806
2023-10-24 21:21:00+00:00,173.15,173.32,173.15,86,173.32,12877,173.229755
2023-10-24 21:22:00+00:00,173.15,173.15,173.1,21,173.1004,3472,173.145267
2023-10-24 21:23:00+00:00,173.24,173.24,173.12,24,173.12,5406,173.155028
2023-10-24 21:25:00+00:00,173.2,173.21,173.2,20,173.21,1318,169.375013
2023-10-24 21:26:00+00:00,173.13,173.16,173.13,17,173.16,826,173.136023
2023-10-24 21:28:00+00:00,173.14,173.14,173.13,18,173.13,619,173.132973
2023-10-24 21:29:00+00:00,173.13,173.13,173.13,12,173.13,151,173.137407
2023-10-24 21:30:00+00:00,173.15,173.15,173.15,15,173.15,220,173.149136
2023-10-24 21:34:00+00:00,173.15,173.17,173.15,31,173.17,1056,173.1591
2023-10-24 21:35:00+00:00,173.17,173.17,173.17,20,173.17,318,173.162752
2023-10-24 21:36:00+00:00,173.16,173.17,173.16,11,173.17,359,173.165613
2023-10-24 21:37:00+00:00,173.13,173.13,173.13,33,173.13,385,173.131894
2023-10-24 21:38:00+00:00,173.1252,173.1252,173.05,39,173.1,5652,173.097442
2023-10-24 21:40:00+00:00,173.0503,173.0503,173.0503,15,173.0503,217,173.078433
2023-10-24 21:41:00+00:00,173.09,173.09,173.08,25,173.08,2792,173.080287
2023-10-24 21:42:00+00:00,173.13,173.13,173.13,25,173.13,954,173.136053
2023-10-24 21:44:00+00:00,173.15,173.15,173.15,11,173.15,420,173.152929
2023-10-24 21:45:00+00:00,173.17,173.17,173.17,20,173.17,328,173.11064
2023-10-24 21:46:00+00:00,173.05,173.07,173.05,42,173.07,1950,173.072698
2023-10-24 21:47:00+00:00,173.08,173.08,173.08,43,173.08,789,173.071261
2023-10-24 21:50:00+00:00,173.05,173.05,173.02,19,173.02,1178,173.04702
2023-10-24 21:51:00+00:00,173.05,173.05,173.02,29,173.02,6389,173.049316
2023-10-24 21:52:00+00:00,173.01,173.1,173.01,15,173.1,913,173.073558
2023-10-24 21:56:00+00:00,173.01,173.05,173.01,22,173.05,915,173.02476
2023-10-24 21:58:00+00:00,173.09,173.09,173.07,9,173.07,565,173.080599
2023-10-24 21:59:00+00:00,173.04,173.11,173.04,26,173.1,736,173.086135
2023-10-24 22:01:00+00:00,173.2,173.2,173.17,19,173.17,2772,173.180379
2023-10-24 22:02:00+00:00,173.2,173.2,173.2,27,173.2,1151,173.197081
2023-10-24 22:03:00+00:00,173.06,173.19,173.06,120,173.17,3309,173.141398
2023-10-24 22:04:00+00:00,173.0,173.04,173.0,68,173.04,1813,173.018191
2023-10-24 22:08:00+00:00,173.16,173.16,173.16,32,173.16,776,173.122185
2023-10-24 22:09:00+00:00,173.14,173.14,173.12,34,173.12,1483,173.121507
2023-10-24 22:12:00+00:00,173.02,173.1157,173.02,24,173.09,967,173.080328
2023-10-24 22:13:00+00:00,173.0721,173.1,173.0721,24,173.09,849,173.099585
2023-10-24 22:14:00+00:00,173.05,173.06,173.05,25,173.06,953,173.053547
2023-10-24 22:15:00+00:00,173.05,173.05,173.05,7,173.05,313,173.039399
2023-10-24 22:16:00+00:00,173.07,173.07,173.05,12,173.05,3233,173.054044
2023-10-24 22:18:00+00:00,173.08,173.08,173.0402,19,173.0402,412,173.067525
2023-10-24 22:20:00+00:00,173.16,173.16,173.16,11,173.16,389,173.143573
2023-10-24 22:22:00+00:00,173.175,173.175,173.175,7,173.175,166,173.173404
2023-10-24 22:23:00+00:00,173.19,173.19,173.07,32,173.07,2413,173.150871
2023-10-24 22:25:00+00:00,173.15,173.21,173.15,16,173.21,425,173.189693
2023-10-24 22:26:00+00:00,173.33,173.33,173.27,39,173.27,1649,173.27427
2023-10-24 22:28:00+00:00,173.24,173.24,173.2,16,173.2,1451,173.203759
2023-10-24 22:29:00+00:00,173.24,173.24,173.24,27,173.24,968,173.267287
2023-10-24 22:30:00+00:00,173.38,173.38,173.34,34,173.34,2628,173.35247
2023-10-24 22:32:00+00:00,173.3,173.3,173.3,10,173.3,568,173.288011
2023-10-24 22:43:00+00:00,173.24,173.24,173.24,14,173.24,1241,173.240048
2023-10-24 22:44:00+00:00,173.25,173.25,173.25,42,173.25,339,173.244292
2023-10-24 22:47:00+00:00,173.0,173.18,173.0,78,173.11,6213,173.063062
2023-10-24 22:48:00+00:00,173.2,173.2,173.0,25,173.0,1363,173.136427
2023-10-24 22:49:00+00:00,173.2273,173.2273,173.0,36,173.2,2400,173.072777
2023-10-24 22:59:00+00:00,173.02,173.02,173.02,11,173.02,224,173.026763
2023-10-24 23:00:00+00:00,173.02,173.02,173.02,13,173.02,496,173.027792
2023-10-24 23:01:00+00:00,173.04,173.04,173.04,7,173.04,203,173.040764
2023-10-24 23:02:00+00:00,173.04,173.04,173.04,7,173.04,144,173.044549
2023-10-24 23:03:00+00:00,173.08,173.08,173.08,6,173.08,248,173.080544
2023-10-24 23:05:00+00:00,173.02,173.02,173.02,7,173.02,108,173.024627
2023-10-24 23:10:00+00:00,173.11,173.11,173.11,21,173.11,616,173.121672
2023-10-24 23:11:00+00:00,173.11,173.11,173.11,16,173.11,308,173.111136
2023-10-24 23:12:00+00:00,173.11,173.11,173.11,7,173.11,106,173.109057
2023-10-24 23:13:00+00:00,173.1499,173.1499,173.1499,9,173.1499,348,173.148534
2023-10-24 23:14:00+00:00,173.02,173.08,173.02,32,173.02,2115,173.028456
2023-10-24 23:16:00+00:00,173.01,173.01,173.01,13,173.01,685,173.009752
2023-10-24 23:17:00+00:00,173.01,173.01,173.01,5,173.01,224,173.009911
2023-10-24 23:24:00+00:00,173.02,173.02,173.0,29,173.0,4710,173.0109
2023-10-24 23:25:00+00:00,173.06,173.06,173.06,17,173.06,795,173.046855
2023-10-24 23:27:00+00:00,173.05,173.05,173.05,7,173.05,350,173.055971
2023-10-24 23:30:00+00:00,173.09,173.09,173.08,21,173.08,4080,173.089159
2023-10-24 23:31:00+00:00,173.1,173.1,173.1,3,173.1,1010,173.10002
2023-10-24 23:33:00+00:00,173.15,173.15,173.15,12,173.15,4809,173.149828
2023-10-24 23:37:00+00:00,173.01,173.19,173.01,11,173.19,630,173.039746
2023-10-24 23:41:00+00:00,173.18,173.18,173.18,12,173.18,262,173.167786
2023-10-24 23:43:00+00:00,173.19,173.19,173.18,14,173.18,349,173.171691
2023-10-24 23:46:00+00:00,173.2,173.2,173.2,15,173.2,893,173.198012
2023-10-24 23:48:00+00:00,173.15,173.15,173.15,18,173.15,177,173.152542
2023-10-24 23:49:00+00:00,173.1999,173.1999,173.1999,6,173.1999,105,173.196619
2023-10-24 23:54:00+00:00,173.18,173.18,173.16,18,173.16,642,173.158684
2023-10-24 23:55:00+00:00,173.18,173.18,173.18,29,173.18,1034,173.174986
2023-10-24 23:56:00+00:00,173.1799,173.1799,173.1799,17,173.1799,277,173.176419
2023-10-24 23:58:00+00:00,173.14,173.15,173.14,22,173.14,899,173.134116
2023-10-24 23:59:00+00:00,172.9,173.05,172.9,34,173.05,1473,172.972217
