timestamp,close,high,low,trade_count,open,volume,vwap
2023-03-22 08:00:00+00:00,158.67,158.85,158.0,59,158.0,1996,158.689489
2023-03-22 08:01:00+00:00,158.67,158.68,158.67,25,158.68,1126,158.704476
2023-03-22 08:02:00+00:00,158.7,158.7,158.7,19,158.7,537,158.701676
2023-03-22 08:04:00+00:00,158.67,158.67,158.67,65,158.67,1806,158.461168
2023-03-22 08:06:00+00:00,158.43,158.43,158.43,7,158.43,133,158.430902
2023-03-22 08:08:00+00:00,158.5,158.5,158.5,9,158.5,477,158.492285
2023-03-22 08:09:00+00:00,158.41,158.41,158.41,14,158.41,299,158.408127
2023-03-22 08:13:00+00:00,158.4,158.41,158.4,18,158.41,823,158.406817
2023-03-22 08:14:00+00:00,158.31,158.4,158.31,28,158.4,1701,158.367731
2023-03-22 08:15:00+00:00,158.32,158.32,158.32,6,158.32,304,158.32227
2023-03-22 08:17:00+00:00,158.3,158.32,158.3,8,158.32,272,158.309118
2023-03-22 08:18:00+00:00,158.27,158.3,158.27,33,158.3,1152,158.264531
2023-03-22 08:19:00+00:00,158.07,158.07,158.07,8,158.07,367,158.095177
2023-03-22 08:21:00+00:00,158.15,158.15,158.11,12,158.11,392,158.132959
2023-03-22 08:23:00+00:00,158.37,158.38,158.36,28,158.36,1058,158.365577
2023-03-22 08:24:00+00:00,158.3,158.34,158.3,20,158.34,1584,158.301622
2023-03-22 08:25:00+00:00,158.34,158.34,158.34,8,158.34,229,158.355109
2023-03-22 08:26:00+00:00,158.4,158.4,158.4,17,158.4,745,158.408228
2023-03-22 08:27:00+00:00,158.4,158.4,158.39,7,158.4,772,158.401801
2023-03-22 08:28:00+00:00,158.33,158.33,158.3,23,158.3,1093,158.328435
2023-03-22 08:36:00+00:00,158.29,158.32,158.29,43,158.32,2560,158.31291
2023-03-22 08:38:00+00:00,158.29,158.29,158.29,4,158.29,311,158.289678
2023-03-22 08:39:00+00:00,158.29,158.29,158.29,6,158.29,2886,158.290062
2023-03-22 08:42:00+00:00,158.35,158.4,158.35,10,158.4,497,158.360604
2023-03-22 08:48:00+00:00,158.3,158.33,158.3,6,158.33,529,158.315255
2023-03-22 08:49:00+00:00,158.39,158.39,158.39,10,158.39,576,158.38691
2023-03-22 08:50:00+00:00,158.44,158.44,158.38,20,158.38,1463,158.402714
2023-03-22 08:51:00+00:00,158.3,158.3,158.3,12,158.3,428,158.305631
2023-03-22 08:58:00+00:00,158.23,158.24,158.23,14,158.24,418,158.238756
2023-03-22 08:59:00+00:00,158.21,158.21,158.21,21,158.21,499,158.196814
2023-03-22 09:00:00+00:00,158.15,158.18,158.09,44,158.16,2104,158.148379
2023-03-22 09:08:00+00:00,158.29,158.29,158.29,8,158.29,453,158.282053
2023-03-22 09:10:00+00:00,158.51,160.0,158.35,277,158.35,13307,158.783506
2023-03-22 09:12:00+00:00,158.61,158.61,158.61,8,158.61,227,158.610661
2023-03-22 09:14:00+00:00,158.66,158.66,158.66,23,158.66,845,158.614036
2023-03-22 09:17:00+00:00,158.6,158.6,158.6,17,158.6,478,158.621778
2023-03-22 09:18:00+00:00,158.7,158.7,158.7,29,158.7,701,158.65398
2023-03-22 09:20:00+00:00,158.7,158.7,158.7,14,158.7,491,158.700244
2023-03-22 09:23:00+00:00,158.78,158.78,158.7,22,158.7,1464,158.740478
2023-03-22 09:24:00+00:00,158.75,158.75,158.75,4,158.75,302,158.750199
2023-03-22 09:25:00+00:00,158.75,158.76,158.75,11,158.76,581,158.750654
2023-03-22 09:27:00+00:00,158.8,158.8,158.8,26,158.8,703,158.801807
2023-03-22 09:29:00+00:00,158.79,158.79,158.79,6,158.79,215,158.789302
2023-03-22 09:31:00+00:00,158.74,158.74,158.74,8,158.74,297,158.746296
2023-03-22 09:32:00+00:00,158.71,158.71,158.71,20,158.71,679,158.725081
2023-03-22 09:33:00+00:00,158.75,158.75,158.75,14,158.75,509,158.741454
2023-03-22 09:34:00+00:00,158.74,158.74,158.74,8,158.74,224,158.74192
2023-03-22 09:35:00+00:00,158.74,158.74,158.74,6,158.74,432,158.740139
2023-03-22 09:39:00+00:00,158.75,158.75,158.75,14,158.75,278,158.750396
2023-03-22 09:40:00+00:00,158.77,158.77,158.77,6,158.77,263,158.769582
2023-03-22 09:41:00+00:00,158.76,158.76,158.76,8,158.76,770,158.760429
2023-03-22 09:43:00+00:00,158.74,158.75,158.74,23,158.75,1337,158.752206
2023-03-22 09:54:00+00:00,158.67,158.67,158.67,14,158.67,403,158.668759
2023-03-22 09:57:00+00:00,158.61,158.63,158.61,8,158.63,977,158.620604
2023-03-22 10:06:00+00:00,158.7,158.7,158.7,12,158.7,427,158.700585
2023-03-22 10:08:00+00:00,158.63,158.63,158.63,15,158.63,421,158.639739
2023-03-22 10:15:00+00:00,158.63,158.66,158.63,38,158.66,1765,158.626397
2023-03-22 10:20:00+00:00,158.58,158.66,158.57,13,158.66,938,158.591887
2023-03-22 10:21:00+00:00,158.58,158.6,158.58,16,158.58,1055,158.585384
2023-03-22 10:23:00+00:00,158.55,158.59,158.55,17,158.59,726,158.571019
2023-03-22 10:24:00+00:00,158.54,158.54,158.54,21,158.54,469,158.570874
2023-03-22 10:25:00+00:00,158.65,158.65,158.63,10,158.63,794,158.640353
2023-03-22 10:29:00+00:00,158.67,158.67,158.6,16,158.6,733,158.648977
2023-03-22 10:30:00+00:00,158.65,158.65,158.6,16,158.6,1108,158.627347
2023-03-22 10:31:00+00:00,158.6,158.6,158.6,9,158.6,360,158.602222
2023-03-22 10:32:00+00:00,158.56,158.56,158.56,16,158.56,677,158.567179
2023-03-22 10:34:00+00:00,158.56,158.56,158.56,7,158.56,138,158.567174
2023-03-22 10:35:00+00:00,158.52,158.58,158.52,21,158.58,673,158.544903
2023-03-22 10:42:00+00:00,158.47,158.47,158.47,22,158.47,569,158.483392
2023-03-22 10:44:00+00:00,158.44,158.44,158.44,24,158.44,331,158.457976
2023-03-22 10:49:00+00:00,158.55,158.55,158.55,19,158.55,664,158.543389
2023-03-22 10:50:00+00:00,158.63,158.63,158.63,23,158.63,822,158.615657
2023-03-22 10:52:00+00:00,158.7,158.7,158.68,19,158.68,617,158.696224
2023-03-22 10:53:00+00:00,158.77,158.77,158.77,20,158.77,590,158.758458
2023-03-22 10:54:00+00:00,158.7,158.7,158.7,48,158.7,1145,158.705275
2023-03-22 10:55:00+00:00,158.65,158.65,158.65,24,158.65,579,158.661589
2023-03-22 10:56:00+00:00,158.65,158.65,158.65,11,158.65,526,158.667966
2023-03-22 10:57:00+00:00,158.65,158.65,158.65,18,158.65,687,158.660961
2023-03-22 10:59:00+00:00,158.77,158.77,158.77,26,158.77,1110,158.766468
2023-03-22 11:00:00+00:00,158.72,158.89,158.72,175,158.78,5239,158.816203
2023-03-22 11:01:00+00:00,158.83,158.83,158.7,84,158.8,4130,158.774768
2023-03-22 11:02:00+00:00,158.71,158.77,158.7,51,158.77,2171,158.716836
2023-03-22 11:04:00+00:00,158.79,158.89,158.79,62,158.8,2599,158.840127
2023-03-22 11:05:00+00:00,158.81,158.82,158.81,40,158.82,1131,158.807215
2023-03-22 11:06:00+00:00,158.81,158.81,158.81,44,158.81,2733,158.808046
2023-03-22 11:07:00+00:00,158.83,158.83,158.81,24,158.81,1065,158.81954
2023-03-22 11:08:00+00:00,158.85,158.85,158.85,23,158.85,762,158.84958
2023-03-22 11:10:00+00:00,158.82,158.82,158.82,29,158.82,1131,158.823059
2023-03-22 11:11:00+00:00,158.87,158.87,158.87,13,158.87,659,158.862276
2023-03-22 11:12:00+00:00,158.9,158.9,158.86,42,158.86,1401,158.880607
2023-03-22 11:13:00+00:00,158.9,158.92,158.9,28,158.92,1194,158.91634
2023-03-22 11:15:00+00:00,158.92,158.92,158.92,22,158.92,1263,158.921132
2023-03-22 11:16:00+00:00,158.92,158.92,158.92,35,158.92,1589,158.92674
2023-03-22 11:17:00+00:00,158.9,158.92,158.9,28,158.92,1038,158.90684
2023-03-22 11:18:00+00:00,158.95,158.95,158.9,59,158.91,1782,158.919001
2023-03-22 11:19:00+00:00,159.0,159.0,158.96,119,158.96,2172,158.988435
2023-03-22 11:20:00+00:00,159.02,159.02,159.02,29,159.02,1323,159.017566
2023-03-22 11:21:00+00:00,159.02,159.04,159.02,19,159.04,1192,159.030117
2023-03-22 11:22:00+00:00,159.08,159.08,159.02,40,159.02,1748,159.061545
2023-03-22 11:23:00+00:00,159.06,159.06,159.06,29,159.06,1145,159.059808
2023-03-22 11:24:00+00:00,159.1,159.1,159.1,39,159.1,1125,159.065476
2023-03-22 11:25:00+00:00,159.02,159.05,159.02,19,159.05,1331,159.035755
2023-03-22 11:26:00+00:00,159.05,159.05,159.05,11,159.05,338,159.044379
2023-03-22 11:27:00+00:00,159.1,159.1,159.1,54,159.1,1321,159.084186
2023-03-22 11:28:00+00:00,159.05,159.11,159.05,36,159.11,2143,159.079967
2023-03-22 11:30:00+00:00,159.07,159.07,159.07,29,159.07,2176,159.072266
2023-03-22 11:31:00+00:00,159.1,159.1,159.1,33,159.1,779,159.097625
2023-03-22 11:32:00+00:00,159.12,159.12,159.12,28,159.12,1396,159.117607
2023-03-22 11:33:00+00:00,159.08,159.08,159.08,31,159.08,822,159.095633
2023-03-22 11:34:00+00:00,159.02,159.1,159.02,40,159.1,1790,159.050844
2023-03-22 11:35:00+00:00,159.0,159.01,159.0,56,159.01,1529,159.004166
2023-03-22 11:36:00+00:00,159.0,159.0,159.0,11,159.0,631,159.005784
2023-03-22 11:37:00+00:00,159.0,159.03,159.0,28,159.02,1787,159.018584
2023-03-22 11:38:00+00:00,158.96,158.96,158.96,24,158.96,607,158.971746
2023-03-22 11:39:00+00:00,158.93,158.96,158.93,57,158.96,2717,158.947056
2023-03-22 11:40:00+00:00,158.91,158.91,158.91,18,158.91,1051,158.91844
2023-03-22 11:41:00+00:00,158.92,158.92,158.89,48,158.91,2545,158.897583
2023-03-22 11:42:00+00:00,158.85,158.85,158.85,32,158.85,860,158.853965
2023-03-22 11:43:00+00:00,158.85,158.9,158.85,38,158.9,1158,158.866174
2023-03-22 11:44:00+00:00,158.8,158.83,158.8,38,158.83,1272,158.812343
2023-03-22 11:45:00+00:00,158.75,158.75,158.75,29,158.75,542,158.754557
2023-03-22 11:46:00+00:00,158.73,158.75,158.73,62,158.75,2697,158.744245
2023-03-22 11:49:00+00:00,158.7,158.74,158.7,56,158.74,2541,158.713849
2023-03-22 11:50:00+00:00,158.55,158.71,158.55,110,158.71,6648,158.59276
2023-03-22 11:51:00+00:00,158.6,158.6,158.6,35,158.6,1217,158.598735
2023-03-22 11:52:00+00:00,158.71,158.72,158.71,17,158.72,851,158.708073
2023-03-22 11:54:00+00:00,158.68,158.68,158.68,20,158.68,593,158.647943
2023-03-22 11:55:00+00:00,158.79,158.79,158.69,68,158.69,2502,158.735959
2023-03-22 11:56:00+00:00,158.78,158.78,158.76,62,158.76,3149,158.757577
2023-03-22 11:58:00+00:00,158.77,158.77,158.77,28,158.77,1112,158.77598
2023-03-22 12:00:00+00:00,158.882,159.1196,158.6,365,158.79,28427,158.868605
2023-03-22 12:01:00+00:00,158.8,159.25,158.2885,688,158.4015,10807,158.822958
2023-03-22 12:02:00+00:00,158.77,159.2,158.71,256,158.71,2019,158.980795
2023-03-22 12:03:00+00:00,158.74,158.8,158.7233,67,158.8,6633,158.748978
2023-03-22 12:04:00+00:00,158.75,158.75,158.75,27,158.75,438,158.741502
2023-03-22 12:05:00+00:00,158.7,158.73,158.7,60,158.7,1868,158.71174
2023-03-22 12:06:00+00:00,158.7,158.7,158.7,26,158.7,380,158.696329
2023-03-22 12:07:00+00:00,158.63,158.6513,158.63,31,158.6513,1016,158.644483
2023-03-22 12:08:00+00:00,158.71,158.71,158.62,168,158.621,5724,158.70037
2023-03-22 12:09:00+00:00,158.76,158.78,158.7283,29,158.7283,3015,158.771692
2023-03-22 12:10:00+00:00,158.74,158.79,158.7273,48,158.79,5004,158.771226
2023-03-22 12:11:00+00:00,158.71,158.77,158.71,70,158.73,8085,158.732932
2023-03-22 12:12:00+00:00,158.7,158.7,158.66,44,158.66,1500,158.68859
2023-03-22 12:13:00+00:00,158.75,158.75,158.7,15,158.72,1494,158.718152
2023-03-22 12:14:00+00:00,158.7,158.7395,158.7,43,158.7395,2630,158.706269
2023-03-22 12:15:00+00:00,158.6901,158.6901,158.6901,17,158.6901,398,158.71706
2023-03-22 12:16:00+00:00,158.69,158.69,158.69,23,158.69,331,158.703101
2023-03-22 12:17:00+00:00,158.68,158.72,158.68,30,158.72,793,158.692711
2023-03-22 12:18:00+00:00,158.67,158.69,158.61,79,158.67,4263,158.652877
2023-03-22 12:20:00+00:00,158.66,158.66,158.66,21,158.66,677,158.660566
2023-03-22 12:21:00+00:00,158.68,158.68,158.68,26,158.68,480,158.693864
2023-03-22 12:22:00+00:00,158.75,158.78,158.72,82,158.72,2004,158.762521
2023-03-22 12:23:00+00:00,158.7185,158.7185,158.7185,21,158.7185,296,158.737677
2023-03-22 12:24:00+00:00,158.71,158.73,158.71,30,158.73,563,158.72543
2023-03-22 12:25:00+00:00,158.74,158.75,158.72,39,158.75,1152,158.718693
2023-03-22 12:26:00+00:00,158.7779,158.7779,158.7779,16,158.7779,368,158.763841
2023-03-22 12:27:00+00:00,158.7,158.72,158.7,39,158.72,1414,158.70657
2023-03-22 12:28:00+00:00,158.69,158.69,158.69,16,158.69,977,158.691167
2023-03-22 12:29:00+00:00,158.68,158.72,158.68,26,158.69,1078,158.695618
2023-03-22 12:31:00+00:00,158.72,158.72,158.7,51,158.7,3053,158.718975
2023-03-22 12:32:00+00:00,158.73,158.73,158.69,44,158.69,1836,158.721548
2023-03-22 12:33:00+00:00,158.71,158.75,158.71,18,158.75,2040,158.745373
2023-03-22 12:34:00+00:00,158.69,158.7,158.69,56,158.7,2666,158.698496
2023-03-22 12:35:00+00:00,158.64,158.68,158.64,81,158.68,3295,158.657573
2023-03-22 12:36:00+00:00,158.65,158.66,158.65,29,158.65,986,158.658763
2023-03-22 12:37:00+00:00,158.73,158.73,158.73,40,158.73,1758,158.723113
2023-03-22 12:38:00+00:00,158.78,158.78,158.72,63,158.72,3150,158.752167
2023-03-22 12:39:00+00:00,158.82,158.82,158.78,106,158.78,6511,158.79743
2023-03-22 12:40:00+00:00,158.8,158.81,158.8,24,158.81,1606,158.807909
2023-03-22 12:41:00+00:00,158.81,158.81,158.8,32,158.8,2214,158.800776
2023-03-22 12:42:00+00:00,158.85,158.85,158.82,52,158.82,1493,158.833487
2023-03-22 12:43:00+00:00,158.84,158.86,158.84,40,158.86,2308,158.845206
2023-03-22 12:44:00+00:00,158.81,158.83,158.81,41,158.83,1270,158.819728
2023-03-22 12:45:00+00:00,158.81,158.83,158.8,32,158.83,1189,158.804012
2023-03-22 12:46:00+00:00,158.75,158.8,158.75,18,158.8,1035,158.786159
2023-03-22 12:47:00+00:00,158.76,158.76,158.76,28,158.76,647,158.773587
2023-03-22 12:48:00+00:00,158.7988,158.7988,158.7988,26,158.7988,1035,158.794254
2023-03-22 12:49:00+00:00,158.8,158.8,158.8,16,158.8,1098,158.798837
2023-03-22 12:50:00+00:00,158.82,158.83,158.8,56,158.8,1470,158.816354
2023-03-22 12:51:00+00:00,158.84,158.84,158.84,19,158.84,1388,158.840376
2023-03-22 12:52:00+00:00,158.84,158.87,158.84,25,158.87,1469,158.857524
2023-03-22 12:53:00+00:00,158.87,158.87,158.87,22,158.87,408,158.859467
2023-03-22 12:54:00+00:00,158.91,158.91,158.84,52,158.84,2542,158.864294
2023-03-22 12:55:00+00:00,158.91,158.94,158.9,53,158.9,1962,158.912467
2023-03-22 12:56:00+00:00,158.87,158.95,158.87,49,158.9476,1919,158.905618
2023-03-22 12:57:00+00:00,158.88,158.88,158.88,57,158.88,2414,158.872375
2023-03-22 12:58:00+00:00,158.83,158.83,158.83,30,158.83,347,158.82528
2023-03-22 12:59:00+00:00,158.89,158.9,158.8,68,158.81,2332,158.858553
2023-03-22 13:00:00+00:00,158.94,158.94,158.93,64,158.93,1440,158.925888
2023-03-22 13:01:00+00:00,158.8,158.9,158.8,86,158.9,2915,158.83081
2023-03-22 13:02:00+00:00,158.83,158.85,158.83,67,158.84,3135,158.842014
2023-03-22 13:03:00+00:00,158.93,158.93,158.85,50,158.85,1937,158.901927
2023-03-22 13:04:00+00:00,158.95,158.96,158.94,46,158.94,3096,158.946791
2023-03-22 13:05:00+00:00,158.91,158.9499,158.91,46,158.9499,1825,158.940311
2023-03-22 13:06:00+00:00,158.88,158.9,158.88,74,158.9,2163,158.895533
2023-03-22 13:07:00+00:00,158.89,158.89,158.88,34,158.88,855,158.881918
2023-03-22 13:08:00+00:00,158.84,158.85,158.84,58,158.85,2183,158.855866
2023-03-22 13:09:00+00:00,158.85,158.89,158.85,33,158.88,1992,158.883596
2023-03-22 13:10:00+00:00,158.91,158.91,158.89,61,158.89,2091,158.898306
2023-03-22 13:12:00+00:00,158.95,158.95,158.91,37,158.91,988,158.922127
2023-03-22 13:13:00+00:00,158.98,158.98,158.95,75,158.95,2589,158.962379
2023-03-22 13:14:00+00:00,158.97,158.99,158.97,32,158.98,1565,158.980045
2023-03-22 13:15:00+00:00,159.02,159.02,158.98,151,158.98,5743,159.005419
2023-03-22 13:16:00+00:00,159.04,159.04,159.01,41,159.04,2608,159.034327
2023-03-22 13:17:00+00:00,159.09,159.16,159.04,160,159.04,10570,159.087801
2023-03-22 13:18:00+00:00,159.08,159.09,159.07,32,159.07,811,159.079503
2023-03-22 13:19:00+00:00,159.0301,159.09,159.0301,106,159.0716,5412,159.061181
2023-03-22 13:20:00+00:00,158.96,159.0,158.96,75,159.0,3205,158.994046
2023-03-22 13:21:00+00:00,158.9406,158.98,158.94,75,158.96,2180,158.95803
2023-03-22 13:22:00+00:00,159.0,159.02,159.0,102,159.0,3584,159.000753
2023-03-22 13:23:00+00:00,158.98,158.98,158.98,50,158.98,1247,158.98723
2023-03-22 13:24:00+00:00,159.0,159.0,158.95,51,158.97,2838,158.96845
2023-03-22 13:25:00+00:00,158.99,159.02,158.95,34,158.95,1512,158.9672
2023-03-22 13:26:00+00:00,159.0,159.07,159.0,62,159.0,2651,159.028771
2023-03-22 13:27:00+00:00,159.16,159.16,159.0,124,159.04,6456,159.037215
2023-03-22 13:28:00+00:00,159.32,159.37,159.15,326,159.18,20623,159.278495
2023-03-22 13:29:00+00:00,159.37,159.37,159.28,220,159.32,11949,159.339321
2023-03-22 13:30:00+00:00,159.5547,159.74,159.21,6313,159.29,1389179,159.361512
2023-03-22 13:31:00+00:00,159.44,159.6168,159.21,2205,159.57,233642,159.392687
2023-03-22 13:32:00+00:00,159.53,159.53,159.2427,1605,159.44,156498,159.36968
2023-03-22 13:33:00+00:00,159.29,159.574,159.25,1378,159.52,155139,159.369847
2023-03-22 13:34:00+00:00,159.6,159.66,159.29,1909,159.32,219667,159.483631
2023-03-22 13:35:00+00:00,159.62,159.74,159.59,2282,159.59,257638,159.687749
2023-03-22 13:36:00+00:00,159.62,159.63,159.49,1346,159.6252,131237,159.565072
2023-03-22 13:37:00+00:00,159.72,159.735,159.6,1688,159.615,160996,159.701049
2023-03-22 13:38:00+00:00,159.72,159.73,159.5801,1557,159.7183,161246,159.670531
2023-03-22 13:39:00+00:00,159.7,159.745,159.63,1484,159.71,139842,159.69061
2023-03-22 13:40:00+00:00,159.72,159.74,159.6101,1643,159.71,177897,159.706959
2023-03-22 13:41:00+00:00,159.66,159.91,159.625,3138,159.705,433044,159.795629
2023-03-22 13:42:00+00:00,159.695,159.704,159.535,1503,159.66,140695,159.618606
2023-03-22 13:43:00+00:00,159.77,159.77,159.63,1728,159.7,185207,159.693275
2023-03-22 13:44:00+00:00,159.86,159.94,159.76,1887,159.77,183177,159.862251
2023-03-22 13:45:00+00:00,159.76,159.91,159.76,1431,159.855,157112,159.82095
2023-03-22 13:46:00+00:00,159.8502,159.875,159.7218,1758,159.755,103270,159.784069
2023-03-22 13:47:00+00:00,159.88,159.905,159.75,3471,159.855,180934,159.837172
2023-03-22 13:48:00+00:00,159.885,159.94,159.7701,3520,159.88,144050,159.87206
2023-03-22 13:49:00+00:00,159.82,159.96,159.805,3600,159.8876,165918,159.881792
2023-03-22 13:50:00+00:00,159.945,159.96,159.71,3699,159.815,185422,159.821758
2023-03-22 13:51:00+00:00,159.915,159.99,159.9,4531,159.93,327494,159.965443
2023-03-22 13:52:00+00:00,159.9386,159.99,159.9,3552,159.9117,151948,159.956308
2023-03-22 13:53:00+00:00,159.885,159.94,159.82,3535,159.93,145208,159.882603
2023-03-22 13:54:00+00:00,159.85,159.92,159.83,3389,159.89,117967,159.871018
2023-03-22 13:55:00+00:00,159.78,159.86,159.705,3754,159.86,182837,159.766562
2023-03-22 13:56:00+00:00,159.75,159.8472,159.67,3557,159.77,147207,159.757009
2023-03-22 13:57:00+00:00,159.695,159.83,159.69,3243,159.76,100031,159.755425
2023-03-22 13:58:00+00:00,159.705,159.7544,159.64,3149,159.69,122752,159.691463
2023-03-22 13:59:00+00:00,159.72,159.79,159.6901,2978,159.695,95345,159.741835
2023-03-22 14:00:00+00:00,159.796,159.8,159.6801,3130,159.73,82437,159.744258
2023-03-22 14:01:00+00:00,159.665,159.85,159.659,3701,159.795,170420,159.732862
2023-03-22 14:02:00+00:00,159.63,159.6699,159.55,3729,159.66,143454,159.600899
2023-03-22 14:03:00+00:00,159.54,159.6299,159.48,3766,159.62,121193,159.554984
2023-03-22 14:04:00+00:00,159.4986,159.58,159.44,3497,159.5413,170087,159.508077
2023-03-22 14:05:00+00:00,159.3682,159.54,159.34,3659,159.48,163984,159.44027
2023-03-22 14:06:00+00:00,159.415,159.5,159.36,3098,159.36,115853,159.432006
2023-03-22 14:07:00+00:00,159.42,159.43,159.3,3336,159.4187,135739,159.358592
2023-03-22 14:08:00+00:00,159.365,159.46,159.345,3100,159.42,114964,159.407442
2023-03-22 14:09:00+00:00,159.2081,159.38,159.118,4422,159.3669,270260,159.233779
2023-03-22 14:10:00+00:00,159.18,159.27,159.1235,3538,159.2,165105,159.188527
2023-03-22 14:11:00+00:00,159.2101,159.28,159.19,3211,159.19,108137,159.233924
2023-03-22 14:12:00+00:00,159.26,159.2799,159.145,2983,159.21,104175,159.213378
2023-03-22 14:13:00+00:00,159.28,159.33,159.24,2972,159.26,109472,159.281592
2023-03-22 14:14:00+00:00,159.26,159.3,159.21,2753,159.2883,74513,159.262127
2023-03-22 14:15:00+00:00,159.45,159.45,159.2,3306,159.25,140719,159.334453
2023-03-22 14:16:00+00:00,159.52,159.52,159.38,2695,159.45,172068,159.457638
2023-03-22 14:17:00+00:00,159.375,159.5193,159.35,1009,159.51,103738,159.428193
2023-03-22 14:18:00+00:00,159.34,159.41,159.312,821,159.375,65067,159.361933
2023-03-22 14:19:00+00:00,159.4,159.44,159.3,872,159.34,87797,159.364319
2023-03-22 14:20:00+00:00,159.62,159.63,159.42,1385,159.42,160164,159.520377
2023-03-22 14:21:00+00:00,159.6199,159.72,159.605,1614,159.62,227632,159.66942
2023-03-22 14:22:00+00:00,159.6605,159.69,159.58,872,159.61,88579,159.639751
2023-03-22 14:23:00+00:00,159.765,159.7805,159.6674,1156,159.67,122467,159.740659
2023-03-22 14:24:00+00:00,159.68,159.7701,159.62,1022,159.77,95080,159.68162
2023-03-22 14:25:00+00:00,159.71,159.72,159.62,896,159.68,87703,159.675653
2023-03-22 14:26:00+00:00,159.74,159.77,159.69,968,159.705,109817,159.734511
2023-03-22 14:27:00+00:00,159.8098,159.8181,159.73,1253,159.735,142984,159.784328
2023-03-22 14:28:00+00:00,159.96,160.01,159.8091,6842,159.8091,722918,159.96308
2023-03-22 14:29:00+00:00,160.0642,160.4,159.96,10233,159.97,1074699,160.017081
2023-03-22 14:30:00+00:00,160.114,160.15,160.02,2012,160.06,207068,160.108594
2023-03-22 14:31:00+00:00,160.11,160.213,160.1,2091,160.115,207293,160.154326
2023-03-22 14:32:00+00:00,160.0987,160.18,160.07,1891,160.11,185957,160.11194
2023-03-22 14:33:00+00:00,160.23,160.23,160.075,1351,160.0999,153655,160.166661
2023-03-22 14:34:00+00:00,160.27,160.29,160.21,1305,160.23,118581,160.251158
2023-03-22 14:35:00+00:00,160.1007,160.28,160.1,1452,160.27,150218,160.158555
2023-03-22 14:36:00+00:00,160.03,160.1,160.01,1351,160.1,126692,160.057373
2023-03-22 14:37:00+00:00,159.975,160.04,159.935,1258,160.03,173929,159.995283
2023-03-22 14:38:00+00:00,159.97,160.02,159.96,947,159.98,84837,159.986337
2023-03-22 14:39:00+00:00,159.9998,160.02,159.95,1011,159.9711,98860,159.982186
2023-03-22 14:40:00+00:00,160.0401,160.09,159.985,1034,159.995,94757,160.045413
2023-03-22 14:41:00+00:00,160.205,160.26,160.04,1428,160.05,130290,160.170525
2023-03-22 14:42:00+00:00,160.255,160.29,160.16,1220,160.2017,123252,160.223874
2023-03-22 14:43:00+00:00,160.21,160.3,160.165,1108,160.26,111769,160.231216
2023-03-22 14:44:00+00:00,160.285,160.29,160.2108,1232,160.22,119351,160.255144
2023-03-22 14:45:00+00:00,160.27,160.31,160.2,1234,160.28,121880,160.261172
2023-03-22 14:46:00+00:00,160.21,160.2932,160.165,1101,160.272,103508,160.230144
2023-03-22 14:47:00+00:00,160.265,160.28,160.14,1039,160.2,101694,160.20903
2023-03-22 14:48:00+00:00,160.21,160.33,160.18,1426,160.265,155606,160.272675
2023-03-22 14:49:00+00:00,160.2015,160.2573,160.14,1413,160.21,140253,160.20655
2023-03-22 14:50:00+00:00,160.235,160.275,160.1901,1066,160.205,104193,160.243679
2023-03-22 14:51:00+00:00,160.28,160.28,160.165,915,160.23,83665,160.220111
2023-03-22 14:52:00+00:00,160.2866,160.29,160.14,1258,160.285,122475,160.208915
2023-03-22 14:53:00+00:00,160.325,160.37,160.29,1522,160.29,176126,160.303753
2023-03-22 14:54:00+00:00,160.3584,160.399,160.3099,1233,160.325,161173,160.377294
2023-03-22 14:55:00+00:00,160.39,160.39,160.31,1134,160.3501,102960,160.349747
2023-03-22 14:56:00+00:00,160.31,160.41,160.28,1550,160.39,167101,160.364861
2023-03-22 14:57:00+00:00,160.2599,160.33,160.23,1259,160.315,127456,160.276029
2023-03-22 14:58:00+00:00,160.2877,160.32,160.23,917,160.26,79625,160.263924
2023-03-22 14:59:00+00:00,160.2,160.33,160.18,1018,160.29,88588,160.246541
2023-03-22 15:00:00+00:00,160.18,160.27,160.13,1221,160.1909,121797,160.194053
2023-03-22 15:01:00+00:00,160.185,160.19,160.095,990,160.17,118631,160.140266
2023-03-22 15:02:00+00:00,160.26,160.27,160.185,983,160.185,75197,160.227126
2023-03-22 15:03:00+00:00,160.2316,160.2858,160.22,860,160.255,70500,160.260004
2023-03-22 15:04:00+00:00,160.18,160.28,160.165,1042,160.231,132020,160.234449
2023-03-22 15:05:00+00:00,160.1764,160.215,160.16,767,160.19,74249,160.186495
2023-03-22 15:06:00+00:00,160.17,160.1999,160.14,909,160.175,94540,160.159307
2023-03-22 15:07:00+00:00,160.185,160.19,160.12,959,160.165,99662,160.150414
2023-03-22 15:08:00+00:00,160.17,160.28,160.14,1212,160.1817,117224,160.204497
2023-03-22 15:09:00+00:00,160.14,160.22,160.14,788,160.1625,73513,160.182189
2023-03-22 15:10:00+00:00,160.2471,160.25,160.13,1028,160.14,105326,160.186194
2023-03-22 15:11:00+00:00,160.0999,160.245,160.02,1378,160.245,150145,160.119269
2023-03-22 15:12:00+00:00,160.025,160.15,159.9799,1391,160.0901,118770,160.071667
2023-03-22 15:13:00+00:00,159.9529,160.01,159.89,1175,160.01,119214,159.946412
2023-03-22 15:14:00+00:00,160.09,160.09,159.95,1082,159.96,104698,160.023628
2023-03-22 15:15:00+00:00,160.005,160.09,160.0,951,160.09,106112,160.045376
2023-03-22 15:16:00+00:00,159.98,160.03,159.965,780,160.015,70366,160.004345
2023-03-22 15:17:00+00:00,160.06,160.07,159.97,818,159.98,107450,160.010361
2023-03-22 15:18:00+00:00,160.0499,160.1,160.0401,938,160.055,93738,160.070512
2023-03-22 15:19:00+00:00,160.02,160.05,159.9915,701,160.045,177614,160.020991
2023-03-22 15:20:00+00:00,160.0499,160.11,160.01,844,160.025,75320,160.063106
2023-03-22 15:21:00+00:00,160.1303,160.145,160.04,755,160.05,85401,160.167723
2023-03-22 15:22:00+00:00,160.195,160.2,160.055,925,160.15,98064,160.128898
2023-03-22 15:23:00+00:00,160.245,160.25,160.145,884,160.1974,70263,160.186172
2023-03-22 15:24:00+00:00,160.325,160.33,160.23,1269,160.2357,119293,160.279617
2023-03-22 15:25:00+00:00,160.26,160.3685,160.24,985,160.3299,106167,160.30124
2023-03-22 15:26:00+00:00,160.22,160.29,160.22,641,160.26,47215,160.25844
2023-03-22 15:27:00+00:00,160.235,160.26,160.18,656,160.23,60612,160.223885
2023-03-22 15:28:00+00:00,160.249,160.265,160.18,766,160.23,66873,160.21987
2023-03-22 15:29:00+00:00,160.22,160.29,160.21,759,160.24,68069,160.256421
2023-03-22 15:30:00+00:00,160.22,160.23,160.18,686,160.22,59297,160.206953
2023-03-22 15:31:00+00:00,160.24,160.27,160.215,687,160.22,64560,160.240241
2023-03-22 15:32:00+00:00,160.155,160.24,160.15,670,160.2319,65486,160.197643
2023-03-22 15:33:00+00:00,160.15,160.23,160.14,670,160.16,73534,160.177095
2023-03-22 15:34:00+00:00,160.1207,160.18,160.11,686,160.16,69493,160.137482
2023-03-22 15:35:00+00:00,160.16,160.17,160.11,737,160.126,79783,160.131448
2023-03-22 15:36:00+00:00,160.1706,160.2,160.1201,847,160.17,75278,160.168498
2023-03-22 15:37:00+00:00,160.14,160.18,160.09,731,160.17,131151,160.139537
2023-03-22 15:38:00+00:00,160.33,160.34,160.11,1010,160.14,108005,160.245781
2023-03-22 15:39:00+00:00,160.33,160.36,160.29,792,160.3267,127502,160.326871
2023-03-22 15:40:00+00:00,160.465,160.49,160.33,1465,160.336,154108,160.426681
2023-03-22 15:41:00+00:00,160.355,160.49,160.3501,996,160.46,96039,160.422394
2023-03-22 15:42:00+00:00,160.3575,160.38,160.325,790,160.36,79396,160.355987
2023-03-22 15:43:00+00:00,160.22,160.37,160.1801,933,160.356,144211,160.252629
2023-03-22 15:44:00+00:00,160.26,160.3,160.22,747,160.22,79755,160.259703
2023-03-22 15:45:00+00:00,160.2901,160.31,160.23,663,160.255,53645,160.271334
2023-03-22 15:46:00+00:00,160.325,160.3685,160.285,684,160.295,65696,160.334686
2023-03-22 15:47:00+00:00,160.4226,160.4226,160.28,725,160.32,60543,160.363842
2023-03-22 15:48:00+00:00,160.4101,160.44,160.3901,590,160.426,68869,160.41716
2023-03-22 15:49:00+00:00,160.3,160.42,160.28,871,160.42,98186,160.347875
2023-03-22 15:50:00+00:00,160.28,160.33,160.23,648,160.3,67001,160.274775
2023-03-22 15:51:00+00:00,160.3401,160.3699,160.27,752,160.28,78999,160.335048
2023-03-22 15:52:00+00:00,160.3401,160.36,160.3203,521,160.34,34949,160.339071
2023-03-22 15:53:00+00:00,160.3296,160.37,160.28,609,160.35,44534,160.321733
2023-03-22 15:54:00+00:00,160.3,160.3762,160.29,618,160.33,59676,160.333177
2023-03-22 15:55:00+00:00,160.35,160.35,160.24,856,160.3,94664,160.287368
2023-03-22 15:56:00+00:00,160.38,160.4,160.29,1027,160.34,146045,160.35385
2023-03-22 15:57:00+00:00,160.4,160.43,160.37,961,160.37,111267,160.393632
2023-03-22 15:58:00+00:00,160.4699,160.48,160.38,889,160.41,91340,160.436446
2023-03-22 15:59:00+00:00,160.46,160.52,160.41,2061,160.47,196056,160.475146
2023-03-22 16:00:00+00:00,160.3,160.46,160.29,1489,160.46,166010,160.347421
2023-03-22 16:01:00+00:00,160.295,160.32,160.22,1002,160.31,124417,160.270222
2023-03-22 16:02:00+00:00,160.32,160.35,160.2501,811,160.295,78586,160.310198
2023-03-22 16:03:00+00:00,160.3722,160.4,160.315,905,160.3204,94559,160.356031
2023-03-22 16:04:00+00:00,160.33,160.38,160.31,664,160.375,54793,160.345819
2023-03-22 16:05:00+00:00,160.375,160.3966,160.315,675,160.335,49800,160.351796
2023-03-22 16:06:00+00:00,160.395,160.4197,160.335,740,160.38,64624,160.382263
2023-03-22 16:07:00+00:00,160.29,160.41,160.28,739,160.4,75385,160.341147
2023-03-22 16:08:00+00:00,160.13,160.31,160.12,1029,160.3,92146,160.20286
2023-03-22 16:09:00+00:00,160.193,160.22,160.08,912,160.1378,85773,160.150072
2023-03-22 16:10:00+00:00,160.17,160.2477,160.16,780,160.193,82053,160.190816
2023-03-22 16:11:00+00:00,160.07,160.19,160.04,793,160.1767,69481,160.114665
2023-03-22 16:12:00+00:00,160.04,160.1,160.03,821,160.06,75011,160.064415
2023-03-22 16:13:00+00:00,159.95,160.05,159.91,1692,160.0325,185831,159.982453
2023-03-22 16:14:00+00:00,159.96,160.02,159.93,1052,159.95,104589,159.973854
2023-03-22 16:15:00+00:00,160.03,160.045,159.945,761,159.95,67041,160.006869
2023-03-22 16:16:00+00:00,159.9783,160.04,159.95,559,160.03,57200,159.990428
2023-03-22 16:17:00+00:00,159.904,159.98,159.84,994,159.98,112627,159.901754
2023-03-22 16:18:00+00:00,159.965,159.98,159.87,685,159.9,79761,159.918547
2023-03-22 16:19:00+00:00,159.89,159.975,159.89,615,159.96,49837,159.936606
2023-03-22 16:20:00+00:00,159.81,159.9278,159.7875,1045,159.8999,131854,159.842008
2023-03-22 16:21:00+00:00,159.78,159.83,159.7,1094,159.81,147093,159.742059
2023-03-22 16:22:00+00:00,159.65,159.8,159.65,854,159.7715,74835,159.73052
2023-03-22 16:23:00+00:00,159.73,159.75,159.6198,987,159.6501,97705,159.673113
2023-03-22 16:24:00+00:00,159.7601,159.7899,159.71,754,159.7225,76767,159.758898
2023-03-22 16:25:00+00:00,159.715,159.79,159.71,744,159.77,66006,159.748792
2023-03-22 16:26:00+00:00,159.72,159.78,159.715,750,159.72,61673,159.748246
2023-03-22 16:27:00+00:00,159.75,159.78,159.69,594,159.715,64726,159.740926
2023-03-22 16:28:00+00:00,159.8101,159.83,159.75,693,159.755,68436,159.79828
2023-03-22 16:29:00+00:00,159.615,159.8171,159.6104,890,159.805,105424,159.690456
2023-03-22 16:30:00+00:00,159.73,159.76,159.61,854,159.615,69780,159.678869
2023-03-22 16:31:00+00:00,159.76,159.8139,159.73,582,159.73,62755,159.765945
2023-03-22 16:32:00+00:00,159.7115,159.75,159.66,969,159.75,108255,159.704224
2023-03-22 16:33:00+00:00,159.5825,159.7109,159.56,824,159.7109,75797,159.630844
2023-03-22 16:34:00+00:00,159.6,159.6,159.5514,626,159.58,62657,159.577728
2023-03-22 16:35:00+00:00,159.66,159.67,159.575,688,159.6,86431,159.62889
2023-03-22 16:36:00+00:00,159.73,159.75,159.655,527,159.655,50759,159.702601
2023-03-22 16:37:00+00:00,159.685,159.73,159.6301,528,159.73,59935,159.683524
2023-03-22 16:38:00+00:00,159.64,159.68,159.6,529,159.68,50580,159.641882
2023-03-22 16:39:00+00:00,159.6499,159.65,159.57,474,159.64,46178,159.615264
2023-03-22 16:40:00+00:00,159.545,159.66,159.54,596,159.65,54406,159.596074
2023-03-22 16:41:00+00:00,159.63,159.64,159.52,731,159.55,94747,159.563532
2023-03-22 16:42:00+00:00,159.6161,159.65,159.595,564,159.631,56745,159.622453
2023-03-22 16:43:00+00:00,159.6265,159.645,159.6002,490,159.615,47750,159.625604
2023-03-22 16:44:00+00:00,159.6,159.63,159.579,452,159.625,37452,159.604194
2023-03-22 16:45:00+00:00,159.615,159.64,159.55,532,159.61,60889,159.597755
2023-03-22 16:46:00+00:00,159.6,159.6625,159.55,537,159.62,54184,159.60562
2023-03-22 16:47:00+00:00,159.48,159.59,159.47,921,159.59,86725,159.516477
2023-03-22 16:48:00+00:00,159.54,159.57,159.48,585,159.48,44552,159.5331
2023-03-22 16:49:00+00:00,159.58,159.605,159.54,509,159.55,45704,159.572664
2023-03-22 16:50:00+00:00,159.6346,159.64,159.56,452,159.58,47377,159.615205
2023-03-22 16:51:00+00:00,159.7023,159.7023,159.64,709,159.64,75902,159.675215
2023-03-22 16:52:00+00:00,159.76,159.785,159.69,626,159.71,67313,159.736696
2023-03-22 16:53:00+00:00,159.7599,159.78,159.73,641,159.765,75017,159.755469
2023-03-22 16:54:00+00:00,159.725,159.77,159.717,547,159.77,59182,159.742795
2023-03-22 16:55:00+00:00,159.67,159.74,159.64,921,159.7291,115777,159.684485
2023-03-22 16:56:00+00:00,159.62,159.69,159.59,694,159.67,66151,159.629851
2023-03-22 16:57:00+00:00,159.7,159.71,159.615,546,159.619,65736,159.672652
2023-03-22 16:58:00+00:00,159.765,159.7799,159.6795,493,159.7,58577,159.730943
2023-03-22 16:59:00+00:00,159.7574,159.815,159.7429,551,159.78,60427,159.78303
2023-03-22 17:00:00+00:00,159.69,159.75,159.66,590,159.75,55085,159.700673
2023-03-22 17:01:00+00:00,159.685,159.69,159.63,571,159.69,50158,159.672325
2023-03-22 17:02:00+00:00,159.68,159.7,159.61,702,159.6889,67272,159.654293
2023-03-22 17:03:00+00:00,159.7,159.72,159.61,851,159.6801,97984,159.659657
2023-03-22 17:04:00+00:00,159.76,159.7682,159.6501,611,159.7,73158,159.721579
2023-03-22 17:05:00+00:00,159.765,159.85,159.75,746,159.76,87297,159.790017
2023-03-22 17:06:00+00:00,159.76,159.775,159.65,774,159.75,100870,159.711265
2023-03-22 17:07:00+00:00,159.82,159.82,159.7452,696,159.775,65866,159.77951
2023-03-22 17:08:00+00:00,159.7128,159.82,159.705,595,159.82,76629,159.751552
2023-03-22 17:09:00+00:00,159.71,159.7188,159.68,474,159.71,52249,159.698206
2023-03-22 17:10:00+00:00,159.66,159.71,159.62,590,159.71,63940,159.668303
2023-03-22 17:11:00+00:00,159.67,159.675,159.6399,517,159.66,54909,159.657504
2023-03-22 17:12:00+00:00,159.6514,159.7,159.65,561,159.675,64393,159.677047
2023-03-22 17:13:00+00:00,159.685,159.715,159.6401,532,159.65,51997,159.687761
2023-03-22 17:14:00+00:00,159.7401,159.75,159.675,502,159.68,55060,159.714681
2023-03-22 17:15:00+00:00,159.755,159.78,159.715,745,159.745,72511,159.745905
2023-03-22 17:16:00+00:00,159.82,159.825,159.75,640,159.755,65343,159.794211
2023-03-22 17:17:00+00:00,159.81,159.86,159.8,722,159.8101,82101,159.827108
2023-03-22 17:18:00+00:00,159.81,159.82,159.7874,549,159.8,64675,159.803591
2023-03-22 17:19:00+00:00,159.76,159.83,159.76,583,159.82,63089,159.791436
2023-03-22 17:20:00+00:00,159.765,159.7999,159.72,858,159.765,117749,159.760656
2023-03-22 17:21:00+00:00,159.86,159.88,159.75,739,159.76,109511,159.826559
2023-03-22 17:22:00+00:00,159.9139,159.93,159.835,920,159.86,105477,159.882015
2023-03-22 17:23:00+00:00,159.84,159.92,159.82,665,159.9199,65296,159.867761
2023-03-22 17:24:00+00:00,159.89,159.925,159.84,619,159.84,77721,159.88415
2023-03-22 17:25:00+00:00,159.89,159.91,159.87,352,159.88,38848,159.888411
2023-03-22 17:26:00+00:00,159.965,159.97,159.87,535,159.89,52603,159.921479
2023-03-22 17:27:00+00:00,160.0,160.0,159.9482,906,159.967,132550,159.975829
2023-03-22 17:28:00+00:00,159.99,160.02,159.965,1248,159.99,114551,159.99622
2023-03-22 17:29:00+00:00,160.04,160.05,159.97,836,160.0,84084,160.016534
2023-03-22 17:30:00+00:00,160.09,160.12,160.05,1072,160.05,85761,160.086112
2023-03-22 17:31:00+00:00,160.07,160.12,160.04,857,160.085,83998,160.089176
2023-03-22 17:32:00+00:00,160.0,160.1,159.99,818,160.06,75557,160.051885
2023-03-22 17:33:00+00:00,160.055,160.06,159.975,711,160.01,60955,160.005398
2023-03-22 17:34:00+00:00,160.04,160.06,160.03,420,160.0501,39657,160.045889
2023-03-22 17:35:00+00:00,160.05,160.0999,160.0201,652,160.0372,71322,160.063689
2023-03-22 17:36:00+00:00,159.99,160.0659,159.965,584,160.05,50022,160.011117
2023-03-22 17:37:00+00:00,159.995,160.01,159.95,649,159.99,57753,159.983894
2023-03-22 17:38:00+00:00,160.04,160.06,159.97,644,159.98,59779,160.022296
2023-03-22 17:39:00+00:00,160.09,160.1,160.0,728,160.04,61518,160.046194
2023-03-22 17:40:00+00:00,160.1284,160.14,160.07,656,160.0903,69235,160.112266
2023-03-22 17:41:00+00:00,160.06,160.13,160.0101,703,160.1256,81886,160.070162
2023-03-22 17:42:00+00:00,160.15,160.17,160.07,757,160.07,92732,160.132681
2023-03-22 17:43:00+00:00,160.17,160.23,160.13,963,160.145,100071,160.182559
2023-03-22 17:44:00+00:00,160.1799,160.19,160.12,718,160.17,86960,160.15365
2023-03-22 17:45:00+00:00,160.21,160.23,160.16,720,160.1709,75967,160.201475
2023-03-22 17:46:00+00:00,160.21,160.24,160.18,640,160.205,59090,160.20738
2023-03-22 17:47:00+00:00,160.19,160.22,160.16,566,160.2082,53379,160.190351
2023-03-22 17:48:00+00:00,160.1679,160.19,160.14,446,160.19,43863,160.176101
2023-03-22 17:49:00+00:00,160.11,160.1629,160.09,733,160.1629,88685,160.127248
2023-03-22 17:50:00+00:00,160.12,160.13,160.095,492,160.11,50600,160.115356
2023-03-22 17:51:00+00:00,160.0684,160.15,160.05,730,160.1245,90383,160.103619
2023-03-22 17:52:00+00:00,160.06,160.13,160.06,618,160.065,52694,160.093484
2023-03-22 17:53:00+00:00,160.1199,160.14,160.06,500,160.069,44405,160.097147
2023-03-22 17:54:00+00:00,160.13,160.13,160.075,621,160.11,57150,160.099956
2023-03-22 17:55:00+00:00,160.1315,160.15,160.1,533,160.14,47509,160.130946
2023-03-22 17:56:00+00:00,160.24,160.25,160.12,931,160.135,120328,160.213304
2023-03-22 17:57:00+00:00,160.13,160.26,160.13,713,160.23,70661,160.199879
2023-03-22 17:58:00+00:00,160.1,160.1347,160.06,653,160.13,86563,160.099034
2023-03-22 17:59:00+00:00,160.11,160.17,160.08,802,160.09,81745,160.122463
2023-03-22 18:00:00+00:00,160.88,161.05,160.06,9516,160.11,864351,160.742836
2023-03-22 18:01:00+00:00,160.77,160.9186,160.36,3643,160.86,386343,160.677748
2023-03-22 18:02:00+00:00,160.3,160.7761,160.23,2086,160.7761,242264,160.486589
2023-03-22 18:03:00+00:00,160.7214,160.78,160.28,1661,160.29,239039,160.616702
2023-03-22 18:04:00+00:00,160.8499,161.0,160.72,2291,160.72,294011,160.87217
2023-03-22 18:05:00+00:00,161.13,161.24,160.83,3054,160.83,382076,161.107955
2023-03-22 18:06:00+00:00,161.245,161.52,161.12,3932,161.13,427723,161.379834
2023-03-22 18:07:00+00:00,161.0909,161.24,161.051,1708,161.2399,212488,161.14138
2023-03-22 18:08:00+00:00,160.87,161.13,160.79,2050,161.09,276580,160.975404
2023-03-22 18:09:00+00:00,160.7363,160.92,160.66,1500,160.84,187055,160.805583
2023-03-22 18:10:00+00:00,160.76,160.87,160.62,1884,160.74,214983,160.765786
2023-03-22 18:11:00+00:00,160.595,160.7874,160.45,1947,160.7666,208125,160.639357
2023-03-22 18:12:00+00:00,160.7499,160.9,160.59,1701,160.6,183104,160.772227
2023-03-22 18:13:00+00:00,160.5,160.95,160.32,2585,160.73,288368,160.54794
2023-03-22 18:14:00+00:00,160.5073,160.58,160.28,1696,160.49,181885,160.455243
2023-03-22 18:15:00+00:00,160.705,160.76,160.45,1603,160.5238,151152,160.615037
2023-03-22 18:16:00+00:00,160.65,160.73,160.54,1219,160.71,145755,160.607456
2023-03-22 18:17:00+00:00,160.75,160.79,160.63,1133,160.64,125449,160.710822
2023-03-22 18:18:00+00:00,160.89,160.91,160.69,1407,160.74,168171,160.830577
2023-03-22 18:19:00+00:00,161.07,161.16,160.89,2113,160.9,236875,161.029922
2023-03-22 18:20:00+00:00,160.8617,161.11,160.85,1312,161.08,137696,160.967926
2023-03-22 18:21:00+00:00,160.9425,161.04,160.83,1150,160.87,109979,160.926857
2023-03-22 18:22:00+00:00,160.89,160.94,160.79,1038,160.94,105480,160.85032
2023-03-22 18:23:00+00:00,160.84,160.93,160.76,884,160.8974,108328,160.844139
2023-03-22 18:24:00+00:00,160.75,160.84,160.55,1555,160.83,176935,160.698554
2023-03-22 18:25:00+00:00,160.83,160.8979,160.68,1002,160.73,98136,160.814216
2023-03-22 18:26:00+00:00,160.93,160.97,160.825,1169,160.8401,124107,160.898406
2023-03-22 18:27:00+00:00,161.1099,161.13,160.92,1573,160.94,199926,161.041884
2023-03-22 18:28:00+00:00,161.15,161.21,161.041,1566,161.085,179892,161.127457
2023-03-22 18:29:00+00:00,161.19,161.26,161.1,1496,161.15,146146,161.191442
2023-03-22 18:30:00+00:00,161.0,161.3,160.99,1849,161.195,189638,161.187032
2023-03-22 18:31:00+00:00,161.39,161.58,160.9,3710,160.99,401654,161.369681
2023-03-22 18:32:00+00:00,160.9,161.61,160.89,3272,161.39,338246,161.204356
2023-03-22 18:33:00+00:00,160.82,160.96,160.64,2560,160.9,305306,160.800504
2023-03-22 18:34:00+00:00,160.91,161.06,160.74,1672,160.8,171152,160.930526
2023-03-22 18:35:00+00:00,160.2999,160.92,160.17,3537,160.91,380297,160.487692
2023-03-22 18:36:00+00:00,160.1762,160.38,159.825,4765,160.34,493395,160.06077
2023-03-22 18:37:00+00:00,160.69,160.77,160.0626,3109,160.17,352520,160.49877
2023-03-22 18:38:00+00:00,160.94,161.11,160.67,2382,160.7099,273082,160.909208
2023-03-22 18:39:00+00:00,160.82,160.9466,160.73,1410,160.9466,128893,160.842702
2023-03-22 18:40:00+00:00,161.23,161.31,160.8,3139,160.8113,322150,161.136691
2023-03-22 18:41:00+00:00,161.43,161.49,161.11,2268,161.21,268704,161.282288
2023-03-22 18:42:00+00:00,161.7,161.71,161.32,3442,161.4388,353237,161.549329
2023-03-22 18:43:00+00:00,161.7,161.76,161.44,2370,161.69,275053,161.594395
2023-03-22 18:44:00+00:00,161.47,161.81,161.3,2487,161.69,240873,161.576878
2023-03-22 18:45:00+00:00,161.61,161.67,161.34,2049,161.4656,221915,161.501774
2023-03-22 18:46:00+00:00,161.93,162.0,161.58,3309,161.63,346211,161.862607
2023-03-22 18:47:00+00:00,161.98,162.0,161.8728,4343,161.9301,424392,161.972043
2023-03-22 18:48:00+00:00,162.01,162.14,161.93,2264,161.985,265019,162.040527
2023-03-22 18:49:00+00:00,161.8,162.0699,161.77,2214,162.0,241965,161.882387
2023-03-22 18:50:00+00:00,161.8401,161.9,161.6901,1672,161.8,179159,161.78208
2023-03-22 18:51:00+00:00,161.8265,161.965,161.71,1603,161.86,177063,161.847621
2023-03-22 18:52:00+00:00,161.87,161.97,161.8,1416,161.84,139832,161.892245
2023-03-22 18:53:00+00:00,161.29,161.91,161.22,2606,161.86,283983,161.599146
2023-03-22 18:54:00+00:00,161.16,161.54,161.03,2504,161.3099,289448,161.281817
2023-03-22 18:55:00+00:00,161.1488,161.29,160.978,2056,161.17,231146,161.148111
2023-03-22 18:56:00+00:00,161.03,161.17,160.88,2042,161.17,201690,161.023229
2023-03-22 18:57:00+00:00,160.89,161.19,160.84,1825,161.02,175861,161.01976
2023-03-22 18:58:00+00:00,160.53,160.94,160.44,2872,160.93,324004,160.613589
2023-03-22 18:59:00+00:00,160.3954,160.53,160.23,2575,160.53,267507,160.388777
2023-03-22 19:00:00+00:00,160.45,160.62,160.27,2752,160.39,296221,160.504671
2023-03-22 19:01:00+00:00,160.16,160.52,160.02,2914,160.47,300583,160.218233
2023-03-22 19:02:00+00:00,160.18,160.36,160.01,2143,160.1687,210629,160.196604
2023-03-22 19:03:00+00:00,160.21,160.42,160.11,2362,160.17,239702,160.27776
2023-03-22 19:04:00+00:00,159.58,160.21,159.51,4184,160.2,395129,159.849328
2023-03-22 19:05:00+00:00,159.63,159.8753,159.51,1891,159.58,202450,159.71195
2023-03-22 19:06:00+00:00,159.78,159.82,159.51,2015,159.62,213369,159.677856
2023-03-22 19:07:00+00:00,159.555,159.8,159.5,1697,159.79,184710,159.661647
2023-03-22 19:08:00+00:00,159.26,159.56,159.13,3480,159.54,427275,159.287852
2023-03-22 19:09:00+00:00,159.4201,159.43,159.02,2931,159.3,341544,159.20021
2023-03-22 19:10:00+00:00,159.54,159.74,159.41,2439,159.43,293181,159.608732
2023-03-22 19:11:00+00:00,159.3,159.58,159.25,1831,159.54,211512,159.414632
2023-03-22 19:12:00+00:00,159.4,159.52,159.16,1650,159.31,163079,159.34243
2023-03-22 19:13:00+00:00,159.52,159.61,159.35,1508,159.4,190483,159.512675
2023-03-22 19:14:00+00:00,159.87,160.03,159.5,2574,159.53,287901,159.821923
2023-03-22 19:15:00+00:00,159.98,160.09,159.85,2094,159.85,241483,159.988931
2023-03-22 19:16:00+00:00,160.1999,160.21,159.9,1959,159.9799,235573,160.018533
2023-03-22 19:17:00+00:00,160.31,160.46,160.18,2640,160.19,301630,160.321473
2023-03-22 19:18:00+00:00,160.345,160.37,160.12,1490,160.3199,159312,160.248962
2023-03-22 19:19:00+00:00,160.13,160.3999,160.041,1677,160.34,178760,160.198792
2023-03-22 19:20:00+00:00,160.485,160.49,159.9901,2003,160.118,231905,160.247905
2023-03-22 19:21:00+00:00,160.72,160.89,160.485,3280,160.485,395097,160.717234
2023-03-22 19:22:00+00:00,160.69,160.95,160.6503,1976,160.71,206922,160.763947
2023-03-22 19:23:00+00:00,160.48,160.72,160.37,1887,160.7,214938,160.531732
2023-03-22 19:24:00+00:00,160.4,160.58,160.29,1473,160.47,186799,160.443946
2023-03-22 19:25:00+00:00,160.29,160.49,160.27,1568,160.4,185097,160.39319
2023-03-22 19:26:00+00:00,160.175,160.39,160.09,1481,160.3,141899,160.236672
2023-03-22 19:27:00+00:00,160.3756,160.42,160.08,1354,160.1769,135279,160.263881
2023-03-22 19:28:00+00:00,160.51,160.65,160.3501,1742,160.4,207420,160.51643
2023-03-22 19:29:00+00:00,160.5561,160.62,160.51,1176,160.52,129327,160.570192
2023-03-22 19:30:00+00:00,160.4652,160.68,160.34,1566,160.54,200688,160.515604
2023-03-22 19:31:00+00:00,160.12,160.46,159.99,2434,160.45,270163,160.20165
2023-03-22 19:32:00+00:00,160.155,160.16,159.96,1306,160.12,127560,160.061039
2023-03-22 19:33:00+00:00,160.0,160.2052,159.92,2500,160.16,315991,160.058746
2023-03-22 19:34:00+00:00,159.98,160.02,159.795,1395,160.02,149078,159.912653
2023-03-22 19:35:00+00:00,159.83,160.13,159.82,1414,160.0,156394,160.004765
2023-03-22 19:36:00+00:00,159.75,159.87,159.55,2278,159.83,600916,159.829004
2023-03-22 19:37:00+00:00,159.75,159.84,159.6,1367,159.74,161739,159.70522
2023-03-22 19:38:00+00:00,159.64,159.77,159.53,1587,159.75,157147,159.64691
2023-03-22 19:39:00+00:00,159.74,159.8,159.58,1619,159.63,185096,159.699392
2023-03-22 19:40:00+00:00,159.83,159.92,159.6901,2929,159.75,311941,159.800976
2023-03-22 19:41:00+00:00,159.6524,159.86,159.58,1577,159.83,183419,159.701938
2023-03-22 19:42:00+00:00,159.933,159.97,159.63,1794,159.655,212394,159.790984
2023-03-22 19:43:00+00:00,159.95,160.0,159.71,2294,159.94,269351,159.876666
2023-03-22 19:44:00+00:00,159.52,159.97,159.51,1943,159.9512,190739,159.717621
2023-03-22 19:45:00+00:00,159.2766,159.54,159.2023,3350,159.53,397150,159.387503
2023-03-22 19:46:00+00:00,159.351,159.5,159.15,2549,159.27,297026,159.299744
2023-03-22 19:47:00+00:00,159.3,159.4,159.24,1782,159.355,224015,159.315262
2023-03-22 19:48:00+00:00,159.215,159.302,159.05,2661,159.295,302217,159.185986
2023-03-22 19:49:00+00:00,159.32,159.36,159.06,2164,159.215,247201,159.212742
2023-03-22 19:50:00+00:00,159.15,159.33,159.1,3116,159.31,322694,159.203317
2023-03-22 19:51:00+00:00,159.03,159.21,158.95,4357,159.14,447926,159.027775
2023-03-22 19:52:00+00:00,158.86,159.04,158.83,3612,159.03,383413,158.914942
2023-03-22 19:53:00+00:00,158.88,158.905,158.69,3829,158.865,427753,158.780843
2023-03-22 19:54:00+00:00,158.735,158.915,158.66,3764,158.88,426179,158.784927
2023-03-22 19:55:00+00:00,158.55,158.79,158.305,5669,158.74,619391,158.532818
2023-03-22 19:56:00+00:00,158.76,158.87,158.485,3491,158.54,392354,158.67411
2023-03-22 19:57:00+00:00,158.685,158.8,158.6,2976,158.77,296187,158.710566
2023-03-22 19:58:00+00:00,158.46,158.72,158.42,4004,158.68,426511,158.552775
2023-03-22 19:59:00+00:00,157.815,158.47,157.81,14931,158.47,2626136,158.07367
2023-03-22 20:00:00+00:00,157.96,157.96,157.77,335,157.82,9153464,157.830121
2023-03-22 20:01:00+00:00,157.96,157.98,157.83,216,157.96,53301,157.847618
2023-03-22 20:02:00+00:00,157.95,158.04,157.8504,212,157.98,40357,157.982851
2023-03-22 20:03:00+00:00,157.89,157.93,157.85,108,157.93,7727,157.890856
2023-03-22 20:04:00+00:00,157.5732,157.99,157.5732,199,157.84,41785,157.81244
2023-03-22 20:05:00+00:00,157.63,157.79,157.5901,117,157.5901,22314,157.657439
2023-03-22 20:06:00+00:00,157.71,157.76,157.61,80,157.61,3269,157.667222
2023-03-22 20:07:00+00:00,157.71,157.75,157.67,101,157.71,9867,157.73213
2023-03-22 20:08:00+00:00,157.83,157.83,157.67,155,157.72,72427,157.808497
2023-03-22 20:09:00+00:00,157.82,157.86,157.79,108,157.83,6362,157.822902
2023-03-22 20:10:00+00:00,157.8,157.86,157.77,90,157.86,50760,157.828463
2023-03-22 20:11:00+00:00,157.9,157.9,157.8,76,157.8,4217,157.847434
2023-03-22 20:12:00+00:00,157.89,157.9438,157.89,40,157.9438,1170,157.903864
2023-03-22 20:13:00+00:00,157.89,157.94,157.89,90,157.89,5144,157.90761
2023-03-22 20:14:00+00:00,157.9,157.94,157.82,99,157.88,9164,157.869408
2023-03-22 20:15:00+00:00,157.91,157.92,157.9,94,157.91,5917,157.908611
2023-03-22 20:16:00+00:00,157.91,157.95,157.9,67,157.94,5600,157.919154
2023-03-22 20:17:00+00:00,157.93,157.98,157.93,59,157.9769,4893,157.967099
2023-03-22 20:18:00+00:00,157.98,157.98,157.94,38,157.9799,813,157.963106
2023-03-22 20:19:00+00:00,157.94,157.97,157.94,78,157.94,4709,157.94586
2023-03-22 20:20:00+00:00,157.9,157.9691,157.9,91,157.9691,4593,157.938045
2023-03-22 20:21:00+00:00,157.8401,157.96,157.8401,70,157.91,3326,157.882695
2023-03-22 20:22:00+00:00,157.73,157.8932,157.72,152,157.86,20302,157.795323
2023-03-22 20:23:00+00:00,157.8,157.88,157.74,82,157.74,3607,157.81784
2023-03-22 20:24:00+00:00,157.8,157.83,157.76,99,157.76,5085,157.799109
2023-03-22 20:25:00+00:00,157.79,157.88,157.76,61,157.81,2454,157.804633
2023-03-22 20:26:00+00:00,157.91,157.94,157.78,50,157.78,2200,157.858798
2023-03-22 20:28:00+00:00,157.9,157.9388,157.9,41,157.91,1709,157.907821
2023-03-22 20:29:00+00:00,157.93,157.93,157.93,29,157.93,386,157.922005
2023-03-22 20:30:00+00:00,157.93,157.93,157.93,37,157.93,514,157.927237
2023-03-22 20:31:00+00:00,157.91,157.92,157.91,34,157.92,1449,157.916781
2023-03-22 20:32:00+00:00,157.9,157.93,157.85,67,157.91,4731,157.895709
2023-03-22 20:33:00+00:00,157.94,157.98,157.88,75,157.88,2841,157.940929
2023-03-22 20:34:00+00:00,158.04,158.16,157.97,131,157.9882,11066,158.069025
2023-03-22 20:35:00+00:00,157.83,158.1,157.83,30,158.0501,17025,157.853221
2023-03-22 20:36:00+00:00,158.11,158.12,158.11,59,158.12,1608,158.098361
2023-03-22 20:37:00+00:00,158.1,158.11,158.1,29,158.1,823,158.092829
2023-03-22 20:38:00+00:00,158.2,158.2,157.99,132,158.09,6169,158.087515
2023-03-22 20:39:00+00:00,158.02,158.15,158.02,74,158.15,3022,158.104924
2023-03-22 20:40:00+00:00,157.92,158.06,157.92,69,158.04,1449,158.000523
2023-03-22 20:41:00+00:00,157.99,157.99,157.99,29,157.99,662,157.984437
2023-03-22 20:42:00+00:00,158.09,158.09,157.99,56,157.99,2044,158.041089
2023-03-22 20:43:00+00:00,158.02,158.15,158.02,60,158.146,3268,158.079439
2023-03-22 20:44:00+00:00,157.94,158.04,157.94,54,158.04,2376,157.984609
2023-03-22 20:45:00+00:00,158.08,158.08,157.9,49,157.9,6635,157.987437
2023-03-22 20:46:00+00:00,158.15,158.15,158.06,60,158.06,1694,158.128802
2023-03-22 20:47:00+00:00,158.1088,158.1088,158.1,57,158.1,1229,158.051009
2023-03-22 20:48:00+00:00,157.87,157.99,157.87,68,157.99,2707,157.922131
2023-03-22 20:49:00+00:00,157.97,157.97,157.88,41,157.88,2267,157.90775
2023-03-22 20:50:00+00:00,158.08,158.08,157.91,89,157.95,3084,157.975509
2023-03-22 20:52:00+00:00,158.13,158.13,158.02,22,158.02,931,158.070091
2023-03-22 20:53:00+00:00,158.0,158.01,158.0,52,158.01,1082,158.011829
2023-03-22 20:54:00+00:00,158.0449,158.0449,158.0449,26,158.0449,806,158.004351
2023-03-22 20:55:00+00:00,157.95,158.07,157.95,62,158.05,1447,158.003181
2023-03-22 20:56:00+00:00,158.0,158.01,157.95,32,158.009,1942,157.99705
2023-03-22 20:57:00+00:00,157.99,157.99,157.99,12,157.99,386,157.978912
2023-03-22 20:58:00+00:00,157.99,158.02,157.99,44,157.99,2176,157.992119
2023-03-22 20:59:00+00:00,158.0,158.035,157.99,67,157.99,2625,158.001346
2023-03-22 21:00:00+00:00,157.99,158.08,157.99,24,158.08,6151850,157.83004
2023-03-22 21:01:00+00:00,158.01,158.08,158.01,34,158.03,1758,158.048015
2023-03-22 21:02:00+00:00,158.05,158.06,157.96,32,158.01,1991,158.000088
2023-03-22 21:03:00+00:00,158.0,158.04,157.99,45,158.0,2405,158.001428
2023-03-22 21:04:00+00:00,157.99,157.99,157.99,27,157.99,798,157.998001
2023-03-22 21:05:00+00:00,158.02,158.02,157.99,20,157.99,544,158.01312
2023-03-22 21:06:00+00:00,158.06,158.07,158.06,31,158.06,1049,158.055767
2023-03-22 21:07:00+00:00,158.06,158.08,158.06,31,158.06,1259,158.070735
2023-03-22 21:08:00+00:00,158.05,158.06,158.05,24,158.06,718,158.048366
2023-03-22 21:09:00+00:00,158.01,158.07,158.01,23,158.07,1038,158.029959
2023-03-22 21:10:00+00:00,158.0,158.02,157.99,45,158.0,2252,157.999112
2023-03-22 21:11:00+00:00,157.96,158.0,157.96,39,157.99,3082,157.979956
2023-03-22 21:12:00+00:00,157.98,158.0,157.96,68,157.96,7289,157.966142
2023-03-22 21:13:00+00:00,158.0,158.0,157.96,17,157.98,1012,157.976966
2023-03-22 21:15:00+00:00,158.05,158.05,158.0,23,158.0,357,158.015938
2023-03-22 21:16:00+00:00,157.95,158.0481,157.94,45,158.0481,6968,157.963213
2023-03-22 21:17:00+00:00,157.97,157.97,157.97,15,157.97,193,157.969559
2023-03-22 21:18:00+00:00,157.95,157.95,157.95,33,157.95,2604,157.951684
2023-03-22 21:19:00+00:00,158.0,158.0,157.91,16,157.91,531,157.971547
2023-03-22 21:20:00+00:00,157.99,157.99,157.99,16,157.99,261,157.979897
2023-03-22 21:21:00+00:00,157.99,157.99,157.99,14,157.99,316,157.976672
2023-03-22 21:23:00+00:00,157.93,157.96,157.93,26,157.96,639,157.951182
2023-03-22 21:24:00+00:00,157.98,157.98,157.98,14,157.98,506,157.978458
2023-03-22 21:25:00+00:00,157.99,157.99,157.99,41,157.99,540,157.983193
2023-03-22 21:26:00+00:00,157.98,157.98,157.98,16,157.98,749,157.977829
2023-03-22 21:28:00+00:00,157.99,157.99,157.95,47,157.95,2570,157.970805
2023-03-22 21:29:00+00:00,157.9401,157.9401,157.9401,18,157.9401,608,157.940714
2023-03-22 21:30:00+00:00,157.95,157.95,157.95,38,157.95,1591,157.952419
2023-03-22 21:31:00+00:00,157.93,157.9308,157.93,22,157.9308,546,157.945871
2023-03-22 21:33:00+00:00,157.97,157.99,157.97,51,157.99,966,157.979512
2023-03-22 21:37:00+00:00,157.97,158.03,157.97,23,158.02,2416,158.017901
2023-03-22 21:38:00+00:00,158.0,158.0,158.0,22,158.0,232,158.00278
2023-03-22 21:40:00+00:00,158.05,158.05,158.05,42,158.05,229,158.030459
2023-03-22 21:41:00+00:00,158.0,158.03,158.0,22,158.0,1333,158.003113
2023-03-22 21:42:00+00:00,158.03,158.03,158.03,15,158.03,1073,158.028816
2023-03-22 21:45:00+00:00,158.05,158.05,157.98,23,158.05,790,158.038158
2023-03-22 21:46:00+00:00,157.9701,157.9701,157.9701,13,157.9701,279,157.996648
2023-03-22 21:47:00+00:00,158.05,158.0546,158.05,26,158.0546,612,158.035139
2023-03-22 21:50:00+00:00,158.0,158.0,158.0,19,158.0,324,158.004167
2023-03-22 21:51:00+00:00,158.01,158.03,158.01,14,158.03,844,158.018703
2023-03-22 21:52:00+00:00,158.06,158.06,157.98,46,158.0101,4007,158.013783
2023-03-22 21:53:00+00:00,158.08,158.08,158.07,30,158.0786,2644,158.080668
2023-03-22 21:55:00+00:00,158.06,158.1,158.06,17,158.1,469,158.080458
2023-03-22 21:56:00+00:00,158.06,158.06,158.06,15,158.06,341,158.072419
2023-03-22 21:57:00+00:00,158.05,158.05,158.05,15,158.05,832,158.046665
2023-03-22 21:58:00+00:00,158.01,158.03,158.01,27,158.03,1072,158.020374
2023-03-22 21:59:00+00:00,158.0,158.02,158.0,18,158.02,1636,158.007265
2023-03-22 22:00:00+00:00,157.95,158.0,157.95,32,158.0,2374,157.974396
2023-03-22 22:01:00+00:00,158.05,158.05,157.93,25,157.95,138461,157.83271
2023-03-22 22:03:00+00:00,158.02,158.08,158.02,24,158.0699,1248,158.061943
2023-03-22 22:05:00+00:00,158.09,158.09,158.09,10,158.09,1042,158.091852
2023-03-22 22:06:00+00:00,158.14,158.14,158.14,23,158.14,622,158.138272
2023-03-22 22:07:00+00:00,158.1,158.1499,158.1,18,158.1499,952,158.118535
2023-03-22 22:08:00+00:00,158.12,158.12,158.1,26,158.1,1033,158.104192
2023-03-22 22:09:00+00:00,158.16,158.16,158.11,41,158.11,2733,158.131714
2023-03-22 22:11:00+00:00,158.2,158.2,158.16,23,158.16,1023,158.180699
2023-03-22 22:13:00+00:00,158.15,158.15,158.15,29,158.15,674,158.150653
2023-03-22 22:14:00+00:00,158.12,158.12,158.12,24,158.12,285,158.131982
2023-03-22 22:16:00+00:00,158.15,158.15,158.1,15,158.1,528,158.126563
2023-03-22 22:18:00+00:00,158.13,158.13,158.13,13,158.13,251,158.130558
2023-03-22 22:19:00+00:00,158.13,158.13,158.13,13,158.13,427,158.129895
2023-03-22 22:21:00+00:00,158.13,158.13,158.13,12,158.13,236,158.129153
2023-03-22 22:22:00+00:00,158.2,158.2,158.15,39,158.15,2701,158.168695
2023-03-22 22:24:00+00:00,158.12,158.18,158.12,27,158.18,1850,158.1485
2023-03-22 22:25:00+00:00,158.08,158.09,158.08,16,158.09,2667,158.084514
2023-03-22 22:26:00+00:00,158.09,158.09,158.05,10,158.05,211,158.070498
2023-03-22 22:27:00+00:00,158.08,158.08,158.08,17,158.08,1145,158.080223
2023-03-22 22:28:00+00:00,158.03,158.03,158.03,14,158.03,276,158.035091
2023-03-22 22:30:00+00:00,158.03,158.03,158.03,15,158.03,706,158.048435
2023-03-22 22:31:00+00:00,158.17,158.2,158.17,43,158.2,920,158.183576
2023-03-22 22:32:00+00:00,158.27,158.27,158.21,29,158.22,953,158.230252
2023-03-22 22:33:00+00:00,158.25,158.25,158.25,21,158.25,267,158.240468
2023-03-22 22:34:00+00:00,158.21,158.21,158.2,58,158.21,1678,158.216862
2023-03-22 22:36:00+00:00,158.22,158.22,158.22,13,158.22,683,158.221223
2023-03-22 22:37:00+00:00,158.22,158.22,158.22,20,158.22,1523,158.221542
2023-03-22 22:38:00+00:00,158.22,158.24,158.22,23,158.22,1482,158.227611
2023-03-22 22:39:00+00:00,158.23,158.24,158.23,23,158.24,519,158.235857
2023-03-22 22:40:00+00:00,158.25,158.25,158.24,18,158.24,2088,158.248015
2023-03-22 22:41:00+00:00,158.35,158.35,158.28,37,158.28,1070,158.303486
2023-03-22 22:42:00+00:00,158.31,158.38,158.31,36,158.38,1392,158.338908
2023-03-22 22:43:00+00:00,158.23,158.35,158.23,32,158.35,1842,158.298944
2023-03-22 22:44:00+00:00,158.23,158.37,158.22,18,158.22,1068,158.240618
2023-03-22 22:45:00+00:00,158.12,158.21,158.12,38,158.21,1250,158.176952
2023-03-22 22:46:00+00:00,158.15,158.15,158.15,21,158.15,217,158.170507
2023-03-22 22:48:00+00:00,158.18,158.2,158.18,28,158.2,488,158.197664
2023-03-22 22:50:00+00:00,158.17,158.17,158.14,30,158.17,1149,158.154343
2023-03-22 22:51:00+00:00,158.16,158.16,158.16,14,158.16,270,158.152833
2023-03-22 22:52:00+00:00,158.11,158.12,158.11,13,158.12,786,158.113906
2023-03-22 22:53:00+00:00,158.17,158.17,158.17,9,158.17,297,158.186566
2023-03-22 22:54:00+00:00,158.22,158.22,158.22,17,158.22,402,158.220896
2023-03-22 22:55:00+00:00,158.23,158.23,158.23,10,158.23,304,158.217796
2023-03-22 22:56:00+00:00,158.28,158.28,158.25,18,158.25,400,158.263075
2023-03-22 22:57:00+00:00,158.25,158.28,158.25,9,158.28,652,158.271595
2023-03-22 22:58:00+00:00,158.28,158.28,158.28,13,158.28,374,158.277928
2023-03-22 22:59:00+00:00,158.19,158.26,158.19,19,158.26,765,158.22732
2023-03-22 23:00:00+00:00,158.13,158.2,158.13,31,158.2,2959,158.163893
2023-03-22 23:01:00+00:00,158.11,158.11,158.11,4,158.11,308,158.111071
2023-03-22 23:02:00+00:00,158.17,158.17,158.06,35,158.12,3853,158.096016
2023-03-22 23:04:00+00:00,158.07,158.07,158.07,11,158.07,134,158.093172
2023-03-22 23:08:00+00:00,158.11,158.15,158.11,31,158.11,1377,158.125988
2023-03-22 23:09:00+00:00,158.18,158.18,158.18,22,158.18,451,158.1651
2023-03-22 23:13:00+00:00,158.15,158.15,158.15,18,158.15,607,158.154316
2023-03-22 23:16:00+00:00,158.29,158.29,158.21,20,158.21,764,158.229771
2023-03-22 23:20:00+00:00,158.28,158.28,158.28,7,158.28,408,158.27924
2023-03-22 23:21:00+00:00,158.25,158.25,158.25,14,158.25,121,158.251364
2023-03-22 23:23:00+00:00,158.22,158.22,158.22,19,158.22,364,158.221841
2023-03-22 23:24:00+00:00,158.2,158.2,158.2,11,158.2,147,158.198367
2023-03-22 23:25:00+00:00,158.2,158.21,158.2,13,158.2,714,158.201204
2023-03-22 23:26:00+00:00,158.21,158.21,158.21,9,158.21,208,158.207308
2023-03-22 23:27:00+00:00,158.22,158.22,158.22,26,158.22,534,158.246517
2023-03-22 23:30:00+00:00,158.28,158.34,158.28,26,158.3,854,158.308367
2023-03-22 23:32:00+00:00,158.28,158.28,158.28,11,158.28,360,158.285444
2023-03-22 23:33:00+00:00,158.3,158.3,158.3,11,158.3,349,158.298496
2023-03-22 23:34:00+00:00,158.25,158.32,158.25,12,158.32,1030,158.303752
2023-03-22 23:35:00+00:00,158.25,158.25,158.25,10,158.25,181,158.247182
2023-03-22 23:36:00+00:00,158.25,158.25,158.25,16,158.25,480,158.245792
2023-03-22 23:38:00+00:00,158.2,158.23,158.2,13,158.23,1064,158.218153
2023-03-22 23:43:00+00:00,158.24,158.24,158.24,20,158.24,418,158.252691
2023-03-22 23:44:00+00:00,158.29,158.29,158.29,16,158.29,263,158.262529
2023-03-22 23:45:00+00:00,158.23,158.23,158.23,8,158.23,389,158.242686
2023-03-22 23:46:00+00:00,158.23,158.23,158.23,10,158.23,160,158.2435
2023-03-22 23:47:00+00:00,158.29,158.29,158.29,10,158.29,489,158.28773
2023-03-22 23:48:00+00:00,158.25,158.25,158.25,17,158.25,350,158.252
2023-03-22 23:49:00+00:00,158.3499,158.3499,158.25,38,158.25,2243,158.300745
2023-03-22 23:50:00+00:00,158.35,158.35,158.35,24,158.35,852,158.337195
2023-03-22 23:51:00+00:00,158.47,158.47,158.36,34,158.36,1871,158.395361
2023-03-22 23:52:00+00:00,158.37,158.45,158.37,20,158.45,510,158.429049
2023-03-22 23:53:00+00:00,158.45,158.45,158.42,40,158.42,1009,158.445119
2023-03-22 23:54:00+00:00,158.46,158.46,158.46,22,158.46,574,158.458449
2023-03-22 23:56:00+00:00,158.47,158.47,158.45,35,158.45,1153,158.470143
2023-03-22 23:57:00+00:00,158.44,158.48,158.44,38,158.48,2530,158.455628
2023-03-22 23:58:00+00:00,158.45,158.5,158.45,31,158.5,2655,158.489403
2023-03-22 23:59:00+00:00,158.42,158.7,158.42,87,158.44,10295,158.58482
